#rtt sig_str x y
199672 -40 -4.98 29.84
200365 -40 -4.98 29.84
199357 -40 -4.98 29.84
201694 -40 -4.98 29.84
199276 -40 -4.98 29.84
202664 -40 -4.98 29.84
201180 -40 -4.98 29.84
199984 -40 -4.98 29.84
201107 -40 -4.98 29.84
204672 -40 -4.98 29.84
199368 -40 -4.98 29.84
204741 -40 -4.98 29.84
201738 -40 -4.98 29.84
199332 -40 -4.98 29.84
200784 -40 -4.98 29.84
199698 -40 -4.98 29.84
197876 -40 -4.98 29.84
198989 -40 -4.98 29.84
197954 -40 -4.98 29.84
198024 -40 -4.98 29.84
204624 -40 -4.98 29.84
198676 -40 -4.98 29.84
197775 -40 -4.98 29.84
196185 -40 -4.98 29.84
202642 -40 -4.98 29.84
198158 -40 -4.98 29.84
200648 -40 -4.98 29.84
201609 -40 -4.98 29.84
199265 -40 -4.98 29.84
201092 -40 -4.98 29.84
202123 -40 -4.98 29.84
199538 -40 -4.98 29.84
202866 -40 -4.98 29.84
198082 -40 -4.98 29.84
200540 -40 -4.98 29.84
200829 -40 -4.98 29.84
202424 -40 -4.98 29.84
199640 -40 -4.98 29.84
194860 -40 -4.98 29.84
179173 -40 13.22 25.96
181638 -40 13.22 25.96
183153 -40 13.22 25.96
184267 -40 13.22 25.96
185453 -40 13.22 25.96
182877 -40 13.22 25.96
181620 -40 13.22 25.96
188281 -40 13.22 25.96
184692 -40 13.22 25.96
181568 -40 13.22 25.96
180909 -40 13.22 25.96
182397 -40 13.22 25.96
183079 -40 13.22 25.96
185153 -40 13.22 25.96
178618 -40 13.22 25.96
186045 -40 13.22 25.96
184728 -40 13.22 25.96
186028 -40 13.22 25.96
185276 -40 13.22 25.96
185287 -40 13.22 25.96
185427 -40 13.22 25.96
182637 -40 13.22 25.96
181079 -40 13.22 25.96
179417 -40 13.22 25.96
188130 -40 13.22 25.96
182146 -40 13.22 25.96
181427 -40 13.22 25.96
178311 -40 13.22 25.96
181380 -40 13.22 25.96
184858 -40 13.22 25.96
179559 -40 13.22 25.96
181010 -40 13.22 25.96
183406 -40 13.22 25.96
184722 -40 13.22 25.96
183591 -40 13.22 25.96
185125 -40 13.22 25.96
178961 -40 13.22 25.96
183292 -40 13.22 25.96
180922 -40 13.22 25.96
250887 -40 -30 -22.32
252591 -40 -30 -22.32
251925 -40 -30 -22.32
257019 -40 -30 -22.32
250974 -40 -30 -22.32
250328 -40 -30 -22.32
249433 -40 -30 -22.32
254254 -40 -30 -22.32
250107 -40 -30 -22.32
255095 -40 -30 -22.32
253730 -40 -30 -22.32
248985 -40 -30 -22.32
248918 -40 -30 -22.32
253526 -40 -30 -22.32
247872 -40 -30 -22.32
250091 -40 -30 -22.32
252357 -40 -30 -22.32
250699 -40 -30 -22.32
255223 -40 -30 -22.32
252416 -40 -30 -22.32
254775 -40 -30 -22.32
252230 -40 -30 -22.32
254627 -40 -30 -22.32
251545 -40 -30 -22.32
253568 -40 -30 -22.32
252392 -40 -30 -22.32
250609 -40 -30 -22.32
251754 -40 -30 -22.32
251928 -40 -30 -22.32
255500 -40 -30 -22.32
253530 -40 -30 -22.32
254096 -40 -30 -22.32
248707 -40 -30 -22.32
247420 -40 -30 -22.32
248388 -40 -30 -22.32
255690 -40 -30 -22.32
256286 -40 -30 -22.32
250325 -40 -30 -22.32
250428 -40 -30 -22.32
210185 -40 -11.86 29.95
209502 -40 -11.86 29.95
209151 -40 -11.86 29.95
209048 -40 -11.86 29.95
209908 -40 -11.86 29.95
210317 -40 -11.86 29.95
212093 -40 -11.86 29.95
204114 -40 -11.86 29.95
210346 -40 -11.86 29.95
204625 -40 -11.86 29.95
212853 -40 -11.86 29.95
210854 -40 -11.86 29.95
213435 -40 -11.86 29.95
212466 -40 -11.86 29.95
211543 -40 -11.86 29.95
213738 -40 -11.86 29.95
206429 -40 -11.86 29.95
208908 -40 -11.86 29.95
212797 -40 -11.86 29.95
207757 -40 -11.86 29.95
210066 -40 -11.86 29.95
210821 -40 -11.86 29.95
208391 -40 -11.86 29.95
211517 -40 -11.86 29.95
206779 -40 -11.86 29.95
212458 -40 -11.86 29.95
208874 -40 -11.86 29.95
212228 -40 -11.86 29.95
214730 -40 -11.86 29.95
212255 -40 -11.86 29.95
207629 -40 -11.86 29.95
210191 -40 -11.86 29.95
213510 -40 -11.86 29.95
204464 -40 -11.86 29.95
209967 -40 -11.86 29.95
210690 -40 -11.86 29.95
207884 -40 -11.86 29.95
208446 -40 -11.86 29.95
210253 -40 -11.86 29.95
177606 -40 -21.2 -15.84
168690 -40 -21.2 -15.84
167127 -40 -21.2 -15.84
170189 -40 -21.2 -15.84
170761 -40 -21.2 -15.84
170842 -40 -21.2 -15.84
173241 -40 -21.2 -15.84
165535 -40 -21.2 -15.84
166869 -40 -21.2 -15.84
172977 -40 -21.2 -15.84
173013 -40 -21.2 -15.84
171492 -40 -21.2 -15.84
170450 -40 -21.2 -15.84
174999 -40 -21.2 -15.84
173900 -40 -21.2 -15.84
171458 -40 -21.2 -15.84
169866 -40 -21.2 -15.84
169673 -40 -21.2 -15.84
175438 -40 -21.2 -15.84
169340 -40 -21.2 -15.84
168558 -40 -21.2 -15.84
168674 -40 -21.2 -15.84
170097 -40 -21.2 -15.84
171924 -40 -21.2 -15.84
171050 -40 -21.2 -15.84
171566 -40 -21.2 -15.84
172247 -40 -21.2 -15.84
172848 -40 -21.2 -15.84
167030 -40 -21.2 -15.84
176366 -40 -21.2 -15.84
172053 -40 -21.2 -15.84
173297 -40 -21.2 -15.84
170075 -40 -21.2 -15.84
169601 -40 -21.2 -15.84
169782 -40 -21.2 -15.84
171409 -40 -21.2 -15.84
171733 -40 -21.2 -15.84
166948 -40 -21.2 -15.84
169018 -40 -21.2 -15.84
158793 -40 -24.46 -6.21
164901 -40 -24.46 -6.21
162602 -40 -24.46 -6.21
160797 -40 -24.46 -6.21
160075 -40 -24.46 -6.21
164398 -40 -24.46 -6.21
162054 -40 -24.46 -6.21
161575 -40 -24.46 -6.21
162368 -40 -24.46 -6.21
163413 -40 -24.46 -6.21
159491 -40 -24.46 -6.21
156224 -40 -24.46 -6.21
159214 -40 -24.46 -6.21
165510 -40 -24.46 -6.21
160863 -40 -24.46 -6.21
158919 -40 -24.46 -6.21
161676 -40 -24.46 -6.21
158358 -40 -24.46 -6.21
162351 -40 -24.46 -6.21
163361 -40 -24.46 -6.21
163398 -40 -24.46 -6.21
158362 -40 -24.46 -6.21
161526 -40 -24.46 -6.21
158224 -40 -24.46 -6.21
165354 -40 -24.46 -6.21
157265 -40 -24.46 -6.21
160886 -40 -24.46 -6.21
160160 -40 -24.46 -6.21
163389 -40 -24.46 -6.21
156275 -40 -24.46 -6.21
162336 -40 -24.46 -6.21
157912 -40 -24.46 -6.21
161578 -40 -24.46 -6.21
158030 -40 -24.46 -6.21
162466 -40 -24.46 -6.21
158003 -40 -24.46 -6.21
160648 -40 -24.46 -6.21
158291 -40 -24.46 -6.21
163303 -40 -24.46 -6.21
134017 -40 -18.83 -6.73
134163 -40 -18.83 -6.73
136385 -40 -18.83 -6.73
130652 -40 -18.83 -6.73
129387 -40 -18.83 -6.73
135816 -40 -18.83 -6.73
132277 -40 -18.83 -6.73
135031 -40 -18.83 -6.73
132557 -40 -18.83 -6.73
132611 -40 -18.83 -6.73
134693 -40 -18.83 -6.73
137290 -40 -18.83 -6.73
132212 -40 -18.83 -6.73
134789 -40 -18.83 -6.73
137228 -40 -18.83 -6.73
132914 -40 -18.83 -6.73
128374 -40 -18.83 -6.73
133427 -40 -18.83 -6.73
128922 -40 -18.83 -6.73
135647 -40 -18.83 -6.73
135458 -40 -18.83 -6.73
139470 -40 -18.83 -6.73
133136 -40 -18.83 -6.73
136593 -40 -18.83 -6.73
134617 -40 -18.83 -6.73
137372 -40 -18.83 -6.73
133231 -40 -18.83 -6.73
136557 -40 -18.83 -6.73
132951 -40 -18.83 -6.73
133291 -40 -18.83 -6.73
128086 -40 -18.83 -6.73
136720 -40 -18.83 -6.73
137806 -40 -18.83 -6.73
135191 -40 -18.83 -6.73
134510 -40 -18.83 -6.73
133047 -40 -18.83 -6.73
132770 -40 -18.83 -6.73
135349 -40 -18.83 -6.73
130035 -40 -18.83 -6.73
87361 -40 -9.27 10.19
91576 -40 -9.27 10.19
86819 -40 -9.27 10.19
86973 -40 -9.27 10.19
90942 -40 -9.27 10.19
94223 -40 -9.27 10.19
88070 -40 -9.27 10.19
89213 -40 -9.27 10.19
89229 -40 -9.27 10.19
88595 -40 -9.27 10.19
89853 -40 -9.27 10.19
88497 -40 -9.27 10.19
86305 -40 -9.27 10.19
87711 -40 -9.27 10.19
93233 -40 -9.27 10.19
87334 -40 -9.27 10.19
91458 -40 -9.27 10.19
88877 -40 -9.27 10.19
88742 -40 -9.27 10.19
82349 -40 -9.27 10.19
89113 -40 -9.27 10.19
86777 -40 -9.27 10.19
94716 -40 -9.27 10.19
86528 -40 -9.27 10.19
90490 -40 -9.27 10.19
88918 -40 -9.27 10.19
86360 -40 -9.27 10.19
87957 -40 -9.27 10.19
88930 -40 -9.27 10.19
89380 -40 -9.27 10.19
88378 -40 -9.27 10.19
92765 -40 -9.27 10.19
90114 -40 -9.27 10.19
92676 -40 -9.27 10.19
89552 -40 -9.27 10.19
93152 -40 -9.27 10.19
83418 -40 -9.27 10.19
85937 -40 -9.27 10.19
90305 -40 -9.27 10.19
179873 -40 -6.19 26.14
177603 -40 -6.19 26.14
176223 -40 -6.19 26.14
175922 -40 -6.19 26.14
176735 -40 -6.19 26.14
180127 -40 -6.19 26.14
179239 -40 -6.19 26.14
179219 -40 -6.19 26.14
180425 -40 -6.19 26.14
178932 -40 -6.19 26.14
180849 -40 -6.19 26.14
175882 -40 -6.19 26.14
180065 -40 -6.19 26.14
183017 -40 -6.19 26.14
175400 -40 -6.19 26.14
176392 -40 -6.19 26.14
176870 -40 -6.19 26.14
179594 -40 -6.19 26.14
179553 -40 -6.19 26.14
174452 -40 -6.19 26.14
183574 -40 -6.19 26.14
177675 -40 -6.19 26.14
175671 -40 -6.19 26.14
183518 -40 -6.19 26.14
176364 -40 -6.19 26.14
181828 -40 -6.19 26.14
177704 -40 -6.19 26.14
173921 -40 -6.19 26.14
178409 -40 -6.19 26.14
177620 -40 -6.19 26.14
178287 -40 -6.19 26.14
181850 -40 -6.19 26.14
177393 -40 -6.19 26.14
181084 -40 -6.19 26.14
178820 -40 -6.19 26.14
181369 -40 -6.19 26.14
177337 -40 -6.19 26.14
176809 -40 -6.19 26.14
174656 -40 -6.19 26.14
137255 -40 2.33 20.78
133496 -40 2.33 20.78
133395 -40 2.33 20.78
137272 -40 2.33 20.78
135565 -40 2.33 20.78
130076 -40 2.33 20.78
131303 -40 2.33 20.78
130089 -40 2.33 20.78
134857 -40 2.33 20.78
136330 -40 2.33 20.78
136350 -40 2.33 20.78
136482 -40 2.33 20.78
131284 -40 2.33 20.78
135120 -40 2.33 20.78
129794 -40 2.33 20.78
139307 -40 2.33 20.78
135836 -40 2.33 20.78
132954 -40 2.33 20.78
134072 -40 2.33 20.78
137378 -40 2.33 20.78
136944 -40 2.33 20.78
130607 -40 2.33 20.78
135959 -40 2.33 20.78
136133 -40 2.33 20.78
133546 -40 2.33 20.78
137473 -40 2.33 20.78
135593 -40 2.33 20.78
139530 -40 2.33 20.78
134662 -40 2.33 20.78
140454 -40 2.33 20.78
138689 -40 2.33 20.78
133777 -40 2.33 20.78
136620 -40 2.33 20.78
136929 -40 2.33 20.78
135371 -40 2.33 20.78
134030 -40 2.33 20.78
134159 -40 2.33 20.78
139419 -40 2.33 20.78
129475 -40 2.33 20.78
