#rtt sig_str x y
125358 -40 -3.84 -18.9
124922 -40 -3.84 -18.9
127113 -40 -3.84 -18.9
123358 -40 -3.84 -18.9
125038 -40 -3.84 -18.9
123496 -40 -3.84 -18.9
122408 -40 -3.84 -18.9
128222 -40 -3.84 -18.9
123351 -40 -3.84 -18.9
127596 -40 -3.84 -18.9
124408 -40 -3.84 -18.9
123984 -40 -3.84 -18.9
125326 -40 -3.84 -18.9
127822 -40 -3.84 -18.9
122337 -40 -3.84 -18.9
125992 -40 -3.84 -18.9
127244 -40 -3.84 -18.9
123840 -40 -3.84 -18.9
123882 -40 -3.84 -18.9
127245 -40 -3.84 -18.9
129729 -40 -3.84 -18.9
128021 -40 -3.84 -18.9
128918 -40 -3.84 -18.9
124737 -40 -3.84 -18.9
125954 -40 -3.84 -18.9
128350 -40 -3.84 -18.9
127326 -40 -3.84 -18.9
128542 -40 -3.84 -18.9
124134 -40 -3.84 -18.9
128313 -40 -3.84 -18.9
124984 -40 -3.84 -18.9
121937 -40 -3.84 -18.9
128244 -40 -3.84 -18.9
124124 -40 -3.84 -18.9
126280 -40 -3.84 -18.9
123409 -40 -3.84 -18.9
123057 -40 -3.84 -18.9
130831 -40 -3.84 -18.9
124896 -40 -3.84 -18.9
256375 -40 -28.45 25.9
250016 -40 -28.45 25.9
256300 -40 -28.45 25.9
252874 -40 -28.45 25.9
252211 -40 -28.45 25.9
253946 -40 -28.45 25.9
253269 -40 -28.45 25.9
252682 -40 -28.45 25.9
255909 -40 -28.45 25.9
259115 -40 -28.45 25.9
257209 -40 -28.45 25.9
253998 -40 -28.45 25.9
257181 -40 -28.45 25.9
253018 -40 -28.45 25.9
255231 -40 -28.45 25.9
258699 -40 -28.45 25.9
254262 -40 -28.45 25.9
257140 -40 -28.45 25.9
254268 -40 -28.45 25.9
257060 -40 -28.45 25.9
253113 -40 -28.45 25.9
254628 -40 -28.45 25.9
258201 -40 -28.45 25.9
255267 -40 -28.45 25.9
257373 -40 -28.45 25.9
252815 -40 -28.45 25.9
254402 -40 -28.45 25.9
252839 -40 -28.45 25.9
253258 -40 -28.45 25.9
253947 -40 -28.45 25.9
258093 -40 -28.45 25.9
255103 -40 -28.45 25.9
258176 -40 -28.45 25.9
251315 -40 -28.45 25.9
257323 -40 -28.45 25.9
252285 -40 -28.45 25.9
254253 -40 -28.45 25.9
253315 -40 -28.45 25.9
253095 -40 -28.45 25.9
178690 -40 2.98 26.87
179153 -40 2.98 26.87
177828 -40 2.98 26.87
177823 -40 2.98 26.87
174840 -40 2.98 26.87
172751 -40 2.98 26.87
177941 -40 2.98 26.87
182279 -40 2.98 26.87
173794 -40 2.98 26.87
173962 -40 2.98 26.87
171066 -40 2.98 26.87
176912 -40 2.98 26.87
177562 -40 2.98 26.87
180162 -40 2.98 26.87
170169 -40 2.98 26.87
175663 -40 2.98 26.87
178895 -40 2.98 26.87
176546 -40 2.98 26.87
171165 -40 2.98 26.87
179925 -40 2.98 26.87
171019 -40 2.98 26.87
180304 -40 2.98 26.87
175358 -40 2.98 26.87
179684 -40 2.98 26.87
173730 -40 2.98 26.87
175423 -40 2.98 26.87
177485 -40 2.98 26.87
178622 -40 2.98 26.87
177443 -40 2.98 26.87
171450 -40 2.98 26.87
177386 -40 2.98 26.87
173339 -40 2.98 26.87
176845 -40 2.98 26.87
175899 -40 2.98 26.87
172284 -40 2.98 26.87
176284 -40 2.98 26.87
173727 -40 2.98 26.87
177002 -40 2.98 26.87
179751 -40 2.98 26.87
26922 -40 -3.88 -0.92
26752 -40 -3.88 -0.92
23813 -40 -3.88 -0.92
31837 -40 -3.88 -0.92
27539 -40 -3.88 -0.92
34280 -40 -3.88 -0.92
31435 -40 -3.88 -0.92
26986 -40 -3.88 -0.92
21918 -40 -3.88 -0.92
29680 -40 -3.88 -0.92
25512 -40 -3.88 -0.92
24447 -40 -3.88 -0.92
24250 -40 -3.88 -0.92
24475 -40 -3.88 -0.92
30598 -40 -3.88 -0.92
30146 -40 -3.88 -0.92
27213 -40 -3.88 -0.92
31213 -40 -3.88 -0.92
28020 -40 -3.88 -0.92
23140 -40 -3.88 -0.92
30813 -40 -3.88 -0.92
31435 -40 -3.88 -0.92
24053 -40 -3.88 -0.92
26735 -40 -3.88 -0.92
29845 -40 -3.88 -0.92
30275 -40 -3.88 -0.92
27609 -40 -3.88 -0.92
30604 -40 -3.88 -0.92
28010 -40 -3.88 -0.92
28931 -40 -3.88 -0.92
27628 -40 -3.88 -0.92
28902 -40 -3.88 -0.92
28921 -40 -3.88 -0.92
27890 -40 -3.88 -0.92
26908 -40 -3.88 -0.92
30900 -40 -3.88 -0.92
27034 -40 -3.88 -0.92
28617 -40 -3.88 -0.92
28659 -40 -3.88 -0.92
74889 -40 -4.78 -10.77
77247 -40 -4.78 -10.77
81485 -40 -4.78 -10.77
79699 -40 -4.78 -10.77
82063 -40 -4.78 -10.77
80443 -40 -4.78 -10.77
80007 -40 -4.78 -10.77
76464 -40 -4.78 -10.77
77706 -40 -4.78 -10.77
78888 -40 -4.78 -10.77
83011 -40 -4.78 -10.77
79554 -40 -4.78 -10.77
78163 -40 -4.78 -10.77
80856 -40 -4.78 -10.77
83434 -40 -4.78 -10.77
80012 -40 -4.78 -10.77
77368 -40 -4.78 -10.77
82252 -40 -4.78 -10.77
84170 -40 -4.78 -10.77
83241 -40 -4.78 -10.77
85262 -40 -4.78 -10.77
78159 -40 -4.78 -10.77
77191 -40 -4.78 -10.77
82541 -40 -4.78 -10.77
81014 -40 -4.78 -10.77
76773 -40 -4.78 -10.77
79372 -40 -4.78 -10.77
77729 -40 -4.78 -10.77
77817 -40 -4.78 -10.77
81274 -40 -4.78 -10.77
82503 -40 -4.78 -10.77
74757 -40 -4.78 -10.77
77627 -40 -4.78 -10.77
79481 -40 -4.78 -10.77
77329 -40 -4.78 -10.77
83346 -40 -4.78 -10.77
80182 -40 -4.78 -10.77
81448 -40 -4.78 -10.77
78643 -40 -4.78 -10.77
149885 -40 -10.18 -20.74
149643 -40 -10.18 -20.74
151269 -40 -10.18 -20.74
150939 -40 -10.18 -20.74
151064 -40 -10.18 -20.74
148795 -40 -10.18 -20.74
156553 -40 -10.18 -20.74
148348 -40 -10.18 -20.74
148003 -40 -10.18 -20.74
151271 -40 -10.18 -20.74
154082 -40 -10.18 -20.74
149367 -40 -10.18 -20.74
151643 -40 -10.18 -20.74
151930 -40 -10.18 -20.74
149640 -40 -10.18 -20.74
154852 -40 -10.18 -20.74
154848 -40 -10.18 -20.74
151852 -40 -10.18 -20.74
149955 -40 -10.18 -20.74
150746 -40 -10.18 -20.74
148639 -40 -10.18 -20.74
148176 -40 -10.18 -20.74
150204 -40 -10.18 -20.74
149785 -40 -10.18 -20.74
152943 -40 -10.18 -20.74
150058 -40 -10.18 -20.74
147316 -40 -10.18 -20.74
152425 -40 -10.18 -20.74
149765 -40 -10.18 -20.74
149450 -40 -10.18 -20.74
151662 -40 -10.18 -20.74
143730 -40 -10.18 -20.74
148494 -40 -10.18 -20.74
148296 -40 -10.18 -20.74
147702 -40 -10.18 -20.74
156050 -40 -10.18 -20.74
149521 -40 -10.18 -20.74
147916 -40 -10.18 -20.74
155960 -40 -10.18 -20.74
141603 -40 -17.72 11.93
139481 -40 -17.72 11.93
139169 -40 -17.72 11.93
141915 -40 -17.72 11.93
137094 -40 -17.72 11.93
142194 -40 -17.72 11.93
141879 -40 -17.72 11.93
142651 -40 -17.72 11.93
135781 -40 -17.72 11.93
141080 -40 -17.72 11.93
140441 -40 -17.72 11.93
138110 -40 -17.72 11.93
140988 -40 -17.72 11.93
142262 -40 -17.72 11.93
138461 -40 -17.72 11.93
140614 -40 -17.72 11.93
140065 -40 -17.72 11.93
141936 -40 -17.72 11.93
140314 -40 -17.72 11.93
146482 -40 -17.72 11.93
141348 -40 -17.72 11.93
141836 -40 -17.72 11.93
137319 -40 -17.72 11.93
141026 -40 -17.72 11.93
138966 -40 -17.72 11.93
143878 -40 -17.72 11.93
144435 -40 -17.72 11.93
145261 -40 -17.72 11.93
139095 -40 -17.72 11.93
138395 -40 -17.72 11.93
136800 -40 -17.72 11.93
143671 -40 -17.72 11.93
137873 -40 -17.72 11.93
140101 -40 -17.72 11.93
144744 -40 -17.72 11.93
141539 -40 -17.72 11.93
142111 -40 -17.72 11.93
138949 -40 -17.72 11.93
141888 -40 -17.72 11.93
162512 -40 7.16 -22.81
160392 -40 7.16 -22.81
163977 -40 7.16 -22.81
160167 -40 7.16 -22.81
160291 -40 7.16 -22.81
159984 -40 7.16 -22.81
159335 -40 7.16 -22.81
159289 -40 7.16 -22.81
160199 -40 7.16 -22.81
160925 -40 7.16 -22.81
163454 -40 7.16 -22.81
160129 -40 7.16 -22.81
158810 -40 7.16 -22.81
161187 -40 7.16 -22.81
162052 -40 7.16 -22.81
160687 -40 7.16 -22.81
159921 -40 7.16 -22.81
162118 -40 7.16 -22.81
161099 -40 7.16 -22.81
162856 -40 7.16 -22.81
160418 -40 7.16 -22.81
160409 -40 7.16 -22.81
165744 -40 7.16 -22.81
157181 -40 7.16 -22.81
161421 -40 7.16 -22.81
161157 -40 7.16 -22.81
161098 -40 7.16 -22.81
157949 -40 7.16 -22.81
161245 -40 7.16 -22.81
161362 -40 7.16 -22.81
156503 -40 7.16 -22.81
155965 -40 7.16 -22.81
158459 -40 7.16 -22.81
162337 -40 7.16 -22.81
153681 -40 7.16 -22.81
164145 -40 7.16 -22.81
163957 -40 7.16 -22.81
162041 -40 7.16 -22.81
160382 -40 7.16 -22.81
82829 -40 -12.02 -0.89
83702 -40 -12.02 -0.89
80579 -40 -12.02 -0.89
79339 -40 -12.02 -0.89
76841 -40 -12.02 -0.89
83850 -40 -12.02 -0.89
77378 -40 -12.02 -0.89
79267 -40 -12.02 -0.89
79019 -40 -12.02 -0.89
79135 -40 -12.02 -0.89
78850 -40 -12.02 -0.89
81301 -40 -12.02 -0.89
80322 -40 -12.02 -0.89
79683 -40 -12.02 -0.89
83234 -40 -12.02 -0.89
86388 -40 -12.02 -0.89
85572 -40 -12.02 -0.89
77872 -40 -12.02 -0.89
83341 -40 -12.02 -0.89
78948 -40 -12.02 -0.89
80267 -40 -12.02 -0.89
81735 -40 -12.02 -0.89
81221 -40 -12.02 -0.89
77272 -40 -12.02 -0.89
79891 -40 -12.02 -0.89
75539 -40 -12.02 -0.89
79572 -40 -12.02 -0.89
75929 -40 -12.02 -0.89
84068 -40 -12.02 -0.89
79060 -40 -12.02 -0.89
77815 -40 -12.02 -0.89
79995 -40 -12.02 -0.89
79285 -40 -12.02 -0.89
78836 -40 -12.02 -0.89
80177 -40 -12.02 -0.89
81417 -40 -12.02 -0.89
78369 -40 -12.02 -0.89
80012 -40 -12.02 -0.89
78256 -40 -12.02 -0.89
139664 -40 -13.99 7.97
144023 -40 -13.99 7.97
137792 -40 -13.99 7.97
140647 -40 -13.99 7.97
140170 -40 -13.99 7.97
140957 -40 -13.99 7.97
139781 -40 -13.99 7.97
140880 -40 -13.99 7.97
139769 -40 -13.99 7.97
135737 -40 -13.99 7.97
137846 -40 -13.99 7.97
136469 -40 -13.99 7.97
139005 -40 -13.99 7.97
144189 -40 -13.99 7.97
140508 -40 -13.99 7.97
140152 -40 -13.99 7.97
136796 -40 -13.99 7.97
140680 -40 -13.99 7.97
138838 -40 -13.99 7.97
136476 -40 -13.99 7.97
135431 -40 -13.99 7.97
137166 -40 -13.99 7.97
138499 -40 -13.99 7.97
135471 -40 -13.99 7.97
140810 -40 -13.99 7.97
135312 -40 -13.99 7.97
137663 -40 -13.99 7.97
136249 -40 -13.99 7.97
140252 -40 -13.99 7.97
136781 -40 -13.99 7.97
134130 -40 -13.99 7.97
135239 -40 -13.99 7.97
136919 -40 -13.99 7.97
136359 -40 -13.99 7.97
134131 -40 -13.99 7.97
138263 -40 -13.99 7.97
134223 -40 -13.99 7.97
141192 -40 -13.99 7.97
138407 -40 -13.99 7.97
