#rtt sig_str x y
167375 -40 3.05 -25.76
165748 -40 3.05 -25.76
169704 -40 3.05 -25.76
166317 -40 3.05 -25.76
166548 -40 3.05 -25.76
169412 -40 3.05 -25.76
164603 -40 3.05 -25.76
164994 -40 3.05 -25.76
172006 -40 3.05 -25.76
161706 -40 3.05 -25.76
170320 -40 3.05 -25.76
170083 -40 3.05 -25.76
170203 -40 3.05 -25.76
170705 -40 3.05 -25.76
171386 -40 3.05 -25.76
165857 -40 3.05 -25.76
165337 -40 3.05 -25.76
168734 -40 3.05 -25.76
167257 -40 3.05 -25.76
167432 -40 3.05 -25.76
164837 -40 3.05 -25.76
165599 -40 3.05 -25.76
166967 -40 3.05 -25.76
168469 -40 3.05 -25.76
165316 -40 3.05 -25.76
167692 -40 3.05 -25.76
167069 -40 3.05 -25.76
166004 -40 3.05 -25.76
165266 -40 3.05 -25.76
164078 -40 3.05 -25.76
167051 -40 3.05 -25.76
162523 -40 3.05 -25.76
165566 -40 3.05 -25.76
166310 -40 3.05 -25.76
171068 -40 3.05 -25.76
163597 -40 3.05 -25.76
162876 -40 3.05 -25.76
168928 -40 3.05 -25.76
164078 -40 3.05 -25.76
163000 -40 12.49 20.4
162245 -40 12.49 20.4
163533 -40 12.49 20.4
162288 -40 12.49 20.4
160814 -40 12.49 20.4
163616 -40 12.49 20.4
167744 -40 12.49 20.4
163387 -40 12.49 20.4
159262 -40 12.49 20.4
164976 -40 12.49 20.4
163812 -40 12.49 20.4
165345 -40 12.49 20.4
161997 -40 12.49 20.4
163629 -40 12.49 20.4
165222 -40 12.49 20.4
164275 -40 12.49 20.4
168401 -40 12.49 20.4
162764 -40 12.49 20.4
161792 -40 12.49 20.4
161013 -40 12.49 20.4
165509 -40 12.49 20.4
167045 -40 12.49 20.4
167569 -40 12.49 20.4
161779 -40 12.49 20.4
163451 -40 12.49 20.4
162479 -40 12.49 20.4
165812 -40 12.49 20.4
159641 -40 12.49 20.4
164236 -40 12.49 20.4
158819 -40 12.49 20.4
165248 -40 12.49 20.4
167151 -40 12.49 20.4
163851 -40 12.49 20.4
159295 -40 12.49 20.4
160916 -40 12.49 20.4
165064 -40 12.49 20.4
163544 -40 12.49 20.4
165846 -40 12.49 20.4
163695 -40 12.49 20.4
167753 -40 -12.55 -22.72
167740 -40 -12.55 -22.72
169394 -40 -12.55 -22.72
169175 -40 -12.55 -22.72
167554 -40 -12.55 -22.72
170553 -40 -12.55 -22.72
170692 -40 -12.55 -22.72
167340 -40 -12.55 -22.72
166200 -40 -12.55 -22.72
171187 -40 -12.55 -22.72
167348 -40 -12.55 -22.72
170856 -40 -12.55 -22.72
169887 -40 -12.55 -22.72
168992 -40 -12.55 -22.72
167413 -40 -12.55 -22.72
165087 -40 -12.55 -22.72
163886 -40 -12.55 -22.72
169053 -40 -12.55 -22.72
168525 -40 -12.55 -22.72
169071 -40 -12.55 -22.72
169396 -40 -12.55 -22.72
168034 -40 -12.55 -22.72
170780 -40 -12.55 -22.72
170352 -40 -12.55 -22.72
169328 -40 -12.55 -22.72
172249 -40 -12.55 -22.72
168539 -40 -12.55 -22.72
167204 -40 -12.55 -22.72
174887 -40 -12.55 -22.72
168789 -40 -12.55 -22.72
167651 -40 -12.55 -22.72
166701 -40 -12.55 -22.72
167811 -40 -12.55 -22.72
166138 -40 -12.55 -22.72
170496 -40 -12.55 -22.72
167737 -40 -12.55 -22.72
175466 -40 -12.55 -22.72
167161 -40 -12.55 -22.72
166902 -40 -12.55 -22.72
36187 -40 0.65 4.16
38937 -40 0.65 4.16
37533 -40 0.65 4.16
35793 -40 0.65 4.16
35218 -40 0.65 4.16
35528 -40 0.65 4.16
36702 -40 0.65 4.16
43323 -40 0.65 4.16
35526 -40 0.65 4.16
39042 -40 0.65 4.16
39227 -40 0.65 4.16
40857 -40 0.65 4.16
37749 -40 0.65 4.16
37757 -40 0.65 4.16
39242 -40 0.65 4.16
38336 -40 0.65 4.16
41585 -40 0.65 4.16
38480 -40 0.65 4.16
38082 -40 0.65 4.16
33458 -40 0.65 4.16
34376 -40 0.65 4.16
35162 -40 0.65 4.16
38374 -40 0.65 4.16
34711 -40 0.65 4.16
35231 -40 0.65 4.16
34517 -40 0.65 4.16
34715 -40 0.65 4.16
37825 -40 0.65 4.16
36258 -40 0.65 4.16
39558 -40 0.65 4.16
39592 -40 0.65 4.16
34506 -40 0.65 4.16
38723 -40 0.65 4.16
39523 -40 0.65 4.16
30528 -40 0.65 4.16
37460 -40 0.65 4.16
36413 -40 0.65 4.16
37662 -40 0.65 4.16
40921 -40 0.65 4.16
158300 -40 23.58 -3.78
159687 -40 23.58 -3.78
154234 -40 23.58 -3.78
154868 -40 23.58 -3.78
159974 -40 23.58 -3.78
156351 -40 23.58 -3.78
155673 -40 23.58 -3.78
159532 -40 23.58 -3.78
161444 -40 23.58 -3.78
162969 -40 23.58 -3.78
157522 -40 23.58 -3.78
159734 -40 23.58 -3.78
158331 -40 23.58 -3.78
157238 -40 23.58 -3.78
156879 -40 23.58 -3.78
157934 -40 23.58 -3.78
161293 -40 23.58 -3.78
160871 -40 23.58 -3.78
157608 -40 23.58 -3.78
156986 -40 23.58 -3.78
159912 -40 23.58 -3.78
156365 -40 23.58 -3.78
163529 -40 23.58 -3.78
157948 -40 23.58 -3.78
158679 -40 23.58 -3.78
163697 -40 23.58 -3.78
160609 -40 23.58 -3.78
160598 -40 23.58 -3.78
157603 -40 23.58 -3.78
153577 -40 23.58 -3.78
158173 -40 23.58 -3.78
157769 -40 23.58 -3.78
161205 -40 23.58 -3.78
155975 -40 23.58 -3.78
161831 -40 23.58 -3.78
156681 -40 23.58 -3.78
157649 -40 23.58 -3.78
159606 -40 23.58 -3.78
161651 -40 23.58 -3.78
257695 -40 23.78 -28.88
255528 -40 23.78 -28.88
255238 -40 23.78 -28.88
251699 -40 23.78 -28.88
255417 -40 23.78 -28.88
256504 -40 23.78 -28.88
254381 -40 23.78 -28.88
261130 -40 23.78 -28.88
258952 -40 23.78 -28.88
252573 -40 23.78 -28.88
258917 -40 23.78 -28.88
258326 -40 23.78 -28.88
255973 -40 23.78 -28.88
251690 -40 23.78 -28.88
252777 -40 23.78 -28.88
253523 -40 23.78 -28.88
255088 -40 23.78 -28.88
253750 -40 23.78 -28.88
258389 -40 23.78 -28.88
251969 -40 23.78 -28.88
252138 -40 23.78 -28.88
257652 -40 23.78 -28.88
259382 -40 23.78 -28.88
256885 -40 23.78 -28.88
250800 -40 23.78 -28.88
257123 -40 23.78 -28.88
256268 -40 23.78 -28.88
257103 -40 23.78 -28.88
260558 -40 23.78 -28.88
257391 -40 23.78 -28.88
259187 -40 23.78 -28.88
256305 -40 23.78 -28.88
255342 -40 23.78 -28.88
254115 -40 23.78 -28.88
259803 -40 23.78 -28.88
251402 -40 23.78 -28.88
255091 -40 23.78 -28.88
250877 -40 23.78 -28.88
256218 -40 23.78 -28.88
234419 -40 -22.47 -27.57
229116 -40 -22.47 -27.57
233914 -40 -22.47 -27.57
233361 -40 -22.47 -27.57
233493 -40 -22.47 -27.57
236584 -40 -22.47 -27.57
238173 -40 -22.47 -27.57
233545 -40 -22.47 -27.57
235898 -40 -22.47 -27.57
234949 -40 -22.47 -27.57
232884 -40 -22.47 -27.57
230446 -40 -22.47 -27.57
236947 -40 -22.47 -27.57
237407 -40 -22.47 -27.57
237013 -40 -22.47 -27.57
232856 -40 -22.47 -27.57
234777 -40 -22.47 -27.57
236340 -40 -22.47 -27.57
232766 -40 -22.47 -27.57
234546 -40 -22.47 -27.57
233554 -40 -22.47 -27.57
232215 -40 -22.47 -27.57
236265 -40 -22.47 -27.57
236199 -40 -22.47 -27.57
234962 -40 -22.47 -27.57
231428 -40 -22.47 -27.57
235515 -40 -22.47 -27.57
234092 -40 -22.47 -27.57
234774 -40 -22.47 -27.57
234776 -40 -22.47 -27.57
235067 -40 -22.47 -27.57
235254 -40 -22.47 -27.57
232782 -40 -22.47 -27.57
233757 -40 -22.47 -27.57
233452 -40 -22.47 -27.57
231693 -40 -22.47 -27.57
233264 -40 -22.47 -27.57
231661 -40 -22.47 -27.57
234203 -40 -22.47 -27.57
155584 -40 -17.57 -15.13
151347 -40 -17.57 -15.13
156293 -40 -17.57 -15.13
153721 -40 -17.57 -15.13
152641 -40 -17.57 -15.13
150993 -40 -17.57 -15.13
150131 -40 -17.57 -15.13
152240 -40 -17.57 -15.13
153480 -40 -17.57 -15.13
147293 -40 -17.57 -15.13
152792 -40 -17.57 -15.13
154914 -40 -17.57 -15.13
154716 -40 -17.57 -15.13
151894 -40 -17.57 -15.13
154478 -40 -17.57 -15.13
151586 -40 -17.57 -15.13
149400 -40 -17.57 -15.13
147873 -40 -17.57 -15.13
150590 -40 -17.57 -15.13
151687 -40 -17.57 -15.13
156429 -40 -17.57 -15.13
153714 -40 -17.57 -15.13
148191 -40 -17.57 -15.13
153309 -40 -17.57 -15.13
152425 -40 -17.57 -15.13
152685 -40 -17.57 -15.13
151508 -40 -17.57 -15.13
153823 -40 -17.57 -15.13
157860 -40 -17.57 -15.13
150380 -40 -17.57 -15.13
143992 -40 -17.57 -15.13
153050 -40 -17.57 -15.13
155031 -40 -17.57 -15.13
151357 -40 -17.57 -15.13
147857 -40 -17.57 -15.13
151845 -40 -17.57 -15.13
154415 -40 -17.57 -15.13
152948 -40 -17.57 -15.13
154362 -40 -17.57 -15.13
234456 -40 -26.92 -24.39
237561 -40 -26.92 -24.39
236096 -40 -26.92 -24.39
234782 -40 -26.92 -24.39
234291 -40 -26.92 -24.39
235154 -40 -26.92 -24.39
234771 -40 -26.92 -24.39
229742 -40 -26.92 -24.39
234350 -40 -26.92 -24.39
237030 -40 -26.92 -24.39
234998 -40 -26.92 -24.39
228823 -40 -26.92 -24.39
235869 -40 -26.92 -24.39
236493 -40 -26.92 -24.39
234652 -40 -26.92 -24.39
231877 -40 -26.92 -24.39
235726 -40 -26.92 -24.39
232979 -40 -26.92 -24.39
235398 -40 -26.92 -24.39
233146 -40 -26.92 -24.39
235018 -40 -26.92 -24.39
232547 -40 -26.92 -24.39
234385 -40 -26.92 -24.39
234690 -40 -26.92 -24.39
231342 -40 -26.92 -24.39
234071 -40 -26.92 -24.39
232647 -40 -26.92 -24.39
229530 -40 -26.92 -24.39
231683 -40 -26.92 -24.39
239977 -40 -26.92 -24.39
233744 -40 -26.92 -24.39
235977 -40 -26.92 -24.39
236168 -40 -26.92 -24.39
235525 -40 -26.92 -24.39
230993 -40 -26.92 -24.39
236528 -40 -26.92 -24.39
234134 -40 -26.92 -24.39
233815 -40 -26.92 -24.39
233690 -40 -26.92 -24.39
74189 -40 -3.55 11.69
78413 -40 -3.55 11.69
76304 -40 -3.55 11.69
76317 -40 -3.55 11.69
81019 -40 -3.55 11.69
80323 -40 -3.55 11.69
78204 -40 -3.55 11.69
78406 -40 -3.55 11.69
79279 -40 -3.55 11.69
82888 -40 -3.55 11.69
79945 -40 -3.55 11.69
80959 -40 -3.55 11.69
81498 -40 -3.55 11.69
74452 -40 -3.55 11.69
76776 -40 -3.55 11.69
74068 -40 -3.55 11.69
77966 -40 -3.55 11.69
82981 -40 -3.55 11.69
77712 -40 -3.55 11.69
80760 -40 -3.55 11.69
81008 -40 -3.55 11.69
81244 -40 -3.55 11.69
78533 -40 -3.55 11.69
79497 -40 -3.55 11.69
78496 -40 -3.55 11.69
74354 -40 -3.55 11.69
80914 -40 -3.55 11.69
82988 -40 -3.55 11.69
80247 -40 -3.55 11.69
81839 -40 -3.55 11.69
79110 -40 -3.55 11.69
80226 -40 -3.55 11.69
76382 -40 -3.55 11.69
73858 -40 -3.55 11.69
76940 -40 -3.55 11.69
80529 -40 -3.55 11.69
79607 -40 -3.55 11.69
81007 -40 -3.55 11.69
79035 -40 -3.55 11.69
