#rtt sig_str x y
246989 -40 28.03 24.04
237867 -40 28.03 24.04
243936 -40 28.03 24.04
238706 -40 28.03 24.04
241936 -40 28.03 24.04
244780 -40 28.03 24.04
238373 -40 28.03 24.04
242525 -40 28.03 24.04
244749 -40 28.03 24.04
245321 -40 28.03 24.04
242984 -40 28.03 24.04
243536 -40 28.03 24.04
242770 -40 28.03 24.04
240465 -40 28.03 24.04
239912 -40 28.03 24.04
241521 -40 28.03 24.04
247391 -40 28.03 24.04
239102 -40 28.03 24.04
246863 -40 28.03 24.04
239738 -40 28.03 24.04
240421 -40 28.03 24.04
243487 -40 28.03 24.04
242394 -40 28.03 24.04
240893 -40 28.03 24.04
246693 -40 28.03 24.04
243910 -40 28.03 24.04
245758 -40 28.03 24.04
247350 -40 28.03 24.04
243475 -40 28.03 24.04
244186 -40 28.03 24.04
242324 -40 28.03 24.04
244967 -40 28.03 24.04
237415 -40 28.03 24.04
241372 -40 28.03 24.04
240984 -40 28.03 24.04
243124 -40 28.03 24.04
241283 -40 28.03 24.04
242313 -40 28.03 24.04
243894 -40 28.03 24.04
128788 -40 2.83 -19.64
129727 -40 2.83 -19.64
128319 -40 2.83 -19.64
128325 -40 2.83 -19.64
130253 -40 2.83 -19.64
126235 -40 2.83 -19.64
130036 -40 2.83 -19.64
125435 -40 2.83 -19.64
129361 -40 2.83 -19.64
130077 -40 2.83 -19.64
131280 -40 2.83 -19.64
128393 -40 2.83 -19.64
125235 -40 2.83 -19.64
126103 -40 2.83 -19.64
128373 -40 2.83 -19.64
127281 -40 2.83 -19.64
127385 -40 2.83 -19.64
128303 -40 2.83 -19.64
128204 -40 2.83 -19.64
128813 -40 2.83 -19.64
130484 -40 2.83 -19.64
126513 -40 2.83 -19.64
125177 -40 2.83 -19.64
128667 -40 2.83 -19.64
133419 -40 2.83 -19.64
125550 -40 2.83 -19.64
125534 -40 2.83 -19.64
128273 -40 2.83 -19.64
126485 -40 2.83 -19.64
129833 -40 2.83 -19.64
129494 -40 2.83 -19.64
127753 -40 2.83 -19.64
128048 -40 2.83 -19.64
127381 -40 2.83 -19.64
129348 -40 2.83 -19.64
129017 -40 2.83 -19.64
130390 -40 2.83 -19.64
125231 -40 2.83 -19.64
130255 -40 2.83 -19.64
231850 -40 28.37 21.34
231874 -40 28.37 21.34
232031 -40 28.37 21.34
229793 -40 28.37 21.34
234250 -40 28.37 21.34
228065 -40 28.37 21.34
231779 -40 28.37 21.34
227776 -40 28.37 21.34
231126 -40 28.37 21.34
227801 -40 28.37 21.34
231546 -40 28.37 21.34
231954 -40 28.37 21.34
234362 -40 28.37 21.34
232494 -40 28.37 21.34
230073 -40 28.37 21.34
230893 -40 28.37 21.34
228819 -40 28.37 21.34
229871 -40 28.37 21.34
234417 -40 28.37 21.34
229748 -40 28.37 21.34
230233 -40 28.37 21.34
232756 -40 28.37 21.34
225343 -40 28.37 21.34
224428 -40 28.37 21.34
233551 -40 28.37 21.34
232048 -40 28.37 21.34
226498 -40 28.37 21.34
228129 -40 28.37 21.34
227389 -40 28.37 21.34
232388 -40 28.37 21.34
230446 -40 28.37 21.34
229465 -40 28.37 21.34
232409 -40 28.37 21.34
234409 -40 28.37 21.34
230066 -40 28.37 21.34
232856 -40 28.37 21.34
229158 -40 28.37 21.34
228715 -40 28.37 21.34
232440 -40 28.37 21.34
96877 -40 12.89 6.54
98984 -40 12.89 6.54
101380 -40 12.89 6.54
91010 -40 12.89 6.54
96178 -40 12.89 6.54
95537 -40 12.89 6.54
95549 -40 12.89 6.54
99287 -40 12.89 6.54
92990 -40 12.89 6.54
93058 -40 12.89 6.54
95801 -40 12.89 6.54
95318 -40 12.89 6.54
96793 -40 12.89 6.54
96972 -40 12.89 6.54
97412 -40 12.89 6.54
99191 -40 12.89 6.54
100693 -40 12.89 6.54
94166 -40 12.89 6.54
94656 -40 12.89 6.54
95921 -40 12.89 6.54
94115 -40 12.89 6.54
98280 -40 12.89 6.54
98080 -40 12.89 6.54
95803 -40 12.89 6.54
96252 -40 12.89 6.54
97901 -40 12.89 6.54
98990 -40 12.89 6.54
96761 -40 12.89 6.54
95799 -40 12.89 6.54
93981 -40 12.89 6.54
92956 -40 12.89 6.54
93591 -40 12.89 6.54
105651 -40 12.89 6.54
95228 -40 12.89 6.54
95455 -40 12.89 6.54
98078 -40 12.89 6.54
98453 -40 12.89 6.54
99835 -40 12.89 6.54
94984 -40 12.89 6.54
86033 -40 11.87 5.85
87412 -40 11.87 5.85
84509 -40 11.87 5.85
86015 -40 11.87 5.85
89083 -40 11.87 5.85
90720 -40 11.87 5.85
86583 -40 11.87 5.85
85293 -40 11.87 5.85
85144 -40 11.87 5.85
91332 -40 11.87 5.85
87884 -40 11.87 5.85
87805 -40 11.87 5.85
87601 -40 11.87 5.85
85445 -40 11.87 5.85
87738 -40 11.87 5.85
87272 -40 11.87 5.85
88158 -40 11.87 5.85
89391 -40 11.87 5.85
91493 -40 11.87 5.85
87971 -40 11.87 5.85
89104 -40 11.87 5.85
90642 -40 11.87 5.85
89287 -40 11.87 5.85
87079 -40 11.87 5.85
86350 -40 11.87 5.85
84787 -40 11.87 5.85
86208 -40 11.87 5.85
85273 -40 11.87 5.85
89107 -40 11.87 5.85
86426 -40 11.87 5.85
86806 -40 11.87 5.85
87554 -40 11.87 5.85
86388 -40 11.87 5.85
85670 -40 11.87 5.85
88499 -40 11.87 5.85
83464 -40 11.87 5.85
87562 -40 11.87 5.85
88852 -40 11.87 5.85
84974 -40 11.87 5.85
178690 -40 -17.04 -21.52
179737 -40 -17.04 -21.52
176325 -40 -17.04 -21.52
175936 -40 -17.04 -21.52
176565 -40 -17.04 -21.52
179357 -40 -17.04 -21.52
183227 -40 -17.04 -21.52
177355 -40 -17.04 -21.52
177521 -40 -17.04 -21.52
180168 -40 -17.04 -21.52
179994 -40 -17.04 -21.52
172845 -40 -17.04 -21.52
177902 -40 -17.04 -21.52
177408 -40 -17.04 -21.52
175579 -40 -17.04 -21.52
177696 -40 -17.04 -21.52
176078 -40 -17.04 -21.52
173141 -40 -17.04 -21.52
178663 -40 -17.04 -21.52
176887 -40 -17.04 -21.52
178104 -40 -17.04 -21.52
175322 -40 -17.04 -21.52
175964 -40 -17.04 -21.52
179309 -40 -17.04 -21.52
181818 -40 -17.04 -21.52
179097 -40 -17.04 -21.52
175540 -40 -17.04 -21.52
176333 -40 -17.04 -21.52
179401 -40 -17.04 -21.52
176118 -40 -17.04 -21.52
181309 -40 -17.04 -21.52
176440 -40 -17.04 -21.52
177144 -40 -17.04 -21.52
181937 -40 -17.04 -21.52
184570 -40 -17.04 -21.52
179030 -40 -17.04 -21.52
181297 -40 -17.04 -21.52
179324 -40 -17.04 -21.52
178947 -40 -17.04 -21.52
222325 -40 28.58 -16.53
217325 -40 28.58 -16.53
218085 -40 28.58 -16.53
220825 -40 28.58 -16.53
220746 -40 28.58 -16.53
221131 -40 28.58 -16.53
215577 -40 28.58 -16.53
217013 -40 28.58 -16.53
217318 -40 28.58 -16.53
216933 -40 28.58 -16.53
220315 -40 28.58 -16.53
217517 -40 28.58 -16.53
221804 -40 28.58 -16.53
223005 -40 28.58 -16.53
215924 -40 28.58 -16.53
217961 -40 28.58 -16.53
216972 -40 28.58 -16.53
217246 -40 28.58 -16.53
221332 -40 28.58 -16.53
222209 -40 28.58 -16.53
220318 -40 28.58 -16.53
223683 -40 28.58 -16.53
221195 -40 28.58 -16.53
220459 -40 28.58 -16.53
221408 -40 28.58 -16.53
216248 -40 28.58 -16.53
224372 -40 28.58 -16.53
216476 -40 28.58 -16.53
219988 -40 28.58 -16.53
218937 -40 28.58 -16.53
219892 -40 28.58 -16.53
221805 -40 28.58 -16.53
216823 -40 28.58 -16.53
220601 -40 28.58 -16.53
216194 -40 28.58 -16.53
218989 -40 28.58 -16.53
217521 -40 28.58 -16.53
220683 -40 28.58 -16.53
220322 -40 28.58 -16.53
215114 -40 -29.63 11.91
211748 -40 -29.63 11.91
206832 -40 -29.63 11.91
213190 -40 -29.63 11.91
204803 -40 -29.63 11.91
214715 -40 -29.63 11.91
210806 -40 -29.63 11.91
211392 -40 -29.63 11.91
211751 -40 -29.63 11.91
205948 -40 -29.63 11.91
214317 -40 -29.63 11.91
207204 -40 -29.63 11.91
209128 -40 -29.63 11.91
209982 -40 -29.63 11.91
212378 -40 -29.63 11.91
208504 -40 -29.63 11.91
219423 -40 -29.63 11.91
211921 -40 -29.63 11.91
214845 -40 -29.63 11.91
219072 -40 -29.63 11.91
210275 -40 -29.63 11.91
213395 -40 -29.63 11.91
209889 -40 -29.63 11.91
208995 -40 -29.63 11.91
214165 -40 -29.63 11.91
212569 -40 -29.63 11.91
214804 -40 -29.63 11.91
210123 -40 -29.63 11.91
211101 -40 -29.63 11.91
212866 -40 -29.63 11.91
214207 -40 -29.63 11.91
214631 -40 -29.63 11.91
211030 -40 -29.63 11.91
211945 -40 -29.63 11.91
211500 -40 -29.63 11.91
214510 -40 -29.63 11.91
209929 -40 -29.63 11.91
210480 -40 -29.63 11.91
214372 -40 -29.63 11.91
190272 -40 -14.82 24.19
188830 -40 -14.82 24.19
191942 -40 -14.82 24.19
189802 -40 -14.82 24.19
189623 -40 -14.82 24.19
185603 -40 -14.82 24.19
187269 -40 -14.82 24.19
190268 -40 -14.82 24.19
190889 -40 -14.82 24.19
191444 -40 -14.82 24.19
194967 -40 -14.82 24.19
194424 -40 -14.82 24.19
189535 -40 -14.82 24.19
188081 -40 -14.82 24.19
193489 -40 -14.82 24.19
194776 -40 -14.82 24.19
189401 -40 -14.82 24.19
191791 -40 -14.82 24.19
187066 -40 -14.82 24.19
187150 -40 -14.82 24.19
191450 -40 -14.82 24.19
186979 -40 -14.82 24.19
190488 -40 -14.82 24.19
185771 -40 -14.82 24.19
189872 -40 -14.82 24.19
189484 -40 -14.82 24.19
187692 -40 -14.82 24.19
188603 -40 -14.82 24.19
184086 -40 -14.82 24.19
190165 -40 -14.82 24.19
194533 -40 -14.82 24.19
186900 -40 -14.82 24.19
196050 -40 -14.82 24.19
184347 -40 -14.82 24.19
192185 -40 -14.82 24.19
188436 -40 -14.82 24.19
192470 -40 -14.82 24.19
188882 -40 -14.82 24.19
188186 -40 -14.82 24.19
57560 -40 -3.91 7.98
56647 -40 -3.91 7.98
60574 -40 -3.91 7.98
62306 -40 -3.91 7.98
62862 -40 -3.91 7.98
63136 -40 -3.91 7.98
55513 -40 -3.91 7.98
62135 -40 -3.91 7.98
63148 -40 -3.91 7.98
54861 -40 -3.91 7.98
61078 -40 -3.91 7.98
65594 -40 -3.91 7.98
64545 -40 -3.91 7.98
57883 -40 -3.91 7.98
66371 -40 -3.91 7.98
62522 -40 -3.91 7.98
60270 -40 -3.91 7.98
62782 -40 -3.91 7.98
60823 -40 -3.91 7.98
61095 -40 -3.91 7.98
61277 -40 -3.91 7.98
59528 -40 -3.91 7.98
61910 -40 -3.91 7.98
59786 -40 -3.91 7.98
58443 -40 -3.91 7.98
57451 -40 -3.91 7.98
63556 -40 -3.91 7.98
55664 -40 -3.91 7.98
61679 -40 -3.91 7.98
62945 -40 -3.91 7.98
63291 -40 -3.91 7.98
62609 -40 -3.91 7.98
65357 -40 -3.91 7.98
57702 -40 -3.91 7.98
59415 -40 -3.91 7.98
61123 -40 -3.91 7.98
54951 -40 -3.91 7.98
61395 -40 -3.91 7.98
61520 -40 -3.91 7.98
