#rtt sig_str x y
214162 -40 -16.68 -26.69
210705 -40 -16.68 -26.69
209867 -40 -16.68 -26.69
209856 -40 -16.68 -26.69
213754 -40 -16.68 -26.69
213952 -40 -16.68 -26.69
208087 -40 -16.68 -26.69
212034 -40 -16.68 -26.69
212154 -40 -16.68 -26.69
218192 -40 -16.68 -26.69
211784 -40 -16.68 -26.69
207661 -40 -16.68 -26.69
210657 -40 -16.68 -26.69
208917 -40 -16.68 -26.69
213650 -40 -16.68 -26.69
212445 -40 -16.68 -26.69
218411 -40 -16.68 -26.69
211444 -40 -16.68 -26.69
208339 -40 -16.68 -26.69
210844 -40 -16.68 -26.69
212645 -40 -16.68 -26.69
214800 -40 -16.68 -26.69
203929 -40 -16.68 -26.69
214569 -40 -16.68 -26.69
213096 -40 -16.68 -26.69
215544 -40 -16.68 -26.69
214999 -40 -16.68 -26.69
211495 -40 -16.68 -26.69
208197 -40 -16.68 -26.69
212601 -40 -16.68 -26.69
212873 -40 -16.68 -26.69
211793 -40 -16.68 -26.69
211512 -40 -16.68 -26.69
207239 -40 -16.68 -26.69
212358 -40 -16.68 -26.69
216704 -40 -16.68 -26.69
207110 -40 -16.68 -26.69
213398 -40 -16.68 -26.69
207540 -40 -16.68 -26.69
195725 -40 22.25 19.88
194984 -40 22.25 19.88
194634 -40 22.25 19.88
197294 -40 22.25 19.88
195239 -40 22.25 19.88
192799 -40 22.25 19.88
192269 -40 22.25 19.88
192249 -40 22.25 19.88
194854 -40 22.25 19.88
194882 -40 22.25 19.88
195076 -40 22.25 19.88
195466 -40 22.25 19.88
197680 -40 22.25 19.88
194901 -40 22.25 19.88
198581 -40 22.25 19.88
197065 -40 22.25 19.88
196038 -40 22.25 19.88
196981 -40 22.25 19.88
189448 -40 22.25 19.88
192154 -40 22.25 19.88
193853 -40 22.25 19.88
195078 -40 22.25 19.88
192173 -40 22.25 19.88
196715 -40 22.25 19.88
192722 -40 22.25 19.88
193175 -40 22.25 19.88
191031 -40 22.25 19.88
193261 -40 22.25 19.88
192607 -40 22.25 19.88
193968 -40 22.25 19.88
194982 -40 22.25 19.88
203355 -40 22.25 19.88
194542 -40 22.25 19.88
193255 -40 22.25 19.88
192679 -40 22.25 19.88
191552 -40 22.25 19.88
198494 -40 22.25 19.88
199445 -40 22.25 19.88
190289 -40 22.25 19.88
136331 -40 -17.6 -8.18
133821 -40 -17.6 -8.18
135285 -40 -17.6 -8.18
134027 -40 -17.6 -8.18
132007 -40 -17.6 -8.18
135149 -40 -17.6 -8.18
130820 -40 -17.6 -8.18
132564 -40 -17.6 -8.18
129749 -40 -17.6 -8.18
134454 -40 -17.6 -8.18
129619 -40 -17.6 -8.18
131426 -40 -17.6 -8.18
136262 -40 -17.6 -8.18
128987 -40 -17.6 -8.18
134235 -40 -17.6 -8.18
129275 -40 -17.6 -8.18
133667 -40 -17.6 -8.18
132074 -40 -17.6 -8.18
133358 -40 -17.6 -8.18
132862 -40 -17.6 -8.18
130079 -40 -17.6 -8.18
133688 -40 -17.6 -8.18
130067 -40 -17.6 -8.18
133702 -40 -17.6 -8.18
128955 -40 -17.6 -8.18
131842 -40 -17.6 -8.18
131667 -40 -17.6 -8.18
129336 -40 -17.6 -8.18
130863 -40 -17.6 -8.18
132050 -40 -17.6 -8.18
136665 -40 -17.6 -8.18
133868 -40 -17.6 -8.18
130742 -40 -17.6 -8.18
136892 -40 -17.6 -8.18
132474 -40 -17.6 -8.18
132667 -40 -17.6 -8.18
130709 -40 -17.6 -8.18
130667 -40 -17.6 -8.18
129999 -40 -17.6 -8.18
251483 -40 25.12 28.77
257429 -40 25.12 28.77
252479 -40 25.12 28.77
253746 -40 25.12 28.77
251923 -40 25.12 28.77
256932 -40 25.12 28.77
252042 -40 25.12 28.77
254236 -40 25.12 28.77
252750 -40 25.12 28.77
250221 -40 25.12 28.77
252166 -40 25.12 28.77
258094 -40 25.12 28.77
255587 -40 25.12 28.77
252661 -40 25.12 28.77
255368 -40 25.12 28.77
257216 -40 25.12 28.77
255937 -40 25.12 28.77
253167 -40 25.12 28.77
249232 -40 25.12 28.77
255233 -40 25.12 28.77
255283 -40 25.12 28.77
260038 -40 25.12 28.77
255739 -40 25.12 28.77
254998 -40 25.12 28.77
255422 -40 25.12 28.77
253237 -40 25.12 28.77
252457 -40 25.12 28.77
252349 -40 25.12 28.77
251030 -40 25.12 28.77
256372 -40 25.12 28.77
251859 -40 25.12 28.77
256662 -40 25.12 28.77
250512 -40 25.12 28.77
257027 -40 25.12 28.77
252888 -40 25.12 28.77
256190 -40 25.12 28.77
251231 -40 25.12 28.77
253761 -40 25.12 28.77
253353 -40 25.12 28.77
168191 -40 -0.7 -24.61
159904 -40 -0.7 -24.61
166284 -40 -0.7 -24.61
160720 -40 -0.7 -24.61
164157 -40 -0.7 -24.61
165128 -40 -0.7 -24.61
158824 -40 -0.7 -24.61
159442 -40 -0.7 -24.61
161791 -40 -0.7 -24.61
160355 -40 -0.7 -24.61
163758 -40 -0.7 -24.61
161243 -40 -0.7 -24.61
163695 -40 -0.7 -24.61
163404 -40 -0.7 -24.61
163579 -40 -0.7 -24.61
167537 -40 -0.7 -24.61
162753 -40 -0.7 -24.61
166220 -40 -0.7 -24.61
158222 -40 -0.7 -24.61
162778 -40 -0.7 -24.61
164677 -40 -0.7 -24.61
162040 -40 -0.7 -24.61
164987 -40 -0.7 -24.61
171403 -40 -0.7 -24.61
160001 -40 -0.7 -24.61
164080 -40 -0.7 -24.61
161982 -40 -0.7 -24.61
163387 -40 -0.7 -24.61
161782 -40 -0.7 -24.61
162146 -40 -0.7 -24.61
163680 -40 -0.7 -24.61
164218 -40 -0.7 -24.61
165268 -40 -0.7 -24.61
160996 -40 -0.7 -24.61
164210 -40 -0.7 -24.61
167594 -40 -0.7 -24.61
162063 -40 -0.7 -24.61
162425 -40 -0.7 -24.61
167286 -40 -0.7 -24.61
64966 -40 6.71 -6.2
60303 -40 6.71 -6.2
66879 -40 6.71 -6.2
64247 -40 6.71 -6.2
58995 -40 6.71 -6.2
65366 -40 6.71 -6.2
64249 -40 6.71 -6.2
62934 -40 6.71 -6.2
61539 -40 6.71 -6.2
62484 -40 6.71 -6.2
57089 -40 6.71 -6.2
63209 -40 6.71 -6.2
63165 -40 6.71 -6.2
61416 -40 6.71 -6.2
58811 -40 6.71 -6.2
60479 -40 6.71 -6.2
60706 -40 6.71 -6.2
61785 -40 6.71 -6.2
62228 -40 6.71 -6.2
62524 -40 6.71 -6.2
59455 -40 6.71 -6.2
62638 -40 6.71 -6.2
61581 -40 6.71 -6.2
58388 -40 6.71 -6.2
59747 -40 6.71 -6.2
62274 -40 6.71 -6.2
59881 -40 6.71 -6.2
59393 -40 6.71 -6.2
60718 -40 6.71 -6.2
64482 -40 6.71 -6.2
61747 -40 6.71 -6.2
65923 -40 6.71 -6.2
67717 -40 6.71 -6.2
62010 -40 6.71 -6.2
56071 -40 6.71 -6.2
62273 -40 6.71 -6.2
67178 -40 6.71 -6.2
63658 -40 6.71 -6.2
61850 -40 6.71 -6.2
117721 -40 15.96 -8.75
116861 -40 15.96 -8.75
119919 -40 15.96 -8.75
117507 -40 15.96 -8.75
119223 -40 15.96 -8.75
117139 -40 15.96 -8.75
114214 -40 15.96 -8.75
117419 -40 15.96 -8.75
119700 -40 15.96 -8.75
115871 -40 15.96 -8.75
117623 -40 15.96 -8.75
115343 -40 15.96 -8.75
119909 -40 15.96 -8.75
124140 -40 15.96 -8.75
116909 -40 15.96 -8.75
116045 -40 15.96 -8.75
116131 -40 15.96 -8.75
120568 -40 15.96 -8.75
124406 -40 15.96 -8.75
119957 -40 15.96 -8.75
119839 -40 15.96 -8.75
117916 -40 15.96 -8.75
119480 -40 15.96 -8.75
116367 -40 15.96 -8.75
118235 -40 15.96 -8.75
113050 -40 15.96 -8.75
119868 -40 15.96 -8.75
115905 -40 15.96 -8.75
116241 -40 15.96 -8.75
116188 -40 15.96 -8.75
118420 -40 15.96 -8.75
119150 -40 15.96 -8.75
118313 -40 15.96 -8.75
117822 -40 15.96 -8.75
119265 -40 15.96 -8.75
113028 -40 15.96 -8.75
119219 -40 15.96 -8.75
123687 -40 15.96 -8.75
120444 -40 15.96 -8.75
15577 -40 1.11 -0.8
10469 -40 1.11 -0.8
12984 -40 1.11 -0.8
12368 -40 1.11 -0.8
13724 -40 1.11 -0.8
13277 -40 1.11 -0.8
11929 -40 1.11 -0.8
11650 -40 1.11 -0.8
11058 -40 1.11 -0.8
11221 -40 1.11 -0.8
10038 -40 1.11 -0.8
11803 -40 1.11 -0.8
13723 -40 1.11 -0.8
15813 -40 1.11 -0.8
12994 -40 1.11 -0.8
9578 -40 1.11 -0.8
13337 -40 1.11 -0.8
11080 -40 1.11 -0.8
12091 -40 1.11 -0.8
10437 -40 1.11 -0.8
19326 -40 1.11 -0.8
12106 -40 1.11 -0.8
10735 -40 1.11 -0.8
17447 -40 1.11 -0.8
14947 -40 1.11 -0.8
12274 -40 1.11 -0.8
12187 -40 1.11 -0.8
14441 -40 1.11 -0.8
14264 -40 1.11 -0.8
9342 -40 1.11 -0.8
11463 -40 1.11 -0.8
13740 -40 1.11 -0.8
14497 -40 1.11 -0.8
11628 -40 1.11 -0.8
13862 -40 1.11 -0.8
9934 -40 1.11 -0.8
10105 -40 1.11 -0.8
12782 -40 1.11 -0.8
13321 -40 1.11 -0.8
208041 -40 -12.19 29.45
207312 -40 -12.19 29.45
210302 -40 -12.19 29.45
208678 -40 -12.19 29.45
212610 -40 -12.19 29.45
213847 -40 -12.19 29.45
209850 -40 -12.19 29.45
209442 -40 -12.19 29.45
211766 -40 -12.19 29.45
206902 -40 -12.19 29.45
205487 -40 -12.19 29.45
211472 -40 -12.19 29.45
209322 -40 -12.19 29.45
212145 -40 -12.19 29.45
210561 -40 -12.19 29.45
214100 -40 -12.19 29.45
213089 -40 -12.19 29.45
212450 -40 -12.19 29.45
207972 -40 -12.19 29.45
212316 -40 -12.19 29.45
208294 -40 -12.19 29.45
207288 -40 -12.19 29.45
210861 -40 -12.19 29.45
212132 -40 -12.19 29.45
209732 -40 -12.19 29.45
210457 -40 -12.19 29.45
209779 -40 -12.19 29.45
206430 -40 -12.19 29.45
210412 -40 -12.19 29.45
205121 -40 -12.19 29.45
212441 -40 -12.19 29.45
214647 -40 -12.19 29.45
209234 -40 -12.19 29.45
217133 -40 -12.19 29.45
213492 -40 -12.19 29.45
212146 -40 -12.19 29.45
206559 -40 -12.19 29.45
210450 -40 -12.19 29.45
216195 -40 -12.19 29.45
182944 -40 -18.74 18.5
179782 -40 -18.74 18.5
178994 -40 -18.74 18.5
176940 -40 -18.74 18.5
177290 -40 -18.74 18.5
179248 -40 -18.74 18.5
181667 -40 -18.74 18.5
176465 -40 -18.74 18.5
179269 -40 -18.74 18.5
175054 -40 -18.74 18.5
180305 -40 -18.74 18.5
179756 -40 -18.74 18.5
184446 -40 -18.74 18.5
179399 -40 -18.74 18.5
181413 -40 -18.74 18.5
176981 -40 -18.74 18.5
177331 -40 -18.74 18.5
172226 -40 -18.74 18.5
178573 -40 -18.74 18.5
177068 -40 -18.74 18.5
173824 -40 -18.74 18.5
178908 -40 -18.74 18.5
178922 -40 -18.74 18.5
176220 -40 -18.74 18.5
183062 -40 -18.74 18.5
179707 -40 -18.74 18.5
183155 -40 -18.74 18.5
176922 -40 -18.74 18.5
176489 -40 -18.74 18.5
178971 -40 -18.74 18.5
179343 -40 -18.74 18.5
180646 -40 -18.74 18.5
176511 -40 -18.74 18.5
176737 -40 -18.74 18.5
178890 -40 -18.74 18.5
171494 -40 -18.74 18.5
180495 -40 -18.74 18.5
180486 -40 -18.74 18.5
176769 -40 -18.74 18.5
