#rtt sig_str x y
229049 -40 23.58 26.85
228406 -40 23.58 26.85
228424 -40 23.58 26.85
228871 -40 23.58 26.85
232700 -40 23.58 26.85
226950 -40 23.58 26.85
223891 -40 23.58 26.85
228176 -40 23.58 26.85
228411 -40 23.58 26.85
228386 -40 23.58 26.85
225047 -40 23.58 26.85
224775 -40 23.58 26.85
225350 -40 23.58 26.85
227908 -40 23.58 26.85
229856 -40 23.58 26.85
225332 -40 23.58 26.85
225546 -40 23.58 26.85
223948 -40 23.58 26.85
225734 -40 23.58 26.85
225668 -40 23.58 26.85
224903 -40 23.58 26.85
226231 -40 23.58 26.85
228751 -40 23.58 26.85
229641 -40 23.58 26.85
225987 -40 23.58 26.85
224655 -40 23.58 26.85
227208 -40 23.58 26.85
227851 -40 23.58 26.85
228019 -40 23.58 26.85
232241 -40 23.58 26.85
223134 -40 23.58 26.85
227512 -40 23.58 26.85
229943 -40 23.58 26.85
226548 -40 23.58 26.85
228164 -40 23.58 26.85
225659 -40 23.58 26.85
228249 -40 23.58 26.85
227447 -40 23.58 26.85
227841 -40 23.58 26.85
133012 -40 -10.08 -17.44
128646 -40 -10.08 -17.44
135508 -40 -10.08 -17.44
140018 -40 -10.08 -17.44
137354 -40 -10.08 -17.44
138503 -40 -10.08 -17.44
131992 -40 -10.08 -17.44
134811 -40 -10.08 -17.44
132822 -40 -10.08 -17.44
132940 -40 -10.08 -17.44
136984 -40 -10.08 -17.44
133408 -40 -10.08 -17.44
132143 -40 -10.08 -17.44
136524 -40 -10.08 -17.44
130621 -40 -10.08 -17.44
135927 -40 -10.08 -17.44
134961 -40 -10.08 -17.44
131428 -40 -10.08 -17.44
138987 -40 -10.08 -17.44
134981 -40 -10.08 -17.44
136325 -40 -10.08 -17.44
130732 -40 -10.08 -17.44
135736 -40 -10.08 -17.44
134303 -40 -10.08 -17.44
128694 -40 -10.08 -17.44
131211 -40 -10.08 -17.44
132830 -40 -10.08 -17.44
135444 -40 -10.08 -17.44
131381 -40 -10.08 -17.44
133147 -40 -10.08 -17.44
134086 -40 -10.08 -17.44
132201 -40 -10.08 -17.44
134416 -40 -10.08 -17.44
133811 -40 -10.08 -17.44
134961 -40 -10.08 -17.44
130615 -40 -10.08 -17.44
131151 -40 -10.08 -17.44
129475 -40 -10.08 -17.44
135603 -40 -10.08 -17.44
219627 -40 19.28 -26.15
218730 -40 19.28 -26.15
221460 -40 19.28 -26.15
218633 -40 19.28 -26.15
218705 -40 19.28 -26.15
218833 -40 19.28 -26.15
219761 -40 19.28 -26.15
220810 -40 19.28 -26.15
219370 -40 19.28 -26.15
217940 -40 19.28 -26.15
218508 -40 19.28 -26.15
220219 -40 19.28 -26.15
218918 -40 19.28 -26.15
217469 -40 19.28 -26.15
219306 -40 19.28 -26.15
220618 -40 19.28 -26.15
218530 -40 19.28 -26.15
218577 -40 19.28 -26.15
223765 -40 19.28 -26.15
222752 -40 19.28 -26.15
217638 -40 19.28 -26.15
220131 -40 19.28 -26.15
220620 -40 19.28 -26.15
218466 -40 19.28 -26.15
216624 -40 19.28 -26.15
218098 -40 19.28 -26.15
216707 -40 19.28 -26.15
221368 -40 19.28 -26.15
220896 -40 19.28 -26.15
215272 -40 19.28 -26.15
220752 -40 19.28 -26.15
216807 -40 19.28 -26.15
221464 -40 19.28 -26.15
223030 -40 19.28 -26.15
221540 -40 19.28 -26.15
217141 -40 19.28 -26.15
221883 -40 19.28 -26.15
221183 -40 19.28 -26.15
219957 -40 19.28 -26.15
186157 -40 -27.5 -7.79
183347 -40 -27.5 -7.79
187932 -40 -27.5 -7.79
190479 -40 -27.5 -7.79
188637 -40 -27.5 -7.79
186742 -40 -27.5 -7.79
182320 -40 -27.5 -7.79
189251 -40 -27.5 -7.79
193047 -40 -27.5 -7.79
191559 -40 -27.5 -7.79
186068 -40 -27.5 -7.79
190525 -40 -27.5 -7.79
193605 -40 -27.5 -7.79
189653 -40 -27.5 -7.79
190861 -40 -27.5 -7.79
189748 -40 -27.5 -7.79
185448 -40 -27.5 -7.79
189697 -40 -27.5 -7.79
187556 -40 -27.5 -7.79
185113 -40 -27.5 -7.79
189851 -40 -27.5 -7.79
187046 -40 -27.5 -7.79
188079 -40 -27.5 -7.79
190360 -40 -27.5 -7.79
190587 -40 -27.5 -7.79
190971 -40 -27.5 -7.79
187941 -40 -27.5 -7.79
186199 -40 -27.5 -7.79
190658 -40 -27.5 -7.79
186791 -40 -27.5 -7.79
188962 -40 -27.5 -7.79
185985 -40 -27.5 -7.79
186773 -40 -27.5 -7.79
189796 -40 -27.5 -7.79
185417 -40 -27.5 -7.79
189351 -40 -27.5 -7.79
187865 -40 -27.5 -7.79
186301 -40 -27.5 -7.79
189578 -40 -27.5 -7.79
253134 -40 -23.54 29.11
249431 -40 -23.54 29.11
247351 -40 -23.54 29.11
255449 -40 -23.54 29.11
249566 -40 -23.54 29.11
251155 -40 -23.54 29.11
255992 -40 -23.54 29.11
254241 -40 -23.54 29.11
248541 -40 -23.54 29.11
252673 -40 -23.54 29.11
254971 -40 -23.54 29.11
250553 -40 -23.54 29.11
249708 -40 -23.54 29.11
249658 -40 -23.54 29.11
248395 -40 -23.54 29.11
247314 -40 -23.54 29.11
253579 -40 -23.54 29.11
251394 -40 -23.54 29.11
247392 -40 -23.54 29.11
247844 -40 -23.54 29.11
251355 -40 -23.54 29.11
254759 -40 -23.54 29.11
253133 -40 -23.54 29.11
254045 -40 -23.54 29.11
252871 -40 -23.54 29.11
252249 -40 -23.54 29.11
254343 -40 -23.54 29.11
250980 -40 -23.54 29.11
252609 -40 -23.54 29.11
246109 -40 -23.54 29.11
248408 -40 -23.54 29.11
250073 -40 -23.54 29.11
250965 -40 -23.54 29.11
245654 -40 -23.54 29.11
250221 -40 -23.54 29.11
250863 -40 -23.54 29.11
252328 -40 -23.54 29.11
255921 -40 -23.54 29.11
248478 -40 -23.54 29.11
158453 -40 5.7 -24.04
158497 -40 5.7 -24.04
152195 -40 5.7 -24.04
158256 -40 5.7 -24.04
155382 -40 5.7 -24.04
158038 -40 5.7 -24.04
161669 -40 5.7 -24.04
157290 -40 5.7 -24.04
156501 -40 5.7 -24.04
151594 -40 5.7 -24.04
158513 -40 5.7 -24.04
158744 -40 5.7 -24.04
158144 -40 5.7 -24.04
157866 -40 5.7 -24.04
158390 -40 5.7 -24.04
154665 -40 5.7 -24.04
155867 -40 5.7 -24.04
154278 -40 5.7 -24.04
154893 -40 5.7 -24.04
154527 -40 5.7 -24.04
159723 -40 5.7 -24.04
158334 -40 5.7 -24.04
155626 -40 5.7 -24.04
161229 -40 5.7 -24.04
158071 -40 5.7 -24.04
153736 -40 5.7 -24.04
160339 -40 5.7 -24.04
160773 -40 5.7 -24.04
150941 -40 5.7 -24.04
154718 -40 5.7 -24.04
155847 -40 5.7 -24.04
155509 -40 5.7 -24.04
157039 -40 5.7 -24.04
150783 -40 5.7 -24.04
158590 -40 5.7 -24.04
156589 -40 5.7 -24.04
158706 -40 5.7 -24.04
153247 -40 5.7 -24.04
157481 -40 5.7 -24.04
56162 -40 1.79 6.51
50625 -40 1.79 6.51
56892 -40 1.79 6.51
52197 -40 1.79 6.51
53851 -40 1.79 6.51
52494 -40 1.79 6.51
53952 -40 1.79 6.51
54936 -40 1.79 6.51
53089 -40 1.79 6.51
48494 -40 1.79 6.51
54657 -40 1.79 6.51
49252 -40 1.79 6.51
56258 -40 1.79 6.51
55723 -40 1.79 6.51
54022 -40 1.79 6.51
53495 -40 1.79 6.51
53173 -40 1.79 6.51
54162 -40 1.79 6.51
53498 -40 1.79 6.51
50286 -40 1.79 6.51
49785 -40 1.79 6.51
51614 -40 1.79 6.51
53730 -40 1.79 6.51
50818 -40 1.79 6.51
51278 -40 1.79 6.51
48366 -40 1.79 6.51
55364 -40 1.79 6.51
52188 -40 1.79 6.51
51542 -40 1.79 6.51
50984 -40 1.79 6.51
48063 -40 1.79 6.51
51367 -40 1.79 6.51
51368 -40 1.79 6.51
51675 -40 1.79 6.51
52797 -40 1.79 6.51
48284 -40 1.79 6.51
50494 -40 1.79 6.51
52643 -40 1.79 6.51
53670 -40 1.79 6.51
35979 -40 -4.87 1.82
44206 -40 -4.87 1.82
41596 -40 -4.87 1.82
39546 -40 -4.87 1.82
38222 -40 -4.87 1.82
41571 -40 -4.87 1.82
39784 -40 -4.87 1.82
38702 -40 -4.87 1.82
39181 -40 -4.87 1.82
37566 -40 -4.87 1.82
39998 -40 -4.87 1.82
40233 -40 -4.87 1.82
37471 -40 -4.87 1.82
38158 -40 -4.87 1.82
43009 -40 -4.87 1.82
40798 -40 -4.87 1.82
41410 -40 -4.87 1.82
36476 -40 -4.87 1.82
37551 -40 -4.87 1.82
38861 -40 -4.87 1.82
39394 -40 -4.87 1.82
43851 -40 -4.87 1.82
38411 -40 -4.87 1.82
35377 -40 -4.87 1.82
40755 -40 -4.87 1.82
34526 -40 -4.87 1.82
39760 -40 -4.87 1.82
39085 -40 -4.87 1.82
42355 -40 -4.87 1.82
41088 -40 -4.87 1.82
40195 -40 -4.87 1.82
40778 -40 -4.87 1.82
41146 -40 -4.87 1.82
40374 -40 -4.87 1.82
39368 -40 -4.87 1.82
43019 -40 -4.87 1.82
45618 -40 -4.87 1.82
37157 -40 -4.87 1.82
35225 -40 -4.87 1.82
67487 -40 -9.88 -1.03
65474 -40 -9.88 -1.03
65445 -40 -9.88 -1.03
64832 -40 -9.88 -1.03
67547 -40 -9.88 -1.03
61820 -40 -9.88 -1.03
67161 -40 -9.88 -1.03
63769 -40 -9.88 -1.03
66704 -40 -9.88 -1.03
67884 -40 -9.88 -1.03
61880 -40 -9.88 -1.03
64220 -40 -9.88 -1.03
70809 -40 -9.88 -1.03
61719 -40 -9.88 -1.03
59082 -40 -9.88 -1.03
66183 -40 -9.88 -1.03
67912 -40 -9.88 -1.03
67764 -40 -9.88 -1.03
69065 -40 -9.88 -1.03
66674 -40 -9.88 -1.03
66314 -40 -9.88 -1.03
64674 -40 -9.88 -1.03
60961 -40 -9.88 -1.03
64820 -40 -9.88 -1.03
62903 -40 -9.88 -1.03
65808 -40 -9.88 -1.03
67078 -40 -9.88 -1.03
62679 -40 -9.88 -1.03
60871 -40 -9.88 -1.03
67119 -40 -9.88 -1.03
59922 -40 -9.88 -1.03
65549 -40 -9.88 -1.03
64914 -40 -9.88 -1.03
66600 -40 -9.88 -1.03
70509 -40 -9.88 -1.03
68354 -40 -9.88 -1.03
68283 -40 -9.88 -1.03
67207 -40 -9.88 -1.03
62698 -40 -9.88 -1.03
137593 -40 7.35 19.52
138113 -40 7.35 19.52
134929 -40 7.35 19.52
135690 -40 7.35 19.52
133085 -40 7.35 19.52
138031 -40 7.35 19.52
137377 -40 7.35 19.52
135629 -40 7.35 19.52
134293 -40 7.35 19.52
131656 -40 7.35 19.52
129854 -40 7.35 19.52
129572 -40 7.35 19.52
133441 -40 7.35 19.52
139035 -40 7.35 19.52
134716 -40 7.35 19.52
133702 -40 7.35 19.52
134323 -40 7.35 19.52
137491 -40 7.35 19.52
131938 -40 7.35 19.52
133097 -40 7.35 19.52
135323 -40 7.35 19.52
130306 -40 7.35 19.52
135351 -40 7.35 19.52
134162 -40 7.35 19.52
133495 -40 7.35 19.52
135034 -40 7.35 19.52
132954 -40 7.35 19.52
136298 -40 7.35 19.52
132606 -40 7.35 19.52
131165 -40 7.35 19.52
137621 -40 7.35 19.52
131858 -40 7.35 19.52
132757 -40 7.35 19.52
133260 -40 7.35 19.52
135815 -40 7.35 19.52
135864 -40 7.35 19.52
133924 -40 7.35 19.52
139624 -40 7.35 19.52
134855 -40 7.35 19.52
