#rtt sig_str x y
258161 -40 22.41 -29.34
250908 -40 22.41 -29.34
251414 -40 22.41 -29.34
251702 -40 22.41 -29.34
255184 -40 22.41 -29.34
252108 -40 22.41 -29.34
252221 -40 22.41 -29.34
250759 -40 22.41 -29.34
252285 -40 22.41 -29.34
251643 -40 22.41 -29.34
248786 -40 22.41 -29.34
253685 -40 22.41 -29.34
252080 -40 22.41 -29.34
252684 -40 22.41 -29.34
252516 -40 22.41 -29.34
257350 -40 22.41 -29.34
254226 -40 22.41 -29.34
254154 -40 22.41 -29.34
251465 -40 22.41 -29.34
252078 -40 22.41 -29.34
248176 -40 22.41 -29.34
255890 -40 22.41 -29.34
256538 -40 22.41 -29.34
259566 -40 22.41 -29.34
254323 -40 22.41 -29.34
251173 -40 22.41 -29.34
250847 -40 22.41 -29.34
251712 -40 22.41 -29.34
252135 -40 22.41 -29.34
254975 -40 22.41 -29.34
256799 -40 22.41 -29.34
255823 -40 22.41 -29.34
251969 -40 22.41 -29.34
254911 -40 22.41 -29.34
252074 -40 22.41 -29.34
251144 -40 22.41 -29.34
257426 -40 22.41 -29.34
254241 -40 22.41 -29.34
254568 -40 22.41 -29.34
202290 -40 28.12 -15.64
204461 -40 28.12 -15.64
210786 -40 28.12 -15.64
210100 -40 28.12 -15.64
208506 -40 28.12 -15.64
207214 -40 28.12 -15.64
210542 -40 28.12 -15.64
205575 -40 28.12 -15.64
212588 -40 28.12 -15.64
209918 -40 28.12 -15.64
208481 -40 28.12 -15.64
204686 -40 28.12 -15.64
204979 -40 28.12 -15.64
208307 -40 28.12 -15.64
213771 -40 28.12 -15.64
213498 -40 28.12 -15.64
207128 -40 28.12 -15.64
208578 -40 28.12 -15.64
209343 -40 28.12 -15.64
209563 -40 28.12 -15.64
210338 -40 28.12 -15.64
207763 -40 28.12 -15.64
207742 -40 28.12 -15.64
211757 -40 28.12 -15.64
211422 -40 28.12 -15.64
211372 -40 28.12 -15.64
207099 -40 28.12 -15.64
208974 -40 28.12 -15.64
209968 -40 28.12 -15.64
209043 -40 28.12 -15.64
208880 -40 28.12 -15.64
204830 -40 28.12 -15.64
215122 -40 28.12 -15.64
206970 -40 28.12 -15.64
211902 -40 28.12 -15.64
211229 -40 28.12 -15.64
211755 -40 28.12 -15.64
211221 -40 28.12 -15.64
205787 -40 28.12 -15.64
152960 -40 22.16 -7.35
161259 -40 22.16 -7.35
160592 -40 22.16 -7.35
156238 -40 22.16 -7.35
160299 -40 22.16 -7.35
155061 -40 22.16 -7.35
162134 -40 22.16 -7.35
157470 -40 22.16 -7.35
158179 -40 22.16 -7.35
155958 -40 22.16 -7.35
155947 -40 22.16 -7.35
164223 -40 22.16 -7.35
153930 -40 22.16 -7.35
161214 -40 22.16 -7.35
160707 -40 22.16 -7.35
158645 -40 22.16 -7.35
158101 -40 22.16 -7.35
158342 -40 22.16 -7.35
153071 -40 22.16 -7.35
158202 -40 22.16 -7.35
159710 -40 22.16 -7.35
159773 -40 22.16 -7.35
160639 -40 22.16 -7.35
156261 -40 22.16 -7.35
160324 -40 22.16 -7.35
160451 -40 22.16 -7.35
157338 -40 22.16 -7.35
156834 -40 22.16 -7.35
160638 -40 22.16 -7.35
161812 -40 22.16 -7.35
155801 -40 22.16 -7.35
160298 -40 22.16 -7.35
165206 -40 22.16 -7.35
162337 -40 22.16 -7.35
155984 -40 22.16 -7.35
158444 -40 22.16 -7.35
156810 -40 22.16 -7.35
159446 -40 22.16 -7.35
158210 -40 22.16 -7.35
122123 -40 1.85 18.99
122975 -40 1.85 18.99
121418 -40 1.85 18.99
124749 -40 1.85 18.99
124061 -40 1.85 18.99
121712 -40 1.85 18.99
123106 -40 1.85 18.99
124928 -40 1.85 18.99
118434 -40 1.85 18.99
120568 -40 1.85 18.99
123931 -40 1.85 18.99
129287 -40 1.85 18.99
120944 -40 1.85 18.99
117282 -40 1.85 18.99
122184 -40 1.85 18.99
122318 -40 1.85 18.99
113881 -40 1.85 18.99
124338 -40 1.85 18.99
123683 -40 1.85 18.99
125185 -40 1.85 18.99
124579 -40 1.85 18.99
124127 -40 1.85 18.99
125048 -40 1.85 18.99
124914 -40 1.85 18.99
125995 -40 1.85 18.99
126472 -40 1.85 18.99
129417 -40 1.85 18.99
122567 -40 1.85 18.99
126357 -40 1.85 18.99
119778 -40 1.85 18.99
125388 -40 1.85 18.99
125197 -40 1.85 18.99
122798 -40 1.85 18.99
122699 -40 1.85 18.99
120671 -40 1.85 18.99
120233 -40 1.85 18.99
122632 -40 1.85 18.99
122207 -40 1.85 18.99
122131 -40 1.85 18.99
116094 -40 -16.04 -4.66
116573 -40 -16.04 -4.66
109233 -40 -16.04 -4.66
116400 -40 -16.04 -4.66
115963 -40 -16.04 -4.66
116356 -40 -16.04 -4.66
119949 -40 -16.04 -4.66
112258 -40 -16.04 -4.66
115558 -40 -16.04 -4.66
114224 -40 -16.04 -4.66
117584 -40 -16.04 -4.66
115131 -40 -16.04 -4.66
113019 -40 -16.04 -4.66
120375 -40 -16.04 -4.66
121998 -40 -16.04 -4.66
118452 -40 -16.04 -4.66
113574 -40 -16.04 -4.66
113921 -40 -16.04 -4.66
110842 -40 -16.04 -4.66
115495 -40 -16.04 -4.66
113059 -40 -16.04 -4.66
113492 -40 -16.04 -4.66
114656 -40 -16.04 -4.66
123973 -40 -16.04 -4.66
117850 -40 -16.04 -4.66
114305 -40 -16.04 -4.66
117271 -40 -16.04 -4.66
116385 -40 -16.04 -4.66
115126 -40 -16.04 -4.66
113683 -40 -16.04 -4.66
116817 -40 -16.04 -4.66
120470 -40 -16.04 -4.66
116038 -40 -16.04 -4.66
114820 -40 -16.04 -4.66
114276 -40 -16.04 -4.66
115494 -40 -16.04 -4.66
118795 -40 -16.04 -4.66
114303 -40 -16.04 -4.66
116274 -40 -16.04 -4.66
197332 -40 -29.32 6.72
203828 -40 -29.32 6.72
196258 -40 -29.32 6.72
197483 -40 -29.32 6.72
199858 -40 -29.32 6.72
201635 -40 -29.32 6.72
201817 -40 -29.32 6.72
200550 -40 -29.32 6.72
201926 -40 -29.32 6.72
198240 -40 -29.32 6.72
197887 -40 -29.32 6.72
194966 -40 -29.32 6.72
197834 -40 -29.32 6.72
194359 -40 -29.32 6.72
203084 -40 -29.32 6.72
197801 -40 -29.32 6.72
198525 -40 -29.32 6.72
198774 -40 -29.32 6.72
199154 -40 -29.32 6.72
199603 -40 -29.32 6.72
195018 -40 -29.32 6.72
203539 -40 -29.32 6.72
197376 -40 -29.32 6.72
199698 -40 -29.32 6.72
200899 -40 -29.32 6.72
200646 -40 -29.32 6.72
199886 -40 -29.32 6.72
199895 -40 -29.32 6.72
196938 -40 -29.32 6.72
202950 -40 -29.32 6.72
198164 -40 -29.32 6.72
197243 -40 -29.32 6.72
199343 -40 -29.32 6.72
198053 -40 -29.32 6.72
198627 -40 -29.32 6.72
197774 -40 -29.32 6.72
197582 -40 -29.32 6.72
199538 -40 -29.32 6.72
197776 -40 -29.32 6.72
106355 -40 -4.17 15.97
104992 -40 -4.17 15.97
108946 -40 -4.17 15.97
107519 -40 -4.17 15.97
107116 -40 -4.17 15.97
110048 -40 -4.17 15.97
104578 -40 -4.17 15.97
109048 -40 -4.17 15.97
103142 -40 -4.17 15.97
105623 -40 -4.17 15.97
107632 -40 -4.17 15.97
107314 -40 -4.17 15.97
105688 -40 -4.17 15.97
107061 -40 -4.17 15.97
102355 -40 -4.17 15.97
108475 -40 -4.17 15.97
112638 -40 -4.17 15.97
106570 -40 -4.17 15.97
109697 -40 -4.17 15.97
112405 -40 -4.17 15.97
106461 -40 -4.17 15.97
109826 -40 -4.17 15.97
102970 -40 -4.17 15.97
106822 -40 -4.17 15.97
101532 -40 -4.17 15.97
107797 -40 -4.17 15.97
105522 -40 -4.17 15.97
101069 -40 -4.17 15.97
106371 -40 -4.17 15.97
108498 -40 -4.17 15.97
107919 -40 -4.17 15.97
107752 -40 -4.17 15.97
106788 -40 -4.17 15.97
107128 -40 -4.17 15.97
111039 -40 -4.17 15.97
112469 -40 -4.17 15.97
111559 -40 -4.17 15.97
107578 -40 -4.17 15.97
116557 -40 -4.17 15.97
48818 -40 -5.86 -5.89
49348 -40 -5.86 -5.89
49104 -40 -5.86 -5.89
48890 -40 -5.86 -5.89
47257 -40 -5.86 -5.89
45231 -40 -5.86 -5.89
47704 -40 -5.86 -5.89
44429 -40 -5.86 -5.89
47092 -40 -5.86 -5.89
46391 -40 -5.86 -5.89
42873 -40 -5.86 -5.89
51890 -40 -5.86 -5.89
48948 -40 -5.86 -5.89
46376 -40 -5.86 -5.89
53356 -40 -5.86 -5.89
43189 -40 -5.86 -5.89
51142 -40 -5.86 -5.89
43484 -40 -5.86 -5.89
46334 -40 -5.86 -5.89
51048 -40 -5.86 -5.89
48095 -40 -5.86 -5.89
47326 -40 -5.86 -5.89
48985 -40 -5.86 -5.89
53971 -40 -5.86 -5.89
47648 -40 -5.86 -5.89
45907 -40 -5.86 -5.89
46736 -40 -5.86 -5.89
49214 -40 -5.86 -5.89
46189 -40 -5.86 -5.89
40403 -40 -5.86 -5.89
52546 -40 -5.86 -5.89
50658 -40 -5.86 -5.89
47626 -40 -5.86 -5.89
47205 -40 -5.86 -5.89
47726 -40 -5.86 -5.89
51418 -40 -5.86 -5.89
52132 -40 -5.86 -5.89
43184 -40 -5.86 -5.89
44962 -40 -5.86 -5.89
154176 -40 1.36 22.33
160705 -40 1.36 22.33
156213 -40 1.36 22.33
156760 -40 1.36 22.33
156701 -40 1.36 22.33
158379 -40 1.36 22.33
155456 -40 1.36 22.33
155693 -40 1.36 22.33
155951 -40 1.36 22.33
153159 -40 1.36 22.33
160459 -40 1.36 22.33
159521 -40 1.36 22.33
158392 -40 1.36 22.33
157487 -40 1.36 22.33
156054 -40 1.36 22.33
155873 -40 1.36 22.33
159637 -40 1.36 22.33
154459 -40 1.36 22.33
157413 -40 1.36 22.33
154643 -40 1.36 22.33
154903 -40 1.36 22.33
158084 -40 1.36 22.33
158022 -40 1.36 22.33
154488 -40 1.36 22.33
155404 -40 1.36 22.33
158379 -40 1.36 22.33
157205 -40 1.36 22.33
160308 -40 1.36 22.33
156350 -40 1.36 22.33
154699 -40 1.36 22.33
161018 -40 1.36 22.33
158619 -40 1.36 22.33
157445 -40 1.36 22.33
165810 -40 1.36 22.33
156594 -40 1.36 22.33
156570 -40 1.36 22.33
158527 -40 1.36 22.33
158989 -40 1.36 22.33
157161 -40 1.36 22.33
171198 -40 -1.3 25.59
167592 -40 -1.3 25.59
167164 -40 -1.3 25.59
175490 -40 -1.3 25.59
173579 -40 -1.3 25.59
167926 -40 -1.3 25.59
166769 -40 -1.3 25.59
171730 -40 -1.3 25.59
168859 -40 -1.3 25.59
170463 -40 -1.3 25.59
172908 -40 -1.3 25.59
170014 -40 -1.3 25.59
171340 -40 -1.3 25.59
172035 -40 -1.3 25.59
169618 -40 -1.3 25.59
166544 -40 -1.3 25.59
171991 -40 -1.3 25.59
167897 -40 -1.3 25.59
171674 -40 -1.3 25.59
169858 -40 -1.3 25.59
165284 -40 -1.3 25.59
167254 -40 -1.3 25.59
165620 -40 -1.3 25.59
169532 -40 -1.3 25.59
170619 -40 -1.3 25.59
168319 -40 -1.3 25.59
172356 -40 -1.3 25.59
164744 -40 -1.3 25.59
170058 -40 -1.3 25.59
167903 -40 -1.3 25.59
172066 -40 -1.3 25.59
168875 -40 -1.3 25.59
169185 -40 -1.3 25.59
165460 -40 -1.3 25.59
170911 -40 -1.3 25.59
169432 -40 -1.3 25.59
171407 -40 -1.3 25.59
165074 -40 -1.3 25.59
170578 -40 -1.3 25.59
