#rtt sig_str x y
201362 -40 -29.38 -8.13
201651 -40 -29.38 -8.13
200476 -40 -29.38 -8.13
203452 -40 -29.38 -8.13
202300 -40 -29.38 -8.13
202680 -40 -29.38 -8.13
204437 -40 -29.38 -8.13
202545 -40 -29.38 -8.13
204213 -40 -29.38 -8.13
203568 -40 -29.38 -8.13
202526 -40 -29.38 -8.13
207284 -40 -29.38 -8.13
201832 -40 -29.38 -8.13
200333 -40 -29.38 -8.13
207379 -40 -29.38 -8.13
199252 -40 -29.38 -8.13
206848 -40 -29.38 -8.13
202775 -40 -29.38 -8.13
201791 -40 -29.38 -8.13
204385 -40 -29.38 -8.13
204886 -40 -29.38 -8.13
200858 -40 -29.38 -8.13
201190 -40 -29.38 -8.13
200544 -40 -29.38 -8.13
202903 -40 -29.38 -8.13
204402 -40 -29.38 -8.13
202710 -40 -29.38 -8.13
201931 -40 -29.38 -8.13
204415 -40 -29.38 -8.13
200013 -40 -29.38 -8.13
200590 -40 -29.38 -8.13
203275 -40 -29.38 -8.13
203550 -40 -29.38 -8.13
206266 -40 -29.38 -8.13
199471 -40 -29.38 -8.13
200437 -40 -29.38 -8.13
203465 -40 -29.38 -8.13
200731 -40 -29.38 -8.13
202510 -40 -29.38 -8.13
201609 -40 -0.25 -29.55
206194 -40 -0.25 -29.55
203435 -40 -0.25 -29.55
206600 -40 -0.25 -29.55
203328 -40 -0.25 -29.55
203444 -40 -0.25 -29.55
201810 -40 -0.25 -29.55
207916 -40 -0.25 -29.55
200372 -40 -0.25 -29.55
202840 -40 -0.25 -29.55
205300 -40 -0.25 -29.55
202897 -40 -0.25 -29.55
206416 -40 -0.25 -29.55
205330 -40 -0.25 -29.55
207207 -40 -0.25 -29.55
204585 -40 -0.25 -29.55
208230 -40 -0.25 -29.55
205525 -40 -0.25 -29.55
205146 -40 -0.25 -29.55
204368 -40 -0.25 -29.55
205400 -40 -0.25 -29.55
203501 -40 -0.25 -29.55
202081 -40 -0.25 -29.55
203796 -40 -0.25 -29.55
202493 -40 -0.25 -29.55
201634 -40 -0.25 -29.55
201789 -40 -0.25 -29.55
204913 -40 -0.25 -29.55
206915 -40 -0.25 -29.55
201440 -40 -0.25 -29.55
205730 -40 -0.25 -29.55
203772 -40 -0.25 -29.55
208769 -40 -0.25 -29.55
205681 -40 -0.25 -29.55
203020 -40 -0.25 -29.55
205429 -40 -0.25 -29.55
203314 -40 -0.25 -29.55
204267 -40 -0.25 -29.55
206969 -40 -0.25 -29.55
159978 -40 -21.97 -11.03
163406 -40 -21.97 -11.03
165805 -40 -21.97 -11.03
159350 -40 -21.97 -11.03
161618 -40 -21.97 -11.03
164192 -40 -21.97 -11.03
161987 -40 -21.97 -11.03
162761 -40 -21.97 -11.03
163805 -40 -21.97 -11.03
160517 -40 -21.97 -11.03
158755 -40 -21.97 -11.03
160914 -40 -21.97 -11.03
162410 -40 -21.97 -11.03
159230 -40 -21.97 -11.03
162697 -40 -21.97 -11.03
160546 -40 -21.97 -11.03
164952 -40 -21.97 -11.03
163157 -40 -21.97 -11.03
161212 -40 -21.97 -11.03
163998 -40 -21.97 -11.03
164129 -40 -21.97 -11.03
163625 -40 -21.97 -11.03
165221 -40 -21.97 -11.03
160665 -40 -21.97 -11.03
160089 -40 -21.97 -11.03
158472 -40 -21.97 -11.03
157554 -40 -21.97 -11.03
161527 -40 -21.97 -11.03
166751 -40 -21.97 -11.03
161149 -40 -21.97 -11.03
161412 -40 -21.97 -11.03
159962 -40 -21.97 -11.03
158206 -40 -21.97 -11.03
164743 -40 -21.97 -11.03
161816 -40 -21.97 -11.03
164654 -40 -21.97 -11.03
159996 -40 -21.97 -11.03
162258 -40 -21.97 -11.03
163881 -40 -21.97 -11.03
243255 -40 -21.48 -29.21
236999 -40 -21.48 -29.21
244799 -40 -21.48 -29.21
241410 -40 -21.48 -29.21
245669 -40 -21.48 -29.21
242998 -40 -21.48 -29.21
238355 -40 -21.48 -29.21
241840 -40 -21.48 -29.21
242705 -40 -21.48 -29.21
243304 -40 -21.48 -29.21
242068 -40 -21.48 -29.21
241338 -40 -21.48 -29.21
238761 -40 -21.48 -29.21
236768 -40 -21.48 -29.21
244101 -40 -21.48 -29.21
235866 -40 -21.48 -29.21
240936 -40 -21.48 -29.21
241358 -40 -21.48 -29.21
243768 -40 -21.48 -29.21
243948 -40 -21.48 -29.21
238164 -40 -21.48 -29.21
241999 -40 -21.48 -29.21
240916 -40 -21.48 -29.21
237406 -40 -21.48 -29.21
244237 -40 -21.48 -29.21
240287 -40 -21.48 -29.21
244842 -40 -21.48 -29.21
236991 -40 -21.48 -29.21
245559 -40 -21.48 -29.21
240416 -40 -21.48 -29.21
239468 -40 -21.48 -29.21
240989 -40 -21.48 -29.21
240923 -40 -21.48 -29.21
243021 -40 -21.48 -29.21
239688 -40 -21.48 -29.21
240866 -40 -21.48 -29.21
244400 -40 -21.48 -29.21
239602 -40 -21.48 -29.21
243037 -40 -21.48 -29.21
185904 -40 -16.89 22.64
180786 -40 -16.89 22.64
186860 -40 -16.89 22.64
183087 -40 -16.89 22.64
182462 -40 -16.89 22.64
189973 -40 -16.89 22.64
185199 -40 -16.89 22.64
186626 -40 -16.89 22.64
182182 -40 -16.89 22.64
187570 -40 -16.89 22.64
185058 -40 -16.89 22.64
184462 -40 -16.89 22.64
190861 -40 -16.89 22.64
188081 -40 -16.89 22.64
188170 -40 -16.89 22.64
185023 -40 -16.89 22.64
188397 -40 -16.89 22.64
187864 -40 -16.89 22.64
188817 -40 -16.89 22.64
187486 -40 -16.89 22.64
181326 -40 -16.89 22.64
182014 -40 -16.89 22.64
189950 -40 -16.89 22.64
182913 -40 -16.89 22.64
186626 -40 -16.89 22.64
182687 -40 -16.89 22.64
187532 -40 -16.89 22.64
183602 -40 -16.89 22.64
186537 -40 -16.89 22.64
184860 -40 -16.89 22.64
178588 -40 -16.89 22.64
188853 -40 -16.89 22.64
183801 -40 -16.89 22.64
187159 -40 -16.89 22.64
186225 -40 -16.89 22.64
184847 -40 -16.89 22.64
181664 -40 -16.89 22.64
190680 -40 -16.89 22.64
188901 -40 -16.89 22.64
150807 -40 -4.89 -21.75
148100 -40 -4.89 -21.75
149145 -40 -4.89 -21.75
149983 -40 -4.89 -21.75
150801 -40 -4.89 -21.75
146090 -40 -4.89 -21.75
151017 -40 -4.89 -21.75
150105 -40 -4.89 -21.75
150679 -40 -4.89 -21.75
144491 -40 -4.89 -21.75
147405 -40 -4.89 -21.75
149105 -40 -4.89 -21.75
147745 -40 -4.89 -21.75
150393 -40 -4.89 -21.75
152366 -40 -4.89 -21.75
153828 -40 -4.89 -21.75
151681 -40 -4.89 -21.75
147109 -40 -4.89 -21.75
148640 -40 -4.89 -21.75
147774 -40 -4.89 -21.75
146597 -40 -4.89 -21.75
150010 -40 -4.89 -21.75
148265 -40 -4.89 -21.75
152643 -40 -4.89 -21.75
149892 -40 -4.89 -21.75
151035 -40 -4.89 -21.75
151994 -40 -4.89 -21.75
153428 -40 -4.89 -21.75
153929 -40 -4.89 -21.75
149805 -40 -4.89 -21.75
152185 -40 -4.89 -21.75
150539 -40 -4.89 -21.75
150732 -40 -4.89 -21.75
151486 -40 -4.89 -21.75
152585 -40 -4.89 -21.75
153522 -40 -4.89 -21.75
151135 -40 -4.89 -21.75
151047 -40 -4.89 -21.75
148311 -40 -4.89 -21.75
173648 -40 -15.12 -21.69
178748 -40 -15.12 -21.69
180166 -40 -15.12 -21.69
180008 -40 -15.12 -21.69
183565 -40 -15.12 -21.69
182899 -40 -15.12 -21.69
177237 -40 -15.12 -21.69
176904 -40 -15.12 -21.69
172761 -40 -15.12 -21.69
181978 -40 -15.12 -21.69
176034 -40 -15.12 -21.69
181282 -40 -15.12 -21.69
180479 -40 -15.12 -21.69
174102 -40 -15.12 -21.69
184188 -40 -15.12 -21.69
181422 -40 -15.12 -21.69
181571 -40 -15.12 -21.69
180178 -40 -15.12 -21.69
179561 -40 -15.12 -21.69
176925 -40 -15.12 -21.69
180688 -40 -15.12 -21.69
177410 -40 -15.12 -21.69
180909 -40 -15.12 -21.69
175397 -40 -15.12 -21.69
175627 -40 -15.12 -21.69
176346 -40 -15.12 -21.69
177457 -40 -15.12 -21.69
177199 -40 -15.12 -21.69
178581 -40 -15.12 -21.69
179625 -40 -15.12 -21.69
181504 -40 -15.12 -21.69
179052 -40 -15.12 -21.69
174509 -40 -15.12 -21.69
181149 -40 -15.12 -21.69
174575 -40 -15.12 -21.69
176984 -40 -15.12 -21.69
175754 -40 -15.12 -21.69
177891 -40 -15.12 -21.69
178832 -40 -15.12 -21.69
169116 -40 -24.96 -6.25
174522 -40 -24.96 -6.25
175704 -40 -24.96 -6.25
172221 -40 -24.96 -6.25
173930 -40 -24.96 -6.25
176528 -40 -24.96 -6.25
176490 -40 -24.96 -6.25
173559 -40 -24.96 -6.25
174537 -40 -24.96 -6.25
174565 -40 -24.96 -6.25
173982 -40 -24.96 -6.25
173550 -40 -24.96 -6.25
173686 -40 -24.96 -6.25
175921 -40 -24.96 -6.25
168526 -40 -24.96 -6.25
172472 -40 -24.96 -6.25
171631 -40 -24.96 -6.25
174666 -40 -24.96 -6.25
177015 -40 -24.96 -6.25
172323 -40 -24.96 -6.25
174437 -40 -24.96 -6.25
175044 -40 -24.96 -6.25
167937 -40 -24.96 -6.25
173206 -40 -24.96 -6.25
171314 -40 -24.96 -6.25
171990 -40 -24.96 -6.25
178633 -40 -24.96 -6.25
171073 -40 -24.96 -6.25
175342 -40 -24.96 -6.25
176821 -40 -24.96 -6.25
173550 -40 -24.96 -6.25
176082 -40 -24.96 -6.25
177108 -40 -24.96 -6.25
171889 -40 -24.96 -6.25
172134 -40 -24.96 -6.25
175714 -40 -24.96 -6.25
174349 -40 -24.96 -6.25
172286 -40 -24.96 -6.25
173302 -40 -24.96 -6.25
65657 -40 -9.27 -0.32
69390 -40 -9.27 -0.32
60048 -40 -9.27 -0.32
65202 -40 -9.27 -0.32
65146 -40 -9.27 -0.32
62244 -40 -9.27 -0.32
67517 -40 -9.27 -0.32
64888 -40 -9.27 -0.32
64840 -40 -9.27 -0.32
65941 -40 -9.27 -0.32
65897 -40 -9.27 -0.32
65842 -40 -9.27 -0.32
67242 -40 -9.27 -0.32
67353 -40 -9.27 -0.32
67950 -40 -9.27 -0.32
63030 -40 -9.27 -0.32
65075 -40 -9.27 -0.32
63663 -40 -9.27 -0.32
67063 -40 -9.27 -0.32
68148 -40 -9.27 -0.32
68452 -40 -9.27 -0.32
64611 -40 -9.27 -0.32
63522 -40 -9.27 -0.32
66617 -40 -9.27 -0.32
62526 -40 -9.27 -0.32
63299 -40 -9.27 -0.32
64777 -40 -9.27 -0.32
58912 -40 -9.27 -0.32
68125 -40 -9.27 -0.32
65732 -40 -9.27 -0.32
68531 -40 -9.27 -0.32
64682 -40 -9.27 -0.32
61524 -40 -9.27 -0.32
67121 -40 -9.27 -0.32
64357 -40 -9.27 -0.32
64821 -40 -9.27 -0.32
71461 -40 -9.27 -0.32
61817 -40 -9.27 -0.32
62825 -40 -9.27 -0.32
161997 -40 -20 -11.06
159339 -40 -20 -11.06
159511 -40 -20 -11.06
158215 -40 -20 -11.06
151220 -40 -20 -11.06
157292 -40 -20 -11.06
155618 -40 -20 -11.06
158574 -40 -20 -11.06
154552 -40 -20 -11.06
157278 -40 -20 -11.06
155293 -40 -20 -11.06
154919 -40 -20 -11.06
155810 -40 -20 -11.06
154403 -40 -20 -11.06
153923 -40 -20 -11.06
151927 -40 -20 -11.06
156278 -40 -20 -11.06
152938 -40 -20 -11.06
156062 -40 -20 -11.06
156948 -40 -20 -11.06
158745 -40 -20 -11.06
154018 -40 -20 -11.06
156187 -40 -20 -11.06
156256 -40 -20 -11.06
150324 -40 -20 -11.06
156342 -40 -20 -11.06
154958 -40 -20 -11.06
158434 -40 -20 -11.06
155529 -40 -20 -11.06
158162 -40 -20 -11.06
157145 -40 -20 -11.06
155184 -40 -20 -11.06
158162 -40 -20 -11.06
159394 -40 -20 -11.06
159772 -40 -20 -11.06
157311 -40 -20 -11.06
158648 -40 -20 -11.06
158078 -40 -20 -11.06
158594 -40 -20 -11.06
