#rtt sig_str x y
133773 -40 16.28 -12.08
136463 -40 16.28 -12.08
134659 -40 16.28 -12.08
135070 -40 16.28 -12.08
133167 -40 16.28 -12.08
133149 -40 16.28 -12.08
130054 -40 16.28 -12.08
134618 -40 16.28 -12.08
135238 -40 16.28 -12.08
132904 -40 16.28 -12.08
134378 -40 16.28 -12.08
129284 -40 16.28 -12.08
137311 -40 16.28 -12.08
133561 -40 16.28 -12.08
136534 -40 16.28 -12.08
130188 -40 16.28 -12.08
136514 -40 16.28 -12.08
140624 -40 16.28 -12.08
135691 -40 16.28 -12.08
135718 -40 16.28 -12.08
139344 -40 16.28 -12.08
133266 -40 16.28 -12.08
134666 -40 16.28 -12.08
131102 -40 16.28 -12.08
132098 -40 16.28 -12.08
137337 -40 16.28 -12.08
137326 -40 16.28 -12.08
139750 -40 16.28 -12.08
135069 -40 16.28 -12.08
134609 -40 16.28 -12.08
135598 -40 16.28 -12.08
136028 -40 16.28 -12.08
135998 -40 16.28 -12.08
131429 -40 16.28 -12.08
133286 -40 16.28 -12.08
137435 -40 16.28 -12.08
131674 -40 16.28 -12.08
136111 -40 16.28 -12.08
132200 -40 16.28 -12.08
190625 -40 -28.76 -0.32
194018 -40 -28.76 -0.32
194422 -40 -28.76 -0.32
190052 -40 -28.76 -0.32
193578 -40 -28.76 -0.32
195300 -40 -28.76 -0.32
194379 -40 -28.76 -0.32
193562 -40 -28.76 -0.32
190844 -40 -28.76 -0.32
194225 -40 -28.76 -0.32
195890 -40 -28.76 -0.32
194262 -40 -28.76 -0.32
191176 -40 -28.76 -0.32
192323 -40 -28.76 -0.32
190396 -40 -28.76 -0.32
193984 -40 -28.76 -0.32
191715 -40 -28.76 -0.32
194186 -40 -28.76 -0.32
188608 -40 -28.76 -0.32
190259 -40 -28.76 -0.32
192772 -40 -28.76 -0.32
193593 -40 -28.76 -0.32
189754 -40 -28.76 -0.32
194405 -40 -28.76 -0.32
192707 -40 -28.76 -0.32
193617 -40 -28.76 -0.32
191960 -40 -28.76 -0.32
189767 -40 -28.76 -0.32
191019 -40 -28.76 -0.32
191873 -40 -28.76 -0.32
193465 -40 -28.76 -0.32
189960 -40 -28.76 -0.32
191262 -40 -28.76 -0.32
193495 -40 -28.76 -0.32
193538 -40 -28.76 -0.32
186787 -40 -28.76 -0.32
196341 -40 -28.76 -0.32
190717 -40 -28.76 -0.32
198223 -40 -28.76 -0.32
56291 -40 8.02 -3.42
54720 -40 8.02 -3.42
55682 -40 8.02 -3.42
53119 -40 8.02 -3.42
58226 -40 8.02 -3.42
54445 -40 8.02 -3.42
58080 -40 8.02 -3.42
54368 -40 8.02 -3.42
56394 -40 8.02 -3.42
57213 -40 8.02 -3.42
60583 -40 8.02 -3.42
53955 -40 8.02 -3.42
57116 -40 8.02 -3.42
52238 -40 8.02 -3.42
54168 -40 8.02 -3.42
55796 -40 8.02 -3.42
57232 -40 8.02 -3.42
58325 -40 8.02 -3.42
56640 -40 8.02 -3.42
56627 -40 8.02 -3.42
58837 -40 8.02 -3.42
55663 -40 8.02 -3.42
57623 -40 8.02 -3.42
54500 -40 8.02 -3.42
60682 -40 8.02 -3.42
53564 -40 8.02 -3.42
61339 -40 8.02 -3.42
53492 -40 8.02 -3.42
57095 -40 8.02 -3.42
54915 -40 8.02 -3.42
55046 -40 8.02 -3.42
55240 -40 8.02 -3.42
57000 -40 8.02 -3.42
56909 -40 8.02 -3.42
55429 -40 8.02 -3.42
54930 -40 8.02 -3.42
54874 -40 8.02 -3.42
54188 -40 8.02 -3.42
58196 -40 8.02 -3.42
164694 -40 14.93 19.92
162177 -40 14.93 19.92
163607 -40 14.93 19.92
159413 -40 14.93 19.92
167271 -40 14.93 19.92
163991 -40 14.93 19.92
160002 -40 14.93 19.92
162318 -40 14.93 19.92
161886 -40 14.93 19.92
163840 -40 14.93 19.92
162706 -40 14.93 19.92
163547 -40 14.93 19.92
158611 -40 14.93 19.92
162103 -40 14.93 19.92
164413 -40 14.93 19.92
163970 -40 14.93 19.92
160752 -40 14.93 19.92
164455 -40 14.93 19.92
166445 -40 14.93 19.92
163208 -40 14.93 19.92
158593 -40 14.93 19.92
159376 -40 14.93 19.92
163805 -40 14.93 19.92
165567 -40 14.93 19.92
162883 -40 14.93 19.92
167962 -40 14.93 19.92
162113 -40 14.93 19.92
165198 -40 14.93 19.92
165163 -40 14.93 19.92
166022 -40 14.93 19.92
164304 -40 14.93 19.92
163946 -40 14.93 19.92
165751 -40 14.93 19.92
163262 -40 14.93 19.92
164612 -40 14.93 19.92
162813 -40 14.93 19.92
160895 -40 14.93 19.92
165123 -40 14.93 19.92
164744 -40 14.93 19.92
34079 -40 -0.09 5
29971 -40 -0.09 5
28539 -40 -0.09 5
33476 -40 -0.09 5
28791 -40 -0.09 5
32025 -40 -0.09 5
26963 -40 -0.09 5
31557 -40 -0.09 5
30444 -40 -0.09 5
29614 -40 -0.09 5
26559 -40 -0.09 5
30510 -40 -0.09 5
31102 -40 -0.09 5
32858 -40 -0.09 5
31467 -40 -0.09 5
30030 -40 -0.09 5
31695 -40 -0.09 5
27206 -40 -0.09 5
25195 -40 -0.09 5
33477 -40 -0.09 5
28405 -40 -0.09 5
32771 -40 -0.09 5
26562 -40 -0.09 5
29860 -40 -0.09 5
31887 -40 -0.09 5
29558 -40 -0.09 5
29917 -40 -0.09 5
27102 -40 -0.09 5
28949 -40 -0.09 5
31338 -40 -0.09 5
29855 -40 -0.09 5
30095 -40 -0.09 5
26635 -40 -0.09 5
27032 -40 -0.09 5
25902 -40 -0.09 5
28954 -40 -0.09 5
31981 -40 -0.09 5
29096 -40 -0.09 5
32531 -40 -0.09 5
242259 -40 -16.51 -28.49
236884 -40 -16.51 -28.49
238960 -40 -16.51 -28.49
235437 -40 -16.51 -28.49
236649 -40 -16.51 -28.49
234740 -40 -16.51 -28.49
238817 -40 -16.51 -28.49
236208 -40 -16.51 -28.49
238771 -40 -16.51 -28.49
235645 -40 -16.51 -28.49
235818 -40 -16.51 -28.49
238914 -40 -16.51 -28.49
239473 -40 -16.51 -28.49
240334 -40 -16.51 -28.49
235722 -40 -16.51 -28.49
238982 -40 -16.51 -28.49
237946 -40 -16.51 -28.49
239524 -40 -16.51 -28.49
241316 -40 -16.51 -28.49
241606 -40 -16.51 -28.49
235973 -40 -16.51 -28.49
235280 -40 -16.51 -28.49
236894 -40 -16.51 -28.49
238295 -40 -16.51 -28.49
236452 -40 -16.51 -28.49
234463 -40 -16.51 -28.49
240161 -40 -16.51 -28.49
237614 -40 -16.51 -28.49
245409 -40 -16.51 -28.49
235465 -40 -16.51 -28.49
235616 -40 -16.51 -28.49
235627 -40 -16.51 -28.49
234872 -40 -16.51 -28.49
240136 -40 -16.51 -28.49
238620 -40 -16.51 -28.49
240670 -40 -16.51 -28.49
239724 -40 -16.51 -28.49
238968 -40 -16.51 -28.49
238372 -40 -16.51 -28.49
146739 -40 -18.12 12.55
145943 -40 -18.12 12.55
145035 -40 -18.12 12.55
144608 -40 -18.12 12.55
145293 -40 -18.12 12.55
143849 -40 -18.12 12.55
143852 -40 -18.12 12.55
145048 -40 -18.12 12.55
147726 -40 -18.12 12.55
144917 -40 -18.12 12.55
146464 -40 -18.12 12.55
143055 -40 -18.12 12.55
142127 -40 -18.12 12.55
146521 -40 -18.12 12.55
146408 -40 -18.12 12.55
142362 -40 -18.12 12.55
141094 -40 -18.12 12.55
147629 -40 -18.12 12.55
140949 -40 -18.12 12.55
146895 -40 -18.12 12.55
143902 -40 -18.12 12.55
142610 -40 -18.12 12.55
145607 -40 -18.12 12.55
145191 -40 -18.12 12.55
145015 -40 -18.12 12.55
149518 -40 -18.12 12.55
145288 -40 -18.12 12.55
144748 -40 -18.12 12.55
147440 -40 -18.12 12.55
147483 -40 -18.12 12.55
146779 -40 -18.12 12.55
148037 -40 -18.12 12.55
149949 -40 -18.12 12.55
145090 -40 -18.12 12.55
146243 -40 -18.12 12.55
143434 -40 -18.12 12.55
141414 -40 -18.12 12.55
144303 -40 -18.12 12.55
144502 -40 -18.12 12.55
142807 -40 15.63 -14.07
143949 -40 15.63 -14.07
144074 -40 15.63 -14.07
143471 -40 15.63 -14.07
141082 -40 15.63 -14.07
143667 -40 15.63 -14.07
141319 -40 15.63 -14.07
143853 -40 15.63 -14.07
139562 -40 15.63 -14.07
139756 -40 15.63 -14.07
137533 -40 15.63 -14.07
143308 -40 15.63 -14.07
146763 -40 15.63 -14.07
138137 -40 15.63 -14.07
136572 -40 15.63 -14.07
144073 -40 15.63 -14.07
144870 -40 15.63 -14.07
143343 -40 15.63 -14.07
141083 -40 15.63 -14.07
143838 -40 15.63 -14.07
141070 -40 15.63 -14.07
139802 -40 15.63 -14.07
145474 -40 15.63 -14.07
141688 -40 15.63 -14.07
144261 -40 15.63 -14.07
143353 -40 15.63 -14.07
141030 -40 15.63 -14.07
142242 -40 15.63 -14.07
141721 -40 15.63 -14.07
140811 -40 15.63 -14.07
146342 -40 15.63 -14.07
143564 -40 15.63 -14.07
138683 -40 15.63 -14.07
137014 -40 15.63 -14.07
139800 -40 15.63 -14.07
136450 -40 15.63 -14.07
144219 -40 15.63 -14.07
140144 -40 15.63 -14.07
144179 -40 15.63 -14.07
167275 -40 -19.86 -14.19
168031 -40 -19.86 -14.19
166224 -40 -19.86 -14.19
166186 -40 -19.86 -14.19
169663 -40 -19.86 -14.19
173476 -40 -19.86 -14.19
167870 -40 -19.86 -14.19
170916 -40 -19.86 -14.19
170411 -40 -19.86 -14.19
169325 -40 -19.86 -14.19
169079 -40 -19.86 -14.19
168890 -40 -19.86 -14.19
168784 -40 -19.86 -14.19
171776 -40 -19.86 -14.19
167939 -40 -19.86 -14.19
171620 -40 -19.86 -14.19
166335 -40 -19.86 -14.19
169013 -40 -19.86 -14.19
173142 -40 -19.86 -14.19
164312 -40 -19.86 -14.19
172483 -40 -19.86 -14.19
169860 -40 -19.86 -14.19
165331 -40 -19.86 -14.19
169674 -40 -19.86 -14.19
169803 -40 -19.86 -14.19
164493 -40 -19.86 -14.19
169272 -40 -19.86 -14.19
168018 -40 -19.86 -14.19
171072 -40 -19.86 -14.19
168375 -40 -19.86 -14.19
170980 -40 -19.86 -14.19
169013 -40 -19.86 -14.19
173488 -40 -19.86 -14.19
169255 -40 -19.86 -14.19
171216 -40 -19.86 -14.19
171107 -40 -19.86 -14.19
171633 -40 -19.86 -14.19
170384 -40 -19.86 -14.19
169652 -40 -19.86 -14.19
217778 -40 -24.7 -20.98
209159 -40 -24.7 -20.98
215188 -40 -24.7 -20.98
217230 -40 -24.7 -20.98
212547 -40 -24.7 -20.98
215436 -40 -24.7 -20.98
212762 -40 -24.7 -20.98
215168 -40 -24.7 -20.98
220851 -40 -24.7 -20.98
217535 -40 -24.7 -20.98
210859 -40 -24.7 -20.98
211519 -40 -24.7 -20.98
214756 -40 -24.7 -20.98
216189 -40 -24.7 -20.98
211190 -40 -24.7 -20.98
216536 -40 -24.7 -20.98
214351 -40 -24.7 -20.98
219009 -40 -24.7 -20.98
215162 -40 -24.7 -20.98
216343 -40 -24.7 -20.98
214859 -40 -24.7 -20.98
211877 -40 -24.7 -20.98
213954 -40 -24.7 -20.98
214156 -40 -24.7 -20.98
214779 -40 -24.7 -20.98
215471 -40 -24.7 -20.98
214477 -40 -24.7 -20.98
212903 -40 -24.7 -20.98
215396 -40 -24.7 -20.98
215711 -40 -24.7 -20.98
213344 -40 -24.7 -20.98
217099 -40 -24.7 -20.98
212474 -40 -24.7 -20.98
219987 -40 -24.7 -20.98
217592 -40 -24.7 -20.98
213225 -40 -24.7 -20.98
213581 -40 -24.7 -20.98
214754 -40 -24.7 -20.98
217403 -40 -24.7 -20.98
