#rtt sig_str x y
69193 -40 2.6 10.27
70911 -40 2.6 10.27
71118 -40 2.6 10.27
67901 -40 2.6 10.27
65012 -40 2.6 10.27
69298 -40 2.6 10.27
69681 -40 2.6 10.27
71905 -40 2.6 10.27
69147 -40 2.6 10.27
67680 -40 2.6 10.27
72312 -40 2.6 10.27
64847 -40 2.6 10.27
67481 -40 2.6 10.27
75708 -40 2.6 10.27
68489 -40 2.6 10.27
68728 -40 2.6 10.27
69821 -40 2.6 10.27
68736 -40 2.6 10.27
69652 -40 2.6 10.27
69435 -40 2.6 10.27
69082 -40 2.6 10.27
68160 -40 2.6 10.27
69041 -40 2.6 10.27
65203 -40 2.6 10.27
70654 -40 2.6 10.27
66701 -40 2.6 10.27
66763 -40 2.6 10.27
68103 -40 2.6 10.27
73467 -40 2.6 10.27
68520 -40 2.6 10.27
69488 -40 2.6 10.27
65761 -40 2.6 10.27
66755 -40 2.6 10.27
68207 -40 2.6 10.27
70239 -40 2.6 10.27
69761 -40 2.6 10.27
68847 -40 2.6 10.27
71110 -40 2.6 10.27
66609 -40 2.6 10.27
90736 -40 -13.3 -5.28
94830 -40 -13.3 -5.28
92482 -40 -13.3 -5.28
90899 -40 -13.3 -5.28
95588 -40 -13.3 -5.28
89869 -40 -13.3 -5.28
92043 -40 -13.3 -5.28
92010 -40 -13.3 -5.28
93105 -40 -13.3 -5.28
90873 -40 -13.3 -5.28
93685 -40 -13.3 -5.28
93199 -40 -13.3 -5.28
93477 -40 -13.3 -5.28
93828 -40 -13.3 -5.28
92465 -40 -13.3 -5.28
91190 -40 -13.3 -5.28
92951 -40 -13.3 -5.28
91701 -40 -13.3 -5.28
96749 -40 -13.3 -5.28
93054 -40 -13.3 -5.28
92533 -40 -13.3 -5.28
95397 -40 -13.3 -5.28
93437 -40 -13.3 -5.28
94717 -40 -13.3 -5.28
92617 -40 -13.3 -5.28
98513 -40 -13.3 -5.28
94181 -40 -13.3 -5.28
90419 -40 -13.3 -5.28
91316 -40 -13.3 -5.28
94768 -40 -13.3 -5.28
92894 -40 -13.3 -5.28
92221 -40 -13.3 -5.28
97716 -40 -13.3 -5.28
92568 -40 -13.3 -5.28
95448 -40 -13.3 -5.28
93252 -40 -13.3 -5.28
101404 -40 -13.3 -5.28
94506 -40 -13.3 -5.28
90787 -40 -13.3 -5.28
33223 -40 -4.53 1.58
36708 -40 -4.53 1.58
34000 -40 -4.53 1.58
31256 -40 -4.53 1.58
29289 -40 -4.53 1.58
31922 -40 -4.53 1.58
33244 -40 -4.53 1.58
34938 -40 -4.53 1.58
28367 -40 -4.53 1.58
37445 -40 -4.53 1.58
32640 -40 -4.53 1.58
30008 -40 -4.53 1.58
25659 -40 -4.53 1.58
38487 -40 -4.53 1.58
36499 -40 -4.53 1.58
38749 -40 -4.53 1.58
33671 -40 -4.53 1.58
37029 -40 -4.53 1.58
37302 -40 -4.53 1.58
35309 -40 -4.53 1.58
29094 -40 -4.53 1.58
36207 -40 -4.53 1.58
30584 -40 -4.53 1.58
33126 -40 -4.53 1.58
37843 -40 -4.53 1.58
35840 -40 -4.53 1.58
33344 -40 -4.53 1.58
35088 -40 -4.53 1.58
29772 -40 -4.53 1.58
37156 -40 -4.53 1.58
33747 -40 -4.53 1.58
33686 -40 -4.53 1.58
35623 -40 -4.53 1.58
36963 -40 -4.53 1.58
32701 -40 -4.53 1.58
32490 -40 -4.53 1.58
30620 -40 -4.53 1.58
37069 -40 -4.53 1.58
40496 -40 -4.53 1.58
195459 -40 20.69 -21.09
195463 -40 20.69 -21.09
199562 -40 20.69 -21.09
196500 -40 20.69 -21.09
200043 -40 20.69 -21.09
197804 -40 20.69 -21.09
202046 -40 20.69 -21.09
198969 -40 20.69 -21.09
203677 -40 20.69 -21.09
200580 -40 20.69 -21.09
199385 -40 20.69 -21.09
201591 -40 20.69 -21.09
199762 -40 20.69 -21.09
201070 -40 20.69 -21.09
197789 -40 20.69 -21.09
197531 -40 20.69 -21.09
199195 -40 20.69 -21.09
200797 -40 20.69 -21.09
200407 -40 20.69 -21.09
198208 -40 20.69 -21.09
198532 -40 20.69 -21.09
198844 -40 20.69 -21.09
201186 -40 20.69 -21.09
198064 -40 20.69 -21.09
196415 -40 20.69 -21.09
202595 -40 20.69 -21.09
203114 -40 20.69 -21.09
197535 -40 20.69 -21.09
202985 -40 20.69 -21.09
202331 -40 20.69 -21.09
201570 -40 20.69 -21.09
197184 -40 20.69 -21.09
197871 -40 20.69 -21.09
203315 -40 20.69 -21.09
203381 -40 20.69 -21.09
200848 -40 20.69 -21.09
203443 -40 20.69 -21.09
199955 -40 20.69 -21.09
202351 -40 20.69 -21.09
242233 -40 -29.72 -20.6
237383 -40 -29.72 -20.6
237316 -40 -29.72 -20.6
237510 -40 -29.72 -20.6
235336 -40 -29.72 -20.6
239358 -40 -29.72 -20.6
240007 -40 -29.72 -20.6
241345 -40 -29.72 -20.6
238163 -40 -29.72 -20.6
239817 -40 -29.72 -20.6
235417 -40 -29.72 -20.6
238452 -40 -29.72 -20.6
242998 -40 -29.72 -20.6
240137 -40 -29.72 -20.6
236863 -40 -29.72 -20.6
240168 -40 -29.72 -20.6
233511 -40 -29.72 -20.6
238312 -40 -29.72 -20.6
239962 -40 -29.72 -20.6
240416 -40 -29.72 -20.6
237227 -40 -29.72 -20.6
239610 -40 -29.72 -20.6
240223 -40 -29.72 -20.6
243369 -40 -29.72 -20.6
240577 -40 -29.72 -20.6
241298 -40 -29.72 -20.6
238581 -40 -29.72 -20.6
241536 -40 -29.72 -20.6
238412 -40 -29.72 -20.6
243069 -40 -29.72 -20.6
239394 -40 -29.72 -20.6
240576 -40 -29.72 -20.6
237953 -40 -29.72 -20.6
238212 -40 -29.72 -20.6
240701 -40 -29.72 -20.6
243128 -40 -29.72 -20.6
240111 -40 -29.72 -20.6
242858 -40 -29.72 -20.6
237726 -40 -29.72 -20.6
198850 -40 -22.71 -18.82
200703 -40 -22.71 -18.82
201929 -40 -22.71 -18.82
202288 -40 -22.71 -18.82
201065 -40 -22.71 -18.82
203254 -40 -22.71 -18.82
202020 -40 -22.71 -18.82
198430 -40 -22.71 -18.82
203627 -40 -22.71 -18.82
197841 -40 -22.71 -18.82
200135 -40 -22.71 -18.82
200544 -40 -22.71 -18.82
199904 -40 -22.71 -18.82
200621 -40 -22.71 -18.82
202792 -40 -22.71 -18.82
202799 -40 -22.71 -18.82
199257 -40 -22.71 -18.82
196549 -40 -22.71 -18.82
194108 -40 -22.71 -18.82
200913 -40 -22.71 -18.82
199091 -40 -22.71 -18.82
203153 -40 -22.71 -18.82
198011 -40 -22.71 -18.82
199356 -40 -22.71 -18.82
205099 -40 -22.71 -18.82
196486 -40 -22.71 -18.82
203237 -40 -22.71 -18.82
198442 -40 -22.71 -18.82
201514 -40 -22.71 -18.82
201893 -40 -22.71 -18.82
204050 -40 -22.71 -18.82
203914 -40 -22.71 -18.82
200247 -40 -22.71 -18.82
204415 -40 -22.71 -18.82
203921 -40 -22.71 -18.82
202093 -40 -22.71 -18.82
202624 -40 -22.71 -18.82
200275 -40 -22.71 -18.82
200406 -40 -22.71 -18.82
135065 -40 10.25 -17.4
131856 -40 10.25 -17.4
131154 -40 10.25 -17.4
139694 -40 10.25 -17.4
136823 -40 10.25 -17.4
133050 -40 10.25 -17.4
129348 -40 10.25 -17.4
135290 -40 10.25 -17.4
134509 -40 10.25 -17.4
135696 -40 10.25 -17.4
135097 -40 10.25 -17.4
136917 -40 10.25 -17.4
132794 -40 10.25 -17.4
135406 -40 10.25 -17.4
133065 -40 10.25 -17.4
137526 -40 10.25 -17.4
130191 -40 10.25 -17.4
138467 -40 10.25 -17.4
137815 -40 10.25 -17.4
135108 -40 10.25 -17.4
133247 -40 10.25 -17.4
138162 -40 10.25 -17.4
133430 -40 10.25 -17.4
135863 -40 10.25 -17.4
134085 -40 10.25 -17.4
135312 -40 10.25 -17.4
135807 -40 10.25 -17.4
137410 -40 10.25 -17.4
136207 -40 10.25 -17.4
134765 -40 10.25 -17.4
134343 -40 10.25 -17.4
130258 -40 10.25 -17.4
137395 -40 10.25 -17.4
135044 -40 10.25 -17.4
132733 -40 10.25 -17.4
137684 -40 10.25 -17.4
133954 -40 10.25 -17.4
133669 -40 10.25 -17.4
133024 -40 10.25 -17.4
127031 -40 19.55 -2.84
125320 -40 19.55 -2.84
133878 -40 19.55 -2.84
130668 -40 19.55 -2.84
125788 -40 19.55 -2.84
131539 -40 19.55 -2.84
125941 -40 19.55 -2.84
128090 -40 19.55 -2.84
131951 -40 19.55 -2.84
129362 -40 19.55 -2.84
122763 -40 19.55 -2.84
124482 -40 19.55 -2.84
127232 -40 19.55 -2.84
131110 -40 19.55 -2.84
127650 -40 19.55 -2.84
125509 -40 19.55 -2.84
128586 -40 19.55 -2.84
127317 -40 19.55 -2.84
127564 -40 19.55 -2.84
123711 -40 19.55 -2.84
125845 -40 19.55 -2.84
131125 -40 19.55 -2.84
128815 -40 19.55 -2.84
124942 -40 19.55 -2.84
127261 -40 19.55 -2.84
129079 -40 19.55 -2.84
133290 -40 19.55 -2.84
130023 -40 19.55 -2.84
130339 -40 19.55 -2.84
126583 -40 19.55 -2.84
132297 -40 19.55 -2.84
132769 -40 19.55 -2.84
127979 -40 19.55 -2.84
127397 -40 19.55 -2.84
128200 -40 19.55 -2.84
126204 -40 19.55 -2.84
125248 -40 19.55 -2.84
126436 -40 19.55 -2.84
124442 -40 19.55 -2.84
204135 -40 -21.8 22.21
200248 -40 -21.8 22.21
200722 -40 -21.8 22.21
197880 -40 -21.8 22.21
202185 -40 -21.8 22.21
202758 -40 -21.8 22.21
199668 -40 -21.8 22.21
200154 -40 -21.8 22.21
204472 -40 -21.8 22.21
203233 -40 -21.8 22.21
199584 -40 -21.8 22.21
196244 -40 -21.8 22.21
201649 -40 -21.8 22.21
202903 -40 -21.8 22.21
200210 -40 -21.8 22.21
209960 -40 -21.8 22.21
199994 -40 -21.8 22.21
203051 -40 -21.8 22.21
202104 -40 -21.8 22.21
200811 -40 -21.8 22.21
200212 -40 -21.8 22.21
200553 -40 -21.8 22.21
205181 -40 -21.8 22.21
203224 -40 -21.8 22.21
203577 -40 -21.8 22.21
199731 -40 -21.8 22.21
204047 -40 -21.8 22.21
201827 -40 -21.8 22.21
202677 -40 -21.8 22.21
206487 -40 -21.8 22.21
198088 -40 -21.8 22.21
201478 -40 -21.8 22.21
201632 -40 -21.8 22.21
205395 -40 -21.8 22.21
197542 -40 -21.8 22.21
201084 -40 -21.8 22.21
202825 -40 -21.8 22.21
201677 -40 -21.8 22.21
203217 -40 -21.8 22.21
177216 -40 4.51 -26.18
178752 -40 4.51 -26.18
180237 -40 4.51 -26.18
180495 -40 4.51 -26.18
180046 -40 4.51 -26.18
180519 -40 4.51 -26.18
182833 -40 4.51 -26.18
181924 -40 4.51 -26.18
180665 -40 4.51 -26.18
177947 -40 4.51 -26.18
180270 -40 4.51 -26.18
181576 -40 4.51 -26.18
179488 -40 4.51 -26.18
181444 -40 4.51 -26.18
183492 -40 4.51 -26.18
185066 -40 4.51 -26.18
176713 -40 4.51 -26.18
181071 -40 4.51 -26.18
181379 -40 4.51 -26.18
181997 -40 4.51 -26.18
185008 -40 4.51 -26.18
182591 -40 4.51 -26.18
180259 -40 4.51 -26.18
179868 -40 4.51 -26.18
182078 -40 4.51 -26.18
182174 -40 4.51 -26.18
176079 -40 4.51 -26.18
186206 -40 4.51 -26.18
180924 -40 4.51 -26.18
184493 -40 4.51 -26.18
179776 -40 4.51 -26.18
183804 -40 4.51 -26.18
180887 -40 4.51 -26.18
179056 -40 4.51 -26.18
183505 -40 4.51 -26.18
179883 -40 4.51 -26.18
179231 -40 4.51 -26.18
185882 -40 4.51 -26.18
178932 -40 4.51 -26.18
