#rtt sig_str x y
210933 -40 -19.19 -25.91
211270 -40 -19.19 -25.91
208977 -40 -19.19 -25.91
212288 -40 -19.19 -25.91
210725 -40 -19.19 -25.91
211243 -40 -19.19 -25.91
215290 -40 -19.19 -25.91
207486 -40 -19.19 -25.91
209783 -40 -19.19 -25.91
208402 -40 -19.19 -25.91
211422 -40 -19.19 -25.91
213771 -40 -19.19 -25.91
210917 -40 -19.19 -25.91
210316 -40 -19.19 -25.91
217707 -40 -19.19 -25.91
212571 -40 -19.19 -25.91
209324 -40 -19.19 -25.91
209742 -40 -19.19 -25.91
210610 -40 -19.19 -25.91
211094 -40 -19.19 -25.91
209924 -40 -19.19 -25.91
206960 -40 -19.19 -25.91
210253 -40 -19.19 -25.91
212811 -40 -19.19 -25.91
211603 -40 -19.19 -25.91
211807 -40 -19.19 -25.91
211285 -40 -19.19 -25.91
213177 -40 -19.19 -25.91
213040 -40 -19.19 -25.91
207523 -40 -19.19 -25.91
209302 -40 -19.19 -25.91
212113 -40 -19.19 -25.91
215973 -40 -19.19 -25.91
210548 -40 -19.19 -25.91
214521 -40 -19.19 -25.91
211369 -40 -19.19 -25.91
208803 -40 -19.19 -25.91
207942 -40 -19.19 -25.91
211784 -40 -19.19 -25.91
204510 -40 -28.84 9.88
204136 -40 -28.84 9.88
206200 -40 -28.84 9.88
200790 -40 -28.84 9.88
201770 -40 -28.84 9.88
203538 -40 -28.84 9.88
210563 -40 -28.84 9.88
201722 -40 -28.84 9.88
205808 -40 -28.84 9.88
198631 -40 -28.84 9.88
206117 -40 -28.84 9.88
206483 -40 -28.84 9.88
203140 -40 -28.84 9.88
203030 -40 -28.84 9.88
201945 -40 -28.84 9.88
200186 -40 -28.84 9.88
203608 -40 -28.84 9.88
206001 -40 -28.84 9.88
205140 -40 -28.84 9.88
205357 -40 -28.84 9.88
201049 -40 -28.84 9.88
205629 -40 -28.84 9.88
202385 -40 -28.84 9.88
204444 -40 -28.84 9.88
203380 -40 -28.84 9.88
204991 -40 -28.84 9.88
202385 -40 -28.84 9.88
202413 -40 -28.84 9.88
204335 -40 -28.84 9.88
204710 -40 -28.84 9.88
203218 -40 -28.84 9.88
202918 -40 -28.84 9.88
199983 -40 -28.84 9.88
201577 -40 -28.84 9.88
201819 -40 -28.84 9.88
206957 -40 -28.84 9.88
206684 -40 -28.84 9.88
202510 -40 -28.84 9.88
201244 -40 -28.84 9.88
120650 -40 -2.21 -18.36
123297 -40 -2.21 -18.36
121213 -40 -2.21 -18.36
125586 -40 -2.21 -18.36
125035 -40 -2.21 -18.36
126681 -40 -2.21 -18.36
121960 -40 -2.21 -18.36
120249 -40 -2.21 -18.36
124478 -40 -2.21 -18.36
121316 -40 -2.21 -18.36
122216 -40 -2.21 -18.36
123175 -40 -2.21 -18.36
125927 -40 -2.21 -18.36
123271 -40 -2.21 -18.36
121786 -40 -2.21 -18.36
119271 -40 -2.21 -18.36
124262 -40 -2.21 -18.36
122216 -40 -2.21 -18.36
124360 -40 -2.21 -18.36
129416 -40 -2.21 -18.36
122267 -40 -2.21 -18.36
122455 -40 -2.21 -18.36
128918 -40 -2.21 -18.36
122128 -40 -2.21 -18.36
121860 -40 -2.21 -18.36
121622 -40 -2.21 -18.36
123025 -40 -2.21 -18.36
123930 -40 -2.21 -18.36
126202 -40 -2.21 -18.36
128899 -40 -2.21 -18.36
120637 -40 -2.21 -18.36
121211 -40 -2.21 -18.36
122289 -40 -2.21 -18.36
124620 -40 -2.21 -18.36
124012 -40 -2.21 -18.36
120806 -40 -2.21 -18.36
123190 -40 -2.21 -18.36
127501 -40 -2.21 -18.36
118920 -40 -2.21 -18.36
185227 -40 13.5 25.58
184218 -40 13.5 25.58
187934 -40 13.5 25.58
187149 -40 13.5 25.58
189935 -40 13.5 25.58
187076 -40 13.5 25.58
182265 -40 13.5 25.58
184656 -40 13.5 25.58
186053 -40 13.5 25.58
183425 -40 13.5 25.58
186577 -40 13.5 25.58
182580 -40 13.5 25.58
190413 -40 13.5 25.58
189848 -40 13.5 25.58
187216 -40 13.5 25.58
191361 -40 13.5 25.58
187043 -40 13.5 25.58
186241 -40 13.5 25.58
182927 -40 13.5 25.58
186026 -40 13.5 25.58
184923 -40 13.5 25.58
186045 -40 13.5 25.58
186473 -40 13.5 25.58
190426 -40 13.5 25.58
185918 -40 13.5 25.58
184456 -40 13.5 25.58
188164 -40 13.5 25.58
185866 -40 13.5 25.58
190769 -40 13.5 25.58
181917 -40 13.5 25.58
192104 -40 13.5 25.58
185724 -40 13.5 25.58
185429 -40 13.5 25.58
184411 -40 13.5 25.58
185265 -40 13.5 25.58
182236 -40 13.5 25.58
191894 -40 13.5 25.58
189018 -40 13.5 25.58
185413 -40 13.5 25.58
156705 -40 -4.79 -23.69
159949 -40 -4.79 -23.69
157832 -40 -4.79 -23.69
155803 -40 -4.79 -23.69
162150 -40 -4.79 -23.69
158477 -40 -4.79 -23.69
161047 -40 -4.79 -23.69
162720 -40 -4.79 -23.69
161680 -40 -4.79 -23.69
161235 -40 -4.79 -23.69
159385 -40 -4.79 -23.69
154817 -40 -4.79 -23.69
159589 -40 -4.79 -23.69
161335 -40 -4.79 -23.69
157202 -40 -4.79 -23.69
158047 -40 -4.79 -23.69
159132 -40 -4.79 -23.69
158928 -40 -4.79 -23.69
155942 -40 -4.79 -23.69
159672 -40 -4.79 -23.69
157804 -40 -4.79 -23.69
162068 -40 -4.79 -23.69
158788 -40 -4.79 -23.69
158435 -40 -4.79 -23.69
161210 -40 -4.79 -23.69
158419 -40 -4.79 -23.69
156766 -40 -4.79 -23.69
160168 -40 -4.79 -23.69
159037 -40 -4.79 -23.69
155122 -40 -4.79 -23.69
159594 -40 -4.79 -23.69
160434 -40 -4.79 -23.69
159751 -40 -4.79 -23.69
159487 -40 -4.79 -23.69
159829 -40 -4.79 -23.69
159355 -40 -4.79 -23.69
163986 -40 -4.79 -23.69
157330 -40 -4.79 -23.69
163618 -40 -4.79 -23.69
111405 -40 -0.87 -16.46
103873 -40 -0.87 -16.46
107234 -40 -0.87 -16.46
111329 -40 -0.87 -16.46
106826 -40 -0.87 -16.46
108224 -40 -0.87 -16.46
108082 -40 -0.87 -16.46
105215 -40 -0.87 -16.46
111271 -40 -0.87 -16.46
109514 -40 -0.87 -16.46
111638 -40 -0.87 -16.46
109683 -40 -0.87 -16.46
114177 -40 -0.87 -16.46
106096 -40 -0.87 -16.46
110100 -40 -0.87 -16.46
109085 -40 -0.87 -16.46
109204 -40 -0.87 -16.46
104812 -40 -0.87 -16.46
108392 -40 -0.87 -16.46
106395 -40 -0.87 -16.46
104496 -40 -0.87 -16.46
112181 -40 -0.87 -16.46
106281 -40 -0.87 -16.46
109191 -40 -0.87 -16.46
109277 -40 -0.87 -16.46
107250 -40 -0.87 -16.46
106818 -40 -0.87 -16.46
106737 -40 -0.87 -16.46
109499 -40 -0.87 -16.46
108467 -40 -0.87 -16.46
111547 -40 -0.87 -16.46
103416 -40 -0.87 -16.46
108281 -40 -0.87 -16.46
103233 -40 -0.87 -16.46
112383 -40 -0.87 -16.46
106815 -40 -0.87 -16.46
104356 -40 -0.87 -16.46
106722 -40 -0.87 -16.46
115664 -40 -0.87 -16.46
256941 -40 -29.24 23.78
259941 -40 -29.24 23.78
256152 -40 -29.24 23.78
252964 -40 -29.24 23.78
252832 -40 -29.24 23.78
257381 -40 -29.24 23.78
254274 -40 -29.24 23.78
258385 -40 -29.24 23.78
257673 -40 -29.24 23.78
258500 -40 -29.24 23.78
255587 -40 -29.24 23.78
259333 -40 -29.24 23.78
253497 -40 -29.24 23.78
258564 -40 -29.24 23.78
258520 -40 -29.24 23.78
259827 -40 -29.24 23.78
257169 -40 -29.24 23.78
253264 -40 -29.24 23.78
250082 -40 -29.24 23.78
258107 -40 -29.24 23.78
255044 -40 -29.24 23.78
256022 -40 -29.24 23.78
254813 -40 -29.24 23.78
251852 -40 -29.24 23.78
256169 -40 -29.24 23.78
260221 -40 -29.24 23.78
257024 -40 -29.24 23.78
256644 -40 -29.24 23.78
256269 -40 -29.24 23.78
253213 -40 -29.24 23.78
255196 -40 -29.24 23.78
256237 -40 -29.24 23.78
255720 -40 -29.24 23.78
254383 -40 -29.24 23.78
253804 -40 -29.24 23.78
258828 -40 -29.24 23.78
260911 -40 -29.24 23.78
254581 -40 -29.24 23.78
256573 -40 -29.24 23.78
136629 -40 -0.76 19.57
132955 -40 -0.76 19.57
131339 -40 -0.76 19.57
131729 -40 -0.76 19.57
131069 -40 -0.76 19.57
127761 -40 -0.76 19.57
133617 -40 -0.76 19.57
135254 -40 -0.76 19.57
138297 -40 -0.76 19.57
130086 -40 -0.76 19.57
129777 -40 -0.76 19.57
132137 -40 -0.76 19.57
132926 -40 -0.76 19.57
129863 -40 -0.76 19.57
133473 -40 -0.76 19.57
130896 -40 -0.76 19.57
130263 -40 -0.76 19.57
132368 -40 -0.76 19.57
129814 -40 -0.76 19.57
134392 -40 -0.76 19.57
132213 -40 -0.76 19.57
130899 -40 -0.76 19.57
137138 -40 -0.76 19.57
131249 -40 -0.76 19.57
133542 -40 -0.76 19.57
131546 -40 -0.76 19.57
130395 -40 -0.76 19.57
128204 -40 -0.76 19.57
135282 -40 -0.76 19.57
134937 -40 -0.76 19.57
132870 -40 -0.76 19.57
136686 -40 -0.76 19.57
134739 -40 -0.76 19.57
133198 -40 -0.76 19.57
135744 -40 -0.76 19.57
130953 -40 -0.76 19.57
129929 -40 -0.76 19.57
136959 -40 -0.76 19.57
136153 -40 -0.76 19.57
242157 -40 26.51 -24.44
243085 -40 26.51 -24.44
244217 -40 26.51 -24.44
245186 -40 26.51 -24.44
246118 -40 26.51 -24.44
246271 -40 26.51 -24.44
248208 -40 26.51 -24.44
241539 -40 26.51 -24.44
241086 -40 26.51 -24.44
241145 -40 26.51 -24.44
247008 -40 26.51 -24.44
243252 -40 26.51 -24.44
243662 -40 26.51 -24.44
241573 -40 26.51 -24.44
245199 -40 26.51 -24.44
242549 -40 26.51 -24.44
245515 -40 26.51 -24.44
241446 -40 26.51 -24.44
242119 -40 26.51 -24.44
243253 -40 26.51 -24.44
245857 -40 26.51 -24.44
247414 -40 26.51 -24.44
243118 -40 26.51 -24.44
243277 -40 26.51 -24.44
243620 -40 26.51 -24.44
243856 -40 26.51 -24.44
246142 -40 26.51 -24.44
244384 -40 26.51 -24.44
242517 -40 26.51 -24.44
244768 -40 26.51 -24.44
241821 -40 26.51 -24.44
243682 -40 26.51 -24.44
244987 -40 26.51 -24.44
243535 -40 26.51 -24.44
244576 -40 26.51 -24.44
246148 -40 26.51 -24.44
244578 -40 26.51 -24.44
247834 -40 26.51 -24.44
238373 -40 26.51 -24.44
208923 -40 21.05 23.39
206680 -40 21.05 23.39
207016 -40 21.05 23.39
206780 -40 21.05 23.39
207489 -40 21.05 23.39
203699 -40 21.05 23.39
206080 -40 21.05 23.39
211291 -40 21.05 23.39
213527 -40 21.05 23.39
205488 -40 21.05 23.39
203743 -40 21.05 23.39
207076 -40 21.05 23.39
207679 -40 21.05 23.39
207869 -40 21.05 23.39
210427 -40 21.05 23.39
205974 -40 21.05 23.39
209163 -40 21.05 23.39
206117 -40 21.05 23.39
206920 -40 21.05 23.39
206649 -40 21.05 23.39
207837 -40 21.05 23.39
204136 -40 21.05 23.39
207862 -40 21.05 23.39
206331 -40 21.05 23.39
210337 -40 21.05 23.39
205895 -40 21.05 23.39
207171 -40 21.05 23.39
209566 -40 21.05 23.39
208648 -40 21.05 23.39
211536 -40 21.05 23.39
207789 -40 21.05 23.39
208616 -40 21.05 23.39
209654 -40 21.05 23.39
210046 -40 21.05 23.39
206891 -40 21.05 23.39
207828 -40 21.05 23.39
208657 -40 21.05 23.39
206391 -40 21.05 23.39
206886 -40 21.05 23.39
