#rtt sig_str x y
140355 -40 -20.75 -3.23
136128 -40 -20.75 -3.23
135969 -40 -20.75 -3.23
140179 -40 -20.75 -3.23
140766 -40 -20.75 -3.23
138205 -40 -20.75 -3.23
138305 -40 -20.75 -3.23
135316 -40 -20.75 -3.23
139983 -40 -20.75 -3.23
132314 -40 -20.75 -3.23
139449 -40 -20.75 -3.23
133398 -40 -20.75 -3.23
138410 -40 -20.75 -3.23
135314 -40 -20.75 -3.23
138885 -40 -20.75 -3.23
137055 -40 -20.75 -3.23
138678 -40 -20.75 -3.23
136661 -40 -20.75 -3.23
136178 -40 -20.75 -3.23
133947 -40 -20.75 -3.23
132253 -40 -20.75 -3.23
135885 -40 -20.75 -3.23
141481 -40 -20.75 -3.23
142319 -40 -20.75 -3.23
138903 -40 -20.75 -3.23
136023 -40 -20.75 -3.23
138651 -40 -20.75 -3.23
137159 -40 -20.75 -3.23
139178 -40 -20.75 -3.23
132960 -40 -20.75 -3.23
136493 -40 -20.75 -3.23
140217 -40 -20.75 -3.23
133193 -40 -20.75 -3.23
136164 -40 -20.75 -3.23
137480 -40 -20.75 -3.23
137196 -40 -20.75 -3.23
135438 -40 -20.75 -3.23
135006 -40 -20.75 -3.23
132014 -40 -20.75 -3.23
190976 -40 14.41 22.41
186980 -40 14.41 22.41
193154 -40 14.41 22.41
193656 -40 14.41 22.41
193557 -40 14.41 22.41
189259 -40 14.41 22.41
192189 -40 14.41 22.41
189657 -40 14.41 22.41
186724 -40 14.41 22.41
189667 -40 14.41 22.41
193352 -40 14.41 22.41
188863 -40 14.41 22.41
187129 -40 14.41 22.41
192009 -40 14.41 22.41
188803 -40 14.41 22.41
186483 -40 14.41 22.41
193051 -40 14.41 22.41
191082 -40 14.41 22.41
192124 -40 14.41 22.41
185083 -40 14.41 22.41
190121 -40 14.41 22.41
189298 -40 14.41 22.41
191072 -40 14.41 22.41
184808 -40 14.41 22.41
188521 -40 14.41 22.41
196836 -40 14.41 22.41
184582 -40 14.41 22.41
186495 -40 14.41 22.41
192260 -40 14.41 22.41
189050 -40 14.41 22.41
188601 -40 14.41 22.41
186276 -40 14.41 22.41
191074 -40 14.41 22.41
186903 -40 14.41 22.41
186222 -40 14.41 22.41
190845 -40 14.41 22.41
191203 -40 14.41 22.41
184052 -40 14.41 22.41
185976 -40 14.41 22.41
195772 -40 -14.2 -24.82
201676 -40 -14.2 -24.82
195390 -40 -14.2 -24.82
190732 -40 -14.2 -24.82
189936 -40 -14.2 -24.82
196843 -40 -14.2 -24.82
196416 -40 -14.2 -24.82
196974 -40 -14.2 -24.82
196210 -40 -14.2 -24.82
190888 -40 -14.2 -24.82
195055 -40 -14.2 -24.82
198367 -40 -14.2 -24.82
198687 -40 -14.2 -24.82
199240 -40 -14.2 -24.82
196467 -40 -14.2 -24.82
194903 -40 -14.2 -24.82
196971 -40 -14.2 -24.82
200416 -40 -14.2 -24.82
195413 -40 -14.2 -24.82
194039 -40 -14.2 -24.82
194001 -40 -14.2 -24.82
199177 -40 -14.2 -24.82
205749 -40 -14.2 -24.82
195395 -40 -14.2 -24.82
196821 -40 -14.2 -24.82
198261 -40 -14.2 -24.82
197856 -40 -14.2 -24.82
198925 -40 -14.2 -24.82
198943 -40 -14.2 -24.82
192968 -40 -14.2 -24.82
198401 -40 -14.2 -24.82
198086 -40 -14.2 -24.82
194172 -40 -14.2 -24.82
197439 -40 -14.2 -24.82
197853 -40 -14.2 -24.82
198395 -40 -14.2 -24.82
195595 -40 -14.2 -24.82
193379 -40 -14.2 -24.82
195705 -40 -14.2 -24.82
82417 -40 2.02 13.42
87575 -40 2.02 13.42
87009 -40 2.02 13.42
88618 -40 2.02 13.42
84393 -40 2.02 13.42
82798 -40 2.02 13.42
82754 -40 2.02 13.42
86553 -40 2.02 13.42
86821 -40 2.02 13.42
88319 -40 2.02 13.42
80295 -40 2.02 13.42
86151 -40 2.02 13.42
80621 -40 2.02 13.42
85970 -40 2.02 13.42
84518 -40 2.02 13.42
87660 -40 2.02 13.42
86597 -40 2.02 13.42
85321 -40 2.02 13.42
89149 -40 2.02 13.42
81674 -40 2.02 13.42
82168 -40 2.02 13.42
86564 -40 2.02 13.42
79859 -40 2.02 13.42
85768 -40 2.02 13.42
82930 -40 2.02 13.42
90326 -40 2.02 13.42
86790 -40 2.02 13.42
85838 -40 2.02 13.42
82930 -40 2.02 13.42
85483 -40 2.02 13.42
83292 -40 2.02 13.42
85675 -40 2.02 13.42
86976 -40 2.02 13.42
88428 -40 2.02 13.42
84571 -40 2.02 13.42
85164 -40 2.02 13.42
86344 -40 2.02 13.42
81986 -40 2.02 13.42
86042 -40 2.02 13.42
213337 -40 -29.13 -8.97
218946 -40 -29.13 -8.97
211464 -40 -29.13 -8.97
213352 -40 -29.13 -8.97
215997 -40 -29.13 -8.97
216982 -40 -29.13 -8.97
215365 -40 -29.13 -8.97
218246 -40 -29.13 -8.97
216927 -40 -29.13 -8.97
212629 -40 -29.13 -8.97
211070 -40 -29.13 -8.97
216126 -40 -29.13 -8.97
212562 -40 -29.13 -8.97
212363 -40 -29.13 -8.97
216048 -40 -29.13 -8.97
214259 -40 -29.13 -8.97
212243 -40 -29.13 -8.97
216799 -40 -29.13 -8.97
215166 -40 -29.13 -8.97
217614 -40 -29.13 -8.97
213994 -40 -29.13 -8.97
211653 -40 -29.13 -8.97
213718 -40 -29.13 -8.97
219526 -40 -29.13 -8.97
214775 -40 -29.13 -8.97
215078 -40 -29.13 -8.97
210889 -40 -29.13 -8.97
212140 -40 -29.13 -8.97
214529 -40 -29.13 -8.97
216038 -40 -29.13 -8.97
214392 -40 -29.13 -8.97
217063 -40 -29.13 -8.97
217524 -40 -29.13 -8.97
214535 -40 -29.13 -8.97
213015 -40 -29.13 -8.97
216812 -40 -29.13 -8.97
217601 -40 -29.13 -8.97
215827 -40 -29.13 -8.97
213562 -40 -29.13 -8.97
269600 -40 25.13 -27.97
272516 -40 25.13 -27.97
267504 -40 25.13 -27.97
270409 -40 25.13 -27.97
271078 -40 25.13 -27.97
270479 -40 25.13 -27.97
270692 -40 25.13 -27.97
266182 -40 25.13 -27.97
271213 -40 25.13 -27.97
267595 -40 25.13 -27.97
265112 -40 25.13 -27.97
265858 -40 25.13 -27.97
272406 -40 25.13 -27.97
269044 -40 25.13 -27.97
265599 -40 25.13 -27.97
268982 -40 25.13 -27.97
267113 -40 25.13 -27.97
269073 -40 25.13 -27.97
270024 -40 25.13 -27.97
265501 -40 25.13 -27.97
268064 -40 25.13 -27.97
272150 -40 25.13 -27.97
270452 -40 25.13 -27.97
265405 -40 25.13 -27.97
269524 -40 25.13 -27.97
269302 -40 25.13 -27.97
266274 -40 25.13 -27.97
266974 -40 25.13 -27.97
270569 -40 25.13 -27.97
269203 -40 25.13 -27.97
269337 -40 25.13 -27.97
268454 -40 25.13 -27.97
268095 -40 25.13 -27.97
268624 -40 25.13 -27.97
270160 -40 25.13 -27.97
269142 -40 25.13 -27.97
267270 -40 25.13 -27.97
271039 -40 25.13 -27.97
265201 -40 25.13 -27.97
176411 -40 24.05 -12.28
172823 -40 24.05 -12.28
180007 -40 24.05 -12.28
176128 -40 24.05 -12.28
176595 -40 24.05 -12.28
176628 -40 24.05 -12.28
177936 -40 24.05 -12.28
177503 -40 24.05 -12.28
173427 -40 24.05 -12.28
178637 -40 24.05 -12.28
180073 -40 24.05 -12.28
174412 -40 24.05 -12.28
176731 -40 24.05 -12.28
175187 -40 24.05 -12.28
176547 -40 24.05 -12.28
179886 -40 24.05 -12.28
176877 -40 24.05 -12.28
177721 -40 24.05 -12.28
177039 -40 24.05 -12.28
172586 -40 24.05 -12.28
174310 -40 24.05 -12.28
177523 -40 24.05 -12.28
176598 -40 24.05 -12.28
173586 -40 24.05 -12.28
173052 -40 24.05 -12.28
175158 -40 24.05 -12.28
175112 -40 24.05 -12.28
174541 -40 24.05 -12.28
175221 -40 24.05 -12.28
178851 -40 24.05 -12.28
174754 -40 24.05 -12.28
177362 -40 24.05 -12.28
174253 -40 24.05 -12.28
176730 -40 24.05 -12.28
177655 -40 24.05 -12.28
179690 -40 24.05 -12.28
175950 -40 24.05 -12.28
178777 -40 24.05 -12.28
173243 -40 24.05 -12.28
265361 -40 -28 -25.05
266006 -40 -28 -25.05
267526 -40 -28 -25.05
263862 -40 -28 -25.05
271622 -40 -28 -25.05
268778 -40 -28 -25.05
271318 -40 -28 -25.05
266401 -40 -28 -25.05
260831 -40 -28 -25.05
266349 -40 -28 -25.05
269811 -40 -28 -25.05
266669 -40 -28 -25.05
266908 -40 -28 -25.05
265243 -40 -28 -25.05
269237 -40 -28 -25.05
266625 -40 -28 -25.05
263716 -40 -28 -25.05
264559 -40 -28 -25.05
267673 -40 -28 -25.05
264057 -40 -28 -25.05
265010 -40 -28 -25.05
261897 -40 -28 -25.05
266242 -40 -28 -25.05
266771 -40 -28 -25.05
267288 -40 -28 -25.05
270574 -40 -28 -25.05
263289 -40 -28 -25.05
264269 -40 -28 -25.05
269238 -40 -28 -25.05
267841 -40 -28 -25.05
269699 -40 -28 -25.05
266692 -40 -28 -25.05
264431 -40 -28 -25.05
268040 -40 -28 -25.05
265631 -40 -28 -25.05
264381 -40 -28 -25.05
267902 -40 -28 -25.05
265456 -40 -28 -25.05
269099 -40 -28 -25.05
200373 -40 27.42 13.56
197101 -40 27.42 13.56
192161 -40 27.42 13.56
193718 -40 27.42 13.56
193005 -40 27.42 13.56
197869 -40 27.42 13.56
192772 -40 27.42 13.56
193027 -40 27.42 13.56
192953 -40 27.42 13.56
191257 -40 27.42 13.56
194057 -40 27.42 13.56
192383 -40 27.42 13.56
190057 -40 27.42 13.56
190599 -40 27.42 13.56
191383 -40 27.42 13.56
192134 -40 27.42 13.56
196321 -40 27.42 13.56
197417 -40 27.42 13.56
193051 -40 27.42 13.56
191061 -40 27.42 13.56
195511 -40 27.42 13.56
191927 -40 27.42 13.56
194937 -40 27.42 13.56
194864 -40 27.42 13.56
196208 -40 27.42 13.56
195741 -40 27.42 13.56
194384 -40 27.42 13.56
194907 -40 27.42 13.56
196374 -40 27.42 13.56
189088 -40 27.42 13.56
197054 -40 27.42 13.56
197736 -40 27.42 13.56
197454 -40 27.42 13.56
196924 -40 27.42 13.56
196764 -40 27.42 13.56
193493 -40 27.42 13.56
193412 -40 27.42 13.56
196703 -40 27.42 13.56
193103 -40 27.42 13.56
155516 -40 -21.77 -7.63
158133 -40 -21.77 -7.63
154711 -40 -21.77 -7.63
152930 -40 -21.77 -7.63
157884 -40 -21.77 -7.63
153185 -40 -21.77 -7.63
155452 -40 -21.77 -7.63
154082 -40 -21.77 -7.63
151924 -40 -21.77 -7.63
158864 -40 -21.77 -7.63
151281 -40 -21.77 -7.63
154921 -40 -21.77 -7.63
152790 -40 -21.77 -7.63
153750 -40 -21.77 -7.63
158978 -40 -21.77 -7.63
152417 -40 -21.77 -7.63
154497 -40 -21.77 -7.63
158900 -40 -21.77 -7.63
157474 -40 -21.77 -7.63
154930 -40 -21.77 -7.63
159213 -40 -21.77 -7.63
162677 -40 -21.77 -7.63
156309 -40 -21.77 -7.63
154622 -40 -21.77 -7.63
160383 -40 -21.77 -7.63
161129 -40 -21.77 -7.63
156903 -40 -21.77 -7.63
155419 -40 -21.77 -7.63
155072 -40 -21.77 -7.63
150117 -40 -21.77 -7.63
156129 -40 -21.77 -7.63
152840 -40 -21.77 -7.63
158823 -40 -21.77 -7.63
158336 -40 -21.77 -7.63
153497 -40 -21.77 -7.63
157309 -40 -21.77 -7.63
152323 -40 -21.77 -7.63
154167 -40 -21.77 -7.63
158065 -40 -21.77 -7.63
