#rtt sig_str x y
114500 -40 16.66 6.44
116173 -40 16.66 6.44
117952 -40 16.66 6.44
118493 -40 16.66 6.44
118946 -40 16.66 6.44
122154 -40 16.66 6.44
120556 -40 16.66 6.44
118475 -40 16.66 6.44
123950 -40 16.66 6.44
120702 -40 16.66 6.44
117871 -40 16.66 6.44
116255 -40 16.66 6.44
118516 -40 16.66 6.44
116653 -40 16.66 6.44
122406 -40 16.66 6.44
118970 -40 16.66 6.44
116594 -40 16.66 6.44
119195 -40 16.66 6.44
114607 -40 16.66 6.44
119568 -40 16.66 6.44
120909 -40 16.66 6.44
118832 -40 16.66 6.44
117321 -40 16.66 6.44
117645 -40 16.66 6.44
111675 -40 16.66 6.44
118022 -40 16.66 6.44
117370 -40 16.66 6.44
115838 -40 16.66 6.44
120198 -40 16.66 6.44
118131 -40 16.66 6.44
119896 -40 16.66 6.44
123187 -40 16.66 6.44
119871 -40 16.66 6.44
117377 -40 16.66 6.44
117619 -40 16.66 6.44
119980 -40 16.66 6.44
120878 -40 16.66 6.44
113465 -40 16.66 6.44
117176 -40 16.66 6.44
178201 -40 -15.75 21.57
179644 -40 -15.75 21.57
173680 -40 -15.75 21.57
178680 -40 -15.75 21.57
172844 -40 -15.75 21.57
172809 -40 -15.75 21.57
175453 -40 -15.75 21.57
176136 -40 -15.75 21.57
178182 -40 -15.75 21.57
175866 -40 -15.75 21.57
174150 -40 -15.75 21.57
178130 -40 -15.75 21.57
177235 -40 -15.75 21.57
174131 -40 -15.75 21.57
178310 -40 -15.75 21.57
177831 -40 -15.75 21.57
179098 -40 -15.75 21.57
177774 -40 -15.75 21.57
177752 -40 -15.75 21.57
177378 -40 -15.75 21.57
171928 -40 -15.75 21.57
175766 -40 -15.75 21.57
172395 -40 -15.75 21.57
175450 -40 -15.75 21.57
176939 -40 -15.75 21.57
174500 -40 -15.75 21.57
175993 -40 -15.75 21.57
178273 -40 -15.75 21.57
173711 -40 -15.75 21.57
174355 -40 -15.75 21.57
172320 -40 -15.75 21.57
176159 -40 -15.75 21.57
177850 -40 -15.75 21.57
174387 -40 -15.75 21.57
176385 -40 -15.75 21.57
173870 -40 -15.75 21.57
174811 -40 -15.75 21.57
172871 -40 -15.75 21.57
177668 -40 -15.75 21.57
199536 -40 19.46 23.58
200666 -40 19.46 23.58
200144 -40 19.46 23.58
199165 -40 19.46 23.58
206328 -40 19.46 23.58
200121 -40 19.46 23.58
197859 -40 19.46 23.58
204071 -40 19.46 23.58
199148 -40 19.46 23.58
198144 -40 19.46 23.58
192553 -40 19.46 23.58
201729 -40 19.46 23.58
200617 -40 19.46 23.58
201196 -40 19.46 23.58
196506 -40 19.46 23.58
202372 -40 19.46 23.58
201959 -40 19.46 23.58
201275 -40 19.46 23.58
204004 -40 19.46 23.58
199559 -40 19.46 23.58
203464 -40 19.46 23.58
197892 -40 19.46 23.58
197399 -40 19.46 23.58
198252 -40 19.46 23.58
198681 -40 19.46 23.58
201972 -40 19.46 23.58
199480 -40 19.46 23.58
199493 -40 19.46 23.58
201909 -40 19.46 23.58
200410 -40 19.46 23.58
200955 -40 19.46 23.58
200541 -40 19.46 23.58
201127 -40 19.46 23.58
202281 -40 19.46 23.58
201441 -40 19.46 23.58
203499 -40 19.46 23.58
204754 -40 19.46 23.58
202358 -40 19.46 23.58
199848 -40 19.46 23.58
218275 -40 27.95 -19.25
219290 -40 27.95 -19.25
219847 -40 27.95 -19.25
222149 -40 27.95 -19.25
219882 -40 27.95 -19.25
220933 -40 27.95 -19.25
219537 -40 27.95 -19.25
215664 -40 27.95 -19.25
222441 -40 27.95 -19.25
219548 -40 27.95 -19.25
225769 -40 27.95 -19.25
222891 -40 27.95 -19.25
221352 -40 27.95 -19.25
222200 -40 27.95 -19.25
221310 -40 27.95 -19.25
223096 -40 27.95 -19.25
217861 -40 27.95 -19.25
222143 -40 27.95 -19.25
217838 -40 27.95 -19.25
214298 -40 27.95 -19.25
220695 -40 27.95 -19.25
219755 -40 27.95 -19.25
218620 -40 27.95 -19.25
222373 -40 27.95 -19.25
222104 -40 27.95 -19.25
219466 -40 27.95 -19.25
217998 -40 27.95 -19.25
219218 -40 27.95 -19.25
218244 -40 27.95 -19.25
219872 -40 27.95 -19.25
219462 -40 27.95 -19.25
218132 -40 27.95 -19.25
217609 -40 27.95 -19.25
223393 -40 27.95 -19.25
220243 -40 27.95 -19.25
225300 -40 27.95 -19.25
216292 -40 27.95 -19.25
217869 -40 27.95 -19.25
216253 -40 27.95 -19.25
221347 -40 28.36 15.52
220534 -40 28.36 15.52
218017 -40 28.36 15.52
218441 -40 28.36 15.52
220560 -40 28.36 15.52
221244 -40 28.36 15.52
220335 -40 28.36 15.52
217736 -40 28.36 15.52
220786 -40 28.36 15.52
212373 -40 28.36 15.52
214242 -40 28.36 15.52
218432 -40 28.36 15.52
219564 -40 28.36 15.52
217358 -40 28.36 15.52
218049 -40 28.36 15.52
219684 -40 28.36 15.52
216523 -40 28.36 15.52
221142 -40 28.36 15.52
220400 -40 28.36 15.52
225535 -40 28.36 15.52
223609 -40 28.36 15.52
218061 -40 28.36 15.52
221933 -40 28.36 15.52
220209 -40 28.36 15.52
219478 -40 28.36 15.52
218078 -40 28.36 15.52
225466 -40 28.36 15.52
222428 -40 28.36 15.52
221681 -40 28.36 15.52
219923 -40 28.36 15.52
214363 -40 28.36 15.52
217100 -40 28.36 15.52
215249 -40 28.36 15.52
219305 -40 28.36 15.52
218643 -40 28.36 15.52
219412 -40 28.36 15.52
225846 -40 28.36 15.52
220096 -40 28.36 15.52
221285 -40 28.36 15.52
103940 -40 -2.79 15.1
92815 -40 -2.79 15.1
92550 -40 -2.79 15.1
97090 -40 -2.79 15.1
98853 -40 -2.79 15.1
94869 -40 -2.79 15.1
95807 -40 -2.79 15.1
94563 -40 -2.79 15.1
96008 -40 -2.79 15.1
92620 -40 -2.79 15.1
96119 -40 -2.79 15.1
96801 -40 -2.79 15.1
99783 -40 -2.79 15.1
96452 -40 -2.79 15.1
92875 -40 -2.79 15.1
95209 -40 -2.79 15.1
94124 -40 -2.79 15.1
99592 -40 -2.79 15.1
98215 -40 -2.79 15.1
93111 -40 -2.79 15.1
96892 -40 -2.79 15.1
93312 -40 -2.79 15.1
97185 -40 -2.79 15.1
91935 -40 -2.79 15.1
93433 -40 -2.79 15.1
92815 -40 -2.79 15.1
99089 -40 -2.79 15.1
97582 -40 -2.79 15.1
98984 -40 -2.79 15.1
94839 -40 -2.79 15.1
97281 -40 -2.79 15.1
91052 -40 -2.79 15.1
96010 -40 -2.79 15.1
95976 -40 -2.79 15.1
91212 -40 -2.79 15.1
97417 -40 -2.79 15.1
93953 -40 -2.79 15.1
94820 -40 -2.79 15.1
97884 -40 -2.79 15.1
57818 -40 6.54 6.44
58790 -40 6.54 6.44
60093 -40 6.54 6.44
52619 -40 6.54 6.44
61154 -40 6.54 6.44
57730 -40 6.54 6.44
58597 -40 6.54 6.44
57634 -40 6.54 6.44
52658 -40 6.54 6.44
50002 -40 6.54 6.44
58095 -40 6.54 6.44
61060 -40 6.54 6.44
56292 -40 6.54 6.44
52763 -40 6.54 6.44
61382 -40 6.54 6.44
60902 -40 6.54 6.44
56755 -40 6.54 6.44
54492 -40 6.54 6.44
57019 -40 6.54 6.44
54431 -40 6.54 6.44
56616 -40 6.54 6.44
53936 -40 6.54 6.44
56495 -40 6.54 6.44
61970 -40 6.54 6.44
57790 -40 6.54 6.44
58216 -40 6.54 6.44
51062 -40 6.54 6.44
55881 -40 6.54 6.44
52646 -40 6.54 6.44
56597 -40 6.54 6.44
56634 -40 6.54 6.44
59961 -40 6.54 6.44
55520 -40 6.54 6.44
56915 -40 6.54 6.44
53549 -40 6.54 6.44
60075 -40 6.54 6.44
57524 -40 6.54 6.44
56588 -40 6.54 6.44
54448 -40 6.54 6.44
165060 -40 16.53 17.64
166010 -40 16.53 17.64
163101 -40 16.53 17.64
166653 -40 16.53 17.64
159100 -40 16.53 17.64
167031 -40 16.53 17.64
162926 -40 16.53 17.64
165438 -40 16.53 17.64
162370 -40 16.53 17.64
164143 -40 16.53 17.64
164087 -40 16.53 17.64
165081 -40 16.53 17.64
167151 -40 16.53 17.64
166470 -40 16.53 17.64
163115 -40 16.53 17.64
164777 -40 16.53 17.64
163720 -40 16.53 17.64
162118 -40 16.53 17.64
165772 -40 16.53 17.64
162592 -40 16.53 17.64
172099 -40 16.53 17.64
171983 -40 16.53 17.64
164349 -40 16.53 17.64
168509 -40 16.53 17.64
166249 -40 16.53 17.64
162266 -40 16.53 17.64
169148 -40 16.53 17.64
162355 -40 16.53 17.64
167636 -40 16.53 17.64
163710 -40 16.53 17.64
165756 -40 16.53 17.64
161091 -40 16.53 17.64
164737 -40 16.53 17.64
170518 -40 16.53 17.64
162485 -40 16.53 17.64
165007 -40 16.53 17.64
162217 -40 16.53 17.64
165270 -40 16.53 17.64
170077 -40 16.53 17.64
67323 -40 8.5 -6.72
66181 -40 8.5 -6.72
63218 -40 8.5 -6.72
66102 -40 8.5 -6.72
69949 -40 8.5 -6.72
68757 -40 8.5 -6.72
73051 -40 8.5 -6.72
70083 -40 8.5 -6.72
65549 -40 8.5 -6.72
70155 -40 8.5 -6.72
66137 -40 8.5 -6.72
65510 -40 8.5 -6.72
70486 -40 8.5 -6.72
63657 -40 8.5 -6.72
58550 -40 8.5 -6.72
66528 -40 8.5 -6.72
64587 -40 8.5 -6.72
64206 -40 8.5 -6.72
64324 -40 8.5 -6.72
67614 -40 8.5 -6.72
69144 -40 8.5 -6.72
63599 -40 8.5 -6.72
64277 -40 8.5 -6.72
65854 -40 8.5 -6.72
63892 -40 8.5 -6.72
61640 -40 8.5 -6.72
67882 -40 8.5 -6.72
66256 -40 8.5 -6.72
63450 -40 8.5 -6.72
67739 -40 8.5 -6.72
67514 -40 8.5 -6.72
67539 -40 8.5 -6.72
62834 -40 8.5 -6.72
68120 -40 8.5 -6.72
63536 -40 8.5 -6.72
62950 -40 8.5 -6.72
65886 -40 8.5 -6.72
64536 -40 8.5 -6.72
74858 -40 8.5 -6.72
107884 -40 13.32 -9.58
104204 -40 13.32 -9.58
105713 -40 13.32 -9.58
101889 -40 13.32 -9.58
104794 -40 13.32 -9.58
106809 -40 13.32 -9.58
100817 -40 13.32 -9.58
103931 -40 13.32 -9.58
104639 -40 13.32 -9.58
104599 -40 13.32 -9.58
108297 -40 13.32 -9.58
102957 -40 13.32 -9.58
105031 -40 13.32 -9.58
104843 -40 13.32 -9.58
105860 -40 13.32 -9.58
105965 -40 13.32 -9.58
102482 -40 13.32 -9.58
103481 -40 13.32 -9.58
100307 -40 13.32 -9.58
104325 -40 13.32 -9.58
100869 -40 13.32 -9.58
105820 -40 13.32 -9.58
105289 -40 13.32 -9.58
104244 -40 13.32 -9.58
102501 -40 13.32 -9.58
100627 -40 13.32 -9.58
96438 -40 13.32 -9.58
102416 -40 13.32 -9.58
103934 -40 13.32 -9.58
106755 -40 13.32 -9.58
101591 -40 13.32 -9.58
102873 -40 13.32 -9.58
102312 -40 13.32 -9.58
102382 -40 13.32 -9.58
100709 -40 13.32 -9.58
104698 -40 13.32 -9.58
102185 -40 13.32 -9.58
102642 -40 13.32 -9.58
101630 -40 13.32 -9.58
