#rtt sig_str x y
165061 -40 0.84 25.32
164012 -40 0.84 25.32
168707 -40 0.84 25.32
167890 -40 0.84 25.32
166480 -40 0.84 25.32
172901 -40 0.84 25.32
168709 -40 0.84 25.32
167367 -40 0.84 25.32
171516 -40 0.84 25.32
167281 -40 0.84 25.32
162817 -40 0.84 25.32
170087 -40 0.84 25.32
170387 -40 0.84 25.32
165146 -40 0.84 25.32
167689 -40 0.84 25.32
166794 -40 0.84 25.32
172355 -40 0.84 25.32
167343 -40 0.84 25.32
167678 -40 0.84 25.32
170354 -40 0.84 25.32
161499 -40 0.84 25.32
167872 -40 0.84 25.32
170535 -40 0.84 25.32
167804 -40 0.84 25.32
168455 -40 0.84 25.32
170266 -40 0.84 25.32
169587 -40 0.84 25.32
168361 -40 0.84 25.32
171865 -40 0.84 25.32
169214 -40 0.84 25.32
170478 -40 0.84 25.32
170624 -40 0.84 25.32
168849 -40 0.84 25.32
169372 -40 0.84 25.32
163495 -40 0.84 25.32
168733 -40 0.84 25.32
174478 -40 0.84 25.32
170472 -40 0.84 25.32
166790 -40 0.84 25.32
120168 -40 16.39 9.55
118893 -40 16.39 9.55
119237 -40 16.39 9.55
119398 -40 16.39 9.55
118932 -40 16.39 9.55
125027 -40 16.39 9.55
121132 -40 16.39 9.55
118301 -40 16.39 9.55
120032 -40 16.39 9.55
114363 -40 16.39 9.55
119781 -40 16.39 9.55
120762 -40 16.39 9.55
117154 -40 16.39 9.55
119602 -40 16.39 9.55
121542 -40 16.39 9.55
120688 -40 16.39 9.55
121284 -40 16.39 9.55
121044 -40 16.39 9.55
117160 -40 16.39 9.55
115614 -40 16.39 9.55
117024 -40 16.39 9.55
122468 -40 16.39 9.55
119556 -40 16.39 9.55
115295 -40 16.39 9.55
117518 -40 16.39 9.55
120480 -40 16.39 9.55
121928 -40 16.39 9.55
122042 -40 16.39 9.55
117628 -40 16.39 9.55
115899 -40 16.39 9.55
115941 -40 16.39 9.55
116285 -40 16.39 9.55
118534 -40 16.39 9.55
118155 -40 16.39 9.55
122538 -40 16.39 9.55
115398 -40 16.39 9.55
119745 -40 16.39 9.55
120468 -40 16.39 9.55
115339 -40 16.39 9.55
155378 -40 22.23 -8.02
153204 -40 22.23 -8.02
155678 -40 22.23 -8.02
147967 -40 22.23 -8.02
153235 -40 22.23 -8.02
149340 -40 22.23 -8.02
153552 -40 22.23 -8.02
151200 -40 22.23 -8.02
153699 -40 22.23 -8.02
149862 -40 22.23 -8.02
150116 -40 22.23 -8.02
150518 -40 22.23 -8.02
146702 -40 22.23 -8.02
154191 -40 22.23 -8.02
153335 -40 22.23 -8.02
149465 -40 22.23 -8.02
146608 -40 22.23 -8.02
149540 -40 22.23 -8.02
153875 -40 22.23 -8.02
152800 -40 22.23 -8.02
149054 -40 22.23 -8.02
149668 -40 22.23 -8.02
151429 -40 22.23 -8.02
147557 -40 22.23 -8.02
150287 -40 22.23 -8.02
150670 -40 22.23 -8.02
151984 -40 22.23 -8.02
153117 -40 22.23 -8.02
151854 -40 22.23 -8.02
152511 -40 22.23 -8.02
150091 -40 22.23 -8.02
151357 -40 22.23 -8.02
148470 -40 22.23 -8.02
150902 -40 22.23 -8.02
149681 -40 22.23 -8.02
153622 -40 22.23 -8.02
153490 -40 22.23 -8.02
147115 -40 22.23 -8.02
150871 -40 22.23 -8.02
241503 -40 -29.52 -21.06
244439 -40 -29.52 -21.06
242243 -40 -29.52 -21.06
244603 -40 -29.52 -21.06
241859 -40 -29.52 -21.06
245314 -40 -29.52 -21.06
242612 -40 -29.52 -21.06
246515 -40 -29.52 -21.06
242742 -40 -29.52 -21.06
246079 -40 -29.52 -21.06
247982 -40 -29.52 -21.06
245919 -40 -29.52 -21.06
245633 -40 -29.52 -21.06
244102 -40 -29.52 -21.06
243597 -40 -29.52 -21.06
244047 -40 -29.52 -21.06
239968 -40 -29.52 -21.06
247082 -40 -29.52 -21.06
245539 -40 -29.52 -21.06
246573 -40 -29.52 -21.06
244656 -40 -29.52 -21.06
244695 -40 -29.52 -21.06
243377 -40 -29.52 -21.06
243683 -40 -29.52 -21.06
243319 -40 -29.52 -21.06
240335 -40 -29.52 -21.06
242189 -40 -29.52 -21.06
247190 -40 -29.52 -21.06
245553 -40 -29.52 -21.06
242534 -40 -29.52 -21.06
246928 -40 -29.52 -21.06
245610 -40 -29.52 -21.06
243939 -40 -29.52 -21.06
244035 -40 -29.52 -21.06
245605 -40 -29.52 -21.06
246942 -40 -29.52 -21.06
244522 -40 -29.52 -21.06
243177 -40 -29.52 -21.06
240381 -40 -29.52 -21.06
142135 -40 -11.42 -17.93
140876 -40 -11.42 -17.93
142059 -40 -11.42 -17.93
142287 -40 -11.42 -17.93
144735 -40 -11.42 -17.93
141269 -40 -11.42 -17.93
140119 -40 -11.42 -17.93
137310 -40 -11.42 -17.93
145676 -40 -11.42 -17.93
141798 -40 -11.42 -17.93
144658 -40 -11.42 -17.93
140461 -40 -11.42 -17.93
140577 -40 -11.42 -17.93
140698 -40 -11.42 -17.93
143153 -40 -11.42 -17.93
139572 -40 -11.42 -17.93
137852 -40 -11.42 -17.93
139294 -40 -11.42 -17.93
140007 -40 -11.42 -17.93
140124 -40 -11.42 -17.93
139759 -40 -11.42 -17.93
142401 -40 -11.42 -17.93
140135 -40 -11.42 -17.93
140167 -40 -11.42 -17.93
141356 -40 -11.42 -17.93
138443 -40 -11.42 -17.93
138410 -40 -11.42 -17.93
143148 -40 -11.42 -17.93
140136 -40 -11.42 -17.93
141069 -40 -11.42 -17.93
137064 -40 -11.42 -17.93
140225 -40 -11.42 -17.93
138160 -40 -11.42 -17.93
140995 -40 -11.42 -17.93
140980 -40 -11.42 -17.93
135831 -40 -11.42 -17.93
134270 -40 -11.42 -17.93
140315 -40 -11.42 -17.93
137391 -40 -11.42 -17.93
213713 -40 27.46 -16.68
217599 -40 27.46 -16.68
218068 -40 27.46 -16.68
219877 -40 27.46 -16.68
220711 -40 27.46 -16.68
224310 -40 27.46 -16.68
216330 -40 27.46 -16.68
214845 -40 27.46 -16.68
214137 -40 27.46 -16.68
218296 -40 27.46 -16.68
218021 -40 27.46 -16.68
219838 -40 27.46 -16.68
220356 -40 27.46 -16.68
215269 -40 27.46 -16.68
216224 -40 27.46 -16.68
216640 -40 27.46 -16.68
214625 -40 27.46 -16.68
217127 -40 27.46 -16.68
215757 -40 27.46 -16.68
217945 -40 27.46 -16.68
218415 -40 27.46 -16.68
212387 -40 27.46 -16.68
218940 -40 27.46 -16.68
217455 -40 27.46 -16.68
216532 -40 27.46 -16.68
215191 -40 27.46 -16.68
215906 -40 27.46 -16.68
219393 -40 27.46 -16.68
217694 -40 27.46 -16.68
221511 -40 27.46 -16.68
215571 -40 27.46 -16.68
216821 -40 27.46 -16.68
217061 -40 27.46 -16.68
215499 -40 27.46 -16.68
215201 -40 27.46 -16.68
212302 -40 27.46 -16.68
220895 -40 27.46 -16.68
218619 -40 27.46 -16.68
221750 -40 27.46 -16.68
70526 -40 0.79 -10.84
68521 -40 0.79 -10.84
69127 -40 0.79 -10.84
72307 -40 0.79 -10.84
70764 -40 0.79 -10.84
71210 -40 0.79 -10.84
72177 -40 0.79 -10.84
70993 -40 0.79 -10.84
66391 -40 0.79 -10.84
67644 -40 0.79 -10.84
75265 -40 0.79 -10.84
66016 -40 0.79 -10.84
71899 -40 0.79 -10.84
68707 -40 0.79 -10.84
70111 -40 0.79 -10.84
73557 -40 0.79 -10.84
68193 -40 0.79 -10.84
64265 -40 0.79 -10.84
76581 -40 0.79 -10.84
74379 -40 0.79 -10.84
70976 -40 0.79 -10.84
71684 -40 0.79 -10.84
72823 -40 0.79 -10.84
71618 -40 0.79 -10.84
67540 -40 0.79 -10.84
69481 -40 0.79 -10.84
73030 -40 0.79 -10.84
69988 -40 0.79 -10.84
69967 -40 0.79 -10.84
67097 -40 0.79 -10.84
66956 -40 0.79 -10.84
71017 -40 0.79 -10.84
68089 -40 0.79 -10.84
69048 -40 0.79 -10.84
67883 -40 0.79 -10.84
72166 -40 0.79 -10.84
67680 -40 0.79 -10.84
72480 -40 0.79 -10.84
73033 -40 0.79 -10.84
92112 -40 -10.9 -8.15
93148 -40 -10.9 -8.15
92645 -40 -10.9 -8.15
87078 -40 -10.9 -8.15
92218 -40 -10.9 -8.15
94712 -40 -10.9 -8.15
91824 -40 -10.9 -8.15
97798 -40 -10.9 -8.15
91411 -40 -10.9 -8.15
88267 -40 -10.9 -8.15
92503 -40 -10.9 -8.15
87615 -40 -10.9 -8.15
91466 -40 -10.9 -8.15
93999 -40 -10.9 -8.15
90985 -40 -10.9 -8.15
92685 -40 -10.9 -8.15
89332 -40 -10.9 -8.15
93051 -40 -10.9 -8.15
96010 -40 -10.9 -8.15
92854 -40 -10.9 -8.15
91460 -40 -10.9 -8.15
87917 -40 -10.9 -8.15
92881 -40 -10.9 -8.15
98906 -40 -10.9 -8.15
90097 -40 -10.9 -8.15
90359 -40 -10.9 -8.15
89999 -40 -10.9 -8.15
94824 -40 -10.9 -8.15
89624 -40 -10.9 -8.15
93950 -40 -10.9 -8.15
92590 -40 -10.9 -8.15
92277 -40 -10.9 -8.15
91533 -40 -10.9 -8.15
92338 -40 -10.9 -8.15
95564 -40 -10.9 -8.15
93464 -40 -10.9 -8.15
96407 -40 -10.9 -8.15
89508 -40 -10.9 -8.15
91720 -40 -10.9 -8.15
19356 -40 2.35 2.34
19631 -40 2.35 2.34
27699 -40 2.35 2.34
18946 -40 2.35 2.34
26016 -40 2.35 2.34
25523 -40 2.35 2.34
22169 -40 2.35 2.34
24555 -40 2.35 2.34
24507 -40 2.35 2.34
18512 -40 2.35 2.34
23132 -40 2.35 2.34
24057 -40 2.35 2.34
19404 -40 2.35 2.34
25575 -40 2.35 2.34
22387 -40 2.35 2.34
21768 -40 2.35 2.34
19946 -40 2.35 2.34
18457 -40 2.35 2.34
25459 -40 2.35 2.34
24700 -40 2.35 2.34
22187 -40 2.35 2.34
17967 -40 2.35 2.34
23692 -40 2.35 2.34
21650 -40 2.35 2.34
22575 -40 2.35 2.34
20007 -40 2.35 2.34
23827 -40 2.35 2.34
24777 -40 2.35 2.34
22740 -40 2.35 2.34
25938 -40 2.35 2.34
18067 -40 2.35 2.34
22135 -40 2.35 2.34
25014 -40 2.35 2.34
27870 -40 2.35 2.34
25045 -40 2.35 2.34
23043 -40 2.35 2.34
21398 -40 2.35 2.34
20291 -40 2.35 2.34
26076 -40 2.35 2.34
137818 -40 -16.73 10.89
135392 -40 -16.73 10.89
131722 -40 -16.73 10.89
139561 -40 -16.73 10.89
134807 -40 -16.73 10.89
132478 -40 -16.73 10.89
139872 -40 -16.73 10.89
138256 -40 -16.73 10.89
134135 -40 -16.73 10.89
134792 -40 -16.73 10.89
137425 -40 -16.73 10.89
136070 -40 -16.73 10.89
131742 -40 -16.73 10.89
135613 -40 -16.73 10.89
139792 -40 -16.73 10.89
136155 -40 -16.73 10.89
133171 -40 -16.73 10.89
133977 -40 -16.73 10.89
134301 -40 -16.73 10.89
133851 -40 -16.73 10.89
134608 -40 -16.73 10.89
135378 -40 -16.73 10.89
138302 -40 -16.73 10.89
134737 -40 -16.73 10.89
132358 -40 -16.73 10.89
133115 -40 -16.73 10.89
132670 -40 -16.73 10.89
133070 -40 -16.73 10.89
135878 -40 -16.73 10.89
138880 -40 -16.73 10.89
135743 -40 -16.73 10.89
138384 -40 -16.73 10.89
138551 -40 -16.73 10.89
142956 -40 -16.73 10.89
135283 -40 -16.73 10.89
134726 -40 -16.73 10.89
137753 -40 -16.73 10.89
135346 -40 -16.73 10.89
138002 -40 -16.73 10.89
