#rtt sig_str x y
182375 -40 20.93 18.82
176771 -40 20.93 18.82
185726 -40 20.93 18.82
181275 -40 20.93 18.82
180637 -40 20.93 18.82
179629 -40 20.93 18.82
183452 -40 20.93 18.82
183305 -40 20.93 18.82
181391 -40 20.93 18.82
181912 -40 20.93 18.82
181165 -40 20.93 18.82
182435 -40 20.93 18.82
184634 -40 20.93 18.82
185686 -40 20.93 18.82
190487 -40 20.93 18.82
179222 -40 20.93 18.82
179536 -40 20.93 18.82
184703 -40 20.93 18.82
180116 -40 20.93 18.82
178054 -40 20.93 18.82
184330 -40 20.93 18.82
181801 -40 20.93 18.82
181105 -40 20.93 18.82
184988 -40 20.93 18.82
182006 -40 20.93 18.82
179835 -40 20.93 18.82
181990 -40 20.93 18.82
183633 -40 20.93 18.82
183997 -40 20.93 18.82
185094 -40 20.93 18.82
181201 -40 20.93 18.82
177955 -40 20.93 18.82
178902 -40 20.93 18.82
184275 -40 20.93 18.82
182531 -40 20.93 18.82
179584 -40 20.93 18.82
181930 -40 20.93 18.82
185480 -40 20.93 18.82
178338 -40 20.93 18.82
146687 -40 -19.27 5.48
150656 -40 -19.27 5.48
148288 -40 -19.27 5.48
144279 -40 -19.27 5.48
146550 -40 -19.27 5.48
146903 -40 -19.27 5.48
146967 -40 -19.27 5.48
144404 -40 -19.27 5.48
151515 -40 -19.27 5.48
144642 -40 -19.27 5.48
151320 -40 -19.27 5.48
144736 -40 -19.27 5.48
153953 -40 -19.27 5.48
147491 -40 -19.27 5.48
147214 -40 -19.27 5.48
142708 -40 -19.27 5.48
147836 -40 -19.27 5.48
148225 -40 -19.27 5.48
145921 -40 -19.27 5.48
151727 -40 -19.27 5.48
149559 -40 -19.27 5.48
146904 -40 -19.27 5.48
152322 -40 -19.27 5.48
148719 -40 -19.27 5.48
141894 -40 -19.27 5.48
147162 -40 -19.27 5.48
147438 -40 -19.27 5.48
145410 -40 -19.27 5.48
148680 -40 -19.27 5.48
150154 -40 -19.27 5.48
149742 -40 -19.27 5.48
148997 -40 -19.27 5.48
148327 -40 -19.27 5.48
147045 -40 -19.27 5.48
147789 -40 -19.27 5.48
149915 -40 -19.27 5.48
147336 -40 -19.27 5.48
148353 -40 -19.27 5.48
146557 -40 -19.27 5.48
234907 -40 -26.74 -23.34
240506 -40 -26.74 -23.34
238916 -40 -26.74 -23.34
241605 -40 -26.74 -23.34
242203 -40 -26.74 -23.34
237831 -40 -26.74 -23.34
239201 -40 -26.74 -23.34
239626 -40 -26.74 -23.34
242190 -40 -26.74 -23.34
245295 -40 -26.74 -23.34
241658 -40 -26.74 -23.34
237814 -40 -26.74 -23.34
244787 -40 -26.74 -23.34
239864 -40 -26.74 -23.34
236531 -40 -26.74 -23.34
239200 -40 -26.74 -23.34
240098 -40 -26.74 -23.34
239251 -40 -26.74 -23.34
237636 -40 -26.74 -23.34
239815 -40 -26.74 -23.34
238837 -40 -26.74 -23.34
240404 -40 -26.74 -23.34
240865 -40 -26.74 -23.34
236834 -40 -26.74 -23.34
238401 -40 -26.74 -23.34
240297 -40 -26.74 -23.34
239653 -40 -26.74 -23.34
242002 -40 -26.74 -23.34
244293 -40 -26.74 -23.34
242862 -40 -26.74 -23.34
239108 -40 -26.74 -23.34
242098 -40 -26.74 -23.34
243422 -40 -26.74 -23.34
242158 -40 -26.74 -23.34
240807 -40 -26.74 -23.34
240628 -40 -26.74 -23.34
241617 -40 -26.74 -23.34
238294 -40 -26.74 -23.34
240069 -40 -26.74 -23.34
136969 -40 -8.31 19.12
138435 -40 -8.31 19.12
139083 -40 -8.31 19.12
133347 -40 -8.31 19.12
142202 -40 -8.31 19.12
136705 -40 -8.31 19.12
133648 -40 -8.31 19.12
138985 -40 -8.31 19.12
137655 -40 -8.31 19.12
137452 -40 -8.31 19.12
139700 -40 -8.31 19.12
134569 -40 -8.31 19.12
133719 -40 -8.31 19.12
135726 -40 -8.31 19.12
140724 -40 -8.31 19.12
137432 -40 -8.31 19.12
136768 -40 -8.31 19.12
139952 -40 -8.31 19.12
135419 -40 -8.31 19.12
137589 -40 -8.31 19.12
137598 -40 -8.31 19.12
139463 -40 -8.31 19.12
134967 -40 -8.31 19.12
137256 -40 -8.31 19.12
139002 -40 -8.31 19.12
137766 -40 -8.31 19.12
139539 -40 -8.31 19.12
138515 -40 -8.31 19.12
137599 -40 -8.31 19.12
140565 -40 -8.31 19.12
140585 -40 -8.31 19.12
140573 -40 -8.31 19.12
138990 -40 -8.31 19.12
142835 -40 -8.31 19.12
139711 -40 -8.31 19.12
134743 -40 -8.31 19.12
139934 -40 -8.31 19.12
140310 -40 -8.31 19.12
138029 -40 -8.31 19.12
186548 -40 -13.48 25.6
188518 -40 -13.48 25.6
196437 -40 -13.48 25.6
196093 -40 -13.48 25.6
191375 -40 -13.48 25.6
193608 -40 -13.48 25.6
190090 -40 -13.48 25.6
192052 -40 -13.48 25.6
188185 -40 -13.48 25.6
191242 -40 -13.48 25.6
192476 -40 -13.48 25.6
194594 -40 -13.48 25.6
190138 -40 -13.48 25.6
191007 -40 -13.48 25.6
190673 -40 -13.48 25.6
188337 -40 -13.48 25.6
185256 -40 -13.48 25.6
190495 -40 -13.48 25.6
188063 -40 -13.48 25.6
189009 -40 -13.48 25.6
193618 -40 -13.48 25.6
190554 -40 -13.48 25.6
189062 -40 -13.48 25.6
190279 -40 -13.48 25.6
191258 -40 -13.48 25.6
193091 -40 -13.48 25.6
188971 -40 -13.48 25.6
191846 -40 -13.48 25.6
187425 -40 -13.48 25.6
186506 -40 -13.48 25.6
194065 -40 -13.48 25.6
189825 -40 -13.48 25.6
193753 -40 -13.48 25.6
195046 -40 -13.48 25.6
192242 -40 -13.48 25.6
193320 -40 -13.48 25.6
191140 -40 -13.48 25.6
191664 -40 -13.48 25.6
189674 -40 -13.48 25.6
186083 -40 1.8 -28.51
186841 -40 1.8 -28.51
186767 -40 1.8 -28.51
188310 -40 1.8 -28.51
185003 -40 1.8 -28.51
188005 -40 1.8 -28.51
190886 -40 1.8 -28.51
187912 -40 1.8 -28.51
191282 -40 1.8 -28.51
182168 -40 1.8 -28.51
182826 -40 1.8 -28.51
184346 -40 1.8 -28.51
191273 -40 1.8 -28.51
188761 -40 1.8 -28.51
183268 -40 1.8 -28.51
187069 -40 1.8 -28.51
184006 -40 1.8 -28.51
189813 -40 1.8 -28.51
184212 -40 1.8 -28.51
184975 -40 1.8 -28.51
189088 -40 1.8 -28.51
188355 -40 1.8 -28.51
188462 -40 1.8 -28.51
191770 -40 1.8 -28.51
186863 -40 1.8 -28.51
187541 -40 1.8 -28.51
184243 -40 1.8 -28.51
189301 -40 1.8 -28.51
188275 -40 1.8 -28.51
185861 -40 1.8 -28.51
191279 -40 1.8 -28.51
186511 -40 1.8 -28.51
187882 -40 1.8 -28.51
188519 -40 1.8 -28.51
198294 -40 1.8 -28.51
182737 -40 1.8 -28.51
191775 -40 1.8 -28.51
189423 -40 1.8 -28.51
188454 -40 1.8 -28.51
148393 -40 -11.65 19.34
149552 -40 -11.65 19.34
150045 -40 -11.65 19.34
145903 -40 -11.65 19.34
144758 -40 -11.65 19.34
147684 -40 -11.65 19.34
142485 -40 -11.65 19.34
147581 -40 -11.65 19.34
146201 -40 -11.65 19.34
151267 -40 -11.65 19.34
142415 -40 -11.65 19.34
145101 -40 -11.65 19.34
141253 -40 -11.65 19.34
142990 -40 -11.65 19.34
144399 -40 -11.65 19.34
148924 -40 -11.65 19.34
149844 -40 -11.65 19.34
144169 -40 -11.65 19.34
146032 -40 -11.65 19.34
145303 -40 -11.65 19.34
151347 -40 -11.65 19.34
147834 -40 -11.65 19.34
148813 -40 -11.65 19.34
149435 -40 -11.65 19.34
145089 -40 -11.65 19.34
147948 -40 -11.65 19.34
151688 -40 -11.65 19.34
147798 -40 -11.65 19.34
147389 -40 -11.65 19.34
147335 -40 -11.65 19.34
146354 -40 -11.65 19.34
150283 -40 -11.65 19.34
152089 -40 -11.65 19.34
144460 -40 -11.65 19.34
149742 -40 -11.65 19.34
146626 -40 -11.65 19.34
148436 -40 -11.65 19.34
145859 -40 -11.65 19.34
148030 -40 -11.65 19.34
124013 -40 -11.73 13.2
123699 -40 -11.73 13.2
121376 -40 -11.73 13.2
120857 -40 -11.73 13.2
118235 -40 -11.73 13.2
122544 -40 -11.73 13.2
118731 -40 -11.73 13.2
123336 -40 -11.73 13.2
118906 -40 -11.73 13.2
121270 -40 -11.73 13.2
123248 -40 -11.73 13.2
124916 -40 -11.73 13.2
121666 -40 -11.73 13.2
126567 -40 -11.73 13.2
124182 -40 -11.73 13.2
127124 -40 -11.73 13.2
119983 -40 -11.73 13.2
124928 -40 -11.73 13.2
120842 -40 -11.73 13.2
122260 -40 -11.73 13.2
119633 -40 -11.73 13.2
121530 -40 -11.73 13.2
124840 -40 -11.73 13.2
122156 -40 -11.73 13.2
124248 -40 -11.73 13.2
125177 -40 -11.73 13.2
118985 -40 -11.73 13.2
118715 -40 -11.73 13.2
123800 -40 -11.73 13.2
118117 -40 -11.73 13.2
123869 -40 -11.73 13.2
121482 -40 -11.73 13.2
122902 -40 -11.73 13.2
116429 -40 -11.73 13.2
121163 -40 -11.73 13.2
122677 -40 -11.73 13.2
124194 -40 -11.73 13.2
120248 -40 -11.73 13.2
120436 -40 -11.73 13.2
200044 -40 -23.3 -17.28
194543 -40 -23.3 -17.28
198526 -40 -23.3 -17.28
194149 -40 -23.3 -17.28
197040 -40 -23.3 -17.28
200033 -40 -23.3 -17.28
201329 -40 -23.3 -17.28
194002 -40 -23.3 -17.28
194242 -40 -23.3 -17.28
196685 -40 -23.3 -17.28
200338 -40 -23.3 -17.28
200518 -40 -23.3 -17.28
192605 -40 -23.3 -17.28
197862 -40 -23.3 -17.28
197228 -40 -23.3 -17.28
197203 -40 -23.3 -17.28
195330 -40 -23.3 -17.28
194523 -40 -23.3 -17.28
198483 -40 -23.3 -17.28
193815 -40 -23.3 -17.28
194059 -40 -23.3 -17.28
196094 -40 -23.3 -17.28
196034 -40 -23.3 -17.28
196722 -40 -23.3 -17.28
194410 -40 -23.3 -17.28
200553 -40 -23.3 -17.28
205264 -40 -23.3 -17.28
195742 -40 -23.3 -17.28
198366 -40 -23.3 -17.28
198511 -40 -23.3 -17.28
196109 -40 -23.3 -17.28
197524 -40 -23.3 -17.28
193643 -40 -23.3 -17.28
193529 -40 -23.3 -17.28
198360 -40 -23.3 -17.28
196957 -40 -23.3 -17.28
195787 -40 -23.3 -17.28
196372 -40 -23.3 -17.28
197687 -40 -23.3 -17.28
177144 -40 -15.01 22.35
181984 -40 -15.01 22.35
184948 -40 -15.01 22.35
183924 -40 -15.01 22.35
185958 -40 -15.01 22.35
184589 -40 -15.01 22.35
188124 -40 -15.01 22.35
190061 -40 -15.01 22.35
183887 -40 -15.01 22.35
188079 -40 -15.01 22.35
185317 -40 -15.01 22.35
185357 -40 -15.01 22.35
186258 -40 -15.01 22.35
189798 -40 -15.01 22.35
184368 -40 -15.01 22.35
180976 -40 -15.01 22.35
183308 -40 -15.01 22.35
187456 -40 -15.01 22.35
182809 -40 -15.01 22.35
183331 -40 -15.01 22.35
180748 -40 -15.01 22.35
182257 -40 -15.01 22.35
183483 -40 -15.01 22.35
180865 -40 -15.01 22.35
182552 -40 -15.01 22.35
183265 -40 -15.01 22.35
183420 -40 -15.01 22.35
182286 -40 -15.01 22.35
185150 -40 -15.01 22.35
185157 -40 -15.01 22.35
184291 -40 -15.01 22.35
188255 -40 -15.01 22.35
182541 -40 -15.01 22.35
183214 -40 -15.01 22.35
180506 -40 -15.01 22.35
183869 -40 -15.01 22.35
186644 -40 -15.01 22.35
184469 -40 -15.01 22.35
184674 -40 -15.01 22.35
