#rtt sig_str x y
125213 -40 -16.61 -10.4
129671 -40 -16.61 -10.4
125616 -40 -16.61 -10.4
123141 -40 -16.61 -10.4
127552 -40 -16.61 -10.4
128559 -40 -16.61 -10.4
130109 -40 -16.61 -10.4
126115 -40 -16.61 -10.4
124784 -40 -16.61 -10.4
130820 -40 -16.61 -10.4
129894 -40 -16.61 -10.4
132289 -40 -16.61 -10.4
129662 -40 -16.61 -10.4
128264 -40 -16.61 -10.4
124013 -40 -16.61 -10.4
129947 -40 -16.61 -10.4
131824 -40 -16.61 -10.4
128243 -40 -16.61 -10.4
129695 -40 -16.61 -10.4
129070 -40 -16.61 -10.4
130434 -40 -16.61 -10.4
127716 -40 -16.61 -10.4
132602 -40 -16.61 -10.4
125813 -40 -16.61 -10.4
123255 -40 -16.61 -10.4
132004 -40 -16.61 -10.4
130680 -40 -16.61 -10.4
132409 -40 -16.61 -10.4
124905 -40 -16.61 -10.4
131849 -40 -16.61 -10.4
128952 -40 -16.61 -10.4
128629 -40 -16.61 -10.4
126477 -40 -16.61 -10.4
124118 -40 -16.61 -10.4
128465 -40 -16.61 -10.4
130498 -40 -16.61 -10.4
128930 -40 -16.61 -10.4
129595 -40 -16.61 -10.4
128913 -40 -16.61 -10.4
182124 -40 1.39 -26.66
183089 -40 1.39 -26.66
182568 -40 1.39 -26.66
182240 -40 1.39 -26.66
184883 -40 1.39 -26.66
184255 -40 1.39 -26.66
185012 -40 1.39 -26.66
181434 -40 1.39 -26.66
184086 -40 1.39 -26.66
185142 -40 1.39 -26.66
184460 -40 1.39 -26.66
177703 -40 1.39 -26.66
183415 -40 1.39 -26.66
179343 -40 1.39 -26.66
179808 -40 1.39 -26.66
180174 -40 1.39 -26.66
184802 -40 1.39 -26.66
187513 -40 1.39 -26.66
185328 -40 1.39 -26.66
181096 -40 1.39 -26.66
187271 -40 1.39 -26.66
184126 -40 1.39 -26.66
186985 -40 1.39 -26.66
182281 -40 1.39 -26.66
180033 -40 1.39 -26.66
181468 -40 1.39 -26.66
183149 -40 1.39 -26.66
186707 -40 1.39 -26.66
183846 -40 1.39 -26.66
178026 -40 1.39 -26.66
184468 -40 1.39 -26.66
182097 -40 1.39 -26.66
180493 -40 1.39 -26.66
179127 -40 1.39 -26.66
188919 -40 1.39 -26.66
181652 -40 1.39 -26.66
186718 -40 1.39 -26.66
182862 -40 1.39 -26.66
179583 -40 1.39 -26.66
84199 -40 3.04 -11.48
83246 -40 3.04 -11.48
82683 -40 3.04 -11.48
85024 -40 3.04 -11.48
85273 -40 3.04 -11.48
80515 -40 3.04 -11.48
90709 -40 3.04 -11.48
83458 -40 3.04 -11.48
86212 -40 3.04 -11.48
82245 -40 3.04 -11.48
86816 -40 3.04 -11.48
83614 -40 3.04 -11.48
83602 -40 3.04 -11.48
81065 -40 3.04 -11.48
85160 -40 3.04 -11.48
85709 -40 3.04 -11.48
81884 -40 3.04 -11.48
84335 -40 3.04 -11.48
86341 -40 3.04 -11.48
81287 -40 3.04 -11.48
91352 -40 3.04 -11.48
84776 -40 3.04 -11.48
84323 -40 3.04 -11.48
86846 -40 3.04 -11.48
83097 -40 3.04 -11.48
83203 -40 3.04 -11.48
86327 -40 3.04 -11.48
81182 -40 3.04 -11.48
88501 -40 3.04 -11.48
82488 -40 3.04 -11.48
86327 -40 3.04 -11.48
87062 -40 3.04 -11.48
83019 -40 3.04 -11.48
82419 -40 3.04 -11.48
85410 -40 3.04 -11.48
89377 -40 3.04 -11.48
81031 -40 3.04 -11.48
83312 -40 3.04 -11.48
83735 -40 3.04 -11.48
233655 -40 -27.27 -21.65
233936 -40 -27.27 -21.65
234791 -40 -27.27 -21.65
234717 -40 -27.27 -21.65
232504 -40 -27.27 -21.65
232613 -40 -27.27 -21.65
229780 -40 -27.27 -21.65
233734 -40 -27.27 -21.65
232575 -40 -27.27 -21.65
232635 -40 -27.27 -21.65
232100 -40 -27.27 -21.65
233936 -40 -27.27 -21.65
235880 -40 -27.27 -21.65
236687 -40 -27.27 -21.65
231975 -40 -27.27 -21.65
227798 -40 -27.27 -21.65
238210 -40 -27.27 -21.65
233612 -40 -27.27 -21.65
233692 -40 -27.27 -21.65
233724 -40 -27.27 -21.65
230133 -40 -27.27 -21.65
232500 -40 -27.27 -21.65
235214 -40 -27.27 -21.65
235710 -40 -27.27 -21.65
234250 -40 -27.27 -21.65
225937 -40 -27.27 -21.65
234702 -40 -27.27 -21.65
233350 -40 -27.27 -21.65
238077 -40 -27.27 -21.65
234595 -40 -27.27 -21.65
234872 -40 -27.27 -21.65
232277 -40 -27.27 -21.65
234610 -40 -27.27 -21.65
231189 -40 -27.27 -21.65
232012 -40 -27.27 -21.65
239073 -40 -27.27 -21.65
232750 -40 -27.27 -21.65
233236 -40 -27.27 -21.65
233193 -40 -27.27 -21.65
112440 -40 -8.36 12.27
109710 -40 -8.36 12.27
110844 -40 -8.36 12.27
112687 -40 -8.36 12.27
105880 -40 -8.36 12.27
112124 -40 -8.36 12.27
109954 -40 -8.36 12.27
109347 -40 -8.36 12.27
107219 -40 -8.36 12.27
109387 -40 -8.36 12.27
108368 -40 -8.36 12.27
115049 -40 -8.36 12.27
108712 -40 -8.36 12.27
108205 -40 -8.36 12.27
107968 -40 -8.36 12.27
106641 -40 -8.36 12.27
112584 -40 -8.36 12.27
106392 -40 -8.36 12.27
106607 -40 -8.36 12.27
108116 -40 -8.36 12.27
112253 -40 -8.36 12.27
109295 -40 -8.36 12.27
108534 -40 -8.36 12.27
108717 -40 -8.36 12.27
113243 -40 -8.36 12.27
107227 -40 -8.36 12.27
107152 -40 -8.36 12.27
108207 -40 -8.36 12.27
111188 -40 -8.36 12.27
111345 -40 -8.36 12.27
111240 -40 -8.36 12.27
107314 -40 -8.36 12.27
106348 -40 -8.36 12.27
114164 -40 -8.36 12.27
110184 -40 -8.36 12.27
107733 -40 -8.36 12.27
106530 -40 -8.36 12.27
109640 -40 -8.36 12.27
106980 -40 -8.36 12.27
166799 -40 -16.62 -20.77
170566 -40 -16.62 -20.77
169757 -40 -16.62 -20.77
168412 -40 -16.62 -20.77
169696 -40 -16.62 -20.77
172152 -40 -16.62 -20.77
176221 -40 -16.62 -20.77
171093 -40 -16.62 -20.77
171568 -40 -16.62 -20.77
175214 -40 -16.62 -20.77
171659 -40 -16.62 -20.77
168188 -40 -16.62 -20.77
167504 -40 -16.62 -20.77
170831 -40 -16.62 -20.77
169497 -40 -16.62 -20.77
171585 -40 -16.62 -20.77
168363 -40 -16.62 -20.77
173781 -40 -16.62 -20.77
167005 -40 -16.62 -20.77
169662 -40 -16.62 -20.77
168731 -40 -16.62 -20.77
170768 -40 -16.62 -20.77
170696 -40 -16.62 -20.77
164277 -40 -16.62 -20.77
175035 -40 -16.62 -20.77
172201 -40 -16.62 -20.77
169130 -40 -16.62 -20.77
170902 -40 -16.62 -20.77
170873 -40 -16.62 -20.77
172001 -40 -16.62 -20.77
173248 -40 -16.62 -20.77
170757 -40 -16.62 -20.77
171671 -40 -16.62 -20.77
166657 -40 -16.62 -20.77
173572 -40 -16.62 -20.77
173083 -40 -16.62 -20.77
170038 -40 -16.62 -20.77
168690 -40 -16.62 -20.77
170860 -40 -16.62 -20.77
91932 -40 11.33 9.23
97119 -40 11.33 9.23
93445 -40 11.33 9.23
93982 -40 11.33 9.23
96194 -40 11.33 9.23
94637 -40 11.33 9.23
94161 -40 11.33 9.23
97529 -40 11.33 9.23
99049 -40 11.33 9.23
97903 -40 11.33 9.23
91940 -40 11.33 9.23
93159 -40 11.33 9.23
91385 -40 11.33 9.23
90517 -40 11.33 9.23
92940 -40 11.33 9.23
95037 -40 11.33 9.23
95203 -40 11.33 9.23
90868 -40 11.33 9.23
94618 -40 11.33 9.23
97381 -40 11.33 9.23
94616 -40 11.33 9.23
93882 -40 11.33 9.23
96949 -40 11.33 9.23
94535 -40 11.33 9.23
92134 -40 11.33 9.23
91971 -40 11.33 9.23
95477 -40 11.33 9.23
95265 -40 11.33 9.23
97459 -40 11.33 9.23
92967 -40 11.33 9.23
94560 -40 11.33 9.23
101417 -40 11.33 9.23
93528 -40 11.33 9.23
97111 -40 11.33 9.23
95718 -40 11.33 9.23
98264 -40 11.33 9.23
95140 -40 11.33 9.23
96189 -40 11.33 9.23
91256 -40 11.33 9.23
202316 -40 -20.18 21.95
199674 -40 -20.18 21.95
203792 -40 -20.18 21.95
206789 -40 -20.18 21.95
206286 -40 -20.18 21.95
200028 -40 -20.18 21.95
209032 -40 -20.18 21.95
200038 -40 -20.18 21.95
206459 -40 -20.18 21.95
204547 -40 -20.18 21.95
206786 -40 -20.18 21.95
206404 -40 -20.18 21.95
204020 -40 -20.18 21.95
207173 -40 -20.18 21.95
203199 -40 -20.18 21.95
205083 -40 -20.18 21.95
202467 -40 -20.18 21.95
208368 -40 -20.18 21.95
198755 -40 -20.18 21.95
203517 -40 -20.18 21.95
208915 -40 -20.18 21.95
210028 -40 -20.18 21.95
207095 -40 -20.18 21.95
204950 -40 -20.18 21.95
202427 -40 -20.18 21.95
202934 -40 -20.18 21.95
207219 -40 -20.18 21.95
201517 -40 -20.18 21.95
206083 -40 -20.18 21.95
204710 -40 -20.18 21.95
201880 -40 -20.18 21.95
203214 -40 -20.18 21.95
206455 -40 -20.18 21.95
204051 -40 -20.18 21.95
208640 -40 -20.18 21.95
204003 -40 -20.18 21.95
209838 -40 -20.18 21.95
204627 -40 -20.18 21.95
202597 -40 -20.18 21.95
220597 -40 -25.78 20.68
220972 -40 -25.78 20.68
219331 -40 -25.78 20.68
224947 -40 -25.78 20.68
222545 -40 -25.78 20.68
220954 -40 -25.78 20.68
221691 -40 -25.78 20.68
220798 -40 -25.78 20.68
217216 -40 -25.78 20.68
221366 -40 -25.78 20.68
219885 -40 -25.78 20.68
221740 -40 -25.78 20.68
222581 -40 -25.78 20.68
220511 -40 -25.78 20.68
224108 -40 -25.78 20.68
220189 -40 -25.78 20.68
228181 -40 -25.78 20.68
218542 -40 -25.78 20.68
223662 -40 -25.78 20.68
220823 -40 -25.78 20.68
222646 -40 -25.78 20.68
220338 -40 -25.78 20.68
223310 -40 -25.78 20.68
224222 -40 -25.78 20.68
224750 -40 -25.78 20.68
219347 -40 -25.78 20.68
225483 -40 -25.78 20.68
223703 -40 -25.78 20.68
227287 -40 -25.78 20.68
228895 -40 -25.78 20.68
222629 -40 -25.78 20.68
219690 -40 -25.78 20.68
221038 -40 -25.78 20.68
224581 -40 -25.78 20.68
224136 -40 -25.78 20.68
224893 -40 -25.78 20.68
220173 -40 -25.78 20.68
225089 -40 -25.78 20.68
224768 -40 -25.78 20.68
182123 -40 26.47 11.13
186616 -40 26.47 11.13
185040 -40 26.47 11.13
185603 -40 26.47 11.13
183286 -40 26.47 11.13
183510 -40 26.47 11.13
187843 -40 26.47 11.13
184794 -40 26.47 11.13
187721 -40 26.47 11.13
185508 -40 26.47 11.13
183687 -40 26.47 11.13
184437 -40 26.47 11.13
184136 -40 26.47 11.13
183367 -40 26.47 11.13
185079 -40 26.47 11.13
184742 -40 26.47 11.13
182847 -40 26.47 11.13
187846 -40 26.47 11.13
182662 -40 26.47 11.13
183854 -40 26.47 11.13
184717 -40 26.47 11.13
184121 -40 26.47 11.13
182058 -40 26.47 11.13
185626 -40 26.47 11.13
186210 -40 26.47 11.13
189429 -40 26.47 11.13
181247 -40 26.47 11.13
189682 -40 26.47 11.13
181542 -40 26.47 11.13
183437 -40 26.47 11.13
179810 -40 26.47 11.13
187582 -40 26.47 11.13
185361 -40 26.47 11.13
186262 -40 26.47 11.13
185239 -40 26.47 11.13
184245 -40 26.47 11.13
182639 -40 26.47 11.13
188144 -40 26.47 11.13
189827 -40 26.47 11.13
