#rtt sig_str x y
148174 -40 -12.32 -19.1
146817 -40 -12.32 -19.1
143541 -40 -12.32 -19.1
148346 -40 -12.32 -19.1
147335 -40 -12.32 -19.1
149550 -40 -12.32 -19.1
148043 -40 -12.32 -19.1
143195 -40 -12.32 -19.1
150237 -40 -12.32 -19.1
145381 -40 -12.32 -19.1
144630 -40 -12.32 -19.1
149129 -40 -12.32 -19.1
144770 -40 -12.32 -19.1
145024 -40 -12.32 -19.1
145166 -40 -12.32 -19.1
148802 -40 -12.32 -19.1
149748 -40 -12.32 -19.1
149824 -40 -12.32 -19.1
144480 -40 -12.32 -19.1
146014 -40 -12.32 -19.1
146013 -40 -12.32 -19.1
145828 -40 -12.32 -19.1
148405 -40 -12.32 -19.1
150729 -40 -12.32 -19.1
146086 -40 -12.32 -19.1
144908 -40 -12.32 -19.1
149426 -40 -12.32 -19.1
146251 -40 -12.32 -19.1
144409 -40 -12.32 -19.1
149424 -40 -12.32 -19.1
147220 -40 -12.32 -19.1
149158 -40 -12.32 -19.1
146996 -40 -12.32 -19.1
150691 -40 -12.32 -19.1
147335 -40 -12.32 -19.1
148898 -40 -12.32 -19.1
139297 -40 -12.32 -19.1
149339 -40 -12.32 -19.1
147542 -40 -12.32 -19.1
139304 -40 1.84 20.66
143048 -40 1.84 20.66
145768 -40 1.84 20.66
148958 -40 1.84 20.66
145120 -40 1.84 20.66
143790 -40 1.84 20.66
138616 -40 1.84 20.66
143673 -40 1.84 20.66
148579 -40 1.84 20.66
143516 -40 1.84 20.66
145330 -40 1.84 20.66
143077 -40 1.84 20.66
145514 -40 1.84 20.66
146119 -40 1.84 20.66
142977 -40 1.84 20.66
139861 -40 1.84 20.66
142216 -40 1.84 20.66
146392 -40 1.84 20.66
146447 -40 1.84 20.66
144571 -40 1.84 20.66
142681 -40 1.84 20.66
145591 -40 1.84 20.66
144076 -40 1.84 20.66
143452 -40 1.84 20.66
140887 -40 1.84 20.66
145443 -40 1.84 20.66
145569 -40 1.84 20.66
145264 -40 1.84 20.66
139385 -40 1.84 20.66
143982 -40 1.84 20.66
141764 -40 1.84 20.66
143774 -40 1.84 20.66
147309 -40 1.84 20.66
142660 -40 1.84 20.66
146566 -40 1.84 20.66
144654 -40 1.84 20.66
140410 -40 1.84 20.66
144659 -40 1.84 20.66
144427 -40 1.84 20.66
195901 -40 -18.51 23.34
198659 -40 -18.51 23.34
198042 -40 -18.51 23.34
198041 -40 -18.51 23.34
193463 -40 -18.51 23.34
195742 -40 -18.51 23.34
197301 -40 -18.51 23.34
195811 -40 -18.51 23.34
194582 -40 -18.51 23.34
194289 -40 -18.51 23.34
195219 -40 -18.51 23.34
199005 -40 -18.51 23.34
200439 -40 -18.51 23.34
193307 -40 -18.51 23.34
195802 -40 -18.51 23.34
205391 -40 -18.51 23.34
196373 -40 -18.51 23.34
195657 -40 -18.51 23.34
199042 -40 -18.51 23.34
195610 -40 -18.51 23.34
201137 -40 -18.51 23.34
197438 -40 -18.51 23.34
195615 -40 -18.51 23.34
199080 -40 -18.51 23.34
196364 -40 -18.51 23.34
197545 -40 -18.51 23.34
200828 -40 -18.51 23.34
202940 -40 -18.51 23.34
198354 -40 -18.51 23.34
196196 -40 -18.51 23.34
202651 -40 -18.51 23.34
201708 -40 -18.51 23.34
200165 -40 -18.51 23.34
195655 -40 -18.51 23.34
195769 -40 -18.51 23.34
194105 -40 -18.51 23.34
194568 -40 -18.51 23.34
194939 -40 -18.51 23.34
200264 -40 -18.51 23.34
208186 -40 -25.93 18.41
210139 -40 -25.93 18.41
203202 -40 -25.93 18.41
207790 -40 -25.93 18.41
206153 -40 -25.93 18.41
206094 -40 -25.93 18.41
206447 -40 -25.93 18.41
206799 -40 -25.93 18.41
205036 -40 -25.93 18.41
205513 -40 -25.93 18.41
204523 -40 -25.93 18.41
206340 -40 -25.93 18.41
204588 -40 -25.93 18.41
209896 -40 -25.93 18.41
209827 -40 -25.93 18.41
205213 -40 -25.93 18.41
209688 -40 -25.93 18.41
205947 -40 -25.93 18.41
202834 -40 -25.93 18.41
207997 -40 -25.93 18.41
202199 -40 -25.93 18.41
203354 -40 -25.93 18.41
200840 -40 -25.93 18.41
199323 -40 -25.93 18.41
204849 -40 -25.93 18.41
208006 -40 -25.93 18.41
204868 -40 -25.93 18.41
209683 -40 -25.93 18.41
204935 -40 -25.93 18.41
207835 -40 -25.93 18.41
205434 -40 -25.93 18.41
207945 -40 -25.93 18.41
209354 -40 -25.93 18.41
206993 -40 -25.93 18.41
205884 -40 -25.93 18.41
204091 -40 -25.93 18.41
206901 -40 -25.93 18.41
206939 -40 -25.93 18.41
207830 -40 -25.93 18.41
121508 -40 17.22 -5.39
124410 -40 17.22 -5.39
124581 -40 17.22 -5.39
118382 -40 17.22 -5.39
125561 -40 17.22 -5.39
122746 -40 17.22 -5.39
119083 -40 17.22 -5.39
119494 -40 17.22 -5.39
124349 -40 17.22 -5.39
123350 -40 17.22 -5.39
120506 -40 17.22 -5.39
123564 -40 17.22 -5.39
119417 -40 17.22 -5.39
119205 -40 17.22 -5.39
121373 -40 17.22 -5.39
120601 -40 17.22 -5.39
122787 -40 17.22 -5.39
124205 -40 17.22 -5.39
122481 -40 17.22 -5.39
121814 -40 17.22 -5.39
122812 -40 17.22 -5.39
117693 -40 17.22 -5.39
121179 -40 17.22 -5.39
124879 -40 17.22 -5.39
119683 -40 17.22 -5.39
122573 -40 17.22 -5.39
118193 -40 17.22 -5.39
120637 -40 17.22 -5.39
121165 -40 17.22 -5.39
125742 -40 17.22 -5.39
122281 -40 17.22 -5.39
115040 -40 17.22 -5.39
120437 -40 17.22 -5.39
120889 -40 17.22 -5.39
124268 -40 17.22 -5.39
120642 -40 17.22 -5.39
116964 -40 17.22 -5.39
124093 -40 17.22 -5.39
127788 -40 17.22 -5.39
165251 -40 9.38 -23.82
169177 -40 9.38 -23.82
164785 -40 9.38 -23.82
173149 -40 9.38 -23.82
170637 -40 9.38 -23.82
169518 -40 9.38 -23.82
166531 -40 9.38 -23.82
168877 -40 9.38 -23.82
169079 -40 9.38 -23.82
169768 -40 9.38 -23.82
171653 -40 9.38 -23.82
163847 -40 9.38 -23.82
172009 -40 9.38 -23.82
171062 -40 9.38 -23.82
167105 -40 9.38 -23.82
170514 -40 9.38 -23.82
167687 -40 9.38 -23.82
167279 -40 9.38 -23.82
167748 -40 9.38 -23.82
172946 -40 9.38 -23.82
170376 -40 9.38 -23.82
165949 -40 9.38 -23.82
168239 -40 9.38 -23.82
173443 -40 9.38 -23.82
169449 -40 9.38 -23.82
167981 -40 9.38 -23.82
168722 -40 9.38 -23.82
171689 -40 9.38 -23.82
172440 -40 9.38 -23.82
170221 -40 9.38 -23.82
171969 -40 9.38 -23.82
167602 -40 9.38 -23.82
167583 -40 9.38 -23.82
168395 -40 9.38 -23.82
174627 -40 9.38 -23.82
170977 -40 9.38 -23.82
170371 -40 9.38 -23.82
173393 -40 9.38 -23.82
168246 -40 9.38 -23.82
119171 -40 8.25 -16.83
117351 -40 8.25 -16.83
125205 -40 8.25 -16.83
116646 -40 8.25 -16.83
118106 -40 8.25 -16.83
123159 -40 8.25 -16.83
117822 -40 8.25 -16.83
121000 -40 8.25 -16.83
114862 -40 8.25 -16.83
120763 -40 8.25 -16.83
123123 -40 8.25 -16.83
118424 -40 8.25 -16.83
118691 -40 8.25 -16.83
118535 -40 8.25 -16.83
119958 -40 8.25 -16.83
117668 -40 8.25 -16.83
120304 -40 8.25 -16.83
122715 -40 8.25 -16.83
119288 -40 8.25 -16.83
117598 -40 8.25 -16.83
115688 -40 8.25 -16.83
121779 -40 8.25 -16.83
122693 -40 8.25 -16.83
123999 -40 8.25 -16.83
121927 -40 8.25 -16.83
121536 -40 8.25 -16.83
121809 -40 8.25 -16.83
117335 -40 8.25 -16.83
122130 -40 8.25 -16.83
116949 -40 8.25 -16.83
122394 -40 8.25 -16.83
118492 -40 8.25 -16.83
117530 -40 8.25 -16.83
122564 -40 8.25 -16.83
120190 -40 8.25 -16.83
120935 -40 8.25 -16.83
120475 -40 8.25 -16.83
119944 -40 8.25 -16.83
117430 -40 8.25 -16.83
77414 -40 4.54 7.79
71360 -40 4.54 7.79
73877 -40 4.54 7.79
75004 -40 4.54 7.79
68867 -40 4.54 7.79
72157 -40 4.54 7.79
74660 -40 4.54 7.79
72264 -40 4.54 7.79
70644 -40 4.54 7.79
68902 -40 4.54 7.79
71575 -40 4.54 7.79
67367 -40 4.54 7.79
67394 -40 4.54 7.79
72697 -40 4.54 7.79
71066 -40 4.54 7.79
73986 -40 4.54 7.79
75374 -40 4.54 7.79
70357 -40 4.54 7.79
70184 -40 4.54 7.79
69648 -40 4.54 7.79
70369 -40 4.54 7.79
72773 -40 4.54 7.79
70636 -40 4.54 7.79
72034 -40 4.54 7.79
67642 -40 4.54 7.79
68588 -40 4.54 7.79
71677 -40 4.54 7.79
72201 -40 4.54 7.79
74545 -40 4.54 7.79
70827 -40 4.54 7.79
73042 -40 4.54 7.79
66364 -40 4.54 7.79
70972 -40 4.54 7.79
67615 -40 4.54 7.79
70588 -40 4.54 7.79
63856 -40 4.54 7.79
70415 -40 4.54 7.79
72355 -40 4.54 7.79
68209 -40 4.54 7.79
225773 -40 -27.66 21.6
229371 -40 -27.66 21.6
226948 -40 -27.66 21.6
226278 -40 -27.66 21.6
228524 -40 -27.66 21.6
231417 -40 -27.66 21.6
229980 -40 -27.66 21.6
226973 -40 -27.66 21.6
228021 -40 -27.66 21.6
227112 -40 -27.66 21.6
229112 -40 -27.66 21.6
227930 -40 -27.66 21.6
230047 -40 -27.66 21.6
226809 -40 -27.66 21.6
230170 -40 -27.66 21.6
226799 -40 -27.66 21.6
230243 -40 -27.66 21.6
227784 -40 -27.66 21.6
229960 -40 -27.66 21.6
229930 -40 -27.66 21.6
228190 -40 -27.66 21.6
226961 -40 -27.66 21.6
231816 -40 -27.66 21.6
224184 -40 -27.66 21.6
227803 -40 -27.66 21.6
226630 -40 -27.66 21.6
224603 -40 -27.66 21.6
226121 -40 -27.66 21.6
224603 -40 -27.66 21.6
227841 -40 -27.66 21.6
229340 -40 -27.66 21.6
225732 -40 -27.66 21.6
225301 -40 -27.66 21.6
232664 -40 -27.66 21.6
224356 -40 -27.66 21.6
223518 -40 -27.66 21.6
226538 -40 -27.66 21.6
230074 -40 -27.66 21.6
225159 -40 -27.66 21.6
191791 -40 -8.53 -27.53
195080 -40 -8.53 -27.53
193793 -40 -8.53 -27.53
194626 -40 -8.53 -27.53
193238 -40 -8.53 -27.53
194479 -40 -8.53 -27.53
188583 -40 -8.53 -27.53
195617 -40 -8.53 -27.53
189906 -40 -8.53 -27.53
186858 -40 -8.53 -27.53
192838 -40 -8.53 -27.53
193259 -40 -8.53 -27.53
193390 -40 -8.53 -27.53
193409 -40 -8.53 -27.53
191935 -40 -8.53 -27.53
190677 -40 -8.53 -27.53
192548 -40 -8.53 -27.53
195487 -40 -8.53 -27.53
191813 -40 -8.53 -27.53
194117 -40 -8.53 -27.53
191697 -40 -8.53 -27.53
194753 -40 -8.53 -27.53
188290 -40 -8.53 -27.53
193488 -40 -8.53 -27.53
191965 -40 -8.53 -27.53
191478 -40 -8.53 -27.53
191852 -40 -8.53 -27.53
189208 -40 -8.53 -27.53
195784 -40 -8.53 -27.53
187815 -40 -8.53 -27.53
191495 -40 -8.53 -27.53
192687 -40 -8.53 -27.53
192927 -40 -8.53 -27.53
193079 -40 -8.53 -27.53
193100 -40 -8.53 -27.53
194065 -40 -8.53 -27.53
188601 -40 -8.53 -27.53
190424 -40 -8.53 -27.53
189695 -40 -8.53 -27.53
