#rtt sig_str x y
175965 -40 9.02 -25.44
178169 -40 9.02 -25.44
176035 -40 9.02 -25.44
174269 -40 9.02 -25.44
178131 -40 9.02 -25.44
179041 -40 9.02 -25.44
177302 -40 9.02 -25.44
178605 -40 9.02 -25.44
179504 -40 9.02 -25.44
182632 -40 9.02 -25.44
179000 -40 9.02 -25.44
173085 -40 9.02 -25.44
176023 -40 9.02 -25.44
176586 -40 9.02 -25.44
177210 -40 9.02 -25.44
177179 -40 9.02 -25.44
178145 -40 9.02 -25.44
179485 -40 9.02 -25.44
178745 -40 9.02 -25.44
177264 -40 9.02 -25.44
175599 -40 9.02 -25.44
179366 -40 9.02 -25.44
174038 -40 9.02 -25.44
174693 -40 9.02 -25.44
182313 -40 9.02 -25.44
176943 -40 9.02 -25.44
178924 -40 9.02 -25.44
181986 -40 9.02 -25.44
174078 -40 9.02 -25.44
172412 -40 9.02 -25.44
178636 -40 9.02 -25.44
179918 -40 9.02 -25.44
174927 -40 9.02 -25.44
177921 -40 9.02 -25.44
177539 -40 9.02 -25.44
176653 -40 9.02 -25.44
177954 -40 9.02 -25.44
177583 -40 9.02 -25.44
175193 -40 9.02 -25.44
16642 -40 0.33 -4.04
15144 -40 0.33 -4.04
16250 -40 0.33 -4.04
18466 -40 0.33 -4.04
19905 -40 0.33 -4.04
18520 -40 0.33 -4.04
20229 -40 0.33 -4.04
19416 -40 0.33 -4.04
14126 -40 0.33 -4.04
16330 -40 0.33 -4.04
15185 -40 0.33 -4.04
19927 -40 0.33 -4.04
14417 -40 0.33 -4.04
20082 -40 0.33 -4.04
20038 -40 0.33 -4.04
17893 -40 0.33 -4.04
18253 -40 0.33 -4.04
19792 -40 0.33 -4.04
21513 -40 0.33 -4.04
15186 -40 0.33 -4.04
20035 -40 0.33 -4.04
23120 -40 0.33 -4.04
17045 -40 0.33 -4.04
19930 -40 0.33 -4.04
10883 -40 0.33 -4.04
18604 -40 0.33 -4.04
21650 -40 0.33 -4.04
14246 -40 0.33 -4.04
15693 -40 0.33 -4.04
13655 -40 0.33 -4.04
19289 -40 0.33 -4.04
11860 -40 0.33 -4.04
17673 -40 0.33 -4.04
15292 -40 0.33 -4.04
13139 -40 0.33 -4.04
16539 -40 0.33 -4.04
17722 -40 0.33 -4.04
18347 -40 0.33 -4.04
20793 -40 0.33 -4.04
184090 -40 22.72 -15.33
188831 -40 22.72 -15.33
185273 -40 22.72 -15.33
185288 -40 22.72 -15.33
183477 -40 22.72 -15.33
186556 -40 22.72 -15.33
180908 -40 22.72 -15.33
185365 -40 22.72 -15.33
183822 -40 22.72 -15.33
189920 -40 22.72 -15.33
190480 -40 22.72 -15.33
189444 -40 22.72 -15.33
185520 -40 22.72 -15.33
188185 -40 22.72 -15.33
182968 -40 22.72 -15.33
184513 -40 22.72 -15.33
190669 -40 22.72 -15.33
185312 -40 22.72 -15.33
185467 -40 22.72 -15.33
187866 -40 22.72 -15.33
187605 -40 22.72 -15.33
190736 -40 22.72 -15.33
189010 -40 22.72 -15.33
188262 -40 22.72 -15.33
184327 -40 22.72 -15.33
185558 -40 22.72 -15.33
184645 -40 22.72 -15.33
188409 -40 22.72 -15.33
185484 -40 22.72 -15.33
186015 -40 22.72 -15.33
185637 -40 22.72 -15.33
187191 -40 22.72 -15.33
188661 -40 22.72 -15.33
181912 -40 22.72 -15.33
186348 -40 22.72 -15.33
186972 -40 22.72 -15.33
185817 -40 22.72 -15.33
188176 -40 22.72 -15.33
185190 -40 22.72 -15.33
220708 -40 -19.09 24.51
219794 -40 -19.09 24.51
211500 -40 -19.09 24.51
216801 -40 -19.09 24.51
216573 -40 -19.09 24.51
218602 -40 -19.09 24.51
215801 -40 -19.09 24.51
218946 -40 -19.09 24.51
218085 -40 -19.09 24.51
215589 -40 -19.09 24.51
212076 -40 -19.09 24.51
215393 -40 -19.09 24.51
220269 -40 -19.09 24.51
220110 -40 -19.09 24.51
220931 -40 -19.09 24.51
221180 -40 -19.09 24.51
217216 -40 -19.09 24.51
218003 -40 -19.09 24.51
210480 -40 -19.09 24.51
215441 -40 -19.09 24.51
217536 -40 -19.09 24.51
217759 -40 -19.09 24.51
218900 -40 -19.09 24.51
219680 -40 -19.09 24.51
216893 -40 -19.09 24.51
221912 -40 -19.09 24.51
208037 -40 -19.09 24.51
220280 -40 -19.09 24.51
221255 -40 -19.09 24.51
219402 -40 -19.09 24.51
219820 -40 -19.09 24.51
216555 -40 -19.09 24.51
220216 -40 -19.09 24.51
219164 -40 -19.09 24.51
212931 -40 -19.09 24.51
216333 -40 -19.09 24.51
215297 -40 -19.09 24.51
222479 -40 -19.09 24.51
219707 -40 -19.09 24.51
180155 -40 21.14 -17.76
174170 -40 21.14 -17.76
178441 -40 21.14 -17.76
178762 -40 21.14 -17.76
176832 -40 21.14 -17.76
174526 -40 21.14 -17.76
180151 -40 21.14 -17.76
175645 -40 21.14 -17.76
176648 -40 21.14 -17.76
177565 -40 21.14 -17.76
178208 -40 21.14 -17.76
176868 -40 21.14 -17.76
173209 -40 21.14 -17.76
177743 -40 21.14 -17.76
176581 -40 21.14 -17.76
180717 -40 21.14 -17.76
177336 -40 21.14 -17.76
178262 -40 21.14 -17.76
179695 -40 21.14 -17.76
176224 -40 21.14 -17.76
179178 -40 21.14 -17.76
177011 -40 21.14 -17.76
175531 -40 21.14 -17.76
180112 -40 21.14 -17.76
180000 -40 21.14 -17.76
176241 -40 21.14 -17.76
169335 -40 21.14 -17.76
180168 -40 21.14 -17.76
180996 -40 21.14 -17.76
179871 -40 21.14 -17.76
181395 -40 21.14 -17.76
180120 -40 21.14 -17.76
182791 -40 21.14 -17.76
180402 -40 21.14 -17.76
179300 -40 21.14 -17.76
177265 -40 21.14 -17.76
178454 -40 21.14 -17.76
176682 -40 21.14 -17.76
177979 -40 21.14 -17.76
220520 -40 15.01 -29.31
215548 -40 15.01 -29.31
213523 -40 15.01 -29.31
221414 -40 15.01 -29.31
220317 -40 15.01 -29.31
214420 -40 15.01 -29.31
218352 -40 15.01 -29.31
218827 -40 15.01 -29.31
214882 -40 15.01 -29.31
218160 -40 15.01 -29.31
220238 -40 15.01 -29.31
215445 -40 15.01 -29.31
219164 -40 15.01 -29.31
219247 -40 15.01 -29.31
221151 -40 15.01 -29.31
217019 -40 15.01 -29.31
218686 -40 15.01 -29.31
217521 -40 15.01 -29.31
215500 -40 15.01 -29.31
218343 -40 15.01 -29.31
216831 -40 15.01 -29.31
221178 -40 15.01 -29.31
217440 -40 15.01 -29.31
215580 -40 15.01 -29.31
215931 -40 15.01 -29.31
219781 -40 15.01 -29.31
220294 -40 15.01 -29.31
218296 -40 15.01 -29.31
221828 -40 15.01 -29.31
216600 -40 15.01 -29.31
215724 -40 15.01 -29.31
215143 -40 15.01 -29.31
219744 -40 15.01 -29.31
218204 -40 15.01 -29.31
216649 -40 15.01 -29.31
219880 -40 15.01 -29.31
218952 -40 15.01 -29.31
213403 -40 15.01 -29.31
211583 -40 15.01 -29.31
78086 -40 9.97 -4.39
75242 -40 9.97 -4.39
74734 -40 9.97 -4.39
72607 -40 9.97 -4.39
74793 -40 9.97 -4.39
76978 -40 9.97 -4.39
78899 -40 9.97 -4.39
72817 -40 9.97 -4.39
69117 -40 9.97 -4.39
76872 -40 9.97 -4.39
76720 -40 9.97 -4.39
79982 -40 9.97 -4.39
78701 -40 9.97 -4.39
75416 -40 9.97 -4.39
72990 -40 9.97 -4.39
76144 -40 9.97 -4.39
74509 -40 9.97 -4.39
76261 -40 9.97 -4.39
80262 -40 9.97 -4.39
77236 -40 9.97 -4.39
79563 -40 9.97 -4.39
75985 -40 9.97 -4.39
74535 -40 9.97 -4.39
75684 -40 9.97 -4.39
76308 -40 9.97 -4.39
73222 -40 9.97 -4.39
76808 -40 9.97 -4.39
74442 -40 9.97 -4.39
77800 -40 9.97 -4.39
74316 -40 9.97 -4.39
78758 -40 9.97 -4.39
73382 -40 9.97 -4.39
77480 -40 9.97 -4.39
76525 -40 9.97 -4.39
73569 -40 9.97 -4.39
78987 -40 9.97 -4.39
77223 -40 9.97 -4.39
78282 -40 9.97 -4.39
74527 -40 9.97 -4.39
197848 -40 29.28 4.15
202094 -40 29.28 4.15
202105 -40 29.28 4.15
200047 -40 29.28 4.15
202542 -40 29.28 4.15
196558 -40 29.28 4.15
200007 -40 29.28 4.15
202541 -40 29.28 4.15
198694 -40 29.28 4.15
197856 -40 29.28 4.15
201296 -40 29.28 4.15
199433 -40 29.28 4.15
201367 -40 29.28 4.15
199507 -40 29.28 4.15
205480 -40 29.28 4.15
202176 -40 29.28 4.15
195479 -40 29.28 4.15
198556 -40 29.28 4.15
200169 -40 29.28 4.15
199781 -40 29.28 4.15
198436 -40 29.28 4.15
200672 -40 29.28 4.15
202547 -40 29.28 4.15
203306 -40 29.28 4.15
200831 -40 29.28 4.15
204655 -40 29.28 4.15
195787 -40 29.28 4.15
194658 -40 29.28 4.15
200508 -40 29.28 4.15
200152 -40 29.28 4.15
200686 -40 29.28 4.15
198336 -40 29.28 4.15
199850 -40 29.28 4.15
197889 -40 29.28 4.15
200415 -40 29.28 4.15
199901 -40 29.28 4.15
198452 -40 29.28 4.15
195269 -40 29.28 4.15
200169 -40 29.28 4.15
174906 -40 -14.58 20.98
177191 -40 -14.58 20.98
175156 -40 -14.58 20.98
173863 -40 -14.58 20.98
171784 -40 -14.58 20.98
177389 -40 -14.58 20.98
175962 -40 -14.58 20.98
173148 -40 -14.58 20.98
174388 -40 -14.58 20.98
172247 -40 -14.58 20.98
172162 -40 -14.58 20.98
169776 -40 -14.58 20.98
173192 -40 -14.58 20.98
170991 -40 -14.58 20.98
173029 -40 -14.58 20.98
180316 -40 -14.58 20.98
174097 -40 -14.58 20.98
170643 -40 -14.58 20.98
173051 -40 -14.58 20.98
172867 -40 -14.58 20.98
173074 -40 -14.58 20.98
174905 -40 -14.58 20.98
173546 -40 -14.58 20.98
170125 -40 -14.58 20.98
172112 -40 -14.58 20.98
176272 -40 -14.58 20.98
179266 -40 -14.58 20.98
173614 -40 -14.58 20.98
173515 -40 -14.58 20.98
174761 -40 -14.58 20.98
173012 -40 -14.58 20.98
175934 -40 -14.58 20.98
174824 -40 -14.58 20.98
172749 -40 -14.58 20.98
169750 -40 -14.58 20.98
175574 -40 -14.58 20.98
172831 -40 -14.58 20.98
173829 -40 -14.58 20.98
173586 -40 -14.58 20.98
258682 -40 -28.31 28.75
261169 -40 -28.31 28.75
258304 -40 -28.31 28.75
260632 -40 -28.31 28.75
260650 -40 -28.31 28.75
260124 -40 -28.31 28.75
259900 -40 -28.31 28.75
264833 -40 -28.31 28.75
259566 -40 -28.31 28.75
256997 -40 -28.31 28.75
259894 -40 -28.31 28.75
262443 -40 -28.31 28.75
261620 -40 -28.31 28.75
262801 -40 -28.31 28.75
264351 -40 -28.31 28.75
262733 -40 -28.31 28.75
259610 -40 -28.31 28.75
264884 -40 -28.31 28.75
261629 -40 -28.31 28.75
264362 -40 -28.31 28.75
261047 -40 -28.31 28.75
259919 -40 -28.31 28.75
256827 -40 -28.31 28.75
265011 -40 -28.31 28.75
263292 -40 -28.31 28.75
264080 -40 -28.31 28.75
265604 -40 -28.31 28.75
256898 -40 -28.31 28.75
262849 -40 -28.31 28.75
263080 -40 -28.31 28.75
265520 -40 -28.31 28.75
254082 -40 -28.31 28.75
262038 -40 -28.31 28.75
258816 -40 -28.31 28.75
259188 -40 -28.31 28.75
263931 -40 -28.31 28.75
261234 -40 -28.31 28.75
263088 -40 -28.31 28.75
260629 -40 -28.31 28.75
