#rtt sig_str x y
165243 -40 -24.15 -4.17
160516 -40 -24.15 -4.17
164154 -40 -24.15 -4.17
160330 -40 -24.15 -4.17
162276 -40 -24.15 -4.17
160694 -40 -24.15 -4.17
161364 -40 -24.15 -4.17
160780 -40 -24.15 -4.17
161999 -40 -24.15 -4.17
160877 -40 -24.15 -4.17
160981 -40 -24.15 -4.17
161676 -40 -24.15 -4.17
160117 -40 -24.15 -4.17
161714 -40 -24.15 -4.17
161669 -40 -24.15 -4.17
160234 -40 -24.15 -4.17
155161 -40 -24.15 -4.17
159693 -40 -24.15 -4.17
157481 -40 -24.15 -4.17
163015 -40 -24.15 -4.17
162372 -40 -24.15 -4.17
159474 -40 -24.15 -4.17
166306 -40 -24.15 -4.17
160569 -40 -24.15 -4.17
161116 -40 -24.15 -4.17
162774 -40 -24.15 -4.17
163673 -40 -24.15 -4.17
160738 -40 -24.15 -4.17
164755 -40 -24.15 -4.17
162176 -40 -24.15 -4.17
162567 -40 -24.15 -4.17
160030 -40 -24.15 -4.17
163936 -40 -24.15 -4.17
161815 -40 -24.15 -4.17
158251 -40 -24.15 -4.17
157893 -40 -24.15 -4.17
161072 -40 -24.15 -4.17
163211 -40 -24.15 -4.17
159100 -40 -24.15 -4.17
114807 -40 15.68 -5.24
118297 -40 15.68 -5.24
110756 -40 15.68 -5.24
119025 -40 15.68 -5.24
114147 -40 15.68 -5.24
118822 -40 15.68 -5.24
116481 -40 15.68 -5.24
116181 -40 15.68 -5.24
115862 -40 15.68 -5.24
112467 -40 15.68 -5.24
119806 -40 15.68 -5.24
115241 -40 15.68 -5.24
114186 -40 15.68 -5.24
116927 -40 15.68 -5.24
116036 -40 15.68 -5.24
114324 -40 15.68 -5.24
115515 -40 15.68 -5.24
116662 -40 15.68 -5.24
114467 -40 15.68 -5.24
112874 -40 15.68 -5.24
113234 -40 15.68 -5.24
118289 -40 15.68 -5.24
118621 -40 15.68 -5.24
114242 -40 15.68 -5.24
111885 -40 15.68 -5.24
118135 -40 15.68 -5.24
115507 -40 15.68 -5.24
114655 -40 15.68 -5.24
117080 -40 15.68 -5.24
113468 -40 15.68 -5.24
111812 -40 15.68 -5.24
113850 -40 15.68 -5.24
110036 -40 15.68 -5.24
118210 -40 15.68 -5.24
119245 -40 15.68 -5.24
115396 -40 15.68 -5.24
121863 -40 15.68 -5.24
117926 -40 15.68 -5.24
111422 -40 15.68 -5.24
140874 -40 -15.19 12.92
139349 -40 -15.19 12.92
133610 -40 -15.19 12.92
138570 -40 -15.19 12.92
144659 -40 -15.19 12.92
133703 -40 -15.19 12.92
134112 -40 -15.19 12.92
133776 -40 -15.19 12.92
141082 -40 -15.19 12.92
138355 -40 -15.19 12.92
138186 -40 -15.19 12.92
138035 -40 -15.19 12.92
134289 -40 -15.19 12.92
138992 -40 -15.19 12.92
139439 -40 -15.19 12.92
133617 -40 -15.19 12.92
133643 -40 -15.19 12.92
137630 -40 -15.19 12.92
136589 -40 -15.19 12.92
136211 -40 -15.19 12.92
138619 -40 -15.19 12.92
138860 -40 -15.19 12.92
137077 -40 -15.19 12.92
136569 -40 -15.19 12.92
141384 -40 -15.19 12.92
139734 -40 -15.19 12.92
134117 -40 -15.19 12.92
137643 -40 -15.19 12.92
141996 -40 -15.19 12.92
138097 -40 -15.19 12.92
136196 -40 -15.19 12.92
138026 -40 -15.19 12.92
135610 -40 -15.19 12.92
140225 -40 -15.19 12.92
137568 -40 -15.19 12.92
142483 -40 -15.19 12.92
137374 -40 -15.19 12.92
138600 -40 -15.19 12.92
139605 -40 -15.19 12.92
187912 -40 -21.72 -14.53
185061 -40 -21.72 -14.53
185480 -40 -21.72 -14.53
189670 -40 -21.72 -14.53
187713 -40 -21.72 -14.53
186762 -40 -21.72 -14.53
189245 -40 -21.72 -14.53
190988 -40 -21.72 -14.53
184267 -40 -21.72 -14.53
185811 -40 -21.72 -14.53
186327 -40 -21.72 -14.53
191299 -40 -21.72 -14.53
188644 -40 -21.72 -14.53
187301 -40 -21.72 -14.53
185350 -40 -21.72 -14.53
187947 -40 -21.72 -14.53
183510 -40 -21.72 -14.53
189621 -40 -21.72 -14.53
190852 -40 -21.72 -14.53
186225 -40 -21.72 -14.53
187960 -40 -21.72 -14.53
187222 -40 -21.72 -14.53
184658 -40 -21.72 -14.53
185283 -40 -21.72 -14.53
185456 -40 -21.72 -14.53
188538 -40 -21.72 -14.53
184809 -40 -21.72 -14.53
192130 -40 -21.72 -14.53
187645 -40 -21.72 -14.53
186169 -40 -21.72 -14.53
186101 -40 -21.72 -14.53
188120 -40 -21.72 -14.53
184467 -40 -21.72 -14.53
189727 -40 -21.72 -14.53
184340 -40 -21.72 -14.53
183310 -40 -21.72 -14.53
184303 -40 -21.72 -14.53
186997 -40 -21.72 -14.53
186437 -40 -21.72 -14.53
97602 -40 -10.11 10.54
91390 -40 -10.11 10.54
92646 -40 -10.11 10.54
97551 -40 -10.11 10.54
96071 -40 -10.11 10.54
92508 -40 -10.11 10.54
94035 -40 -10.11 10.54
87276 -40 -10.11 10.54
94697 -40 -10.11 10.54
90041 -40 -10.11 10.54
93897 -40 -10.11 10.54
89270 -40 -10.11 10.54
91964 -40 -10.11 10.54
95574 -40 -10.11 10.54
91654 -40 -10.11 10.54
97286 -40 -10.11 10.54
91651 -40 -10.11 10.54
92952 -40 -10.11 10.54
90510 -40 -10.11 10.54
94508 -40 -10.11 10.54
96375 -40 -10.11 10.54
89946 -40 -10.11 10.54
94485 -40 -10.11 10.54
93639 -40 -10.11 10.54
94594 -40 -10.11 10.54
90081 -40 -10.11 10.54
91840 -40 -10.11 10.54
90860 -40 -10.11 10.54
96643 -40 -10.11 10.54
93611 -40 -10.11 10.54
91640 -40 -10.11 10.54
92659 -40 -10.11 10.54
92383 -40 -10.11 10.54
91604 -40 -10.11 10.54
93969 -40 -10.11 10.54
86569 -40 -10.11 10.54
94145 -40 -10.11 10.54
88852 -40 -10.11 10.54
91491 -40 -10.11 10.54
256888 -40 -25.02 -27.59
254263 -40 -25.02 -27.59
255762 -40 -25.02 -27.59
250698 -40 -25.02 -27.59
251625 -40 -25.02 -27.59
251672 -40 -25.02 -27.59
253010 -40 -25.02 -27.59
255915 -40 -25.02 -27.59
254733 -40 -25.02 -27.59
259949 -40 -25.02 -27.59
255723 -40 -25.02 -27.59
254465 -40 -25.02 -27.59
258468 -40 -25.02 -27.59
253934 -40 -25.02 -27.59
257047 -40 -25.02 -27.59
251382 -40 -25.02 -27.59
255960 -40 -25.02 -27.59
252052 -40 -25.02 -27.59
254319 -40 -25.02 -27.59
253929 -40 -25.02 -27.59
257553 -40 -25.02 -27.59
254474 -40 -25.02 -27.59
249930 -40 -25.02 -27.59
252926 -40 -25.02 -27.59
252812 -40 -25.02 -27.59
257762 -40 -25.02 -27.59
257573 -40 -25.02 -27.59
254835 -40 -25.02 -27.59
254011 -40 -25.02 -27.59
257652 -40 -25.02 -27.59
255270 -40 -25.02 -27.59
256641 -40 -25.02 -27.59
253833 -40 -25.02 -27.59
256750 -40 -25.02 -27.59
250313 -40 -25.02 -27.59
255149 -40 -25.02 -27.59
252906 -40 -25.02 -27.59
255631 -40 -25.02 -27.59
258268 -40 -25.02 -27.59
175847 -40 10.32 -22.95
177606 -40 10.32 -22.95
176434 -40 10.32 -22.95
171430 -40 10.32 -22.95
172178 -40 10.32 -22.95
176520 -40 10.32 -22.95
171220 -40 10.32 -22.95
175864 -40 10.32 -22.95
177853 -40 10.32 -22.95
171517 -40 10.32 -22.95
177622 -40 10.32 -22.95
173571 -40 10.32 -22.95
181623 -40 10.32 -22.95
174713 -40 10.32 -22.95
177942 -40 10.32 -22.95
179877 -40 10.32 -22.95
173292 -40 10.32 -22.95
174639 -40 10.32 -22.95
177163 -40 10.32 -22.95
178708 -40 10.32 -22.95
177870 -40 10.32 -22.95
179110 -40 10.32 -22.95
176500 -40 10.32 -22.95
178526 -40 10.32 -22.95
182103 -40 10.32 -22.95
173673 -40 10.32 -22.95
174292 -40 10.32 -22.95
177628 -40 10.32 -22.95
177572 -40 10.32 -22.95
174608 -40 10.32 -22.95
171332 -40 10.32 -22.95
173867 -40 10.32 -22.95
176514 -40 10.32 -22.95
179981 -40 10.32 -22.95
178235 -40 10.32 -22.95
176763 -40 10.32 -22.95
174518 -40 10.32 -22.95
176036 -40 10.32 -22.95
176585 -40 10.32 -22.95
229958 -40 18.4 -29.52
230302 -40 18.4 -29.52
230782 -40 18.4 -29.52
227769 -40 18.4 -29.52
228828 -40 18.4 -29.52
232415 -40 18.4 -29.52
231088 -40 18.4 -29.52
230037 -40 18.4 -29.52
230179 -40 18.4 -29.52
234722 -40 18.4 -29.52
233407 -40 18.4 -29.52
228675 -40 18.4 -29.52
233642 -40 18.4 -29.52
232865 -40 18.4 -29.52
234672 -40 18.4 -29.52
231863 -40 18.4 -29.52
225292 -40 18.4 -29.52
232306 -40 18.4 -29.52
229657 -40 18.4 -29.52
228477 -40 18.4 -29.52
229072 -40 18.4 -29.52
228746 -40 18.4 -29.52
231384 -40 18.4 -29.52
232030 -40 18.4 -29.52
231842 -40 18.4 -29.52
227086 -40 18.4 -29.52
232271 -40 18.4 -29.52
228116 -40 18.4 -29.52
232215 -40 18.4 -29.52
232798 -40 18.4 -29.52
231567 -40 18.4 -29.52
229406 -40 18.4 -29.52
230850 -40 18.4 -29.52
231361 -40 18.4 -29.52
231237 -40 18.4 -29.52
231395 -40 18.4 -29.52
230542 -40 18.4 -29.52
230909 -40 18.4 -29.52
231537 -40 18.4 -29.52
273492 -40 28.97 28.83
274068 -40 28.97 28.83
273564 -40 28.97 28.83
274537 -40 28.97 28.83
273867 -40 28.97 28.83
274480 -40 28.97 28.83
270265 -40 28.97 28.83
271559 -40 28.97 28.83
271348 -40 28.97 28.83
267631 -40 28.97 28.83
271952 -40 28.97 28.83
273747 -40 28.97 28.83
275202 -40 28.97 28.83
272685 -40 28.97 28.83
272584 -40 28.97 28.83
274725 -40 28.97 28.83
274293 -40 28.97 28.83
274322 -40 28.97 28.83
269514 -40 28.97 28.83
272943 -40 28.97 28.83
277152 -40 28.97 28.83
273474 -40 28.97 28.83
277112 -40 28.97 28.83
268527 -40 28.97 28.83
266827 -40 28.97 28.83
274996 -40 28.97 28.83
269632 -40 28.97 28.83
273239 -40 28.97 28.83
273914 -40 28.97 28.83
268798 -40 28.97 28.83
275476 -40 28.97 28.83
273239 -40 28.97 28.83
272215 -40 28.97 28.83
269703 -40 28.97 28.83
273962 -40 28.97 28.83
273128 -40 28.97 28.83
277275 -40 28.97 28.83
272243 -40 28.97 28.83
271756 -40 28.97 28.83
60042 -40 8.14 6.2
60759 -40 8.14 6.2
63029 -40 8.14 6.2
62412 -40 8.14 6.2
61475 -40 8.14 6.2
57947 -40 8.14 6.2
60125 -40 8.14 6.2
61582 -40 8.14 6.2
55865 -40 8.14 6.2
62368 -40 8.14 6.2
62641 -40 8.14 6.2
60678 -40 8.14 6.2
62116 -40 8.14 6.2
59937 -40 8.14 6.2
59758 -40 8.14 6.2
60396 -40 8.14 6.2
61248 -40 8.14 6.2
62889 -40 8.14 6.2
59898 -40 8.14 6.2
65412 -40 8.14 6.2
61379 -40 8.14 6.2
61066 -40 8.14 6.2
59372 -40 8.14 6.2
59982 -40 8.14 6.2
59886 -40 8.14 6.2
60620 -40 8.14 6.2
62652 -40 8.14 6.2
63821 -40 8.14 6.2
55764 -40 8.14 6.2
58514 -40 8.14 6.2
61908 -40 8.14 6.2
63230 -40 8.14 6.2
61872 -40 8.14 6.2
59601 -40 8.14 6.2
58897 -40 8.14 6.2
64483 -40 8.14 6.2
65143 -40 8.14 6.2
63316 -40 8.14 6.2
58455 -40 8.14 6.2
