#rtt sig_str x y
159306 -40 5.29 23.25
160835 -40 5.29 23.25
163270 -40 5.29 23.25
163111 -40 5.29 23.25
166310 -40 5.29 23.25
157522 -40 5.29 23.25
161822 -40 5.29 23.25
154564 -40 5.29 23.25
162287 -40 5.29 23.25
160928 -40 5.29 23.25
161788 -40 5.29 23.25
160310 -40 5.29 23.25
166657 -40 5.29 23.25
166151 -40 5.29 23.25
158307 -40 5.29 23.25
162925 -40 5.29 23.25
165604 -40 5.29 23.25
162136 -40 5.29 23.25
163451 -40 5.29 23.25
160476 -40 5.29 23.25
165095 -40 5.29 23.25
159105 -40 5.29 23.25
160666 -40 5.29 23.25
161871 -40 5.29 23.25
161626 -40 5.29 23.25
163480 -40 5.29 23.25
164357 -40 5.29 23.25
161085 -40 5.29 23.25
159788 -40 5.29 23.25
160589 -40 5.29 23.25
161100 -40 5.29 23.25
160686 -40 5.29 23.25
164751 -40 5.29 23.25
163409 -40 5.29 23.25
160250 -40 5.29 23.25
162240 -40 5.29 23.25
163597 -40 5.29 23.25
161623 -40 5.29 23.25
164039 -40 5.29 23.25
242030 -40 23.87 27.27
243725 -40 23.87 27.27
241633 -40 23.87 27.27
244379 -40 23.87 27.27
239595 -40 23.87 27.27
245275 -40 23.87 27.27
243090 -40 23.87 27.27
242032 -40 23.87 27.27
239732 -40 23.87 27.27
241256 -40 23.87 27.27
240635 -40 23.87 27.27
238474 -40 23.87 27.27
242253 -40 23.87 27.27
242307 -40 23.87 27.27
240516 -40 23.87 27.27
241614 -40 23.87 27.27
242093 -40 23.87 27.27
244017 -40 23.87 27.27
244913 -40 23.87 27.27
243649 -40 23.87 27.27
242100 -40 23.87 27.27
240456 -40 23.87 27.27
239441 -40 23.87 27.27
246401 -40 23.87 27.27
243699 -40 23.87 27.27
240946 -40 23.87 27.27
244463 -40 23.87 27.27
247543 -40 23.87 27.27
241945 -40 23.87 27.27
242876 -40 23.87 27.27
245327 -40 23.87 27.27
246693 -40 23.87 27.27
239465 -40 23.87 27.27
240555 -40 23.87 27.27
237752 -40 23.87 27.27
240131 -40 23.87 27.27
243051 -40 23.87 27.27
242173 -40 23.87 27.27
244689 -40 23.87 27.27
128954 -40 18.95 7.29
130899 -40 18.95 7.29
131216 -40 18.95 7.29
131644 -40 18.95 7.29
131906 -40 18.95 7.29
132380 -40 18.95 7.29
132820 -40 18.95 7.29
132809 -40 18.95 7.29
130025 -40 18.95 7.29
133334 -40 18.95 7.29
131289 -40 18.95 7.29
131496 -40 18.95 7.29
132170 -40 18.95 7.29
127219 -40 18.95 7.29
130908 -40 18.95 7.29
127791 -40 18.95 7.29
133638 -40 18.95 7.29
129855 -40 18.95 7.29
134374 -40 18.95 7.29
130821 -40 18.95 7.29
127171 -40 18.95 7.29
132972 -40 18.95 7.29
133091 -40 18.95 7.29
134854 -40 18.95 7.29
134867 -40 18.95 7.29
129592 -40 18.95 7.29
130203 -40 18.95 7.29
129390 -40 18.95 7.29
127063 -40 18.95 7.29
129458 -40 18.95 7.29
136419 -40 18.95 7.29
128608 -40 18.95 7.29
129341 -40 18.95 7.29
128051 -40 18.95 7.29
133249 -40 18.95 7.29
129374 -40 18.95 7.29
126489 -40 18.95 7.29
132475 -40 18.95 7.29
136438 -40 18.95 7.29
193321 -40 -27.85 8.42
194652 -40 -27.85 8.42
196637 -40 -27.85 8.42
196385 -40 -27.85 8.42
194306 -40 -27.85 8.42
195926 -40 -27.85 8.42
191579 -40 -27.85 8.42
198766 -40 -27.85 8.42
192809 -40 -27.85 8.42
195634 -40 -27.85 8.42
196588 -40 -27.85 8.42
190893 -40 -27.85 8.42
192781 -40 -27.85 8.42
197289 -40 -27.85 8.42
190689 -40 -27.85 8.42
193781 -40 -27.85 8.42
195589 -40 -27.85 8.42
196095 -40 -27.85 8.42
192051 -40 -27.85 8.42
191117 -40 -27.85 8.42
194428 -40 -27.85 8.42
191499 -40 -27.85 8.42
195448 -40 -27.85 8.42
191601 -40 -27.85 8.42
192343 -40 -27.85 8.42
196837 -40 -27.85 8.42
194743 -40 -27.85 8.42
195450 -40 -27.85 8.42
194148 -40 -27.85 8.42
191462 -40 -27.85 8.42
193864 -40 -27.85 8.42
193073 -40 -27.85 8.42
194398 -40 -27.85 8.42
193213 -40 -27.85 8.42
192515 -40 -27.85 8.42
195073 -40 -27.85 8.42
194886 -40 -27.85 8.42
193062 -40 -27.85 8.42
191165 -40 -27.85 8.42
190268 -40 11.51 27.03
191672 -40 11.51 27.03
189822 -40 11.51 27.03
187614 -40 11.51 27.03
189864 -40 11.51 27.03
188325 -40 11.51 27.03
192734 -40 11.51 27.03
188872 -40 11.51 27.03
189295 -40 11.51 27.03
193604 -40 11.51 27.03
192092 -40 11.51 27.03
198369 -40 11.51 27.03
189358 -40 11.51 27.03
192802 -40 11.51 27.03
184398 -40 11.51 27.03
188227 -40 11.51 27.03
186642 -40 11.51 27.03
191329 -40 11.51 27.03
190104 -40 11.51 27.03
191197 -40 11.51 27.03
189103 -40 11.51 27.03
193395 -40 11.51 27.03
190454 -40 11.51 27.03
194987 -40 11.51 27.03
194548 -40 11.51 27.03
187074 -40 11.51 27.03
191624 -40 11.51 27.03
189350 -40 11.51 27.03
185778 -40 11.51 27.03
190905 -40 11.51 27.03
191142 -40 11.51 27.03
191536 -40 11.51 27.03
189315 -40 11.51 27.03
193620 -40 11.51 27.03
190387 -40 11.51 27.03
191919 -40 11.51 27.03
194322 -40 11.51 27.03
194999 -40 11.51 27.03
191087 -40 11.51 27.03
84026 -40 -7.28 10.37
85965 -40 -7.28 10.37
81291 -40 -7.28 10.37
84331 -40 -7.28 10.37
82986 -40 -7.28 10.37
84874 -40 -7.28 10.37
89415 -40 -7.28 10.37
82088 -40 -7.28 10.37
80734 -40 -7.28 10.37
86533 -40 -7.28 10.37
82127 -40 -7.28 10.37
85026 -40 -7.28 10.37
87038 -40 -7.28 10.37
82417 -40 -7.28 10.37
85617 -40 -7.28 10.37
80519 -40 -7.28 10.37
84662 -40 -7.28 10.37
84865 -40 -7.28 10.37
80697 -40 -7.28 10.37
79924 -40 -7.28 10.37
86508 -40 -7.28 10.37
86152 -40 -7.28 10.37
86428 -40 -7.28 10.37
85084 -40 -7.28 10.37
83821 -40 -7.28 10.37
79640 -40 -7.28 10.37
85241 -40 -7.28 10.37
81679 -40 -7.28 10.37
78893 -40 -7.28 10.37
85066 -40 -7.28 10.37
84433 -40 -7.28 10.37
84644 -40 -7.28 10.37
83482 -40 -7.28 10.37
79109 -40 -7.28 10.37
87508 -40 -7.28 10.37
81815 -40 -7.28 10.37
85588 -40 -7.28 10.37
84714 -40 -7.28 10.37
84253 -40 -7.28 10.37
188220 -40 1.11 -27.53
182144 -40 1.11 -27.53
177010 -40 1.11 -27.53
184453 -40 1.11 -27.53
186139 -40 1.11 -27.53
182808 -40 1.11 -27.53
177987 -40 1.11 -27.53
176072 -40 1.11 -27.53
184236 -40 1.11 -27.53
185866 -40 1.11 -27.53
178569 -40 1.11 -27.53
181080 -40 1.11 -27.53
182520 -40 1.11 -27.53
183735 -40 1.11 -27.53
180174 -40 1.11 -27.53
182680 -40 1.11 -27.53
180444 -40 1.11 -27.53
185097 -40 1.11 -27.53
181982 -40 1.11 -27.53
183339 -40 1.11 -27.53
183342 -40 1.11 -27.53
180834 -40 1.11 -27.53
183684 -40 1.11 -27.53
181015 -40 1.11 -27.53
180815 -40 1.11 -27.53
183886 -40 1.11 -27.53
180672 -40 1.11 -27.53
186253 -40 1.11 -27.53
181768 -40 1.11 -27.53
182319 -40 1.11 -27.53
182410 -40 1.11 -27.53
183033 -40 1.11 -27.53
182961 -40 1.11 -27.53
185112 -40 1.11 -27.53
178304 -40 1.11 -27.53
179941 -40 1.11 -27.53
184725 -40 1.11 -27.53
180440 -40 1.11 -27.53
179635 -40 1.11 -27.53
158821 -40 9.48 20.5
156174 -40 9.48 20.5
158352 -40 9.48 20.5
156977 -40 9.48 20.5
150137 -40 9.48 20.5
156987 -40 9.48 20.5
151541 -40 9.48 20.5
158530 -40 9.48 20.5
156147 -40 9.48 20.5
162037 -40 9.48 20.5
153613 -40 9.48 20.5
153476 -40 9.48 20.5
155801 -40 9.48 20.5
154752 -40 9.48 20.5
157677 -40 9.48 20.5
151889 -40 9.48 20.5
159090 -40 9.48 20.5
154597 -40 9.48 20.5
153145 -40 9.48 20.5
152886 -40 9.48 20.5
153968 -40 9.48 20.5
153506 -40 9.48 20.5
154798 -40 9.48 20.5
156436 -40 9.48 20.5
152562 -40 9.48 20.5
153402 -40 9.48 20.5
158697 -40 9.48 20.5
156391 -40 9.48 20.5
151565 -40 9.48 20.5
156104 -40 9.48 20.5
156106 -40 9.48 20.5
157538 -40 9.48 20.5
155893 -40 9.48 20.5
157469 -40 9.48 20.5
156854 -40 9.48 20.5
153530 -40 9.48 20.5
157171 -40 9.48 20.5
158653 -40 9.48 20.5
156557 -40 9.48 20.5
173277 -40 -18.37 19
169470 -40 -18.37 19
172298 -40 -18.37 19
173081 -40 -18.37 19
175212 -40 -18.37 19
172037 -40 -18.37 19
171996 -40 -18.37 19
169120 -40 -18.37 19
172863 -40 -18.37 19
174927 -40 -18.37 19
170714 -40 -18.37 19
172020 -40 -18.37 19
173940 -40 -18.37 19
170773 -40 -18.37 19
169888 -40 -18.37 19
173101 -40 -18.37 19
171281 -40 -18.37 19
172077 -40 -18.37 19
173612 -40 -18.37 19
171484 -40 -18.37 19
175689 -40 -18.37 19
171473 -40 -18.37 19
173413 -40 -18.37 19
175797 -40 -18.37 19
177803 -40 -18.37 19
171877 -40 -18.37 19
174965 -40 -18.37 19
173660 -40 -18.37 19
173690 -40 -18.37 19
169480 -40 -18.37 19
175005 -40 -18.37 19
171305 -40 -18.37 19
175112 -40 -18.37 19
173122 -40 -18.37 19
177226 -40 -18.37 19
173679 -40 -18.37 19
170234 -40 -18.37 19
171659 -40 -18.37 19
173010 -40 -18.37 19
138210 -40 -13.66 16.95
138725 -40 -13.66 16.95
137777 -40 -13.66 16.95
140441 -40 -13.66 16.95
143803 -40 -13.66 16.95
139859 -40 -13.66 16.95
145395 -40 -13.66 16.95
144059 -40 -13.66 16.95
141849 -40 -13.66 16.95
140042 -40 -13.66 16.95
145128 -40 -13.66 16.95
140477 -40 -13.66 16.95
143763 -40 -13.66 16.95
142419 -40 -13.66 16.95
141441 -40 -13.66 16.95
135643 -40 -13.66 16.95
139940 -40 -13.66 16.95
139384 -40 -13.66 16.95
140739 -40 -13.66 16.95
138548 -40 -13.66 16.95
144259 -40 -13.66 16.95
141345 -40 -13.66 16.95
139180 -40 -13.66 16.95
140267 -40 -13.66 16.95
144641 -40 -13.66 16.95
144993 -40 -13.66 16.95
138656 -40 -13.66 16.95
140175 -40 -13.66 16.95
142936 -40 -13.66 16.95
139414 -40 -13.66 16.95
144850 -40 -13.66 16.95
140876 -40 -13.66 16.95
139417 -40 -13.66 16.95
143959 -40 -13.66 16.95
142656 -40 -13.66 16.95
139935 -40 -13.66 16.95
141715 -40 -13.66 16.95
139731 -40 -13.66 16.95
144118 -40 -13.66 16.95
