#rtt sig_str x y
217909 -40 -27.08 17.96
211992 -40 -27.08 17.96
213133 -40 -27.08 17.96
212801 -40 -27.08 17.96
214759 -40 -27.08 17.96
210278 -40 -27.08 17.96
215311 -40 -27.08 17.96
214220 -40 -27.08 17.96
215610 -40 -27.08 17.96
212127 -40 -27.08 17.96
212187 -40 -27.08 17.96
215003 -40 -27.08 17.96
212457 -40 -27.08 17.96
215184 -40 -27.08 17.96
213419 -40 -27.08 17.96
216915 -40 -27.08 17.96
215563 -40 -27.08 17.96
213327 -40 -27.08 17.96
209550 -40 -27.08 17.96
213077 -40 -27.08 17.96
213082 -40 -27.08 17.96
211421 -40 -27.08 17.96
214072 -40 -27.08 17.96
212022 -40 -27.08 17.96
218138 -40 -27.08 17.96
212864 -40 -27.08 17.96
215952 -40 -27.08 17.96
213861 -40 -27.08 17.96
217241 -40 -27.08 17.96
215261 -40 -27.08 17.96
210405 -40 -27.08 17.96
215222 -40 -27.08 17.96
208282 -40 -27.08 17.96
216065 -40 -27.08 17.96
218207 -40 -27.08 17.96
214297 -40 -27.08 17.96
208234 -40 -27.08 17.96
210014 -40 -27.08 17.96
213504 -40 -27.08 17.96
109501 -40 -12.66 10.79
110852 -40 -12.66 10.79
111433 -40 -12.66 10.79
114121 -40 -12.66 10.79
114281 -40 -12.66 10.79
116393 -40 -12.66 10.79
113320 -40 -12.66 10.79
119006 -40 -12.66 10.79
110579 -40 -12.66 10.79
117029 -40 -12.66 10.79
115000 -40 -12.66 10.79
112507 -40 -12.66 10.79
114078 -40 -12.66 10.79
114787 -40 -12.66 10.79
111892 -40 -12.66 10.79
116097 -40 -12.66 10.79
112276 -40 -12.66 10.79
111825 -40 -12.66 10.79
113684 -40 -12.66 10.79
112409 -40 -12.66 10.79
116888 -40 -12.66 10.79
112007 -40 -12.66 10.79
115152 -40 -12.66 10.79
113446 -40 -12.66 10.79
108187 -40 -12.66 10.79
115340 -40 -12.66 10.79
110313 -40 -12.66 10.79
108762 -40 -12.66 10.79
111155 -40 -12.66 10.79
108909 -40 -12.66 10.79
113756 -40 -12.66 10.79
111682 -40 -12.66 10.79
110892 -40 -12.66 10.79
109924 -40 -12.66 10.79
113592 -40 -12.66 10.79
112657 -40 -12.66 10.79
114573 -40 -12.66 10.79
107807 -40 -12.66 10.79
110818 -40 -12.66 10.79
209001 -40 13.26 -27.84
210282 -40 13.26 -27.84
213356 -40 13.26 -27.84
210643 -40 13.26 -27.84
210655 -40 13.26 -27.84
207714 -40 13.26 -27.84
212039 -40 13.26 -27.84
209729 -40 13.26 -27.84
210394 -40 13.26 -27.84
211719 -40 13.26 -27.84
210306 -40 13.26 -27.84
208408 -40 13.26 -27.84
212050 -40 13.26 -27.84
210722 -40 13.26 -27.84
212631 -40 13.26 -27.84
211292 -40 13.26 -27.84
213831 -40 13.26 -27.84
212974 -40 13.26 -27.84
212040 -40 13.26 -27.84
213244 -40 13.26 -27.84
209822 -40 13.26 -27.84
209327 -40 13.26 -27.84
210655 -40 13.26 -27.84
209884 -40 13.26 -27.84
209992 -40 13.26 -27.84
214253 -40 13.26 -27.84
211430 -40 13.26 -27.84
212475 -40 13.26 -27.84
212034 -40 13.26 -27.84
211262 -40 13.26 -27.84
212427 -40 13.26 -27.84
207952 -40 13.26 -27.84
205901 -40 13.26 -27.84
211715 -40 13.26 -27.84
209664 -40 13.26 -27.84
213913 -40 13.26 -27.84
207790 -40 13.26 -27.84
213583 -40 13.26 -27.84
205367 -40 13.26 -27.84
258247 -40 -28.71 27.1
253404 -40 -28.71 27.1
258678 -40 -28.71 27.1
258755 -40 -28.71 27.1
254266 -40 -28.71 27.1
258861 -40 -28.71 27.1
258725 -40 -28.71 27.1
257946 -40 -28.71 27.1
254515 -40 -28.71 27.1
258595 -40 -28.71 27.1
260488 -40 -28.71 27.1
257297 -40 -28.71 27.1
256391 -40 -28.71 27.1
255417 -40 -28.71 27.1
251313 -40 -28.71 27.1
256900 -40 -28.71 27.1
255878 -40 -28.71 27.1
254586 -40 -28.71 27.1
255387 -40 -28.71 27.1
258082 -40 -28.71 27.1
265751 -40 -28.71 27.1
254060 -40 -28.71 27.1
259988 -40 -28.71 27.1
259089 -40 -28.71 27.1
258795 -40 -28.71 27.1
257223 -40 -28.71 27.1
259785 -40 -28.71 27.1
254284 -40 -28.71 27.1
253811 -40 -28.71 27.1
262010 -40 -28.71 27.1
257321 -40 -28.71 27.1
256006 -40 -28.71 27.1
252693 -40 -28.71 27.1
258065 -40 -28.71 27.1
257422 -40 -28.71 27.1
254580 -40 -28.71 27.1
258150 -40 -28.71 27.1
257475 -40 -28.71 27.1
257699 -40 -28.71 27.1
147855 -40 -17.65 11.86
142027 -40 -17.65 11.86
145235 -40 -17.65 11.86
144737 -40 -17.65 11.86
145686 -40 -17.65 11.86
145267 -40 -17.65 11.86
146736 -40 -17.65 11.86
143057 -40 -17.65 11.86
143614 -40 -17.65 11.86
141920 -40 -17.65 11.86
142115 -40 -17.65 11.86
145517 -40 -17.65 11.86
143921 -40 -17.65 11.86
140867 -40 -17.65 11.86
146058 -40 -17.65 11.86
147384 -40 -17.65 11.86
142080 -40 -17.65 11.86
141247 -40 -17.65 11.86
140760 -40 -17.65 11.86
144619 -40 -17.65 11.86
138401 -40 -17.65 11.86
141788 -40 -17.65 11.86
142700 -40 -17.65 11.86
140514 -40 -17.65 11.86
139701 -40 -17.65 11.86
140715 -40 -17.65 11.86
140899 -40 -17.65 11.86
145993 -40 -17.65 11.86
141018 -40 -17.65 11.86
143156 -40 -17.65 11.86
142991 -40 -17.65 11.86
143458 -40 -17.65 11.86
143606 -40 -17.65 11.86
143212 -40 -17.65 11.86
137985 -40 -17.65 11.86
143233 -40 -17.65 11.86
141945 -40 -17.65 11.86
144716 -40 -17.65 11.86
142315 -40 -17.65 11.86
227867 -40 -26.96 -20.59
228700 -40 -26.96 -20.59
223160 -40 -26.96 -20.59
229026 -40 -26.96 -20.59
230161 -40 -26.96 -20.59
225816 -40 -26.96 -20.59
228125 -40 -26.96 -20.59
227591 -40 -26.96 -20.59
225710 -40 -26.96 -20.59
229135 -40 -26.96 -20.59
231407 -40 -26.96 -20.59
225098 -40 -26.96 -20.59
229517 -40 -26.96 -20.59
230048 -40 -26.96 -20.59
232086 -40 -26.96 -20.59
230758 -40 -26.96 -20.59
230123 -40 -26.96 -20.59
227656 -40 -26.96 -20.59
227814 -40 -26.96 -20.59
225467 -40 -26.96 -20.59
228670 -40 -26.96 -20.59
231907 -40 -26.96 -20.59
224920 -40 -26.96 -20.59
229315 -40 -26.96 -20.59
224761 -40 -26.96 -20.59
225709 -40 -26.96 -20.59
230487 -40 -26.96 -20.59
227735 -40 -26.96 -20.59
230192 -40 -26.96 -20.59
230829 -40 -26.96 -20.59
231244 -40 -26.96 -20.59
232152 -40 -26.96 -20.59
232075 -40 -26.96 -20.59
233286 -40 -26.96 -20.59
228571 -40 -26.96 -20.59
229919 -40 -26.96 -20.59
227810 -40 -26.96 -20.59
230434 -40 -26.96 -20.59
223875 -40 -26.96 -20.59
163686 -40 -11.87 20.77
160944 -40 -11.87 20.77
164146 -40 -11.87 20.77
163900 -40 -11.87 20.77
160418 -40 -11.87 20.77
164114 -40 -11.87 20.77
166489 -40 -11.87 20.77
161756 -40 -11.87 20.77
169480 -40 -11.87 20.77
164755 -40 -11.87 20.77
165064 -40 -11.87 20.77
161124 -40 -11.87 20.77
161439 -40 -11.87 20.77
164900 -40 -11.87 20.77
165205 -40 -11.87 20.77
164560 -40 -11.87 20.77
161937 -40 -11.87 20.77
162683 -40 -11.87 20.77
162776 -40 -11.87 20.77
164848 -40 -11.87 20.77
158488 -40 -11.87 20.77
164548 -40 -11.87 20.77
166287 -40 -11.87 20.77
164407 -40 -11.87 20.77
168408 -40 -11.87 20.77
164865 -40 -11.87 20.77
164048 -40 -11.87 20.77
163894 -40 -11.87 20.77
162915 -40 -11.87 20.77
168149 -40 -11.87 20.77
166097 -40 -11.87 20.77
160538 -40 -11.87 20.77
164215 -40 -11.87 20.77
165731 -40 -11.87 20.77
154843 -40 -11.87 20.77
164034 -40 -11.87 20.77
164631 -40 -11.87 20.77
163052 -40 -11.87 20.77
166420 -40 -11.87 20.77
90213 -40 9.84 -9.58
85129 -40 9.84 -9.58
89496 -40 9.84 -9.58
86419 -40 9.84 -9.58
83330 -40 9.84 -9.58
84960 -40 9.84 -9.58
86822 -40 9.84 -9.58
87267 -40 9.84 -9.58
85531 -40 9.84 -9.58
85521 -40 9.84 -9.58
87312 -40 9.84 -9.58
87712 -40 9.84 -9.58
82311 -40 9.84 -9.58
86658 -40 9.84 -9.58
86508 -40 9.84 -9.58
83032 -40 9.84 -9.58
88064 -40 9.84 -9.58
86645 -40 9.84 -9.58
84211 -40 9.84 -9.58
84142 -40 9.84 -9.58
85822 -40 9.84 -9.58
90107 -40 9.84 -9.58
85819 -40 9.84 -9.58
86696 -40 9.84 -9.58
82692 -40 9.84 -9.58
88216 -40 9.84 -9.58
86482 -40 9.84 -9.58
86910 -40 9.84 -9.58
85758 -40 9.84 -9.58
85221 -40 9.84 -9.58
82157 -40 9.84 -9.58
83026 -40 9.84 -9.58
84417 -40 9.84 -9.58
81568 -40 9.84 -9.58
86623 -40 9.84 -9.58
86683 -40 9.84 -9.58
85875 -40 9.84 -9.58
79266 -40 9.84 -9.58
85526 -40 9.84 -9.58
148171 -40 -11.52 19.46
144285 -40 -11.52 19.46
144653 -40 -11.52 19.46
150107 -40 -11.52 19.46
145796 -40 -11.52 19.46
147587 -40 -11.52 19.46
146844 -40 -11.52 19.46
143048 -40 -11.52 19.46
140000 -40 -11.52 19.46
147707 -40 -11.52 19.46
142926 -40 -11.52 19.46
147532 -40 -11.52 19.46
148074 -40 -11.52 19.46
150236 -40 -11.52 19.46
147673 -40 -11.52 19.46
142468 -40 -11.52 19.46
147266 -40 -11.52 19.46
142650 -40 -11.52 19.46
146405 -40 -11.52 19.46
142123 -40 -11.52 19.46
146625 -40 -11.52 19.46
150381 -40 -11.52 19.46
143004 -40 -11.52 19.46
141795 -40 -11.52 19.46
148307 -40 -11.52 19.46
145205 -40 -11.52 19.46
146183 -40 -11.52 19.46
143441 -40 -11.52 19.46
152989 -40 -11.52 19.46
149909 -40 -11.52 19.46
149070 -40 -11.52 19.46
149176 -40 -11.52 19.46
145651 -40 -11.52 19.46
144480 -40 -11.52 19.46
149743 -40 -11.52 19.46
149044 -40 -11.52 19.46
144816 -40 -11.52 19.46
143528 -40 -11.52 19.46
147938 -40 -11.52 19.46
134742 -40 5.02 -19.52
132511 -40 5.02 -19.52
141267 -40 5.02 -19.52
139950 -40 5.02 -19.52
140687 -40 5.02 -19.52
134078 -40 5.02 -19.52
140245 -40 5.02 -19.52
140436 -40 5.02 -19.52
137199 -40 5.02 -19.52
132029 -40 5.02 -19.52
140414 -40 5.02 -19.52
138678 -40 5.02 -19.52
134599 -40 5.02 -19.52
140547 -40 5.02 -19.52
135717 -40 5.02 -19.52
132686 -40 5.02 -19.52
141218 -40 5.02 -19.52
134959 -40 5.02 -19.52
135627 -40 5.02 -19.52
135897 -40 5.02 -19.52
135667 -40 5.02 -19.52
135414 -40 5.02 -19.52
136773 -40 5.02 -19.52
138448 -40 5.02 -19.52
136068 -40 5.02 -19.52
135500 -40 5.02 -19.52
135892 -40 5.02 -19.52
140410 -40 5.02 -19.52
140204 -40 5.02 -19.52
136895 -40 5.02 -19.52
136030 -40 5.02 -19.52
138517 -40 5.02 -19.52
136037 -40 5.02 -19.52
137908 -40 5.02 -19.52
136607 -40 5.02 -19.52
134459 -40 5.02 -19.52
135798 -40 5.02 -19.52
139310 -40 5.02 -19.52
133223 -40 5.02 -19.52
