#rtt sig_str x y
137247 -40 -17.5 12.12
139383 -40 -17.5 12.12
143605 -40 -17.5 12.12
142023 -40 -17.5 12.12
143727 -40 -17.5 12.12
143181 -40 -17.5 12.12
142459 -40 -17.5 12.12
141539 -40 -17.5 12.12
138641 -40 -17.5 12.12
143172 -40 -17.5 12.12
141951 -40 -17.5 12.12
142844 -40 -17.5 12.12
143684 -40 -17.5 12.12
141098 -40 -17.5 12.12
144333 -40 -17.5 12.12
139326 -40 -17.5 12.12
145262 -40 -17.5 12.12
141928 -40 -17.5 12.12
143308 -40 -17.5 12.12
142391 -40 -17.5 12.12
146273 -40 -17.5 12.12
143240 -40 -17.5 12.12
142984 -40 -17.5 12.12
143316 -40 -17.5 12.12
142993 -40 -17.5 12.12
144312 -40 -17.5 12.12
139188 -40 -17.5 12.12
146299 -40 -17.5 12.12
140815 -40 -17.5 12.12
146736 -40 -17.5 12.12
139631 -40 -17.5 12.12
146186 -40 -17.5 12.12
142167 -40 -17.5 12.12
141151 -40 -17.5 12.12
138732 -40 -17.5 12.12
146067 -40 -17.5 12.12
140627 -40 -17.5 12.12
140726 -40 -17.5 12.12
140821 -40 -17.5 12.12
89858 -40 -1.1 13.83
89280 -40 -1.1 13.83
91925 -40 -1.1 13.83
89810 -40 -1.1 13.83
95923 -40 -1.1 13.83
96297 -40 -1.1 13.83
89556 -40 -1.1 13.83
91930 -40 -1.1 13.83
87370 -40 -1.1 13.83
95476 -40 -1.1 13.83
92804 -40 -1.1 13.83
90177 -40 -1.1 13.83
90865 -40 -1.1 13.83
89643 -40 -1.1 13.83
87153 -40 -1.1 13.83
92972 -40 -1.1 13.83
94843 -40 -1.1 13.83
91200 -40 -1.1 13.83
86782 -40 -1.1 13.83
90453 -40 -1.1 13.83
91525 -40 -1.1 13.83
89388 -40 -1.1 13.83
92775 -40 -1.1 13.83
93787 -40 -1.1 13.83
92114 -40 -1.1 13.83
85654 -40 -1.1 13.83
94341 -40 -1.1 13.83
92376 -40 -1.1 13.83
87838 -40 -1.1 13.83
90404 -40 -1.1 13.83
92170 -40 -1.1 13.83
91660 -40 -1.1 13.83
86059 -40 -1.1 13.83
89883 -40 -1.1 13.83
89889 -40 -1.1 13.83
89525 -40 -1.1 13.83
89806 -40 -1.1 13.83
89542 -40 -1.1 13.83
91172 -40 -1.1 13.83
73784 -40 -4.77 8.25
71580 -40 -4.77 8.25
81427 -40 -4.77 8.25
74150 -40 -4.77 8.25
80488 -40 -4.77 8.25
77258 -40 -4.77 8.25
75688 -40 -4.77 8.25
74971 -40 -4.77 8.25
74534 -40 -4.77 8.25
83420 -40 -4.77 8.25
83060 -40 -4.77 8.25
79010 -40 -4.77 8.25
77272 -40 -4.77 8.25
75860 -40 -4.77 8.25
74655 -40 -4.77 8.25
78304 -40 -4.77 8.25
82003 -40 -4.77 8.25
75523 -40 -4.77 8.25
78635 -40 -4.77 8.25
80768 -40 -4.77 8.25
76905 -40 -4.77 8.25
79426 -40 -4.77 8.25
79934 -40 -4.77 8.25
72897 -40 -4.77 8.25
75338 -40 -4.77 8.25
80595 -40 -4.77 8.25
80029 -40 -4.77 8.25
78994 -40 -4.77 8.25
80047 -40 -4.77 8.25
77928 -40 -4.77 8.25
81874 -40 -4.77 8.25
73482 -40 -4.77 8.25
77301 -40 -4.77 8.25
74775 -40 -4.77 8.25
80453 -40 -4.77 8.25
79814 -40 -4.77 8.25
73831 -40 -4.77 8.25
78247 -40 -4.77 8.25
72637 -40 -4.77 8.25
178807 -40 21.55 16.8
180884 -40 21.55 16.8
181382 -40 21.55 16.8
182650 -40 21.55 16.8
181579 -40 21.55 16.8
177934 -40 21.55 16.8
177190 -40 21.55 16.8
182737 -40 21.55 16.8
178898 -40 21.55 16.8
184769 -40 21.55 16.8
178342 -40 21.55 16.8
180760 -40 21.55 16.8
180622 -40 21.55 16.8
179470 -40 21.55 16.8
176987 -40 21.55 16.8
177859 -40 21.55 16.8
181667 -40 21.55 16.8
185066 -40 21.55 16.8
180869 -40 21.55 16.8
184908 -40 21.55 16.8
180328 -40 21.55 16.8
181340 -40 21.55 16.8
182131 -40 21.55 16.8
182217 -40 21.55 16.8
180327 -40 21.55 16.8
179626 -40 21.55 16.8
182310 -40 21.55 16.8
177898 -40 21.55 16.8
184521 -40 21.55 16.8
181183 -40 21.55 16.8
182468 -40 21.55 16.8
180782 -40 21.55 16.8
179642 -40 21.55 16.8
176140 -40 21.55 16.8
181127 -40 21.55 16.8
178043 -40 21.55 16.8
181641 -40 21.55 16.8
185501 -40 21.55 16.8
180374 -40 21.55 16.8
201369 -40 -19.73 20.81
205159 -40 -19.73 20.81
205920 -40 -19.73 20.81
208243 -40 -19.73 20.81
208942 -40 -19.73 20.81
210288 -40 -19.73 20.81
212857 -40 -19.73 20.81
208391 -40 -19.73 20.81
211344 -40 -19.73 20.81
205871 -40 -19.73 20.81
207749 -40 -19.73 20.81
208224 -40 -19.73 20.81
205488 -40 -19.73 20.81
203949 -40 -19.73 20.81
207971 -40 -19.73 20.81
205630 -40 -19.73 20.81
208074 -40 -19.73 20.81
210473 -40 -19.73 20.81
205107 -40 -19.73 20.81
210622 -40 -19.73 20.81
205008 -40 -19.73 20.81
206948 -40 -19.73 20.81
207140 -40 -19.73 20.81
210618 -40 -19.73 20.81
204140 -40 -19.73 20.81
205715 -40 -19.73 20.81
203642 -40 -19.73 20.81
206984 -40 -19.73 20.81
203448 -40 -19.73 20.81
202713 -40 -19.73 20.81
213702 -40 -19.73 20.81
209307 -40 -19.73 20.81
209323 -40 -19.73 20.81
209012 -40 -19.73 20.81
208257 -40 -19.73 20.81
212012 -40 -19.73 20.81
204751 -40 -19.73 20.81
207650 -40 -19.73 20.81
206117 -40 -19.73 20.81
171593 -40 -9.67 23.6
172768 -40 -9.67 23.6
174354 -40 -9.67 23.6
174460 -40 -9.67 23.6
176507 -40 -9.67 23.6
175433 -40 -9.67 23.6
177112 -40 -9.67 23.6
178119 -40 -9.67 23.6
176559 -40 -9.67 23.6
175660 -40 -9.67 23.6
179460 -40 -9.67 23.6
171495 -40 -9.67 23.6
172454 -40 -9.67 23.6
177002 -40 -9.67 23.6
171194 -40 -9.67 23.6
168913 -40 -9.67 23.6
171844 -40 -9.67 23.6
173873 -40 -9.67 23.6
177093 -40 -9.67 23.6
174847 -40 -9.67 23.6
173990 -40 -9.67 23.6
170913 -40 -9.67 23.6
175510 -40 -9.67 23.6
176473 -40 -9.67 23.6
176178 -40 -9.67 23.6
173352 -40 -9.67 23.6
172872 -40 -9.67 23.6
166781 -40 -9.67 23.6
169586 -40 -9.67 23.6
172602 -40 -9.67 23.6
176206 -40 -9.67 23.6
174416 -40 -9.67 23.6
175178 -40 -9.67 23.6
175149 -40 -9.67 23.6
171996 -40 -9.67 23.6
174911 -40 -9.67 23.6
172764 -40 -9.67 23.6
178111 -40 -9.67 23.6
170950 -40 -9.67 23.6
133078 -40 -13.77 -15.92
139788 -40 -13.77 -15.92
135579 -40 -13.77 -15.92
135968 -40 -13.77 -15.92
140154 -40 -13.77 -15.92
143065 -40 -13.77 -15.92
139426 -40 -13.77 -15.92
140172 -40 -13.77 -15.92
140189 -40 -13.77 -15.92
139449 -40 -13.77 -15.92
139381 -40 -13.77 -15.92
140592 -40 -13.77 -15.92
134783 -40 -13.77 -15.92
136205 -40 -13.77 -15.92
143119 -40 -13.77 -15.92
141790 -40 -13.77 -15.92
140073 -40 -13.77 -15.92
134188 -40 -13.77 -15.92
137407 -40 -13.77 -15.92
142413 -40 -13.77 -15.92
140113 -40 -13.77 -15.92
137138 -40 -13.77 -15.92
140933 -40 -13.77 -15.92
137254 -40 -13.77 -15.92
140270 -40 -13.77 -15.92
143487 -40 -13.77 -15.92
139739 -40 -13.77 -15.92
141384 -40 -13.77 -15.92
136181 -40 -13.77 -15.92
141205 -40 -13.77 -15.92
138538 -40 -13.77 -15.92
137256 -40 -13.77 -15.92
134300 -40 -13.77 -15.92
138271 -40 -13.77 -15.92
142147 -40 -13.77 -15.92
140842 -40 -13.77 -15.92
140667 -40 -13.77 -15.92
141691 -40 -13.77 -15.92
137016 -40 -13.77 -15.92
198850 -40 11.46 -29.32
207702 -40 11.46 -29.32
207063 -40 11.46 -29.32
210101 -40 11.46 -29.32
206730 -40 11.46 -29.32
207061 -40 11.46 -29.32
204370 -40 11.46 -29.32
203729 -40 11.46 -29.32
204709 -40 11.46 -29.32
204056 -40 11.46 -29.32
202267 -40 11.46 -29.32
205542 -40 11.46 -29.32
208832 -40 11.46 -29.32
204845 -40 11.46 -29.32
207410 -40 11.46 -29.32
204136 -40 11.46 -29.32
203549 -40 11.46 -29.32
205281 -40 11.46 -29.32
203273 -40 11.46 -29.32
207175 -40 11.46 -29.32
204945 -40 11.46 -29.32
203497 -40 11.46 -29.32
206080 -40 11.46 -29.32
206047 -40 11.46 -29.32
205129 -40 11.46 -29.32
210839 -40 11.46 -29.32
207214 -40 11.46 -29.32
205479 -40 11.46 -29.32
205417 -40 11.46 -29.32
203813 -40 11.46 -29.32
198955 -40 11.46 -29.32
206836 -40 11.46 -29.32
206152 -40 11.46 -29.32
209040 -40 11.46 -29.32
206649 -40 11.46 -29.32
205083 -40 11.46 -29.32
204542 -40 11.46 -29.32
204639 -40 11.46 -29.32
203840 -40 11.46 -29.32
111150 -40 -16.78 -2.16
110132 -40 -16.78 -2.16
108740 -40 -16.78 -2.16
112033 -40 -16.78 -2.16
108350 -40 -16.78 -2.16
111564 -40 -16.78 -2.16
106643 -40 -16.78 -2.16
107493 -40 -16.78 -2.16
111864 -40 -16.78 -2.16
112833 -40 -16.78 -2.16
109180 -40 -16.78 -2.16
109780 -40 -16.78 -2.16
110509 -40 -16.78 -2.16
108119 -40 -16.78 -2.16
108709 -40 -16.78 -2.16
107230 -40 -16.78 -2.16
112825 -40 -16.78 -2.16
109400 -40 -16.78 -2.16
106671 -40 -16.78 -2.16
111232 -40 -16.78 -2.16
111297 -40 -16.78 -2.16
110272 -40 -16.78 -2.16
108279 -40 -16.78 -2.16
112537 -40 -16.78 -2.16
107765 -40 -16.78 -2.16
108444 -40 -16.78 -2.16
113444 -40 -16.78 -2.16
107772 -40 -16.78 -2.16
108986 -40 -16.78 -2.16
112264 -40 -16.78 -2.16
107692 -40 -16.78 -2.16
108281 -40 -16.78 -2.16
108498 -40 -16.78 -2.16
108643 -40 -16.78 -2.16
109767 -40 -16.78 -2.16
111555 -40 -16.78 -2.16
109985 -40 -16.78 -2.16
111855 -40 -16.78 -2.16
103088 -40 -16.78 -2.16
172608 -40 18.72 18.14
175383 -40 18.72 18.14
172641 -40 18.72 18.14
177073 -40 18.72 18.14
179939 -40 18.72 18.14
169581 -40 18.72 18.14
171850 -40 18.72 18.14
174506 -40 18.72 18.14
176540 -40 18.72 18.14
175043 -40 18.72 18.14
174780 -40 18.72 18.14
170811 -40 18.72 18.14
174888 -40 18.72 18.14
176265 -40 18.72 18.14
175296 -40 18.72 18.14
179613 -40 18.72 18.14
173247 -40 18.72 18.14
174113 -40 18.72 18.14
173710 -40 18.72 18.14
172819 -40 18.72 18.14
173930 -40 18.72 18.14
175212 -40 18.72 18.14
174179 -40 18.72 18.14
176045 -40 18.72 18.14
173168 -40 18.72 18.14
172749 -40 18.72 18.14
171784 -40 18.72 18.14
173565 -40 18.72 18.14
172570 -40 18.72 18.14
169563 -40 18.72 18.14
176217 -40 18.72 18.14
176359 -40 18.72 18.14
171729 -40 18.72 18.14
169995 -40 18.72 18.14
174325 -40 18.72 18.14
169778 -40 18.72 18.14
170718 -40 18.72 18.14
174614 -40 18.72 18.14
172810 -40 18.72 18.14
