#rtt sig_str x y
69800 -40 1.04 10.15
66422 -40 1.04 10.15
66208 -40 1.04 10.15
70695 -40 1.04 10.15
69316 -40 1.04 10.15
64568 -40 1.04 10.15
69286 -40 1.04 10.15
68977 -40 1.04 10.15
66532 -40 1.04 10.15
64440 -40 1.04 10.15
66386 -40 1.04 10.15
67149 -40 1.04 10.15
68787 -40 1.04 10.15
65471 -40 1.04 10.15
68359 -40 1.04 10.15
67961 -40 1.04 10.15
69522 -40 1.04 10.15
66951 -40 1.04 10.15
67577 -40 1.04 10.15
68528 -40 1.04 10.15
63367 -40 1.04 10.15
70379 -40 1.04 10.15
65394 -40 1.04 10.15
65172 -40 1.04 10.15
66366 -40 1.04 10.15
65266 -40 1.04 10.15
64429 -40 1.04 10.15
68767 -40 1.04 10.15
67956 -40 1.04 10.15
65867 -40 1.04 10.15
64940 -40 1.04 10.15
66701 -40 1.04 10.15
66711 -40 1.04 10.15
69005 -40 1.04 10.15
68572 -40 1.04 10.15
67698 -40 1.04 10.15
70738 -40 1.04 10.15
69286 -40 1.04 10.15
67874 -40 1.04 10.15
217498 -40 26.82 -18.9
221557 -40 26.82 -18.9
215725 -40 26.82 -18.9
218617 -40 26.82 -18.9
219763 -40 26.82 -18.9
217226 -40 26.82 -18.9
217722 -40 26.82 -18.9
218400 -40 26.82 -18.9
219576 -40 26.82 -18.9
221026 -40 26.82 -18.9
222831 -40 26.82 -18.9
214542 -40 26.82 -18.9
213499 -40 26.82 -18.9
213090 -40 26.82 -18.9
218911 -40 26.82 -18.9
214880 -40 26.82 -18.9
213339 -40 26.82 -18.9
216260 -40 26.82 -18.9
216807 -40 26.82 -18.9
215913 -40 26.82 -18.9
215450 -40 26.82 -18.9
217913 -40 26.82 -18.9
217545 -40 26.82 -18.9
212753 -40 26.82 -18.9
215095 -40 26.82 -18.9
210775 -40 26.82 -18.9
215599 -40 26.82 -18.9
221536 -40 26.82 -18.9
223695 -40 26.82 -18.9
217641 -40 26.82 -18.9
215610 -40 26.82 -18.9
217315 -40 26.82 -18.9
218361 -40 26.82 -18.9
213561 -40 26.82 -18.9
223126 -40 26.82 -18.9
217100 -40 26.82 -18.9
219044 -40 26.82 -18.9
219516 -40 26.82 -18.9
218750 -40 26.82 -18.9
152040 -40 15.93 16.9
152648 -40 15.93 16.9
155963 -40 15.93 16.9
156937 -40 15.93 16.9
153566 -40 15.93 16.9
154558 -40 15.93 16.9
161357 -40 15.93 16.9
159451 -40 15.93 16.9
151764 -40 15.93 16.9
156144 -40 15.93 16.9
156855 -40 15.93 16.9
155782 -40 15.93 16.9
156428 -40 15.93 16.9
156145 -40 15.93 16.9
156806 -40 15.93 16.9
152506 -40 15.93 16.9
159227 -40 15.93 16.9
152098 -40 15.93 16.9
153436 -40 15.93 16.9
158210 -40 15.93 16.9
151650 -40 15.93 16.9
154819 -40 15.93 16.9
152769 -40 15.93 16.9
156187 -40 15.93 16.9
159839 -40 15.93 16.9
154396 -40 15.93 16.9
154125 -40 15.93 16.9
158461 -40 15.93 16.9
154034 -40 15.93 16.9
153913 -40 15.93 16.9
154642 -40 15.93 16.9
148464 -40 15.93 16.9
153705 -40 15.93 16.9
152194 -40 15.93 16.9
159280 -40 15.93 16.9
155796 -40 15.93 16.9
151701 -40 15.93 16.9
155248 -40 15.93 16.9
156767 -40 15.93 16.9
89160 -40 -13.06 4.44
87498 -40 -13.06 4.44
86122 -40 -13.06 4.44
89988 -40 -13.06 4.44
87082 -40 -13.06 4.44
92563 -40 -13.06 4.44
86864 -40 -13.06 4.44
91705 -40 -13.06 4.44
90507 -40 -13.06 4.44
88348 -40 -13.06 4.44
88972 -40 -13.06 4.44
89410 -40 -13.06 4.44
89530 -40 -13.06 4.44
88762 -40 -13.06 4.44
88467 -40 -13.06 4.44
89443 -40 -13.06 4.44
86780 -40 -13.06 4.44
90871 -40 -13.06 4.44
90536 -40 -13.06 4.44
90488 -40 -13.06 4.44
93674 -40 -13.06 4.44
86219 -40 -13.06 4.44
89745 -40 -13.06 4.44
92778 -40 -13.06 4.44
93260 -40 -13.06 4.44
89137 -40 -13.06 4.44
86290 -40 -13.06 4.44
92139 -40 -13.06 4.44
88902 -40 -13.06 4.44
89681 -40 -13.06 4.44
88593 -40 -13.06 4.44
90316 -40 -13.06 4.44
87758 -40 -13.06 4.44
88990 -40 -13.06 4.44
90930 -40 -13.06 4.44
85812 -40 -13.06 4.44
91119 -40 -13.06 4.44
88297 -40 -13.06 4.44
88240 -40 -13.06 4.44
111076 -40 -16.74 -3.49
115042 -40 -16.74 -3.49
109928 -40 -16.74 -3.49
108781 -40 -16.74 -3.49
111105 -40 -16.74 -3.49
109810 -40 -16.74 -3.49
110568 -40 -16.74 -3.49
110483 -40 -16.74 -3.49
106538 -40 -16.74 -3.49
112141 -40 -16.74 -3.49
112382 -40 -16.74 -3.49
110038 -40 -16.74 -3.49
113714 -40 -16.74 -3.49
110917 -40 -16.74 -3.49
110501 -40 -16.74 -3.49
110134 -40 -16.74 -3.49
109738 -40 -16.74 -3.49
109313 -40 -16.74 -3.49
110913 -40 -16.74 -3.49
108220 -40 -16.74 -3.49
109648 -40 -16.74 -3.49
110210 -40 -16.74 -3.49
111700 -40 -16.74 -3.49
111945 -40 -16.74 -3.49
113829 -40 -16.74 -3.49
111184 -40 -16.74 -3.49
111766 -40 -16.74 -3.49
110994 -40 -16.74 -3.49
112701 -40 -16.74 -3.49
112748 -40 -16.74 -3.49
112234 -40 -16.74 -3.49
108753 -40 -16.74 -3.49
109020 -40 -16.74 -3.49
106811 -40 -16.74 -3.49
107142 -40 -16.74 -3.49
109224 -40 -16.74 -3.49
108833 -40 -16.74 -3.49
109901 -40 -16.74 -3.49
106728 -40 -16.74 -3.49
140207 -40 11.18 -18.96
137881 -40 11.18 -18.96
139550 -40 11.18 -18.96
138736 -40 11.18 -18.96
138943 -40 11.18 -18.96
139311 -40 11.18 -18.96
140207 -40 11.18 -18.96
139692 -40 11.18 -18.96
142788 -40 11.18 -18.96
139363 -40 11.18 -18.96
137401 -40 11.18 -18.96
138558 -40 11.18 -18.96
138118 -40 11.18 -18.96
140079 -40 11.18 -18.96
144520 -40 11.18 -18.96
135052 -40 11.18 -18.96
140413 -40 11.18 -18.96
145527 -40 11.18 -18.96
138867 -40 11.18 -18.96
142724 -40 11.18 -18.96
139623 -40 11.18 -18.96
141577 -40 11.18 -18.96
138973 -40 11.18 -18.96
138782 -40 11.18 -18.96
132249 -40 11.18 -18.96
136251 -40 11.18 -18.96
140596 -40 11.18 -18.96
140182 -40 11.18 -18.96
146650 -40 11.18 -18.96
136432 -40 11.18 -18.96
142036 -40 11.18 -18.96
135423 -40 11.18 -18.96
137678 -40 11.18 -18.96
137909 -40 11.18 -18.96
139125 -40 11.18 -18.96
137762 -40 11.18 -18.96
135296 -40 11.18 -18.96
140814 -40 11.18 -18.96
141543 -40 11.18 -18.96
207237 -40 -19.97 -24.01
206946 -40 -19.97 -24.01
209061 -40 -19.97 -24.01
207850 -40 -19.97 -24.01
209671 -40 -19.97 -24.01
210788 -40 -19.97 -24.01
205835 -40 -19.97 -24.01
211367 -40 -19.97 -24.01
212188 -40 -19.97 -24.01
210973 -40 -19.97 -24.01
209209 -40 -19.97 -24.01
206742 -40 -19.97 -24.01
209909 -40 -19.97 -24.01
206376 -40 -19.97 -24.01
210214 -40 -19.97 -24.01
204746 -40 -19.97 -24.01
206322 -40 -19.97 -24.01
213766 -40 -19.97 -24.01
210132 -40 -19.97 -24.01
208645 -40 -19.97 -24.01
205561 -40 -19.97 -24.01
206458 -40 -19.97 -24.01
208864 -40 -19.97 -24.01
206321 -40 -19.97 -24.01
210438 -40 -19.97 -24.01
209261 -40 -19.97 -24.01
209923 -40 -19.97 -24.01
207482 -40 -19.97 -24.01
212976 -40 -19.97 -24.01
205737 -40 -19.97 -24.01
210968 -40 -19.97 -24.01
206177 -40 -19.97 -24.01
207225 -40 -19.97 -24.01
209049 -40 -19.97 -24.01
206977 -40 -19.97 -24.01
206871 -40 -19.97 -24.01
209246 -40 -19.97 -24.01
207432 -40 -19.97 -24.01
209481 -40 -19.97 -24.01
112928 -40 -6.45 -16.82
112645 -40 -6.45 -16.82
113479 -40 -6.45 -16.82
112792 -40 -6.45 -16.82
115462 -40 -6.45 -16.82
112793 -40 -6.45 -16.82
115296 -40 -6.45 -16.82
113801 -40 -6.45 -16.82
118026 -40 -6.45 -16.82
117899 -40 -6.45 -16.82
115814 -40 -6.45 -16.82
115103 -40 -6.45 -16.82
116119 -40 -6.45 -16.82
115997 -40 -6.45 -16.82
110970 -40 -6.45 -16.82
109803 -40 -6.45 -16.82
114033 -40 -6.45 -16.82
111894 -40 -6.45 -16.82
110646 -40 -6.45 -16.82
115355 -40 -6.45 -16.82
113914 -40 -6.45 -16.82
113501 -40 -6.45 -16.82
113353 -40 -6.45 -16.82
115079 -40 -6.45 -16.82
116388 -40 -6.45 -16.82
112552 -40 -6.45 -16.82
115758 -40 -6.45 -16.82
111730 -40 -6.45 -16.82
116008 -40 -6.45 -16.82
114209 -40 -6.45 -16.82
110553 -40 -6.45 -16.82
112537 -40 -6.45 -16.82
113632 -40 -6.45 -16.82
116751 -40 -6.45 -16.82
113882 -40 -6.45 -16.82
115871 -40 -6.45 -16.82
116725 -40 -6.45 -16.82
118982 -40 -6.45 -16.82
112686 -40 -6.45 -16.82
136093 -40 7.08 20
139644 -40 7.08 20
132349 -40 7.08 20
135839 -40 7.08 20
137984 -40 7.08 20
137094 -40 7.08 20
137340 -40 7.08 20
135622 -40 7.08 20
138625 -40 7.08 20
140230 -40 7.08 20
135403 -40 7.08 20
137369 -40 7.08 20
137435 -40 7.08 20
136461 -40 7.08 20
140263 -40 7.08 20
135017 -40 7.08 20
135199 -40 7.08 20
138328 -40 7.08 20
131232 -40 7.08 20
137028 -40 7.08 20
136307 -40 7.08 20
134285 -40 7.08 20
135581 -40 7.08 20
139038 -40 7.08 20
136396 -40 7.08 20
133045 -40 7.08 20
138084 -40 7.08 20
140671 -40 7.08 20
136347 -40 7.08 20
138787 -40 7.08 20
138019 -40 7.08 20
136532 -40 7.08 20
143144 -40 7.08 20
137295 -40 7.08 20
133833 -40 7.08 20
137601 -40 7.08 20
137400 -40 7.08 20
137990 -40 7.08 20
137539 -40 7.08 20
44172 -40 -5.29 -4.39
45474 -40 -5.29 -4.39
44146 -40 -5.29 -4.39
44723 -40 -5.29 -4.39
46639 -40 -5.29 -4.39
43641 -40 -5.29 -4.39
45746 -40 -5.29 -4.39
50909 -40 -5.29 -4.39
44540 -40 -5.29 -4.39
46099 -40 -5.29 -4.39
46962 -40 -5.29 -4.39
45422 -40 -5.29 -4.39
41321 -40 -5.29 -4.39
46229 -40 -5.29 -4.39
46348 -40 -5.29 -4.39
42988 -40 -5.29 -4.39
44068 -40 -5.29 -4.39
46180 -40 -5.29 -4.39
42860 -40 -5.29 -4.39
46479 -40 -5.29 -4.39
48504 -40 -5.29 -4.39
46276 -40 -5.29 -4.39
41237 -40 -5.29 -4.39
45767 -40 -5.29 -4.39
40997 -40 -5.29 -4.39
45144 -40 -5.29 -4.39
50246 -40 -5.29 -4.39
43949 -40 -5.29 -4.39
44943 -40 -5.29 -4.39
43228 -40 -5.29 -4.39
43831 -40 -5.29 -4.39
47405 -40 -5.29 -4.39
47974 -40 -5.29 -4.39
52238 -40 -5.29 -4.39
42202 -40 -5.29 -4.39
48677 -40 -5.29 -4.39
43675 -40 -5.29 -4.39
43791 -40 -5.29 -4.39
47004 -40 -5.29 -4.39
