#rtt sig_str x y
169463 -40 22.21 11.77
177080 -40 22.21 11.77
169812 -40 22.21 11.77
168618 -40 22.21 11.77
168111 -40 22.21 11.77
173683 -40 22.21 11.77
167219 -40 22.21 11.77
169855 -40 22.21 11.77
171144 -40 22.21 11.77
167686 -40 22.21 11.77
173562 -40 22.21 11.77
167316 -40 22.21 11.77
170383 -40 22.21 11.77
168999 -40 22.21 11.77
174133 -40 22.21 11.77
170576 -40 22.21 11.77
175194 -40 22.21 11.77
173035 -40 22.21 11.77
172769 -40 22.21 11.77
172098 -40 22.21 11.77
174487 -40 22.21 11.77
173524 -40 22.21 11.77
169672 -40 22.21 11.77
170642 -40 22.21 11.77
173767 -40 22.21 11.77
170878 -40 22.21 11.77
167542 -40 22.21 11.77
172759 -40 22.21 11.77
171879 -40 22.21 11.77
171378 -40 22.21 11.77
171888 -40 22.21 11.77
169412 -40 22.21 11.77
171193 -40 22.21 11.77
175162 -40 22.21 11.77
170138 -40 22.21 11.77
170410 -40 22.21 11.77
176226 -40 22.21 11.77
166833 -40 22.21 11.77
173192 -40 22.21 11.77
43362 -40 4.94 -4.01
37960 -40 4.94 -4.01
40235 -40 4.94 -4.01
41360 -40 4.94 -4.01
37197 -40 4.94 -4.01
40278 -40 4.94 -4.01
36646 -40 4.94 -4.01
38359 -40 4.94 -4.01
39763 -40 4.94 -4.01
41058 -40 4.94 -4.01
38583 -40 4.94 -4.01
36228 -40 4.94 -4.01
43214 -40 4.94 -4.01
43002 -40 4.94 -4.01
42482 -40 4.94 -4.01
42399 -40 4.94 -4.01
38053 -40 4.94 -4.01
38875 -40 4.94 -4.01
40487 -40 4.94 -4.01
38898 -40 4.94 -4.01
34593 -40 4.94 -4.01
40716 -40 4.94 -4.01
41154 -40 4.94 -4.01
41428 -40 4.94 -4.01
42648 -40 4.94 -4.01
39387 -40 4.94 -4.01
42824 -40 4.94 -4.01
38713 -40 4.94 -4.01
36096 -40 4.94 -4.01
40322 -40 4.94 -4.01
43038 -40 4.94 -4.01
39382 -40 4.94 -4.01
41110 -40 4.94 -4.01
39420 -40 4.94 -4.01
42484 -40 4.94 -4.01
36145 -40 4.94 -4.01
40485 -40 4.94 -4.01
39302 -40 4.94 -4.01
38118 -40 4.94 -4.01
180036 -40 -13.27 -24.07
182120 -40 -13.27 -24.07
178635 -40 -13.27 -24.07
181288 -40 -13.27 -24.07
181953 -40 -13.27 -24.07
181237 -40 -13.27 -24.07
180613 -40 -13.27 -24.07
181197 -40 -13.27 -24.07
181610 -40 -13.27 -24.07
181958 -40 -13.27 -24.07
188911 -40 -13.27 -24.07
182903 -40 -13.27 -24.07
182843 -40 -13.27 -24.07
181113 -40 -13.27 -24.07
183838 -40 -13.27 -24.07
182478 -40 -13.27 -24.07
180747 -40 -13.27 -24.07
185114 -40 -13.27 -24.07
187319 -40 -13.27 -24.07
182912 -40 -13.27 -24.07
180446 -40 -13.27 -24.07
179526 -40 -13.27 -24.07
174463 -40 -13.27 -24.07
181731 -40 -13.27 -24.07
178723 -40 -13.27 -24.07
183589 -40 -13.27 -24.07
183782 -40 -13.27 -24.07
180462 -40 -13.27 -24.07
181691 -40 -13.27 -24.07
175723 -40 -13.27 -24.07
181195 -40 -13.27 -24.07
178770 -40 -13.27 -24.07
177118 -40 -13.27 -24.07
180580 -40 -13.27 -24.07
182647 -40 -13.27 -24.07
185845 -40 -13.27 -24.07
182577 -40 -13.27 -24.07
184702 -40 -13.27 -24.07
182649 -40 -13.27 -24.07
172161 -40 -18.85 -19.15
173301 -40 -18.85 -19.15
171803 -40 -18.85 -19.15
174692 -40 -18.85 -19.15
171903 -40 -18.85 -19.15
176482 -40 -18.85 -19.15
176930 -40 -18.85 -19.15
176651 -40 -18.85 -19.15
173675 -40 -18.85 -19.15
174035 -40 -18.85 -19.15
175374 -40 -18.85 -19.15
169589 -40 -18.85 -19.15
170913 -40 -18.85 -19.15
172700 -40 -18.85 -19.15
173073 -40 -18.85 -19.15
172535 -40 -18.85 -19.15
167546 -40 -18.85 -19.15
170087 -40 -18.85 -19.15
171601 -40 -18.85 -19.15
173420 -40 -18.85 -19.15
176195 -40 -18.85 -19.15
174113 -40 -18.85 -19.15
174699 -40 -18.85 -19.15
176619 -40 -18.85 -19.15
168500 -40 -18.85 -19.15
171562 -40 -18.85 -19.15
174001 -40 -18.85 -19.15
172083 -40 -18.85 -19.15
177877 -40 -18.85 -19.15
171634 -40 -18.85 -19.15
174546 -40 -18.85 -19.15
178397 -40 -18.85 -19.15
176250 -40 -18.85 -19.15
175101 -40 -18.85 -19.15
172108 -40 -18.85 -19.15
171413 -40 -18.85 -19.15
173065 -40 -18.85 -19.15
172759 -40 -18.85 -19.15
176395 -40 -18.85 -19.15
145461 -40 -5.33 -20.97
145685 -40 -5.33 -20.97
148772 -40 -5.33 -20.97
146198 -40 -5.33 -20.97
146079 -40 -5.33 -20.97
146657 -40 -5.33 -20.97
142299 -40 -5.33 -20.97
147768 -40 -5.33 -20.97
145939 -40 -5.33 -20.97
147617 -40 -5.33 -20.97
144405 -40 -5.33 -20.97
148410 -40 -5.33 -20.97
147218 -40 -5.33 -20.97
146288 -40 -5.33 -20.97
147664 -40 -5.33 -20.97
147408 -40 -5.33 -20.97
145697 -40 -5.33 -20.97
150435 -40 -5.33 -20.97
149915 -40 -5.33 -20.97
141169 -40 -5.33 -20.97
146241 -40 -5.33 -20.97
148729 -40 -5.33 -20.97
146225 -40 -5.33 -20.97
147568 -40 -5.33 -20.97
148297 -40 -5.33 -20.97
146918 -40 -5.33 -20.97
140098 -40 -5.33 -20.97
150253 -40 -5.33 -20.97
150297 -40 -5.33 -20.97
144866 -40 -5.33 -20.97
146115 -40 -5.33 -20.97
142548 -40 -5.33 -20.97
144022 -40 -5.33 -20.97
143878 -40 -5.33 -20.97
145564 -40 -5.33 -20.97
142819 -40 -5.33 -20.97
145143 -40 -5.33 -20.97
146759 -40 -5.33 -20.97
144345 -40 -5.33 -20.97
179338 -40 -22.96 -14.45
181012 -40 -22.96 -14.45
172360 -40 -22.96 -14.45
180901 -40 -22.96 -14.45
182230 -40 -22.96 -14.45
182635 -40 -22.96 -14.45
176284 -40 -22.96 -14.45
177689 -40 -22.96 -14.45
181838 -40 -22.96 -14.45
174772 -40 -22.96 -14.45
175349 -40 -22.96 -14.45
177522 -40 -22.96 -14.45
180671 -40 -22.96 -14.45
181774 -40 -22.96 -14.45
183684 -40 -22.96 -14.45
186386 -40 -22.96 -14.45
178633 -40 -22.96 -14.45
183748 -40 -22.96 -14.45
180086 -40 -22.96 -14.45
177337 -40 -22.96 -14.45
179867 -40 -22.96 -14.45
179809 -40 -22.96 -14.45
177018 -40 -22.96 -14.45
181122 -40 -22.96 -14.45
178950 -40 -22.96 -14.45
182289 -40 -22.96 -14.45
175999 -40 -22.96 -14.45
180698 -40 -22.96 -14.45
180950 -40 -22.96 -14.45
177426 -40 -22.96 -14.45
181512 -40 -22.96 -14.45
181569 -40 -22.96 -14.45
175930 -40 -22.96 -14.45
177197 -40 -22.96 -14.45
178372 -40 -22.96 -14.45
183374 -40 -22.96 -14.45
180880 -40 -22.96 -14.45
175718 -40 -22.96 -14.45
176551 -40 -22.96 -14.45
85095 -40 11.1 7.26
80814 -40 11.1 7.26
85921 -40 11.1 7.26
75394 -40 11.1 7.26
78569 -40 11.1 7.26
82497 -40 11.1 7.26
83449 -40 11.1 7.26
71329 -40 11.1 7.26
78964 -40 11.1 7.26
76894 -40 11.1 7.26
77621 -40 11.1 7.26
83598 -40 11.1 7.26
85698 -40 11.1 7.26
85392 -40 11.1 7.26
82242 -40 11.1 7.26
83346 -40 11.1 7.26
78303 -40 11.1 7.26
83352 -40 11.1 7.26
80288 -40 11.1 7.26
80986 -40 11.1 7.26
80337 -40 11.1 7.26
81880 -40 11.1 7.26
79213 -40 11.1 7.26
79941 -40 11.1 7.26
84761 -40 11.1 7.26
82969 -40 11.1 7.26
80694 -40 11.1 7.26
82622 -40 11.1 7.26
82693 -40 11.1 7.26
80999 -40 11.1 7.26
83382 -40 11.1 7.26
80112 -40 11.1 7.26
78861 -40 11.1 7.26
78758 -40 11.1 7.26
86340 -40 11.1 7.26
77559 -40 11.1 7.26
82339 -40 11.1 7.26
82278 -40 11.1 7.26
81211 -40 11.1 7.26
132715 -40 -3.74 -19.49
128159 -40 -3.74 -19.49
131560 -40 -3.74 -19.49
130246 -40 -3.74 -19.49
130439 -40 -3.74 -19.49
132314 -40 -3.74 -19.49
133316 -40 -3.74 -19.49
136180 -40 -3.74 -19.49
129834 -40 -3.74 -19.49
134227 -40 -3.74 -19.49
132475 -40 -3.74 -19.49
133658 -40 -3.74 -19.49
137382 -40 -3.74 -19.49
134358 -40 -3.74 -19.49
131432 -40 -3.74 -19.49
132881 -40 -3.74 -19.49
130482 -40 -3.74 -19.49
131899 -40 -3.74 -19.49
129946 -40 -3.74 -19.49
134135 -40 -3.74 -19.49
130658 -40 -3.74 -19.49
136001 -40 -3.74 -19.49
135814 -40 -3.74 -19.49
133659 -40 -3.74 -19.49
130996 -40 -3.74 -19.49
133857 -40 -3.74 -19.49
135680 -40 -3.74 -19.49
132075 -40 -3.74 -19.49
129871 -40 -3.74 -19.49
134067 -40 -3.74 -19.49
134915 -40 -3.74 -19.49
135789 -40 -3.74 -19.49
130280 -40 -3.74 -19.49
131980 -40 -3.74 -19.49
133354 -40 -3.74 -19.49
135357 -40 -3.74 -19.49
132456 -40 -3.74 -19.49
130610 -40 -3.74 -19.49
131031 -40 -3.74 -19.49
91262 -40 3.37 -13.71
88056 -40 3.37 -13.71
88254 -40 3.37 -13.71
91068 -40 3.37 -13.71
93366 -40 3.37 -13.71
88256 -40 3.37 -13.71
87802 -40 3.37 -13.71
89392 -40 3.37 -13.71
85102 -40 3.37 -13.71
91481 -40 3.37 -13.71
90901 -40 3.37 -13.71
90204 -40 3.37 -13.71
89388 -40 3.37 -13.71
84731 -40 3.37 -13.71
87932 -40 3.37 -13.71
92618 -40 3.37 -13.71
87900 -40 3.37 -13.71
91058 -40 3.37 -13.71
92119 -40 3.37 -13.71
90676 -40 3.37 -13.71
90035 -40 3.37 -13.71
91200 -40 3.37 -13.71
90498 -40 3.37 -13.71
92371 -40 3.37 -13.71
91297 -40 3.37 -13.71
91873 -40 3.37 -13.71
87276 -40 3.37 -13.71
94283 -40 3.37 -13.71
93025 -40 3.37 -13.71
88532 -40 3.37 -13.71
89338 -40 3.37 -13.71
91137 -40 3.37 -13.71
93403 -40 3.37 -13.71
91447 -40 3.37 -13.71
94056 -40 3.37 -13.71
89961 -40 3.37 -13.71
91211 -40 3.37 -13.71
89982 -40 3.37 -13.71
88417 -40 3.37 -13.71
120327 -40 -7.98 15.68
119750 -40 -7.98 15.68
120270 -40 -7.98 15.68
119769 -40 -7.98 15.68
125217 -40 -7.98 15.68
121917 -40 -7.98 15.68
121552 -40 -7.98 15.68
115622 -40 -7.98 15.68
123421 -40 -7.98 15.68
121474 -40 -7.98 15.68
120057 -40 -7.98 15.68
121836 -40 -7.98 15.68
116688 -40 -7.98 15.68
118966 -40 -7.98 15.68
120490 -40 -7.98 15.68
118631 -40 -7.98 15.68
124120 -40 -7.98 15.68
123036 -40 -7.98 15.68
117694 -40 -7.98 15.68
118955 -40 -7.98 15.68
124111 -40 -7.98 15.68
116457 -40 -7.98 15.68
118472 -40 -7.98 15.68
118704 -40 -7.98 15.68
119002 -40 -7.98 15.68
116846 -40 -7.98 15.68
121889 -40 -7.98 15.68
120763 -40 -7.98 15.68
122746 -40 -7.98 15.68
118265 -40 -7.98 15.68
121562 -40 -7.98 15.68
120791 -40 -7.98 15.68
120803 -40 -7.98 15.68
121936 -40 -7.98 15.68
124501 -40 -7.98 15.68
116918 -40 -7.98 15.68
115131 -40 -7.98 15.68
127071 -40 -7.98 15.68
124294 -40 -7.98 15.68
