#rtt sig_str x y
116645 -40 -11.53 12.79
115977 -40 -11.53 12.79
113204 -40 -11.53 12.79
112819 -40 -11.53 12.79
114874 -40 -11.53 12.79
113960 -40 -11.53 12.79
112413 -40 -11.53 12.79
115119 -40 -11.53 12.79
114336 -40 -11.53 12.79
110365 -40 -11.53 12.79
116825 -40 -11.53 12.79
117130 -40 -11.53 12.79
114229 -40 -11.53 12.79
116640 -40 -11.53 12.79
113766 -40 -11.53 12.79
111727 -40 -11.53 12.79
116350 -40 -11.53 12.79
116905 -40 -11.53 12.79
116964 -40 -11.53 12.79
111945 -40 -11.53 12.79
112670 -40 -11.53 12.79
115912 -40 -11.53 12.79
114378 -40 -11.53 12.79
113110 -40 -11.53 12.79
110536 -40 -11.53 12.79
117383 -40 -11.53 12.79
111431 -40 -11.53 12.79
118188 -40 -11.53 12.79
112476 -40 -11.53 12.79
113110 -40 -11.53 12.79
112899 -40 -11.53 12.79
113970 -40 -11.53 12.79
114907 -40 -11.53 12.79
116723 -40 -11.53 12.79
117711 -40 -11.53 12.79
114608 -40 -11.53 12.79
115476 -40 -11.53 12.79
115315 -40 -11.53 12.79
111933 -40 -11.53 12.79
88361 -40 1.16 -12.31
90001 -40 1.16 -12.31
92662 -40 1.16 -12.31
93649 -40 1.16 -12.31
92816 -40 1.16 -12.31
89252 -40 1.16 -12.31
93061 -40 1.16 -12.31
94121 -40 1.16 -12.31
92028 -40 1.16 -12.31
90687 -40 1.16 -12.31
91307 -40 1.16 -12.31
85818 -40 1.16 -12.31
94280 -40 1.16 -12.31
91594 -40 1.16 -12.31
87994 -40 1.16 -12.31
91576 -40 1.16 -12.31
90078 -40 1.16 -12.31
88775 -40 1.16 -12.31
84602 -40 1.16 -12.31
87014 -40 1.16 -12.31
88405 -40 1.16 -12.31
88446 -40 1.16 -12.31
88251 -40 1.16 -12.31
87622 -40 1.16 -12.31
90318 -40 1.16 -12.31
88414 -40 1.16 -12.31
90313 -40 1.16 -12.31
88585 -40 1.16 -12.31
92622 -40 1.16 -12.31
89662 -40 1.16 -12.31
91276 -40 1.16 -12.31
92160 -40 1.16 -12.31
83274 -40 1.16 -12.31
88822 -40 1.16 -12.31
85615 -40 1.16 -12.31
91245 -40 1.16 -12.31
86280 -40 1.16 -12.31
90458 -40 1.16 -12.31
90395 -40 1.16 -12.31
115926 -40 16.1 3.56
116558 -40 16.1 3.56
119766 -40 16.1 3.56
119682 -40 16.1 3.56
122178 -40 16.1 3.56
122163 -40 16.1 3.56
118292 -40 16.1 3.56
115921 -40 16.1 3.56
118904 -40 16.1 3.56
118134 -40 16.1 3.56
115799 -40 16.1 3.56
114997 -40 16.1 3.56
114858 -40 16.1 3.56
113419 -40 16.1 3.56
117242 -40 16.1 3.56
115344 -40 16.1 3.56
116721 -40 16.1 3.56
122232 -40 16.1 3.56
117396 -40 16.1 3.56
124365 -40 16.1 3.56
116708 -40 16.1 3.56
113576 -40 16.1 3.56
116222 -40 16.1 3.56
117787 -40 16.1 3.56
119358 -40 16.1 3.56
116267 -40 16.1 3.56
119570 -40 16.1 3.56
119602 -40 16.1 3.56
118459 -40 16.1 3.56
122094 -40 16.1 3.56
118851 -40 16.1 3.56
124505 -40 16.1 3.56
120754 -40 16.1 3.56
110886 -40 16.1 3.56
122847 -40 16.1 3.56
112120 -40 16.1 3.56
120022 -40 16.1 3.56
118589 -40 16.1 3.56
117379 -40 16.1 3.56
195018 -40 17.36 -24.04
190636 -40 17.36 -24.04
199291 -40 17.36 -24.04
195590 -40 17.36 -24.04
198845 -40 17.36 -24.04
198001 -40 17.36 -24.04
195629 -40 17.36 -24.04
197009 -40 17.36 -24.04
197936 -40 17.36 -24.04
197981 -40 17.36 -24.04
198979 -40 17.36 -24.04
194883 -40 17.36 -24.04
192629 -40 17.36 -24.04
197498 -40 17.36 -24.04
201120 -40 17.36 -24.04
192136 -40 17.36 -24.04
190258 -40 17.36 -24.04
195349 -40 17.36 -24.04
193632 -40 17.36 -24.04
196184 -40 17.36 -24.04
195648 -40 17.36 -24.04
189965 -40 17.36 -24.04
199084 -40 17.36 -24.04
191836 -40 17.36 -24.04
189786 -40 17.36 -24.04
194048 -40 17.36 -24.04
195548 -40 17.36 -24.04
193723 -40 17.36 -24.04
197190 -40 17.36 -24.04
193038 -40 17.36 -24.04
196685 -40 17.36 -24.04
189898 -40 17.36 -24.04
193642 -40 17.36 -24.04
194257 -40 17.36 -24.04
199456 -40 17.36 -24.04
200340 -40 17.36 -24.04
196530 -40 17.36 -24.04
192860 -40 17.36 -24.04
196340 -40 17.36 -24.04
214458 -40 22.24 -23.49
215467 -40 22.24 -23.49
213064 -40 22.24 -23.49
215704 -40 22.24 -23.49
216229 -40 22.24 -23.49
218221 -40 22.24 -23.49
215632 -40 22.24 -23.49
215758 -40 22.24 -23.49
219227 -40 22.24 -23.49
220564 -40 22.24 -23.49
217792 -40 22.24 -23.49
216551 -40 22.24 -23.49
218436 -40 22.24 -23.49
218559 -40 22.24 -23.49
214174 -40 22.24 -23.49
214944 -40 22.24 -23.49
217414 -40 22.24 -23.49
219120 -40 22.24 -23.49
221655 -40 22.24 -23.49
216587 -40 22.24 -23.49
214080 -40 22.24 -23.49
216733 -40 22.24 -23.49
214659 -40 22.24 -23.49
219097 -40 22.24 -23.49
218534 -40 22.24 -23.49
215231 -40 22.24 -23.49
217122 -40 22.24 -23.49
214361 -40 22.24 -23.49
214385 -40 22.24 -23.49
216736 -40 22.24 -23.49
214978 -40 22.24 -23.49
219482 -40 22.24 -23.49
217093 -40 22.24 -23.49
218373 -40 22.24 -23.49
213990 -40 22.24 -23.49
218634 -40 22.24 -23.49
218331 -40 22.24 -23.49
219880 -40 22.24 -23.49
218224 -40 22.24 -23.49
164108 -40 -18.73 -16.44
167574 -40 -18.73 -16.44
164401 -40 -18.73 -16.44
163005 -40 -18.73 -16.44
167381 -40 -18.73 -16.44
167524 -40 -18.73 -16.44
170114 -40 -18.73 -16.44
167661 -40 -18.73 -16.44
161851 -40 -18.73 -16.44
162440 -40 -18.73 -16.44
165052 -40 -18.73 -16.44
167315 -40 -18.73 -16.44
163331 -40 -18.73 -16.44
169465 -40 -18.73 -16.44
164694 -40 -18.73 -16.44
165122 -40 -18.73 -16.44
166243 -40 -18.73 -16.44
164159 -40 -18.73 -16.44
164950 -40 -18.73 -16.44
166897 -40 -18.73 -16.44
167545 -40 -18.73 -16.44
165415 -40 -18.73 -16.44
168648 -40 -18.73 -16.44
166118 -40 -18.73 -16.44
167849 -40 -18.73 -16.44
165005 -40 -18.73 -16.44
170038 -40 -18.73 -16.44
168009 -40 -18.73 -16.44
166035 -40 -18.73 -16.44
167214 -40 -18.73 -16.44
160815 -40 -18.73 -16.44
169286 -40 -18.73 -16.44
165687 -40 -18.73 -16.44
162410 -40 -18.73 -16.44
165503 -40 -18.73 -16.44
165592 -40 -18.73 -16.44
169691 -40 -18.73 -16.44
164266 -40 -18.73 -16.44
164426 -40 -18.73 -16.44
132902 -40 -13.83 15.05
136688 -40 -13.83 15.05
136436 -40 -13.83 15.05
137691 -40 -13.83 15.05
135329 -40 -13.83 15.05
137591 -40 -13.83 15.05
136704 -40 -13.83 15.05
135253 -40 -13.83 15.05
135222 -40 -13.83 15.05
133279 -40 -13.83 15.05
136219 -40 -13.83 15.05
137172 -40 -13.83 15.05
134754 -40 -13.83 15.05
136062 -40 -13.83 15.05
134787 -40 -13.83 15.05
135132 -40 -13.83 15.05
140520 -40 -13.83 15.05
140802 -40 -13.83 15.05
134763 -40 -13.83 15.05
137764 -40 -13.83 15.05
134458 -40 -13.83 15.05
134113 -40 -13.83 15.05
138494 -40 -13.83 15.05
136913 -40 -13.83 15.05
137907 -40 -13.83 15.05
134058 -40 -13.83 15.05
140603 -40 -13.83 15.05
132949 -40 -13.83 15.05
134397 -40 -13.83 15.05
139667 -40 -13.83 15.05
135308 -40 -13.83 15.05
140739 -40 -13.83 15.05
133205 -40 -13.83 15.05
136794 -40 -13.83 15.05
140398 -40 -13.83 15.05
142531 -40 -13.83 15.05
138842 -40 -13.83 15.05
138050 -40 -13.83 15.05
138282 -40 -13.83 15.05
130578 -40 -0.23 18.89
130037 -40 -0.23 18.89
128633 -40 -0.23 18.89
127032 -40 -0.23 18.89
126213 -40 -0.23 18.89
128729 -40 -0.23 18.89
128483 -40 -0.23 18.89
131158 -40 -0.23 18.89
129785 -40 -0.23 18.89
130311 -40 -0.23 18.89
133283 -40 -0.23 18.89
129777 -40 -0.23 18.89
131391 -40 -0.23 18.89
129055 -40 -0.23 18.89
132532 -40 -0.23 18.89
130872 -40 -0.23 18.89
130840 -40 -0.23 18.89
128502 -40 -0.23 18.89
128708 -40 -0.23 18.89
130512 -40 -0.23 18.89
128959 -40 -0.23 18.89
133424 -40 -0.23 18.89
126942 -40 -0.23 18.89
128923 -40 -0.23 18.89
129672 -40 -0.23 18.89
126206 -40 -0.23 18.89
137220 -40 -0.23 18.89
129246 -40 -0.23 18.89
128281 -40 -0.23 18.89
135053 -40 -0.23 18.89
125432 -40 -0.23 18.89
130172 -40 -0.23 18.89
127088 -40 -0.23 18.89
129979 -40 -0.23 18.89
128454 -40 -0.23 18.89
128321 -40 -0.23 18.89
127679 -40 -0.23 18.89
130344 -40 -0.23 18.89
131930 -40 -0.23 18.89
113387 -40 14.35 6.78
111714 -40 14.35 6.78
108229 -40 14.35 6.78
104839 -40 14.35 6.78
113392 -40 14.35 6.78
112327 -40 14.35 6.78
116591 -40 14.35 6.78
111822 -40 14.35 6.78
114338 -40 14.35 6.78
106992 -40 14.35 6.78
112961 -40 14.35 6.78
116126 -40 14.35 6.78
106320 -40 14.35 6.78
115575 -40 14.35 6.78
110270 -40 14.35 6.78
114752 -40 14.35 6.78
116340 -40 14.35 6.78
108838 -40 14.35 6.78
110984 -40 14.35 6.78
113659 -40 14.35 6.78
114042 -40 14.35 6.78
114807 -40 14.35 6.78
109961 -40 14.35 6.78
113054 -40 14.35 6.78
112258 -40 14.35 6.78
112688 -40 14.35 6.78
116299 -40 14.35 6.78
114460 -40 14.35 6.78
111066 -40 14.35 6.78
112644 -40 14.35 6.78
113761 -40 14.35 6.78
110845 -40 14.35 6.78
114503 -40 14.35 6.78
113349 -40 14.35 6.78
110045 -40 14.35 6.78
114741 -40 14.35 6.78
111972 -40 14.35 6.78
109379 -40 14.35 6.78
115304 -40 14.35 6.78
123868 -40 -18.31 -6.77
129809 -40 -18.31 -6.77
127173 -40 -18.31 -6.77
125378 -40 -18.31 -6.77
125645 -40 -18.31 -6.77
129279 -40 -18.31 -6.77
124238 -40 -18.31 -6.77
124247 -40 -18.31 -6.77
127479 -40 -18.31 -6.77
128941 -40 -18.31 -6.77
123839 -40 -18.31 -6.77
125498 -40 -18.31 -6.77
126402 -40 -18.31 -6.77
131695 -40 -18.31 -6.77
126423 -40 -18.31 -6.77
128691 -40 -18.31 -6.77
125241 -40 -18.31 -6.77
129608 -40 -18.31 -6.77
131126 -40 -18.31 -6.77
124387 -40 -18.31 -6.77
123490 -40 -18.31 -6.77
126164 -40 -18.31 -6.77
123581 -40 -18.31 -6.77
124442 -40 -18.31 -6.77
125396 -40 -18.31 -6.77
125162 -40 -18.31 -6.77
129981 -40 -18.31 -6.77
124427 -40 -18.31 -6.77
121994 -40 -18.31 -6.77
131756 -40 -18.31 -6.77
123464 -40 -18.31 -6.77
126261 -40 -18.31 -6.77
126555 -40 -18.31 -6.77
129537 -40 -18.31 -6.77
125856 -40 -18.31 -6.77
129100 -40 -18.31 -6.77
120800 -40 -18.31 -6.77
131946 -40 -18.31 -6.77
126682 -40 -18.31 -6.77
