#rtt sig_str x y
25081 -40 -4.46 -1.15
26230 -40 -4.46 -1.15
28694 -40 -4.46 -1.15
25203 -40 -4.46 -1.15
22294 -40 -4.46 -1.15
25412 -40 -4.46 -1.15
31198 -40 -4.46 -1.15
30482 -40 -4.46 -1.15
25909 -40 -4.46 -1.15
31951 -40 -4.46 -1.15
29127 -40 -4.46 -1.15
23886 -40 -4.46 -1.15
27411 -40 -4.46 -1.15
31221 -40 -4.46 -1.15
22350 -40 -4.46 -1.15
31136 -40 -4.46 -1.15
27713 -40 -4.46 -1.15
27686 -40 -4.46 -1.15
27361 -40 -4.46 -1.15
27691 -40 -4.46 -1.15
27185 -40 -4.46 -1.15
23787 -40 -4.46 -1.15
26576 -40 -4.46 -1.15
26209 -40 -4.46 -1.15
30682 -40 -4.46 -1.15
28647 -40 -4.46 -1.15
28771 -40 -4.46 -1.15
24195 -40 -4.46 -1.15
26727 -40 -4.46 -1.15
25030 -40 -4.46 -1.15
26386 -40 -4.46 -1.15
31944 -40 -4.46 -1.15
29133 -40 -4.46 -1.15
29947 -40 -4.46 -1.15
30853 -40 -4.46 -1.15
26836 -40 -4.46 -1.15
27775 -40 -4.46 -1.15
20084 -40 -4.46 -1.15
29392 -40 -4.46 -1.15
208811 -40 18.88 24.9
207257 -40 18.88 24.9
214180 -40 18.88 24.9
209866 -40 18.88 24.9
212342 -40 18.88 24.9
210738 -40 18.88 24.9
210370 -40 18.88 24.9
210439 -40 18.88 24.9
213835 -40 18.88 24.9
210649 -40 18.88 24.9
208926 -40 18.88 24.9
208176 -40 18.88 24.9
208958 -40 18.88 24.9
209656 -40 18.88 24.9
208772 -40 18.88 24.9
206523 -40 18.88 24.9
207022 -40 18.88 24.9
211424 -40 18.88 24.9
211957 -40 18.88 24.9
210270 -40 18.88 24.9
210430 -40 18.88 24.9
212200 -40 18.88 24.9
212573 -40 18.88 24.9
207362 -40 18.88 24.9
211618 -40 18.88 24.9
211555 -40 18.88 24.9
214142 -40 18.88 24.9
214463 -40 18.88 24.9
211244 -40 18.88 24.9
211197 -40 18.88 24.9
204721 -40 18.88 24.9
214201 -40 18.88 24.9
211295 -40 18.88 24.9
209597 -40 18.88 24.9
210125 -40 18.88 24.9
214467 -40 18.88 24.9
211737 -40 18.88 24.9
210496 -40 18.88 24.9
214513 -40 18.88 24.9
92277 -40 14.13 -1.92
91225 -40 14.13 -1.92
87967 -40 14.13 -1.92
90380 -40 14.13 -1.92
92561 -40 14.13 -1.92
87046 -40 14.13 -1.92
87430 -40 14.13 -1.92
88509 -40 14.13 -1.92
93809 -40 14.13 -1.92
86755 -40 14.13 -1.92
88350 -40 14.13 -1.92
88604 -40 14.13 -1.92
87095 -40 14.13 -1.92
88671 -40 14.13 -1.92
89556 -40 14.13 -1.92
87083 -40 14.13 -1.92
87839 -40 14.13 -1.92
88306 -40 14.13 -1.92
91956 -40 14.13 -1.92
85150 -40 14.13 -1.92
92690 -40 14.13 -1.92
95015 -40 14.13 -1.92
87213 -40 14.13 -1.92
93366 -40 14.13 -1.92
90319 -40 14.13 -1.92
87476 -40 14.13 -1.92
83829 -40 14.13 -1.92
90602 -40 14.13 -1.92
88764 -40 14.13 -1.92
89118 -40 14.13 -1.92
90603 -40 14.13 -1.92
85669 -40 14.13 -1.92
89822 -40 14.13 -1.92
88148 -40 14.13 -1.92
92721 -40 14.13 -1.92
89639 -40 14.13 -1.92
92708 -40 14.13 -1.92
91532 -40 14.13 -1.92
88884 -40 14.13 -1.92
160658 -40 22.08 -6.93
155779 -40 22.08 -6.93
169265 -40 22.08 -6.93
163957 -40 22.08 -6.93
160808 -40 22.08 -6.93
158314 -40 22.08 -6.93
164734 -40 22.08 -6.93
167008 -40 22.08 -6.93
159303 -40 22.08 -6.93
163794 -40 22.08 -6.93
161706 -40 22.08 -6.93
160937 -40 22.08 -6.93
160839 -40 22.08 -6.93
162719 -40 22.08 -6.93
163166 -40 22.08 -6.93
162791 -40 22.08 -6.93
160964 -40 22.08 -6.93
161822 -40 22.08 -6.93
160417 -40 22.08 -6.93
160102 -40 22.08 -6.93
163168 -40 22.08 -6.93
163745 -40 22.08 -6.93
163108 -40 22.08 -6.93
163044 -40 22.08 -6.93
164657 -40 22.08 -6.93
160223 -40 22.08 -6.93
162662 -40 22.08 -6.93
160502 -40 22.08 -6.93
159269 -40 22.08 -6.93
158753 -40 22.08 -6.93
156944 -40 22.08 -6.93
163750 -40 22.08 -6.93
162976 -40 22.08 -6.93
164576 -40 22.08 -6.93
158725 -40 22.08 -6.93
162148 -40 22.08 -6.93
163066 -40 22.08 -6.93
155408 -40 22.08 -6.93
158444 -40 22.08 -6.93
88707 -40 -7 -12.37
93510 -40 -7 -12.37
89223 -40 -7 -12.37
90278 -40 -7 -12.37
91923 -40 -7 -12.37
91860 -40 -7 -12.37
94427 -40 -7 -12.37
94238 -40 -7 -12.37
95847 -40 -7 -12.37
92150 -40 -7 -12.37
92692 -40 -7 -12.37
88826 -40 -7 -12.37
91677 -40 -7 -12.37
95712 -40 -7 -12.37
94479 -40 -7 -12.37
93564 -40 -7 -12.37
90601 -40 -7 -12.37
91637 -40 -7 -12.37
93812 -40 -7 -12.37
92123 -40 -7 -12.37
94150 -40 -7 -12.37
94313 -40 -7 -12.37
89824 -40 -7 -12.37
94866 -40 -7 -12.37
87580 -40 -7 -12.37
94529 -40 -7 -12.37
93564 -40 -7 -12.37
89425 -40 -7 -12.37
93516 -40 -7 -12.37
89781 -40 -7 -12.37
88972 -40 -7 -12.37
92064 -40 -7 -12.37
94914 -40 -7 -12.37
91125 -40 -7 -12.37
94836 -40 -7 -12.37
91872 -40 -7 -12.37
91981 -40 -7 -12.37
91898 -40 -7 -12.37
89998 -40 -7 -12.37
236830 -40 28.77 20.46
236216 -40 28.77 20.46
236392 -40 28.77 20.46
241823 -40 28.77 20.46
243225 -40 28.77 20.46
236557 -40 28.77 20.46
235958 -40 28.77 20.46
239294 -40 28.77 20.46
237623 -40 28.77 20.46
237337 -40 28.77 20.46
236855 -40 28.77 20.46
237683 -40 28.77 20.46
234582 -40 28.77 20.46
235765 -40 28.77 20.46
236302 -40 28.77 20.46
241722 -40 28.77 20.46
238448 -40 28.77 20.46
234172 -40 28.77 20.46
236626 -40 28.77 20.46
237717 -40 28.77 20.46
236339 -40 28.77 20.46
233652 -40 28.77 20.46
234089 -40 28.77 20.46
234143 -40 28.77 20.46
237278 -40 28.77 20.46
234057 -40 28.77 20.46
240537 -40 28.77 20.46
237277 -40 28.77 20.46
241288 -40 28.77 20.46
238775 -40 28.77 20.46
238078 -40 28.77 20.46
232988 -40 28.77 20.46
236562 -40 28.77 20.46
238496 -40 28.77 20.46
236435 -40 28.77 20.46
237877 -40 28.77 20.46
236560 -40 28.77 20.46
238716 -40 28.77 20.46
239622 -40 28.77 20.46
206900 -40 23.6 22.72
209449 -40 23.6 22.72
212538 -40 23.6 22.72
211174 -40 23.6 22.72
212880 -40 23.6 22.72
213165 -40 23.6 22.72
211931 -40 23.6 22.72
212619 -40 23.6 22.72
211981 -40 23.6 22.72
207211 -40 23.6 22.72
211557 -40 23.6 22.72
212251 -40 23.6 22.72
211579 -40 23.6 22.72
211914 -40 23.6 22.72
212810 -40 23.6 22.72
211696 -40 23.6 22.72
208591 -40 23.6 22.72
207233 -40 23.6 22.72
208530 -40 23.6 22.72
209995 -40 23.6 22.72
211699 -40 23.6 22.72
210551 -40 23.6 22.72
209691 -40 23.6 22.72
207696 -40 23.6 22.72
210440 -40 23.6 22.72
207988 -40 23.6 22.72
210586 -40 23.6 22.72
212326 -40 23.6 22.72
209601 -40 23.6 22.72
207242 -40 23.6 22.72
212166 -40 23.6 22.72
211758 -40 23.6 22.72
210277 -40 23.6 22.72
210357 -40 23.6 22.72
206930 -40 23.6 22.72
207579 -40 23.6 22.72
207965 -40 23.6 22.72
208082 -40 23.6 22.72
208320 -40 23.6 22.72
123126 -40 -17.42 6.7
119497 -40 -17.42 6.7
119998 -40 -17.42 6.7
124916 -40 -17.42 6.7
119048 -40 -17.42 6.7
117706 -40 -17.42 6.7
119042 -40 -17.42 6.7
118916 -40 -17.42 6.7
123473 -40 -17.42 6.7
119829 -40 -17.42 6.7
115781 -40 -17.42 6.7
122141 -40 -17.42 6.7
120683 -40 -17.42 6.7
119617 -40 -17.42 6.7
118152 -40 -17.42 6.7
117682 -40 -17.42 6.7
116986 -40 -17.42 6.7
117857 -40 -17.42 6.7
122778 -40 -17.42 6.7
123172 -40 -17.42 6.7
125911 -40 -17.42 6.7
121226 -40 -17.42 6.7
121213 -40 -17.42 6.7
121565 -40 -17.42 6.7
119547 -40 -17.42 6.7
122638 -40 -17.42 6.7
119224 -40 -17.42 6.7
119098 -40 -17.42 6.7
120840 -40 -17.42 6.7
124166 -40 -17.42 6.7
123467 -40 -17.42 6.7
119881 -40 -17.42 6.7
119030 -40 -17.42 6.7
118349 -40 -17.42 6.7
120342 -40 -17.42 6.7
126108 -40 -17.42 6.7
115344 -40 -17.42 6.7
121675 -40 -17.42 6.7
118340 -40 -17.42 6.7
107915 -40 14.51 -5.8
103283 -40 14.51 -5.8
101883 -40 14.51 -5.8
99589 -40 14.51 -5.8
102949 -40 14.51 -5.8
102830 -40 14.51 -5.8
102785 -40 14.51 -5.8
100226 -40 14.51 -5.8
102893 -40 14.51 -5.8
102412 -40 14.51 -5.8
107564 -40 14.51 -5.8
101368 -40 14.51 -5.8
105184 -40 14.51 -5.8
100256 -40 14.51 -5.8
103594 -40 14.51 -5.8
104984 -40 14.51 -5.8
107496 -40 14.51 -5.8
101091 -40 14.51 -5.8
106006 -40 14.51 -5.8
104225 -40 14.51 -5.8
104719 -40 14.51 -5.8
106875 -40 14.51 -5.8
98740 -40 14.51 -5.8
103440 -40 14.51 -5.8
99121 -40 14.51 -5.8
106128 -40 14.51 -5.8
106325 -40 14.51 -5.8
103722 -40 14.51 -5.8
108295 -40 14.51 -5.8
100809 -40 14.51 -5.8
103567 -40 14.51 -5.8
103841 -40 14.51 -5.8
102291 -40 14.51 -5.8
106157 -40 14.51 -5.8
101927 -40 14.51 -5.8
104689 -40 14.51 -5.8
103872 -40 14.51 -5.8
101812 -40 14.51 -5.8
102591 -40 14.51 -5.8
87080 -40 9.79 7.92
88256 -40 9.79 7.92
89984 -40 9.79 7.92
93644 -40 9.79 7.92
85734 -40 9.79 7.92
87089 -40 9.79 7.92
90261 -40 9.79 7.92
88250 -40 9.79 7.92
91065 -40 9.79 7.92
86989 -40 9.79 7.92
86810 -40 9.79 7.92
88074 -40 9.79 7.92
91078 -40 9.79 7.92
87714 -40 9.79 7.92
91138 -40 9.79 7.92
88385 -40 9.79 7.92
87105 -40 9.79 7.92
95369 -40 9.79 7.92
92515 -40 9.79 7.92
90639 -40 9.79 7.92
87588 -40 9.79 7.92
88523 -40 9.79 7.92
89939 -40 9.79 7.92
90065 -40 9.79 7.92
89092 -40 9.79 7.92
91983 -40 9.79 7.92
87589 -40 9.79 7.92
89579 -40 9.79 7.92
93798 -40 9.79 7.92
91288 -40 9.79 7.92
87275 -40 9.79 7.92
85108 -40 9.79 7.92
94900 -40 9.79 7.92
87916 -40 9.79 7.92
85967 -40 9.79 7.92
84239 -40 9.79 7.92
87702 -40 9.79 7.92
92877 -40 9.79 7.92
90376 -40 9.79 7.92
