#rtt sig_str x y
160701 -40 13.74 -19.75
162695 -40 13.74 -19.75
155688 -40 13.74 -19.75
162599 -40 13.74 -19.75
161838 -40 13.74 -19.75
154745 -40 13.74 -19.75
160272 -40 13.74 -19.75
162425 -40 13.74 -19.75
157928 -40 13.74 -19.75
160355 -40 13.74 -19.75
162922 -40 13.74 -19.75
165803 -40 13.74 -19.75
160525 -40 13.74 -19.75
160771 -40 13.74 -19.75
158999 -40 13.74 -19.75
163664 -40 13.74 -19.75
161808 -40 13.74 -19.75
159800 -40 13.74 -19.75
162962 -40 13.74 -19.75
158307 -40 13.74 -19.75
157990 -40 13.74 -19.75
160450 -40 13.74 -19.75
162069 -40 13.74 -19.75
162658 -40 13.74 -19.75
159956 -40 13.74 -19.75
164433 -40 13.74 -19.75
161184 -40 13.74 -19.75
163160 -40 13.74 -19.75
159027 -40 13.74 -19.75
154156 -40 13.74 -19.75
160915 -40 13.74 -19.75
160212 -40 13.74 -19.75
158367 -40 13.74 -19.75
154527 -40 13.74 -19.75
159676 -40 13.74 -19.75
161238 -40 13.74 -19.75
159337 -40 13.74 -19.75
158537 -40 13.74 -19.75
160464 -40 13.74 -19.75
96476 -40 3.68 -12.72
96197 -40 3.68 -12.72
97738 -40 3.68 -12.72
95720 -40 3.68 -12.72
100375 -40 3.68 -12.72
99439 -40 3.68 -12.72
98717 -40 3.68 -12.72
96003 -40 3.68 -12.72
98061 -40 3.68 -12.72
97912 -40 3.68 -12.72
95709 -40 3.68 -12.72
95093 -40 3.68 -12.72
97725 -40 3.68 -12.72
98725 -40 3.68 -12.72
97586 -40 3.68 -12.72
96196 -40 3.68 -12.72
97859 -40 3.68 -12.72
98298 -40 3.68 -12.72
96740 -40 3.68 -12.72
96021 -40 3.68 -12.72
100487 -40 3.68 -12.72
91691 -40 3.68 -12.72
95960 -40 3.68 -12.72
97188 -40 3.68 -12.72
96198 -40 3.68 -12.72
96200 -40 3.68 -12.72
92802 -40 3.68 -12.72
99512 -40 3.68 -12.72
96404 -40 3.68 -12.72
89810 -40 3.68 -12.72
95531 -40 3.68 -12.72
98470 -40 3.68 -12.72
95017 -40 3.68 -12.72
95891 -40 3.68 -12.72
92842 -40 3.68 -12.72
93365 -40 3.68 -12.72
96398 -40 3.68 -12.72
91292 -40 3.68 -12.72
96551 -40 3.68 -12.72
196120 -40 -22.51 -20.15
194622 -40 -22.51 -20.15
194627 -40 -22.51 -20.15
189820 -40 -22.51 -20.15
194025 -40 -22.51 -20.15
193958 -40 -22.51 -20.15
195977 -40 -22.51 -20.15
192642 -40 -22.51 -20.15
193091 -40 -22.51 -20.15
192172 -40 -22.51 -20.15
192904 -40 -22.51 -20.15
195098 -40 -22.51 -20.15
196952 -40 -22.51 -20.15
193701 -40 -22.51 -20.15
193182 -40 -22.51 -20.15
193239 -40 -22.51 -20.15
192293 -40 -22.51 -20.15
196146 -40 -22.51 -20.15
194570 -40 -22.51 -20.15
193575 -40 -22.51 -20.15
190814 -40 -22.51 -20.15
196320 -40 -22.51 -20.15
194445 -40 -22.51 -20.15
186011 -40 -22.51 -20.15
196007 -40 -22.51 -20.15
196754 -40 -22.51 -20.15
191296 -40 -22.51 -20.15
194312 -40 -22.51 -20.15
192954 -40 -22.51 -20.15
193811 -40 -22.51 -20.15
196179 -40 -22.51 -20.15
194725 -40 -22.51 -20.15
189418 -40 -22.51 -20.15
194506 -40 -22.51 -20.15
194044 -40 -22.51 -20.15
199757 -40 -22.51 -20.15
194164 -40 -22.51 -20.15
193858 -40 -22.51 -20.15
192130 -40 -22.51 -20.15
53245 -40 -6.15 -6.18
54505 -40 -6.15 -6.18
49459 -40 -6.15 -6.18
49539 -40 -6.15 -6.18
52735 -40 -6.15 -6.18
48723 -40 -6.15 -6.18
56676 -40 -6.15 -6.18
53465 -40 -6.15 -6.18
49366 -40 -6.15 -6.18
49212 -40 -6.15 -6.18
50548 -40 -6.15 -6.18
48956 -40 -6.15 -6.18
48801 -40 -6.15 -6.18
51790 -40 -6.15 -6.18
50679 -40 -6.15 -6.18
51962 -40 -6.15 -6.18
48547 -40 -6.15 -6.18
46067 -40 -6.15 -6.18
54495 -40 -6.15 -6.18
52851 -40 -6.15 -6.18
51312 -40 -6.15 -6.18
45029 -40 -6.15 -6.18
54599 -40 -6.15 -6.18
53437 -40 -6.15 -6.18
52274 -40 -6.15 -6.18
51402 -40 -6.15 -6.18
50835 -40 -6.15 -6.18
55459 -40 -6.15 -6.18
53638 -40 -6.15 -6.18
54903 -40 -6.15 -6.18
49032 -40 -6.15 -6.18
49314 -40 -6.15 -6.18
57564 -40 -6.15 -6.18
48598 -40 -6.15 -6.18
50491 -40 -6.15 -6.18
52920 -40 -6.15 -6.18
54448 -40 -6.15 -6.18
48854 -40 -6.15 -6.18
52206 -40 -6.15 -6.18
144056 -40 16.88 -11.17
143714 -40 16.88 -11.17
147996 -40 16.88 -11.17
144637 -40 16.88 -11.17
139896 -40 16.88 -11.17
144576 -40 16.88 -11.17
136762 -40 16.88 -11.17
138770 -40 16.88 -11.17
145577 -40 16.88 -11.17
139838 -40 16.88 -11.17
140960 -40 16.88 -11.17
141580 -40 16.88 -11.17
141933 -40 16.88 -11.17
144334 -40 16.88 -11.17
138806 -40 16.88 -11.17
141696 -40 16.88 -11.17
137349 -40 16.88 -11.17
139540 -40 16.88 -11.17
145592 -40 16.88 -11.17
142624 -40 16.88 -11.17
143980 -40 16.88 -11.17
134662 -40 16.88 -11.17
137505 -40 16.88 -11.17
143634 -40 16.88 -11.17
143599 -40 16.88 -11.17
145806 -40 16.88 -11.17
133929 -40 16.88 -11.17
144401 -40 16.88 -11.17
142875 -40 16.88 -11.17
140932 -40 16.88 -11.17
142585 -40 16.88 -11.17
143309 -40 16.88 -11.17
141140 -40 16.88 -11.17
147392 -40 16.88 -11.17
140716 -40 16.88 -11.17
139099 -40 16.88 -11.17
143780 -40 16.88 -11.17
141924 -40 16.88 -11.17
138902 -40 16.88 -11.17
202849 -40 0.66 -28.72
199549 -40 0.66 -28.72
197969 -40 0.66 -28.72
196285 -40 0.66 -28.72
199225 -40 0.66 -28.72
205225 -40 0.66 -28.72
201595 -40 0.66 -28.72
201652 -40 0.66 -28.72
197917 -40 0.66 -28.72
197780 -40 0.66 -28.72
195530 -40 0.66 -28.72
195009 -40 0.66 -28.72
192624 -40 0.66 -28.72
195545 -40 0.66 -28.72
194732 -40 0.66 -28.72
201753 -40 0.66 -28.72
203549 -40 0.66 -28.72
196227 -40 0.66 -28.72
196558 -40 0.66 -28.72
199269 -40 0.66 -28.72
200400 -40 0.66 -28.72
195991 -40 0.66 -28.72
202294 -40 0.66 -28.72
196082 -40 0.66 -28.72
196306 -40 0.66 -28.72
197450 -40 0.66 -28.72
199894 -40 0.66 -28.72
200061 -40 0.66 -28.72
201020 -40 0.66 -28.72
199975 -40 0.66 -28.72
200451 -40 0.66 -28.72
201581 -40 0.66 -28.72
199741 -40 0.66 -28.72
198410 -40 0.66 -28.72
195126 -40 0.66 -28.72
197702 -40 0.66 -28.72
197696 -40 0.66 -28.72
199421 -40 0.66 -28.72
200773 -40 0.66 -28.72
133033 -40 -19.04 -0.76
135352 -40 -19.04 -0.76
129814 -40 -19.04 -0.76
127740 -40 -19.04 -0.76
134630 -40 -19.04 -0.76
130427 -40 -19.04 -0.76
124430 -40 -19.04 -0.76
135458 -40 -19.04 -0.76
130282 -40 -19.04 -0.76
133018 -40 -19.04 -0.76
129022 -40 -19.04 -0.76
132035 -40 -19.04 -0.76
125531 -40 -19.04 -0.76
130680 -40 -19.04 -0.76
133999 -40 -19.04 -0.76
130632 -40 -19.04 -0.76
129170 -40 -19.04 -0.76
130139 -40 -19.04 -0.76
134175 -40 -19.04 -0.76
128280 -40 -19.04 -0.76
128078 -40 -19.04 -0.76
137717 -40 -19.04 -0.76
129293 -40 -19.04 -0.76
134484 -40 -19.04 -0.76
129616 -40 -19.04 -0.76
135051 -40 -19.04 -0.76
134586 -40 -19.04 -0.76
136955 -40 -19.04 -0.76
131557 -40 -19.04 -0.76
123176 -40 -19.04 -0.76
135633 -40 -19.04 -0.76
135774 -40 -19.04 -0.76
133607 -40 -19.04 -0.76
131711 -40 -19.04 -0.76
135240 -40 -19.04 -0.76
130221 -40 -19.04 -0.76
130927 -40 -19.04 -0.76
128967 -40 -19.04 -0.76
134234 -40 -19.04 -0.76
227944 -40 21.21 26.08
224694 -40 21.21 26.08
221607 -40 21.21 26.08
222047 -40 21.21 26.08
229136 -40 21.21 26.08
225385 -40 21.21 26.08
221249 -40 21.21 26.08
223035 -40 21.21 26.08
221823 -40 21.21 26.08
222595 -40 21.21 26.08
222594 -40 21.21 26.08
223460 -40 21.21 26.08
226020 -40 21.21 26.08
226023 -40 21.21 26.08
228031 -40 21.21 26.08
222919 -40 21.21 26.08
223110 -40 21.21 26.08
225103 -40 21.21 26.08
224101 -40 21.21 26.08
222510 -40 21.21 26.08
225575 -40 21.21 26.08
225244 -40 21.21 26.08
228292 -40 21.21 26.08
224622 -40 21.21 26.08
226971 -40 21.21 26.08
222359 -40 21.21 26.08
223770 -40 21.21 26.08
229090 -40 21.21 26.08
220502 -40 21.21 26.08
222730 -40 21.21 26.08
224765 -40 21.21 26.08
224312 -40 21.21 26.08
219720 -40 21.21 26.08
222205 -40 21.21 26.08
223436 -40 21.21 26.08
225291 -40 21.21 26.08
223407 -40 21.21 26.08
224367 -40 21.21 26.08
221896 -40 21.21 26.08
222788 -40 27.33 19.47
225273 -40 27.33 19.47
227145 -40 27.33 19.47
226499 -40 27.33 19.47
226234 -40 27.33 19.47
224747 -40 27.33 19.47
226187 -40 27.33 19.47
228092 -40 27.33 19.47
226876 -40 27.33 19.47
227727 -40 27.33 19.47
227179 -40 27.33 19.47
227727 -40 27.33 19.47
224967 -40 27.33 19.47
227894 -40 27.33 19.47
231072 -40 27.33 19.47
221351 -40 27.33 19.47
222820 -40 27.33 19.47
225130 -40 27.33 19.47
227170 -40 27.33 19.47
226903 -40 27.33 19.47
223993 -40 27.33 19.47
222795 -40 27.33 19.47
222958 -40 27.33 19.47
223420 -40 27.33 19.47
226259 -40 27.33 19.47
225169 -40 27.33 19.47
222738 -40 27.33 19.47
226850 -40 27.33 19.47
226542 -40 27.33 19.47
224101 -40 27.33 19.47
222172 -40 27.33 19.47
224415 -40 27.33 19.47
230903 -40 27.33 19.47
227051 -40 27.33 19.47
226954 -40 27.33 19.47
225688 -40 27.33 19.47
226594 -40 27.33 19.47
224513 -40 27.33 19.47
224695 -40 27.33 19.47
211653 -40 29.06 4.55
207529 -40 29.06 4.55
206260 -40 29.06 4.55
208229 -40 29.06 4.55
207603 -40 29.06 4.55
207989 -40 29.06 4.55
208680 -40 29.06 4.55
203392 -40 29.06 4.55
206882 -40 29.06 4.55
212351 -40 29.06 4.55
213113 -40 29.06 4.55
209538 -40 29.06 4.55
210725 -40 29.06 4.55
208656 -40 29.06 4.55
207243 -40 29.06 4.55
204980 -40 29.06 4.55
208092 -40 29.06 4.55
210278 -40 29.06 4.55
211217 -40 29.06 4.55
211113 -40 29.06 4.55
207967 -40 29.06 4.55
208065 -40 29.06 4.55
212590 -40 29.06 4.55
205555 -40 29.06 4.55
205425 -40 29.06 4.55
211259 -40 29.06 4.55
209741 -40 29.06 4.55
204405 -40 29.06 4.55
210346 -40 29.06 4.55
202250 -40 29.06 4.55
207705 -40 29.06 4.55
208288 -40 29.06 4.55
206574 -40 29.06 4.55
205770 -40 29.06 4.55
208290 -40 29.06 4.55
210981 -40 29.06 4.55
209619 -40 29.06 4.55
204333 -40 29.06 4.55
206473 -40 29.06 4.55
