#rtt sig_str x y
184681 -40 21.83 18.03
191928 -40 21.83 18.03
187508 -40 21.83 18.03
183941 -40 21.83 18.03
188300 -40 21.83 18.03
187480 -40 21.83 18.03
189038 -40 21.83 18.03
184807 -40 21.83 18.03
183708 -40 21.83 18.03
185340 -40 21.83 18.03
184906 -40 21.83 18.03
186556 -40 21.83 18.03
186904 -40 21.83 18.03
184821 -40 21.83 18.03
187566 -40 21.83 18.03
183143 -40 21.83 18.03
189655 -40 21.83 18.03
189635 -40 21.83 18.03
184375 -40 21.83 18.03
187740 -40 21.83 18.03
188188 -40 21.83 18.03
189792 -40 21.83 18.03
185058 -40 21.83 18.03
188239 -40 21.83 18.03
187407 -40 21.83 18.03
185818 -40 21.83 18.03
185904 -40 21.83 18.03
184971 -40 21.83 18.03
187772 -40 21.83 18.03
184702 -40 21.83 18.03
186906 -40 21.83 18.03
187003 -40 21.83 18.03
186179 -40 21.83 18.03
185790 -40 21.83 18.03
184330 -40 21.83 18.03
184281 -40 21.83 18.03
187206 -40 21.83 18.03
184870 -40 21.83 18.03
182430 -40 21.83 18.03
100344 -40 -12.91 -9.21
105223 -40 -12.91 -9.21
100377 -40 -12.91 -9.21
100094 -40 -12.91 -9.21
104062 -40 -12.91 -9.21
101949 -40 -12.91 -9.21
104492 -40 -12.91 -9.21
100452 -40 -12.91 -9.21
104517 -40 -12.91 -9.21
102893 -40 -12.91 -9.21
98755 -40 -12.91 -9.21
98265 -40 -12.91 -9.21
103938 -40 -12.91 -9.21
103282 -40 -12.91 -9.21
103461 -40 -12.91 -9.21
104942 -40 -12.91 -9.21
102655 -40 -12.91 -9.21
100707 -40 -12.91 -9.21
101908 -40 -12.91 -9.21
99396 -40 -12.91 -9.21
101284 -40 -12.91 -9.21
106322 -40 -12.91 -9.21
107649 -40 -12.91 -9.21
103713 -40 -12.91 -9.21
99138 -40 -12.91 -9.21
100566 -40 -12.91 -9.21
102050 -40 -12.91 -9.21
104453 -40 -12.91 -9.21
104230 -40 -12.91 -9.21
97631 -40 -12.91 -9.21
103451 -40 -12.91 -9.21
98902 -40 -12.91 -9.21
99696 -40 -12.91 -9.21
103886 -40 -12.91 -9.21
97940 -40 -12.91 -9.21
97834 -40 -12.91 -9.21
104128 -40 -12.91 -9.21
100640 -40 -12.91 -9.21
100958 -40 -12.91 -9.21
247463 -40 -25.61 28.21
252405 -40 -25.61 28.21
246685 -40 -25.61 28.21
249164 -40 -25.61 28.21
248520 -40 -25.61 28.21
247477 -40 -25.61 28.21
251531 -40 -25.61 28.21
251600 -40 -25.61 28.21
254066 -40 -25.61 28.21
252120 -40 -25.61 28.21
249877 -40 -25.61 28.21
254113 -40 -25.61 28.21
246767 -40 -25.61 28.21
249024 -40 -25.61 28.21
247792 -40 -25.61 28.21
252106 -40 -25.61 28.21
249636 -40 -25.61 28.21
246084 -40 -25.61 28.21
252513 -40 -25.61 28.21
254376 -40 -25.61 28.21
247253 -40 -25.61 28.21
254089 -40 -25.61 28.21
249934 -40 -25.61 28.21
251737 -40 -25.61 28.21
248087 -40 -25.61 28.21
249526 -40 -25.61 28.21
250729 -40 -25.61 28.21
252148 -40 -25.61 28.21
249148 -40 -25.61 28.21
248109 -40 -25.61 28.21
247974 -40 -25.61 28.21
250488 -40 -25.61 28.21
245963 -40 -25.61 28.21
253405 -40 -25.61 28.21
247221 -40 -25.61 28.21
253141 -40 -25.61 28.21
248501 -40 -25.61 28.21
251003 -40 -25.61 28.21
252025 -40 -25.61 28.21
102683 -40 15.8 -0.58
99042 -40 15.8 -0.58
99181 -40 15.8 -0.58
99943 -40 15.8 -0.58
98536 -40 15.8 -0.58
107138 -40 15.8 -0.58
104897 -40 15.8 -0.58
98244 -40 15.8 -0.58
100670 -40 15.8 -0.58
102130 -40 15.8 -0.58
101794 -40 15.8 -0.58
101498 -40 15.8 -0.58
99948 -40 15.8 -0.58
101844 -40 15.8 -0.58
102747 -40 15.8 -0.58
101650 -40 15.8 -0.58
106461 -40 15.8 -0.58
101937 -40 15.8 -0.58
103300 -40 15.8 -0.58
101811 -40 15.8 -0.58
97994 -40 15.8 -0.58
96260 -40 15.8 -0.58
96984 -40 15.8 -0.58
101420 -40 15.8 -0.58
104702 -40 15.8 -0.58
97703 -40 15.8 -0.58
98748 -40 15.8 -0.58
100247 -40 15.8 -0.58
94232 -40 15.8 -0.58
98053 -40 15.8 -0.58
102642 -40 15.8 -0.58
104741 -40 15.8 -0.58
104774 -40 15.8 -0.58
99614 -40 15.8 -0.58
98746 -40 15.8 -0.58
102850 -40 15.8 -0.58
99336 -40 15.8 -0.58
103829 -40 15.8 -0.58
102278 -40 15.8 -0.58
63696 -40 -2.84 -10
60783 -40 -2.84 -10
63614 -40 -2.84 -10
59899 -40 -2.84 -10
62553 -40 -2.84 -10
56527 -40 -2.84 -10
55915 -40 -2.84 -10
60029 -40 -2.84 -10
61528 -40 -2.84 -10
58166 -40 -2.84 -10
57877 -40 -2.84 -10
63953 -40 -2.84 -10
61748 -40 -2.84 -10
57258 -40 -2.84 -10
61601 -40 -2.84 -10
63267 -40 -2.84 -10
61506 -40 -2.84 -10
57550 -40 -2.84 -10
61328 -40 -2.84 -10
58174 -40 -2.84 -10
58080 -40 -2.84 -10
59359 -40 -2.84 -10
63533 -40 -2.84 -10
62281 -40 -2.84 -10
59879 -40 -2.84 -10
61791 -40 -2.84 -10
63327 -40 -2.84 -10
60972 -40 -2.84 -10
64378 -40 -2.84 -10
58941 -40 -2.84 -10
61719 -40 -2.84 -10
60033 -40 -2.84 -10
63882 -40 -2.84 -10
60307 -40 -2.84 -10
61854 -40 -2.84 -10
55834 -40 -2.84 -10
59316 -40 -2.84 -10
62111 -40 -2.84 -10
54020 -40 -2.84 -10
73349 -40 2.54 -10.14
71135 -40 2.54 -10.14
72742 -40 2.54 -10.14
70107 -40 2.54 -10.14
72730 -40 2.54 -10.14
71766 -40 2.54 -10.14
68991 -40 2.54 -10.14
72456 -40 2.54 -10.14
68208 -40 2.54 -10.14
72754 -40 2.54 -10.14
72161 -40 2.54 -10.14
70587 -40 2.54 -10.14
73197 -40 2.54 -10.14
70681 -40 2.54 -10.14
67662 -40 2.54 -10.14
66220 -40 2.54 -10.14
67913 -40 2.54 -10.14
66300 -40 2.54 -10.14
69009 -40 2.54 -10.14
64411 -40 2.54 -10.14
71941 -40 2.54 -10.14
70028 -40 2.54 -10.14
69498 -40 2.54 -10.14
68588 -40 2.54 -10.14
65839 -40 2.54 -10.14
74086 -40 2.54 -10.14
70950 -40 2.54 -10.14
71592 -40 2.54 -10.14
70340 -40 2.54 -10.14
74834 -40 2.54 -10.14
68479 -40 2.54 -10.14
70454 -40 2.54 -10.14
69638 -40 2.54 -10.14
70540 -40 2.54 -10.14
70464 -40 2.54 -10.14
69838 -40 2.54 -10.14
65086 -40 2.54 -10.14
71477 -40 2.54 -10.14
72738 -40 2.54 -10.14
161716 -40 13.6 21.28
165651 -40 13.6 21.28
159744 -40 13.6 21.28
166748 -40 13.6 21.28
163728 -40 13.6 21.28
165121 -40 13.6 21.28
163991 -40 13.6 21.28
162752 -40 13.6 21.28
164889 -40 13.6 21.28
166163 -40 13.6 21.28
163013 -40 13.6 21.28
162492 -40 13.6 21.28
162481 -40 13.6 21.28
166115 -40 13.6 21.28
164506 -40 13.6 21.28
162535 -40 13.6 21.28
162475 -40 13.6 21.28
167512 -40 13.6 21.28
165755 -40 13.6 21.28
164202 -40 13.6 21.28
162474 -40 13.6 21.28
163883 -40 13.6 21.28
163544 -40 13.6 21.28
165913 -40 13.6 21.28
166688 -40 13.6 21.28
165349 -40 13.6 21.28
165591 -40 13.6 21.28
162221 -40 13.6 21.28
162332 -40 13.6 21.28
164683 -40 13.6 21.28
164180 -40 13.6 21.28
161513 -40 13.6 21.28
161947 -40 13.6 21.28
164827 -40 13.6 21.28
161681 -40 13.6 21.28
168586 -40 13.6 21.28
164343 -40 13.6 21.28
159942 -40 13.6 21.28
163200 -40 13.6 21.28
189576 -40 20.94 19.9
196426 -40 20.94 19.9
188976 -40 20.94 19.9
190807 -40 20.94 19.9
189410 -40 20.94 19.9
185738 -40 20.94 19.9
187925 -40 20.94 19.9
187340 -40 20.94 19.9
186014 -40 20.94 19.9
192142 -40 20.94 19.9
193558 -40 20.94 19.9
192126 -40 20.94 19.9
187677 -40 20.94 19.9
187265 -40 20.94 19.9
188230 -40 20.94 19.9
193713 -40 20.94 19.9
190671 -40 20.94 19.9
193020 -40 20.94 19.9
193022 -40 20.94 19.9
186719 -40 20.94 19.9
189843 -40 20.94 19.9
185688 -40 20.94 19.9
193637 -40 20.94 19.9
186839 -40 20.94 19.9
190339 -40 20.94 19.9
190003 -40 20.94 19.9
188526 -40 20.94 19.9
191226 -40 20.94 19.9
188555 -40 20.94 19.9
189201 -40 20.94 19.9
189100 -40 20.94 19.9
189850 -40 20.94 19.9
190529 -40 20.94 19.9
190060 -40 20.94 19.9
188642 -40 20.94 19.9
182046 -40 20.94 19.9
187503 -40 20.94 19.9
190345 -40 20.94 19.9
193675 -40 20.94 19.9
126091 -40 16.09 10.27
121000 -40 16.09 10.27
124326 -40 16.09 10.27
123628 -40 16.09 10.27
124601 -40 16.09 10.27
126105 -40 16.09 10.27
122920 -40 16.09 10.27
120584 -40 16.09 10.27
125654 -40 16.09 10.27
118169 -40 16.09 10.27
124125 -40 16.09 10.27
120857 -40 16.09 10.27
118010 -40 16.09 10.27
123082 -40 16.09 10.27
123248 -40 16.09 10.27
126645 -40 16.09 10.27
123253 -40 16.09 10.27
126316 -40 16.09 10.27
122004 -40 16.09 10.27
119980 -40 16.09 10.27
125214 -40 16.09 10.27
126735 -40 16.09 10.27
121515 -40 16.09 10.27
122690 -40 16.09 10.27
122930 -40 16.09 10.27
124103 -40 16.09 10.27
119078 -40 16.09 10.27
122584 -40 16.09 10.27
126219 -40 16.09 10.27
121588 -40 16.09 10.27
122574 -40 16.09 10.27
126460 -40 16.09 10.27
118931 -40 16.09 10.27
120852 -40 16.09 10.27
123598 -40 16.09 10.27
125026 -40 16.09 10.27
123050 -40 16.09 10.27
123004 -40 16.09 10.27
126215 -40 16.09 10.27
183614 -40 -15.48 -22.17
184346 -40 -15.48 -22.17
186629 -40 -15.48 -22.17
186614 -40 -15.48 -22.17
187217 -40 -15.48 -22.17
191993 -40 -15.48 -22.17
189783 -40 -15.48 -22.17
190042 -40 -15.48 -22.17
188545 -40 -15.48 -22.17
186491 -40 -15.48 -22.17
183545 -40 -15.48 -22.17
180264 -40 -15.48 -22.17
182609 -40 -15.48 -22.17
188687 -40 -15.48 -22.17
188880 -40 -15.48 -22.17
186811 -40 -15.48 -22.17
183007 -40 -15.48 -22.17
190873 -40 -15.48 -22.17
184703 -40 -15.48 -22.17
185883 -40 -15.48 -22.17
187317 -40 -15.48 -22.17
185338 -40 -15.48 -22.17
187427 -40 -15.48 -22.17
185387 -40 -15.48 -22.17
188185 -40 -15.48 -22.17
186103 -40 -15.48 -22.17
185194 -40 -15.48 -22.17
187841 -40 -15.48 -22.17
183566 -40 -15.48 -22.17
189600 -40 -15.48 -22.17
187580 -40 -15.48 -22.17
190762 -40 -15.48 -22.17
185198 -40 -15.48 -22.17
185609 -40 -15.48 -22.17
185044 -40 -15.48 -22.17
195434 -40 -15.48 -22.17
186219 -40 -15.48 -22.17
188283 -40 -15.48 -22.17
187780 -40 -15.48 -22.17
