#rtt sig_str x y
172417 -40 8.65 25.02
168758 -40 8.65 25.02
172278 -40 8.65 25.02
169229 -40 8.65 25.02
176833 -40 8.65 25.02
171157 -40 8.65 25.02
172978 -40 8.65 25.02
171790 -40 8.65 25.02
168755 -40 8.65 25.02
174826 -40 8.65 25.02
172147 -40 8.65 25.02
167334 -40 8.65 25.02
172845 -40 8.65 25.02
176349 -40 8.65 25.02
174960 -40 8.65 25.02
174649 -40 8.65 25.02
177449 -40 8.65 25.02
172292 -40 8.65 25.02
178788 -40 8.65 25.02
174181 -40 8.65 25.02
175080 -40 8.65 25.02
172479 -40 8.65 25.02
174096 -40 8.65 25.02
173191 -40 8.65 25.02
168746 -40 8.65 25.02
170474 -40 8.65 25.02
176513 -40 8.65 25.02
173609 -40 8.65 25.02
173254 -40 8.65 25.02
174502 -40 8.65 25.02
170739 -40 8.65 25.02
170793 -40 8.65 25.02
177167 -40 8.65 25.02
170754 -40 8.65 25.02
174766 -40 8.65 25.02
177975 -40 8.65 25.02
171920 -40 8.65 25.02
177140 -40 8.65 25.02
176330 -40 8.65 25.02
121536 -40 -7.16 -16.91
120482 -40 -7.16 -16.91
123026 -40 -7.16 -16.91
124882 -40 -7.16 -16.91
116185 -40 -7.16 -16.91
118061 -40 -7.16 -16.91
117733 -40 -7.16 -16.91
123494 -40 -7.16 -16.91
123045 -40 -7.16 -16.91
120240 -40 -7.16 -16.91
125927 -40 -7.16 -16.91
123656 -40 -7.16 -16.91
124924 -40 -7.16 -16.91
120936 -40 -7.16 -16.91
121124 -40 -7.16 -16.91
120794 -40 -7.16 -16.91
122302 -40 -7.16 -16.91
120506 -40 -7.16 -16.91
119806 -40 -7.16 -16.91
123845 -40 -7.16 -16.91
121959 -40 -7.16 -16.91
126400 -40 -7.16 -16.91
124746 -40 -7.16 -16.91
120577 -40 -7.16 -16.91
122162 -40 -7.16 -16.91
120547 -40 -7.16 -16.91
122155 -40 -7.16 -16.91
122285 -40 -7.16 -16.91
118166 -40 -7.16 -16.91
120133 -40 -7.16 -16.91
119967 -40 -7.16 -16.91
123135 -40 -7.16 -16.91
122131 -40 -7.16 -16.91
121337 -40 -7.16 -16.91
119223 -40 -7.16 -16.91
122543 -40 -7.16 -16.91
122355 -40 -7.16 -16.91
118334 -40 -7.16 -16.91
121419 -40 -7.16 -16.91
68952 -40 9.78 -5.44
71394 -40 9.78 -5.44
68449 -40 9.78 -5.44
66128 -40 9.78 -5.44
66821 -40 9.78 -5.44
72201 -40 9.78 -5.44
67243 -40 9.78 -5.44
73672 -40 9.78 -5.44
69373 -40 9.78 -5.44
72521 -40 9.78 -5.44
72081 -40 9.78 -5.44
68041 -40 9.78 -5.44
69910 -40 9.78 -5.44
70181 -40 9.78 -5.44
69580 -40 9.78 -5.44
65047 -40 9.78 -5.44
68797 -40 9.78 -5.44
73290 -40 9.78 -5.44
64947 -40 9.78 -5.44
69162 -40 9.78 -5.44
70961 -40 9.78 -5.44
71472 -40 9.78 -5.44
71190 -40 9.78 -5.44
65376 -40 9.78 -5.44
70676 -40 9.78 -5.44
73000 -40 9.78 -5.44
66065 -40 9.78 -5.44
71228 -40 9.78 -5.44
68547 -40 9.78 -5.44
70537 -40 9.78 -5.44
67895 -40 9.78 -5.44
72021 -40 9.78 -5.44
72595 -40 9.78 -5.44
70149 -40 9.78 -5.44
69000 -40 9.78 -5.44
72590 -40 9.78 -5.44
67400 -40 9.78 -5.44
75277 -40 9.78 -5.44
65831 -40 9.78 -5.44
151117 -40 -20.18 8.59
149534 -40 -20.18 8.59
146148 -40 -20.18 8.59
151882 -40 -20.18 8.59
155331 -40 -20.18 8.59
150197 -40 -20.18 8.59
151194 -40 -20.18 8.59
146924 -40 -20.18 8.59
151409 -40 -20.18 8.59
151283 -40 -20.18 8.59
149015 -40 -20.18 8.59
148709 -40 -20.18 8.59
151433 -40 -20.18 8.59
148150 -40 -20.18 8.59
154132 -40 -20.18 8.59
153510 -40 -20.18 8.59
148436 -40 -20.18 8.59
149163 -40 -20.18 8.59
151392 -40 -20.18 8.59
147228 -40 -20.18 8.59
150739 -40 -20.18 8.59
149658 -40 -20.18 8.59
148625 -40 -20.18 8.59
152410 -40 -20.18 8.59
154022 -40 -20.18 8.59
152573 -40 -20.18 8.59
148201 -40 -20.18 8.59
148549 -40 -20.18 8.59
151404 -40 -20.18 8.59
150216 -40 -20.18 8.59
149281 -40 -20.18 8.59
149474 -40 -20.18 8.59
151174 -40 -20.18 8.59
151156 -40 -20.18 8.59
153136 -40 -20.18 8.59
152076 -40 -20.18 8.59
152181 -40 -20.18 8.59
150512 -40 -20.18 8.59
148863 -40 -20.18 8.59
210198 -40 27.76 12.39
206166 -40 27.76 12.39
207350 -40 27.76 12.39
206615 -40 27.76 12.39
209996 -40 27.76 12.39
210322 -40 27.76 12.39
208219 -40 27.76 12.39
207955 -40 27.76 12.39
207282 -40 27.76 12.39
209047 -40 27.76 12.39
210040 -40 27.76 12.39
205180 -40 27.76 12.39
204285 -40 27.76 12.39
210415 -40 27.76 12.39
209072 -40 27.76 12.39
209744 -40 27.76 12.39
208894 -40 27.76 12.39
209595 -40 27.76 12.39
207441 -40 27.76 12.39
208427 -40 27.76 12.39
209471 -40 27.76 12.39
208070 -40 27.76 12.39
202623 -40 27.76 12.39
210038 -40 27.76 12.39
209134 -40 27.76 12.39
209174 -40 27.76 12.39
204732 -40 27.76 12.39
205751 -40 27.76 12.39
207033 -40 27.76 12.39
209578 -40 27.76 12.39
208069 -40 27.76 12.39
205507 -40 27.76 12.39
202493 -40 27.76 12.39
208321 -40 27.76 12.39
209963 -40 27.76 12.39
208840 -40 27.76 12.39
209198 -40 27.76 12.39
208079 -40 27.76 12.39
204755 -40 27.76 12.39
83909 -40 -9.2 6.01
82634 -40 -9.2 6.01
83944 -40 -9.2 6.01
83153 -40 -9.2 6.01
84237 -40 -9.2 6.01
76948 -40 -9.2 6.01
78738 -40 -9.2 6.01
79229 -40 -9.2 6.01
83616 -40 -9.2 6.01
80344 -40 -9.2 6.01
78211 -40 -9.2 6.01
82388 -40 -9.2 6.01
79786 -40 -9.2 6.01
78351 -40 -9.2 6.01
82604 -40 -9.2 6.01
79981 -40 -9.2 6.01
80640 -40 -9.2 6.01
83793 -40 -9.2 6.01
82677 -40 -9.2 6.01
79245 -40 -9.2 6.01
82238 -40 -9.2 6.01
77084 -40 -9.2 6.01
79757 -40 -9.2 6.01
77305 -40 -9.2 6.01
78016 -40 -9.2 6.01
84174 -40 -9.2 6.01
81792 -40 -9.2 6.01
79946 -40 -9.2 6.01
80358 -40 -9.2 6.01
81081 -40 -9.2 6.01
77986 -40 -9.2 6.01
87326 -40 -9.2 6.01
80058 -40 -9.2 6.01
80616 -40 -9.2 6.01
80815 -40 -9.2 6.01
78390 -40 -9.2 6.01
82495 -40 -9.2 6.01
81823 -40 -9.2 6.01
83294 -40 -9.2 6.01
262664 -40 29.51 25.65
257456 -40 29.51 25.65
265458 -40 29.51 25.65
259614 -40 29.51 25.65
258654 -40 29.51 25.65
265171 -40 29.51 25.65
258556 -40 29.51 25.65
260035 -40 29.51 25.65
265210 -40 29.51 25.65
263290 -40 29.51 25.65
262831 -40 29.51 25.65
264499 -40 29.51 25.65
262429 -40 29.51 25.65
262646 -40 29.51 25.65
262048 -40 29.51 25.65
261664 -40 29.51 25.65
263374 -40 29.51 25.65
266402 -40 29.51 25.65
262090 -40 29.51 25.65
262576 -40 29.51 25.65
263327 -40 29.51 25.65
260999 -40 29.51 25.65
259279 -40 29.51 25.65
262402 -40 29.51 25.65
260610 -40 29.51 25.65
263663 -40 29.51 25.65
257410 -40 29.51 25.65
263141 -40 29.51 25.65
259181 -40 29.51 25.65
262337 -40 29.51 25.65
259009 -40 29.51 25.65
260092 -40 29.51 25.65
264151 -40 29.51 25.65
259680 -40 29.51 25.65
256123 -40 29.51 25.65
257872 -40 29.51 25.65
261103 -40 29.51 25.65
262054 -40 29.51 25.65
260601 -40 29.51 25.65
141852 -40 -15.9 11.8
141218 -40 -15.9 11.8
138857 -40 -15.9 11.8
136687 -40 -15.9 11.8
131723 -40 -15.9 11.8
140709 -40 -15.9 11.8
134278 -40 -15.9 11.8
135355 -40 -15.9 11.8
138691 -40 -15.9 11.8
139125 -40 -15.9 11.8
136050 -40 -15.9 11.8
140731 -40 -15.9 11.8
138584 -40 -15.9 11.8
136231 -40 -15.9 11.8
138791 -40 -15.9 11.8
139068 -40 -15.9 11.8
139928 -40 -15.9 11.8
138234 -40 -15.9 11.8
138712 -40 -15.9 11.8
137458 -40 -15.9 11.8
144920 -40 -15.9 11.8
143969 -40 -15.9 11.8
137045 -40 -15.9 11.8
140089 -40 -15.9 11.8
138519 -40 -15.9 11.8
140478 -40 -15.9 11.8
137720 -40 -15.9 11.8
140918 -40 -15.9 11.8
139151 -40 -15.9 11.8
134735 -40 -15.9 11.8
139633 -40 -15.9 11.8
139265 -40 -15.9 11.8
139292 -40 -15.9 11.8
139203 -40 -15.9 11.8
137070 -40 -15.9 11.8
138390 -40 -15.9 11.8
135914 -40 -15.9 11.8
134928 -40 -15.9 11.8
131665 -40 -15.9 11.8
204564 -40 5.14 -28.59
203005 -40 5.14 -28.59
201594 -40 5.14 -28.59
201185 -40 5.14 -28.59
202419 -40 5.14 -28.59
206006 -40 5.14 -28.59
201910 -40 5.14 -28.59
204424 -40 5.14 -28.59
206993 -40 5.14 -28.59
201809 -40 5.14 -28.59
205680 -40 5.14 -28.59
203876 -40 5.14 -28.59
205640 -40 5.14 -28.59
202261 -40 5.14 -28.59
205548 -40 5.14 -28.59
202783 -40 5.14 -28.59
201197 -40 5.14 -28.59
200208 -40 5.14 -28.59
202294 -40 5.14 -28.59
199030 -40 5.14 -28.59
200614 -40 5.14 -28.59
203237 -40 5.14 -28.59
200320 -40 5.14 -28.59
200255 -40 5.14 -28.59
202290 -40 5.14 -28.59
201131 -40 5.14 -28.59
203547 -40 5.14 -28.59
206839 -40 5.14 -28.59
204868 -40 5.14 -28.59
201835 -40 5.14 -28.59
202817 -40 5.14 -28.59
203755 -40 5.14 -28.59
200850 -40 5.14 -28.59
202134 -40 5.14 -28.59
200143 -40 5.14 -28.59
204157 -40 5.14 -28.59
205533 -40 5.14 -28.59
201612 -40 5.14 -28.59
205631 -40 5.14 -28.59
54652 -40 -5.6 -3.59
44076 -40 -5.6 -3.59
49959 -40 -5.6 -3.59
46472 -40 -5.6 -3.59
48976 -40 -5.6 -3.59
49149 -40 -5.6 -3.59
51357 -40 -5.6 -3.59
48180 -40 -5.6 -3.59
46422 -40 -5.6 -3.59
49301 -40 -5.6 -3.59
52992 -40 -5.6 -3.59
51637 -40 -5.6 -3.59
49876 -40 -5.6 -3.59
51251 -40 -5.6 -3.59
51016 -40 -5.6 -3.59
49344 -40 -5.6 -3.59
52885 -40 -5.6 -3.59
48649 -40 -5.6 -3.59
49037 -40 -5.6 -3.59
44995 -40 -5.6 -3.59
53064 -40 -5.6 -3.59
45805 -40 -5.6 -3.59
50164 -40 -5.6 -3.59
46437 -40 -5.6 -3.59
44220 -40 -5.6 -3.59
52324 -40 -5.6 -3.59
51264 -40 -5.6 -3.59
42339 -40 -5.6 -3.59
50945 -40 -5.6 -3.59
48599 -40 -5.6 -3.59
47982 -40 -5.6 -3.59
49298 -40 -5.6 -3.59
50216 -40 -5.6 -3.59
50680 -40 -5.6 -3.59
48178 -40 -5.6 -3.59
52232 -40 -5.6 -3.59
48532 -40 -5.6 -3.59
52039 -40 -5.6 -3.59
53182 -40 -5.6 -3.59
