#rtt sig_str x y
223635 -40 -12.84 -28.27
218876 -40 -12.84 -28.27
216793 -40 -12.84 -28.27
219757 -40 -12.84 -28.27
217453 -40 -12.84 -28.27
221609 -40 -12.84 -28.27
214041 -40 -12.84 -28.27
210671 -40 -12.84 -28.27
215757 -40 -12.84 -28.27
211670 -40 -12.84 -28.27
215045 -40 -12.84 -28.27
220175 -40 -12.84 -28.27
216915 -40 -12.84 -28.27
220614 -40 -12.84 -28.27
213096 -40 -12.84 -28.27
216675 -40 -12.84 -28.27
215149 -40 -12.84 -28.27
217132 -40 -12.84 -28.27
210902 -40 -12.84 -28.27
220830 -40 -12.84 -28.27
217059 -40 -12.84 -28.27
214807 -40 -12.84 -28.27
218735 -40 -12.84 -28.27
222457 -40 -12.84 -28.27
212922 -40 -12.84 -28.27
216350 -40 -12.84 -28.27
221641 -40 -12.84 -28.27
222358 -40 -12.84 -28.27
218039 -40 -12.84 -28.27
214743 -40 -12.84 -28.27
221136 -40 -12.84 -28.27
220792 -40 -12.84 -28.27
216301 -40 -12.84 -28.27
219132 -40 -12.84 -28.27
217621 -40 -12.84 -28.27
217079 -40 -12.84 -28.27
217510 -40 -12.84 -28.27
216114 -40 -12.84 -28.27
217216 -40 -12.84 -28.27
194343 -40 27.49 -10.66
191687 -40 27.49 -10.66
191608 -40 27.49 -10.66
193929 -40 27.49 -10.66
191069 -40 27.49 -10.66
189201 -40 27.49 -10.66
195838 -40 27.49 -10.66
193835 -40 27.49 -10.66
192597 -40 27.49 -10.66
189475 -40 27.49 -10.66
190419 -40 27.49 -10.66
189174 -40 27.49 -10.66
192385 -40 27.49 -10.66
191140 -40 27.49 -10.66
195602 -40 27.49 -10.66
188068 -40 27.49 -10.66
191566 -40 27.49 -10.66
190043 -40 27.49 -10.66
193291 -40 27.49 -10.66
194334 -40 27.49 -10.66
195139 -40 27.49 -10.66
195749 -40 27.49 -10.66
193573 -40 27.49 -10.66
191831 -40 27.49 -10.66
191610 -40 27.49 -10.66
193208 -40 27.49 -10.66
194181 -40 27.49 -10.66
191976 -40 27.49 -10.66
188884 -40 27.49 -10.66
190315 -40 27.49 -10.66
194159 -40 27.49 -10.66
190345 -40 27.49 -10.66
191804 -40 27.49 -10.66
193208 -40 27.49 -10.66
194413 -40 27.49 -10.66
193736 -40 27.49 -10.66
191920 -40 27.49 -10.66
193087 -40 27.49 -10.66
192435 -40 27.49 -10.66
117934 -40 16.22 6.69
112565 -40 16.22 6.69
122258 -40 16.22 6.69
119176 -40 16.22 6.69
118446 -40 16.22 6.69
115765 -40 16.22 6.69
116409 -40 16.22 6.69
114869 -40 16.22 6.69
118478 -40 16.22 6.69
115152 -40 16.22 6.69
120412 -40 16.22 6.69
112934 -40 16.22 6.69
116113 -40 16.22 6.69
116291 -40 16.22 6.69
120405 -40 16.22 6.69
116147 -40 16.22 6.69
117462 -40 16.22 6.69
114325 -40 16.22 6.69
113054 -40 16.22 6.69
115628 -40 16.22 6.69
118507 -40 16.22 6.69
118494 -40 16.22 6.69
117317 -40 16.22 6.69
115449 -40 16.22 6.69
114739 -40 16.22 6.69
117614 -40 16.22 6.69
121217 -40 16.22 6.69
119350 -40 16.22 6.69
119676 -40 16.22 6.69
114630 -40 16.22 6.69
115659 -40 16.22 6.69
116152 -40 16.22 6.69
119390 -40 16.22 6.69
114723 -40 16.22 6.69
114952 -40 16.22 6.69
115276 -40 16.22 6.69
115374 -40 16.22 6.69
116803 -40 16.22 6.69
118053 -40 16.22 6.69
203293 -40 29.22 8.79
205137 -40 29.22 8.79
203299 -40 29.22 8.79
207425 -40 29.22 8.79
206808 -40 29.22 8.79
204353 -40 29.22 8.79
208331 -40 29.22 8.79
200992 -40 29.22 8.79
205959 -40 29.22 8.79
202956 -40 29.22 8.79
200312 -40 29.22 8.79
205816 -40 29.22 8.79
202711 -40 29.22 8.79
204189 -40 29.22 8.79
199464 -40 29.22 8.79
205357 -40 29.22 8.79
205391 -40 29.22 8.79
199697 -40 29.22 8.79
203938 -40 29.22 8.79
203560 -40 29.22 8.79
203111 -40 29.22 8.79
202055 -40 29.22 8.79
202559 -40 29.22 8.79
201538 -40 29.22 8.79
201311 -40 29.22 8.79
205591 -40 29.22 8.79
209471 -40 29.22 8.79
202467 -40 29.22 8.79
206814 -40 29.22 8.79
200777 -40 29.22 8.79
201882 -40 29.22 8.79
201645 -40 29.22 8.79
206911 -40 29.22 8.79
206395 -40 29.22 8.79
204075 -40 29.22 8.79
205079 -40 29.22 8.79
204890 -40 29.22 8.79
208109 -40 29.22 8.79
208317 -40 29.22 8.79
124822 -40 -17.51 -9.31
122430 -40 -17.51 -9.31
123299 -40 -17.51 -9.31
130205 -40 -17.51 -9.31
128237 -40 -17.51 -9.31
123574 -40 -17.51 -9.31
126443 -40 -17.51 -9.31
128634 -40 -17.51 -9.31
125347 -40 -17.51 -9.31
129437 -40 -17.51 -9.31
121148 -40 -17.51 -9.31
125780 -40 -17.51 -9.31
130707 -40 -17.51 -9.31
123165 -40 -17.51 -9.31
123174 -40 -17.51 -9.31
123679 -40 -17.51 -9.31
124378 -40 -17.51 -9.31
129984 -40 -17.51 -9.31
126326 -40 -17.51 -9.31
126957 -40 -17.51 -9.31
125715 -40 -17.51 -9.31
125618 -40 -17.51 -9.31
119400 -40 -17.51 -9.31
125991 -40 -17.51 -9.31
124296 -40 -17.51 -9.31
128707 -40 -17.51 -9.31
123468 -40 -17.51 -9.31
122917 -40 -17.51 -9.31
125570 -40 -17.51 -9.31
126436 -40 -17.51 -9.31
132428 -40 -17.51 -9.31
128677 -40 -17.51 -9.31
126759 -40 -17.51 -9.31
122747 -40 -17.51 -9.31
124222 -40 -17.51 -9.31
127192 -40 -17.51 -9.31
124168 -40 -17.51 -9.31
124253 -40 -17.51 -9.31
126880 -40 -17.51 -9.31
182388 -40 -21.79 -16.79
184085 -40 -21.79 -16.79
186435 -40 -21.79 -16.79
189636 -40 -21.79 -16.79
184682 -40 -21.79 -16.79
184474 -40 -21.79 -16.79
181921 -40 -21.79 -16.79
182935 -40 -21.79 -16.79
182688 -40 -21.79 -16.79
187288 -40 -21.79 -16.79
187076 -40 -21.79 -16.79
180864 -40 -21.79 -16.79
179631 -40 -21.79 -16.79
188544 -40 -21.79 -16.79
186598 -40 -21.79 -16.79
182348 -40 -21.79 -16.79
187254 -40 -21.79 -16.79
181919 -40 -21.79 -16.79
180098 -40 -21.79 -16.79
182652 -40 -21.79 -16.79
185496 -40 -21.79 -16.79
183890 -40 -21.79 -16.79
187298 -40 -21.79 -16.79
186176 -40 -21.79 -16.79
183410 -40 -21.79 -16.79
181194 -40 -21.79 -16.79
184010 -40 -21.79 -16.79
185797 -40 -21.79 -16.79
184581 -40 -21.79 -16.79
182748 -40 -21.79 -16.79
185337 -40 -21.79 -16.79
180102 -40 -21.79 -16.79
185684 -40 -21.79 -16.79
179848 -40 -21.79 -16.79
181797 -40 -21.79 -16.79
184395 -40 -21.79 -16.79
181198 -40 -21.79 -16.79
183766 -40 -21.79 -16.79
180757 -40 -21.79 -16.79
234203 -40 24.51 25.09
228881 -40 24.51 25.09
230244 -40 24.51 25.09
231370 -40 24.51 25.09
232882 -40 24.51 25.09
230130 -40 24.51 25.09
230161 -40 24.51 25.09
230976 -40 24.51 25.09
235009 -40 24.51 25.09
229893 -40 24.51 25.09
232129 -40 24.51 25.09
228095 -40 24.51 25.09
231298 -40 24.51 25.09
227629 -40 24.51 25.09
224973 -40 24.51 25.09
226075 -40 24.51 25.09
231586 -40 24.51 25.09
231950 -40 24.51 25.09
233765 -40 24.51 25.09
229589 -40 24.51 25.09
231662 -40 24.51 25.09
232627 -40 24.51 25.09
230378 -40 24.51 25.09
231248 -40 24.51 25.09
226159 -40 24.51 25.09
227015 -40 24.51 25.09
227565 -40 24.51 25.09
228862 -40 24.51 25.09
230588 -40 24.51 25.09
233807 -40 24.51 25.09
235608 -40 24.51 25.09
228902 -40 24.51 25.09
231690 -40 24.51 25.09
232776 -40 24.51 25.09
229960 -40 24.51 25.09
230579 -40 24.51 25.09
229208 -40 24.51 25.09
230549 -40 24.51 25.09
227166 -40 24.51 25.09
254780 -40 -25.89 26.17
252915 -40 -25.89 26.17
254362 -40 -25.89 26.17
247643 -40 -25.89 26.17
253523 -40 -25.89 26.17
247419 -40 -25.89 26.17
251573 -40 -25.89 26.17
249539 -40 -25.89 26.17
252252 -40 -25.89 26.17
251762 -40 -25.89 26.17
252567 -40 -25.89 26.17
255195 -40 -25.89 26.17
250435 -40 -25.89 26.17
253753 -40 -25.89 26.17
252034 -40 -25.89 26.17
254314 -40 -25.89 26.17
252283 -40 -25.89 26.17
251420 -40 -25.89 26.17
253981 -40 -25.89 26.17
254420 -40 -25.89 26.17
250550 -40 -25.89 26.17
251592 -40 -25.89 26.17
252743 -40 -25.89 26.17
251043 -40 -25.89 26.17
251787 -40 -25.89 26.17
254235 -40 -25.89 26.17
251220 -40 -25.89 26.17
248475 -40 -25.89 26.17
250622 -40 -25.89 26.17
249383 -40 -25.89 26.17
253991 -40 -25.89 26.17
251099 -40 -25.89 26.17
244885 -40 -25.89 26.17
257901 -40 -25.89 26.17
250267 -40 -25.89 26.17
253385 -40 -25.89 26.17
253935 -40 -25.89 26.17
253418 -40 -25.89 26.17
251071 -40 -25.89 26.17
215371 -40 -25.48 20.19
212829 -40 -25.48 20.19
213728 -40 -25.48 20.19
213776 -40 -25.48 20.19
213059 -40 -25.48 20.19
214635 -40 -25.48 20.19
211069 -40 -25.48 20.19
220318 -40 -25.48 20.19
216190 -40 -25.48 20.19
213209 -40 -25.48 20.19
210143 -40 -25.48 20.19
210305 -40 -25.48 20.19
218877 -40 -25.48 20.19
214983 -40 -25.48 20.19
212800 -40 -25.48 20.19
210100 -40 -25.48 20.19
214085 -40 -25.48 20.19
211844 -40 -25.48 20.19
213248 -40 -25.48 20.19
214407 -40 -25.48 20.19
218058 -40 -25.48 20.19
213210 -40 -25.48 20.19
215726 -40 -25.48 20.19
216652 -40 -25.48 20.19
214037 -40 -25.48 20.19
214004 -40 -25.48 20.19
213511 -40 -25.48 20.19
219912 -40 -25.48 20.19
216806 -40 -25.48 20.19
209817 -40 -25.48 20.19
210960 -40 -25.48 20.19
216363 -40 -25.48 20.19
215404 -40 -25.48 20.19
212069 -40 -25.48 20.19
218316 -40 -25.48 20.19
214029 -40 -25.48 20.19
209464 -40 -25.48 20.19
218283 -40 -25.48 20.19
211791 -40 -25.48 20.19
166969 -40 2.61 -23.27
161141 -40 2.61 -23.27
167268 -40 2.61 -23.27
163641 -40 2.61 -23.27
166394 -40 2.61 -23.27
164425 -40 2.61 -23.27
167527 -40 2.61 -23.27
164346 -40 2.61 -23.27
159932 -40 2.61 -23.27
160095 -40 2.61 -23.27
162096 -40 2.61 -23.27
168561 -40 2.61 -23.27
165984 -40 2.61 -23.27
164911 -40 2.61 -23.27
164911 -40 2.61 -23.27
164745 -40 2.61 -23.27
165816 -40 2.61 -23.27
162203 -40 2.61 -23.27
163455 -40 2.61 -23.27
168753 -40 2.61 -23.27
166702 -40 2.61 -23.27
164417 -40 2.61 -23.27
165625 -40 2.61 -23.27
164284 -40 2.61 -23.27
162845 -40 2.61 -23.27
167785 -40 2.61 -23.27
163749 -40 2.61 -23.27
164463 -40 2.61 -23.27
164504 -40 2.61 -23.27
164455 -40 2.61 -23.27
163517 -40 2.61 -23.27
168018 -40 2.61 -23.27
160066 -40 2.61 -23.27
164466 -40 2.61 -23.27
164966 -40 2.61 -23.27
162504 -40 2.61 -23.27
164206 -40 2.61 -23.27
160900 -40 2.61 -23.27
163313 -40 2.61 -23.27
