#rtt sig_str x y
220766 -40 21.54 -26.43
220871 -40 21.54 -26.43
224688 -40 21.54 -26.43
226838 -40 21.54 -26.43
223757 -40 21.54 -26.43
225420 -40 21.54 -26.43
222595 -40 21.54 -26.43
224439 -40 21.54 -26.43
221699 -40 21.54 -26.43
223295 -40 21.54 -26.43
223537 -40 21.54 -26.43
228225 -40 21.54 -26.43
223726 -40 21.54 -26.43
221920 -40 21.54 -26.43
222898 -40 21.54 -26.43
219594 -40 21.54 -26.43
221949 -40 21.54 -26.43
224739 -40 21.54 -26.43
219782 -40 21.54 -26.43
220889 -40 21.54 -26.43
217278 -40 21.54 -26.43
225096 -40 21.54 -26.43
221166 -40 21.54 -26.43
225924 -40 21.54 -26.43
223474 -40 21.54 -26.43
220873 -40 21.54 -26.43
221748 -40 21.54 -26.43
220373 -40 21.54 -26.43
224444 -40 21.54 -26.43
222628 -40 21.54 -26.43
221103 -40 21.54 -26.43
223548 -40 21.54 -26.43
220887 -40 21.54 -26.43
222607 -40 21.54 -26.43
225057 -40 21.54 -26.43
227747 -40 21.54 -26.43
224201 -40 21.54 -26.43
223631 -40 21.54 -26.43
222106 -40 21.54 -26.43
56131 -40 -7.64 -4.74
59447 -40 -7.64 -4.74
58526 -40 -7.64 -4.74
58670 -40 -7.64 -4.74
62627 -40 -7.64 -4.74
59064 -40 -7.64 -4.74
57921 -40 -7.64 -4.74
61171 -40 -7.64 -4.74
60314 -40 -7.64 -4.74
62575 -40 -7.64 -4.74
60106 -40 -7.64 -4.74
59484 -40 -7.64 -4.74
62593 -40 -7.64 -4.74
60208 -40 -7.64 -4.74
59891 -40 -7.64 -4.74
58382 -40 -7.64 -4.74
60572 -40 -7.64 -4.74
59035 -40 -7.64 -4.74
55758 -40 -7.64 -4.74
61738 -40 -7.64 -4.74
60365 -40 -7.64 -4.74
59674 -40 -7.64 -4.74
54802 -40 -7.64 -4.74
59057 -40 -7.64 -4.74
61539 -40 -7.64 -4.74
58718 -40 -7.64 -4.74
57280 -40 -7.64 -4.74
62532 -40 -7.64 -4.74
59180 -40 -7.64 -4.74
60619 -40 -7.64 -4.74
55429 -40 -7.64 -4.74
55332 -40 -7.64 -4.74
58300 -40 -7.64 -4.74
58283 -40 -7.64 -4.74
56634 -40 -7.64 -4.74
59912 -40 -7.64 -4.74
61453 -40 -7.64 -4.74
59015 -40 -7.64 -4.74
55754 -40 -7.64 -4.74
65174 -40 3.31 -10.18
64753 -40 3.31 -10.18
62620 -40 3.31 -10.18
67986 -40 3.31 -10.18
62927 -40 3.31 -10.18
63006 -40 3.31 -10.18
66201 -40 3.31 -10.18
64777 -40 3.31 -10.18
62427 -40 3.31 -10.18
63131 -40 3.31 -10.18
66704 -40 3.31 -10.18
65171 -40 3.31 -10.18
65270 -40 3.31 -10.18
66387 -40 3.31 -10.18
63588 -40 3.31 -10.18
62171 -40 3.31 -10.18
66687 -40 3.31 -10.18
64178 -40 3.31 -10.18
63607 -40 3.31 -10.18
67573 -40 3.31 -10.18
60650 -40 3.31 -10.18
65914 -40 3.31 -10.18
63961 -40 3.31 -10.18
63801 -40 3.31 -10.18
65337 -40 3.31 -10.18
65785 -40 3.31 -10.18
61791 -40 3.31 -10.18
64663 -40 3.31 -10.18
62966 -40 3.31 -10.18
61560 -40 3.31 -10.18
64404 -40 3.31 -10.18
62698 -40 3.31 -10.18
62562 -40 3.31 -10.18
65677 -40 3.31 -10.18
62894 -40 3.31 -10.18
64110 -40 3.31 -10.18
66890 -40 3.31 -10.18
63008 -40 3.31 -10.18
63564 -40 3.31 -10.18
204638 -40 27.34 15.24
205461 -40 27.34 15.24
206280 -40 27.34 15.24
201422 -40 27.34 15.24
202092 -40 27.34 15.24
206727 -40 27.34 15.24
202746 -40 27.34 15.24
202826 -40 27.34 15.24
204876 -40 27.34 15.24
203228 -40 27.34 15.24
201656 -40 27.34 15.24
206947 -40 27.34 15.24
205068 -40 27.34 15.24
204760 -40 27.34 15.24
208861 -40 27.34 15.24
199942 -40 27.34 15.24
204206 -40 27.34 15.24
204293 -40 27.34 15.24
207214 -40 27.34 15.24
205276 -40 27.34 15.24
209414 -40 27.34 15.24
202873 -40 27.34 15.24
205502 -40 27.34 15.24
206553 -40 27.34 15.24
208510 -40 27.34 15.24
201468 -40 27.34 15.24
205616 -40 27.34 15.24
208927 -40 27.34 15.24
208081 -40 27.34 15.24
202902 -40 27.34 15.24
204130 -40 27.34 15.24
200160 -40 27.34 15.24
205519 -40 27.34 15.24
202603 -40 27.34 15.24
204100 -40 27.34 15.24
201622 -40 27.34 15.24
204246 -40 27.34 15.24
207560 -40 27.34 15.24
201246 -40 27.34 15.24
145661 -40 14.2 13.91
151641 -40 14.2 13.91
141792 -40 14.2 13.91
145019 -40 14.2 13.91
142241 -40 14.2 13.91
145148 -40 14.2 13.91
144270 -40 14.2 13.91
140695 -40 14.2 13.91
141593 -40 14.2 13.91
149756 -40 14.2 13.91
144988 -40 14.2 13.91
143158 -40 14.2 13.91
140469 -40 14.2 13.91
143185 -40 14.2 13.91
143464 -40 14.2 13.91
145136 -40 14.2 13.91
144442 -40 14.2 13.91
144598 -40 14.2 13.91
144245 -40 14.2 13.91
142704 -40 14.2 13.91
143304 -40 14.2 13.91
145262 -40 14.2 13.91
143532 -40 14.2 13.91
143868 -40 14.2 13.91
138947 -40 14.2 13.91
144594 -40 14.2 13.91
142126 -40 14.2 13.91
141905 -40 14.2 13.91
144739 -40 14.2 13.91
145716 -40 14.2 13.91
143374 -40 14.2 13.91
140089 -40 14.2 13.91
145938 -40 14.2 13.91
145452 -40 14.2 13.91
137674 -40 14.2 13.91
148908 -40 14.2 13.91
145178 -40 14.2 13.91
148660 -40 14.2 13.91
144315 -40 14.2 13.91
144191 -40 18.98 -8.79
144034 -40 18.98 -8.79
146039 -40 18.98 -8.79
145839 -40 18.98 -8.79
145437 -40 18.98 -8.79
147311 -40 18.98 -8.79
141741 -40 18.98 -8.79
148916 -40 18.98 -8.79
145008 -40 18.98 -8.79
145893 -40 18.98 -8.79
145941 -40 18.98 -8.79
145918 -40 18.98 -8.79
145002 -40 18.98 -8.79
145665 -40 18.98 -8.79
148330 -40 18.98 -8.79
152755 -40 18.98 -8.79
143216 -40 18.98 -8.79
146922 -40 18.98 -8.79
144404 -40 18.98 -8.79
150490 -40 18.98 -8.79
150449 -40 18.98 -8.79
145455 -40 18.98 -8.79
150640 -40 18.98 -8.79
143938 -40 18.98 -8.79
149599 -40 18.98 -8.79
144018 -40 18.98 -8.79
150992 -40 18.98 -8.79
144559 -40 18.98 -8.79
146157 -40 18.98 -8.79
145119 -40 18.98 -8.79
145889 -40 18.98 -8.79
146818 -40 18.98 -8.79
145349 -40 18.98 -8.79
150616 -40 18.98 -8.79
145777 -40 18.98 -8.79
143446 -40 18.98 -8.79
146915 -40 18.98 -8.79
146746 -40 18.98 -8.79
141893 -40 18.98 -8.79
159409 -40 -23.94 -2.64
163937 -40 -23.94 -2.64
155705 -40 -23.94 -2.64
154564 -40 -23.94 -2.64
155959 -40 -23.94 -2.64
157838 -40 -23.94 -2.64
156019 -40 -23.94 -2.64
154025 -40 -23.94 -2.64
152000 -40 -23.94 -2.64
163351 -40 -23.94 -2.64
158320 -40 -23.94 -2.64
157441 -40 -23.94 -2.64
155009 -40 -23.94 -2.64
155683 -40 -23.94 -2.64
157741 -40 -23.94 -2.64
163983 -40 -23.94 -2.64
158267 -40 -23.94 -2.64
154260 -40 -23.94 -2.64
157376 -40 -23.94 -2.64
156268 -40 -23.94 -2.64
153136 -40 -23.94 -2.64
157767 -40 -23.94 -2.64
157579 -40 -23.94 -2.64
159711 -40 -23.94 -2.64
161444 -40 -23.94 -2.64
156014 -40 -23.94 -2.64
156904 -40 -23.94 -2.64
154667 -40 -23.94 -2.64
156716 -40 -23.94 -2.64
157930 -40 -23.94 -2.64
153365 -40 -23.94 -2.64
158891 -40 -23.94 -2.64
159021 -40 -23.94 -2.64
152489 -40 -23.94 -2.64
158011 -40 -23.94 -2.64
154461 -40 -23.94 -2.64
155769 -40 -23.94 -2.64
161398 -40 -23.94 -2.64
155846 -40 -23.94 -2.64
184793 -40 25.71 -12.89
186668 -40 25.71 -12.89
189253 -40 25.71 -12.89
188052 -40 25.71 -12.89
184528 -40 25.71 -12.89
184360 -40 25.71 -12.89
185635 -40 25.71 -12.89
183259 -40 25.71 -12.89
185627 -40 25.71 -12.89
188895 -40 25.71 -12.89
184129 -40 25.71 -12.89
187123 -40 25.71 -12.89
184988 -40 25.71 -12.89
182420 -40 25.71 -12.89
185936 -40 25.71 -12.89
181115 -40 25.71 -12.89
184186 -40 25.71 -12.89
182641 -40 25.71 -12.89
183958 -40 25.71 -12.89
186872 -40 25.71 -12.89
185988 -40 25.71 -12.89
187140 -40 25.71 -12.89
185772 -40 25.71 -12.89
182283 -40 25.71 -12.89
182786 -40 25.71 -12.89
187331 -40 25.71 -12.89
187101 -40 25.71 -12.89
185277 -40 25.71 -12.89
182126 -40 25.71 -12.89
187674 -40 25.71 -12.89
187381 -40 25.71 -12.89
184020 -40 25.71 -12.89
180755 -40 25.71 -12.89
186456 -40 25.71 -12.89
187561 -40 25.71 -12.89
185509 -40 25.71 -12.89
186836 -40 25.71 -12.89
184850 -40 25.71 -12.89
187135 -40 25.71 -12.89
109065 -40 6.55 15.96
112194 -40 6.55 15.96
112097 -40 6.55 15.96
109551 -40 6.55 15.96
109678 -40 6.55 15.96
107766 -40 6.55 15.96
113917 -40 6.55 15.96
112567 -40 6.55 15.96
112765 -40 6.55 15.96
113173 -40 6.55 15.96
113316 -40 6.55 15.96
112712 -40 6.55 15.96
112613 -40 6.55 15.96
111210 -40 6.55 15.96
112394 -40 6.55 15.96
106207 -40 6.55 15.96
112044 -40 6.55 15.96
111774 -40 6.55 15.96
111477 -40 6.55 15.96
112896 -40 6.55 15.96
109894 -40 6.55 15.96
116674 -40 6.55 15.96
110568 -40 6.55 15.96
109588 -40 6.55 15.96
112451 -40 6.55 15.96
111829 -40 6.55 15.96
110693 -40 6.55 15.96
114034 -40 6.55 15.96
112349 -40 6.55 15.96
116489 -40 6.55 15.96
110707 -40 6.55 15.96
113978 -40 6.55 15.96
113672 -40 6.55 15.96
115876 -40 6.55 15.96
111232 -40 6.55 15.96
113997 -40 6.55 15.96
112173 -40 6.55 15.96
111072 -40 6.55 15.96
112842 -40 6.55 15.96
137581 -40 5.79 19.63
132012 -40 5.79 19.63
135910 -40 5.79 19.63
128164 -40 5.79 19.63
131870 -40 5.79 19.63
130979 -40 5.79 19.63
132602 -40 5.79 19.63
132451 -40 5.79 19.63
137251 -40 5.79 19.63
130572 -40 5.79 19.63
127827 -40 5.79 19.63
134961 -40 5.79 19.63
130536 -40 5.79 19.63
138981 -40 5.79 19.63
134294 -40 5.79 19.63
135985 -40 5.79 19.63
138432 -40 5.79 19.63
130345 -40 5.79 19.63
127753 -40 5.79 19.63
128623 -40 5.79 19.63
130291 -40 5.79 19.63
132268 -40 5.79 19.63
134273 -40 5.79 19.63
131949 -40 5.79 19.63
135429 -40 5.79 19.63
129345 -40 5.79 19.63
131153 -40 5.79 19.63
133570 -40 5.79 19.63
132051 -40 5.79 19.63
131469 -40 5.79 19.63
131276 -40 5.79 19.63
131800 -40 5.79 19.63
133560 -40 5.79 19.63
131290 -40 5.79 19.63
130177 -40 5.79 19.63
135133 -40 5.79 19.63
132850 -40 5.79 19.63
131630 -40 5.79 19.63
133984 -40 5.79 19.63
