#rtt sig_str x y
121709 -40 -15.09 11.38
120743 -40 -15.09 11.38
123647 -40 -15.09 11.38
121855 -40 -15.09 11.38
128142 -40 -15.09 11.38
125202 -40 -15.09 11.38
119833 -40 -15.09 11.38
121686 -40 -15.09 11.38
124833 -40 -15.09 11.38
118477 -40 -15.09 11.38
122154 -40 -15.09 11.38
128383 -40 -15.09 11.38
122646 -40 -15.09 11.38
121884 -40 -15.09 11.38
125004 -40 -15.09 11.38
128328 -40 -15.09 11.38
125986 -40 -15.09 11.38
127526 -40 -15.09 11.38
129500 -40 -15.09 11.38
125012 -40 -15.09 11.38
124436 -40 -15.09 11.38
124242 -40 -15.09 11.38
120552 -40 -15.09 11.38
123134 -40 -15.09 11.38
121797 -40 -15.09 11.38
126046 -40 -15.09 11.38
123633 -40 -15.09 11.38
125697 -40 -15.09 11.38
125815 -40 -15.09 11.38
122681 -40 -15.09 11.38
124645 -40 -15.09 11.38
128054 -40 -15.09 11.38
128248 -40 -15.09 11.38
127164 -40 -15.09 11.38
122132 -40 -15.09 11.38
126928 -40 -15.09 11.38
121271 -40 -15.09 11.38
121718 -40 -15.09 11.38
128090 -40 -15.09 11.38
64988 -40 -3 10.16
66445 -40 -3 10.16
64657 -40 -3 10.16
70057 -40 -3 10.16
66283 -40 -3 10.16
58718 -40 -3 10.16
62187 -40 -3 10.16
68442 -40 -3 10.16
66201 -40 -3 10.16
67776 -40 -3 10.16
65604 -40 -3 10.16
72106 -40 -3 10.16
65224 -40 -3 10.16
63214 -40 -3 10.16
67936 -40 -3 10.16
67605 -40 -3 10.16
65239 -40 -3 10.16
65823 -40 -3 10.16
60411 -40 -3 10.16
62022 -40 -3 10.16
68201 -40 -3 10.16
68697 -40 -3 10.16
62409 -40 -3 10.16
62705 -40 -3 10.16
62016 -40 -3 10.16
62867 -40 -3 10.16
66824 -40 -3 10.16
62390 -40 -3 10.16
66747 -40 -3 10.16
61873 -40 -3 10.16
71385 -40 -3 10.16
67153 -40 -3 10.16
61743 -40 -3 10.16
65296 -40 -3 10.16
62886 -40 -3 10.16
65671 -40 -3 10.16
62695 -40 -3 10.16
66841 -40 -3 10.16
64955 -40 -3 10.16
165946 -40 -5.34 25.25
164536 -40 -5.34 25.25
164785 -40 -5.34 25.25
164560 -40 -5.34 25.25
166528 -40 -5.34 25.25
164117 -40 -5.34 25.25
162494 -40 -5.34 25.25
170880 -40 -5.34 25.25
162928 -40 -5.34 25.25
165942 -40 -5.34 25.25
171797 -40 -5.34 25.25
170274 -40 -5.34 25.25
166469 -40 -5.34 25.25
168070 -40 -5.34 25.25
164777 -40 -5.34 25.25
165596 -40 -5.34 25.25
167742 -40 -5.34 25.25
164908 -40 -5.34 25.25
168068 -40 -5.34 25.25
166829 -40 -5.34 25.25
167513 -40 -5.34 25.25
170175 -40 -5.34 25.25
170416 -40 -5.34 25.25
166608 -40 -5.34 25.25
166484 -40 -5.34 25.25
166551 -40 -5.34 25.25
165855 -40 -5.34 25.25
165029 -40 -5.34 25.25
165522 -40 -5.34 25.25
164365 -40 -5.34 25.25
162464 -40 -5.34 25.25
163584 -40 -5.34 25.25
167158 -40 -5.34 25.25
168338 -40 -5.34 25.25
168318 -40 -5.34 25.25
165076 -40 -5.34 25.25
162989 -40 -5.34 25.25
166202 -40 -5.34 25.25
165509 -40 -5.34 25.25
182922 -40 -14.38 -23.41
181170 -40 -14.38 -23.41
183971 -40 -14.38 -23.41
183387 -40 -14.38 -23.41
186016 -40 -14.38 -23.41
185903 -40 -14.38 -23.41
183641 -40 -14.38 -23.41
186210 -40 -14.38 -23.41
185242 -40 -14.38 -23.41
186839 -40 -14.38 -23.41
183291 -40 -14.38 -23.41
188486 -40 -14.38 -23.41
185182 -40 -14.38 -23.41
182137 -40 -14.38 -23.41
182507 -40 -14.38 -23.41
184907 -40 -14.38 -23.41
182728 -40 -14.38 -23.41
183082 -40 -14.38 -23.41
183670 -40 -14.38 -23.41
179675 -40 -14.38 -23.41
181203 -40 -14.38 -23.41
181031 -40 -14.38 -23.41
186476 -40 -14.38 -23.41
181543 -40 -14.38 -23.41
185718 -40 -14.38 -23.41
186951 -40 -14.38 -23.41
182409 -40 -14.38 -23.41
182332 -40 -14.38 -23.41
184445 -40 -14.38 -23.41
182436 -40 -14.38 -23.41
182705 -40 -14.38 -23.41
184127 -40 -14.38 -23.41
183100 -40 -14.38 -23.41
187382 -40 -14.38 -23.41
186255 -40 -14.38 -23.41
182641 -40 -14.38 -23.41
184589 -40 -14.38 -23.41
186429 -40 -14.38 -23.41
181474 -40 -14.38 -23.41
174625 -40 22.23 15.06
180071 -40 22.23 15.06
175706 -40 22.23 15.06
176397 -40 22.23 15.06
176870 -40 22.23 15.06
177865 -40 22.23 15.06
180680 -40 22.23 15.06
176642 -40 22.23 15.06
180148 -40 22.23 15.06
174957 -40 22.23 15.06
183797 -40 22.23 15.06
172962 -40 22.23 15.06
178902 -40 22.23 15.06
172806 -40 22.23 15.06
173831 -40 22.23 15.06
178302 -40 22.23 15.06
177575 -40 22.23 15.06
176094 -40 22.23 15.06
181099 -40 22.23 15.06
177226 -40 22.23 15.06
174699 -40 22.23 15.06
174886 -40 22.23 15.06
181317 -40 22.23 15.06
177359 -40 22.23 15.06
176700 -40 22.23 15.06
178125 -40 22.23 15.06
173884 -40 22.23 15.06
180762 -40 22.23 15.06
172498 -40 22.23 15.06
179131 -40 22.23 15.06
174125 -40 22.23 15.06
179251 -40 22.23 15.06
183532 -40 22.23 15.06
174248 -40 22.23 15.06
177205 -40 22.23 15.06
173022 -40 22.23 15.06
178907 -40 22.23 15.06
179266 -40 22.23 15.06
176731 -40 22.23 15.06
128525 -40 -18.9 6.78
130164 -40 -18.9 6.78
129531 -40 -18.9 6.78
128890 -40 -18.9 6.78
132279 -40 -18.9 6.78
132041 -40 -18.9 6.78
133237 -40 -18.9 6.78
136976 -40 -18.9 6.78
134338 -40 -18.9 6.78
126599 -40 -18.9 6.78
133911 -40 -18.9 6.78
129192 -40 -18.9 6.78
123832 -40 -18.9 6.78
132901 -40 -18.9 6.78
130315 -40 -18.9 6.78
130907 -40 -18.9 6.78
135295 -40 -18.9 6.78
129568 -40 -18.9 6.78
132747 -40 -18.9 6.78
128829 -40 -18.9 6.78
134164 -40 -18.9 6.78
129921 -40 -18.9 6.78
130872 -40 -18.9 6.78
134072 -40 -18.9 6.78
130224 -40 -18.9 6.78
130518 -40 -18.9 6.78
132230 -40 -18.9 6.78
131203 -40 -18.9 6.78
130359 -40 -18.9 6.78
132588 -40 -18.9 6.78
132325 -40 -18.9 6.78
131640 -40 -18.9 6.78
128686 -40 -18.9 6.78
135895 -40 -18.9 6.78
132809 -40 -18.9 6.78
133116 -40 -18.9 6.78
133779 -40 -18.9 6.78
133595 -40 -18.9 6.78
131314 -40 -18.9 6.78
231015 -40 -28.83 21.03
233316 -40 -28.83 21.03
233604 -40 -28.83 21.03
235195 -40 -28.83 21.03
229172 -40 -28.83 21.03
226420 -40 -28.83 21.03
233882 -40 -28.83 21.03
231370 -40 -28.83 21.03
234243 -40 -28.83 21.03
234823 -40 -28.83 21.03
238237 -40 -28.83 21.03
232774 -40 -28.83 21.03
232703 -40 -28.83 21.03
234018 -40 -28.83 21.03
230343 -40 -28.83 21.03
232861 -40 -28.83 21.03
231437 -40 -28.83 21.03
228459 -40 -28.83 21.03
230089 -40 -28.83 21.03
227717 -40 -28.83 21.03
229442 -40 -28.83 21.03
231073 -40 -28.83 21.03
230760 -40 -28.83 21.03
233429 -40 -28.83 21.03
233495 -40 -28.83 21.03
236837 -40 -28.83 21.03
231071 -40 -28.83 21.03
234166 -40 -28.83 21.03
230757 -40 -28.83 21.03
232221 -40 -28.83 21.03
233831 -40 -28.83 21.03
234242 -40 -28.83 21.03
235046 -40 -28.83 21.03
235675 -40 -28.83 21.03
231688 -40 -28.83 21.03
231179 -40 -28.83 21.03
234100 -40 -28.83 21.03
231364 -40 -28.83 21.03
227941 -40 -28.83 21.03
231544 -40 27.2 22.79
232537 -40 27.2 22.79
234751 -40 27.2 22.79
234076 -40 27.2 22.79
233590 -40 27.2 22.79
232800 -40 27.2 22.79
231227 -40 27.2 22.79
227385 -40 27.2 22.79
228603 -40 27.2 22.79
237187 -40 27.2 22.79
230751 -40 27.2 22.79
229408 -40 27.2 22.79
230826 -40 27.2 22.79
229458 -40 27.2 22.79
231989 -40 27.2 22.79
236887 -40 27.2 22.79
232099 -40 27.2 22.79
232380 -40 27.2 22.79
228967 -40 27.2 22.79
234378 -40 27.2 22.79
230574 -40 27.2 22.79
232078 -40 27.2 22.79
231039 -40 27.2 22.79
229457 -40 27.2 22.79
234084 -40 27.2 22.79
229658 -40 27.2 22.79
237453 -40 27.2 22.79
230947 -40 27.2 22.79
232604 -40 27.2 22.79
232186 -40 27.2 22.79
236949 -40 27.2 22.79
235083 -40 27.2 22.79
231578 -40 27.2 22.79
229833 -40 27.2 22.79
233889 -40 27.2 22.79
237091 -40 27.2 22.79
238889 -40 27.2 22.79
228972 -40 27.2 22.79
233032 -40 27.2 22.79
199763 -40 10.83 -28.4
201942 -40 10.83 -28.4
199462 -40 10.83 -28.4
200328 -40 10.83 -28.4
198351 -40 10.83 -28.4
199062 -40 10.83 -28.4
197556 -40 10.83 -28.4
198684 -40 10.83 -28.4
197016 -40 10.83 -28.4
202154 -40 10.83 -28.4
200561 -40 10.83 -28.4
198166 -40 10.83 -28.4
202686 -40 10.83 -28.4
196990 -40 10.83 -28.4
203466 -40 10.83 -28.4
201446 -40 10.83 -28.4
202199 -40 10.83 -28.4
196762 -40 10.83 -28.4
198584 -40 10.83 -28.4
197054 -40 10.83 -28.4
199014 -40 10.83 -28.4
202941 -40 10.83 -28.4
201325 -40 10.83 -28.4
196706 -40 10.83 -28.4
201199 -40 10.83 -28.4
200967 -40 10.83 -28.4
200188 -40 10.83 -28.4
198396 -40 10.83 -28.4
200971 -40 10.83 -28.4
203210 -40 10.83 -28.4
199278 -40 10.83 -28.4
199252 -40 10.83 -28.4
202396 -40 10.83 -28.4
198725 -40 10.83 -28.4
196762 -40 10.83 -28.4
199222 -40 10.83 -28.4
200243 -40 10.83 -28.4
197839 -40 10.83 -28.4
202353 -40 10.83 -28.4
119673 -40 -0.8 19.05
120910 -40 -0.8 19.05
121922 -40 -0.8 19.05
116299 -40 -0.8 19.05
123628 -40 -0.8 19.05
119835 -40 -0.8 19.05
119250 -40 -0.8 19.05
116436 -40 -0.8 19.05
125033 -40 -0.8 19.05
124560 -40 -0.8 19.05
117042 -40 -0.8 19.05
118006 -40 -0.8 19.05
124948 -40 -0.8 19.05
121926 -40 -0.8 19.05
124493 -40 -0.8 19.05
118226 -40 -0.8 19.05
122236 -40 -0.8 19.05
118394 -40 -0.8 19.05
123299 -40 -0.8 19.05
117612 -40 -0.8 19.05
122709 -40 -0.8 19.05
118649 -40 -0.8 19.05
114630 -40 -0.8 19.05
123083 -40 -0.8 19.05
121377 -40 -0.8 19.05
120765 -40 -0.8 19.05
123721 -40 -0.8 19.05
122474 -40 -0.8 19.05
115014 -40 -0.8 19.05
123600 -40 -0.8 19.05
123790 -40 -0.8 19.05
119964 -40 -0.8 19.05
119419 -40 -0.8 19.05
118545 -40 -0.8 19.05
120727 -40 -0.8 19.05
123380 -40 -0.8 19.05
115892 -40 -0.8 19.05
115597 -40 -0.8 19.05
121993 -40 -0.8 19.05
