#rtt sig_str x y
227059 -40 -27.69 -18.26
225321 -40 -27.69 -18.26
223559 -40 -27.69 -18.26
226943 -40 -27.69 -18.26
225682 -40 -27.69 -18.26
227670 -40 -27.69 -18.26
221815 -40 -27.69 -18.26
222981 -40 -27.69 -18.26
226261 -40 -27.69 -18.26
229049 -40 -27.69 -18.26
230127 -40 -27.69 -18.26
224924 -40 -27.69 -18.26
225674 -40 -27.69 -18.26
222950 -40 -27.69 -18.26
224203 -40 -27.69 -18.26
228788 -40 -27.69 -18.26
226492 -40 -27.69 -18.26
226287 -40 -27.69 -18.26
231533 -40 -27.69 -18.26
226318 -40 -27.69 -18.26
228118 -40 -27.69 -18.26
226005 -40 -27.69 -18.26
225656 -40 -27.69 -18.26
228499 -40 -27.69 -18.26
230738 -40 -27.69 -18.26
226733 -40 -27.69 -18.26
225601 -40 -27.69 -18.26
230616 -40 -27.69 -18.26
227292 -40 -27.69 -18.26
226197 -40 -27.69 -18.26
224414 -40 -27.69 -18.26
228527 -40 -27.69 -18.26
224149 -40 -27.69 -18.26
228574 -40 -27.69 -18.26
224972 -40 -27.69 -18.26
226197 -40 -27.69 -18.26
226291 -40 -27.69 -18.26
225718 -40 -27.69 -18.26
224242 -40 -27.69 -18.26
115214 -40 16.81 -4.6
112674 -40 16.81 -4.6
116567 -40 16.81 -4.6
117282 -40 16.81 -4.6
114432 -40 16.81 -4.6
113472 -40 16.81 -4.6
119285 -40 16.81 -4.6
111781 -40 16.81 -4.6
113472 -40 16.81 -4.6
113970 -40 16.81 -4.6
111913 -40 16.81 -4.6
109891 -40 16.81 -4.6
111327 -40 16.81 -4.6
114630 -40 16.81 -4.6
113328 -40 16.81 -4.6
113483 -40 16.81 -4.6
115764 -40 16.81 -4.6
109186 -40 16.81 -4.6
112875 -40 16.81 -4.6
114196 -40 16.81 -4.6
108718 -40 16.81 -4.6
108191 -40 16.81 -4.6
114758 -40 16.81 -4.6
113994 -40 16.81 -4.6
112605 -40 16.81 -4.6
113741 -40 16.81 -4.6
111973 -40 16.81 -4.6
113906 -40 16.81 -4.6
110524 -40 16.81 -4.6
109587 -40 16.81 -4.6
111810 -40 16.81 -4.6
114924 -40 16.81 -4.6
113403 -40 16.81 -4.6
112888 -40 16.81 -4.6
114760 -40 16.81 -4.6
115291 -40 16.81 -4.6
114933 -40 16.81 -4.6
115142 -40 16.81 -4.6
115218 -40 16.81 -4.6
157870 -40 -24.44 -4.92
157530 -40 -24.44 -4.92
161042 -40 -24.44 -4.92
155093 -40 -24.44 -4.92
154752 -40 -24.44 -4.92
157541 -40 -24.44 -4.92
155440 -40 -24.44 -4.92
154691 -40 -24.44 -4.92
155798 -40 -24.44 -4.92
154100 -40 -24.44 -4.92
155044 -40 -24.44 -4.92
159143 -40 -24.44 -4.92
157960 -40 -24.44 -4.92
157685 -40 -24.44 -4.92
159617 -40 -24.44 -4.92
154721 -40 -24.44 -4.92
159566 -40 -24.44 -4.92
157081 -40 -24.44 -4.92
160311 -40 -24.44 -4.92
153500 -40 -24.44 -4.92
160383 -40 -24.44 -4.92
155688 -40 -24.44 -4.92
155665 -40 -24.44 -4.92
157338 -40 -24.44 -4.92
153215 -40 -24.44 -4.92
155068 -40 -24.44 -4.92
159659 -40 -24.44 -4.92
157406 -40 -24.44 -4.92
158668 -40 -24.44 -4.92
154666 -40 -24.44 -4.92
153532 -40 -24.44 -4.92
158217 -40 -24.44 -4.92
156719 -40 -24.44 -4.92
156595 -40 -24.44 -4.92
153874 -40 -24.44 -4.92
151289 -40 -24.44 -4.92
158324 -40 -24.44 -4.92
164664 -40 -24.44 -4.92
159035 -40 -24.44 -4.92
56476 -40 7.97 -3.13
65605 -40 7.97 -3.13
62543 -40 7.97 -3.13
62467 -40 7.97 -3.13
58657 -40 7.97 -3.13
57875 -40 7.97 -3.13
59662 -40 7.97 -3.13
59289 -40 7.97 -3.13
59989 -40 7.97 -3.13
58794 -40 7.97 -3.13
64108 -40 7.97 -3.13
59694 -40 7.97 -3.13
61880 -40 7.97 -3.13
59217 -40 7.97 -3.13
58826 -40 7.97 -3.13
62065 -40 7.97 -3.13
56597 -40 7.97 -3.13
57249 -40 7.97 -3.13
60181 -40 7.97 -3.13
61165 -40 7.97 -3.13
63102 -40 7.97 -3.13
59046 -40 7.97 -3.13
56420 -40 7.97 -3.13
64152 -40 7.97 -3.13
58759 -40 7.97 -3.13
63801 -40 7.97 -3.13
60232 -40 7.97 -3.13
59071 -40 7.97 -3.13
63414 -40 7.97 -3.13
60868 -40 7.97 -3.13
61592 -40 7.97 -3.13
59433 -40 7.97 -3.13
61210 -40 7.97 -3.13
61860 -40 7.97 -3.13
59751 -40 7.97 -3.13
60481 -40 7.97 -3.13
60430 -40 7.97 -3.13
63005 -40 7.97 -3.13
59562 -40 7.97 -3.13
259015 -40 -29.17 -23.91
257951 -40 -29.17 -23.91
257608 -40 -29.17 -23.91
254662 -40 -29.17 -23.91
252126 -40 -29.17 -23.91
256966 -40 -29.17 -23.91
251341 -40 -29.17 -23.91
258278 -40 -29.17 -23.91
253541 -40 -29.17 -23.91
255607 -40 -29.17 -23.91
256849 -40 -29.17 -23.91
253001 -40 -29.17 -23.91
253471 -40 -29.17 -23.91
257725 -40 -29.17 -23.91
254605 -40 -29.17 -23.91
257829 -40 -29.17 -23.91
252844 -40 -29.17 -23.91
255878 -40 -29.17 -23.91
258236 -40 -29.17 -23.91
254994 -40 -29.17 -23.91
256866 -40 -29.17 -23.91
250796 -40 -29.17 -23.91
254612 -40 -29.17 -23.91
257555 -40 -29.17 -23.91
261073 -40 -29.17 -23.91
256948 -40 -29.17 -23.91
257359 -40 -29.17 -23.91
251940 -40 -29.17 -23.91
256065 -40 -29.17 -23.91
257255 -40 -29.17 -23.91
255927 -40 -29.17 -23.91
254397 -40 -29.17 -23.91
254072 -40 -29.17 -23.91
255708 -40 -29.17 -23.91
258578 -40 -29.17 -23.91
258221 -40 -29.17 -23.91
258924 -40 -29.17 -23.91
255474 -40 -29.17 -23.91
257655 -40 -29.17 -23.91
204449 -40 26.17 15.67
206689 -40 26.17 15.67
206788 -40 26.17 15.67
198889 -40 26.17 15.67
207360 -40 26.17 15.67
202761 -40 26.17 15.67
199155 -40 26.17 15.67
205116 -40 26.17 15.67
204032 -40 26.17 15.67
203252 -40 26.17 15.67
201373 -40 26.17 15.67
208018 -40 26.17 15.67
204651 -40 26.17 15.67
203544 -40 26.17 15.67
200263 -40 26.17 15.67
205933 -40 26.17 15.67
204922 -40 26.17 15.67
201843 -40 26.17 15.67
204468 -40 26.17 15.67
206406 -40 26.17 15.67
204176 -40 26.17 15.67
206824 -40 26.17 15.67
200719 -40 26.17 15.67
202807 -40 26.17 15.67
203411 -40 26.17 15.67
204435 -40 26.17 15.67
204302 -40 26.17 15.67
205194 -40 26.17 15.67
203279 -40 26.17 15.67
203246 -40 26.17 15.67
201354 -40 26.17 15.67
204747 -40 26.17 15.67
204046 -40 26.17 15.67
201559 -40 26.17 15.67
199730 -40 26.17 15.67
204134 -40 26.17 15.67
206390 -40 26.17 15.67
205978 -40 26.17 15.67
204620 -40 26.17 15.67
69102 -40 -4.41 -9.63
67457 -40 -4.41 -9.63
75859 -40 -4.41 -9.63
70112 -40 -4.41 -9.63
70959 -40 -4.41 -9.63
68103 -40 -4.41 -9.63
72154 -40 -4.41 -9.63
72610 -40 -4.41 -9.63
77210 -40 -4.41 -9.63
76526 -40 -4.41 -9.63
71043 -40 -4.41 -9.63
71722 -40 -4.41 -9.63
71533 -40 -4.41 -9.63
75168 -40 -4.41 -9.63
72591 -40 -4.41 -9.63
72422 -40 -4.41 -9.63
71136 -40 -4.41 -9.63
74284 -40 -4.41 -9.63
68992 -40 -4.41 -9.63
76010 -40 -4.41 -9.63
73761 -40 -4.41 -9.63
69977 -40 -4.41 -9.63
70241 -40 -4.41 -9.63
73995 -40 -4.41 -9.63
69887 -40 -4.41 -9.63
74900 -40 -4.41 -9.63
69128 -40 -4.41 -9.63
71061 -40 -4.41 -9.63
67466 -40 -4.41 -9.63
69336 -40 -4.41 -9.63
71468 -40 -4.41 -9.63
68438 -40 -4.41 -9.63
70477 -40 -4.41 -9.63
77818 -40 -4.41 -9.63
75278 -40 -4.41 -9.63
73162 -40 -4.41 -9.63
75343 -40 -4.41 -9.63
69938 -40 -4.41 -9.63
71389 -40 -4.41 -9.63
99198 -40 -14.82 -5.5
100879 -40 -14.82 -5.5
99475 -40 -14.82 -5.5
95276 -40 -14.82 -5.5
100884 -40 -14.82 -5.5
98273 -40 -14.82 -5.5
98565 -40 -14.82 -5.5
101646 -40 -14.82 -5.5
95969 -40 -14.82 -5.5
100886 -40 -14.82 -5.5
100700 -40 -14.82 -5.5
97008 -40 -14.82 -5.5
103969 -40 -14.82 -5.5
100428 -40 -14.82 -5.5
102097 -40 -14.82 -5.5
103323 -40 -14.82 -5.5
102406 -40 -14.82 -5.5
93636 -40 -14.82 -5.5
94575 -40 -14.82 -5.5
102452 -40 -14.82 -5.5
99016 -40 -14.82 -5.5
97443 -40 -14.82 -5.5
98294 -40 -14.82 -5.5
100337 -40 -14.82 -5.5
97557 -40 -14.82 -5.5
101340 -40 -14.82 -5.5
102981 -40 -14.82 -5.5
99600 -40 -14.82 -5.5
103788 -40 -14.82 -5.5
101089 -40 -14.82 -5.5
99560 -40 -14.82 -5.5
102830 -40 -14.82 -5.5
98317 -40 -14.82 -5.5
98379 -40 -14.82 -5.5
97537 -40 -14.82 -5.5
96836 -40 -14.82 -5.5
104974 -40 -14.82 -5.5
95072 -40 -14.82 -5.5
104453 -40 -14.82 -5.5
172104 -40 -18.61 18.58
177904 -40 -18.61 18.58
173460 -40 -18.61 18.58
174053 -40 -18.61 18.58
177604 -40 -18.61 18.58
173583 -40 -18.61 18.58
173842 -40 -18.61 18.58
171907 -40 -18.61 18.58
171695 -40 -18.61 18.58
176142 -40 -18.61 18.58
172799 -40 -18.61 18.58
177554 -40 -18.61 18.58
175972 -40 -18.61 18.58
176161 -40 -18.61 18.58
175891 -40 -18.61 18.58
174809 -40 -18.61 18.58
170231 -40 -18.61 18.58
173582 -40 -18.61 18.58
177382 -40 -18.61 18.58
178174 -40 -18.61 18.58
168668 -40 -18.61 18.58
170382 -40 -18.61 18.58
175952 -40 -18.61 18.58
173096 -40 -18.61 18.58
174878 -40 -18.61 18.58
176269 -40 -18.61 18.58
174870 -40 -18.61 18.58
170469 -40 -18.61 18.58
172093 -40 -18.61 18.58
171711 -40 -18.61 18.58
173542 -40 -18.61 18.58
173013 -40 -18.61 18.58
177250 -40 -18.61 18.58
174389 -40 -18.61 18.58
170090 -40 -18.61 18.58
169008 -40 -18.61 18.58
175518 -40 -18.61 18.58
175684 -40 -18.61 18.58
176831 -40 -18.61 18.58
103282 -40 -5.11 15.07
99162 -40 -5.11 15.07
101097 -40 -5.11 15.07
106208 -40 -5.11 15.07
105099 -40 -5.11 15.07
101945 -40 -5.11 15.07
104667 -40 -5.11 15.07
102495 -40 -5.11 15.07
103227 -40 -5.11 15.07
100680 -40 -5.11 15.07
103574 -40 -5.11 15.07
104237 -40 -5.11 15.07
105712 -40 -5.11 15.07
107065 -40 -5.11 15.07
101694 -40 -5.11 15.07
104572 -40 -5.11 15.07
103337 -40 -5.11 15.07
105340 -40 -5.11 15.07
103988 -40 -5.11 15.07
104027 -40 -5.11 15.07
105205 -40 -5.11 15.07
105397 -40 -5.11 15.07
103777 -40 -5.11 15.07
105260 -40 -5.11 15.07
101584 -40 -5.11 15.07
108900 -40 -5.11 15.07
104138 -40 -5.11 15.07
105300 -40 -5.11 15.07
106200 -40 -5.11 15.07
108927 -40 -5.11 15.07
100374 -40 -5.11 15.07
102496 -40 -5.11 15.07
104072 -40 -5.11 15.07
105430 -40 -5.11 15.07
103057 -40 -5.11 15.07
103041 -40 -5.11 15.07
103244 -40 -5.11 15.07
100875 -40 -5.11 15.07
105571 -40 -5.11 15.07
