#rtt sig_str x y
28495 -40 -2.52 -3.01
27124 -40 -2.52 -3.01
27572 -40 -2.52 -3.01
28883 -40 -2.52 -3.01
28466 -40 -2.52 -3.01
25874 -40 -2.52 -3.01
29437 -40 -2.52 -3.01
24368 -40 -2.52 -3.01
28306 -40 -2.52 -3.01
29712 -40 -2.52 -3.01
31372 -40 -2.52 -3.01
29628 -40 -2.52 -3.01
25829 -40 -2.52 -3.01
28329 -40 -2.52 -3.01
30712 -40 -2.52 -3.01
29050 -40 -2.52 -3.01
28047 -40 -2.52 -3.01
25429 -40 -2.52 -3.01
22894 -40 -2.52 -3.01
31037 -40 -2.52 -3.01
25201 -40 -2.52 -3.01
23242 -40 -2.52 -3.01
33065 -40 -2.52 -3.01
25439 -40 -2.52 -3.01
29510 -40 -2.52 -3.01
26785 -40 -2.52 -3.01
30156 -40 -2.52 -3.01
23183 -40 -2.52 -3.01
26272 -40 -2.52 -3.01
27124 -40 -2.52 -3.01
27704 -40 -2.52 -3.01
30217 -40 -2.52 -3.01
33944 -40 -2.52 -3.01
24677 -40 -2.52 -3.01
26376 -40 -2.52 -3.01
30457 -40 -2.52 -3.01
24037 -40 -2.52 -3.01
25323 -40 -2.52 -3.01
25576 -40 -2.52 -3.01
104931 -40 -11.5 10.59
106476 -40 -11.5 10.59
104871 -40 -11.5 10.59
106439 -40 -11.5 10.59
108559 -40 -11.5 10.59
105333 -40 -11.5 10.59
103277 -40 -11.5 10.59
112654 -40 -11.5 10.59
106936 -40 -11.5 10.59
105419 -40 -11.5 10.59
108292 -40 -11.5 10.59
103173 -40 -11.5 10.59
106319 -40 -11.5 10.59
110258 -40 -11.5 10.59
107581 -40 -11.5 10.59
107485 -40 -11.5 10.59
103775 -40 -11.5 10.59
102972 -40 -11.5 10.59
106482 -40 -11.5 10.59
108418 -40 -11.5 10.59
104762 -40 -11.5 10.59
108095 -40 -11.5 10.59
104501 -40 -11.5 10.59
106205 -40 -11.5 10.59
104549 -40 -11.5 10.59
101790 -40 -11.5 10.59
107755 -40 -11.5 10.59
108334 -40 -11.5 10.59
103869 -40 -11.5 10.59
109647 -40 -11.5 10.59
104138 -40 -11.5 10.59
109542 -40 -11.5 10.59
109609 -40 -11.5 10.59
106205 -40 -11.5 10.59
107010 -40 -11.5 10.59
102806 -40 -11.5 10.59
108223 -40 -11.5 10.59
102119 -40 -11.5 10.59
102695 -40 -11.5 10.59
142390 -40 -16.11 -15.24
140877 -40 -16.11 -15.24
141396 -40 -16.11 -15.24
140668 -40 -16.11 -15.24
141421 -40 -16.11 -15.24
141351 -40 -16.11 -15.24
135748 -40 -16.11 -15.24
140008 -40 -16.11 -15.24
139803 -40 -16.11 -15.24
142374 -40 -16.11 -15.24
141158 -40 -16.11 -15.24
142937 -40 -16.11 -15.24
141775 -40 -16.11 -15.24
142605 -40 -16.11 -15.24
142923 -40 -16.11 -15.24
141503 -40 -16.11 -15.24
141505 -40 -16.11 -15.24
141376 -40 -16.11 -15.24
139114 -40 -16.11 -15.24
141963 -40 -16.11 -15.24
139840 -40 -16.11 -15.24
138468 -40 -16.11 -15.24
137602 -40 -16.11 -15.24
139842 -40 -16.11 -15.24
140763 -40 -16.11 -15.24
140698 -40 -16.11 -15.24
138876 -40 -16.11 -15.24
141603 -40 -16.11 -15.24
138555 -40 -16.11 -15.24
141237 -40 -16.11 -15.24
141860 -40 -16.11 -15.24
141840 -40 -16.11 -15.24
141079 -40 -16.11 -15.24
140874 -40 -16.11 -15.24
136672 -40 -16.11 -15.24
136603 -40 -16.11 -15.24
140873 -40 -16.11 -15.24
141938 -40 -16.11 -15.24
140022 -40 -16.11 -15.24
212244 -40 -13.36 -28.32
211548 -40 -13.36 -28.32
212051 -40 -13.36 -28.32
213732 -40 -13.36 -28.32
213796 -40 -13.36 -28.32
209980 -40 -13.36 -28.32
214543 -40 -13.36 -28.32
212604 -40 -13.36 -28.32
213893 -40 -13.36 -28.32
211718 -40 -13.36 -28.32
212088 -40 -13.36 -28.32
213107 -40 -13.36 -28.32
211778 -40 -13.36 -28.32
211142 -40 -13.36 -28.32
209009 -40 -13.36 -28.32
213070 -40 -13.36 -28.32
216070 -40 -13.36 -28.32
210241 -40 -13.36 -28.32
213606 -40 -13.36 -28.32
220137 -40 -13.36 -28.32
211552 -40 -13.36 -28.32
209246 -40 -13.36 -28.32
217313 -40 -13.36 -28.32
213479 -40 -13.36 -28.32
208880 -40 -13.36 -28.32
207768 -40 -13.36 -28.32
211667 -40 -13.36 -28.32
214057 -40 -13.36 -28.32
212499 -40 -13.36 -28.32
211202 -40 -13.36 -28.32
210454 -40 -13.36 -28.32
213038 -40 -13.36 -28.32
210824 -40 -13.36 -28.32
214646 -40 -13.36 -28.32
212312 -40 -13.36 -28.32
209215 -40 -13.36 -28.32
214239 -40 -13.36 -28.32
215062 -40 -13.36 -28.32
213948 -40 -13.36 -28.32
154851 -40 19.04 11.77
150100 -40 19.04 11.77
153445 -40 19.04 11.77
154608 -40 19.04 11.77
151014 -40 19.04 11.77
150494 -40 19.04 11.77
149427 -40 19.04 11.77
155906 -40 19.04 11.77
148887 -40 19.04 11.77
154718 -40 19.04 11.77
151564 -40 19.04 11.77
148620 -40 19.04 11.77
149866 -40 19.04 11.77
149414 -40 19.04 11.77
154405 -40 19.04 11.77
155253 -40 19.04 11.77
150645 -40 19.04 11.77
151275 -40 19.04 11.77
147605 -40 19.04 11.77
149890 -40 19.04 11.77
154009 -40 19.04 11.77
154402 -40 19.04 11.77
147716 -40 19.04 11.77
150096 -40 19.04 11.77
149876 -40 19.04 11.77
147916 -40 19.04 11.77
149899 -40 19.04 11.77
150496 -40 19.04 11.77
154853 -40 19.04 11.77
152530 -40 19.04 11.77
154212 -40 19.04 11.77
148167 -40 19.04 11.77
152063 -40 19.04 11.77
148891 -40 19.04 11.77
151442 -40 19.04 11.77
146474 -40 19.04 11.77
149341 -40 19.04 11.77
149998 -40 19.04 11.77
151795 -40 19.04 11.77
160555 -40 -23.32 1.01
156507 -40 -23.32 1.01
157807 -40 -23.32 1.01
163470 -40 -23.32 1.01
164237 -40 -23.32 1.01
155650 -40 -23.32 1.01
156967 -40 -23.32 1.01
158498 -40 -23.32 1.01
158228 -40 -23.32 1.01
157178 -40 -23.32 1.01
164736 -40 -23.32 1.01
155491 -40 -23.32 1.01
156096 -40 -23.32 1.01
162360 -40 -23.32 1.01
159892 -40 -23.32 1.01
162798 -40 -23.32 1.01
160287 -40 -23.32 1.01
159040 -40 -23.32 1.01
161026 -40 -23.32 1.01
164212 -40 -23.32 1.01
161218 -40 -23.32 1.01
157085 -40 -23.32 1.01
160168 -40 -23.32 1.01
161416 -40 -23.32 1.01
162198 -40 -23.32 1.01
158933 -40 -23.32 1.01
153985 -40 -23.32 1.01
156080 -40 -23.32 1.01
158167 -40 -23.32 1.01
160687 -40 -23.32 1.01
156581 -40 -23.32 1.01
162170 -40 -23.32 1.01
161391 -40 -23.32 1.01
157218 -40 -23.32 1.01
159663 -40 -23.32 1.01
155890 -40 -23.32 1.01
157825 -40 -23.32 1.01
157524 -40 -23.32 1.01
159562 -40 -23.32 1.01
73743 -40 7.59 6.29
78060 -40 7.59 6.29
74175 -40 7.59 6.29
73614 -40 7.59 6.29
76078 -40 7.59 6.29
72666 -40 7.59 6.29
72847 -40 7.59 6.29
75805 -40 7.59 6.29
73261 -40 7.59 6.29
73523 -40 7.59 6.29
73391 -40 7.59 6.29
77121 -40 7.59 6.29
69843 -40 7.59 6.29
75699 -40 7.59 6.29
77320 -40 7.59 6.29
74615 -40 7.59 6.29
72893 -40 7.59 6.29
71737 -40 7.59 6.29
70817 -40 7.59 6.29
70050 -40 7.59 6.29
73595 -40 7.59 6.29
74665 -40 7.59 6.29
76036 -40 7.59 6.29
77706 -40 7.59 6.29
71351 -40 7.59 6.29
72065 -40 7.59 6.29
71863 -40 7.59 6.29
71236 -40 7.59 6.29
70131 -40 7.59 6.29
68669 -40 7.59 6.29
73820 -40 7.59 6.29
70609 -40 7.59 6.29
74579 -40 7.59 6.29
75804 -40 7.59 6.29
70181 -40 7.59 6.29
73598 -40 7.59 6.29
68137 -40 7.59 6.29
73085 -40 7.59 6.29
72674 -40 7.59 6.29
118167 -40 -13.39 -13.07
119505 -40 -13.39 -13.07
122643 -40 -13.39 -13.07
119728 -40 -13.39 -13.07
120908 -40 -13.39 -13.07
116085 -40 -13.39 -13.07
119399 -40 -13.39 -13.07
116732 -40 -13.39 -13.07
122404 -40 -13.39 -13.07
125045 -40 -13.39 -13.07
122834 -40 -13.39 -13.07
117777 -40 -13.39 -13.07
121558 -40 -13.39 -13.07
116514 -40 -13.39 -13.07
122938 -40 -13.39 -13.07
121966 -40 -13.39 -13.07
120036 -40 -13.39 -13.07
122250 -40 -13.39 -13.07
118738 -40 -13.39 -13.07
121030 -40 -13.39 -13.07
123462 -40 -13.39 -13.07
117371 -40 -13.39 -13.07
121046 -40 -13.39 -13.07
120683 -40 -13.39 -13.07
124716 -40 -13.39 -13.07
121574 -40 -13.39 -13.07
121920 -40 -13.39 -13.07
124600 -40 -13.39 -13.07
119718 -40 -13.39 -13.07
117368 -40 -13.39 -13.07
119600 -40 -13.39 -13.07
123031 -40 -13.39 -13.07
121279 -40 -13.39 -13.07
119429 -40 -13.39 -13.07
118976 -40 -13.39 -13.07
119124 -40 -13.39 -13.07
120743 -40 -13.39 -13.07
116720 -40 -13.39 -13.07
117253 -40 -13.39 -13.07
164827 -40 10.93 22.13
164479 -40 10.93 22.13
165523 -40 10.93 22.13
166116 -40 10.93 22.13
167040 -40 10.93 22.13
165562 -40 10.93 22.13
169742 -40 10.93 22.13
166396 -40 10.93 22.13
169389 -40 10.93 22.13
167157 -40 10.93 22.13
170963 -40 10.93 22.13
167114 -40 10.93 22.13
169959 -40 10.93 22.13
167276 -40 10.93 22.13
165613 -40 10.93 22.13
173538 -40 10.93 22.13
167314 -40 10.93 22.13
168505 -40 10.93 22.13
169044 -40 10.93 22.13
167532 -40 10.93 22.13
171504 -40 10.93 22.13
168343 -40 10.93 22.13
167672 -40 10.93 22.13
165143 -40 10.93 22.13
169511 -40 10.93 22.13
166102 -40 10.93 22.13
165496 -40 10.93 22.13
165491 -40 10.93 22.13
166321 -40 10.93 22.13
165345 -40 10.93 22.13
167671 -40 10.93 22.13
168386 -40 10.93 22.13
170761 -40 10.93 22.13
166756 -40 10.93 22.13
163967 -40 10.93 22.13
164445 -40 10.93 22.13
171983 -40 10.93 22.13
162243 -40 10.93 22.13
170307 -40 10.93 22.13
211758 -40 10.74 29.7
212668 -40 10.74 29.7
212253 -40 10.74 29.7
210169 -40 10.74 29.7
211277 -40 10.74 29.7
208912 -40 10.74 29.7
206692 -40 10.74 29.7
214580 -40 10.74 29.7
216754 -40 10.74 29.7
211784 -40 10.74 29.7
212523 -40 10.74 29.7
215809 -40 10.74 29.7
210874 -40 10.74 29.7
211838 -40 10.74 29.7
212210 -40 10.74 29.7
212647 -40 10.74 29.7
212071 -40 10.74 29.7
211522 -40 10.74 29.7
211480 -40 10.74 29.7
215774 -40 10.74 29.7
211243 -40 10.74 29.7
207245 -40 10.74 29.7
211280 -40 10.74 29.7
211366 -40 10.74 29.7
209293 -40 10.74 29.7
216081 -40 10.74 29.7
212982 -40 10.74 29.7
211248 -40 10.74 29.7
213133 -40 10.74 29.7
210329 -40 10.74 29.7
210936 -40 10.74 29.7
213270 -40 10.74 29.7
215797 -40 10.74 29.7
208241 -40 10.74 29.7
209219 -40 10.74 29.7
211787 -40 10.74 29.7
212246 -40 10.74 29.7
212230 -40 10.74 29.7
213259 -40 10.74 29.7
