#rtt sig_str x y
188956 -40 13.71 -24.75
192045 -40 13.71 -24.75
190284 -40 13.71 -24.75
190627 -40 13.71 -24.75
193207 -40 13.71 -24.75
189347 -40 13.71 -24.75
192461 -40 13.71 -24.75
190933 -40 13.71 -24.75
189941 -40 13.71 -24.75
196918 -40 13.71 -24.75
188119 -40 13.71 -24.75
189502 -40 13.71 -24.75
189231 -40 13.71 -24.75
191280 -40 13.71 -24.75
191287 -40 13.71 -24.75
191037 -40 13.71 -24.75
186107 -40 13.71 -24.75
184645 -40 13.71 -24.75
191120 -40 13.71 -24.75
192891 -40 13.71 -24.75
190970 -40 13.71 -24.75
188337 -40 13.71 -24.75
189705 -40 13.71 -24.75
187775 -40 13.71 -24.75
190124 -40 13.71 -24.75
191471 -40 13.71 -24.75
189700 -40 13.71 -24.75
191080 -40 13.71 -24.75
190218 -40 13.71 -24.75
191959 -40 13.71 -24.75
189974 -40 13.71 -24.75
187271 -40 13.71 -24.75
189584 -40 13.71 -24.75
190841 -40 13.71 -24.75
191166 -40 13.71 -24.75
189338 -40 13.71 -24.75
191287 -40 13.71 -24.75
188480 -40 13.71 -24.75
190146 -40 13.71 -24.75
105524 -40 6.1 13.01
106862 -40 6.1 13.01
98552 -40 6.1 13.01
102787 -40 6.1 13.01
106839 -40 6.1 13.01
103903 -40 6.1 13.01
102299 -40 6.1 13.01
100788 -40 6.1 13.01
99659 -40 6.1 13.01
98259 -40 6.1 13.01
103564 -40 6.1 13.01
100346 -40 6.1 13.01
98738 -40 6.1 13.01
106062 -40 6.1 13.01
103010 -40 6.1 13.01
99223 -40 6.1 13.01
97673 -40 6.1 13.01
102327 -40 6.1 13.01
101749 -40 6.1 13.01
98908 -40 6.1 13.01
106054 -40 6.1 13.01
102455 -40 6.1 13.01
102147 -40 6.1 13.01
97853 -40 6.1 13.01
97913 -40 6.1 13.01
103815 -40 6.1 13.01
100647 -40 6.1 13.01
99603 -40 6.1 13.01
104947 -40 6.1 13.01
102313 -40 6.1 13.01
100397 -40 6.1 13.01
101892 -40 6.1 13.01
104300 -40 6.1 13.01
105249 -40 6.1 13.01
100706 -40 6.1 13.01
100859 -40 6.1 13.01
101098 -40 6.1 13.01
100749 -40 6.1 13.01
96435 -40 6.1 13.01
218358 -40 27.14 19.49
215332 -40 27.14 19.49
216531 -40 27.14 19.49
223069 -40 27.14 19.49
219510 -40 27.14 19.49
222665 -40 27.14 19.49
218025 -40 27.14 19.49
213877 -40 27.14 19.49
219501 -40 27.14 19.49
220660 -40 27.14 19.49
218318 -40 27.14 19.49
220058 -40 27.14 19.49
221918 -40 27.14 19.49
219284 -40 27.14 19.49
220905 -40 27.14 19.49
218179 -40 27.14 19.49
219130 -40 27.14 19.49
216909 -40 27.14 19.49
217867 -40 27.14 19.49
218241 -40 27.14 19.49
218689 -40 27.14 19.49
215479 -40 27.14 19.49
219924 -40 27.14 19.49
217145 -40 27.14 19.49
222447 -40 27.14 19.49
216743 -40 27.14 19.49
218600 -40 27.14 19.49
217037 -40 27.14 19.49
221455 -40 27.14 19.49
218478 -40 27.14 19.49
213433 -40 27.14 19.49
218161 -40 27.14 19.49
219868 -40 27.14 19.49
216432 -40 27.14 19.49
216498 -40 27.14 19.49
219794 -40 27.14 19.49
221543 -40 27.14 19.49
215750 -40 27.14 19.49
223998 -40 27.14 19.49
201723 -40 -21.41 21.79
197538 -40 -21.41 21.79
202559 -40 -21.41 21.79
200226 -40 -21.41 21.79
198955 -40 -21.41 21.79
201022 -40 -21.41 21.79
202527 -40 -21.41 21.79
203497 -40 -21.41 21.79
197859 -40 -21.41 21.79
202466 -40 -21.41 21.79
200430 -40 -21.41 21.79
198558 -40 -21.41 21.79
200689 -40 -21.41 21.79
200495 -40 -21.41 21.79
197539 -40 -21.41 21.79
200877 -40 -21.41 21.79
203904 -40 -21.41 21.79
202089 -40 -21.41 21.79
197350 -40 -21.41 21.79
198304 -40 -21.41 21.79
198103 -40 -21.41 21.79
199602 -40 -21.41 21.79
206018 -40 -21.41 21.79
202226 -40 -21.41 21.79
197856 -40 -21.41 21.79
196578 -40 -21.41 21.79
199555 -40 -21.41 21.79
196662 -40 -21.41 21.79
206083 -40 -21.41 21.79
199758 -40 -21.41 21.79
202470 -40 -21.41 21.79
205727 -40 -21.41 21.79
197576 -40 -21.41 21.79
205319 -40 -21.41 21.79
202228 -40 -21.41 21.79
202653 -40 -21.41 21.79
199301 -40 -21.41 21.79
199065 -40 -21.41 21.79
199744 -40 -21.41 21.79
207556 -40 18.44 -24.53
206112 -40 18.44 -24.53
207823 -40 18.44 -24.53
205732 -40 18.44 -24.53
202701 -40 18.44 -24.53
206975 -40 18.44 -24.53
201712 -40 18.44 -24.53
212101 -40 18.44 -24.53
200138 -40 18.44 -24.53
204514 -40 18.44 -24.53
205698 -40 18.44 -24.53
209866 -40 18.44 -24.53
205405 -40 18.44 -24.53
208415 -40 18.44 -24.53
206215 -40 18.44 -24.53
206256 -40 18.44 -24.53
203660 -40 18.44 -24.53
204692 -40 18.44 -24.53
203225 -40 18.44 -24.53
200255 -40 18.44 -24.53
206830 -40 18.44 -24.53
202634 -40 18.44 -24.53
205417 -40 18.44 -24.53
208885 -40 18.44 -24.53
202949 -40 18.44 -24.53
200751 -40 18.44 -24.53
204392 -40 18.44 -24.53
204932 -40 18.44 -24.53
202067 -40 18.44 -24.53
203817 -40 18.44 -24.53
208470 -40 18.44 -24.53
207169 -40 18.44 -24.53
205146 -40 18.44 -24.53
206021 -40 18.44 -24.53
204130 -40 18.44 -24.53
205258 -40 18.44 -24.53
206730 -40 18.44 -24.53
202064 -40 18.44 -24.53
206057 -40 18.44 -24.53
181922 -40 -8.21 25.29
183419 -40 -8.21 25.29
183162 -40 -8.21 25.29
182283 -40 -8.21 25.29
183101 -40 -8.21 25.29
187983 -40 -8.21 25.29
182456 -40 -8.21 25.29
184112 -40 -8.21 25.29
186094 -40 -8.21 25.29
183536 -40 -8.21 25.29
182333 -40 -8.21 25.29
184568 -40 -8.21 25.29
185290 -40 -8.21 25.29
186420 -40 -8.21 25.29
182499 -40 -8.21 25.29
184464 -40 -8.21 25.29
185525 -40 -8.21 25.29
179497 -40 -8.21 25.29
183154 -40 -8.21 25.29
183857 -40 -8.21 25.29
184108 -40 -8.21 25.29
183143 -40 -8.21 25.29
179847 -40 -8.21 25.29
183501 -40 -8.21 25.29
184324 -40 -8.21 25.29
180136 -40 -8.21 25.29
178300 -40 -8.21 25.29
185730 -40 -8.21 25.29
182082 -40 -8.21 25.29
183004 -40 -8.21 25.29
184247 -40 -8.21 25.29
184377 -40 -8.21 25.29
183009 -40 -8.21 25.29
179941 -40 -8.21 25.29
181083 -40 -8.21 25.29
182316 -40 -8.21 25.29
185415 -40 -8.21 25.29
183250 -40 -8.21 25.29
180956 -40 -8.21 25.29
120705 -40 -18.81 -0.7
120612 -40 -18.81 -0.7
124054 -40 -18.81 -0.7
119092 -40 -18.81 -0.7
118127 -40 -18.81 -0.7
118210 -40 -18.81 -0.7
117946 -40 -18.81 -0.7
119998 -40 -18.81 -0.7
116146 -40 -18.81 -0.7
120748 -40 -18.81 -0.7
119976 -40 -18.81 -0.7
119732 -40 -18.81 -0.7
117669 -40 -18.81 -0.7
117909 -40 -18.81 -0.7
121131 -40 -18.81 -0.7
118813 -40 -18.81 -0.7
116268 -40 -18.81 -0.7
120046 -40 -18.81 -0.7
121383 -40 -18.81 -0.7
120377 -40 -18.81 -0.7
118342 -40 -18.81 -0.7
124102 -40 -18.81 -0.7
119170 -40 -18.81 -0.7
120606 -40 -18.81 -0.7
121449 -40 -18.81 -0.7
122759 -40 -18.81 -0.7
119217 -40 -18.81 -0.7
119740 -40 -18.81 -0.7
118238 -40 -18.81 -0.7
118902 -40 -18.81 -0.7
118561 -40 -18.81 -0.7
120254 -40 -18.81 -0.7
117574 -40 -18.81 -0.7
125896 -40 -18.81 -0.7
122334 -40 -18.81 -0.7
118793 -40 -18.81 -0.7
117458 -40 -18.81 -0.7
120650 -40 -18.81 -0.7
122258 -40 -18.81 -0.7
101044 -40 -14.45 -5.32
101737 -40 -14.45 -5.32
99752 -40 -14.45 -5.32
104455 -40 -14.45 -5.32
100617 -40 -14.45 -5.32
99819 -40 -14.45 -5.32
99353 -40 -14.45 -5.32
105443 -40 -14.45 -5.32
101819 -40 -14.45 -5.32
103735 -40 -14.45 -5.32
101219 -40 -14.45 -5.32
105290 -40 -14.45 -5.32
101099 -40 -14.45 -5.32
104442 -40 -14.45 -5.32
104413 -40 -14.45 -5.32
102550 -40 -14.45 -5.32
98794 -40 -14.45 -5.32
105965 -40 -14.45 -5.32
100200 -40 -14.45 -5.32
105595 -40 -14.45 -5.32
104618 -40 -14.45 -5.32
100402 -40 -14.45 -5.32
101561 -40 -14.45 -5.32
98177 -40 -14.45 -5.32
100982 -40 -14.45 -5.32
100819 -40 -14.45 -5.32
101539 -40 -14.45 -5.32
105596 -40 -14.45 -5.32
100554 -40 -14.45 -5.32
102986 -40 -14.45 -5.32
104978 -40 -14.45 -5.32
106135 -40 -14.45 -5.32
100898 -40 -14.45 -5.32
96263 -40 -14.45 -5.32
101162 -40 -14.45 -5.32
100027 -40 -14.45 -5.32
106077 -40 -14.45 -5.32
106408 -40 -14.45 -5.32
98625 -40 -14.45 -5.32
129691 -40 7.79 18.32
129566 -40 7.79 18.32
129734 -40 7.79 18.32
126586 -40 7.79 18.32
130017 -40 7.79 18.32
133777 -40 7.79 18.32
132028 -40 7.79 18.32
129369 -40 7.79 18.32
129480 -40 7.79 18.32
129514 -40 7.79 18.32
134206 -40 7.79 18.32
122834 -40 7.79 18.32
128865 -40 7.79 18.32
132617 -40 7.79 18.32
131502 -40 7.79 18.32
132690 -40 7.79 18.32
127605 -40 7.79 18.32
130612 -40 7.79 18.32
126948 -40 7.79 18.32
130050 -40 7.79 18.32
129854 -40 7.79 18.32
125817 -40 7.79 18.32
130183 -40 7.79 18.32
125986 -40 7.79 18.32
128360 -40 7.79 18.32
126360 -40 7.79 18.32
127351 -40 7.79 18.32
129450 -40 7.79 18.32
128489 -40 7.79 18.32
131546 -40 7.79 18.32
131934 -40 7.79 18.32
125425 -40 7.79 18.32
129390 -40 7.79 18.32
130205 -40 7.79 18.32
129461 -40 7.79 18.32
129849 -40 7.79 18.32
127233 -40 7.79 18.32
130210 -40 7.79 18.32
129276 -40 7.79 18.32
248647 -40 -28.05 24.64
245393 -40 -28.05 24.64
242135 -40 -28.05 24.64
245951 -40 -28.05 24.64
239726 -40 -28.05 24.64
246921 -40 -28.05 24.64
243111 -40 -28.05 24.64
251901 -40 -28.05 24.64
245419 -40 -28.05 24.64
244543 -40 -28.05 24.64
246090 -40 -28.05 24.64
247312 -40 -28.05 24.64
242100 -40 -28.05 24.64
248353 -40 -28.05 24.64
244059 -40 -28.05 24.64
244739 -40 -28.05 24.64
249624 -40 -28.05 24.64
248041 -40 -28.05 24.64
250403 -40 -28.05 24.64
244765 -40 -28.05 24.64
243198 -40 -28.05 24.64
244877 -40 -28.05 24.64
247456 -40 -28.05 24.64
243395 -40 -28.05 24.64
244549 -40 -28.05 24.64
238925 -40 -28.05 24.64
245348 -40 -28.05 24.64
244121 -40 -28.05 24.64
243067 -40 -28.05 24.64
244006 -40 -28.05 24.64
249804 -40 -28.05 24.64
247486 -40 -28.05 24.64
243390 -40 -28.05 24.64
237746 -40 -28.05 24.64
241593 -40 -28.05 24.64
247993 -40 -28.05 24.64
247315 -40 -28.05 24.64
245409 -40 -28.05 24.64
247420 -40 -28.05 24.64
