#rtt sig_str x y
227841 -40 26.67 -21.65
226892 -40 26.67 -21.65
229168 -40 26.67 -21.65
228083 -40 26.67 -21.65
223510 -40 26.67 -21.65
225336 -40 26.67 -21.65
225297 -40 26.67 -21.65
225857 -40 26.67 -21.65
222978 -40 26.67 -21.65
221423 -40 26.67 -21.65
227347 -40 26.67 -21.65
228246 -40 26.67 -21.65
226981 -40 26.67 -21.65
221925 -40 26.67 -21.65
225870 -40 26.67 -21.65
227448 -40 26.67 -21.65
228262 -40 26.67 -21.65
224378 -40 26.67 -21.65
220606 -40 26.67 -21.65
228050 -40 26.67 -21.65
226597 -40 26.67 -21.65
226803 -40 26.67 -21.65
223643 -40 26.67 -21.65
226892 -40 26.67 -21.65
222533 -40 26.67 -21.65
228270 -40 26.67 -21.65
226993 -40 26.67 -21.65
224356 -40 26.67 -21.65
231954 -40 26.67 -21.65
224222 -40 26.67 -21.65
222457 -40 26.67 -21.65
224955 -40 26.67 -21.65
229697 -40 26.67 -21.65
224357 -40 26.67 -21.65
220948 -40 26.67 -21.65
228517 -40 26.67 -21.65
221069 -40 26.67 -21.65
228990 -40 26.67 -21.65
225573 -40 26.67 -21.65
23047 -40 -2.15 1.45
20181 -40 -2.15 1.45
23679 -40 -2.15 1.45
21663 -40 -2.15 1.45
22275 -40 -2.15 1.45
23482 -40 -2.15 1.45
20928 -40 -2.15 1.45
21421 -40 -2.15 1.45
19760 -40 -2.15 1.45
26035 -40 -2.15 1.45
23655 -40 -2.15 1.45
17579 -40 -2.15 1.45
18709 -40 -2.15 1.45
21327 -40 -2.15 1.45
22319 -40 -2.15 1.45
14064 -40 -2.15 1.45
17528 -40 -2.15 1.45
24050 -40 -2.15 1.45
27952 -40 -2.15 1.45
13329 -40 -2.15 1.45
24069 -40 -2.15 1.45
20736 -40 -2.15 1.45
13611 -40 -2.15 1.45
19894 -40 -2.15 1.45
19445 -40 -2.15 1.45
24950 -40 -2.15 1.45
22144 -40 -2.15 1.45
21726 -40 -2.15 1.45
22081 -40 -2.15 1.45
23948 -40 -2.15 1.45
21968 -40 -2.15 1.45
23939 -40 -2.15 1.45
19119 -40 -2.15 1.45
26154 -40 -2.15 1.45
22981 -40 -2.15 1.45
16628 -40 -2.15 1.45
18595 -40 -2.15 1.45
21350 -40 -2.15 1.45
22518 -40 -2.15 1.45
159413 -40 -18.44 15.38
162250 -40 -18.44 15.38
163352 -40 -18.44 15.38
160995 -40 -18.44 15.38
165736 -40 -18.44 15.38
162919 -40 -18.44 15.38
165183 -40 -18.44 15.38
164817 -40 -18.44 15.38
161684 -40 -18.44 15.38
159897 -40 -18.44 15.38
164748 -40 -18.44 15.38
164617 -40 -18.44 15.38
163687 -40 -18.44 15.38
161814 -40 -18.44 15.38
157836 -40 -18.44 15.38
159553 -40 -18.44 15.38
162673 -40 -18.44 15.38
165554 -40 -18.44 15.38
162664 -40 -18.44 15.38
168043 -40 -18.44 15.38
165493 -40 -18.44 15.38
161078 -40 -18.44 15.38
167548 -40 -18.44 15.38
164287 -40 -18.44 15.38
169093 -40 -18.44 15.38
160409 -40 -18.44 15.38
164378 -40 -18.44 15.38
162702 -40 -18.44 15.38
159921 -40 -18.44 15.38
166312 -40 -18.44 15.38
163376 -40 -18.44 15.38
168257 -40 -18.44 15.38
161434 -40 -18.44 15.38
163532 -40 -18.44 15.38
163038 -40 -18.44 15.38
160801 -40 -18.44 15.38
161339 -40 -18.44 15.38
162179 -40 -18.44 15.38
168872 -40 -18.44 15.38
79911 -40 4.91 -11.42
79085 -40 4.91 -11.42
80090 -40 4.91 -11.42
84185 -40 4.91 -11.42
79713 -40 4.91 -11.42
75980 -40 4.91 -11.42
85434 -40 4.91 -11.42
81961 -40 4.91 -11.42
82753 -40 4.91 -11.42
81901 -40 4.91 -11.42
81970 -40 4.91 -11.42
79796 -40 4.91 -11.42
79235 -40 4.91 -11.42
85025 -40 4.91 -11.42
83633 -40 4.91 -11.42
80334 -40 4.91 -11.42
84975 -40 4.91 -11.42
82031 -40 4.91 -11.42
78167 -40 4.91 -11.42
80625 -40 4.91 -11.42
80447 -40 4.91 -11.42
87333 -40 4.91 -11.42
80065 -40 4.91 -11.42
79961 -40 4.91 -11.42
79798 -40 4.91 -11.42
77416 -40 4.91 -11.42
82087 -40 4.91 -11.42
85130 -40 4.91 -11.42
78287 -40 4.91 -11.42
79822 -40 4.91 -11.42
80266 -40 4.91 -11.42
78569 -40 4.91 -11.42
80042 -40 4.91 -11.42
80954 -40 4.91 -11.42
76842 -40 4.91 -11.42
80183 -40 4.91 -11.42
81152 -40 4.91 -11.42
81113 -40 4.91 -11.42
82496 -40 4.91 -11.42
149354 -40 7.21 21.49
142327 -40 7.21 21.49
152199 -40 7.21 21.49
145848 -40 7.21 21.49
140490 -40 7.21 21.49
148082 -40 7.21 21.49
148632 -40 7.21 21.49
143527 -40 7.21 21.49
144153 -40 7.21 21.49
145101 -40 7.21 21.49
144087 -40 7.21 21.49
151379 -40 7.21 21.49
147331 -40 7.21 21.49
147443 -40 7.21 21.49
142794 -40 7.21 21.49
146137 -40 7.21 21.49
144514 -40 7.21 21.49
146288 -40 7.21 21.49
152631 -40 7.21 21.49
148321 -40 7.21 21.49
144644 -40 7.21 21.49
145534 -40 7.21 21.49
144827 -40 7.21 21.49
140749 -40 7.21 21.49
149757 -40 7.21 21.49
146234 -40 7.21 21.49
149023 -40 7.21 21.49
144161 -40 7.21 21.49
147921 -40 7.21 21.49
143071 -40 7.21 21.49
140456 -40 7.21 21.49
147223 -40 7.21 21.49
147726 -40 7.21 21.49
143293 -40 7.21 21.49
145250 -40 7.21 21.49
147374 -40 7.21 21.49
147580 -40 7.21 21.49
143149 -40 7.21 21.49
143582 -40 7.21 21.49
180421 -40 11.06 -25.99
180894 -40 11.06 -25.99
185255 -40 11.06 -25.99
180082 -40 11.06 -25.99
177122 -40 11.06 -25.99
182678 -40 11.06 -25.99
179218 -40 11.06 -25.99
181077 -40 11.06 -25.99
178227 -40 11.06 -25.99
185035 -40 11.06 -25.99
184395 -40 11.06 -25.99
184592 -40 11.06 -25.99
180395 -40 11.06 -25.99
177099 -40 11.06 -25.99
183982 -40 11.06 -25.99
184509 -40 11.06 -25.99
182975 -40 11.06 -25.99
184219 -40 11.06 -25.99
182955 -40 11.06 -25.99
183100 -40 11.06 -25.99
185293 -40 11.06 -25.99
182494 -40 11.06 -25.99
178369 -40 11.06 -25.99
178727 -40 11.06 -25.99
178995 -40 11.06 -25.99
177785 -40 11.06 -25.99
183406 -40 11.06 -25.99
181048 -40 11.06 -25.99
186114 -40 11.06 -25.99
180295 -40 11.06 -25.99
182271 -40 11.06 -25.99
179112 -40 11.06 -25.99
179778 -40 11.06 -25.99
184837 -40 11.06 -25.99
182290 -40 11.06 -25.99
176815 -40 11.06 -25.99
186231 -40 11.06 -25.99
184316 -40 11.06 -25.99
185114 -40 11.06 -25.99
156275 -40 -23.8 7.48
161560 -40 -23.8 7.48
154933 -40 -23.8 7.48
159444 -40 -23.8 7.48
154337 -40 -23.8 7.48
160691 -40 -23.8 7.48
158994 -40 -23.8 7.48
154931 -40 -23.8 7.48
162338 -40 -23.8 7.48
159785 -40 -23.8 7.48
157413 -40 -23.8 7.48
154286 -40 -23.8 7.48
158587 -40 -23.8 7.48
159769 -40 -23.8 7.48
161120 -40 -23.8 7.48
163416 -40 -23.8 7.48
154177 -40 -23.8 7.48
153114 -40 -23.8 7.48
164565 -40 -23.8 7.48
159075 -40 -23.8 7.48
155738 -40 -23.8 7.48
158388 -40 -23.8 7.48
160736 -40 -23.8 7.48
157248 -40 -23.8 7.48
162508 -40 -23.8 7.48
155787 -40 -23.8 7.48
156760 -40 -23.8 7.48
157795 -40 -23.8 7.48
155972 -40 -23.8 7.48
156366 -40 -23.8 7.48
159721 -40 -23.8 7.48
157451 -40 -23.8 7.48
155990 -40 -23.8 7.48
159481 -40 -23.8 7.48
154994 -40 -23.8 7.48
156102 -40 -23.8 7.48
159991 -40 -23.8 7.48
159047 -40 -23.8 7.48
158112 -40 -23.8 7.48
106477 -40 14.73 7.79
109721 -40 14.73 7.79
111125 -40 14.73 7.79
106867 -40 14.73 7.79
103540 -40 14.73 7.79
106175 -40 14.73 7.79
103142 -40 14.73 7.79
107225 -40 14.73 7.79
105709 -40 14.73 7.79
103772 -40 14.73 7.79
104362 -40 14.73 7.79
107556 -40 14.73 7.79
110836 -40 14.73 7.79
103232 -40 14.73 7.79
109077 -40 14.73 7.79
108277 -40 14.73 7.79
105033 -40 14.73 7.79
111816 -40 14.73 7.79
107996 -40 14.73 7.79
109642 -40 14.73 7.79
105660 -40 14.73 7.79
109393 -40 14.73 7.79
109503 -40 14.73 7.79
108273 -40 14.73 7.79
108408 -40 14.73 7.79
109227 -40 14.73 7.79
110185 -40 14.73 7.79
102119 -40 14.73 7.79
108823 -40 14.73 7.79
110352 -40 14.73 7.79
109304 -40 14.73 7.79
107733 -40 14.73 7.79
106317 -40 14.73 7.79
109237 -40 14.73 7.79
102991 -40 14.73 7.79
106340 -40 14.73 7.79
104661 -40 14.73 7.79
107580 -40 14.73 7.79
104495 -40 14.73 7.79
170199 -40 -13.08 -22.27
172570 -40 -13.08 -22.27
169870 -40 -13.08 -22.27
168112 -40 -13.08 -22.27
162407 -40 -13.08 -22.27
173448 -40 -13.08 -22.27
171361 -40 -13.08 -22.27
169885 -40 -13.08 -22.27
171099 -40 -13.08 -22.27
167537 -40 -13.08 -22.27
170597 -40 -13.08 -22.27
166439 -40 -13.08 -22.27
166769 -40 -13.08 -22.27
170841 -40 -13.08 -22.27
173985 -40 -13.08 -22.27
171318 -40 -13.08 -22.27
168867 -40 -13.08 -22.27
171400 -40 -13.08 -22.27
167077 -40 -13.08 -22.27
169044 -40 -13.08 -22.27
170042 -40 -13.08 -22.27
167815 -40 -13.08 -22.27
171324 -40 -13.08 -22.27
165632 -40 -13.08 -22.27
171236 -40 -13.08 -22.27
166731 -40 -13.08 -22.27
168795 -40 -13.08 -22.27
164525 -40 -13.08 -22.27
169742 -40 -13.08 -22.27
167134 -40 -13.08 -22.27
176014 -40 -13.08 -22.27
173290 -40 -13.08 -22.27
169469 -40 -13.08 -22.27
167892 -40 -13.08 -22.27
163572 -40 -13.08 -22.27
164586 -40 -13.08 -22.27
172433 -40 -13.08 -22.27
168917 -40 -13.08 -22.27
170121 -40 -13.08 -22.27
119197 -40 15.21 -11.65
122391 -40 15.21 -11.65
120206 -40 15.21 -11.65
122132 -40 15.21 -11.65
119467 -40 15.21 -11.65
121303 -40 15.21 -11.65
124132 -40 15.21 -11.65
123087 -40 15.21 -11.65
123106 -40 15.21 -11.65
121930 -40 15.21 -11.65
123297 -40 15.21 -11.65
121108 -40 15.21 -11.65
122885 -40 15.21 -11.65
119124 -40 15.21 -11.65
119064 -40 15.21 -11.65
124202 -40 15.21 -11.65
120272 -40 15.21 -11.65
118022 -40 15.21 -11.65
121581 -40 15.21 -11.65
124360 -40 15.21 -11.65
119519 -40 15.21 -11.65
121422 -40 15.21 -11.65
118032 -40 15.21 -11.65
123753 -40 15.21 -11.65
119923 -40 15.21 -11.65
121520 -40 15.21 -11.65
127304 -40 15.21 -11.65
124079 -40 15.21 -11.65
122455 -40 15.21 -11.65
121811 -40 15.21 -11.65
121488 -40 15.21 -11.65
117435 -40 15.21 -11.65
119083 -40 15.21 -11.65
123951 -40 15.21 -11.65
124384 -40 15.21 -11.65
119748 -40 15.21 -11.65
119833 -40 15.21 -11.65
126719 -40 15.21 -11.65
121940 -40 15.21 -11.65
