#rtt sig_str x y
160243 -40 -6.91 23.82
162790 -40 -6.91 23.82
160991 -40 -6.91 23.82
158700 -40 -6.91 23.82
160808 -40 -6.91 23.82
154740 -40 -6.91 23.82
166733 -40 -6.91 23.82
157455 -40 -6.91 23.82
158191 -40 -6.91 23.82
157082 -40 -6.91 23.82
160798 -40 -6.91 23.82
163149 -40 -6.91 23.82
156742 -40 -6.91 23.82
162214 -40 -6.91 23.82
158144 -40 -6.91 23.82
158027 -40 -6.91 23.82
160490 -40 -6.91 23.82
161320 -40 -6.91 23.82
159148 -40 -6.91 23.82
156598 -40 -6.91 23.82
154509 -40 -6.91 23.82
161898 -40 -6.91 23.82
158230 -40 -6.91 23.82
162337 -40 -6.91 23.82
156867 -40 -6.91 23.82
163770 -40 -6.91 23.82
160355 -40 -6.91 23.82
155335 -40 -6.91 23.82
158389 -40 -6.91 23.82
156456 -40 -6.91 23.82
158897 -40 -6.91 23.82
160016 -40 -6.91 23.82
163564 -40 -6.91 23.82
158065 -40 -6.91 23.82
156668 -40 -6.91 23.82
160602 -40 -6.91 23.82
160526 -40 -6.91 23.82
156579 -40 -6.91 23.82
160828 -40 -6.91 23.82
219976 -40 21.59 24.79
218152 -40 21.59 24.79
220651 -40 21.59 24.79
222669 -40 21.59 24.79
211636 -40 21.59 24.79
219195 -40 21.59 24.79
221974 -40 21.59 24.79
218577 -40 21.59 24.79
216984 -40 21.59 24.79
221441 -40 21.59 24.79
220015 -40 21.59 24.79
217701 -40 21.59 24.79
218701 -40 21.59 24.79
217907 -40 21.59 24.79
221889 -40 21.59 24.79
217467 -40 21.59 24.79
219744 -40 21.59 24.79
216195 -40 21.59 24.79
218504 -40 21.59 24.79
216169 -40 21.59 24.79
217082 -40 21.59 24.79
214583 -40 21.59 24.79
220298 -40 21.59 24.79
217396 -40 21.59 24.79
219269 -40 21.59 24.79
219702 -40 21.59 24.79
220774 -40 21.59 24.79
219270 -40 21.59 24.79
219301 -40 21.59 24.79
219237 -40 21.59 24.79
217798 -40 21.59 24.79
219986 -40 21.59 24.79
220769 -40 21.59 24.79
218719 -40 21.59 24.79
218803 -40 21.59 24.79
218998 -40 21.59 24.79
218340 -40 21.59 24.79
218717 -40 21.59 24.79
220784 -40 21.59 24.79
237675 -40 26.66 23.79
235965 -40 26.66 23.79
243536 -40 26.66 23.79
242421 -40 26.66 23.79
239601 -40 26.66 23.79
245184 -40 26.66 23.79
241708 -40 26.66 23.79
237515 -40 26.66 23.79
236148 -40 26.66 23.79
239599 -40 26.66 23.79
236556 -40 26.66 23.79
240124 -40 26.66 23.79
244241 -40 26.66 23.79
245007 -40 26.66 23.79
241201 -40 26.66 23.79
240817 -40 26.66 23.79
243448 -40 26.66 23.79
236656 -40 26.66 23.79
241959 -40 26.66 23.79
241892 -40 26.66 23.79
239727 -40 26.66 23.79
243551 -40 26.66 23.79
242656 -40 26.66 23.79
239175 -40 26.66 23.79
236815 -40 26.66 23.79
242379 -40 26.66 23.79
239961 -40 26.66 23.79
243451 -40 26.66 23.79
240845 -40 26.66 23.79
242475 -40 26.66 23.79
242969 -40 26.66 23.79
242015 -40 26.66 23.79
237752 -40 26.66 23.79
239391 -40 26.66 23.79
240474 -40 26.66 23.79
241563 -40 26.66 23.79
241663 -40 26.66 23.79
242787 -40 26.66 23.79
244252 -40 26.66 23.79
96505 -40 12.17 -5.86
95818 -40 12.17 -5.86
95770 -40 12.17 -5.86
99154 -40 12.17 -5.86
95197 -40 12.17 -5.86
100827 -40 12.17 -5.86
93499 -40 12.17 -5.86
100821 -40 12.17 -5.86
96760 -40 12.17 -5.86
93828 -40 12.17 -5.86
99335 -40 12.17 -5.86
100201 -40 12.17 -5.86
100135 -40 12.17 -5.86
98439 -40 12.17 -5.86
99309 -40 12.17 -5.86
96225 -40 12.17 -5.86
96843 -40 12.17 -5.86
97781 -40 12.17 -5.86
97301 -40 12.17 -5.86
105636 -40 12.17 -5.86
100186 -40 12.17 -5.86
96857 -40 12.17 -5.86
96118 -40 12.17 -5.86
101970 -40 12.17 -5.86
103242 -40 12.17 -5.86
100468 -40 12.17 -5.86
100480 -40 12.17 -5.86
99446 -40 12.17 -5.86
99020 -40 12.17 -5.86
100148 -40 12.17 -5.86
97157 -40 12.17 -5.86
101627 -40 12.17 -5.86
98969 -40 12.17 -5.86
95044 -40 12.17 -5.86
97028 -40 12.17 -5.86
102325 -40 12.17 -5.86
98022 -40 12.17 -5.86
99258 -40 12.17 -5.86
93327 -40 12.17 -5.86
169766 -40 8.02 24.34
174002 -40 8.02 24.34
173902 -40 8.02 24.34
172854 -40 8.02 24.34
174665 -40 8.02 24.34
168513 -40 8.02 24.34
177277 -40 8.02 24.34
169968 -40 8.02 24.34
174162 -40 8.02 24.34
169983 -40 8.02 24.34
168445 -40 8.02 24.34
172072 -40 8.02 24.34
173204 -40 8.02 24.34
170699 -40 8.02 24.34
170668 -40 8.02 24.34
169929 -40 8.02 24.34
173061 -40 8.02 24.34
171377 -40 8.02 24.34
167529 -40 8.02 24.34
167151 -40 8.02 24.34
171298 -40 8.02 24.34
167466 -40 8.02 24.34
173001 -40 8.02 24.34
171077 -40 8.02 24.34
166736 -40 8.02 24.34
166864 -40 8.02 24.34
172330 -40 8.02 24.34
171437 -40 8.02 24.34
170068 -40 8.02 24.34
171219 -40 8.02 24.34
170365 -40 8.02 24.34
170282 -40 8.02 24.34
171851 -40 8.02 24.34
170427 -40 8.02 24.34
173573 -40 8.02 24.34
170291 -40 8.02 24.34
170075 -40 8.02 24.34
170034 -40 8.02 24.34
168751 -40 8.02 24.34
44379 -40 6.36 1.48
43062 -40 6.36 1.48
43411 -40 6.36 1.48
47264 -40 6.36 1.48
46107 -40 6.36 1.48
47275 -40 6.36 1.48
48218 -40 6.36 1.48
37288 -40 6.36 1.48
49341 -40 6.36 1.48
47371 -40 6.36 1.48
42966 -40 6.36 1.48
46733 -40 6.36 1.48
42974 -40 6.36 1.48
44749 -40 6.36 1.48
50397 -40 6.36 1.48
47009 -40 6.36 1.48
46930 -40 6.36 1.48
50987 -40 6.36 1.48
44407 -40 6.36 1.48
48155 -40 6.36 1.48
40247 -40 6.36 1.48
47665 -40 6.36 1.48
44478 -40 6.36 1.48
40013 -40 6.36 1.48
46686 -40 6.36 1.48
40774 -40 6.36 1.48
46494 -40 6.36 1.48
46115 -40 6.36 1.48
44663 -40 6.36 1.48
45069 -40 6.36 1.48
44080 -40 6.36 1.48
45665 -40 6.36 1.48
46530 -40 6.36 1.48
41476 -40 6.36 1.48
46076 -40 6.36 1.48
46739 -40 6.36 1.48
44735 -40 6.36 1.48
42459 -40 6.36 1.48
48768 -40 6.36 1.48
177220 -40 -18 -20.38
176753 -40 -18 -20.38
176578 -40 -18 -20.38
178429 -40 -18 -20.38
181841 -40 -18 -20.38
174189 -40 -18 -20.38
179228 -40 -18 -20.38
180803 -40 -18 -20.38
181978 -40 -18 -20.38
178391 -40 -18 -20.38
176303 -40 -18 -20.38
181657 -40 -18 -20.38
177885 -40 -18 -20.38
179430 -40 -18 -20.38
179726 -40 -18 -20.38
180651 -40 -18 -20.38
178766 -40 -18 -20.38
177063 -40 -18 -20.38
180441 -40 -18 -20.38
177769 -40 -18 -20.38
175465 -40 -18 -20.38
179776 -40 -18 -20.38
176526 -40 -18 -20.38
177424 -40 -18 -20.38
177443 -40 -18 -20.38
176010 -40 -18 -20.38
178328 -40 -18 -20.38
175296 -40 -18 -20.38
179721 -40 -18 -20.38
178286 -40 -18 -20.38
181830 -40 -18 -20.38
178012 -40 -18 -20.38
175398 -40 -18 -20.38
181642 -40 -18 -20.38
174789 -40 -18 -20.38
179051 -40 -18 -20.38
174877 -40 -18 -20.38
176856 -40 -18 -20.38
174240 -40 -18 -20.38
148666 -40 -6.76 -21.76
149261 -40 -6.76 -21.76
149830 -40 -6.76 -21.76
148485 -40 -6.76 -21.76
149202 -40 -6.76 -21.76
151192 -40 -6.76 -21.76
156790 -40 -6.76 -21.76
150450 -40 -6.76 -21.76
149011 -40 -6.76 -21.76
147287 -40 -6.76 -21.76
146408 -40 -6.76 -21.76
152197 -40 -6.76 -21.76
145614 -40 -6.76 -21.76
151814 -40 -6.76 -21.76
149021 -40 -6.76 -21.76
149619 -40 -6.76 -21.76
149667 -40 -6.76 -21.76
145812 -40 -6.76 -21.76
150494 -40 -6.76 -21.76
152112 -40 -6.76 -21.76
149921 -40 -6.76 -21.76
151260 -40 -6.76 -21.76
152104 -40 -6.76 -21.76
145260 -40 -6.76 -21.76
148564 -40 -6.76 -21.76
154639 -40 -6.76 -21.76
144055 -40 -6.76 -21.76
154408 -40 -6.76 -21.76
148934 -40 -6.76 -21.76
148759 -40 -6.76 -21.76
149444 -40 -6.76 -21.76
148094 -40 -6.76 -21.76
147130 -40 -6.76 -21.76
150946 -40 -6.76 -21.76
151033 -40 -6.76 -21.76
150095 -40 -6.76 -21.76
148141 -40 -6.76 -21.76
148251 -40 -6.76 -21.76
149022 -40 -6.76 -21.76
170805 -40 -14.46 19.74
161767 -40 -14.46 19.74
167709 -40 -14.46 19.74
168114 -40 -14.46 19.74
164955 -40 -14.46 19.74
168372 -40 -14.46 19.74
165631 -40 -14.46 19.74
165531 -40 -14.46 19.74
167182 -40 -14.46 19.74
166910 -40 -14.46 19.74
167608 -40 -14.46 19.74
162408 -40 -14.46 19.74
167021 -40 -14.46 19.74
172573 -40 -14.46 19.74
167357 -40 -14.46 19.74
166754 -40 -14.46 19.74
166832 -40 -14.46 19.74
170270 -40 -14.46 19.74
167452 -40 -14.46 19.74
168235 -40 -14.46 19.74
167104 -40 -14.46 19.74
163138 -40 -14.46 19.74
169152 -40 -14.46 19.74
166544 -40 -14.46 19.74
167996 -40 -14.46 19.74
166523 -40 -14.46 19.74
164694 -40 -14.46 19.74
164038 -40 -14.46 19.74
167939 -40 -14.46 19.74
167018 -40 -14.46 19.74
168670 -40 -14.46 19.74
168194 -40 -14.46 19.74
163764 -40 -14.46 19.74
164987 -40 -14.46 19.74
163352 -40 -14.46 19.74
164345 -40 -14.46 19.74
167684 -40 -14.46 19.74
167213 -40 -14.46 19.74
165664 -40 -14.46 19.74
215048 -40 -25.53 18.27
217501 -40 -25.53 18.27
221531 -40 -25.53 18.27
220570 -40 -25.53 18.27
217451 -40 -25.53 18.27
217907 -40 -25.53 18.27
219643 -40 -25.53 18.27
216203 -40 -25.53 18.27
217546 -40 -25.53 18.27
216754 -40 -25.53 18.27
218498 -40 -25.53 18.27
216436 -40 -25.53 18.27
216133 -40 -25.53 18.27
217327 -40 -25.53 18.27
214317 -40 -25.53 18.27
218036 -40 -25.53 18.27
220045 -40 -25.53 18.27
215256 -40 -25.53 18.27
221256 -40 -25.53 18.27
213032 -40 -25.53 18.27
217600 -40 -25.53 18.27
218374 -40 -25.53 18.27
216312 -40 -25.53 18.27
217284 -40 -25.53 18.27
218950 -40 -25.53 18.27
212408 -40 -25.53 18.27
216384 -40 -25.53 18.27
216290 -40 -25.53 18.27
214823 -40 -25.53 18.27
210160 -40 -25.53 18.27
218608 -40 -25.53 18.27
216212 -40 -25.53 18.27
221977 -40 -25.53 18.27
221330 -40 -25.53 18.27
216582 -40 -25.53 18.27
217728 -40 -25.53 18.27
219380 -40 -25.53 18.27
218348 -40 -25.53 18.27
214024 -40 -25.53 18.27
