#rtt sig_str x y
188295 -40 2.81 -29.66
198849 -40 2.81 -29.66
192516 -40 2.81 -29.66
194711 -40 2.81 -29.66
198245 -40 2.81 -29.66
193198 -40 2.81 -29.66
193223 -40 2.81 -29.66
196097 -40 2.81 -29.66
189241 -40 2.81 -29.66
193853 -40 2.81 -29.66
192143 -40 2.81 -29.66
191733 -40 2.81 -29.66
190746 -40 2.81 -29.66
193007 -40 2.81 -29.66
190756 -40 2.81 -29.66
196617 -40 2.81 -29.66
198047 -40 2.81 -29.66
196365 -40 2.81 -29.66
192207 -40 2.81 -29.66
194243 -40 2.81 -29.66
194104 -40 2.81 -29.66
194391 -40 2.81 -29.66
191168 -40 2.81 -29.66
193222 -40 2.81 -29.66
198541 -40 2.81 -29.66
193757 -40 2.81 -29.66
188266 -40 2.81 -29.66
194375 -40 2.81 -29.66
193848 -40 2.81 -29.66
195053 -40 2.81 -29.66
197463 -40 2.81 -29.66
197869 -40 2.81 -29.66
187078 -40 2.81 -29.66
193555 -40 2.81 -29.66
190255 -40 2.81 -29.66
198033 -40 2.81 -29.66
193860 -40 2.81 -29.66
194028 -40 2.81 -29.66
193306 -40 2.81 -29.66
178071 -40 17.88 18.6
177219 -40 17.88 18.6
179717 -40 17.88 18.6
182063 -40 17.88 18.6
176677 -40 17.88 18.6
182437 -40 17.88 18.6
176891 -40 17.88 18.6
176977 -40 17.88 18.6
184136 -40 17.88 18.6
176537 -40 17.88 18.6
182442 -40 17.88 18.6
182748 -40 17.88 18.6
174171 -40 17.88 18.6
179559 -40 17.88 18.6
178752 -40 17.88 18.6
180843 -40 17.88 18.6
174124 -40 17.88 18.6
178267 -40 17.88 18.6
177288 -40 17.88 18.6
176353 -40 17.88 18.6
173195 -40 17.88 18.6
177664 -40 17.88 18.6
180230 -40 17.88 18.6
179009 -40 17.88 18.6
178592 -40 17.88 18.6
178958 -40 17.88 18.6
178802 -40 17.88 18.6
175393 -40 17.88 18.6
176769 -40 17.88 18.6
182646 -40 17.88 18.6
181109 -40 17.88 18.6
176996 -40 17.88 18.6
173326 -40 17.88 18.6
180019 -40 17.88 18.6
180670 -40 17.88 18.6
175007 -40 17.88 18.6
177526 -40 17.88 18.6
177407 -40 17.88 18.6
177392 -40 17.88 18.6
137849 -40 19.23 -7.99
134283 -40 19.23 -7.99
137687 -40 19.23 -7.99
142444 -40 19.23 -7.99
136784 -40 19.23 -7.99
134200 -40 19.23 -7.99
137306 -40 19.23 -7.99
136314 -40 19.23 -7.99
139583 -40 19.23 -7.99
139685 -40 19.23 -7.99
139361 -40 19.23 -7.99
137123 -40 19.23 -7.99
137143 -40 19.23 -7.99
136431 -40 19.23 -7.99
131280 -40 19.23 -7.99
137261 -40 19.23 -7.99
135203 -40 19.23 -7.99
141001 -40 19.23 -7.99
134481 -40 19.23 -7.99
140148 -40 19.23 -7.99
134517 -40 19.23 -7.99
138426 -40 19.23 -7.99
134722 -40 19.23 -7.99
140557 -40 19.23 -7.99
138698 -40 19.23 -7.99
140118 -40 19.23 -7.99
135661 -40 19.23 -7.99
138596 -40 19.23 -7.99
133405 -40 19.23 -7.99
142308 -40 19.23 -7.99
137893 -40 19.23 -7.99
139176 -40 19.23 -7.99
137018 -40 19.23 -7.99
137371 -40 19.23 -7.99
137154 -40 19.23 -7.99
138568 -40 19.23 -7.99
140347 -40 19.23 -7.99
133496 -40 19.23 -7.99
137719 -40 19.23 -7.99
198148 -40 -22.68 19.72
200852 -40 -22.68 19.72
197502 -40 -22.68 19.72
202069 -40 -22.68 19.72
195670 -40 -22.68 19.72
201962 -40 -22.68 19.72
197636 -40 -22.68 19.72
200296 -40 -22.68 19.72
198650 -40 -22.68 19.72
199050 -40 -22.68 19.72
200349 -40 -22.68 19.72
197008 -40 -22.68 19.72
199062 -40 -22.68 19.72
200545 -40 -22.68 19.72
206595 -40 -22.68 19.72
199632 -40 -22.68 19.72
204126 -40 -22.68 19.72
199205 -40 -22.68 19.72
205020 -40 -22.68 19.72
194104 -40 -22.68 19.72
198373 -40 -22.68 19.72
199527 -40 -22.68 19.72
201084 -40 -22.68 19.72
195796 -40 -22.68 19.72
202086 -40 -22.68 19.72
201839 -40 -22.68 19.72
199209 -40 -22.68 19.72
203435 -40 -22.68 19.72
201726 -40 -22.68 19.72
203610 -40 -22.68 19.72
201683 -40 -22.68 19.72
200090 -40 -22.68 19.72
201562 -40 -22.68 19.72
201629 -40 -22.68 19.72
200104 -40 -22.68 19.72
199693 -40 -22.68 19.72
198175 -40 -22.68 19.72
201049 -40 -22.68 19.72
200337 -40 -22.68 19.72
54465 -40 6.12 6.18
50440 -40 6.12 6.18
50700 -40 6.12 6.18
51416 -40 6.12 6.18
55000 -40 6.12 6.18
50467 -40 6.12 6.18
53512 -40 6.12 6.18
54747 -40 6.12 6.18
54873 -40 6.12 6.18
53757 -40 6.12 6.18
53231 -40 6.12 6.18
50595 -40 6.12 6.18
49403 -40 6.12 6.18
51669 -40 6.12 6.18
51222 -40 6.12 6.18
53866 -40 6.12 6.18
43949 -40 6.12 6.18
53078 -40 6.12 6.18
49688 -40 6.12 6.18
50506 -40 6.12 6.18
53322 -40 6.12 6.18
55538 -40 6.12 6.18
51142 -40 6.12 6.18
51636 -40 6.12 6.18
53521 -40 6.12 6.18
55464 -40 6.12 6.18
53359 -40 6.12 6.18
49692 -40 6.12 6.18
55219 -40 6.12 6.18
55356 -40 6.12 6.18
50503 -40 6.12 6.18
53441 -40 6.12 6.18
52965 -40 6.12 6.18
50936 -40 6.12 6.18
54613 -40 6.12 6.18
50669 -40 6.12 6.18
52661 -40 6.12 6.18
53187 -40 6.12 6.18
50794 -40 6.12 6.18
32656 -40 1.53 -5.4
37179 -40 1.53 -5.4
38264 -40 1.53 -5.4
35319 -40 1.53 -5.4
37442 -40 1.53 -5.4
41272 -40 1.53 -5.4
36726 -40 1.53 -5.4
35185 -40 1.53 -5.4
36870 -40 1.53 -5.4
38917 -40 1.53 -5.4
34207 -40 1.53 -5.4
37122 -40 1.53 -5.4
38169 -40 1.53 -5.4
37978 -40 1.53 -5.4
37810 -40 1.53 -5.4
36176 -40 1.53 -5.4
36678 -40 1.53 -5.4
37908 -40 1.53 -5.4
34278 -40 1.53 -5.4
34818 -40 1.53 -5.4
37136 -40 1.53 -5.4
33269 -40 1.53 -5.4
36939 -40 1.53 -5.4
38301 -40 1.53 -5.4
31561 -40 1.53 -5.4
36336 -40 1.53 -5.4
34510 -40 1.53 -5.4
36284 -40 1.53 -5.4
34997 -40 1.53 -5.4
37075 -40 1.53 -5.4
37746 -40 1.53 -5.4
37125 -40 1.53 -5.4
36133 -40 1.53 -5.4
35231 -40 1.53 -5.4
35150 -40 1.53 -5.4
35413 -40 1.53 -5.4
37511 -40 1.53 -5.4
39951 -40 1.53 -5.4
32426 -40 1.53 -5.4
108113 -40 -2.17 -16.33
105899 -40 -2.17 -16.33
108473 -40 -2.17 -16.33
112959 -40 -2.17 -16.33
108244 -40 -2.17 -16.33
106227 -40 -2.17 -16.33
111368 -40 -2.17 -16.33
107415 -40 -2.17 -16.33
105920 -40 -2.17 -16.33
107845 -40 -2.17 -16.33
109377 -40 -2.17 -16.33
112284 -40 -2.17 -16.33
107908 -40 -2.17 -16.33
108005 -40 -2.17 -16.33
111221 -40 -2.17 -16.33
103711 -40 -2.17 -16.33
111928 -40 -2.17 -16.33
110298 -40 -2.17 -16.33
108437 -40 -2.17 -16.33
106091 -40 -2.17 -16.33
111278 -40 -2.17 -16.33
105957 -40 -2.17 -16.33
106184 -40 -2.17 -16.33
109232 -40 -2.17 -16.33
110145 -40 -2.17 -16.33
113459 -40 -2.17 -16.33
108168 -40 -2.17 -16.33
110675 -40 -2.17 -16.33
112601 -40 -2.17 -16.33
109923 -40 -2.17 -16.33
108515 -40 -2.17 -16.33
108118 -40 -2.17 -16.33
111237 -40 -2.17 -16.33
104224 -40 -2.17 -16.33
110735 -40 -2.17 -16.33
105897 -40 -2.17 -16.33
110342 -40 -2.17 -16.33
106652 -40 -2.17 -16.33
106775 -40 -2.17 -16.33
77202 -40 -1.71 11.52
78978 -40 -1.71 11.52
76444 -40 -1.71 11.52
77386 -40 -1.71 11.52
80787 -40 -1.71 11.52
78578 -40 -1.71 11.52
72941 -40 -1.71 11.52
79806 -40 -1.71 11.52
75030 -40 -1.71 11.52
77858 -40 -1.71 11.52
81488 -40 -1.71 11.52
75512 -40 -1.71 11.52
74829 -40 -1.71 11.52
76517 -40 -1.71 11.52
77367 -40 -1.71 11.52
77187 -40 -1.71 11.52
76296 -40 -1.71 11.52
73639 -40 -1.71 11.52
76628 -40 -1.71 11.52
78423 -40 -1.71 11.52
78049 -40 -1.71 11.52
71073 -40 -1.71 11.52
79187 -40 -1.71 11.52
76663 -40 -1.71 11.52
78613 -40 -1.71 11.52
77773 -40 -1.71 11.52
74213 -40 -1.71 11.52
78615 -40 -1.71 11.52
77690 -40 -1.71 11.52
81088 -40 -1.71 11.52
77908 -40 -1.71 11.52
74973 -40 -1.71 11.52
79061 -40 -1.71 11.52
75959 -40 -1.71 11.52
78447 -40 -1.71 11.52
79197 -40 -1.71 11.52
78217 -40 -1.71 11.52
75430 -40 -1.71 11.52
77708 -40 -1.71 11.52
113836 -40 7.96 -15.16
109292 -40 7.96 -15.16
112108 -40 7.96 -15.16
115850 -40 7.96 -15.16
108742 -40 7.96 -15.16
110586 -40 7.96 -15.16
116660 -40 7.96 -15.16
108111 -40 7.96 -15.16
111763 -40 7.96 -15.16
108259 -40 7.96 -15.16
115363 -40 7.96 -15.16
115204 -40 7.96 -15.16
116185 -40 7.96 -15.16
108522 -40 7.96 -15.16
111830 -40 7.96 -15.16
110740 -40 7.96 -15.16
112717 -40 7.96 -15.16
109277 -40 7.96 -15.16
116018 -40 7.96 -15.16
116052 -40 7.96 -15.16
108517 -40 7.96 -15.16
110937 -40 7.96 -15.16
114002 -40 7.96 -15.16
112454 -40 7.96 -15.16
113438 -40 7.96 -15.16
113382 -40 7.96 -15.16
116765 -40 7.96 -15.16
111966 -40 7.96 -15.16
117636 -40 7.96 -15.16
113500 -40 7.96 -15.16
110774 -40 7.96 -15.16
111945 -40 7.96 -15.16
115506 -40 7.96 -15.16
108904 -40 7.96 -15.16
107648 -40 7.96 -15.16
113498 -40 7.96 -15.16
116021 -40 7.96 -15.16
111936 -40 7.96 -15.16
112739 -40 7.96 -15.16
239674 -40 25.54 25.73
243152 -40 25.54 25.73
243941 -40 25.54 25.73
241159 -40 25.54 25.73
243501 -40 25.54 25.73
240408 -40 25.54 25.73
242535 -40 25.54 25.73
242931 -40 25.54 25.73
242002 -40 25.54 25.73
245286 -40 25.54 25.73
241122 -40 25.54 25.73
241646 -40 25.54 25.73
241848 -40 25.54 25.73
238043 -40 25.54 25.73
244398 -40 25.54 25.73
244617 -40 25.54 25.73
244670 -40 25.54 25.73
240667 -40 25.54 25.73
247602 -40 25.54 25.73
242019 -40 25.54 25.73
244201 -40 25.54 25.73
243838 -40 25.54 25.73
244753 -40 25.54 25.73
244961 -40 25.54 25.73
242515 -40 25.54 25.73
238784 -40 25.54 25.73
242188 -40 25.54 25.73
237454 -40 25.54 25.73
239848 -40 25.54 25.73
244387 -40 25.54 25.73
243220 -40 25.54 25.73
239244 -40 25.54 25.73
247605 -40 25.54 25.73
246456 -40 25.54 25.73
241658 -40 25.54 25.73
243838 -40 25.54 25.73
246479 -40 25.54 25.73
238047 -40 25.54 25.73
246166 -40 25.54 25.73
