#rtt sig_str x y
72736 -40 -5.54 8.64
74163 -40 -5.54 8.64
71075 -40 -5.54 8.64
77436 -40 -5.54 8.64
76431 -40 -5.54 8.64
77651 -40 -5.54 8.64
77027 -40 -5.54 8.64
74140 -40 -5.54 8.64
73506 -40 -5.54 8.64
77848 -40 -5.54 8.64
78347 -40 -5.54 8.64
78022 -40 -5.54 8.64
78877 -40 -5.54 8.64
78124 -40 -5.54 8.64
74060 -40 -5.54 8.64
76570 -40 -5.54 8.64
80721 -40 -5.54 8.64
74636 -40 -5.54 8.64
74945 -40 -5.54 8.64
73856 -40 -5.54 8.64
77533 -40 -5.54 8.64
75411 -40 -5.54 8.64
75369 -40 -5.54 8.64
74426 -40 -5.54 8.64
73969 -40 -5.54 8.64
72766 -40 -5.54 8.64
74384 -40 -5.54 8.64
76597 -40 -5.54 8.64
75155 -40 -5.54 8.64
79194 -40 -5.54 8.64
74648 -40 -5.54 8.64
76396 -40 -5.54 8.64
74912 -40 -5.54 8.64
76379 -40 -5.54 8.64
76445 -40 -5.54 8.64
79005 -40 -5.54 8.64
75401 -40 -5.54 8.64
69851 -40 -5.54 8.64
75302 -40 -5.54 8.64
238173 -40 -26.68 -23.27
240072 -40 -26.68 -23.27
237027 -40 -26.68 -23.27
241660 -40 -26.68 -23.27
237119 -40 -26.68 -23.27
239343 -40 -26.68 -23.27
237512 -40 -26.68 -23.27
236594 -40 -26.68 -23.27
237531 -40 -26.68 -23.27
236836 -40 -26.68 -23.27
233652 -40 -26.68 -23.27
239604 -40 -26.68 -23.27
241152 -40 -26.68 -23.27
235673 -40 -26.68 -23.27
241728 -40 -26.68 -23.27
241714 -40 -26.68 -23.27
235814 -40 -26.68 -23.27
238276 -40 -26.68 -23.27
234932 -40 -26.68 -23.27
239755 -40 -26.68 -23.27
239796 -40 -26.68 -23.27
235379 -40 -26.68 -23.27
235956 -40 -26.68 -23.27
237760 -40 -26.68 -23.27
243122 -40 -26.68 -23.27
234357 -40 -26.68 -23.27
236476 -40 -26.68 -23.27
237819 -40 -26.68 -23.27
238329 -40 -26.68 -23.27
233363 -40 -26.68 -23.27
233777 -40 -26.68 -23.27
238040 -40 -26.68 -23.27
235864 -40 -26.68 -23.27
238622 -40 -26.68 -23.27
234951 -40 -26.68 -23.27
239230 -40 -26.68 -23.27
238484 -40 -26.68 -23.27
236579 -40 -26.68 -23.27
237746 -40 -26.68 -23.27
153825 -40 17.32 12.3
152829 -40 17.32 12.3
151806 -40 17.32 12.3
154385 -40 17.32 12.3
155236 -40 17.32 12.3
153212 -40 17.32 12.3
151970 -40 17.32 12.3
153817 -40 17.32 12.3
155758 -40 17.32 12.3
152253 -40 17.32 12.3
152996 -40 17.32 12.3
151596 -40 17.32 12.3
154866 -40 17.32 12.3
149894 -40 17.32 12.3
156400 -40 17.32 12.3
157502 -40 17.32 12.3
156494 -40 17.32 12.3
152811 -40 17.32 12.3
149312 -40 17.32 12.3
151403 -40 17.32 12.3
155511 -40 17.32 12.3
153000 -40 17.32 12.3
153314 -40 17.32 12.3
154120 -40 17.32 12.3
154591 -40 17.32 12.3
151940 -40 17.32 12.3
156826 -40 17.32 12.3
153706 -40 17.32 12.3
153463 -40 17.32 12.3
156182 -40 17.32 12.3
156548 -40 17.32 12.3
156576 -40 17.32 12.3
154075 -40 17.32 12.3
151357 -40 17.32 12.3
153040 -40 17.32 12.3
153375 -40 17.32 12.3
154361 -40 17.32 12.3
151755 -40 17.32 12.3
153749 -40 17.32 12.3
155515 -40 -12.76 -21.3
155921 -40 -12.76 -21.3
158370 -40 -12.76 -21.3
156611 -40 -12.76 -21.3
151991 -40 -12.76 -21.3
162203 -40 -12.76 -21.3
157595 -40 -12.76 -21.3
158931 -40 -12.76 -21.3
158824 -40 -12.76 -21.3
158270 -40 -12.76 -21.3
156913 -40 -12.76 -21.3
161153 -40 -12.76 -21.3
161410 -40 -12.76 -21.3
161108 -40 -12.76 -21.3
164070 -40 -12.76 -21.3
159960 -40 -12.76 -21.3
160581 -40 -12.76 -21.3
158359 -40 -12.76 -21.3
158004 -40 -12.76 -21.3
160577 -40 -12.76 -21.3
162909 -40 -12.76 -21.3
156850 -40 -12.76 -21.3
161665 -40 -12.76 -21.3
156352 -40 -12.76 -21.3
159589 -40 -12.76 -21.3
155707 -40 -12.76 -21.3
156064 -40 -12.76 -21.3
161997 -40 -12.76 -21.3
160967 -40 -12.76 -21.3
155306 -40 -12.76 -21.3
160582 -40 -12.76 -21.3
154408 -40 -12.76 -21.3
156694 -40 -12.76 -21.3
158063 -40 -12.76 -21.3
161124 -40 -12.76 -21.3
161009 -40 -12.76 -21.3
156336 -40 -12.76 -21.3
159107 -40 -12.76 -21.3
157599 -40 -12.76 -21.3
40982 -40 -2.98 5.17
39373 -40 -2.98 5.17
35891 -40 -2.98 5.17
38841 -40 -2.98 5.17
38544 -40 -2.98 5.17
37693 -40 -2.98 5.17
36880 -40 -2.98 5.17
40274 -40 -2.98 5.17
35558 -40 -2.98 5.17
35941 -40 -2.98 5.17
38796 -40 -2.98 5.17
33812 -40 -2.98 5.17
34530 -40 -2.98 5.17
41419 -40 -2.98 5.17
35449 -40 -2.98 5.17
37398 -40 -2.98 5.17
40768 -40 -2.98 5.17
36015 -40 -2.98 5.17
39502 -40 -2.98 5.17
34377 -40 -2.98 5.17
39615 -40 -2.98 5.17
38285 -40 -2.98 5.17
38167 -40 -2.98 5.17
35628 -40 -2.98 5.17
38881 -40 -2.98 5.17
41383 -40 -2.98 5.17
41538 -40 -2.98 5.17
40866 -40 -2.98 5.17
38234 -40 -2.98 5.17
42912 -40 -2.98 5.17
36495 -40 -2.98 5.17
38805 -40 -2.98 5.17
39305 -40 -2.98 5.17
43416 -40 -2.98 5.17
38273 -40 -2.98 5.17
37763 -40 -2.98 5.17
37122 -40 -2.98 5.17
39403 -40 -2.98 5.17
39182 -40 -2.98 5.17
178941 -40 -11.77 -21.96
179699 -40 -11.77 -21.96
179640 -40 -11.77 -21.96
175425 -40 -11.77 -21.96
181237 -40 -11.77 -21.96
177249 -40 -11.77 -21.96
181499 -40 -11.77 -21.96
180481 -40 -11.77 -21.96
180231 -40 -11.77 -21.96
179587 -40 -11.77 -21.96
179643 -40 -11.77 -21.96
184301 -40 -11.77 -21.96
177515 -40 -11.77 -21.96
179117 -40 -11.77 -21.96
177615 -40 -11.77 -21.96
179535 -40 -11.77 -21.96
185691 -40 -11.77 -21.96
182607 -40 -11.77 -21.96
186209 -40 -11.77 -21.96
184717 -40 -11.77 -21.96
181343 -40 -11.77 -21.96
175055 -40 -11.77 -21.96
182928 -40 -11.77 -21.96
181565 -40 -11.77 -21.96
174154 -40 -11.77 -21.96
178130 -40 -11.77 -21.96
180243 -40 -11.77 -21.96
178463 -40 -11.77 -21.96
177753 -40 -11.77 -21.96
179805 -40 -11.77 -21.96
181492 -40 -11.77 -21.96
181463 -40 -11.77 -21.96
178488 -40 -11.77 -21.96
177830 -40 -11.77 -21.96
177140 -40 -11.77 -21.96
180928 -40 -11.77 -21.96
182823 -40 -11.77 -21.96
179995 -40 -11.77 -21.96
178860 -40 -11.77 -21.96
130766 -40 1.58 -19.72
129482 -40 1.58 -19.72
126339 -40 1.58 -19.72
131641 -40 1.58 -19.72
125329 -40 1.58 -19.72
130799 -40 1.58 -19.72
128864 -40 1.58 -19.72
120874 -40 1.58 -19.72
128077 -40 1.58 -19.72
125936 -40 1.58 -19.72
124152 -40 1.58 -19.72
131706 -40 1.58 -19.72
130254 -40 1.58 -19.72
129688 -40 1.58 -19.72
125197 -40 1.58 -19.72
125840 -40 1.58 -19.72
126024 -40 1.58 -19.72
130261 -40 1.58 -19.72
129401 -40 1.58 -19.72
129515 -40 1.58 -19.72
127731 -40 1.58 -19.72
128948 -40 1.58 -19.72
126568 -40 1.58 -19.72
130680 -40 1.58 -19.72
129152 -40 1.58 -19.72
123303 -40 1.58 -19.72
132544 -40 1.58 -19.72
127686 -40 1.58 -19.72
131578 -40 1.58 -19.72
130432 -40 1.58 -19.72
127410 -40 1.58 -19.72
130320 -40 1.58 -19.72
125527 -40 1.58 -19.72
131953 -40 1.58 -19.72
134510 -40 1.58 -19.72
124324 -40 1.58 -19.72
130966 -40 1.58 -19.72
130620 -40 1.58 -19.72
130543 -40 1.58 -19.72
166381 -40 7.43 24.73
171988 -40 7.43 24.73
171678 -40 7.43 24.73
170380 -40 7.43 24.73
176013 -40 7.43 24.73
165694 -40 7.43 24.73
172124 -40 7.43 24.73
167888 -40 7.43 24.73
169860 -40 7.43 24.73
165835 -40 7.43 24.73
165801 -40 7.43 24.73
163677 -40 7.43 24.73
168487 -40 7.43 24.73
172500 -40 7.43 24.73
165331 -40 7.43 24.73
170190 -40 7.43 24.73
166874 -40 7.43 24.73
167818 -40 7.43 24.73
169014 -40 7.43 24.73
168121 -40 7.43 24.73
167575 -40 7.43 24.73
170125 -40 7.43 24.73
172215 -40 7.43 24.73
168066 -40 7.43 24.73
173487 -40 7.43 24.73
169312 -40 7.43 24.73
165008 -40 7.43 24.73
165469 -40 7.43 24.73
166676 -40 7.43 24.73
175286 -40 7.43 24.73
170066 -40 7.43 24.73
165513 -40 7.43 24.73
170118 -40 7.43 24.73
166617 -40 7.43 24.73
162409 -40 7.43 24.73
167896 -40 7.43 24.73
169837 -40 7.43 24.73
166589 -40 7.43 24.73
164859 -40 7.43 24.73
197100 -40 16.61 -23.88
193410 -40 16.61 -23.88
195797 -40 16.61 -23.88
193771 -40 16.61 -23.88
193604 -40 16.61 -23.88
196325 -40 16.61 -23.88
197076 -40 16.61 -23.88
194447 -40 16.61 -23.88
191905 -40 16.61 -23.88
195974 -40 16.61 -23.88
196059 -40 16.61 -23.88
188229 -40 16.61 -23.88
195748 -40 16.61 -23.88
193823 -40 16.61 -23.88
195055 -40 16.61 -23.88
191330 -40 16.61 -23.88
191762 -40 16.61 -23.88
195102 -40 16.61 -23.88
193346 -40 16.61 -23.88
195573 -40 16.61 -23.88
195115 -40 16.61 -23.88
195175 -40 16.61 -23.88
191625 -40 16.61 -23.88
195092 -40 16.61 -23.88
193952 -40 16.61 -23.88
195685 -40 16.61 -23.88
188173 -40 16.61 -23.88
193633 -40 16.61 -23.88
193388 -40 16.61 -23.88
193310 -40 16.61 -23.88
196040 -40 16.61 -23.88
199391 -40 16.61 -23.88
198543 -40 16.61 -23.88
197487 -40 16.61 -23.88
193073 -40 16.61 -23.88
189355 -40 16.61 -23.88
198806 -40 16.61 -23.88
194233 -40 16.61 -23.88
193140 -40 16.61 -23.88
75832 -40 11.18 0
74544 -40 11.18 0
73648 -40 11.18 0
73492 -40 11.18 0
77959 -40 11.18 0
77943 -40 11.18 0
76650 -40 11.18 0
74504 -40 11.18 0
72760 -40 11.18 0
72856 -40 11.18 0
73487 -40 11.18 0
76285 -40 11.18 0
78361 -40 11.18 0
70832 -40 11.18 0
76256 -40 11.18 0
74306 -40 11.18 0
71466 -40 11.18 0
76247 -40 11.18 0
79298 -40 11.18 0
80196 -40 11.18 0
75198 -40 11.18 0
80065 -40 11.18 0
77217 -40 11.18 0
74323 -40 11.18 0
73878 -40 11.18 0
77076 -40 11.18 0
72105 -40 11.18 0
74353 -40 11.18 0
75548 -40 11.18 0
76674 -40 11.18 0
72100 -40 11.18 0
76266 -40 11.18 0
71468 -40 11.18 0
78514 -40 11.18 0
76230 -40 11.18 0
75165 -40 11.18 0
73716 -40 11.18 0
72950 -40 11.18 0
73172 -40 11.18 0
