#rtt sig_str x y
127243 -40 -14.95 10.84
123202 -40 -14.95 10.84
121788 -40 -14.95 10.84
123744 -40 -14.95 10.84
120768 -40 -14.95 10.84
127107 -40 -14.95 10.84
118406 -40 -14.95 10.84
124302 -40 -14.95 10.84
118217 -40 -14.95 10.84
124698 -40 -14.95 10.84
121097 -40 -14.95 10.84
120869 -40 -14.95 10.84
121722 -40 -14.95 10.84
122482 -40 -14.95 10.84
118617 -40 -14.95 10.84
127139 -40 -14.95 10.84
124864 -40 -14.95 10.84
121743 -40 -14.95 10.84
121443 -40 -14.95 10.84
120783 -40 -14.95 10.84
123951 -40 -14.95 10.84
126779 -40 -14.95 10.84
123968 -40 -14.95 10.84
123031 -40 -14.95 10.84
124491 -40 -14.95 10.84
124810 -40 -14.95 10.84
124951 -40 -14.95 10.84
125732 -40 -14.95 10.84
127740 -40 -14.95 10.84
120578 -40 -14.95 10.84
124511 -40 -14.95 10.84
127681 -40 -14.95 10.84
120782 -40 -14.95 10.84
120832 -40 -14.95 10.84
124840 -40 -14.95 10.84
121254 -40 -14.95 10.84
120461 -40 -14.95 10.84
129025 -40 -14.95 10.84
123111 -40 -14.95 10.84
202525 -40 -27.24 -10.74
204578 -40 -27.24 -10.74
206346 -40 -27.24 -10.74
204167 -40 -27.24 -10.74
204689 -40 -27.24 -10.74
207371 -40 -27.24 -10.74
205882 -40 -27.24 -10.74
206752 -40 -27.24 -10.74
205730 -40 -27.24 -10.74
209796 -40 -27.24 -10.74
201466 -40 -27.24 -10.74
207438 -40 -27.24 -10.74
207441 -40 -27.24 -10.74
208092 -40 -27.24 -10.74
208285 -40 -27.24 -10.74
207530 -40 -27.24 -10.74
207416 -40 -27.24 -10.74
204192 -40 -27.24 -10.74
207669 -40 -27.24 -10.74
210935 -40 -27.24 -10.74
209477 -40 -27.24 -10.74
204719 -40 -27.24 -10.74
209030 -40 -27.24 -10.74
209127 -40 -27.24 -10.74
206801 -40 -27.24 -10.74
205869 -40 -27.24 -10.74
203668 -40 -27.24 -10.74
209910 -40 -27.24 -10.74
205186 -40 -27.24 -10.74
204102 -40 -27.24 -10.74
203369 -40 -27.24 -10.74
207741 -40 -27.24 -10.74
205586 -40 -27.24 -10.74
206416 -40 -27.24 -10.74
208584 -40 -27.24 -10.74
207125 -40 -27.24 -10.74
205578 -40 -27.24 -10.74
202987 -40 -27.24 -10.74
205301 -40 -27.24 -10.74
153769 -40 10.61 -20.68
152641 -40 10.61 -20.68
145347 -40 10.61 -20.68
155647 -40 10.61 -20.68
148614 -40 10.61 -20.68
155458 -40 10.61 -20.68
149656 -40 10.61 -20.68
150460 -40 10.61 -20.68
156174 -40 10.61 -20.68
152890 -40 10.61 -20.68
151763 -40 10.61 -20.68
159337 -40 10.61 -20.68
159102 -40 10.61 -20.68
153849 -40 10.61 -20.68
150682 -40 10.61 -20.68
151209 -40 10.61 -20.68
150104 -40 10.61 -20.68
153645 -40 10.61 -20.68
152075 -40 10.61 -20.68
151317 -40 10.61 -20.68
156921 -40 10.61 -20.68
153453 -40 10.61 -20.68
154804 -40 10.61 -20.68
155649 -40 10.61 -20.68
150981 -40 10.61 -20.68
154220 -40 10.61 -20.68
155356 -40 10.61 -20.68
155362 -40 10.61 -20.68
149647 -40 10.61 -20.68
150348 -40 10.61 -20.68
153212 -40 10.61 -20.68
152960 -40 10.61 -20.68
153244 -40 10.61 -20.68
150318 -40 10.61 -20.68
150331 -40 10.61 -20.68
151762 -40 10.61 -20.68
153451 -40 10.61 -20.68
149510 -40 10.61 -20.68
147836 -40 10.61 -20.68
186205 -40 -27.4 6.04
187481 -40 -27.4 6.04
183595 -40 -27.4 6.04
181469 -40 -27.4 6.04
186754 -40 -27.4 6.04
187672 -40 -27.4 6.04
183021 -40 -27.4 6.04
185151 -40 -27.4 6.04
187462 -40 -27.4 6.04
181230 -40 -27.4 6.04
183421 -40 -27.4 6.04
184397 -40 -27.4 6.04
189500 -40 -27.4 6.04
188617 -40 -27.4 6.04
186642 -40 -27.4 6.04
184370 -40 -27.4 6.04
188967 -40 -27.4 6.04
186752 -40 -27.4 6.04
186084 -40 -27.4 6.04
186527 -40 -27.4 6.04
184286 -40 -27.4 6.04
189376 -40 -27.4 6.04
184654 -40 -27.4 6.04
185759 -40 -27.4 6.04
184931 -40 -27.4 6.04
193775 -40 -27.4 6.04
183418 -40 -27.4 6.04
187552 -40 -27.4 6.04
187664 -40 -27.4 6.04
184950 -40 -27.4 6.04
186713 -40 -27.4 6.04
186357 -40 -27.4 6.04
185379 -40 -27.4 6.04
188223 -40 -27.4 6.04
187901 -40 -27.4 6.04
190351 -40 -27.4 6.04
185951 -40 -27.4 6.04
186570 -40 -27.4 6.04
188116 -40 -27.4 6.04
237910 -40 -23.02 25.47
230434 -40 -23.02 25.47
238257 -40 -23.02 25.47
233686 -40 -23.02 25.47
229727 -40 -23.02 25.47
241108 -40 -23.02 25.47
236818 -40 -23.02 25.47
238216 -40 -23.02 25.47
240381 -40 -23.02 25.47
241647 -40 -23.02 25.47
238929 -40 -23.02 25.47
241797 -40 -23.02 25.47
241063 -40 -23.02 25.47
241543 -40 -23.02 25.47
239660 -40 -23.02 25.47
238366 -40 -23.02 25.47
243524 -40 -23.02 25.47
241984 -40 -23.02 25.47
238816 -40 -23.02 25.47
238756 -40 -23.02 25.47
235475 -40 -23.02 25.47
233128 -40 -23.02 25.47
239827 -40 -23.02 25.47
241411 -40 -23.02 25.47
241145 -40 -23.02 25.47
236709 -40 -23.02 25.47
239959 -40 -23.02 25.47
236522 -40 -23.02 25.47
239172 -40 -23.02 25.47
240174 -40 -23.02 25.47
238127 -40 -23.02 25.47
240064 -40 -23.02 25.47
237637 -40 -23.02 25.47
237953 -40 -23.02 25.47
234379 -40 -23.02 25.47
238034 -40 -23.02 25.47
237502 -40 -23.02 25.47
237565 -40 -23.02 25.47
240338 -40 -23.02 25.47
116917 -40 6.23 17.27
118842 -40 6.23 17.27
117560 -40 6.23 17.27
118670 -40 6.23 17.27
119282 -40 6.23 17.27
121584 -40 6.23 17.27
119856 -40 6.23 17.27
121362 -40 6.23 17.27
123708 -40 6.23 17.27
117652 -40 6.23 17.27
119913 -40 6.23 17.27
119500 -40 6.23 17.27
116861 -40 6.23 17.27
120767 -40 6.23 17.27
120682 -40 6.23 17.27
121072 -40 6.23 17.27
121754 -40 6.23 17.27
114478 -40 6.23 17.27
123527 -40 6.23 17.27
119965 -40 6.23 17.27
121476 -40 6.23 17.27
116662 -40 6.23 17.27
119416 -40 6.23 17.27
116698 -40 6.23 17.27
123290 -40 6.23 17.27
120536 -40 6.23 17.27
117707 -40 6.23 17.27
119230 -40 6.23 17.27
117519 -40 6.23 17.27
119106 -40 6.23 17.27
117598 -40 6.23 17.27
119615 -40 6.23 17.27
120557 -40 6.23 17.27
114732 -40 6.23 17.27
119112 -40 6.23 17.27
117374 -40 6.23 17.27
123259 -40 6.23 17.27
114875 -40 6.23 17.27
117893 -40 6.23 17.27
161646 -40 -18.55 15.83
164125 -40 -18.55 15.83
167430 -40 -18.55 15.83
161417 -40 -18.55 15.83
160422 -40 -18.55 15.83
165031 -40 -18.55 15.83
163091 -40 -18.55 15.83
163227 -40 -18.55 15.83
171785 -40 -18.55 15.83
163820 -40 -18.55 15.83
159831 -40 -18.55 15.83
164722 -40 -18.55 15.83
165717 -40 -18.55 15.83
162149 -40 -18.55 15.83
161205 -40 -18.55 15.83
164422 -40 -18.55 15.83
161442 -40 -18.55 15.83
161030 -40 -18.55 15.83
161675 -40 -18.55 15.83
161239 -40 -18.55 15.83
165072 -40 -18.55 15.83
167174 -40 -18.55 15.83
162337 -40 -18.55 15.83
160272 -40 -18.55 15.83
166402 -40 -18.55 15.83
167300 -40 -18.55 15.83
165429 -40 -18.55 15.83
161318 -40 -18.55 15.83
164930 -40 -18.55 15.83
160439 -40 -18.55 15.83
163762 -40 -18.55 15.83
167724 -40 -18.55 15.83
163052 -40 -18.55 15.83
164738 -40 -18.55 15.83
159867 -40 -18.55 15.83
162654 -40 -18.55 15.83
162873 -40 -18.55 15.83
163224 -40 -18.55 15.83
160613 -40 -18.55 15.83
102131 -40 10.11 12.18
98332 -40 10.11 12.18
108117 -40 10.11 12.18
100803 -40 10.11 12.18
111214 -40 10.11 12.18
102398 -40 10.11 12.18
101623 -40 10.11 12.18
99234 -40 10.11 12.18
102009 -40 10.11 12.18
102772 -40 10.11 12.18
101895 -40 10.11 12.18
104762 -40 10.11 12.18
106638 -40 10.11 12.18
105307 -40 10.11 12.18
104538 -40 10.11 12.18
102609 -40 10.11 12.18
103442 -40 10.11 12.18
105641 -40 10.11 12.18
102620 -40 10.11 12.18
104516 -40 10.11 12.18
100864 -40 10.11 12.18
103216 -40 10.11 12.18
103397 -40 10.11 12.18
100249 -40 10.11 12.18
106701 -40 10.11 12.18
107040 -40 10.11 12.18
106058 -40 10.11 12.18
106273 -40 10.11 12.18
105870 -40 10.11 12.18
106294 -40 10.11 12.18
105468 -40 10.11 12.18
101396 -40 10.11 12.18
105921 -40 10.11 12.18
104477 -40 10.11 12.18
107948 -40 10.11 12.18
104338 -40 10.11 12.18
106200 -40 10.11 12.18
100493 -40 10.11 12.18
103997 -40 10.11 12.18
220539 -40 25.05 20.04
222932 -40 25.05 20.04
227159 -40 25.05 20.04
220796 -40 25.05 20.04
224842 -40 25.05 20.04
218278 -40 25.05 20.04
225429 -40 25.05 20.04
230299 -40 25.05 20.04
225749 -40 25.05 20.04
222363 -40 25.05 20.04
222209 -40 25.05 20.04
223031 -40 25.05 20.04
228999 -40 25.05 20.04
223351 -40 25.05 20.04
227315 -40 25.05 20.04
220391 -40 25.05 20.04
222609 -40 25.05 20.04
226005 -40 25.05 20.04
224987 -40 25.05 20.04
222509 -40 25.05 20.04
217789 -40 25.05 20.04
223909 -40 25.05 20.04
220764 -40 25.05 20.04
221578 -40 25.05 20.04
223962 -40 25.05 20.04
224184 -40 25.05 20.04
222507 -40 25.05 20.04
220104 -40 25.05 20.04
223383 -40 25.05 20.04
220942 -40 25.05 20.04
227078 -40 25.05 20.04
221921 -40 25.05 20.04
224112 -40 25.05 20.04
225964 -40 25.05 20.04
224858 -40 25.05 20.04
220963 -40 25.05 20.04
220540 -40 25.05 20.04
224282 -40 25.05 20.04
223767 -40 25.05 20.04
116563 -40 -4.87 18.12
119220 -40 -4.87 18.12
117265 -40 -4.87 18.12
116475 -40 -4.87 18.12
121198 -40 -4.87 18.12
121198 -40 -4.87 18.12
123170 -40 -4.87 18.12
121968 -40 -4.87 18.12
120666 -40 -4.87 18.12
116749 -40 -4.87 18.12
115798 -40 -4.87 18.12
118137 -40 -4.87 18.12
119019 -40 -4.87 18.12
120294 -40 -4.87 18.12
120666 -40 -4.87 18.12
122490 -40 -4.87 18.12
114470 -40 -4.87 18.12
118352 -40 -4.87 18.12
122089 -40 -4.87 18.12
120170 -40 -4.87 18.12
118941 -40 -4.87 18.12
120701 -40 -4.87 18.12
121159 -40 -4.87 18.12
117826 -40 -4.87 18.12
119028 -40 -4.87 18.12
121168 -40 -4.87 18.12
119874 -40 -4.87 18.12
115617 -40 -4.87 18.12
115730 -40 -4.87 18.12
117847 -40 -4.87 18.12
119146 -40 -4.87 18.12
115909 -40 -4.87 18.12
118493 -40 -4.87 18.12
119857 -40 -4.87 18.12
122795 -40 -4.87 18.12
117844 -40 -4.87 18.12
118342 -40 -4.87 18.12
121452 -40 -4.87 18.12
117141 -40 -4.87 18.12
