#rtt sig_str x y
134522 -40 -7.53 17.8
128690 -40 -7.53 17.8
125131 -40 -7.53 17.8
126144 -40 -7.53 17.8
124982 -40 -7.53 17.8
128240 -40 -7.53 17.8
124792 -40 -7.53 17.8
130215 -40 -7.53 17.8
125128 -40 -7.53 17.8
128267 -40 -7.53 17.8
126589 -40 -7.53 17.8
129816 -40 -7.53 17.8
127498 -40 -7.53 17.8
130990 -40 -7.53 17.8
123545 -40 -7.53 17.8
127187 -40 -7.53 17.8
127334 -40 -7.53 17.8
129042 -40 -7.53 17.8
126354 -40 -7.53 17.8
128820 -40 -7.53 17.8
128885 -40 -7.53 17.8
126361 -40 -7.53 17.8
124731 -40 -7.53 17.8
126456 -40 -7.53 17.8
128006 -40 -7.53 17.8
129045 -40 -7.53 17.8
124092 -40 -7.53 17.8
129571 -40 -7.53 17.8
132247 -40 -7.53 17.8
126936 -40 -7.53 17.8
129206 -40 -7.53 17.8
127218 -40 -7.53 17.8
124095 -40 -7.53 17.8
127447 -40 -7.53 17.8
132176 -40 -7.53 17.8
127629 -40 -7.53 17.8
128943 -40 -7.53 17.8
127524 -40 -7.53 17.8
128053 -40 -7.53 17.8
229203 -40 27.05 -19
223250 -40 27.05 -19
223266 -40 27.05 -19
225621 -40 27.05 -19
221101 -40 27.05 -19
221854 -40 27.05 -19
223644 -40 27.05 -19
225990 -40 27.05 -19
227945 -40 27.05 -19
222408 -40 27.05 -19
221232 -40 27.05 -19
219718 -40 27.05 -19
224341 -40 27.05 -19
222945 -40 27.05 -19
222498 -40 27.05 -19
223861 -40 27.05 -19
223164 -40 27.05 -19
226296 -40 27.05 -19
221635 -40 27.05 -19
225142 -40 27.05 -19
222942 -40 27.05 -19
222228 -40 27.05 -19
222942 -40 27.05 -19
223756 -40 27.05 -19
225976 -40 27.05 -19
226299 -40 27.05 -19
224085 -40 27.05 -19
224995 -40 27.05 -19
225370 -40 27.05 -19
224955 -40 27.05 -19
225160 -40 27.05 -19
225721 -40 27.05 -19
225320 -40 27.05 -19
223683 -40 27.05 -19
225252 -40 27.05 -19
227816 -40 27.05 -19
224319 -40 27.05 -19
225707 -40 27.05 -19
219573 -40 27.05 -19
154802 -40 13.92 16.78
152242 -40 13.92 16.78
155899 -40 13.92 16.78
153835 -40 13.92 16.78
154963 -40 13.92 16.78
152670 -40 13.92 16.78
159367 -40 13.92 16.78
156909 -40 13.92 16.78
151445 -40 13.92 16.78
153607 -40 13.92 16.78
149110 -40 13.92 16.78
156918 -40 13.92 16.78
155136 -40 13.92 16.78
149285 -40 13.92 16.78
152543 -40 13.92 16.78
152673 -40 13.92 16.78
149806 -40 13.92 16.78
154867 -40 13.92 16.78
151481 -40 13.92 16.78
153740 -40 13.92 16.78
155392 -40 13.92 16.78
154934 -40 13.92 16.78
153639 -40 13.92 16.78
156469 -40 13.92 16.78
157197 -40 13.92 16.78
151114 -40 13.92 16.78
154061 -40 13.92 16.78
154968 -40 13.92 16.78
153257 -40 13.92 16.78
149120 -40 13.92 16.78
150572 -40 13.92 16.78
151666 -40 13.92 16.78
150682 -40 13.92 16.78
155091 -40 13.92 16.78
151082 -40 13.92 16.78
151742 -40 13.92 16.78
151119 -40 13.92 16.78
151769 -40 13.92 16.78
148577 -40 13.92 16.78
56684 -40 5.92 5.81
54500 -40 5.92 5.81
58127 -40 5.92 5.81
57173 -40 5.92 5.81
57163 -40 5.92 5.81
59348 -40 5.92 5.81
57922 -40 5.92 5.81
56216 -40 5.92 5.81
60707 -40 5.92 5.81
56442 -40 5.92 5.81
55516 -40 5.92 5.81
57828 -40 5.92 5.81
57597 -40 5.92 5.81
60227 -40 5.92 5.81
59990 -40 5.92 5.81
54699 -40 5.92 5.81
56107 -40 5.92 5.81
58055 -40 5.92 5.81
52515 -40 5.92 5.81
59319 -40 5.92 5.81
57357 -40 5.92 5.81
59489 -40 5.92 5.81
49969 -40 5.92 5.81
61606 -40 5.92 5.81
59293 -40 5.92 5.81
54454 -40 5.92 5.81
56956 -40 5.92 5.81
57351 -40 5.92 5.81
55889 -40 5.92 5.81
58460 -40 5.92 5.81
58269 -40 5.92 5.81
57838 -40 5.92 5.81
64327 -40 5.92 5.81
57451 -40 5.92 5.81
57517 -40 5.92 5.81
59427 -40 5.92 5.81
50554 -40 5.92 5.81
54326 -40 5.92 5.81
58510 -40 5.92 5.81
133165 -40 -20.64 -3.25
127498 -40 -20.64 -3.25
136860 -40 -20.64 -3.25
135260 -40 -20.64 -3.25
133016 -40 -20.64 -3.25
136769 -40 -20.64 -3.25
139884 -40 -20.64 -3.25
136167 -40 -20.64 -3.25
135802 -40 -20.64 -3.25
132337 -40 -20.64 -3.25
130277 -40 -20.64 -3.25
135027 -40 -20.64 -3.25
140314 -40 -20.64 -3.25
139092 -40 -20.64 -3.25
136217 -40 -20.64 -3.25
138311 -40 -20.64 -3.25
136881 -40 -20.64 -3.25
139882 -40 -20.64 -3.25
138172 -40 -20.64 -3.25
138335 -40 -20.64 -3.25
132055 -40 -20.64 -3.25
135544 -40 -20.64 -3.25
138221 -40 -20.64 -3.25
135605 -40 -20.64 -3.25
130896 -40 -20.64 -3.25
139327 -40 -20.64 -3.25
140275 -40 -20.64 -3.25
135720 -40 -20.64 -3.25
136243 -40 -20.64 -3.25
133867 -40 -20.64 -3.25
138963 -40 -20.64 -3.25
132213 -40 -20.64 -3.25
135754 -40 -20.64 -3.25
134201 -40 -20.64 -3.25
136853 -40 -20.64 -3.25
136748 -40 -20.64 -3.25
133669 -40 -20.64 -3.25
136536 -40 -20.64 -3.25
135957 -40 -20.64 -3.25
209725 -40 -20.64 -24.01
204382 -40 -20.64 -24.01
208905 -40 -20.64 -24.01
210729 -40 -20.64 -24.01
209487 -40 -20.64 -24.01
209035 -40 -20.64 -24.01
210569 -40 -20.64 -24.01
211331 -40 -20.64 -24.01
207179 -40 -20.64 -24.01
207856 -40 -20.64 -24.01
208672 -40 -20.64 -24.01
211557 -40 -20.64 -24.01
206262 -40 -20.64 -24.01
211133 -40 -20.64 -24.01
209159 -40 -20.64 -24.01
209308 -40 -20.64 -24.01
213789 -40 -20.64 -24.01
208282 -40 -20.64 -24.01
210304 -40 -20.64 -24.01
210955 -40 -20.64 -24.01
205622 -40 -20.64 -24.01
209124 -40 -20.64 -24.01
210120 -40 -20.64 -24.01
214882 -40 -20.64 -24.01
210364 -40 -20.64 -24.01
210587 -40 -20.64 -24.01
212393 -40 -20.64 -24.01
208259 -40 -20.64 -24.01
209336 -40 -20.64 -24.01
212179 -40 -20.64 -24.01
213931 -40 -20.64 -24.01
210893 -40 -20.64 -24.01
206893 -40 -20.64 -24.01
211894 -40 -20.64 -24.01
209961 -40 -20.64 -24.01
217681 -40 -20.64 -24.01
213045 -40 -20.64 -24.01
210969 -40 -20.64 -24.01
211537 -40 -20.64 -24.01
168083 -40 -26.52 -2.45
170721 -40 -26.52 -2.45
170008 -40 -26.52 -2.45
172920 -40 -26.52 -2.45
173039 -40 -26.52 -2.45
169269 -40 -26.52 -2.45
175868 -40 -26.52 -2.45
173484 -40 -26.52 -2.45
170135 -40 -26.52 -2.45
172608 -40 -26.52 -2.45
171529 -40 -26.52 -2.45
169347 -40 -26.52 -2.45
169825 -40 -26.52 -2.45
171836 -40 -26.52 -2.45
172248 -40 -26.52 -2.45
173042 -40 -26.52 -2.45
170027 -40 -26.52 -2.45
166204 -40 -26.52 -2.45
168274 -40 -26.52 -2.45
170973 -40 -26.52 -2.45
169334 -40 -26.52 -2.45
170501 -40 -26.52 -2.45
171584 -40 -26.52 -2.45
173791 -40 -26.52 -2.45
167432 -40 -26.52 -2.45
170382 -40 -26.52 -2.45
169559 -40 -26.52 -2.45
167974 -40 -26.52 -2.45
169782 -40 -26.52 -2.45
171712 -40 -26.52 -2.45
173359 -40 -26.52 -2.45
166948 -40 -26.52 -2.45
172806 -40 -26.52 -2.45
170441 -40 -26.52 -2.45
172620 -40 -26.52 -2.45
172484 -40 -26.52 -2.45
171559 -40 -26.52 -2.45
170642 -40 -26.52 -2.45
169618 -40 -26.52 -2.45
165218 -40 21.97 -9.98
166934 -40 21.97 -9.98
165851 -40 21.97 -9.98
163844 -40 21.97 -9.98
161534 -40 21.97 -9.98
164621 -40 21.97 -9.98
162073 -40 21.97 -9.98
161415 -40 21.97 -9.98
161251 -40 21.97 -9.98
165971 -40 21.97 -9.98
164720 -40 21.97 -9.98
163921 -40 21.97 -9.98
163237 -40 21.97 -9.98
165580 -40 21.97 -9.98
167831 -40 21.97 -9.98
163642 -40 21.97 -9.98
164962 -40 21.97 -9.98
164296 -40 21.97 -9.98
167926 -40 21.97 -9.98
167595 -40 21.97 -9.98
166253 -40 21.97 -9.98
165026 -40 21.97 -9.98
159733 -40 21.97 -9.98
164525 -40 21.97 -9.98
166373 -40 21.97 -9.98
164901 -40 21.97 -9.98
165534 -40 21.97 -9.98
161830 -40 21.97 -9.98
158594 -40 21.97 -9.98
165723 -40 21.97 -9.98
165995 -40 21.97 -9.98
162582 -40 21.97 -9.98
163857 -40 21.97 -9.98
161107 -40 21.97 -9.98
168120 -40 21.97 -9.98
167768 -40 21.97 -9.98
160634 -40 21.97 -9.98
161722 -40 21.97 -9.98
164737 -40 21.97 -9.98
154416 -40 6.07 -21.43
154416 -40 6.07 -21.43
160114 -40 6.07 -21.43
153541 -40 6.07 -21.43
154438 -40 6.07 -21.43
148217 -40 6.07 -21.43
150724 -40 6.07 -21.43
152303 -40 6.07 -21.43
150266 -40 6.07 -21.43
153217 -40 6.07 -21.43
154261 -40 6.07 -21.43
155317 -40 6.07 -21.43
154778 -40 6.07 -21.43
155004 -40 6.07 -21.43
154023 -40 6.07 -21.43
155797 -40 6.07 -21.43
151173 -40 6.07 -21.43
156273 -40 6.07 -21.43
160149 -40 6.07 -21.43
154279 -40 6.07 -21.43
155953 -40 6.07 -21.43
158154 -40 6.07 -21.43
150835 -40 6.07 -21.43
151465 -40 6.07 -21.43
156401 -40 6.07 -21.43
151832 -40 6.07 -21.43
151011 -40 6.07 -21.43
154288 -40 6.07 -21.43
154093 -40 6.07 -21.43
150248 -40 6.07 -21.43
153774 -40 6.07 -21.43
152308 -40 6.07 -21.43
151963 -40 6.07 -21.43
153509 -40 6.07 -21.43
151879 -40 6.07 -21.43
154579 -40 6.07 -21.43
156068 -40 6.07 -21.43
152140 -40 6.07 -21.43
156441 -40 6.07 -21.43
92674 -40 12.49 9.05
99316 -40 12.49 9.05
97844 -40 12.49 9.05
99588 -40 12.49 9.05
93781 -40 12.49 9.05
91668 -40 12.49 9.05
97849 -40 12.49 9.05
101052 -40 12.49 9.05
99991 -40 12.49 9.05
95641 -40 12.49 9.05
99053 -40 12.49 9.05
97363 -40 12.49 9.05
95064 -40 12.49 9.05
101980 -40 12.49 9.05
98958 -40 12.49 9.05
97462 -40 12.49 9.05
102577 -40 12.49 9.05
98482 -40 12.49 9.05
100091 -40 12.49 9.05
101555 -40 12.49 9.05
91279 -40 12.49 9.05
96648 -40 12.49 9.05
95425 -40 12.49 9.05
96880 -40 12.49 9.05
99721 -40 12.49 9.05
103893 -40 12.49 9.05
95396 -40 12.49 9.05
96217 -40 12.49 9.05
91959 -40 12.49 9.05
96390 -40 12.49 9.05
96329 -40 12.49 9.05
98351 -40 12.49 9.05
96856 -40 12.49 9.05
100831 -40 12.49 9.05
100266 -40 12.49 9.05
97442 -40 12.49 9.05
98344 -40 12.49 9.05
97347 -40 12.49 9.05
93980 -40 12.49 9.05
