#rtt sig_str x y
148315 -40 -23.1 -0.19
156181 -40 -23.1 -0.19
152619 -40 -23.1 -0.19
148982 -40 -23.1 -0.19
155706 -40 -23.1 -0.19
154824 -40 -23.1 -0.19
154068 -40 -23.1 -0.19
152405 -40 -23.1 -0.19
146729 -40 -23.1 -0.19
149756 -40 -23.1 -0.19
145819 -40 -23.1 -0.19
154379 -40 -23.1 -0.19
150123 -40 -23.1 -0.19
150060 -40 -23.1 -0.19
149226 -40 -23.1 -0.19
150673 -40 -23.1 -0.19
151640 -40 -23.1 -0.19
151909 -40 -23.1 -0.19
151866 -40 -23.1 -0.19
153545 -40 -23.1 -0.19
145447 -40 -23.1 -0.19
153898 -40 -23.1 -0.19
151032 -40 -23.1 -0.19
150332 -40 -23.1 -0.19
150183 -40 -23.1 -0.19
150750 -40 -23.1 -0.19
153239 -40 -23.1 -0.19
152262 -40 -23.1 -0.19
148784 -40 -23.1 -0.19
150104 -40 -23.1 -0.19
150914 -40 -23.1 -0.19
152288 -40 -23.1 -0.19
149812 -40 -23.1 -0.19
150293 -40 -23.1 -0.19
153685 -40 -23.1 -0.19
151960 -40 -23.1 -0.19
151259 -40 -23.1 -0.19
153722 -40 -23.1 -0.19
150198 -40 -23.1 -0.19
168795 -40 6.55 -23.83
171409 -40 6.55 -23.83
167096 -40 6.55 -23.83
169295 -40 6.55 -23.83
171816 -40 6.55 -23.83
170725 -40 6.55 -23.83
168732 -40 6.55 -23.83
166030 -40 6.55 -23.83
165746 -40 6.55 -23.83
171617 -40 6.55 -23.83
170232 -40 6.55 -23.83
171532 -40 6.55 -23.83
166543 -40 6.55 -23.83
169007 -40 6.55 -23.83
170099 -40 6.55 -23.83
173759 -40 6.55 -23.83
170941 -40 6.55 -23.83
169416 -40 6.55 -23.83
171439 -40 6.55 -23.83
171859 -40 6.55 -23.83
169917 -40 6.55 -23.83
169257 -40 6.55 -23.83
167489 -40 6.55 -23.83
174314 -40 6.55 -23.83
170895 -40 6.55 -23.83
167011 -40 6.55 -23.83
170807 -40 6.55 -23.83
170973 -40 6.55 -23.83
172273 -40 6.55 -23.83
169843 -40 6.55 -23.83
171699 -40 6.55 -23.83
172541 -40 6.55 -23.83
169401 -40 6.55 -23.83
168639 -40 6.55 -23.83
163387 -40 6.55 -23.83
170805 -40 6.55 -23.83
173499 -40 6.55 -23.83
173264 -40 6.55 -23.83
169709 -40 6.55 -23.83
217681 -40 -22 -21.08
224262 -40 -22 -21.08
224248 -40 -22 -21.08
221719 -40 -22 -21.08
216817 -40 -22 -21.08
216472 -40 -22 -21.08
217445 -40 -22 -21.08
220924 -40 -22 -21.08
217554 -40 -22 -21.08
222525 -40 -22 -21.08
219536 -40 -22 -21.08
218297 -40 -22 -21.08
219090 -40 -22 -21.08
223478 -40 -22 -21.08
220905 -40 -22 -21.08
222349 -40 -22 -21.08
222194 -40 -22 -21.08
220551 -40 -22 -21.08
222444 -40 -22 -21.08
221295 -40 -22 -21.08
218568 -40 -22 -21.08
216324 -40 -22 -21.08
222701 -40 -22 -21.08
220566 -40 -22 -21.08
216481 -40 -22 -21.08
220324 -40 -22 -21.08
220095 -40 -22 -21.08
220176 -40 -22 -21.08
218627 -40 -22 -21.08
216514 -40 -22 -21.08
213591 -40 -22 -21.08
221675 -40 -22 -21.08
223023 -40 -22 -21.08
218698 -40 -22 -21.08
217507 -40 -22 -21.08
218892 -40 -22 -21.08
217993 -40 -22 -21.08
217975 -40 -22 -21.08
220784 -40 -22 -21.08
176554 -40 -15.57 -19.68
170082 -40 -15.57 -19.68
169758 -40 -15.57 -19.68
169660 -40 -15.57 -19.68
171238 -40 -15.57 -19.68
171522 -40 -15.57 -19.68
168543 -40 -15.57 -19.68
172670 -40 -15.57 -19.68
173420 -40 -15.57 -19.68
170275 -40 -15.57 -19.68
167970 -40 -15.57 -19.68
173554 -40 -15.57 -19.68
174098 -40 -15.57 -19.68
168773 -40 -15.57 -19.68
168426 -40 -15.57 -19.68
170887 -40 -15.57 -19.68
171360 -40 -15.57 -19.68
174168 -40 -15.57 -19.68
171653 -40 -15.57 -19.68
169732 -40 -15.57 -19.68
172687 -40 -15.57 -19.68
175155 -40 -15.57 -19.68
172524 -40 -15.57 -19.68
168214 -40 -15.57 -19.68
172352 -40 -15.57 -19.68
175352 -40 -15.57 -19.68
168052 -40 -15.57 -19.68
165789 -40 -15.57 -19.68
175331 -40 -15.57 -19.68
167683 -40 -15.57 -19.68
172844 -40 -15.57 -19.68
171856 -40 -15.57 -19.68
170523 -40 -15.57 -19.68
169340 -40 -15.57 -19.68
166777 -40 -15.57 -19.68
172901 -40 -15.57 -19.68
174698 -40 -15.57 -19.68
170047 -40 -15.57 -19.68
168505 -40 -15.57 -19.68
145357 -40 -10.37 18.67
143580 -40 -10.37 18.67
140248 -40 -10.37 18.67
146802 -40 -10.37 18.67
143937 -40 -10.37 18.67
142502 -40 -10.37 18.67
144178 -40 -10.37 18.67
144345 -40 -10.37 18.67
142237 -40 -10.37 18.67
145576 -40 -10.37 18.67
140826 -40 -10.37 18.67
140934 -40 -10.37 18.67
145937 -40 -10.37 18.67
139084 -40 -10.37 18.67
143599 -40 -10.37 18.67
145185 -40 -10.37 18.67
147457 -40 -10.37 18.67
141562 -40 -10.37 18.67
142863 -40 -10.37 18.67
147154 -40 -10.37 18.67
143842 -40 -10.37 18.67
145970 -40 -10.37 18.67
140000 -40 -10.37 18.67
144969 -40 -10.37 18.67
145933 -40 -10.37 18.67
144925 -40 -10.37 18.67
147085 -40 -10.37 18.67
147537 -40 -10.37 18.67
146370 -40 -10.37 18.67
144607 -40 -10.37 18.67
146027 -40 -10.37 18.67
145161 -40 -10.37 18.67
143256 -40 -10.37 18.67
142959 -40 -10.37 18.67
146718 -40 -10.37 18.67
140182 -40 -10.37 18.67
142385 -40 -10.37 18.67
147830 -40 -10.37 18.67
146012 -40 -10.37 18.67
221212 -40 21.55 -25.52
219884 -40 21.55 -25.52
221860 -40 21.55 -25.52
222714 -40 21.55 -25.52
227931 -40 21.55 -25.52
221139 -40 21.55 -25.52
223824 -40 21.55 -25.52
219284 -40 21.55 -25.52
223375 -40 21.55 -25.52
221376 -40 21.55 -25.52
222270 -40 21.55 -25.52
223542 -40 21.55 -25.52
220679 -40 21.55 -25.52
224306 -40 21.55 -25.52
227365 -40 21.55 -25.52
214248 -40 21.55 -25.52
225256 -40 21.55 -25.52
225691 -40 21.55 -25.52
227206 -40 21.55 -25.52
222336 -40 21.55 -25.52
219390 -40 21.55 -25.52
223563 -40 21.55 -25.52
224723 -40 21.55 -25.52
225374 -40 21.55 -25.52
228852 -40 21.55 -25.52
221924 -40 21.55 -25.52
226671 -40 21.55 -25.52
220967 -40 21.55 -25.52
218579 -40 21.55 -25.52
221800 -40 21.55 -25.52
220837 -40 21.55 -25.52
222420 -40 21.55 -25.52
224261 -40 21.55 -25.52
222720 -40 21.55 -25.52
228010 -40 21.55 -25.52
223090 -40 21.55 -25.52
223447 -40 21.55 -25.52
223864 -40 21.55 -25.52
220456 -40 21.55 -25.52
199542 -40 9.97 -27.3
201307 -40 9.97 -27.3
196198 -40 9.97 -27.3
198005 -40 9.97 -27.3
195551 -40 9.97 -27.3
200109 -40 9.97 -27.3
199208 -40 9.97 -27.3
200704 -40 9.97 -27.3
203667 -40 9.97 -27.3
199348 -40 9.97 -27.3
196692 -40 9.97 -27.3
204555 -40 9.97 -27.3
200422 -40 9.97 -27.3
198659 -40 9.97 -27.3
200949 -40 9.97 -27.3
200962 -40 9.97 -27.3
206734 -40 9.97 -27.3
200551 -40 9.97 -27.3
201401 -40 9.97 -27.3
200197 -40 9.97 -27.3
203808 -40 9.97 -27.3
200559 -40 9.97 -27.3
197984 -40 9.97 -27.3
198799 -40 9.97 -27.3
199865 -40 9.97 -27.3
201295 -40 9.97 -27.3
200878 -40 9.97 -27.3
198369 -40 9.97 -27.3
199445 -40 9.97 -27.3
201213 -40 9.97 -27.3
201985 -40 9.97 -27.3
200935 -40 9.97 -27.3
199129 -40 9.97 -27.3
199896 -40 9.97 -27.3
195340 -40 9.97 -27.3
197965 -40 9.97 -27.3
196897 -40 9.97 -27.3
201616 -40 9.97 -27.3
199656 -40 9.97 -27.3
44241 -40 2.47 6.73
43002 -40 2.47 6.73
38975 -40 2.47 6.73
41165 -40 2.47 6.73
45706 -40 2.47 6.73
46437 -40 2.47 6.73
44412 -40 2.47 6.73
45957 -40 2.47 6.73
46911 -40 2.47 6.73
41100 -40 2.47 6.73
46294 -40 2.47 6.73
43253 -40 2.47 6.73
46340 -40 2.47 6.73
46117 -40 2.47 6.73
49004 -40 2.47 6.73
45203 -40 2.47 6.73
45166 -40 2.47 6.73
46280 -40 2.47 6.73
44679 -40 2.47 6.73
41812 -40 2.47 6.73
42021 -40 2.47 6.73
45654 -40 2.47 6.73
43404 -40 2.47 6.73
42083 -40 2.47 6.73
44049 -40 2.47 6.73
44767 -40 2.47 6.73
44994 -40 2.47 6.73
43208 -40 2.47 6.73
45423 -40 2.47 6.73
48783 -40 2.47 6.73
47446 -40 2.47 6.73
45283 -40 2.47 6.73
45027 -40 2.47 6.73
42212 -40 2.47 6.73
45744 -40 2.47 6.73
51905 -40 2.47 6.73
43107 -40 2.47 6.73
43239 -40 2.47 6.73
46212 -40 2.47 6.73
182915 -40 -28.26 5.69
183035 -40 -28.26 5.69
183162 -40 -28.26 5.69
181687 -40 -28.26 5.69
179451 -40 -28.26 5.69
184236 -40 -28.26 5.69
185093 -40 -28.26 5.69
183998 -40 -28.26 5.69
183998 -40 -28.26 5.69
182065 -40 -28.26 5.69
180961 -40 -28.26 5.69
182792 -40 -28.26 5.69
183565 -40 -28.26 5.69
185155 -40 -28.26 5.69
183545 -40 -28.26 5.69
185920 -40 -28.26 5.69
183789 -40 -28.26 5.69
183607 -40 -28.26 5.69
183161 -40 -28.26 5.69
181923 -40 -28.26 5.69
178499 -40 -28.26 5.69
184363 -40 -28.26 5.69
182620 -40 -28.26 5.69
180069 -40 -28.26 5.69
182980 -40 -28.26 5.69
187176 -40 -28.26 5.69
181799 -40 -28.26 5.69
180078 -40 -28.26 5.69
187122 -40 -28.26 5.69
181632 -40 -28.26 5.69
177052 -40 -28.26 5.69
180599 -40 -28.26 5.69
179877 -40 -28.26 5.69
184149 -40 -28.26 5.69
185117 -40 -28.26 5.69
184507 -40 -28.26 5.69
185190 -40 -28.26 5.69
180707 -40 -28.26 5.69
182458 -40 -28.26 5.69
134221 -40 14.03 -14.97
129723 -40 14.03 -14.97
137101 -40 14.03 -14.97
141719 -40 14.03 -14.97
138770 -40 14.03 -14.97
134993 -40 14.03 -14.97
134736 -40 14.03 -14.97
136555 -40 14.03 -14.97
131507 -40 14.03 -14.97
133348 -40 14.03 -14.97
137184 -40 14.03 -14.97
138253 -40 14.03 -14.97
138474 -40 14.03 -14.97
135016 -40 14.03 -14.97
137233 -40 14.03 -14.97
136794 -40 14.03 -14.97
141358 -40 14.03 -14.97
135266 -40 14.03 -14.97
142020 -40 14.03 -14.97
138875 -40 14.03 -14.97
135085 -40 14.03 -14.97
138150 -40 14.03 -14.97
134143 -40 14.03 -14.97
138149 -40 14.03 -14.97
133357 -40 14.03 -14.97
142129 -40 14.03 -14.97
142792 -40 14.03 -14.97
136759 -40 14.03 -14.97
135298 -40 14.03 -14.97
137507 -40 14.03 -14.97
135195 -40 14.03 -14.97
134522 -40 14.03 -14.97
138034 -40 14.03 -14.97
139327 -40 14.03 -14.97
137796 -40 14.03 -14.97
135189 -40 14.03 -14.97
136504 -40 14.03 -14.97
135240 -40 14.03 -14.97
135581 -40 14.03 -14.97
