#rtt sig_str x y
215669 -40 29.35 -11.73
213737 -40 29.35 -11.73
219008 -40 29.35 -11.73
216627 -40 29.35 -11.73
215974 -40 29.35 -11.73
217815 -40 29.35 -11.73
217632 -40 29.35 -11.73
220779 -40 29.35 -11.73
215767 -40 29.35 -11.73
217971 -40 29.35 -11.73
215105 -40 29.35 -11.73
223382 -40 29.35 -11.73
216076 -40 29.35 -11.73
221145 -40 29.35 -11.73
216536 -40 29.35 -11.73
214361 -40 29.35 -11.73
216507 -40 29.35 -11.73
215243 -40 29.35 -11.73
215069 -40 29.35 -11.73
216448 -40 29.35 -11.73
217837 -40 29.35 -11.73
218680 -40 29.35 -11.73
216651 -40 29.35 -11.73
217977 -40 29.35 -11.73
218361 -40 29.35 -11.73
218542 -40 29.35 -11.73
220289 -40 29.35 -11.73
218703 -40 29.35 -11.73
220741 -40 29.35 -11.73
220402 -40 29.35 -11.73
219921 -40 29.35 -11.73
219165 -40 29.35 -11.73
218428 -40 29.35 -11.73
214875 -40 29.35 -11.73
220878 -40 29.35 -11.73
216639 -40 29.35 -11.73
218972 -40 29.35 -11.73
219525 -40 29.35 -11.73
214429 -40 29.35 -11.73
81904 -40 2.97 10.29
84957 -40 2.97 10.29
77757 -40 2.97 10.29
86329 -40 2.97 10.29
82494 -40 2.97 10.29
83352 -40 2.97 10.29
82356 -40 2.97 10.29
83231 -40 2.97 10.29
78208 -40 2.97 10.29
82048 -40 2.97 10.29
83032 -40 2.97 10.29
84340 -40 2.97 10.29
82562 -40 2.97 10.29
83813 -40 2.97 10.29
82705 -40 2.97 10.29
85010 -40 2.97 10.29
82289 -40 2.97 10.29
82280 -40 2.97 10.29
84598 -40 2.97 10.29
82219 -40 2.97 10.29
82556 -40 2.97 10.29
86986 -40 2.97 10.29
83838 -40 2.97 10.29
85223 -40 2.97 10.29
81035 -40 2.97 10.29
83513 -40 2.97 10.29
82964 -40 2.97 10.29
82820 -40 2.97 10.29
82054 -40 2.97 10.29
84011 -40 2.97 10.29
83122 -40 2.97 10.29
81538 -40 2.97 10.29
86975 -40 2.97 10.29
80307 -40 2.97 10.29
81630 -40 2.97 10.29
82261 -40 2.97 10.29
80919 -40 2.97 10.29
84368 -40 2.97 10.29
85665 -40 2.97 10.29
94304 -40 -13.12 -4.79
91601 -40 -13.12 -4.79
91499 -40 -13.12 -4.79
91921 -40 -13.12 -4.79
87147 -40 -13.12 -4.79
87565 -40 -13.12 -4.79
93499 -40 -13.12 -4.79
90620 -40 -13.12 -4.79
94278 -40 -13.12 -4.79
87713 -40 -13.12 -4.79
86925 -40 -13.12 -4.79
89137 -40 -13.12 -4.79
89601 -40 -13.12 -4.79
93039 -40 -13.12 -4.79
91460 -40 -13.12 -4.79
94643 -40 -13.12 -4.79
92554 -40 -13.12 -4.79
93682 -40 -13.12 -4.79
89108 -40 -13.12 -4.79
94105 -40 -13.12 -4.79
91552 -40 -13.12 -4.79
92427 -40 -13.12 -4.79
87307 -40 -13.12 -4.79
91507 -40 -13.12 -4.79
91402 -40 -13.12 -4.79
94098 -40 -13.12 -4.79
88970 -40 -13.12 -4.79
94327 -40 -13.12 -4.79
91635 -40 -13.12 -4.79
92499 -40 -13.12 -4.79
91582 -40 -13.12 -4.79
89502 -40 -13.12 -4.79
93352 -40 -13.12 -4.79
89459 -40 -13.12 -4.79
86787 -40 -13.12 -4.79
92054 -40 -13.12 -4.79
89663 -40 -13.12 -4.79
86848 -40 -13.12 -4.79
93032 -40 -13.12 -4.79
252564 -40 -25.37 27.44
253555 -40 -25.37 27.44
255551 -40 -25.37 27.44
251421 -40 -25.37 27.44
251550 -40 -25.37 27.44
250143 -40 -25.37 27.44
251045 -40 -25.37 27.44
255691 -40 -25.37 27.44
254034 -40 -25.37 27.44
249749 -40 -25.37 27.44
250569 -40 -25.37 27.44
251814 -40 -25.37 27.44
254244 -40 -25.37 27.44
247865 -40 -25.37 27.44
247903 -40 -25.37 27.44
247393 -40 -25.37 27.44
253560 -40 -25.37 27.44
250062 -40 -25.37 27.44
254477 -40 -25.37 27.44
251966 -40 -25.37 27.44
251974 -40 -25.37 27.44
252872 -40 -25.37 27.44
250211 -40 -25.37 27.44
249863 -40 -25.37 27.44
251531 -40 -25.37 27.44
252244 -40 -25.37 27.44
246295 -40 -25.37 27.44
253422 -40 -25.37 27.44
249197 -40 -25.37 27.44
248603 -40 -25.37 27.44
247316 -40 -25.37 27.44
253305 -40 -25.37 27.44
245839 -40 -25.37 27.44
252182 -40 -25.37 27.44
250769 -40 -25.37 27.44
247193 -40 -25.37 27.44
250241 -40 -25.37 27.44
248985 -40 -25.37 27.44
251147 -40 -25.37 27.44
179433 -40 -3.33 24.88
170944 -40 -3.33 24.88
173513 -40 -3.33 24.88
174572 -40 -3.33 24.88
168282 -40 -3.33 24.88
174503 -40 -3.33 24.88
172575 -40 -3.33 24.88
169496 -40 -3.33 24.88
167334 -40 -3.33 24.88
172704 -40 -3.33 24.88
173309 -40 -3.33 24.88
174396 -40 -3.33 24.88
168520 -40 -3.33 24.88
175227 -40 -3.33 24.88
174096 -40 -3.33 24.88
170010 -40 -3.33 24.88
170730 -40 -3.33 24.88
170406 -40 -3.33 24.88
173229 -40 -3.33 24.88
172915 -40 -3.33 24.88
171833 -40 -3.33 24.88
168300 -40 -3.33 24.88
172066 -40 -3.33 24.88
171763 -40 -3.33 24.88
171016 -40 -3.33 24.88
172230 -40 -3.33 24.88
171454 -40 -3.33 24.88
172436 -40 -3.33 24.88
164785 -40 -3.33 24.88
176071 -40 -3.33 24.88
175249 -40 -3.33 24.88
165910 -40 -3.33 24.88
170205 -40 -3.33 24.88
171959 -40 -3.33 24.88
168747 -40 -3.33 24.88
169084 -40 -3.33 24.88
171281 -40 -3.33 24.88
173762 -40 -3.33 24.88
168599 -40 -3.33 24.88
13025 -40 -1.63 -1.15
11943 -40 -1.63 -1.15
10456 -40 -1.63 -1.15
14650 -40 -1.63 -1.15
11754 -40 -1.63 -1.15
11096 -40 -1.63 -1.15
12486 -40 -1.63 -1.15
17909 -40 -1.63 -1.15
17844 -40 -1.63 -1.15
10348 -40 -1.63 -1.15
12597 -40 -1.63 -1.15
12181 -40 -1.63 -1.15
15228 -40 -1.63 -1.15
16989 -40 -1.63 -1.15
13682 -40 -1.63 -1.15
13880 -40 -1.63 -1.15
10933 -40 -1.63 -1.15
11219 -40 -1.63 -1.15
12258 -40 -1.63 -1.15
15540 -40 -1.63 -1.15
12321 -40 -1.63 -1.15
13425 -40 -1.63 -1.15
16153 -40 -1.63 -1.15
10833 -40 -1.63 -1.15
16086 -40 -1.63 -1.15
16197 -40 -1.63 -1.15
13610 -40 -1.63 -1.15
11483 -40 -1.63 -1.15
19517 -40 -1.63 -1.15
14815 -40 -1.63 -1.15
12912 -40 -1.63 -1.15
12100 -40 -1.63 -1.15
15290 -40 -1.63 -1.15
12244 -40 -1.63 -1.15
19370 -40 -1.63 -1.15
12716 -40 -1.63 -1.15
15072 -40 -1.63 -1.15
17177 -40 -1.63 -1.15
17212 -40 -1.63 -1.15
192911 -40 -27.09 13.18
191478 -40 -27.09 13.18
196825 -40 -27.09 13.18
195638 -40 -27.09 13.18
191955 -40 -27.09 13.18
192660 -40 -27.09 13.18
195478 -40 -27.09 13.18
196035 -40 -27.09 13.18
195988 -40 -27.09 13.18
192007 -40 -27.09 13.18
192694 -40 -27.09 13.18
196531 -40 -27.09 13.18
195392 -40 -27.09 13.18
195887 -40 -27.09 13.18
193553 -40 -27.09 13.18
193712 -40 -27.09 13.18
194505 -40 -27.09 13.18
191042 -40 -27.09 13.18
193863 -40 -27.09 13.18
191923 -40 -27.09 13.18
195788 -40 -27.09 13.18
194124 -40 -27.09 13.18
191042 -40 -27.09 13.18
188089 -40 -27.09 13.18
198313 -40 -27.09 13.18
194978 -40 -27.09 13.18
194043 -40 -27.09 13.18
193007 -40 -27.09 13.18
190044 -40 -27.09 13.18
199920 -40 -27.09 13.18
194046 -40 -27.09 13.18
194509 -40 -27.09 13.18
192920 -40 -27.09 13.18
191102 -40 -27.09 13.18
194756 -40 -27.09 13.18
193993 -40 -27.09 13.18
196738 -40 -27.09 13.18
194136 -40 -27.09 13.18
191499 -40 -27.09 13.18
147229 -40 -20.2 -8.08
145865 -40 -20.2 -8.08
144374 -40 -20.2 -8.08
142478 -40 -20.2 -8.08
141963 -40 -20.2 -8.08
139811 -40 -20.2 -8.08
141876 -40 -20.2 -8.08
146809 -40 -20.2 -8.08
143649 -40 -20.2 -8.08
144875 -40 -20.2 -8.08
142140 -40 -20.2 -8.08
144390 -40 -20.2 -8.08
144094 -40 -20.2 -8.08
144718 -40 -20.2 -8.08
145144 -40 -20.2 -8.08
146716 -40 -20.2 -8.08
148280 -40 -20.2 -8.08
143975 -40 -20.2 -8.08
149209 -40 -20.2 -8.08
144324 -40 -20.2 -8.08
145680 -40 -20.2 -8.08
144850 -40 -20.2 -8.08
142701 -40 -20.2 -8.08
147522 -40 -20.2 -8.08
143295 -40 -20.2 -8.08
145352 -40 -20.2 -8.08
149124 -40 -20.2 -8.08
145349 -40 -20.2 -8.08
145593 -40 -20.2 -8.08
141634 -40 -20.2 -8.08
146439 -40 -20.2 -8.08
143894 -40 -20.2 -8.08
144345 -40 -20.2 -8.08
142635 -40 -20.2 -8.08
145685 -40 -20.2 -8.08
143444 -40 -20.2 -8.08
147125 -40 -20.2 -8.08
143607 -40 -20.2 -8.08
145521 -40 -20.2 -8.08
228944 -40 -23.05 -26.57
235041 -40 -23.05 -26.57
234491 -40 -23.05 -26.57
232990 -40 -23.05 -26.57
228403 -40 -23.05 -26.57
230396 -40 -23.05 -26.57
233273 -40 -23.05 -26.57
233065 -40 -23.05 -26.57
235965 -40 -23.05 -26.57
238024 -40 -23.05 -26.57
231270 -40 -23.05 -26.57
232910 -40 -23.05 -26.57
231749 -40 -23.05 -26.57
231452 -40 -23.05 -26.57
236317 -40 -23.05 -26.57
238255 -40 -23.05 -26.57
233239 -40 -23.05 -26.57
234049 -40 -23.05 -26.57
233326 -40 -23.05 -26.57
231362 -40 -23.05 -26.57
231323 -40 -23.05 -26.57
230668 -40 -23.05 -26.57
230720 -40 -23.05 -26.57
239238 -40 -23.05 -26.57
233261 -40 -23.05 -26.57
230487 -40 -23.05 -26.57
237178 -40 -23.05 -26.57
231290 -40 -23.05 -26.57
232045 -40 -23.05 -26.57
234635 -40 -23.05 -26.57
231075 -40 -23.05 -26.57
234672 -40 -23.05 -26.57
233573 -40 -23.05 -26.57
231997 -40 -23.05 -26.57
233479 -40 -23.05 -26.57
231082 -40 -23.05 -26.57
236720 -40 -23.05 -26.57
231594 -40 -23.05 -26.57
231961 -40 -23.05 -26.57
119207 -40 7.64 -16.88
123798 -40 7.64 -16.88
121604 -40 7.64 -16.88
126058 -40 7.64 -16.88
128981 -40 7.64 -16.88
120393 -40 7.64 -16.88
121384 -40 7.64 -16.88
125637 -40 7.64 -16.88
121168 -40 7.64 -16.88
119365 -40 7.64 -16.88
120616 -40 7.64 -16.88
116385 -40 7.64 -16.88
120673 -40 7.64 -16.88
119645 -40 7.64 -16.88
122384 -40 7.64 -16.88
122525 -40 7.64 -16.88
123521 -40 7.64 -16.88
118107 -40 7.64 -16.88
121703 -40 7.64 -16.88
120584 -40 7.64 -16.88
125985 -40 7.64 -16.88
120958 -40 7.64 -16.88
115523 -40 7.64 -16.88
122137 -40 7.64 -16.88
121225 -40 7.64 -16.88
122039 -40 7.64 -16.88
123894 -40 7.64 -16.88
120976 -40 7.64 -16.88
116786 -40 7.64 -16.88
121684 -40 7.64 -16.88
122938 -40 7.64 -16.88
122621 -40 7.64 -16.88
120903 -40 7.64 -16.88
127665 -40 7.64 -16.88
124256 -40 7.64 -16.88
121713 -40 7.64 -16.88
127596 -40 7.64 -16.88
122000 -40 7.64 -16.88
119175 -40 7.64 -16.88
