#rtt sig_str x y
150127 -40 17.03 -14.52
148332 -40 17.03 -14.52
147041 -40 17.03 -14.52
146692 -40 17.03 -14.52
147639 -40 17.03 -14.52
149664 -40 17.03 -14.52
151532 -40 17.03 -14.52
151955 -40 17.03 -14.52
145389 -40 17.03 -14.52
146733 -40 17.03 -14.52
150030 -40 17.03 -14.52
147434 -40 17.03 -14.52
147927 -40 17.03 -14.52
148986 -40 17.03 -14.52
147073 -40 17.03 -14.52
148421 -40 17.03 -14.52
149331 -40 17.03 -14.52
144603 -40 17.03 -14.52
156426 -40 17.03 -14.52
147248 -40 17.03 -14.52
147640 -40 17.03 -14.52
146334 -40 17.03 -14.52
148052 -40 17.03 -14.52
146519 -40 17.03 -14.52
151167 -40 17.03 -14.52
147557 -40 17.03 -14.52
146072 -40 17.03 -14.52
144338 -40 17.03 -14.52
147286 -40 17.03 -14.52
148890 -40 17.03 -14.52
143320 -40 17.03 -14.52
143822 -40 17.03 -14.52
151462 -40 17.03 -14.52
150776 -40 17.03 -14.52
151915 -40 17.03 -14.52
148999 -40 17.03 -14.52
150880 -40 17.03 -14.52
147867 -40 17.03 -14.52
149308 -40 17.03 -14.52
95456 -40 8.09 11.05
97335 -40 8.09 11.05
98836 -40 8.09 11.05
97074 -40 8.09 11.05
96832 -40 8.09 11.05
99233 -40 8.09 11.05
101982 -40 8.09 11.05
98123 -40 8.09 11.05
94510 -40 8.09 11.05
91860 -40 8.09 11.05
93676 -40 8.09 11.05
91346 -40 8.09 11.05
94756 -40 8.09 11.05
95389 -40 8.09 11.05
93449 -40 8.09 11.05
99166 -40 8.09 11.05
95368 -40 8.09 11.05
94859 -40 8.09 11.05
97151 -40 8.09 11.05
98293 -40 8.09 11.05
98029 -40 8.09 11.05
95322 -40 8.09 11.05
95606 -40 8.09 11.05
88243 -40 8.09 11.05
92388 -40 8.09 11.05
97442 -40 8.09 11.05
99380 -40 8.09 11.05
96234 -40 8.09 11.05
100082 -40 8.09 11.05
91783 -40 8.09 11.05
94664 -40 8.09 11.05
96033 -40 8.09 11.05
93372 -40 8.09 11.05
96115 -40 8.09 11.05
96176 -40 8.09 11.05
98192 -40 8.09 11.05
100190 -40 8.09 11.05
96194 -40 8.09 11.05
94181 -40 8.09 11.05
201986 -40 -15.06 25.04
205854 -40 -15.06 25.04
201194 -40 -15.06 25.04
210259 -40 -15.06 25.04
201878 -40 -15.06 25.04
204311 -40 -15.06 25.04
201192 -40 -15.06 25.04
202180 -40 -15.06 25.04
205487 -40 -15.06 25.04
195310 -40 -15.06 25.04
204462 -40 -15.06 25.04
203053 -40 -15.06 25.04
205953 -40 -15.06 25.04
202070 -40 -15.06 25.04
199377 -40 -15.06 25.04
208707 -40 -15.06 25.04
203390 -40 -15.06 25.04
202028 -40 -15.06 25.04
202230 -40 -15.06 25.04
200003 -40 -15.06 25.04
203255 -40 -15.06 25.04
205093 -40 -15.06 25.04
199307 -40 -15.06 25.04
198007 -40 -15.06 25.04
202982 -40 -15.06 25.04
198399 -40 -15.06 25.04
202162 -40 -15.06 25.04
200180 -40 -15.06 25.04
200073 -40 -15.06 25.04
202695 -40 -15.06 25.04
202641 -40 -15.06 25.04
206383 -40 -15.06 25.04
199437 -40 -15.06 25.04
201291 -40 -15.06 25.04
203320 -40 -15.06 25.04
205427 -40 -15.06 25.04
205856 -40 -15.06 25.04
198837 -40 -15.06 25.04
205085 -40 -15.06 25.04
162286 -40 15.49 -17.71
157303 -40 15.49 -17.71
157699 -40 15.49 -17.71
158741 -40 15.49 -17.71
161820 -40 15.49 -17.71
162243 -40 15.49 -17.71
162090 -40 15.49 -17.71
158198 -40 15.49 -17.71
159247 -40 15.49 -17.71
154403 -40 15.49 -17.71
157598 -40 15.49 -17.71
160962 -40 15.49 -17.71
157130 -40 15.49 -17.71
155760 -40 15.49 -17.71
159646 -40 15.49 -17.71
158944 -40 15.49 -17.71
158869 -40 15.49 -17.71
152092 -40 15.49 -17.71
161116 -40 15.49 -17.71
156300 -40 15.49 -17.71
160069 -40 15.49 -17.71
161434 -40 15.49 -17.71
155239 -40 15.49 -17.71
160097 -40 15.49 -17.71
156983 -40 15.49 -17.71
155613 -40 15.49 -17.71
162138 -40 15.49 -17.71
156997 -40 15.49 -17.71
158743 -40 15.49 -17.71
157768 -40 15.49 -17.71
157140 -40 15.49 -17.71
157906 -40 15.49 -17.71
156704 -40 15.49 -17.71
157614 -40 15.49 -17.71
160569 -40 15.49 -17.71
158537 -40 15.49 -17.71
158562 -40 15.49 -17.71
160982 -40 15.49 -17.71
160469 -40 15.49 -17.71
213610 -40 -11.22 29.39
216226 -40 -11.22 29.39
216905 -40 -11.22 29.39
213956 -40 -11.22 29.39
217178 -40 -11.22 29.39
213310 -40 -11.22 29.39
210433 -40 -11.22 29.39
218362 -40 -11.22 29.39
211291 -40 -11.22 29.39
214404 -40 -11.22 29.39
211473 -40 -11.22 29.39
217932 -40 -11.22 29.39
222203 -40 -11.22 29.39
212180 -40 -11.22 29.39
213953 -40 -11.22 29.39
213015 -40 -11.22 29.39
211456 -40 -11.22 29.39
212762 -40 -11.22 29.39
213839 -40 -11.22 29.39
216455 -40 -11.22 29.39
217585 -40 -11.22 29.39
212991 -40 -11.22 29.39
217458 -40 -11.22 29.39
214172 -40 -11.22 29.39
214872 -40 -11.22 29.39
214425 -40 -11.22 29.39
213093 -40 -11.22 29.39
214876 -40 -11.22 29.39
212556 -40 -11.22 29.39
211505 -40 -11.22 29.39
214272 -40 -11.22 29.39
217235 -40 -11.22 29.39
210609 -40 -11.22 29.39
214342 -40 -11.22 29.39
212193 -40 -11.22 29.39
218121 -40 -11.22 29.39
214418 -40 -11.22 29.39
209066 -40 -11.22 29.39
214657 -40 -11.22 29.39
194874 -40 26.24 13.13
198021 -40 26.24 13.13
197471 -40 26.24 13.13
201891 -40 26.24 13.13
192354 -40 26.24 13.13
198694 -40 26.24 13.13
198367 -40 26.24 13.13
198300 -40 26.24 13.13
201855 -40 26.24 13.13
200896 -40 26.24 13.13
196839 -40 26.24 13.13
193661 -40 26.24 13.13
197811 -40 26.24 13.13
197907 -40 26.24 13.13
197876 -40 26.24 13.13
201496 -40 26.24 13.13
197473 -40 26.24 13.13
199028 -40 26.24 13.13
198928 -40 26.24 13.13
197027 -40 26.24 13.13
196685 -40 26.24 13.13
197662 -40 26.24 13.13
196609 -40 26.24 13.13
197164 -40 26.24 13.13
197418 -40 26.24 13.13
196813 -40 26.24 13.13
192267 -40 26.24 13.13
195225 -40 26.24 13.13
196735 -40 26.24 13.13
195437 -40 26.24 13.13
197706 -40 26.24 13.13
197830 -40 26.24 13.13
196274 -40 26.24 13.13
202114 -40 26.24 13.13
196445 -40 26.24 13.13
195131 -40 26.24 13.13
196901 -40 26.24 13.13
198382 -40 26.24 13.13
198692 -40 26.24 13.13
249555 -40 -27.43 -24.75
246208 -40 -27.43 -24.75
247401 -40 -27.43 -24.75
252418 -40 -27.43 -24.75
246310 -40 -27.43 -24.75
245081 -40 -27.43 -24.75
249695 -40 -27.43 -24.75
246658 -40 -27.43 -24.75
246284 -40 -27.43 -24.75
247777 -40 -27.43 -24.75
249034 -40 -27.43 -24.75
245871 -40 -27.43 -24.75
249753 -40 -27.43 -24.75
248279 -40 -27.43 -24.75
243861 -40 -27.43 -24.75
244207 -40 -27.43 -24.75
248466 -40 -27.43 -24.75
250490 -40 -27.43 -24.75
254372 -40 -27.43 -24.75
247730 -40 -27.43 -24.75
245997 -40 -27.43 -24.75
251648 -40 -27.43 -24.75
251337 -40 -27.43 -24.75
244582 -40 -27.43 -24.75
250999 -40 -27.43 -24.75
247246 -40 -27.43 -24.75
243189 -40 -27.43 -24.75
246808 -40 -27.43 -24.75
248718 -40 -27.43 -24.75
248092 -40 -27.43 -24.75
246944 -40 -27.43 -24.75
247102 -40 -27.43 -24.75
248880 -40 -27.43 -24.75
246950 -40 -27.43 -24.75
247658 -40 -27.43 -24.75
246212 -40 -27.43 -24.75
245355 -40 -27.43 -24.75
251033 -40 -27.43 -24.75
250055 -40 -27.43 -24.75
45523 -40 -3.55 -6.36
44065 -40 -3.55 -6.36
46710 -40 -3.55 -6.36
44469 -40 -3.55 -6.36
50862 -40 -3.55 -6.36
44341 -40 -3.55 -6.36
45777 -40 -3.55 -6.36
43511 -40 -3.55 -6.36
44842 -40 -3.55 -6.36
48186 -40 -3.55 -6.36
46634 -40 -3.55 -6.36
44246 -40 -3.55 -6.36
46712 -40 -3.55 -6.36
43672 -40 -3.55 -6.36
52563 -40 -3.55 -6.36
47559 -40 -3.55 -6.36
43063 -40 -3.55 -6.36
46452 -40 -3.55 -6.36
45168 -40 -3.55 -6.36
48185 -40 -3.55 -6.36
48919 -40 -3.55 -6.36
45237 -40 -3.55 -6.36
45854 -40 -3.55 -6.36
45837 -40 -3.55 -6.36
51672 -40 -3.55 -6.36
45966 -40 -3.55 -6.36
45533 -40 -3.55 -6.36
43972 -40 -3.55 -6.36
46542 -40 -3.55 -6.36
43659 -40 -3.55 -6.36
46161 -40 -3.55 -6.36
40935 -40 -3.55 -6.36
45366 -40 -3.55 -6.36
45117 -40 -3.55 -6.36
45924 -40 -3.55 -6.36
45086 -40 -3.55 -6.36
46801 -40 -3.55 -6.36
46016 -40 -3.55 -6.36
49859 -40 -3.55 -6.36
247961 -40 24.77 -27
251564 -40 24.77 -27
246497 -40 24.77 -27
244357 -40 24.77 -27
249100 -40 24.77 -27
248998 -40 24.77 -27
249643 -40 24.77 -27
248167 -40 24.77 -27
249041 -40 24.77 -27
246842 -40 24.77 -27
248356 -40 24.77 -27
253290 -40 24.77 -27
246209 -40 24.77 -27
242546 -40 24.77 -27
247938 -40 24.77 -27
252611 -40 24.77 -27
249174 -40 24.77 -27
249353 -40 24.77 -27
249633 -40 24.77 -27
248398 -40 24.77 -27
242120 -40 24.77 -27
249648 -40 24.77 -27
249307 -40 24.77 -27
251388 -40 24.77 -27
243679 -40 24.77 -27
247976 -40 24.77 -27
247210 -40 24.77 -27
247081 -40 24.77 -27
247941 -40 24.77 -27
244410 -40 24.77 -27
247635 -40 24.77 -27
245654 -40 24.77 -27
251945 -40 24.77 -27
248468 -40 24.77 -27
243727 -40 24.77 -27
245539 -40 24.77 -27
246005 -40 24.77 -27
248502 -40 24.77 -27
247397 -40 24.77 -27
108172 -40 -2.7 -16.24
103641 -40 -2.7 -16.24
103327 -40 -2.7 -16.24
102560 -40 -2.7 -16.24
107057 -40 -2.7 -16.24
105255 -40 -2.7 -16.24
104146 -40 -2.7 -16.24
110853 -40 -2.7 -16.24
103714 -40 -2.7 -16.24
106543 -40 -2.7 -16.24
106203 -40 -2.7 -16.24
106698 -40 -2.7 -16.24
106466 -40 -2.7 -16.24
106056 -40 -2.7 -16.24
103312 -40 -2.7 -16.24
108469 -40 -2.7 -16.24
110984 -40 -2.7 -16.24
107637 -40 -2.7 -16.24
108971 -40 -2.7 -16.24
106178 -40 -2.7 -16.24
110467 -40 -2.7 -16.24
105602 -40 -2.7 -16.24
106678 -40 -2.7 -16.24
103931 -40 -2.7 -16.24
109190 -40 -2.7 -16.24
109794 -40 -2.7 -16.24
111167 -40 -2.7 -16.24
105275 -40 -2.7 -16.24
105632 -40 -2.7 -16.24
101603 -40 -2.7 -16.24
109905 -40 -2.7 -16.24
105636 -40 -2.7 -16.24
106613 -40 -2.7 -16.24
102866 -40 -2.7 -16.24
103804 -40 -2.7 -16.24
109394 -40 -2.7 -16.24
108078 -40 -2.7 -16.24
105543 -40 -2.7 -16.24
105913 -40 -2.7 -16.24
