#rtt sig_str x y
212787 -40 -23.19 21.11
211793 -40 -23.19 21.11
211542 -40 -23.19 21.11
214493 -40 -23.19 21.11
209399 -40 -23.19 21.11
210377 -40 -23.19 21.11
211140 -40 -23.19 21.11
209487 -40 -23.19 21.11
209513 -40 -23.19 21.11
212679 -40 -23.19 21.11
206169 -40 -23.19 21.11
222473 -40 -23.19 21.11
210563 -40 -23.19 21.11
211940 -40 -23.19 21.11
210060 -40 -23.19 21.11
210926 -40 -23.19 21.11
211061 -40 -23.19 21.11
211932 -40 -23.19 21.11
212293 -40 -23.19 21.11
212537 -40 -23.19 21.11
210087 -40 -23.19 21.11
211234 -40 -23.19 21.11
215320 -40 -23.19 21.11
210083 -40 -23.19 21.11
211287 -40 -23.19 21.11
212160 -40 -23.19 21.11
214120 -40 -23.19 21.11
216589 -40 -23.19 21.11
210348 -40 -23.19 21.11
214785 -40 -23.19 21.11
215686 -40 -23.19 21.11
210824 -40 -23.19 21.11
207288 -40 -23.19 21.11
215099 -40 -23.19 21.11
214210 -40 -23.19 21.11
211134 -40 -23.19 21.11
214538 -40 -23.19 21.11
214877 -40 -23.19 21.11
209743 -40 -23.19 21.11
260222 -40 28.47 24.58
259154 -40 28.47 24.58
262111 -40 28.47 24.58
260827 -40 28.47 24.58
260633 -40 28.47 24.58
256055 -40 28.47 24.58
261254 -40 28.47 24.58
263639 -40 28.47 24.58
258516 -40 28.47 24.58
264747 -40 28.47 24.58
258575 -40 28.47 24.58
265580 -40 28.47 24.58
262368 -40 28.47 24.58
256147 -40 28.47 24.58
261668 -40 28.47 24.58
262332 -40 28.47 24.58
258820 -40 28.47 24.58
264221 -40 28.47 24.58
264821 -40 28.47 24.58
261838 -40 28.47 24.58
260270 -40 28.47 24.58
255420 -40 28.47 24.58
259396 -40 28.47 24.58
263420 -40 28.47 24.58
262101 -40 28.47 24.58
260621 -40 28.47 24.58
261470 -40 28.47 24.58
259980 -40 28.47 24.58
259048 -40 28.47 24.58
262410 -40 28.47 24.58
264522 -40 28.47 24.58
266713 -40 28.47 24.58
261132 -40 28.47 24.58
261343 -40 28.47 24.58
264115 -40 28.47 24.58
261937 -40 28.47 24.58
263415 -40 28.47 24.58
257601 -40 28.47 24.58
258034 -40 28.47 24.58
154128 -40 13.73 19.41
155344 -40 13.73 19.41
156187 -40 13.73 19.41
157702 -40 13.73 19.41
156493 -40 13.73 19.41
154340 -40 13.73 19.41
157374 -40 13.73 19.41
159750 -40 13.73 19.41
155086 -40 13.73 19.41
156793 -40 13.73 19.41
160911 -40 13.73 19.41
152039 -40 13.73 19.41
150372 -40 13.73 19.41
155686 -40 13.73 19.41
155863 -40 13.73 19.41
152101 -40 13.73 19.41
156887 -40 13.73 19.41
152251 -40 13.73 19.41
160623 -40 13.73 19.41
159842 -40 13.73 19.41
154857 -40 13.73 19.41
159983 -40 13.73 19.41
156503 -40 13.73 19.41
158478 -40 13.73 19.41
157645 -40 13.73 19.41
152433 -40 13.73 19.41
152897 -40 13.73 19.41
154312 -40 13.73 19.41
158628 -40 13.73 19.41
157045 -40 13.73 19.41
154580 -40 13.73 19.41
157246 -40 13.73 19.41
159279 -40 13.73 19.41
154507 -40 13.73 19.41
155031 -40 13.73 19.41
162737 -40 13.73 19.41
154241 -40 13.73 19.41
161111 -40 13.73 19.41
154465 -40 13.73 19.41
78180 -40 -8.91 -7.68
77021 -40 -8.91 -7.68
87112 -40 -8.91 -7.68
79383 -40 -8.91 -7.68
83380 -40 -8.91 -7.68
76735 -40 -8.91 -7.68
78703 -40 -8.91 -7.68
79451 -40 -8.91 -7.68
81723 -40 -8.91 -7.68
81200 -40 -8.91 -7.68
75852 -40 -8.91 -7.68
79772 -40 -8.91 -7.68
80395 -40 -8.91 -7.68
79936 -40 -8.91 -7.68
81954 -40 -8.91 -7.68
77189 -40 -8.91 -7.68
81494 -40 -8.91 -7.68
83460 -40 -8.91 -7.68
78211 -40 -8.91 -7.68
80416 -40 -8.91 -7.68
82610 -40 -8.91 -7.68
79885 -40 -8.91 -7.68
80958 -40 -8.91 -7.68
77556 -40 -8.91 -7.68
75806 -40 -8.91 -7.68
82483 -40 -8.91 -7.68
82545 -40 -8.91 -7.68
80371 -40 -8.91 -7.68
79663 -40 -8.91 -7.68
81443 -40 -8.91 -7.68
82842 -40 -8.91 -7.68
76842 -40 -8.91 -7.68
82879 -40 -8.91 -7.68
81046 -40 -8.91 -7.68
84349 -40 -8.91 -7.68
76633 -40 -8.91 -7.68
75558 -40 -8.91 -7.68
80343 -40 -8.91 -7.68
80926 -40 -8.91 -7.68
206614 -40 12.46 28.7
205740 -40 12.46 28.7
204514 -40 12.46 28.7
207276 -40 12.46 28.7
209107 -40 12.46 28.7
213635 -40 12.46 28.7
205253 -40 12.46 28.7
207924 -40 12.46 28.7
205884 -40 12.46 28.7
209224 -40 12.46 28.7
205982 -40 12.46 28.7
205578 -40 12.46 28.7
208359 -40 12.46 28.7
208940 -40 12.46 28.7
205553 -40 12.46 28.7
213024 -40 12.46 28.7
204647 -40 12.46 28.7
211283 -40 12.46 28.7
208330 -40 12.46 28.7
207328 -40 12.46 28.7
204478 -40 12.46 28.7
212703 -40 12.46 28.7
212325 -40 12.46 28.7
204311 -40 12.46 28.7
207519 -40 12.46 28.7
210554 -40 12.46 28.7
207645 -40 12.46 28.7
208350 -40 12.46 28.7
209099 -40 12.46 28.7
203560 -40 12.46 28.7
208441 -40 12.46 28.7
206738 -40 12.46 28.7
207173 -40 12.46 28.7
203969 -40 12.46 28.7
211747 -40 12.46 28.7
206470 -40 12.46 28.7
206345 -40 12.46 28.7
209089 -40 12.46 28.7
207077 -40 12.46 28.7
209488 -40 17.98 25.99
202231 -40 17.98 25.99
203798 -40 17.98 25.99
202382 -40 17.98 25.99
203688 -40 17.98 25.99
206900 -40 17.98 25.99
206648 -40 17.98 25.99
206832 -40 17.98 25.99
205276 -40 17.98 25.99
203648 -40 17.98 25.99
202868 -40 17.98 25.99
205448 -40 17.98 25.99
206288 -40 17.98 25.99
206779 -40 17.98 25.99
203775 -40 17.98 25.99
203884 -40 17.98 25.99
204292 -40 17.98 25.99
205491 -40 17.98 25.99
201320 -40 17.98 25.99
201799 -40 17.98 25.99
206322 -40 17.98 25.99
201623 -40 17.98 25.99
208491 -40 17.98 25.99
204397 -40 17.98 25.99
204813 -40 17.98 25.99
206261 -40 17.98 25.99
209348 -40 17.98 25.99
204553 -40 17.98 25.99
208252 -40 17.98 25.99
205175 -40 17.98 25.99
204420 -40 17.98 25.99
207593 -40 17.98 25.99
206388 -40 17.98 25.99
203710 -40 17.98 25.99
205412 -40 17.98 25.99
203190 -40 17.98 25.99
205070 -40 17.98 25.99
200043 -40 17.98 25.99
206002 -40 17.98 25.99
66360 -40 8.74 -6.27
69595 -40 8.74 -6.27
69494 -40 8.74 -6.27
70418 -40 8.74 -6.27
68016 -40 8.74 -6.27
65754 -40 8.74 -6.27
69701 -40 8.74 -6.27
65773 -40 8.74 -6.27
67999 -40 8.74 -6.27
63206 -40 8.74 -6.27
70764 -40 8.74 -6.27
69307 -40 8.74 -6.27
66972 -40 8.74 -6.27
70476 -40 8.74 -6.27
69546 -40 8.74 -6.27
64476 -40 8.74 -6.27
67278 -40 8.74 -6.27
69630 -40 8.74 -6.27
70006 -40 8.74 -6.27
68133 -40 8.74 -6.27
67839 -40 8.74 -6.27
61866 -40 8.74 -6.27
64684 -40 8.74 -6.27
64350 -40 8.74 -6.27
66790 -40 8.74 -6.27
67378 -40 8.74 -6.27
68516 -40 8.74 -6.27
68324 -40 8.74 -6.27
63572 -40 8.74 -6.27
67165 -40 8.74 -6.27
64134 -40 8.74 -6.27
70053 -40 8.74 -6.27
66639 -40 8.74 -6.27
68354 -40 8.74 -6.27
65185 -40 8.74 -6.27
66059 -40 8.74 -6.27
63646 -40 8.74 -6.27
68866 -40 8.74 -6.27
67706 -40 8.74 -6.27
92707 -40 -5.12 -11.61
89523 -40 -5.12 -11.61
92789 -40 -5.12 -11.61
92168 -40 -5.12 -11.61
90509 -40 -5.12 -11.61
89739 -40 -5.12 -11.61
90391 -40 -5.12 -11.61
86141 -40 -5.12 -11.61
92267 -40 -5.12 -11.61
90812 -40 -5.12 -11.61
91335 -40 -5.12 -11.61
90382 -40 -5.12 -11.61
93409 -40 -5.12 -11.61
89018 -40 -5.12 -11.61
91198 -40 -5.12 -11.61
93628 -40 -5.12 -11.61
89179 -40 -5.12 -11.61
89337 -40 -5.12 -11.61
92654 -40 -5.12 -11.61
93022 -40 -5.12 -11.61
92090 -40 -5.12 -11.61
90412 -40 -5.12 -11.61
94832 -40 -5.12 -11.61
97720 -40 -5.12 -11.61
88842 -40 -5.12 -11.61
92139 -40 -5.12 -11.61
91213 -40 -5.12 -11.61
91184 -40 -5.12 -11.61
93986 -40 -5.12 -11.61
93941 -40 -5.12 -11.61
86797 -40 -5.12 -11.61
91959 -40 -5.12 -11.61
88430 -40 -5.12 -11.61
86564 -40 -5.12 -11.61
85486 -40 -5.12 -11.61
87900 -40 -5.12 -11.61
89055 -40 -5.12 -11.61
89632 -40 -5.12 -11.61
84154 -40 -5.12 -11.61
129778 -40 12.36 -16.17
130923 -40 12.36 -16.17
131594 -40 12.36 -16.17
132955 -40 12.36 -16.17
135392 -40 12.36 -16.17
131704 -40 12.36 -16.17
129728 -40 12.36 -16.17
128226 -40 12.36 -16.17
129249 -40 12.36 -16.17
128031 -40 12.36 -16.17
132506 -40 12.36 -16.17
132727 -40 12.36 -16.17
131042 -40 12.36 -16.17
132536 -40 12.36 -16.17
129468 -40 12.36 -16.17
128948 -40 12.36 -16.17
130807 -40 12.36 -16.17
129012 -40 12.36 -16.17
131364 -40 12.36 -16.17
128501 -40 12.36 -16.17
128050 -40 12.36 -16.17
130834 -40 12.36 -16.17
133893 -40 12.36 -16.17
130490 -40 12.36 -16.17
131900 -40 12.36 -16.17
132821 -40 12.36 -16.17
131425 -40 12.36 -16.17
133010 -40 12.36 -16.17
135100 -40 12.36 -16.17
130971 -40 12.36 -16.17
131177 -40 12.36 -16.17
132315 -40 12.36 -16.17
129140 -40 12.36 -16.17
135466 -40 12.36 -16.17
131002 -40 12.36 -16.17
132019 -40 12.36 -16.17
131620 -40 12.36 -16.17
134785 -40 12.36 -16.17
136971 -40 12.36 -16.17
118280 -40 -15.2 8.07
118989 -40 -15.2 8.07
115311 -40 -15.2 8.07
120782 -40 -15.2 8.07
119622 -40 -15.2 8.07
116326 -40 -15.2 8.07
117221 -40 -15.2 8.07
116357 -40 -15.2 8.07
114148 -40 -15.2 8.07
115841 -40 -15.2 8.07
118365 -40 -15.2 8.07
117002 -40 -15.2 8.07
117045 -40 -15.2 8.07
111886 -40 -15.2 8.07
114211 -40 -15.2 8.07
121023 -40 -15.2 8.07
114148 -40 -15.2 8.07
117932 -40 -15.2 8.07
119222 -40 -15.2 8.07
117908 -40 -15.2 8.07
118487 -40 -15.2 8.07
114935 -40 -15.2 8.07
117951 -40 -15.2 8.07
114231 -40 -15.2 8.07
114131 -40 -15.2 8.07
114744 -40 -15.2 8.07
115851 -40 -15.2 8.07
115311 -40 -15.2 8.07
120560 -40 -15.2 8.07
118539 -40 -15.2 8.07
118373 -40 -15.2 8.07
117511 -40 -15.2 8.07
116541 -40 -15.2 8.07
115949 -40 -15.2 8.07
114242 -40 -15.2 8.07
115835 -40 -15.2 8.07
115520 -40 -15.2 8.07
112965 -40 -15.2 8.07
115881 -40 -15.2 8.07
