#rtt sig_str x y
191469 -40 -28.96 -4.41
195547 -40 -28.96 -4.41
195952 -40 -28.96 -4.41
189897 -40 -28.96 -4.41
198016 -40 -28.96 -4.41
192169 -40 -28.96 -4.41
191411 -40 -28.96 -4.41
190524 -40 -28.96 -4.41
192286 -40 -28.96 -4.41
194877 -40 -28.96 -4.41
193654 -40 -28.96 -4.41
193147 -40 -28.96 -4.41
191581 -40 -28.96 -4.41
191850 -40 -28.96 -4.41
196239 -40 -28.96 -4.41
195217 -40 -28.96 -4.41
189566 -40 -28.96 -4.41
191248 -40 -28.96 -4.41
189918 -40 -28.96 -4.41
188383 -40 -28.96 -4.41
198039 -40 -28.96 -4.41
192531 -40 -28.96 -4.41
192983 -40 -28.96 -4.41
187593 -40 -28.96 -4.41
195308 -40 -28.96 -4.41
188087 -40 -28.96 -4.41
193011 -40 -28.96 -4.41
193212 -40 -28.96 -4.41
196643 -40 -28.96 -4.41
191032 -40 -28.96 -4.41
196516 -40 -28.96 -4.41
196680 -40 -28.96 -4.41
192715 -40 -28.96 -4.41
193953 -40 -28.96 -4.41
188224 -40 -28.96 -4.41
192889 -40 -28.96 -4.41
195194 -40 -28.96 -4.41
191454 -40 -28.96 -4.41
193171 -40 -28.96 -4.41
189263 -40 23.5 -14.01
189170 -40 23.5 -14.01
184923 -40 23.5 -14.01
184557 -40 23.5 -14.01
181451 -40 23.5 -14.01
186021 -40 23.5 -14.01
186391 -40 23.5 -14.01
187364 -40 23.5 -14.01
187660 -40 23.5 -14.01
191452 -40 23.5 -14.01
184006 -40 23.5 -14.01
192517 -40 23.5 -14.01
191873 -40 23.5 -14.01
191133 -40 23.5 -14.01
184517 -40 23.5 -14.01
189293 -40 23.5 -14.01
187452 -40 23.5 -14.01
187487 -40 23.5 -14.01
186068 -40 23.5 -14.01
187529 -40 23.5 -14.01
191124 -40 23.5 -14.01
184335 -40 23.5 -14.01
188502 -40 23.5 -14.01
183573 -40 23.5 -14.01
187386 -40 23.5 -14.01
184388 -40 23.5 -14.01
184361 -40 23.5 -14.01
180820 -40 23.5 -14.01
187881 -40 23.5 -14.01
186313 -40 23.5 -14.01
188684 -40 23.5 -14.01
186262 -40 23.5 -14.01
185335 -40 23.5 -14.01
190626 -40 23.5 -14.01
189459 -40 23.5 -14.01
188909 -40 23.5 -14.01
184411 -40 23.5 -14.01
183617 -40 23.5 -14.01
184498 -40 23.5 -14.01
118746 -40 -12.91 11.63
116339 -40 -12.91 11.63
113506 -40 -12.91 11.63
114605 -40 -12.91 11.63
114550 -40 -12.91 11.63
114808 -40 -12.91 11.63
109524 -40 -12.91 11.63
110868 -40 -12.91 11.63
112742 -40 -12.91 11.63
114999 -40 -12.91 11.63
112436 -40 -12.91 11.63
113575 -40 -12.91 11.63
113421 -40 -12.91 11.63
112552 -40 -12.91 11.63
112258 -40 -12.91 11.63
113517 -40 -12.91 11.63
113815 -40 -12.91 11.63
114283 -40 -12.91 11.63
115813 -40 -12.91 11.63
111208 -40 -12.91 11.63
112853 -40 -12.91 11.63
113379 -40 -12.91 11.63
108997 -40 -12.91 11.63
111625 -40 -12.91 11.63
114946 -40 -12.91 11.63
113373 -40 -12.91 11.63
118118 -40 -12.91 11.63
116115 -40 -12.91 11.63
111897 -40 -12.91 11.63
114429 -40 -12.91 11.63
115907 -40 -12.91 11.63
111326 -40 -12.91 11.63
113811 -40 -12.91 11.63
112008 -40 -12.91 11.63
112840 -40 -12.91 11.63
111564 -40 -12.91 11.63
116828 -40 -12.91 11.63
116366 -40 -12.91 11.63
113989 -40 -12.91 11.63
172331 -40 -12.06 -23.51
174245 -40 -12.06 -23.51
169552 -40 -12.06 -23.51
171763 -40 -12.06 -23.51
171253 -40 -12.06 -23.51
168769 -40 -12.06 -23.51
174513 -40 -12.06 -23.51
173601 -40 -12.06 -23.51
170828 -40 -12.06 -23.51
169140 -40 -12.06 -23.51
170284 -40 -12.06 -23.51
172843 -40 -12.06 -23.51
167971 -40 -12.06 -23.51
167039 -40 -12.06 -23.51
167250 -40 -12.06 -23.51
169108 -40 -12.06 -23.51
171724 -40 -12.06 -23.51
173250 -40 -12.06 -23.51
167472 -40 -12.06 -23.51
169222 -40 -12.06 -23.51
173984 -40 -12.06 -23.51
171387 -40 -12.06 -23.51
171987 -40 -12.06 -23.51
171943 -40 -12.06 -23.51
169679 -40 -12.06 -23.51
170588 -40 -12.06 -23.51
172695 -40 -12.06 -23.51
167039 -40 -12.06 -23.51
169510 -40 -12.06 -23.51
172093 -40 -12.06 -23.51
167715 -40 -12.06 -23.51
172223 -40 -12.06 -23.51
170992 -40 -12.06 -23.51
168136 -40 -12.06 -23.51
170913 -40 -12.06 -23.51
169910 -40 -12.06 -23.51
170751 -40 -12.06 -23.51
171296 -40 -12.06 -23.51
171543 -40 -12.06 -23.51
210498 -40 17.53 27.8
212692 -40 17.53 27.8
212327 -40 17.53 27.8
208451 -40 17.53 27.8
215033 -40 17.53 27.8
210949 -40 17.53 27.8
213698 -40 17.53 27.8
216174 -40 17.53 27.8
210537 -40 17.53 27.8
210597 -40 17.53 27.8
209218 -40 17.53 27.8
212673 -40 17.53 27.8
212405 -40 17.53 27.8
209867 -40 17.53 27.8
212808 -40 17.53 27.8
217666 -40 17.53 27.8
211694 -40 17.53 27.8
211634 -40 17.53 27.8
212854 -40 17.53 27.8
215417 -40 17.53 27.8
213874 -40 17.53 27.8
214611 -40 17.53 27.8
212119 -40 17.53 27.8
213544 -40 17.53 27.8
209227 -40 17.53 27.8
212033 -40 17.53 27.8
215526 -40 17.53 27.8
213827 -40 17.53 27.8
215323 -40 17.53 27.8
209756 -40 17.53 27.8
214461 -40 17.53 27.8
212454 -40 17.53 27.8
215583 -40 17.53 27.8
211880 -40 17.53 27.8
212687 -40 17.53 27.8
214102 -40 17.53 27.8
212549 -40 17.53 27.8
211279 -40 17.53 27.8
215996 -40 17.53 27.8
84766 -40 -10.53 -6.22
79850 -40 -10.53 -6.22
82685 -40 -10.53 -6.22
82021 -40 -10.53 -6.22
79981 -40 -10.53 -6.22
85288 -40 -10.53 -6.22
80375 -40 -10.53 -6.22
79658 -40 -10.53 -6.22
78433 -40 -10.53 -6.22
83780 -40 -10.53 -6.22
77093 -40 -10.53 -6.22
81285 -40 -10.53 -6.22
78144 -40 -10.53 -6.22
82818 -40 -10.53 -6.22
80240 -40 -10.53 -6.22
81195 -40 -10.53 -6.22
84220 -40 -10.53 -6.22
84292 -40 -10.53 -6.22
83912 -40 -10.53 -6.22
83799 -40 -10.53 -6.22
83906 -40 -10.53 -6.22
87635 -40 -10.53 -6.22
82203 -40 -10.53 -6.22
82707 -40 -10.53 -6.22
83877 -40 -10.53 -6.22
81799 -40 -10.53 -6.22
77635 -40 -10.53 -6.22
83784 -40 -10.53 -6.22
87175 -40 -10.53 -6.22
81913 -40 -10.53 -6.22
83395 -40 -10.53 -6.22
82743 -40 -10.53 -6.22
83614 -40 -10.53 -6.22
82484 -40 -10.53 -6.22
82190 -40 -10.53 -6.22
83387 -40 -10.53 -6.22
85353 -40 -10.53 -6.22
82511 -40 -10.53 -6.22
78409 -40 -10.53 -6.22
152494 -40 21.89 -1.23
149776 -40 21.89 -1.23
147985 -40 21.89 -1.23
147516 -40 21.89 -1.23
148958 -40 21.89 -1.23
148013 -40 21.89 -1.23
144112 -40 21.89 -1.23
148331 -40 21.89 -1.23
148439 -40 21.89 -1.23
147554 -40 21.89 -1.23
142925 -40 21.89 -1.23
144178 -40 21.89 -1.23
143179 -40 21.89 -1.23
149461 -40 21.89 -1.23
151304 -40 21.89 -1.23
145735 -40 21.89 -1.23
145362 -40 21.89 -1.23
146135 -40 21.89 -1.23
144942 -40 21.89 -1.23
143766 -40 21.89 -1.23
148706 -40 21.89 -1.23
143965 -40 21.89 -1.23
148063 -40 21.89 -1.23
143863 -40 21.89 -1.23
147256 -40 21.89 -1.23
147477 -40 21.89 -1.23
144288 -40 21.89 -1.23
146976 -40 21.89 -1.23
144830 -40 21.89 -1.23
148991 -40 21.89 -1.23
150355 -40 21.89 -1.23
146909 -40 21.89 -1.23
147140 -40 21.89 -1.23
146509 -40 21.89 -1.23
147849 -40 21.89 -1.23
148601 -40 21.89 -1.23
144955 -40 21.89 -1.23
144912 -40 21.89 -1.23
151125 -40 21.89 -1.23
96201 -40 -3.15 14.83
97143 -40 -3.15 14.83
101360 -40 -3.15 14.83
92930 -40 -3.15 14.83
94814 -40 -3.15 14.83
97025 -40 -3.15 14.83
99180 -40 -3.15 14.83
100464 -40 -3.15 14.83
98560 -40 -3.15 14.83
101280 -40 -3.15 14.83
99928 -40 -3.15 14.83
93068 -40 -3.15 14.83
91963 -40 -3.15 14.83
98855 -40 -3.15 14.83
97796 -40 -3.15 14.83
100456 -40 -3.15 14.83
97363 -40 -3.15 14.83
91415 -40 -3.15 14.83
100986 -40 -3.15 14.83
98460 -40 -3.15 14.83
98394 -40 -3.15 14.83
100283 -40 -3.15 14.83
96483 -40 -3.15 14.83
96065 -40 -3.15 14.83
99055 -40 -3.15 14.83
97892 -40 -3.15 14.83
99979 -40 -3.15 14.83
101143 -40 -3.15 14.83
95761 -40 -3.15 14.83
92166 -40 -3.15 14.83
92775 -40 -3.15 14.83
96842 -40 -3.15 14.83
97079 -40 -3.15 14.83
99790 -40 -3.15 14.83
97896 -40 -3.15 14.83
96619 -40 -3.15 14.83
94946 -40 -3.15 14.83
97725 -40 -3.15 14.83
99766 -40 -3.15 14.83
32590 -40 2.89 -2.88
26116 -40 2.89 -2.88
29505 -40 2.89 -2.88
28254 -40 2.89 -2.88
30286 -40 2.89 -2.88
25187 -40 2.89 -2.88
33118 -40 2.89 -2.88
24554 -40 2.89 -2.88
31362 -40 2.89 -2.88
33610 -40 2.89 -2.88
26920 -40 2.89 -2.88
30993 -40 2.89 -2.88
34840 -40 2.89 -2.88
32835 -40 2.89 -2.88
31318 -40 2.89 -2.88
37862 -40 2.89 -2.88
28463 -40 2.89 -2.88
32199 -40 2.89 -2.88
27507 -40 2.89 -2.88
28497 -40 2.89 -2.88
31031 -40 2.89 -2.88
28295 -40 2.89 -2.88
28080 -40 2.89 -2.88
32682 -40 2.89 -2.88
29938 -40 2.89 -2.88
34806 -40 2.89 -2.88
34060 -40 2.89 -2.88
27976 -40 2.89 -2.88
28673 -40 2.89 -2.88
29545 -40 2.89 -2.88
28344 -40 2.89 -2.88
27351 -40 2.89 -2.88
28774 -40 2.89 -2.88
28333 -40 2.89 -2.88
29559 -40 2.89 -2.88
26737 -40 2.89 -2.88
29671 -40 2.89 -2.88
29387 -40 2.89 -2.88
23182 -40 2.89 -2.88
86508 -40 -8.57 9.08
88636 -40 -8.57 9.08
85658 -40 -8.57 9.08
84678 -40 -8.57 9.08
92793 -40 -8.57 9.08
89256 -40 -8.57 9.08
86136 -40 -8.57 9.08
88855 -40 -8.57 9.08
86000 -40 -8.57 9.08
83700 -40 -8.57 9.08
85878 -40 -8.57 9.08
83036 -40 -8.57 9.08
81614 -40 -8.57 9.08
84888 -40 -8.57 9.08
85335 -40 -8.57 9.08
86482 -40 -8.57 9.08
92644 -40 -8.57 9.08
81991 -40 -8.57 9.08
85886 -40 -8.57 9.08
86021 -40 -8.57 9.08
88127 -40 -8.57 9.08
83371 -40 -8.57 9.08
82110 -40 -8.57 9.08
84627 -40 -8.57 9.08
89211 -40 -8.57 9.08
87423 -40 -8.57 9.08
83999 -40 -8.57 9.08
86852 -40 -8.57 9.08
86423 -40 -8.57 9.08
84209 -40 -8.57 9.08
86974 -40 -8.57 9.08
84710 -40 -8.57 9.08
83814 -40 -8.57 9.08
87886 -40 -8.57 9.08
78805 -40 -8.57 9.08
82660 -40 -8.57 9.08
89365 -40 -8.57 9.08
85579 -40 -8.57 9.08
84047 -40 -8.57 9.08
