#rtt sig_str x y
75650 -40 -11.94 -1.58
75258 -40 -11.94 -1.58
75900 -40 -11.94 -1.58
75888 -40 -11.94 -1.58
73068 -40 -11.94 -1.58
73319 -40 -11.94 -1.58
78332 -40 -11.94 -1.58
79661 -40 -11.94 -1.58
77185 -40 -11.94 -1.58
77215 -40 -11.94 -1.58
78123 -40 -11.94 -1.58
80912 -40 -11.94 -1.58
78008 -40 -11.94 -1.58
79177 -40 -11.94 -1.58
76756 -40 -11.94 -1.58
77422 -40 -11.94 -1.58
78286 -40 -11.94 -1.58
70423 -40 -11.94 -1.58
72733 -40 -11.94 -1.58
80222 -40 -11.94 -1.58
74829 -40 -11.94 -1.58
77390 -40 -11.94 -1.58
72193 -40 -11.94 -1.58
76114 -40 -11.94 -1.58
76310 -40 -11.94 -1.58
78248 -40 -11.94 -1.58
78593 -40 -11.94 -1.58
73471 -40 -11.94 -1.58
80502 -40 -11.94 -1.58
74687 -40 -11.94 -1.58
74787 -40 -11.94 -1.58
75174 -40 -11.94 -1.58
75833 -40 -11.94 -1.58
73368 -40 -11.94 -1.58
76508 -40 -11.94 -1.58
81428 -40 -11.94 -1.58
74036 -40 -11.94 -1.58
74649 -40 -11.94 -1.58
71770 -40 -11.94 -1.58
151929 -40 -15.18 15.69
147408 -40 -15.18 15.69
148663 -40 -15.18 15.69
147271 -40 -15.18 15.69
148011 -40 -15.18 15.69
146507 -40 -15.18 15.69
148553 -40 -15.18 15.69
147647 -40 -15.18 15.69
147135 -40 -15.18 15.69
145614 -40 -15.18 15.69
149421 -40 -15.18 15.69
149356 -40 -15.18 15.69
146718 -40 -15.18 15.69
146960 -40 -15.18 15.69
150010 -40 -15.18 15.69
147195 -40 -15.18 15.69
152988 -40 -15.18 15.69
151151 -40 -15.18 15.69
147403 -40 -15.18 15.69
146629 -40 -15.18 15.69
148539 -40 -15.18 15.69
143230 -40 -15.18 15.69
147178 -40 -15.18 15.69
147141 -40 -15.18 15.69
150685 -40 -15.18 15.69
153052 -40 -15.18 15.69
146452 -40 -15.18 15.69
149918 -40 -15.18 15.69
146390 -40 -15.18 15.69
144623 -40 -15.18 15.69
152200 -40 -15.18 15.69
149983 -40 -15.18 15.69
149073 -40 -15.18 15.69
151420 -40 -15.18 15.69
147237 -40 -15.18 15.69
144698 -40 -15.18 15.69
151931 -40 -15.18 15.69
150089 -40 -15.18 15.69
146255 -40 -15.18 15.69
211482 -40 25.58 -18.35
208103 -40 25.58 -18.35
210320 -40 25.58 -18.35
202179 -40 25.58 -18.35
206539 -40 25.58 -18.35
209286 -40 25.58 -18.35
204062 -40 25.58 -18.35
206777 -40 25.58 -18.35
205689 -40 25.58 -18.35
207576 -40 25.58 -18.35
208364 -40 25.58 -18.35
206851 -40 25.58 -18.35
212197 -40 25.58 -18.35
210677 -40 25.58 -18.35
208287 -40 25.58 -18.35
208797 -40 25.58 -18.35
209599 -40 25.58 -18.35
209063 -40 25.58 -18.35
206255 -40 25.58 -18.35
206967 -40 25.58 -18.35
211088 -40 25.58 -18.35
208348 -40 25.58 -18.35
216170 -40 25.58 -18.35
208610 -40 25.58 -18.35
210919 -40 25.58 -18.35
209499 -40 25.58 -18.35
207693 -40 25.58 -18.35
207068 -40 25.58 -18.35
205944 -40 25.58 -18.35
209517 -40 25.58 -18.35
212373 -40 25.58 -18.35
205431 -40 25.58 -18.35
216309 -40 25.58 -18.35
207901 -40 25.58 -18.35
209111 -40 25.58 -18.35
204994 -40 25.58 -18.35
210270 -40 25.58 -18.35
210578 -40 25.58 -18.35
210558 -40 25.58 -18.35
197453 -40 23.5 15.76
194744 -40 23.5 15.76
198619 -40 23.5 15.76
198187 -40 23.5 15.76
191598 -40 23.5 15.76
197501 -40 23.5 15.76
199517 -40 23.5 15.76
192236 -40 23.5 15.76
195073 -40 23.5 15.76
202401 -40 23.5 15.76
192188 -40 23.5 15.76
196699 -40 23.5 15.76
196133 -40 23.5 15.76
197106 -40 23.5 15.76
194575 -40 23.5 15.76
196169 -40 23.5 15.76
199528 -40 23.5 15.76
193102 -40 23.5 15.76
196931 -40 23.5 15.76
197026 -40 23.5 15.76
195160 -40 23.5 15.76
196215 -40 23.5 15.76
196371 -40 23.5 15.76
197380 -40 23.5 15.76
196877 -40 23.5 15.76
198743 -40 23.5 15.76
193920 -40 23.5 15.76
194329 -40 23.5 15.76
200545 -40 23.5 15.76
194792 -40 23.5 15.76
193246 -40 23.5 15.76
197511 -40 23.5 15.76
194514 -40 23.5 15.76
190822 -40 23.5 15.76
194286 -40 23.5 15.76
196097 -40 23.5 15.76
192719 -40 23.5 15.76
197441 -40 23.5 15.76
195645 -40 23.5 15.76
104351 -40 11 -10.86
104670 -40 11 -10.86
100236 -40 11 -10.86
106622 -40 11 -10.86
102638 -40 11 -10.86
104728 -40 11 -10.86
105826 -40 11 -10.86
98029 -40 11 -10.86
104719 -40 11 -10.86
102546 -40 11 -10.86
101715 -40 11 -10.86
102217 -40 11 -10.86
104003 -40 11 -10.86
102471 -40 11 -10.86
103136 -40 11 -10.86
106906 -40 11 -10.86
107863 -40 11 -10.86
100044 -40 11 -10.86
101903 -40 11 -10.86
104936 -40 11 -10.86
101697 -40 11 -10.86
104690 -40 11 -10.86
104942 -40 11 -10.86
102283 -40 11 -10.86
104237 -40 11 -10.86
107320 -40 11 -10.86
106241 -40 11 -10.86
106081 -40 11 -10.86
100634 -40 11 -10.86
102510 -40 11 -10.86
103129 -40 11 -10.86
106833 -40 11 -10.86
104785 -40 11 -10.86
102461 -40 11 -10.86
102257 -40 11 -10.86
100667 -40 11 -10.86
101269 -40 11 -10.86
107127 -40 11 -10.86
101625 -40 11 -10.86
193011 -40 4.01 -27.84
191790 -40 4.01 -27.84
188366 -40 4.01 -27.84
195267 -40 4.01 -27.84
192738 -40 4.01 -27.84
187352 -40 4.01 -27.84
190444 -40 4.01 -27.84
194271 -40 4.01 -27.84
189790 -40 4.01 -27.84
187760 -40 4.01 -27.84
186893 -40 4.01 -27.84
184679 -40 4.01 -27.84
193379 -40 4.01 -27.84
189376 -40 4.01 -27.84
189285 -40 4.01 -27.84
194664 -40 4.01 -27.84
187630 -40 4.01 -27.84
189035 -40 4.01 -27.84
192641 -40 4.01 -27.84
195506 -40 4.01 -27.84
186283 -40 4.01 -27.84
191220 -40 4.01 -27.84
185116 -40 4.01 -27.84
193009 -40 4.01 -27.84
186626 -40 4.01 -27.84
192241 -40 4.01 -27.84
192283 -40 4.01 -27.84
190226 -40 4.01 -27.84
189738 -40 4.01 -27.84
186970 -40 4.01 -27.84
192569 -40 4.01 -27.84
188862 -40 4.01 -27.84
191087 -40 4.01 -27.84
189798 -40 4.01 -27.84
190516 -40 4.01 -27.84
190988 -40 4.01 -27.84
193981 -40 4.01 -27.84
186490 -40 4.01 -27.84
185868 -40 4.01 -27.84
95988 -40 2.82 14.39
95596 -40 2.82 14.39
94086 -40 2.82 14.39
97605 -40 2.82 14.39
95285 -40 2.82 14.39
92343 -40 2.82 14.39
93623 -40 2.82 14.39
99869 -40 2.82 14.39
94257 -40 2.82 14.39
93411 -40 2.82 14.39
93349 -40 2.82 14.39
101133 -40 2.82 14.39
95813 -40 2.82 14.39
95855 -40 2.82 14.39
98440 -40 2.82 14.39
94590 -40 2.82 14.39
98284 -40 2.82 14.39
95285 -40 2.82 14.39
95789 -40 2.82 14.39
90170 -40 2.82 14.39
97827 -40 2.82 14.39
94933 -40 2.82 14.39
94833 -40 2.82 14.39
93779 -40 2.82 14.39
97302 -40 2.82 14.39
95080 -40 2.82 14.39
91894 -40 2.82 14.39
93625 -40 2.82 14.39
95097 -40 2.82 14.39
93278 -40 2.82 14.39
93971 -40 2.82 14.39
93763 -40 2.82 14.39
89966 -40 2.82 14.39
95122 -40 2.82 14.39
93695 -40 2.82 14.39
98071 -40 2.82 14.39
95957 -40 2.82 14.39
92426 -40 2.82 14.39
92903 -40 2.82 14.39
172719 -40 -17.38 -19.01
168759 -40 -17.38 -19.01
169073 -40 -17.38 -19.01
170111 -40 -17.38 -19.01
165398 -40 -17.38 -19.01
173679 -40 -17.38 -19.01
169863 -40 -17.38 -19.01
164442 -40 -17.38 -19.01
169839 -40 -17.38 -19.01
168826 -40 -17.38 -19.01
169296 -40 -17.38 -19.01
165819 -40 -17.38 -19.01
168217 -40 -17.38 -19.01
170790 -40 -17.38 -19.01
168217 -40 -17.38 -19.01
169852 -40 -17.38 -19.01
166094 -40 -17.38 -19.01
172365 -40 -17.38 -19.01
167291 -40 -17.38 -19.01
163975 -40 -17.38 -19.01
166038 -40 -17.38 -19.01
167255 -40 -17.38 -19.01
169772 -40 -17.38 -19.01
170466 -40 -17.38 -19.01
165430 -40 -17.38 -19.01
170014 -40 -17.38 -19.01
168355 -40 -17.38 -19.01
172972 -40 -17.38 -19.01
167061 -40 -17.38 -19.01
164973 -40 -17.38 -19.01
169009 -40 -17.38 -19.01
167606 -40 -17.38 -19.01
165731 -40 -17.38 -19.01
169966 -40 -17.38 -19.01
163653 -40 -17.38 -19.01
164943 -40 -17.38 -19.01
171340 -40 -17.38 -19.01
165767 -40 -17.38 -19.01
165235 -40 -17.38 -19.01
167928 -40 16.19 20.27
169663 -40 16.19 20.27
169615 -40 16.19 20.27
164281 -40 16.19 20.27
166609 -40 16.19 20.27
168016 -40 16.19 20.27
166894 -40 16.19 20.27
168176 -40 16.19 20.27
168363 -40 16.19 20.27
169302 -40 16.19 20.27
167528 -40 16.19 20.27
169321 -40 16.19 20.27
170116 -40 16.19 20.27
168136 -40 16.19 20.27
168275 -40 16.19 20.27
171548 -40 16.19 20.27
167888 -40 16.19 20.27
166678 -40 16.19 20.27
174921 -40 16.19 20.27
170602 -40 16.19 20.27
171696 -40 16.19 20.27
170623 -40 16.19 20.27
166573 -40 16.19 20.27
171068 -40 16.19 20.27
166336 -40 16.19 20.27
171938 -40 16.19 20.27
168527 -40 16.19 20.27
169651 -40 16.19 20.27
167491 -40 16.19 20.27
171849 -40 16.19 20.27
169519 -40 16.19 20.27
161409 -40 16.19 20.27
168964 -40 16.19 20.27
168583 -40 16.19 20.27
164456 -40 16.19 20.27
168860 -40 16.19 20.27
175599 -40 16.19 20.27
164976 -40 16.19 20.27
169421 -40 16.19 20.27
237197 -40 23.78 24.94
228941 -40 23.78 24.94
226006 -40 23.78 24.94
227802 -40 23.78 24.94
231525 -40 23.78 24.94
230630 -40 23.78 24.94
236329 -40 23.78 24.94
233482 -40 23.78 24.94
233320 -40 23.78 24.94
231705 -40 23.78 24.94
231842 -40 23.78 24.94
230596 -40 23.78 24.94
231687 -40 23.78 24.94
228987 -40 23.78 24.94
230692 -40 23.78 24.94
234334 -40 23.78 24.94
234528 -40 23.78 24.94
231357 -40 23.78 24.94
228936 -40 23.78 24.94
228502 -40 23.78 24.94
234190 -40 23.78 24.94
231798 -40 23.78 24.94
230903 -40 23.78 24.94
232896 -40 23.78 24.94
230067 -40 23.78 24.94
233514 -40 23.78 24.94
231959 -40 23.78 24.94
234360 -40 23.78 24.94
229108 -40 23.78 24.94
232870 -40 23.78 24.94
232434 -40 23.78 24.94
235832 -40 23.78 24.94
229445 -40 23.78 24.94
231959 -40 23.78 24.94
232722 -40 23.78 24.94
233496 -40 23.78 24.94
234888 -40 23.78 24.94
232147 -40 23.78 24.94
228806 -40 23.78 24.94
