#rtt sig_str x y
148323 -40 -0.32 -22.25
153900 -40 -0.32 -22.25
146497 -40 -0.32 -22.25
150229 -40 -0.32 -22.25
148548 -40 -0.32 -22.25
153779 -40 -0.32 -22.25
151909 -40 -0.32 -22.25
154279 -40 -0.32 -22.25
152085 -40 -0.32 -22.25
148540 -40 -0.32 -22.25
147658 -40 -0.32 -22.25
148777 -40 -0.32 -22.25
150055 -40 -0.32 -22.25
152691 -40 -0.32 -22.25
149759 -40 -0.32 -22.25
146989 -40 -0.32 -22.25
150734 -40 -0.32 -22.25
148739 -40 -0.32 -22.25
153328 -40 -0.32 -22.25
151367 -40 -0.32 -22.25
145737 -40 -0.32 -22.25
142877 -40 -0.32 -22.25
151198 -40 -0.32 -22.25
152967 -40 -0.32 -22.25
150796 -40 -0.32 -22.25
152363 -40 -0.32 -22.25
144857 -40 -0.32 -22.25
151051 -40 -0.32 -22.25
146394 -40 -0.32 -22.25
147600 -40 -0.32 -22.25
151388 -40 -0.32 -22.25
144693 -40 -0.32 -22.25
152155 -40 -0.32 -22.25
151737 -40 -0.32 -22.25
148956 -40 -0.32 -22.25
152251 -40 -0.32 -22.25
150068 -40 -0.32 -22.25
145604 -40 -0.32 -22.25
145324 -40 -0.32 -22.25
192925 -40 -16.32 -25.54
191311 -40 -16.32 -25.54
192071 -40 -16.32 -25.54
192368 -40 -16.32 -25.54
196624 -40 -16.32 -25.54
194428 -40 -16.32 -25.54
191073 -40 -16.32 -25.54
196641 -40 -16.32 -25.54
192799 -40 -16.32 -25.54
197154 -40 -16.32 -25.54
196404 -40 -16.32 -25.54
189547 -40 -16.32 -25.54
199559 -40 -16.32 -25.54
192774 -40 -16.32 -25.54
196542 -40 -16.32 -25.54
194039 -40 -16.32 -25.54
193727 -40 -16.32 -25.54
189488 -40 -16.32 -25.54
193717 -40 -16.32 -25.54
191074 -40 -16.32 -25.54
192361 -40 -16.32 -25.54
192075 -40 -16.32 -25.54
191531 -40 -16.32 -25.54
193883 -40 -16.32 -25.54
193089 -40 -16.32 -25.54
192820 -40 -16.32 -25.54
190939 -40 -16.32 -25.54
192202 -40 -16.32 -25.54
193696 -40 -16.32 -25.54
191178 -40 -16.32 -25.54
192084 -40 -16.32 -25.54
197554 -40 -16.32 -25.54
194909 -40 -16.32 -25.54
191039 -40 -16.32 -25.54
200696 -40 -16.32 -25.54
193022 -40 -16.32 -25.54
197612 -40 -16.32 -25.54
192255 -40 -16.32 -25.54
195836 -40 -16.32 -25.54
109817 -40 -14.67 6.6
106495 -40 -14.67 6.6
104912 -40 -14.67 6.6
107381 -40 -14.67 6.6
108257 -40 -14.67 6.6
102990 -40 -14.67 6.6
104835 -40 -14.67 6.6
104611 -40 -14.67 6.6
109375 -40 -14.67 6.6
105825 -40 -14.67 6.6
104796 -40 -14.67 6.6
106946 -40 -14.67 6.6
103033 -40 -14.67 6.6
99868 -40 -14.67 6.6
103988 -40 -14.67 6.6
110903 -40 -14.67 6.6
102794 -40 -14.67 6.6
105206 -40 -14.67 6.6
102653 -40 -14.67 6.6
105499 -40 -14.67 6.6
109339 -40 -14.67 6.6
101393 -40 -14.67 6.6
104610 -40 -14.67 6.6
106430 -40 -14.67 6.6
110028 -40 -14.67 6.6
109971 -40 -14.67 6.6
104000 -40 -14.67 6.6
104424 -40 -14.67 6.6
104348 -40 -14.67 6.6
106308 -40 -14.67 6.6
106214 -40 -14.67 6.6
105480 -40 -14.67 6.6
104784 -40 -14.67 6.6
104039 -40 -14.67 6.6
108011 -40 -14.67 6.6
108934 -40 -14.67 6.6
102805 -40 -14.67 6.6
104953 -40 -14.67 6.6
101173 -40 -14.67 6.6
197763 -40 -6.22 -28.72
194343 -40 -6.22 -28.72
195695 -40 -6.22 -28.72
192276 -40 -6.22 -28.72
189691 -40 -6.22 -28.72
190800 -40 -6.22 -28.72
190055 -40 -6.22 -28.72
193457 -40 -6.22 -28.72
195585 -40 -6.22 -28.72
192891 -40 -6.22 -28.72
192119 -40 -6.22 -28.72
195051 -40 -6.22 -28.72
193433 -40 -6.22 -28.72
192079 -40 -6.22 -28.72
196644 -40 -6.22 -28.72
192518 -40 -6.22 -28.72
192011 -40 -6.22 -28.72
191217 -40 -6.22 -28.72
193835 -40 -6.22 -28.72
193190 -40 -6.22 -28.72
194511 -40 -6.22 -28.72
196802 -40 -6.22 -28.72
195216 -40 -6.22 -28.72
196034 -40 -6.22 -28.72
190127 -40 -6.22 -28.72
193320 -40 -6.22 -28.72
188973 -40 -6.22 -28.72
189084 -40 -6.22 -28.72
196887 -40 -6.22 -28.72
192198 -40 -6.22 -28.72
189316 -40 -6.22 -28.72
195697 -40 -6.22 -28.72
193191 -40 -6.22 -28.72
192367 -40 -6.22 -28.72
194785 -40 -6.22 -28.72
192222 -40 -6.22 -28.72
197641 -40 -6.22 -28.72
190517 -40 -6.22 -28.72
193955 -40 -6.22 -28.72
143826 -40 -7.36 -20.87
136090 -40 -7.36 -20.87
146363 -40 -7.36 -20.87
143149 -40 -7.36 -20.87
140753 -40 -7.36 -20.87
138179 -40 -7.36 -20.87
143932 -40 -7.36 -20.87
138435 -40 -7.36 -20.87
139416 -40 -7.36 -20.87
142902 -40 -7.36 -20.87
143188 -40 -7.36 -20.87
143961 -40 -7.36 -20.87
139191 -40 -7.36 -20.87
145501 -40 -7.36 -20.87
137206 -40 -7.36 -20.87
141067 -40 -7.36 -20.87
142514 -40 -7.36 -20.87
145022 -40 -7.36 -20.87
143410 -40 -7.36 -20.87
139677 -40 -7.36 -20.87
139830 -40 -7.36 -20.87
140054 -40 -7.36 -20.87
144129 -40 -7.36 -20.87
142713 -40 -7.36 -20.87
144631 -40 -7.36 -20.87
141021 -40 -7.36 -20.87
146016 -40 -7.36 -20.87
143145 -40 -7.36 -20.87
145028 -40 -7.36 -20.87
140258 -40 -7.36 -20.87
141872 -40 -7.36 -20.87
140761 -40 -7.36 -20.87
144120 -40 -7.36 -20.87
138178 -40 -7.36 -20.87
141286 -40 -7.36 -20.87
141538 -40 -7.36 -20.87
142885 -40 -7.36 -20.87
143432 -40 -7.36 -20.87
139183 -40 -7.36 -20.87
270179 -40 29.8 27.29
271410 -40 29.8 27.29
274750 -40 29.8 27.29
274682 -40 29.8 27.29
269768 -40 29.8 27.29
271441 -40 29.8 27.29
268604 -40 29.8 27.29
269029 -40 29.8 27.29
271149 -40 29.8 27.29
264505 -40 29.8 27.29
268013 -40 29.8 27.29
268628 -40 29.8 27.29
270297 -40 29.8 27.29
268832 -40 29.8 27.29
270954 -40 29.8 27.29
270460 -40 29.8 27.29
268646 -40 29.8 27.29
272068 -40 29.8 27.29
272703 -40 29.8 27.29
267055 -40 29.8 27.29
270410 -40 29.8 27.29
271380 -40 29.8 27.29
268673 -40 29.8 27.29
272818 -40 29.8 27.29
272037 -40 29.8 27.29
269755 -40 29.8 27.29
270928 -40 29.8 27.29
269873 -40 29.8 27.29
273033 -40 29.8 27.29
266175 -40 29.8 27.29
269712 -40 29.8 27.29
270188 -40 29.8 27.29
266517 -40 29.8 27.29
271078 -40 29.8 27.29
266894 -40 29.8 27.29
272847 -40 29.8 27.29
267856 -40 29.8 27.29
266562 -40 29.8 27.29
272489 -40 29.8 27.29
129427 -40 -5.51 18.28
126997 -40 -5.51 18.28
130156 -40 -5.51 18.28
128896 -40 -5.51 18.28
126626 -40 -5.51 18.28
129225 -40 -5.51 18.28
128754 -40 -5.51 18.28
129765 -40 -5.51 18.28
126233 -40 -5.51 18.28
127700 -40 -5.51 18.28
126028 -40 -5.51 18.28
132967 -40 -5.51 18.28
126593 -40 -5.51 18.28
123821 -40 -5.51 18.28
129591 -40 -5.51 18.28
131670 -40 -5.51 18.28
127277 -40 -5.51 18.28
134435 -40 -5.51 18.28
126083 -40 -5.51 18.28
124020 -40 -5.51 18.28
130037 -40 -5.51 18.28
127162 -40 -5.51 18.28
126110 -40 -5.51 18.28
128158 -40 -5.51 18.28
130092 -40 -5.51 18.28
131258 -40 -5.51 18.28
129303 -40 -5.51 18.28
127813 -40 -5.51 18.28
129540 -40 -5.51 18.28
122710 -40 -5.51 18.28
121517 -40 -5.51 18.28
128386 -40 -5.51 18.28
126374 -40 -5.51 18.28
129367 -40 -5.51 18.28
124923 -40 -5.51 18.28
131518 -40 -5.51 18.28
130262 -40 -5.51 18.28
126923 -40 -5.51 18.28
125957 -40 -5.51 18.28
149794 -40 16.32 -15.35
149405 -40 16.32 -15.35
146494 -40 16.32 -15.35
150124 -40 16.32 -15.35
152946 -40 16.32 -15.35
150456 -40 16.32 -15.35
152227 -40 16.32 -15.35
152357 -40 16.32 -15.35
147336 -40 16.32 -15.35
148757 -40 16.32 -15.35
149623 -40 16.32 -15.35
149344 -40 16.32 -15.35
154902 -40 16.32 -15.35
155089 -40 16.32 -15.35
151414 -40 16.32 -15.35
146203 -40 16.32 -15.35
150337 -40 16.32 -15.35
150398 -40 16.32 -15.35
151790 -40 16.32 -15.35
151659 -40 16.32 -15.35
149382 -40 16.32 -15.35
153234 -40 16.32 -15.35
156593 -40 16.32 -15.35
148616 -40 16.32 -15.35
151405 -40 16.32 -15.35
146868 -40 16.32 -15.35
148905 -40 16.32 -15.35
150315 -40 16.32 -15.35
149398 -40 16.32 -15.35
147833 -40 16.32 -15.35
149352 -40 16.32 -15.35
151262 -40 16.32 -15.35
152590 -40 16.32 -15.35
148419 -40 16.32 -15.35
152317 -40 16.32 -15.35
145841 -40 16.32 -15.35
151177 -40 16.32 -15.35
147725 -40 16.32 -15.35
150106 -40 16.32 -15.35
128003 -40 15.63 -10.49
126993 -40 15.63 -10.49
126616 -40 15.63 -10.49
123952 -40 15.63 -10.49
123084 -40 15.63 -10.49
128056 -40 15.63 -10.49
128715 -40 15.63 -10.49
123807 -40 15.63 -10.49
126327 -40 15.63 -10.49
129378 -40 15.63 -10.49
122377 -40 15.63 -10.49
123553 -40 15.63 -10.49
130529 -40 15.63 -10.49
122590 -40 15.63 -10.49
124122 -40 15.63 -10.49
126223 -40 15.63 -10.49
127486 -40 15.63 -10.49
124761 -40 15.63 -10.49
126753 -40 15.63 -10.49
124563 -40 15.63 -10.49
122094 -40 15.63 -10.49
127110 -40 15.63 -10.49
127710 -40 15.63 -10.49
125891 -40 15.63 -10.49
130576 -40 15.63 -10.49
128544 -40 15.63 -10.49
128495 -40 15.63 -10.49
126891 -40 15.63 -10.49
127507 -40 15.63 -10.49
127609 -40 15.63 -10.49
126105 -40 15.63 -10.49
126959 -40 15.63 -10.49
126477 -40 15.63 -10.49
122929 -40 15.63 -10.49
133279 -40 15.63 -10.49
129272 -40 15.63 -10.49
128405 -40 15.63 -10.49
126690 -40 15.63 -10.49
123236 -40 15.63 -10.49
76080 -40 -11.4 -3.64
77887 -40 -11.4 -3.64
70869 -40 -11.4 -3.64
76364 -40 -11.4 -3.64
76229 -40 -11.4 -3.64
72774 -40 -11.4 -3.64
79859 -40 -11.4 -3.64
75822 -40 -11.4 -3.64
70194 -40 -11.4 -3.64
74473 -40 -11.4 -3.64
74953 -40 -11.4 -3.64
78923 -40 -11.4 -3.64
72363 -40 -11.4 -3.64
78870 -40 -11.4 -3.64
76876 -40 -11.4 -3.64
71993 -40 -11.4 -3.64
76133 -40 -11.4 -3.64
78866 -40 -11.4 -3.64
77882 -40 -11.4 -3.64
75693 -40 -11.4 -3.64
77883 -40 -11.4 -3.64
77343 -40 -11.4 -3.64
74505 -40 -11.4 -3.64
78297 -40 -11.4 -3.64
75890 -40 -11.4 -3.64
69984 -40 -11.4 -3.64
75301 -40 -11.4 -3.64
76880 -40 -11.4 -3.64
76380 -40 -11.4 -3.64
78173 -40 -11.4 -3.64
76599 -40 -11.4 -3.64
78011 -40 -11.4 -3.64
79398 -40 -11.4 -3.64
70845 -40 -11.4 -3.64
70879 -40 -11.4 -3.64
75987 -40 -11.4 -3.64
70137 -40 -11.4 -3.64
75357 -40 -11.4 -3.64
75619 -40 -11.4 -3.64
