#rtt sig_str x y
105185 -40 10.55 -10.38
99057 -40 10.55 -10.38
103318 -40 10.55 -10.38
104657 -40 10.55 -10.38
104962 -40 10.55 -10.38
105284 -40 10.55 -10.38
105289 -40 10.55 -10.38
107992 -40 10.55 -10.38
106246 -40 10.55 -10.38
104267 -40 10.55 -10.38
100571 -40 10.55 -10.38
106752 -40 10.55 -10.38
103314 -40 10.55 -10.38
108263 -40 10.55 -10.38
109951 -40 10.55 -10.38
105738 -40 10.55 -10.38
106831 -40 10.55 -10.38
102716 -40 10.55 -10.38
105672 -40 10.55 -10.38
102686 -40 10.55 -10.38
103442 -40 10.55 -10.38
106311 -40 10.55 -10.38
100936 -40 10.55 -10.38
103315 -40 10.55 -10.38
105022 -40 10.55 -10.38
100285 -40 10.55 -10.38
104958 -40 10.55 -10.38
102213 -40 10.55 -10.38
106743 -40 10.55 -10.38
105433 -40 10.55 -10.38
105243 -40 10.55 -10.38
104408 -40 10.55 -10.38
108935 -40 10.55 -10.38
105429 -40 10.55 -10.38
104507 -40 10.55 -10.38
105236 -40 10.55 -10.38
105941 -40 10.55 -10.38
107295 -40 10.55 -10.38
105016 -40 10.55 -10.38
171551 -40 -27.32 0.55
176979 -40 -27.32 0.55
177045 -40 -27.32 0.55
177642 -40 -27.32 0.55
176148 -40 -27.32 0.55
175412 -40 -27.32 0.55
176178 -40 -27.32 0.55
172156 -40 -27.32 0.55
176978 -40 -27.32 0.55
173728 -40 -27.32 0.55
181386 -40 -27.32 0.55
173881 -40 -27.32 0.55
175927 -40 -27.32 0.55
178907 -40 -27.32 0.55
171958 -40 -27.32 0.55
177644 -40 -27.32 0.55
176782 -40 -27.32 0.55
170877 -40 -27.32 0.55
175325 -40 -27.32 0.55
174812 -40 -27.32 0.55
175702 -40 -27.32 0.55
178625 -40 -27.32 0.55
174196 -40 -27.32 0.55
170109 -40 -27.32 0.55
173748 -40 -27.32 0.55
174203 -40 -27.32 0.55
174178 -40 -27.32 0.55
175446 -40 -27.32 0.55
174361 -40 -27.32 0.55
171435 -40 -27.32 0.55
177091 -40 -27.32 0.55
177573 -40 -27.32 0.55
177570 -40 -27.32 0.55
176960 -40 -27.32 0.55
171492 -40 -27.32 0.55
176443 -40 -27.32 0.55
176152 -40 -27.32 0.55
179795 -40 -27.32 0.55
176550 -40 -27.32 0.55
176794 -40 -9.4 26.57
182657 -40 -9.4 26.57
183207 -40 -9.4 26.57
180441 -40 -9.4 26.57
181069 -40 -9.4 26.57
181558 -40 -9.4 26.57
186321 -40 -9.4 26.57
187750 -40 -9.4 26.57
177437 -40 -9.4 26.57
180132 -40 -9.4 26.57
184693 -40 -9.4 26.57
184095 -40 -9.4 26.57
180317 -40 -9.4 26.57
177828 -40 -9.4 26.57
182677 -40 -9.4 26.57
182566 -40 -9.4 26.57
187090 -40 -9.4 26.57
183927 -40 -9.4 26.57
188577 -40 -9.4 26.57
182818 -40 -9.4 26.57
179773 -40 -9.4 26.57
183018 -40 -9.4 26.57
182495 -40 -9.4 26.57
180625 -40 -9.4 26.57
182076 -40 -9.4 26.57
179829 -40 -9.4 26.57
185567 -40 -9.4 26.57
180297 -40 -9.4 26.57
186285 -40 -9.4 26.57
179518 -40 -9.4 26.57
186482 -40 -9.4 26.57
181623 -40 -9.4 26.57
185455 -40 -9.4 26.57
181785 -40 -9.4 26.57
179773 -40 -9.4 26.57
187045 -40 -9.4 26.57
181904 -40 -9.4 26.57
182200 -40 -9.4 26.57
180134 -40 -9.4 26.57
67202 -40 8.64 2.87
64790 -40 8.64 2.87
72140 -40 8.64 2.87
67122 -40 8.64 2.87
64802 -40 8.64 2.87
64769 -40 8.64 2.87
63676 -40 8.64 2.87
66326 -40 8.64 2.87
70168 -40 8.64 2.87
66258 -40 8.64 2.87
66412 -40 8.64 2.87
62976 -40 8.64 2.87
66522 -40 8.64 2.87
67367 -40 8.64 2.87
59327 -40 8.64 2.87
68842 -40 8.64 2.87
62898 -40 8.64 2.87
65611 -40 8.64 2.87
70064 -40 8.64 2.87
63999 -40 8.64 2.87
67517 -40 8.64 2.87
60434 -40 8.64 2.87
71142 -40 8.64 2.87
64299 -40 8.64 2.87
67637 -40 8.64 2.87
65298 -40 8.64 2.87
68793 -40 8.64 2.87
73235 -40 8.64 2.87
64948 -40 8.64 2.87
62492 -40 8.64 2.87
62324 -40 8.64 2.87
62173 -40 8.64 2.87
60437 -40 8.64 2.87
66588 -40 8.64 2.87
64619 -40 8.64 2.87
62345 -40 8.64 2.87
64286 -40 8.64 2.87
65647 -40 8.64 2.87
71311 -40 8.64 2.87
210900 -40 -12.95 27.54
207465 -40 -12.95 27.54
206753 -40 -12.95 27.54
206190 -40 -12.95 27.54
205963 -40 -12.95 27.54
208248 -40 -12.95 27.54
206288 -40 -12.95 27.54
204518 -40 -12.95 27.54
210490 -40 -12.95 27.54
209575 -40 -12.95 27.54
204371 -40 -12.95 27.54
207000 -40 -12.95 27.54
204376 -40 -12.95 27.54
199288 -40 -12.95 27.54
203322 -40 -12.95 27.54
200521 -40 -12.95 27.54
204243 -40 -12.95 27.54
207890 -40 -12.95 27.54
207925 -40 -12.95 27.54
207038 -40 -12.95 27.54
210576 -40 -12.95 27.54
208948 -40 -12.95 27.54
206931 -40 -12.95 27.54
203922 -40 -12.95 27.54
211421 -40 -12.95 27.54
209681 -40 -12.95 27.54
206148 -40 -12.95 27.54
207867 -40 -12.95 27.54
207634 -40 -12.95 27.54
210490 -40 -12.95 27.54
209158 -40 -12.95 27.54
204131 -40 -12.95 27.54
208486 -40 -12.95 27.54
211520 -40 -12.95 27.54
204199 -40 -12.95 27.54
210317 -40 -12.95 27.54
203682 -40 -12.95 27.54
204228 -40 -12.95 27.54
208652 -40 -12.95 27.54
182313 -40 26.96 0.78
177799 -40 26.96 0.78
182005 -40 26.96 0.78
183202 -40 26.96 0.78
181511 -40 26.96 0.78
177476 -40 26.96 0.78
179304 -40 26.96 0.78
179433 -40 26.96 0.78
180414 -40 26.96 0.78
177682 -40 26.96 0.78
181190 -40 26.96 0.78
175312 -40 26.96 0.78
176489 -40 26.96 0.78
176949 -40 26.96 0.78
178243 -40 26.96 0.78
178694 -40 26.96 0.78
173628 -40 26.96 0.78
177089 -40 26.96 0.78
174969 -40 26.96 0.78
178848 -40 26.96 0.78
177676 -40 26.96 0.78
178771 -40 26.96 0.78
177293 -40 26.96 0.78
176264 -40 26.96 0.78
178633 -40 26.96 0.78
177982 -40 26.96 0.78
179435 -40 26.96 0.78
178886 -40 26.96 0.78
180096 -40 26.96 0.78
181198 -40 26.96 0.78
176923 -40 26.96 0.78
174890 -40 26.96 0.78
176426 -40 26.96 0.78
176604 -40 26.96 0.78
180167 -40 26.96 0.78
176996 -40 26.96 0.78
177075 -40 26.96 0.78
180270 -40 26.96 0.78
179630 -40 26.96 0.78
188824 -40 -20.54 19.57
190608 -40 -20.54 19.57
189435 -40 -20.54 19.57
194512 -40 -20.54 19.57
195387 -40 -20.54 19.57
195758 -40 -20.54 19.57
190819 -40 -20.54 19.57
193547 -40 -20.54 19.57
191560 -40 -20.54 19.57
190393 -40 -20.54 19.57
195956 -40 -20.54 19.57
190956 -40 -20.54 19.57
194544 -40 -20.54 19.57
191385 -40 -20.54 19.57
193413 -40 -20.54 19.57
201188 -40 -20.54 19.57
194662 -40 -20.54 19.57
192654 -40 -20.54 19.57
198312 -40 -20.54 19.57
195953 -40 -20.54 19.57
189898 -40 -20.54 19.57
193997 -40 -20.54 19.57
192705 -40 -20.54 19.57
188975 -40 -20.54 19.57
190287 -40 -20.54 19.57
187990 -40 -20.54 19.57
195083 -40 -20.54 19.57
194234 -40 -20.54 19.57
193697 -40 -20.54 19.57
197014 -40 -20.54 19.57
191943 -40 -20.54 19.57
191870 -40 -20.54 19.57
195792 -40 -20.54 19.57
195326 -40 -20.54 19.57
191790 -40 -20.54 19.57
193825 -40 -20.54 19.57
191505 -40 -20.54 19.57
194390 -40 -20.54 19.57
193319 -40 -20.54 19.57
41577 -40 -6.72 2.51
46085 -40 -6.72 2.51
48557 -40 -6.72 2.51
37957 -40 -6.72 2.51
39157 -40 -6.72 2.51
41391 -40 -6.72 2.51
50310 -40 -6.72 2.51
37861 -40 -6.72 2.51
43727 -40 -6.72 2.51
41832 -40 -6.72 2.51
42904 -40 -6.72 2.51
47415 -40 -6.72 2.51
40664 -40 -6.72 2.51
42484 -40 -6.72 2.51
46705 -40 -6.72 2.51
41454 -40 -6.72 2.51
43124 -40 -6.72 2.51
42857 -40 -6.72 2.51
44793 -40 -6.72 2.51
45455 -40 -6.72 2.51
43533 -40 -6.72 2.51
43436 -40 -6.72 2.51
43955 -40 -6.72 2.51
40109 -40 -6.72 2.51
39310 -40 -6.72 2.51
45502 -40 -6.72 2.51
46249 -40 -6.72 2.51
42352 -40 -6.72 2.51
44017 -40 -6.72 2.51
44946 -40 -6.72 2.51
45283 -40 -6.72 2.51
40789 -40 -6.72 2.51
44067 -40 -6.72 2.51
41856 -40 -6.72 2.51
44255 -40 -6.72 2.51
40683 -40 -6.72 2.51
40630 -40 -6.72 2.51
43840 -40 -6.72 2.51
40869 -40 -6.72 2.51
113030 -40 5.4 17.43
114590 -40 5.4 17.43
121580 -40 5.4 17.43
113960 -40 5.4 17.43
120196 -40 5.4 17.43
114585 -40 5.4 17.43
117644 -40 5.4 17.43
116468 -40 5.4 17.43
119345 -40 5.4 17.43
114308 -40 5.4 17.43
117226 -40 5.4 17.43
121111 -40 5.4 17.43
118509 -40 5.4 17.43
116219 -40 5.4 17.43
117422 -40 5.4 17.43
112221 -40 5.4 17.43
117579 -40 5.4 17.43
118974 -40 5.4 17.43
113761 -40 5.4 17.43
114714 -40 5.4 17.43
116555 -40 5.4 17.43
114395 -40 5.4 17.43
116020 -40 5.4 17.43
116866 -40 5.4 17.43
118594 -40 5.4 17.43
116510 -40 5.4 17.43
115263 -40 5.4 17.43
120981 -40 5.4 17.43
117378 -40 5.4 17.43
116403 -40 5.4 17.43
114638 -40 5.4 17.43
119550 -40 5.4 17.43
117379 -40 5.4 17.43
115850 -40 5.4 17.43
116007 -40 5.4 17.43
119832 -40 5.4 17.43
117721 -40 5.4 17.43
118628 -40 5.4 17.43
112331 -40 5.4 17.43
135398 -40 -0.73 20.28
131632 -40 -0.73 20.28
135233 -40 -0.73 20.28
134653 -40 -0.73 20.28
138828 -40 -0.73 20.28
136450 -40 -0.73 20.28
132044 -40 -0.73 20.28
133112 -40 -0.73 20.28
133387 -40 -0.73 20.28
137195 -40 -0.73 20.28
135057 -40 -0.73 20.28
132831 -40 -0.73 20.28
133497 -40 -0.73 20.28
134999 -40 -0.73 20.28
133474 -40 -0.73 20.28
133653 -40 -0.73 20.28
137244 -40 -0.73 20.28
137872 -40 -0.73 20.28
136706 -40 -0.73 20.28
134177 -40 -0.73 20.28
129560 -40 -0.73 20.28
133883 -40 -0.73 20.28
141011 -40 -0.73 20.28
135646 -40 -0.73 20.28
131705 -40 -0.73 20.28
133714 -40 -0.73 20.28
134020 -40 -0.73 20.28
129401 -40 -0.73 20.28
136514 -40 -0.73 20.28
134587 -40 -0.73 20.28
131486 -40 -0.73 20.28
135528 -40 -0.73 20.28
140139 -40 -0.73 20.28
131156 -40 -0.73 20.28
135918 -40 -0.73 20.28
133938 -40 -0.73 20.28
133403 -40 -0.73 20.28
132150 -40 -0.73 20.28
135303 -40 -0.73 20.28
