#rtt sig_str x y
186626 -40 19.39 19.41
186142 -40 19.39 19.41
189474 -40 19.39 19.41
190433 -40 19.39 19.41
188706 -40 19.39 19.41
188298 -40 19.39 19.41
192435 -40 19.39 19.41
186133 -40 19.39 19.41
193381 -40 19.39 19.41
191404 -40 19.39 19.41
186284 -40 19.39 19.41
191242 -40 19.39 19.41
196028 -40 19.39 19.41
182522 -40 19.39 19.41
187863 -40 19.39 19.41
192232 -40 19.39 19.41
186735 -40 19.39 19.41
193944 -40 19.39 19.41
186675 -40 19.39 19.41
186920 -40 19.39 19.41
191224 -40 19.39 19.41
192900 -40 19.39 19.41
187427 -40 19.39 19.41
186820 -40 19.39 19.41
185537 -40 19.39 19.41
185691 -40 19.39 19.41
191118 -40 19.39 19.41
188812 -40 19.39 19.41
187726 -40 19.39 19.41
185757 -40 19.39 19.41
187944 -40 19.39 19.41
185361 -40 19.39 19.41
190275 -40 19.39 19.41
190023 -40 19.39 19.41
187679 -40 19.39 19.41
193686 -40 19.39 19.41
184174 -40 19.39 19.41
184214 -40 19.39 19.41
189908 -40 19.39 19.41
235320 -40 -28.44 -21.23
233353 -40 -28.44 -21.23
236550 -40 -28.44 -21.23
234442 -40 -28.44 -21.23
239626 -40 -28.44 -21.23
238212 -40 -28.44 -21.23
240132 -40 -28.44 -21.23
238922 -40 -28.44 -21.23
236362 -40 -28.44 -21.23
237843 -40 -28.44 -21.23
233754 -40 -28.44 -21.23
240213 -40 -28.44 -21.23
238971 -40 -28.44 -21.23
231391 -40 -28.44 -21.23
238986 -40 -28.44 -21.23
235988 -40 -28.44 -21.23
237449 -40 -28.44 -21.23
235192 -40 -28.44 -21.23
239046 -40 -28.44 -21.23
236952 -40 -28.44 -21.23
240062 -40 -28.44 -21.23
240249 -40 -28.44 -21.23
235000 -40 -28.44 -21.23
236738 -40 -28.44 -21.23
242398 -40 -28.44 -21.23
233018 -40 -28.44 -21.23
237509 -40 -28.44 -21.23
236989 -40 -28.44 -21.23
239671 -40 -28.44 -21.23
233771 -40 -28.44 -21.23
245053 -40 -28.44 -21.23
242244 -40 -28.44 -21.23
236012 -40 -28.44 -21.23
238683 -40 -28.44 -21.23
234932 -40 -28.44 -21.23
230836 -40 -28.44 -21.23
236972 -40 -28.44 -21.23
241794 -40 -28.44 -21.23
238878 -40 -28.44 -21.23
116598 -40 -17.36 -4.76
119113 -40 -17.36 -4.76
121613 -40 -17.36 -4.76
116340 -40 -17.36 -4.76
116626 -40 -17.36 -4.76
119211 -40 -17.36 -4.76
121151 -40 -17.36 -4.76
117919 -40 -17.36 -4.76
120603 -40 -17.36 -4.76
117027 -40 -17.36 -4.76
116205 -40 -17.36 -4.76
123140 -40 -17.36 -4.76
119711 -40 -17.36 -4.76
118466 -40 -17.36 -4.76
117506 -40 -17.36 -4.76
117278 -40 -17.36 -4.76
119274 -40 -17.36 -4.76
119634 -40 -17.36 -4.76
119129 -40 -17.36 -4.76
117246 -40 -17.36 -4.76
119370 -40 -17.36 -4.76
121366 -40 -17.36 -4.76
121294 -40 -17.36 -4.76
121518 -40 -17.36 -4.76
119358 -40 -17.36 -4.76
118656 -40 -17.36 -4.76
118454 -40 -17.36 -4.76
111934 -40 -17.36 -4.76
120345 -40 -17.36 -4.76
122993 -40 -17.36 -4.76
116268 -40 -17.36 -4.76
123298 -40 -17.36 -4.76
118121 -40 -17.36 -4.76
118637 -40 -17.36 -4.76
121314 -40 -17.36 -4.76
119611 -40 -17.36 -4.76
117406 -40 -17.36 -4.76
119496 -40 -17.36 -4.76
116780 -40 -17.36 -4.76
139028 -40 7.11 19.67
135642 -40 7.11 19.67
139362 -40 7.11 19.67
138914 -40 7.11 19.67
138844 -40 7.11 19.67
137088 -40 7.11 19.67
136377 -40 7.11 19.67
142654 -40 7.11 19.67
141148 -40 7.11 19.67
143209 -40 7.11 19.67
143146 -40 7.11 19.67
141678 -40 7.11 19.67
146487 -40 7.11 19.67
139907 -40 7.11 19.67
138691 -40 7.11 19.67
140730 -40 7.11 19.67
138100 -40 7.11 19.67
141067 -40 7.11 19.67
144206 -40 7.11 19.67
144534 -40 7.11 19.67
139851 -40 7.11 19.67
139074 -40 7.11 19.67
141609 -40 7.11 19.67
138986 -40 7.11 19.67
140604 -40 7.11 19.67
139258 -40 7.11 19.67
143134 -40 7.11 19.67
145282 -40 7.11 19.67
139642 -40 7.11 19.67
140097 -40 7.11 19.67
138772 -40 7.11 19.67
148292 -40 7.11 19.67
146952 -40 7.11 19.67
139307 -40 7.11 19.67
139557 -40 7.11 19.67
143453 -40 7.11 19.67
135836 -40 7.11 19.67
138548 -40 7.11 19.67
144064 -40 7.11 19.67
170208 -40 -24.11 8.11
171025 -40 -24.11 8.11
172095 -40 -24.11 8.11
172873 -40 -24.11 8.11
174535 -40 -24.11 8.11
170530 -40 -24.11 8.11
176042 -40 -24.11 8.11
168990 -40 -24.11 8.11
171814 -40 -24.11 8.11
174493 -40 -24.11 8.11
170733 -40 -24.11 8.11
177627 -40 -24.11 8.11
175423 -40 -24.11 8.11
172131 -40 -24.11 8.11
174920 -40 -24.11 8.11
171676 -40 -24.11 8.11
175739 -40 -24.11 8.11
172250 -40 -24.11 8.11
172666 -40 -24.11 8.11
172729 -40 -24.11 8.11
168574 -40 -24.11 8.11
169812 -40 -24.11 8.11
171441 -40 -24.11 8.11
172315 -40 -24.11 8.11
172318 -40 -24.11 8.11
171772 -40 -24.11 8.11
167403 -40 -24.11 8.11
172707 -40 -24.11 8.11
179185 -40 -24.11 8.11
174298 -40 -24.11 8.11
176020 -40 -24.11 8.11
174112 -40 -24.11 8.11
167855 -40 -24.11 8.11
167502 -40 -24.11 8.11
172116 -40 -24.11 8.11
176573 -40 -24.11 8.11
170426 -40 -24.11 8.11
171089 -40 -24.11 8.11
171405 -40 -24.11 8.11
42502 -40 7.21 -1.6
43170 -40 7.21 -1.6
39709 -40 7.21 -1.6
40015 -40 7.21 -1.6
40290 -40 7.21 -1.6
40528 -40 7.21 -1.6
42164 -40 7.21 -1.6
40653 -40 7.21 -1.6
41969 -40 7.21 -1.6
42717 -40 7.21 -1.6
44801 -40 7.21 -1.6
45447 -40 7.21 -1.6
41937 -40 7.21 -1.6
42674 -40 7.21 -1.6
42059 -40 7.21 -1.6
39533 -40 7.21 -1.6
45686 -40 7.21 -1.6
43657 -40 7.21 -1.6
41076 -40 7.21 -1.6
38564 -40 7.21 -1.6
46424 -40 7.21 -1.6
43015 -40 7.21 -1.6
41403 -40 7.21 -1.6
41537 -40 7.21 -1.6
38665 -40 7.21 -1.6
42141 -40 7.21 -1.6
40726 -40 7.21 -1.6
41963 -40 7.21 -1.6
46465 -40 7.21 -1.6
42599 -40 7.21 -1.6
43030 -40 7.21 -1.6
39401 -40 7.21 -1.6
34981 -40 7.21 -1.6
42368 -40 7.21 -1.6
40889 -40 7.21 -1.6
43002 -40 7.21 -1.6
41763 -40 7.21 -1.6
40371 -40 7.21 -1.6
48724 -40 7.21 -1.6
221084 -40 -26.77 20.16
216878 -40 -26.77 20.16
218936 -40 -26.77 20.16
217239 -40 -26.77 20.16
219146 -40 -26.77 20.16
216889 -40 -26.77 20.16
217146 -40 -26.77 20.16
218687 -40 -26.77 20.16
216668 -40 -26.77 20.16
219589 -40 -26.77 20.16
218856 -40 -26.77 20.16
215554 -40 -26.77 20.16
217348 -40 -26.77 20.16
222528 -40 -26.77 20.16
212244 -40 -26.77 20.16
220635 -40 -26.77 20.16
218142 -40 -26.77 20.16
219148 -40 -26.77 20.16
214048 -40 -26.77 20.16
219049 -40 -26.77 20.16
217000 -40 -26.77 20.16
215146 -40 -26.77 20.16
214264 -40 -26.77 20.16
220477 -40 -26.77 20.16
217183 -40 -26.77 20.16
212210 -40 -26.77 20.16
217995 -40 -26.77 20.16
215009 -40 -26.77 20.16
216376 -40 -26.77 20.16
214754 -40 -26.77 20.16
216605 -40 -26.77 20.16
219640 -40 -26.77 20.16
215905 -40 -26.77 20.16
215346 -40 -26.77 20.16
216427 -40 -26.77 20.16
216721 -40 -26.77 20.16
217408 -40 -26.77 20.16
214641 -40 -26.77 20.16
219261 -40 -26.77 20.16
265438 -40 27.64 -28.06
267740 -40 27.64 -28.06
261886 -40 27.64 -28.06
266991 -40 27.64 -28.06
266357 -40 27.64 -28.06
272265 -40 27.64 -28.06
267883 -40 27.64 -28.06
266800 -40 27.64 -28.06
262676 -40 27.64 -28.06
261908 -40 27.64 -28.06
265975 -40 27.64 -28.06
264714 -40 27.64 -28.06
267266 -40 27.64 -28.06
267605 -40 27.64 -28.06
270653 -40 27.64 -28.06
269282 -40 27.64 -28.06
266992 -40 27.64 -28.06
266227 -40 27.64 -28.06
268903 -40 27.64 -28.06
265384 -40 27.64 -28.06
269739 -40 27.64 -28.06
271141 -40 27.64 -28.06
268833 -40 27.64 -28.06
264329 -40 27.64 -28.06
263828 -40 27.64 -28.06
260439 -40 27.64 -28.06
265992 -40 27.64 -28.06
266352 -40 27.64 -28.06
267127 -40 27.64 -28.06
266123 -40 27.64 -28.06
265874 -40 27.64 -28.06
265059 -40 27.64 -28.06
266744 -40 27.64 -28.06
260935 -40 27.64 -28.06
268474 -40 27.64 -28.06
264721 -40 27.64 -28.06
266619 -40 27.64 -28.06
267107 -40 27.64 -28.06
266122 -40 27.64 -28.06
261124 -40 28.83 -25.71
253714 -40 28.83 -25.71
264313 -40 28.83 -25.71
258313 -40 28.83 -25.71
259517 -40 28.83 -25.71
264195 -40 28.83 -25.71
257464 -40 28.83 -25.71
257952 -40 28.83 -25.71
259755 -40 28.83 -25.71
257133 -40 28.83 -25.71
260788 -40 28.83 -25.71
261127 -40 28.83 -25.71
259153 -40 28.83 -25.71
262049 -40 28.83 -25.71
258703 -40 28.83 -25.71
256082 -40 28.83 -25.71
262542 -40 28.83 -25.71
255139 -40 28.83 -25.71
259597 -40 28.83 -25.71
259893 -40 28.83 -25.71
257458 -40 28.83 -25.71
261304 -40 28.83 -25.71
261700 -40 28.83 -25.71
257771 -40 28.83 -25.71
259848 -40 28.83 -25.71
256550 -40 28.83 -25.71
258255 -40 28.83 -25.71
260027 -40 28.83 -25.71
256388 -40 28.83 -25.71
255806 -40 28.83 -25.71
261759 -40 28.83 -25.71
255136 -40 28.83 -25.71
262293 -40 28.83 -25.71
263241 -40 28.83 -25.71
266262 -40 28.83 -25.71
265845 -40 28.83 -25.71
259252 -40 28.83 -25.71
258960 -40 28.83 -25.71
260131 -40 28.83 -25.71
119485 -40 1.27 -16.96
118605 -40 1.27 -16.96
115371 -40 1.27 -16.96
114229 -40 1.27 -16.96
117268 -40 1.27 -16.96
117876 -40 1.27 -16.96
119302 -40 1.27 -16.96
119457 -40 1.27 -16.96
116686 -40 1.27 -16.96
121579 -40 1.27 -16.96
117339 -40 1.27 -16.96
116736 -40 1.27 -16.96
119337 -40 1.27 -16.96
114833 -40 1.27 -16.96
117226 -40 1.27 -16.96
115824 -40 1.27 -16.96
115495 -40 1.27 -16.96
119287 -40 1.27 -16.96
112930 -40 1.27 -16.96
116380 -40 1.27 -16.96
117669 -40 1.27 -16.96
116883 -40 1.27 -16.96
114459 -40 1.27 -16.96
115454 -40 1.27 -16.96
114556 -40 1.27 -16.96
115337 -40 1.27 -16.96
116306 -40 1.27 -16.96
115537 -40 1.27 -16.96
117139 -40 1.27 -16.96
120832 -40 1.27 -16.96
110606 -40 1.27 -16.96
118937 -40 1.27 -16.96
118073 -40 1.27 -16.96
116751 -40 1.27 -16.96
115042 -40 1.27 -16.96
124187 -40 1.27 -16.96
120247 -40 1.27 -16.96
119290 -40 1.27 -16.96
116400 -40 1.27 -16.96
