#rtt sig_str x y
157542 -40 20.8 10.73
151566 -40 20.8 10.73
151207 -40 20.8 10.73
160212 -40 20.8 10.73
153994 -40 20.8 10.73
150086 -40 20.8 10.73
154767 -40 20.8 10.73
156209 -40 20.8 10.73
151300 -40 20.8 10.73
153126 -40 20.8 10.73
154617 -40 20.8 10.73
154517 -40 20.8 10.73
159171 -40 20.8 10.73
154337 -40 20.8 10.73
154778 -40 20.8 10.73
152106 -40 20.8 10.73
156336 -40 20.8 10.73
151717 -40 20.8 10.73
153413 -40 20.8 10.73
150986 -40 20.8 10.73
154132 -40 20.8 10.73
149068 -40 20.8 10.73
152844 -40 20.8 10.73
154452 -40 20.8 10.73
153373 -40 20.8 10.73
158241 -40 20.8 10.73
160011 -40 20.8 10.73
155380 -40 20.8 10.73
152801 -40 20.8 10.73
153407 -40 20.8 10.73
156296 -40 20.8 10.73
151229 -40 20.8 10.73
151502 -40 20.8 10.73
156823 -40 20.8 10.73
150146 -40 20.8 10.73
151272 -40 20.8 10.73
151778 -40 20.8 10.73
151464 -40 20.8 10.73
153317 -40 20.8 10.73
133716 -40 3.67 20.78
136909 -40 3.67 20.78
132785 -40 3.67 20.78
135042 -40 3.67 20.78
133511 -40 3.67 20.78
134887 -40 3.67 20.78
142393 -40 3.67 20.78
140633 -40 3.67 20.78
134897 -40 3.67 20.78
134851 -40 3.67 20.78
131697 -40 3.67 20.78
138550 -40 3.67 20.78
139173 -40 3.67 20.78
137902 -40 3.67 20.78
136959 -40 3.67 20.78
137218 -40 3.67 20.78
134129 -40 3.67 20.78
135421 -40 3.67 20.78
139528 -40 3.67 20.78
136087 -40 3.67 20.78
137163 -40 3.67 20.78
136603 -40 3.67 20.78
137715 -40 3.67 20.78
140930 -40 3.67 20.78
135172 -40 3.67 20.78
134224 -40 3.67 20.78
138059 -40 3.67 20.78
142586 -40 3.67 20.78
133877 -40 3.67 20.78
137353 -40 3.67 20.78
137907 -40 3.67 20.78
133544 -40 3.67 20.78
136989 -40 3.67 20.78
136719 -40 3.67 20.78
135624 -40 3.67 20.78
135914 -40 3.67 20.78
136818 -40 3.67 20.78
134798 -40 3.67 20.78
139463 -40 3.67 20.78
188267 -40 -2.71 -27.97
188737 -40 -2.71 -27.97
183465 -40 -2.71 -27.97
182146 -40 -2.71 -27.97
182933 -40 -2.71 -27.97
185246 -40 -2.71 -27.97
181946 -40 -2.71 -27.97
183613 -40 -2.71 -27.97
186438 -40 -2.71 -27.97
186650 -40 -2.71 -27.97
186540 -40 -2.71 -27.97
183005 -40 -2.71 -27.97
186109 -40 -2.71 -27.97
185362 -40 -2.71 -27.97
182496 -40 -2.71 -27.97
185386 -40 -2.71 -27.97
187423 -40 -2.71 -27.97
186954 -40 -2.71 -27.97
182825 -40 -2.71 -27.97
187329 -40 -2.71 -27.97
187633 -40 -2.71 -27.97
184217 -40 -2.71 -27.97
190799 -40 -2.71 -27.97
190392 -40 -2.71 -27.97
183454 -40 -2.71 -27.97
185379 -40 -2.71 -27.97
185327 -40 -2.71 -27.97
185452 -40 -2.71 -27.97
187853 -40 -2.71 -27.97
186193 -40 -2.71 -27.97
181890 -40 -2.71 -27.97
187847 -40 -2.71 -27.97
180894 -40 -2.71 -27.97
187477 -40 -2.71 -27.97
184015 -40 -2.71 -27.97
181469 -40 -2.71 -27.97
184665 -40 -2.71 -27.97
182773 -40 -2.71 -27.97
188934 -40 -2.71 -27.97
124754 -40 -8.87 16.46
122238 -40 -8.87 16.46
115024 -40 -8.87 16.46
121670 -40 -8.87 16.46
118077 -40 -8.87 16.46
124499 -40 -8.87 16.46
119154 -40 -8.87 16.46
122987 -40 -8.87 16.46
120891 -40 -8.87 16.46
118174 -40 -8.87 16.46
125943 -40 -8.87 16.46
125280 -40 -8.87 16.46
120236 -40 -8.87 16.46
119882 -40 -8.87 16.46
118991 -40 -8.87 16.46
122266 -40 -8.87 16.46
125863 -40 -8.87 16.46
120904 -40 -8.87 16.46
120316 -40 -8.87 16.46
123884 -40 -8.87 16.46
117567 -40 -8.87 16.46
121859 -40 -8.87 16.46
121934 -40 -8.87 16.46
122486 -40 -8.87 16.46
120314 -40 -8.87 16.46
124623 -40 -8.87 16.46
126329 -40 -8.87 16.46
121430 -40 -8.87 16.46
120509 -40 -8.87 16.46
123713 -40 -8.87 16.46
122954 -40 -8.87 16.46
123513 -40 -8.87 16.46
125196 -40 -8.87 16.46
123308 -40 -8.87 16.46
122910 -40 -8.87 16.46
124251 -40 -8.87 16.46
122671 -40 -8.87 16.46
124008 -40 -8.87 16.46
118651 -40 -8.87 16.46
91053 -40 5.15 13.46
96418 -40 5.15 13.46
96762 -40 5.15 13.46
95149 -40 5.15 13.46
96887 -40 5.15 13.46
91956 -40 5.15 13.46
95636 -40 5.15 13.46
95226 -40 5.15 13.46
94277 -40 5.15 13.46
92982 -40 5.15 13.46
94851 -40 5.15 13.46
93019 -40 5.15 13.46
98705 -40 5.15 13.46
89906 -40 5.15 13.46
89410 -40 5.15 13.46
93108 -40 5.15 13.46
89850 -40 5.15 13.46
92908 -40 5.15 13.46
95332 -40 5.15 13.46
93750 -40 5.15 13.46
91419 -40 5.15 13.46
96792 -40 5.15 13.46
90610 -40 5.15 13.46
92515 -40 5.15 13.46
93265 -40 5.15 13.46
94296 -40 5.15 13.46
94536 -40 5.15 13.46
93702 -40 5.15 13.46
93721 -40 5.15 13.46
93995 -40 5.15 13.46
92872 -40 5.15 13.46
95992 -40 5.15 13.46
93405 -40 5.15 13.46
96884 -40 5.15 13.46
92176 -40 5.15 13.46
92555 -40 5.15 13.46
96951 -40 5.15 13.46
93089 -40 5.15 13.46
95535 -40 5.15 13.46
24383 -40 2.15 -2.83
23176 -40 2.15 -2.83
22565 -40 2.15 -2.83
21383 -40 2.15 -2.83
23113 -40 2.15 -2.83
23758 -40 2.15 -2.83
16421 -40 2.15 -2.83
23113 -40 2.15 -2.83
17636 -40 2.15 -2.83
17030 -40 2.15 -2.83
17275 -40 2.15 -2.83
23624 -40 2.15 -2.83
17112 -40 2.15 -2.83
19183 -40 2.15 -2.83
16468 -40 2.15 -2.83
21054 -40 2.15 -2.83
24904 -40 2.15 -2.83
21158 -40 2.15 -2.83
18422 -40 2.15 -2.83
18041 -40 2.15 -2.83
21385 -40 2.15 -2.83
17700 -40 2.15 -2.83
16652 -40 2.15 -2.83
19600 -40 2.15 -2.83
22671 -40 2.15 -2.83
18863 -40 2.15 -2.83
23109 -40 2.15 -2.83
15564 -40 2.15 -2.83
21397 -40 2.15 -2.83
18975 -40 2.15 -2.83
20585 -40 2.15 -2.83
23072 -40 2.15 -2.83
20733 -40 2.15 -2.83
22369 -40 2.15 -2.83
15240 -40 2.15 -2.83
19276 -40 2.15 -2.83
25320 -40 2.15 -2.83
21978 -40 2.15 -2.83
19757 -40 2.15 -2.83
132409 -40 19.65 -0.68
128572 -40 19.65 -0.68
133028 -40 19.65 -0.68
130835 -40 19.65 -0.68
131042 -40 19.65 -0.68
130056 -40 19.65 -0.68
132119 -40 19.65 -0.68
132070 -40 19.65 -0.68
137479 -40 19.65 -0.68
126672 -40 19.65 -0.68
131710 -40 19.65 -0.68
135368 -40 19.65 -0.68
130416 -40 19.65 -0.68
132572 -40 19.65 -0.68
127356 -40 19.65 -0.68
132153 -40 19.65 -0.68
132441 -40 19.65 -0.68
133484 -40 19.65 -0.68
132501 -40 19.65 -0.68
130926 -40 19.65 -0.68
136174 -40 19.65 -0.68
131121 -40 19.65 -0.68
130783 -40 19.65 -0.68
128956 -40 19.65 -0.68
128795 -40 19.65 -0.68
136685 -40 19.65 -0.68
133572 -40 19.65 -0.68
134465 -40 19.65 -0.68
127955 -40 19.65 -0.68
128693 -40 19.65 -0.68
128183 -40 19.65 -0.68
131375 -40 19.65 -0.68
135174 -40 19.65 -0.68
129639 -40 19.65 -0.68
132140 -40 19.65 -0.68
133926 -40 19.65 -0.68
127135 -40 19.65 -0.68
134816 -40 19.65 -0.68
127972 -40 19.65 -0.68
169002 -40 -14.13 22.36
165954 -40 -14.13 22.36
165393 -40 -14.13 22.36
172009 -40 -14.13 22.36
169194 -40 -14.13 22.36
171555 -40 -14.13 22.36
162455 -40 -14.13 22.36
166085 -40 -14.13 22.36
167326 -40 -14.13 22.36
167438 -40 -14.13 22.36
169144 -40 -14.13 22.36
169342 -40 -14.13 22.36
174185 -40 -14.13 22.36
168482 -40 -14.13 22.36
168528 -40 -14.13 22.36
163713 -40 -14.13 22.36
168465 -40 -14.13 22.36
165226 -40 -14.13 22.36
168665 -40 -14.13 22.36
167793 -40 -14.13 22.36
172755 -40 -14.13 22.36
169394 -40 -14.13 22.36
166002 -40 -14.13 22.36
166849 -40 -14.13 22.36
170909 -40 -14.13 22.36
164803 -40 -14.13 22.36
163846 -40 -14.13 22.36
168457 -40 -14.13 22.36
166767 -40 -14.13 22.36
170370 -40 -14.13 22.36
167213 -40 -14.13 22.36
168205 -40 -14.13 22.36
166248 -40 -14.13 22.36
166788 -40 -14.13 22.36
164673 -40 -14.13 22.36
169450 -40 -14.13 22.36
165590 -40 -14.13 22.36
169217 -40 -14.13 22.36
166315 -40 -14.13 22.36
102088 -40 -1.3 14.14
97226 -40 -1.3 14.14
94549 -40 -1.3 14.14
95625 -40 -1.3 14.14
95049 -40 -1.3 14.14
96159 -40 -1.3 14.14
96717 -40 -1.3 14.14
100280 -40 -1.3 14.14
95702 -40 -1.3 14.14
95173 -40 -1.3 14.14
96889 -40 -1.3 14.14
96956 -40 -1.3 14.14
98053 -40 -1.3 14.14
96586 -40 -1.3 14.14
95433 -40 -1.3 14.14
96326 -40 -1.3 14.14
98814 -40 -1.3 14.14
92109 -40 -1.3 14.14
95592 -40 -1.3 14.14
100054 -40 -1.3 14.14
96477 -40 -1.3 14.14
95345 -40 -1.3 14.14
97309 -40 -1.3 14.14
100346 -40 -1.3 14.14
97483 -40 -1.3 14.14
99945 -40 -1.3 14.14
99762 -40 -1.3 14.14
96971 -40 -1.3 14.14
97991 -40 -1.3 14.14
97599 -40 -1.3 14.14
96557 -40 -1.3 14.14
97481 -40 -1.3 14.14
98566 -40 -1.3 14.14
96234 -40 -1.3 14.14
95393 -40 -1.3 14.14
96122 -40 -1.3 14.14
104751 -40 -1.3 14.14
96018 -40 -1.3 14.14
96878 -40 -1.3 14.14
71202 -40 -9.13 5.93
71874 -40 -9.13 5.93
72065 -40 -9.13 5.93
73315 -40 -9.13 5.93
78034 -40 -9.13 5.93
80023 -40 -9.13 5.93
73351 -40 -9.13 5.93
74912 -40 -9.13 5.93
73956 -40 -9.13 5.93
76526 -40 -9.13 5.93
76153 -40 -9.13 5.93
75369 -40 -9.13 5.93
73837 -40 -9.13 5.93
76004 -40 -9.13 5.93
74625 -40 -9.13 5.93
76126 -40 -9.13 5.93
77417 -40 -9.13 5.93
73737 -40 -9.13 5.93
71731 -40 -9.13 5.93
72959 -40 -9.13 5.93
70251 -40 -9.13 5.93
71209 -40 -9.13 5.93
74017 -40 -9.13 5.93
71466 -40 -9.13 5.93
79021 -40 -9.13 5.93
80094 -40 -9.13 5.93
77160 -40 -9.13 5.93
74975 -40 -9.13 5.93
74637 -40 -9.13 5.93
75459 -40 -9.13 5.93
75470 -40 -9.13 5.93
80819 -40 -9.13 5.93
73683 -40 -9.13 5.93
77621 -40 -9.13 5.93
74363 -40 -9.13 5.93
72193 -40 -9.13 5.93
72433 -40 -9.13 5.93
81409 -40 -9.13 5.93
76430 -40 -9.13 5.93
