#rtt sig_str x y
121903 -40 -4.79 -18.37
123112 -40 -4.79 -18.37
121715 -40 -4.79 -18.37
128353 -40 -4.79 -18.37
124933 -40 -4.79 -18.37
128536 -40 -4.79 -18.37
126334 -40 -4.79 -18.37
124842 -40 -4.79 -18.37
121737 -40 -4.79 -18.37
124591 -40 -4.79 -18.37
125657 -40 -4.79 -18.37
118155 -40 -4.79 -18.37
123109 -40 -4.79 -18.37
121225 -40 -4.79 -18.37
129257 -40 -4.79 -18.37
125822 -40 -4.79 -18.37
128250 -40 -4.79 -18.37
125278 -40 -4.79 -18.37
121806 -40 -4.79 -18.37
119665 -40 -4.79 -18.37
121317 -40 -4.79 -18.37
129028 -40 -4.79 -18.37
124902 -40 -4.79 -18.37
122766 -40 -4.79 -18.37
122047 -40 -4.79 -18.37
122906 -40 -4.79 -18.37
128215 -40 -4.79 -18.37
123165 -40 -4.79 -18.37
124260 -40 -4.79 -18.37
123488 -40 -4.79 -18.37
122308 -40 -4.79 -18.37
123209 -40 -4.79 -18.37
119351 -40 -4.79 -18.37
125268 -40 -4.79 -18.37
122492 -40 -4.79 -18.37
123617 -40 -4.79 -18.37
125125 -40 -4.79 -18.37
118938 -40 -4.79 -18.37
123241 -40 -4.79 -18.37
209928 -40 -8.21 -29.85
210428 -40 -8.21 -29.85
209668 -40 -8.21 -29.85
205007 -40 -8.21 -29.85
209107 -40 -8.21 -29.85
208265 -40 -8.21 -29.85
207620 -40 -8.21 -29.85
208231 -40 -8.21 -29.85
211175 -40 -8.21 -29.85
203933 -40 -8.21 -29.85
211228 -40 -8.21 -29.85
210971 -40 -8.21 -29.85
206897 -40 -8.21 -29.85
214687 -40 -8.21 -29.85
209108 -40 -8.21 -29.85
206932 -40 -8.21 -29.85
210702 -40 -8.21 -29.85
209449 -40 -8.21 -29.85
208253 -40 -8.21 -29.85
209131 -40 -8.21 -29.85
209863 -40 -8.21 -29.85
208169 -40 -8.21 -29.85
203974 -40 -8.21 -29.85
209941 -40 -8.21 -29.85
212727 -40 -8.21 -29.85
205746 -40 -8.21 -29.85
208591 -40 -8.21 -29.85
209788 -40 -8.21 -29.85
208563 -40 -8.21 -29.85
209586 -40 -8.21 -29.85
210141 -40 -8.21 -29.85
206656 -40 -8.21 -29.85
212596 -40 -8.21 -29.85
211930 -40 -8.21 -29.85
210061 -40 -8.21 -29.85
208536 -40 -8.21 -29.85
207408 -40 -8.21 -29.85
207860 -40 -8.21 -29.85
202350 -40 -8.21 -29.85
227636 -40 -18.91 29.5
224025 -40 -18.91 29.5
226573 -40 -18.91 29.5
226023 -40 -18.91 29.5
226957 -40 -18.91 29.5
220776 -40 -18.91 29.5
223457 -40 -18.91 29.5
226167 -40 -18.91 29.5
229506 -40 -18.91 29.5
226914 -40 -18.91 29.5
225560 -40 -18.91 29.5
226037 -40 -18.91 29.5
228263 -40 -18.91 29.5
226829 -40 -18.91 29.5
224720 -40 -18.91 29.5
227930 -40 -18.91 29.5
223517 -40 -18.91 29.5
227796 -40 -18.91 29.5
224199 -40 -18.91 29.5
228748 -40 -18.91 29.5
227975 -40 -18.91 29.5
226604 -40 -18.91 29.5
227693 -40 -18.91 29.5
226698 -40 -18.91 29.5
225985 -40 -18.91 29.5
219552 -40 -18.91 29.5
230961 -40 -18.91 29.5
226399 -40 -18.91 29.5
230025 -40 -18.91 29.5
226383 -40 -18.91 29.5
228287 -40 -18.91 29.5
225445 -40 -18.91 29.5
225961 -40 -18.91 29.5
228308 -40 -18.91 29.5
231698 -40 -18.91 29.5
226802 -40 -18.91 29.5
227380 -40 -18.91 29.5
226616 -40 -18.91 29.5
224347 -40 -18.91 29.5
107850 -40 1.1 -15.83
103653 -40 1.1 -15.83
104881 -40 1.1 -15.83
102963 -40 1.1 -15.83
100509 -40 1.1 -15.83
104826 -40 1.1 -15.83
107019 -40 1.1 -15.83
107358 -40 1.1 -15.83
102543 -40 1.1 -15.83
103389 -40 1.1 -15.83
105221 -40 1.1 -15.83
107679 -40 1.1 -15.83
104073 -40 1.1 -15.83
102264 -40 1.1 -15.83
105885 -40 1.1 -15.83
105720 -40 1.1 -15.83
102824 -40 1.1 -15.83
107791 -40 1.1 -15.83
104400 -40 1.1 -15.83
109791 -40 1.1 -15.83
102255 -40 1.1 -15.83
102985 -40 1.1 -15.83
101702 -40 1.1 -15.83
106266 -40 1.1 -15.83
110997 -40 1.1 -15.83
106919 -40 1.1 -15.83
106130 -40 1.1 -15.83
107309 -40 1.1 -15.83
105444 -40 1.1 -15.83
104820 -40 1.1 -15.83
104255 -40 1.1 -15.83
104111 -40 1.1 -15.83
104671 -40 1.1 -15.83
105556 -40 1.1 -15.83
104326 -40 1.1 -15.83
106598 -40 1.1 -15.83
106685 -40 1.1 -15.83
107922 -40 1.1 -15.83
105696 -40 1.1 -15.83
225800 -40 -29.49 -16.98
223941 -40 -29.49 -16.98
221134 -40 -29.49 -16.98
224675 -40 -29.49 -16.98
223516 -40 -29.49 -16.98
220322 -40 -29.49 -16.98
222871 -40 -29.49 -16.98
222543 -40 -29.49 -16.98
227775 -40 -29.49 -16.98
223474 -40 -29.49 -16.98
225246 -40 -29.49 -16.98
223231 -40 -29.49 -16.98
225628 -40 -29.49 -16.98
221242 -40 -29.49 -16.98
225753 -40 -29.49 -16.98
220226 -40 -29.49 -16.98
223601 -40 -29.49 -16.98
223419 -40 -29.49 -16.98
219410 -40 -29.49 -16.98
226055 -40 -29.49 -16.98
226919 -40 -29.49 -16.98
225190 -40 -29.49 -16.98
219664 -40 -29.49 -16.98
226427 -40 -29.49 -16.98
221698 -40 -29.49 -16.98
221067 -40 -29.49 -16.98
219295 -40 -29.49 -16.98
222812 -40 -29.49 -16.98
225293 -40 -29.49 -16.98
221832 -40 -29.49 -16.98
220588 -40 -29.49 -16.98
217860 -40 -29.49 -16.98
231313 -40 -29.49 -16.98
225297 -40 -29.49 -16.98
220561 -40 -29.49 -16.98
221879 -40 -29.49 -16.98
226031 -40 -29.49 -16.98
222178 -40 -29.49 -16.98
221356 -40 -29.49 -16.98
202972 -40 28.14 -15.43
205832 -40 28.14 -15.43
205329 -40 28.14 -15.43
198584 -40 28.14 -15.43
205217 -40 28.14 -15.43
205308 -40 28.14 -15.43
206995 -40 28.14 -15.43
208924 -40 28.14 -15.43
210192 -40 28.14 -15.43
207516 -40 28.14 -15.43
203530 -40 28.14 -15.43
204638 -40 28.14 -15.43
207536 -40 28.14 -15.43
203880 -40 28.14 -15.43
203323 -40 28.14 -15.43
202901 -40 28.14 -15.43
209062 -40 28.14 -15.43
206949 -40 28.14 -15.43
205503 -40 28.14 -15.43
208073 -40 28.14 -15.43
202312 -40 28.14 -15.43
204413 -40 28.14 -15.43
203211 -40 28.14 -15.43
202407 -40 28.14 -15.43
202894 -40 28.14 -15.43
203124 -40 28.14 -15.43
205493 -40 28.14 -15.43
206008 -40 28.14 -15.43
204036 -40 28.14 -15.43
203934 -40 28.14 -15.43
208098 -40 28.14 -15.43
206244 -40 28.14 -15.43
207350 -40 28.14 -15.43
204117 -40 28.14 -15.43
210270 -40 28.14 -15.43
199180 -40 28.14 -15.43
208192 -40 28.14 -15.43
206498 -40 28.14 -15.43
205710 -40 28.14 -15.43
124542 -40 18.09 -3.34
120078 -40 18.09 -3.34
121348 -40 18.09 -3.34
121324 -40 18.09 -3.34
121856 -40 18.09 -3.34
118209 -40 18.09 -3.34
115634 -40 18.09 -3.34
120767 -40 18.09 -3.34
117124 -40 18.09 -3.34
123659 -40 18.09 -3.34
118389 -40 18.09 -3.34
120661 -40 18.09 -3.34
116723 -40 18.09 -3.34
117007 -40 18.09 -3.34
125268 -40 18.09 -3.34
118315 -40 18.09 -3.34
123733 -40 18.09 -3.34
120855 -40 18.09 -3.34
119904 -40 18.09 -3.34
122347 -40 18.09 -3.34
117892 -40 18.09 -3.34
119002 -40 18.09 -3.34
117544 -40 18.09 -3.34
122155 -40 18.09 -3.34
121174 -40 18.09 -3.34
120503 -40 18.09 -3.34
126062 -40 18.09 -3.34
120381 -40 18.09 -3.34
124189 -40 18.09 -3.34
123371 -40 18.09 -3.34
120451 -40 18.09 -3.34
119519 -40 18.09 -3.34
122401 -40 18.09 -3.34
119265 -40 18.09 -3.34
118343 -40 18.09 -3.34
119658 -40 18.09 -3.34
118896 -40 18.09 -3.34
122394 -40 18.09 -3.34
118126 -40 18.09 -3.34
105878 -40 15.44 -0.11
101410 -40 15.44 -0.11
104152 -40 15.44 -0.11
103989 -40 15.44 -0.11
103886 -40 15.44 -0.11
102069 -40 15.44 -0.11
103524 -40 15.44 -0.11
103551 -40 15.44 -0.11
94603 -40 15.44 -0.11
103775 -40 15.44 -0.11
104082 -40 15.44 -0.11
104315 -40 15.44 -0.11
104765 -40 15.44 -0.11
104260 -40 15.44 -0.11
107842 -40 15.44 -0.11
105205 -40 15.44 -0.11
105183 -40 15.44 -0.11
104533 -40 15.44 -0.11
105738 -40 15.44 -0.11
105763 -40 15.44 -0.11
107367 -40 15.44 -0.11
101007 -40 15.44 -0.11
106090 -40 15.44 -0.11
105360 -40 15.44 -0.11
100782 -40 15.44 -0.11
99997 -40 15.44 -0.11
103265 -40 15.44 -0.11
103424 -40 15.44 -0.11
101532 -40 15.44 -0.11
99739 -40 15.44 -0.11
98367 -40 15.44 -0.11
100086 -40 15.44 -0.11
103531 -40 15.44 -0.11
102458 -40 15.44 -0.11
103531 -40 15.44 -0.11
105295 -40 15.44 -0.11
103231 -40 15.44 -0.11
101697 -40 15.44 -0.11
101880 -40 15.44 -0.11
87303 -40 10.29 -7.15
90794 -40 10.29 -7.15
86160 -40 10.29 -7.15
87671 -40 10.29 -7.15
85944 -40 10.29 -7.15
88580 -40 10.29 -7.15
87507 -40 10.29 -7.15
88463 -40 10.29 -7.15
92196 -40 10.29 -7.15
87471 -40 10.29 -7.15
87790 -40 10.29 -7.15
86000 -40 10.29 -7.15
92583 -40 10.29 -7.15
85167 -40 10.29 -7.15
89903 -40 10.29 -7.15
87860 -40 10.29 -7.15
82713 -40 10.29 -7.15
84428 -40 10.29 -7.15
86147 -40 10.29 -7.15
90980 -40 10.29 -7.15
88061 -40 10.29 -7.15
87237 -40 10.29 -7.15
88157 -40 10.29 -7.15
88549 -40 10.29 -7.15
90450 -40 10.29 -7.15
84980 -40 10.29 -7.15
87874 -40 10.29 -7.15
82688 -40 10.29 -7.15
89919 -40 10.29 -7.15
91584 -40 10.29 -7.15
84632 -40 10.29 -7.15
87913 -40 10.29 -7.15
86383 -40 10.29 -7.15
88634 -40 10.29 -7.15
88511 -40 10.29 -7.15
86349 -40 10.29 -7.15
83175 -40 10.29 -7.15
82271 -40 10.29 -7.15
85077 -40 10.29 -7.15
196133 -40 -28.23 -9.38
198911 -40 -28.23 -9.38
202579 -40 -28.23 -9.38
202139 -40 -28.23 -9.38
202078 -40 -28.23 -9.38
198210 -40 -28.23 -9.38
205693 -40 -28.23 -9.38
201696 -40 -28.23 -9.38
200841 -40 -28.23 -9.38
204280 -40 -28.23 -9.38
200450 -40 -28.23 -9.38
202088 -40 -28.23 -9.38
195345 -40 -28.23 -9.38
200228 -40 -28.23 -9.38
199067 -40 -28.23 -9.38
199781 -40 -28.23 -9.38
203917 -40 -28.23 -9.38
198948 -40 -28.23 -9.38
201520 -40 -28.23 -9.38
200425 -40 -28.23 -9.38
202665 -40 -28.23 -9.38
195734 -40 -28.23 -9.38
199951 -40 -28.23 -9.38
199284 -40 -28.23 -9.38
195646 -40 -28.23 -9.38
200332 -40 -28.23 -9.38
201650 -40 -28.23 -9.38
201418 -40 -28.23 -9.38
199569 -40 -28.23 -9.38
199811 -40 -28.23 -9.38
198664 -40 -28.23 -9.38
196438 -40 -28.23 -9.38
198419 -40 -28.23 -9.38
201605 -40 -28.23 -9.38
203694 -40 -28.23 -9.38
198894 -40 -28.23 -9.38
201021 -40 -28.23 -9.38
201357 -40 -28.23 -9.38
201619 -40 -28.23 -9.38
