#rtt sig_str x y
180872 -40 -24.42 11.71
178137 -40 -24.42 11.71
177519 -40 -24.42 11.71
177939 -40 -24.42 11.71
176304 -40 -24.42 11.71
178747 -40 -24.42 11.71
179446 -40 -24.42 11.71
177524 -40 -24.42 11.71
177549 -40 -24.42 11.71
177131 -40 -24.42 11.71
174677 -40 -24.42 11.71
178337 -40 -24.42 11.71
172802 -40 -24.42 11.71
178739 -40 -24.42 11.71
180459 -40 -24.42 11.71
174613 -40 -24.42 11.71
178423 -40 -24.42 11.71
174486 -40 -24.42 11.71
179626 -40 -24.42 11.71
172104 -40 -24.42 11.71
175314 -40 -24.42 11.71
176559 -40 -24.42 11.71
177617 -40 -24.42 11.71
178850 -40 -24.42 11.71
178329 -40 -24.42 11.71
179501 -40 -24.42 11.71
178088 -40 -24.42 11.71
178802 -40 -24.42 11.71
183480 -40 -24.42 11.71
175704 -40 -24.42 11.71
173092 -40 -24.42 11.71
178575 -40 -24.42 11.71
175374 -40 -24.42 11.71
176030 -40 -24.42 11.71
177355 -40 -24.42 11.71
174193 -40 -24.42 11.71
176698 -40 -24.42 11.71
178434 -40 -24.42 11.71
179342 -40 -24.42 11.71
270723 -40 28.3 28.73
268820 -40 28.3 28.73
268025 -40 28.3 28.73
272234 -40 28.3 28.73
272605 -40 28.3 28.73
270791 -40 28.3 28.73
264970 -40 28.3 28.73
269421 -40 28.3 28.73
269205 -40 28.3 28.73
269605 -40 28.3 28.73
263865 -40 28.3 28.73
271700 -40 28.3 28.73
272850 -40 28.3 28.73
266075 -40 28.3 28.73
271577 -40 28.3 28.73
264290 -40 28.3 28.73
262915 -40 28.3 28.73
268711 -40 28.3 28.73
267925 -40 28.3 28.73
269939 -40 28.3 28.73
272926 -40 28.3 28.73
265428 -40 28.3 28.73
266913 -40 28.3 28.73
267903 -40 28.3 28.73
268557 -40 28.3 28.73
267545 -40 28.3 28.73
269109 -40 28.3 28.73
265824 -40 28.3 28.73
271019 -40 28.3 28.73
271177 -40 28.3 28.73
269955 -40 28.3 28.73
267622 -40 28.3 28.73
264771 -40 28.3 28.73
268869 -40 28.3 28.73
269563 -40 28.3 28.73
266775 -40 28.3 28.73
264622 -40 28.3 28.73
270472 -40 28.3 28.73
271930 -40 28.3 28.73
102083 -40 -0.97 -15.13
99168 -40 -0.97 -15.13
103245 -40 -0.97 -15.13
99856 -40 -0.97 -15.13
102632 -40 -0.97 -15.13
99279 -40 -0.97 -15.13
98581 -40 -0.97 -15.13
96918 -40 -0.97 -15.13
98297 -40 -0.97 -15.13
101339 -40 -0.97 -15.13
101054 -40 -0.97 -15.13
95417 -40 -0.97 -15.13
98146 -40 -0.97 -15.13
99083 -40 -0.97 -15.13
100228 -40 -0.97 -15.13
95714 -40 -0.97 -15.13
96343 -40 -0.97 -15.13
95695 -40 -0.97 -15.13
100778 -40 -0.97 -15.13
98947 -40 -0.97 -15.13
101675 -40 -0.97 -15.13
99526 -40 -0.97 -15.13
96356 -40 -0.97 -15.13
94385 -40 -0.97 -15.13
101314 -40 -0.97 -15.13
97738 -40 -0.97 -15.13
102271 -40 -0.97 -15.13
101769 -40 -0.97 -15.13
99358 -40 -0.97 -15.13
98917 -40 -0.97 -15.13
99411 -40 -0.97 -15.13
96964 -40 -0.97 -15.13
98071 -40 -0.97 -15.13
100742 -40 -0.97 -15.13
98359 -40 -0.97 -15.13
101609 -40 -0.97 -15.13
99904 -40 -0.97 -15.13
98922 -40 -0.97 -15.13
103368 -40 -0.97 -15.13
220526 -40 -15.45 29.01
214217 -40 -15.45 29.01
215988 -40 -15.45 29.01
217194 -40 -15.45 29.01
215536 -40 -15.45 29.01
215345 -40 -15.45 29.01
213352 -40 -15.45 29.01
215859 -40 -15.45 29.01
216692 -40 -15.45 29.01
217769 -40 -15.45 29.01
218040 -40 -15.45 29.01
216164 -40 -15.45 29.01
212796 -40 -15.45 29.01
211324 -40 -15.45 29.01
217447 -40 -15.45 29.01
218402 -40 -15.45 29.01
213841 -40 -15.45 29.01
216524 -40 -15.45 29.01
212579 -40 -15.45 29.01
218372 -40 -15.45 29.01
215797 -40 -15.45 29.01
219376 -40 -15.45 29.01
213864 -40 -15.45 29.01
215822 -40 -15.45 29.01
218510 -40 -15.45 29.01
218026 -40 -15.45 29.01
218468 -40 -15.45 29.01
215918 -40 -15.45 29.01
215423 -40 -15.45 29.01
220804 -40 -15.45 29.01
217590 -40 -15.45 29.01
213943 -40 -15.45 29.01
212255 -40 -15.45 29.01
214171 -40 -15.45 29.01
216484 -40 -15.45 29.01
217234 -40 -15.45 29.01
216084 -40 -15.45 29.01
216472 -40 -15.45 29.01
215262 -40 -15.45 29.01
94717 -40 1.87 13.41
92098 -40 1.87 13.41
89701 -40 1.87 13.41
88791 -40 1.87 13.41
87437 -40 1.87 13.41
89248 -40 1.87 13.41
89371 -40 1.87 13.41
89559 -40 1.87 13.41
92239 -40 1.87 13.41
86830 -40 1.87 13.41
88355 -40 1.87 13.41
87234 -40 1.87 13.41
86234 -40 1.87 13.41
88053 -40 1.87 13.41
89031 -40 1.87 13.41
92680 -40 1.87 13.41
88794 -40 1.87 13.41
91996 -40 1.87 13.41
86809 -40 1.87 13.41
85430 -40 1.87 13.41
88127 -40 1.87 13.41
86845 -40 1.87 13.41
83839 -40 1.87 13.41
87157 -40 1.87 13.41
89594 -40 1.87 13.41
91418 -40 1.87 13.41
87966 -40 1.87 13.41
87583 -40 1.87 13.41
88648 -40 1.87 13.41
87728 -40 1.87 13.41
86757 -40 1.87 13.41
88664 -40 1.87 13.41
88993 -40 1.87 13.41
91573 -40 1.87 13.41
90289 -40 1.87 13.41
85848 -40 1.87 13.41
91717 -40 1.87 13.41
88541 -40 1.87 13.41
87434 -40 1.87 13.41
95621 -40 -12.87 1.66
95137 -40 -12.87 1.66
92238 -40 -12.87 1.66
97948 -40 -12.87 1.66
93631 -40 -12.87 1.66
96845 -40 -12.87 1.66
95524 -40 -12.87 1.66
97239 -40 -12.87 1.66
97361 -40 -12.87 1.66
97041 -40 -12.87 1.66
93037 -40 -12.87 1.66
99292 -40 -12.87 1.66
93275 -40 -12.87 1.66
91415 -40 -12.87 1.66
95031 -40 -12.87 1.66
90361 -40 -12.87 1.66
94891 -40 -12.87 1.66
96067 -40 -12.87 1.66
93070 -40 -12.87 1.66
91828 -40 -12.87 1.66
97523 -40 -12.87 1.66
96528 -40 -12.87 1.66
97933 -40 -12.87 1.66
92787 -40 -12.87 1.66
92345 -40 -12.87 1.66
97409 -40 -12.87 1.66
93601 -40 -12.87 1.66
93175 -40 -12.87 1.66
95920 -40 -12.87 1.66
91380 -40 -12.87 1.66
94348 -40 -12.87 1.66
93401 -40 -12.87 1.66
97367 -40 -12.87 1.66
96804 -40 -12.87 1.66
90768 -40 -12.87 1.66
88408 -40 -12.87 1.66
91459 -40 -12.87 1.66
93553 -40 -12.87 1.66
96912 -40 -12.87 1.66
161654 -40 21.76 -11.3
162507 -40 21.76 -11.3
161651 -40 21.76 -11.3
163532 -40 21.76 -11.3
160737 -40 21.76 -11.3
164615 -40 21.76 -11.3
162957 -40 21.76 -11.3
162801 -40 21.76 -11.3
160474 -40 21.76 -11.3
161823 -40 21.76 -11.3
164888 -40 21.76 -11.3
165653 -40 21.76 -11.3
161889 -40 21.76 -11.3
164020 -40 21.76 -11.3
162121 -40 21.76 -11.3
163872 -40 21.76 -11.3
163858 -40 21.76 -11.3
159305 -40 21.76 -11.3
156098 -40 21.76 -11.3
158205 -40 21.76 -11.3
163237 -40 21.76 -11.3
161038 -40 21.76 -11.3
162399 -40 21.76 -11.3
163309 -40 21.76 -11.3
160307 -40 21.76 -11.3
164810 -40 21.76 -11.3
164217 -40 21.76 -11.3
165886 -40 21.76 -11.3
160997 -40 21.76 -11.3
160825 -40 21.76 -11.3
158933 -40 21.76 -11.3
163518 -40 21.76 -11.3
162032 -40 21.76 -11.3
158493 -40 21.76 -11.3
164761 -40 21.76 -11.3
159894 -40 21.76 -11.3
157361 -40 21.76 -11.3
164586 -40 21.76 -11.3
166371 -40 21.76 -11.3
208607 -40 -27.54 -16.92
210402 -40 -27.54 -16.92
207801 -40 -27.54 -16.92
209901 -40 -27.54 -16.92
208684 -40 -27.54 -16.92
209613 -40 -27.54 -16.92
205758 -40 -27.54 -16.92
207089 -40 -27.54 -16.92
207495 -40 -27.54 -16.92
207825 -40 -27.54 -16.92
211803 -40 -27.54 -16.92
208267 -40 -27.54 -16.92
208769 -40 -27.54 -16.92
206298 -40 -27.54 -16.92
204133 -40 -27.54 -16.92
208475 -40 -27.54 -16.92
210974 -40 -27.54 -16.92
205869 -40 -27.54 -16.92
213149 -40 -27.54 -16.92
203768 -40 -27.54 -16.92
206382 -40 -27.54 -16.92
211085 -40 -27.54 -16.92
208143 -40 -27.54 -16.92
208143 -40 -27.54 -16.92
212063 -40 -27.54 -16.92
209037 -40 -27.54 -16.92
207379 -40 -27.54 -16.92
207245 -40 -27.54 -16.92
211337 -40 -27.54 -16.92
205469 -40 -27.54 -16.92
206699 -40 -27.54 -16.92
208313 -40 -27.54 -16.92
211717 -40 -27.54 -16.92
211609 -40 -27.54 -16.92
208859 -40 -27.54 -16.92
208049 -40 -27.54 -16.92
205169 -40 -27.54 -16.92
209488 -40 -27.54 -16.92
207652 -40 -27.54 -16.92
166194 -40 -23.5 11.09
169539 -40 -23.5 11.09
166007 -40 -23.5 11.09
168483 -40 -23.5 11.09
166023 -40 -23.5 11.09
168981 -40 -23.5 11.09
168223 -40 -23.5 11.09
166234 -40 -23.5 11.09
171596 -40 -23.5 11.09
164972 -40 -23.5 11.09
165542 -40 -23.5 11.09
172311 -40 -23.5 11.09
164715 -40 -23.5 11.09
166653 -40 -23.5 11.09
171498 -40 -23.5 11.09
171843 -40 -23.5 11.09
169727 -40 -23.5 11.09
174161 -40 -23.5 11.09
167254 -40 -23.5 11.09
170916 -40 -23.5 11.09
169375 -40 -23.5 11.09
167880 -40 -23.5 11.09
171959 -40 -23.5 11.09
164041 -40 -23.5 11.09
165597 -40 -23.5 11.09
161486 -40 -23.5 11.09
169289 -40 -23.5 11.09
168486 -40 -23.5 11.09
172229 -40 -23.5 11.09
169175 -40 -23.5 11.09
168762 -40 -23.5 11.09
165237 -40 -23.5 11.09
166647 -40 -23.5 11.09
166567 -40 -23.5 11.09
166633 -40 -23.5 11.09
163972 -40 -23.5 11.09
164637 -40 -23.5 11.09
165246 -40 -23.5 11.09
163403 -40 -23.5 11.09
124962 -40 16.03 -11.41
127228 -40 16.03 -11.41
133173 -40 16.03 -11.41
126383 -40 16.03 -11.41
133323 -40 16.03 -11.41
125767 -40 16.03 -11.41
130064 -40 16.03 -11.41
132886 -40 16.03 -11.41
128327 -40 16.03 -11.41
133306 -40 16.03 -11.41
130969 -40 16.03 -11.41
130432 -40 16.03 -11.41
134606 -40 16.03 -11.41
127045 -40 16.03 -11.41
123628 -40 16.03 -11.41
134764 -40 16.03 -11.41
127734 -40 16.03 -11.41
130681 -40 16.03 -11.41
128042 -40 16.03 -11.41
125434 -40 16.03 -11.41
127363 -40 16.03 -11.41
129431 -40 16.03 -11.41
129016 -40 16.03 -11.41
126329 -40 16.03 -11.41
127537 -40 16.03 -11.41
129442 -40 16.03 -11.41
131798 -40 16.03 -11.41
130777 -40 16.03 -11.41
126889 -40 16.03 -11.41
128570 -40 16.03 -11.41
133236 -40 16.03 -11.41
132628 -40 16.03 -11.41
132330 -40 16.03 -11.41
132629 -40 16.03 -11.41
132057 -40 16.03 -11.41
130538 -40 16.03 -11.41
127278 -40 16.03 -11.41
131237 -40 16.03 -11.41
130716 -40 16.03 -11.41
