#rtt sig_str x y
248338 -40 29.06 -24.25
247316 -40 29.06 -24.25
246270 -40 29.06 -24.25
247717 -40 29.06 -24.25
247390 -40 29.06 -24.25
254091 -40 29.06 -24.25
248829 -40 29.06 -24.25
256648 -40 29.06 -24.25
247693 -40 29.06 -24.25
246580 -40 29.06 -24.25
250842 -40 29.06 -24.25
251853 -40 29.06 -24.25
249321 -40 29.06 -24.25
246832 -40 29.06 -24.25
254093 -40 29.06 -24.25
243721 -40 29.06 -24.25
249481 -40 29.06 -24.25
251656 -40 29.06 -24.25
250743 -40 29.06 -24.25
250427 -40 29.06 -24.25
249459 -40 29.06 -24.25
251322 -40 29.06 -24.25
246936 -40 29.06 -24.25
252013 -40 29.06 -24.25
249965 -40 29.06 -24.25
249747 -40 29.06 -24.25
252063 -40 29.06 -24.25
249831 -40 29.06 -24.25
252077 -40 29.06 -24.25
252781 -40 29.06 -24.25
249787 -40 29.06 -24.25
245481 -40 29.06 -24.25
249481 -40 29.06 -24.25
248151 -40 29.06 -24.25
249769 -40 29.06 -24.25
254698 -40 29.06 -24.25
251354 -40 29.06 -24.25
250057 -40 29.06 -24.25
247614 -40 29.06 -24.25
151648 -40 -10 19.91
153442 -40 -10 19.91
144749 -40 -10 19.91
150408 -40 -10 19.91
145814 -40 -10 19.91
149653 -40 -10 19.91
147730 -40 -10 19.91
146573 -40 -10 19.91
150701 -40 -10 19.91
149732 -40 -10 19.91
146440 -40 -10 19.91
146640 -40 -10 19.91
149879 -40 -10 19.91
150241 -40 -10 19.91
153517 -40 -10 19.91
150037 -40 -10 19.91
149777 -40 -10 19.91
147641 -40 -10 19.91
145387 -40 -10 19.91
149704 -40 -10 19.91
143457 -40 -10 19.91
147831 -40 -10 19.91
148460 -40 -10 19.91
149908 -40 -10 19.91
147239 -40 -10 19.91
151748 -40 -10 19.91
150071 -40 -10 19.91
147037 -40 -10 19.91
152307 -40 -10 19.91
154859 -40 -10 19.91
148339 -40 -10 19.91
147734 -40 -10 19.91
142269 -40 -10 19.91
154423 -40 -10 19.91
148210 -40 -10 19.91
149622 -40 -10 19.91
148067 -40 -10 19.91
146002 -40 -10 19.91
148664 -40 -10 19.91
102278 -40 10.42 -5.22
104005 -40 10.42 -5.22
103026 -40 10.42 -5.22
104111 -40 10.42 -5.22
107623 -40 10.42 -5.22
104305 -40 10.42 -5.22
106658 -40 10.42 -5.22
107804 -40 10.42 -5.22
106084 -40 10.42 -5.22
104203 -40 10.42 -5.22
105140 -40 10.42 -5.22
101466 -40 10.42 -5.22
103026 -40 10.42 -5.22
105803 -40 10.42 -5.22
107579 -40 10.42 -5.22
108194 -40 10.42 -5.22
104949 -40 10.42 -5.22
107157 -40 10.42 -5.22
104968 -40 10.42 -5.22
105388 -40 10.42 -5.22
103497 -40 10.42 -5.22
101389 -40 10.42 -5.22
103621 -40 10.42 -5.22
107038 -40 10.42 -5.22
106705 -40 10.42 -5.22
106179 -40 10.42 -5.22
103230 -40 10.42 -5.22
106872 -40 10.42 -5.22
105545 -40 10.42 -5.22
101650 -40 10.42 -5.22
107034 -40 10.42 -5.22
101084 -40 10.42 -5.22
105369 -40 10.42 -5.22
107660 -40 10.42 -5.22
105500 -40 10.42 -5.22
105452 -40 10.42 -5.22
106403 -40 10.42 -5.22
106153 -40 10.42 -5.22
100620 -40 10.42 -5.22
122632 -40 -18.22 5.97
128710 -40 -18.22 5.97
120949 -40 -18.22 5.97
128525 -40 -18.22 5.97
125458 -40 -18.22 5.97
123151 -40 -18.22 5.97
119317 -40 -18.22 5.97
126568 -40 -18.22 5.97
121372 -40 -18.22 5.97
125315 -40 -18.22 5.97
123606 -40 -18.22 5.97
123041 -40 -18.22 5.97
125396 -40 -18.22 5.97
122502 -40 -18.22 5.97
119885 -40 -18.22 5.97
123314 -40 -18.22 5.97
122247 -40 -18.22 5.97
123970 -40 -18.22 5.97
121777 -40 -18.22 5.97
126525 -40 -18.22 5.97
124355 -40 -18.22 5.97
128145 -40 -18.22 5.97
122244 -40 -18.22 5.97
121786 -40 -18.22 5.97
125568 -40 -18.22 5.97
127700 -40 -18.22 5.97
128424 -40 -18.22 5.97
124235 -40 -18.22 5.97
121359 -40 -18.22 5.97
122864 -40 -18.22 5.97
126902 -40 -18.22 5.97
127489 -40 -18.22 5.97
126830 -40 -18.22 5.97
127980 -40 -18.22 5.97
124832 -40 -18.22 5.97
122539 -40 -18.22 5.97
126117 -40 -18.22 5.97
123476 -40 -18.22 5.97
124501 -40 -18.22 5.97
143479 -40 -8.73 -19.1
135985 -40 -8.73 -19.1
137209 -40 -8.73 -19.1
141650 -40 -8.73 -19.1
134733 -40 -8.73 -19.1
137957 -40 -8.73 -19.1
141969 -40 -8.73 -19.1
138415 -40 -8.73 -19.1
137703 -40 -8.73 -19.1
140076 -40 -8.73 -19.1
138692 -40 -8.73 -19.1
133529 -40 -8.73 -19.1
138027 -40 -8.73 -19.1
130939 -40 -8.73 -19.1
138358 -40 -8.73 -19.1
133070 -40 -8.73 -19.1
139994 -40 -8.73 -19.1
135003 -40 -8.73 -19.1
136238 -40 -8.73 -19.1
137040 -40 -8.73 -19.1
139843 -40 -8.73 -19.1
138640 -40 -8.73 -19.1
136586 -40 -8.73 -19.1
134865 -40 -8.73 -19.1
136270 -40 -8.73 -19.1
143728 -40 -8.73 -19.1
139289 -40 -8.73 -19.1
133472 -40 -8.73 -19.1
134369 -40 -8.73 -19.1
138248 -40 -8.73 -19.1
135322 -40 -8.73 -19.1
138271 -40 -8.73 -19.1
136630 -40 -8.73 -19.1
137519 -40 -8.73 -19.1
133620 -40 -8.73 -19.1
139713 -40 -8.73 -19.1
140066 -40 -8.73 -19.1
141403 -40 -8.73 -19.1
137960 -40 -8.73 -19.1
156028 -40 18.81 -13.88
161570 -40 18.81 -13.88
156308 -40 18.81 -13.88
158219 -40 18.81 -13.88
158747 -40 18.81 -13.88
155202 -40 18.81 -13.88
152923 -40 18.81 -13.88
156560 -40 18.81 -13.88
157797 -40 18.81 -13.88
157216 -40 18.81 -13.88
157593 -40 18.81 -13.88
156004 -40 18.81 -13.88
159982 -40 18.81 -13.88
154685 -40 18.81 -13.88
156788 -40 18.81 -13.88
156223 -40 18.81 -13.88
158594 -40 18.81 -13.88
153508 -40 18.81 -13.88
152099 -40 18.81 -13.88
152407 -40 18.81 -13.88
158480 -40 18.81 -13.88
157781 -40 18.81 -13.88
157351 -40 18.81 -13.88
160932 -40 18.81 -13.88
151801 -40 18.81 -13.88
162341 -40 18.81 -13.88
156679 -40 18.81 -13.88
154704 -40 18.81 -13.88
153571 -40 18.81 -13.88
157483 -40 18.81 -13.88
157097 -40 18.81 -13.88
155395 -40 18.81 -13.88
158489 -40 18.81 -13.88
157427 -40 18.81 -13.88
157249 -40 18.81 -13.88
154462 -40 18.81 -13.88
158254 -40 18.81 -13.88
155609 -40 18.81 -13.88
151349 -40 18.81 -13.88
207849 -40 -15.13 27.49
205438 -40 -15.13 27.49
205784 -40 -15.13 27.49
207416 -40 -15.13 27.49
206624 -40 -15.13 27.49
203587 -40 -15.13 27.49
201832 -40 -15.13 27.49
206775 -40 -15.13 27.49
206212 -40 -15.13 27.49
203549 -40 -15.13 27.49
205861 -40 -15.13 27.49
202907 -40 -15.13 27.49
206850 -40 -15.13 27.49
203549 -40 -15.13 27.49
208765 -40 -15.13 27.49
203573 -40 -15.13 27.49
204025 -40 -15.13 27.49
205736 -40 -15.13 27.49
203642 -40 -15.13 27.49
204453 -40 -15.13 27.49
203998 -40 -15.13 27.49
200094 -40 -15.13 27.49
207226 -40 -15.13 27.49
202402 -40 -15.13 27.49
207170 -40 -15.13 27.49
202746 -40 -15.13 27.49
210453 -40 -15.13 27.49
207967 -40 -15.13 27.49
206153 -40 -15.13 27.49
211850 -40 -15.13 27.49
205358 -40 -15.13 27.49
209730 -40 -15.13 27.49
203642 -40 -15.13 27.49
206334 -40 -15.13 27.49
213890 -40 -15.13 27.49
205457 -40 -15.13 27.49
207065 -40 -15.13 27.49
207587 -40 -15.13 27.49
203715 -40 -15.13 27.49
164885 -40 -2.48 -24.23
159168 -40 -2.48 -24.23
159612 -40 -2.48 -24.23
166632 -40 -2.48 -24.23
158913 -40 -2.48 -24.23
161570 -40 -2.48 -24.23
162258 -40 -2.48 -24.23
158004 -40 -2.48 -24.23
162611 -40 -2.48 -24.23
162279 -40 -2.48 -24.23
164359 -40 -2.48 -24.23
159847 -40 -2.48 -24.23
158817 -40 -2.48 -24.23
156780 -40 -2.48 -24.23
163748 -40 -2.48 -24.23
160778 -40 -2.48 -24.23
163970 -40 -2.48 -24.23
158633 -40 -2.48 -24.23
156421 -40 -2.48 -24.23
165054 -40 -2.48 -24.23
162417 -40 -2.48 -24.23
157895 -40 -2.48 -24.23
161873 -40 -2.48 -24.23
156982 -40 -2.48 -24.23
159843 -40 -2.48 -24.23
162295 -40 -2.48 -24.23
164398 -40 -2.48 -24.23
164462 -40 -2.48 -24.23
162632 -40 -2.48 -24.23
163893 -40 -2.48 -24.23
159261 -40 -2.48 -24.23
166105 -40 -2.48 -24.23
160336 -40 -2.48 -24.23
163469 -40 -2.48 -24.23
157499 -40 -2.48 -24.23
165727 -40 -2.48 -24.23
160158 -40 -2.48 -24.23
158779 -40 -2.48 -24.23
158970 -40 -2.48 -24.23
156061 -40 22.64 3.87
160433 -40 22.64 3.87
158722 -40 22.64 3.87
155649 -40 22.64 3.87
154240 -40 22.64 3.87
153853 -40 22.64 3.87
155506 -40 22.64 3.87
157403 -40 22.64 3.87
150860 -40 22.64 3.87
156733 -40 22.64 3.87
155168 -40 22.64 3.87
155826 -40 22.64 3.87
159641 -40 22.64 3.87
155513 -40 22.64 3.87
160635 -40 22.64 3.87
156842 -40 22.64 3.87
155519 -40 22.64 3.87
155531 -40 22.64 3.87
155817 -40 22.64 3.87
154061 -40 22.64 3.87
155463 -40 22.64 3.87
161823 -40 22.64 3.87
152086 -40 22.64 3.87
154381 -40 22.64 3.87
155083 -40 22.64 3.87
158003 -40 22.64 3.87
156462 -40 22.64 3.87
154135 -40 22.64 3.87
159469 -40 22.64 3.87
158260 -40 22.64 3.87
158008 -40 22.64 3.87
161011 -40 22.64 3.87
157412 -40 22.64 3.87
156547 -40 22.64 3.87
153529 -40 22.64 3.87
157718 -40 22.64 3.87
155919 -40 22.64 3.87
158848 -40 22.64 3.87
156132 -40 22.64 3.87
138974 -40 -6.5 18.6
138088 -40 -6.5 18.6
136782 -40 -6.5 18.6
137403 -40 -6.5 18.6
131695 -40 -6.5 18.6
141801 -40 -6.5 18.6
137597 -40 -6.5 18.6
132672 -40 -6.5 18.6
136486 -40 -6.5 18.6
135439 -40 -6.5 18.6
134248 -40 -6.5 18.6
136125 -40 -6.5 18.6
138448 -40 -6.5 18.6
132275 -40 -6.5 18.6
135202 -40 -6.5 18.6
132670 -40 -6.5 18.6
133210 -40 -6.5 18.6
137287 -40 -6.5 18.6
135861 -40 -6.5 18.6
133717 -40 -6.5 18.6
131581 -40 -6.5 18.6
138543 -40 -6.5 18.6
134004 -40 -6.5 18.6
139514 -40 -6.5 18.6
141410 -40 -6.5 18.6
138073 -40 -6.5 18.6
141176 -40 -6.5 18.6
135526 -40 -6.5 18.6
138507 -40 -6.5 18.6
134209 -40 -6.5 18.6
135021 -40 -6.5 18.6
140026 -40 -6.5 18.6
136299 -40 -6.5 18.6
133632 -40 -6.5 18.6
131459 -40 -6.5 18.6
138824 -40 -6.5 18.6
138909 -40 -6.5 18.6
137693 -40 -6.5 18.6
137453 -40 -6.5 18.6
