#rtt sig_str x y
176939 -40 -24.76 6.72
178996 -40 -24.76 6.72
173939 -40 -24.76 6.72
175838 -40 -24.76 6.72
171759 -40 -24.76 6.72
178229 -40 -24.76 6.72
174199 -40 -24.76 6.72
180988 -40 -24.76 6.72
174373 -40 -24.76 6.72
179064 -40 -24.76 6.72
179350 -40 -24.76 6.72
179701 -40 -24.76 6.72
180470 -40 -24.76 6.72
174926 -40 -24.76 6.72
177619 -40 -24.76 6.72
178465 -40 -24.76 6.72
179654 -40 -24.76 6.72
177313 -40 -24.76 6.72
177353 -40 -24.76 6.72
179790 -40 -24.76 6.72
178694 -40 -24.76 6.72
178483 -40 -24.76 6.72
179911 -40 -24.76 6.72
173052 -40 -24.76 6.72
177573 -40 -24.76 6.72
178562 -40 -24.76 6.72
178688 -40 -24.76 6.72
174156 -40 -24.76 6.72
174534 -40 -24.76 6.72
180537 -40 -24.76 6.72
179358 -40 -24.76 6.72
180362 -40 -24.76 6.72
178981 -40 -24.76 6.72
180599 -40 -24.76 6.72
177373 -40 -24.76 6.72
178862 -40 -24.76 6.72
179869 -40 -24.76 6.72
174162 -40 -24.76 6.72
177655 -40 -24.76 6.72
123072 -40 -16.17 9.47
122382 -40 -16.17 9.47
124801 -40 -16.17 9.47
126007 -40 -16.17 9.47
124174 -40 -16.17 9.47
125093 -40 -16.17 9.47
124006 -40 -16.17 9.47
121251 -40 -16.17 9.47
118928 -40 -16.17 9.47
125381 -40 -16.17 9.47
123553 -40 -16.17 9.47
123294 -40 -16.17 9.47
120710 -40 -16.17 9.47
122118 -40 -16.17 9.47
125418 -40 -16.17 9.47
126211 -40 -16.17 9.47
123217 -40 -16.17 9.47
125356 -40 -16.17 9.47
123090 -40 -16.17 9.47
125630 -40 -16.17 9.47
121644 -40 -16.17 9.47
123961 -40 -16.17 9.47
124216 -40 -16.17 9.47
124476 -40 -16.17 9.47
125625 -40 -16.17 9.47
125711 -40 -16.17 9.47
125024 -40 -16.17 9.47
121471 -40 -16.17 9.47
120623 -40 -16.17 9.47
123881 -40 -16.17 9.47
121256 -40 -16.17 9.47
121582 -40 -16.17 9.47
121340 -40 -16.17 9.47
124600 -40 -16.17 9.47
122027 -40 -16.17 9.47
124528 -40 -16.17 9.47
125229 -40 -16.17 9.47
118546 -40 -16.17 9.47
125174 -40 -16.17 9.47
187723 -40 -5.34 28.23
190134 -40 -5.34 28.23
193339 -40 -5.34 28.23
189631 -40 -5.34 28.23
187686 -40 -5.34 28.23
197125 -40 -5.34 28.23
189793 -40 -5.34 28.23
192932 -40 -5.34 28.23
192125 -40 -5.34 28.23
187080 -40 -5.34 28.23
191134 -40 -5.34 28.23
191301 -40 -5.34 28.23
190687 -40 -5.34 28.23
189682 -40 -5.34 28.23
191478 -40 -5.34 28.23
194072 -40 -5.34 28.23
189691 -40 -5.34 28.23
186631 -40 -5.34 28.23
189368 -40 -5.34 28.23
190227 -40 -5.34 28.23
188095 -40 -5.34 28.23
187368 -40 -5.34 28.23
191200 -40 -5.34 28.23
192882 -40 -5.34 28.23
189080 -40 -5.34 28.23
192645 -40 -5.34 28.23
190510 -40 -5.34 28.23
196108 -40 -5.34 28.23
189719 -40 -5.34 28.23
188332 -40 -5.34 28.23
191173 -40 -5.34 28.23
187569 -40 -5.34 28.23
186921 -40 -5.34 28.23
191226 -40 -5.34 28.23
186593 -40 -5.34 28.23
194889 -40 -5.34 28.23
192742 -40 -5.34 28.23
188645 -40 -5.34 28.23
189415 -40 -5.34 28.23
104954 -40 -11.35 12.15
105737 -40 -11.35 12.15
110533 -40 -11.35 12.15
106935 -40 -11.35 12.15
103420 -40 -11.35 12.15
108091 -40 -11.35 12.15
106297 -40 -11.35 12.15
101108 -40 -11.35 12.15
107065 -40 -11.35 12.15
106271 -40 -11.35 12.15
109436 -40 -11.35 12.15
105494 -40 -11.35 12.15
103607 -40 -11.35 12.15
107704 -40 -11.35 12.15
107480 -40 -11.35 12.15
105001 -40 -11.35 12.15
101670 -40 -11.35 12.15
107303 -40 -11.35 12.15
104714 -40 -11.35 12.15
109642 -40 -11.35 12.15
104844 -40 -11.35 12.15
106290 -40 -11.35 12.15
106130 -40 -11.35 12.15
101879 -40 -11.35 12.15
104139 -40 -11.35 12.15
105453 -40 -11.35 12.15
104942 -40 -11.35 12.15
105187 -40 -11.35 12.15
105285 -40 -11.35 12.15
108000 -40 -11.35 12.15
104682 -40 -11.35 12.15
102942 -40 -11.35 12.15
110337 -40 -11.35 12.15
105051 -40 -11.35 12.15
107515 -40 -11.35 12.15
105116 -40 -11.35 12.15
111209 -40 -11.35 12.15
106546 -40 -11.35 12.15
103419 -40 -11.35 12.15
128548 -40 3.96 18.38
125313 -40 3.96 18.38
127476 -40 3.96 18.38
126749 -40 3.96 18.38
120011 -40 3.96 18.38
122617 -40 3.96 18.38
125818 -40 3.96 18.38
122952 -40 3.96 18.38
125140 -40 3.96 18.38
131287 -40 3.96 18.38
129248 -40 3.96 18.38
126941 -40 3.96 18.38
127264 -40 3.96 18.38
124298 -40 3.96 18.38
127485 -40 3.96 18.38
127661 -40 3.96 18.38
127163 -40 3.96 18.38
127223 -40 3.96 18.38
128814 -40 3.96 18.38
128148 -40 3.96 18.38
121175 -40 3.96 18.38
125061 -40 3.96 18.38
133011 -40 3.96 18.38
121057 -40 3.96 18.38
124163 -40 3.96 18.38
126548 -40 3.96 18.38
128646 -40 3.96 18.38
125227 -40 3.96 18.38
119913 -40 3.96 18.38
124039 -40 3.96 18.38
124196 -40 3.96 18.38
120944 -40 3.96 18.38
124491 -40 3.96 18.38
125103 -40 3.96 18.38
127856 -40 3.96 18.38
132024 -40 3.96 18.38
125972 -40 3.96 18.38
124475 -40 3.96 18.38
128799 -40 3.96 18.38
170465 -40 2.7 26.23
181021 -40 2.7 26.23
172981 -40 2.7 26.23
175657 -40 2.7 26.23
172720 -40 2.7 26.23
175843 -40 2.7 26.23
176927 -40 2.7 26.23
173506 -40 2.7 26.23
174983 -40 2.7 26.23
172586 -40 2.7 26.23
173064 -40 2.7 26.23
175408 -40 2.7 26.23
176493 -40 2.7 26.23
176207 -40 2.7 26.23
175854 -40 2.7 26.23
170461 -40 2.7 26.23
173643 -40 2.7 26.23
171962 -40 2.7 26.23
171399 -40 2.7 26.23
171587 -40 2.7 26.23
173466 -40 2.7 26.23
176271 -40 2.7 26.23
171555 -40 2.7 26.23
175623 -40 2.7 26.23
172491 -40 2.7 26.23
171103 -40 2.7 26.23
175256 -40 2.7 26.23
173738 -40 2.7 26.23
174194 -40 2.7 26.23
174026 -40 2.7 26.23
178887 -40 2.7 26.23
174351 -40 2.7 26.23
172278 -40 2.7 26.23
179313 -40 2.7 26.23
170336 -40 2.7 26.23
180277 -40 2.7 26.23
175919 -40 2.7 26.23
174380 -40 2.7 26.23
173351 -40 2.7 26.23
125946 -40 18.43 -0.79
122498 -40 18.43 -0.79
131277 -40 18.43 -0.79
127425 -40 18.43 -0.79
122628 -40 18.43 -0.79
123782 -40 18.43 -0.79
127763 -40 18.43 -0.79
125476 -40 18.43 -0.79
122202 -40 18.43 -0.79
124134 -40 18.43 -0.79
121772 -40 18.43 -0.79
128908 -40 18.43 -0.79
119054 -40 18.43 -0.79
122306 -40 18.43 -0.79
124168 -40 18.43 -0.79
126557 -40 18.43 -0.79
122478 -40 18.43 -0.79
124153 -40 18.43 -0.79
124993 -40 18.43 -0.79
127090 -40 18.43 -0.79
127494 -40 18.43 -0.79
121520 -40 18.43 -0.79
121956 -40 18.43 -0.79
125504 -40 18.43 -0.79
129540 -40 18.43 -0.79
125406 -40 18.43 -0.79
127975 -40 18.43 -0.79
121687 -40 18.43 -0.79
125642 -40 18.43 -0.79
125007 -40 18.43 -0.79
123349 -40 18.43 -0.79
123337 -40 18.43 -0.79
120875 -40 18.43 -0.79
121637 -40 18.43 -0.79
120710 -40 18.43 -0.79
128888 -40 18.43 -0.79
127074 -40 18.43 -0.79
124418 -40 18.43 -0.79
126445 -40 18.43 -0.79
162969 -40 25.09 -2.93
167095 -40 25.09 -2.93
167751 -40 25.09 -2.93
166567 -40 25.09 -2.93
168751 -40 25.09 -2.93
164356 -40 25.09 -2.93
163067 -40 25.09 -2.93
162454 -40 25.09 -2.93
164428 -40 25.09 -2.93
170284 -40 25.09 -2.93
166993 -40 25.09 -2.93
169532 -40 25.09 -2.93
167140 -40 25.09 -2.93
166450 -40 25.09 -2.93
167406 -40 25.09 -2.93
161312 -40 25.09 -2.93
166971 -40 25.09 -2.93
169496 -40 25.09 -2.93
167991 -40 25.09 -2.93
167465 -40 25.09 -2.93
162467 -40 25.09 -2.93
166740 -40 25.09 -2.93
168019 -40 25.09 -2.93
165697 -40 25.09 -2.93
167637 -40 25.09 -2.93
164487 -40 25.09 -2.93
171462 -40 25.09 -2.93
170683 -40 25.09 -2.93
166619 -40 25.09 -2.93
170983 -40 25.09 -2.93
169250 -40 25.09 -2.93
165267 -40 25.09 -2.93
159515 -40 25.09 -2.93
164872 -40 25.09 -2.93
168922 -40 25.09 -2.93
168576 -40 25.09 -2.93
168450 -40 25.09 -2.93
167422 -40 25.09 -2.93
168887 -40 25.09 -2.93
64697 -40 1.33 9.39
64759 -40 1.33 9.39
62406 -40 1.33 9.39
66413 -40 1.33 9.39
57853 -40 1.33 9.39
64806 -40 1.33 9.39
62851 -40 1.33 9.39
57766 -40 1.33 9.39
65557 -40 1.33 9.39
62832 -40 1.33 9.39
63280 -40 1.33 9.39
63741 -40 1.33 9.39
60843 -40 1.33 9.39
63328 -40 1.33 9.39
64925 -40 1.33 9.39
61926 -40 1.33 9.39
64425 -40 1.33 9.39
61390 -40 1.33 9.39
60750 -40 1.33 9.39
63367 -40 1.33 9.39
63081 -40 1.33 9.39
64799 -40 1.33 9.39
58358 -40 1.33 9.39
59592 -40 1.33 9.39
59641 -40 1.33 9.39
62813 -40 1.33 9.39
64865 -40 1.33 9.39
65005 -40 1.33 9.39
60377 -40 1.33 9.39
66497 -40 1.33 9.39
56496 -40 1.33 9.39
62919 -40 1.33 9.39
61163 -40 1.33 9.39
60237 -40 1.33 9.39
64278 -40 1.33 9.39
61911 -40 1.33 9.39
58013 -40 1.33 9.39
62864 -40 1.33 9.39
62950 -40 1.33 9.39
65728 -40 -4.52 -9.96
66284 -40 -4.52 -9.96
65277 -40 -4.52 -9.96
67468 -40 -4.52 -9.96
69282 -40 -4.52 -9.96
63520 -40 -4.52 -9.96
67065 -40 -4.52 -9.96
62968 -40 -4.52 -9.96
62043 -40 -4.52 -9.96
66071 -40 -4.52 -9.96
62713 -40 -4.52 -9.96
71376 -40 -4.52 -9.96
63626 -40 -4.52 -9.96
62648 -40 -4.52 -9.96
67843 -40 -4.52 -9.96
61797 -40 -4.52 -9.96
66387 -40 -4.52 -9.96
65220 -40 -4.52 -9.96
68389 -40 -4.52 -9.96
68376 -40 -4.52 -9.96
65838 -40 -4.52 -9.96
66116 -40 -4.52 -9.96
62158 -40 -4.52 -9.96
67066 -40 -4.52 -9.96
65991 -40 -4.52 -9.96
69667 -40 -4.52 -9.96
68188 -40 -4.52 -9.96
69534 -40 -4.52 -9.96
65521 -40 -4.52 -9.96
66009 -40 -4.52 -9.96
63721 -40 -4.52 -9.96
67788 -40 -4.52 -9.96
70694 -40 -4.52 -9.96
67177 -40 -4.52 -9.96
63256 -40 -4.52 -9.96
65115 -40 -4.52 -9.96
64996 -40 -4.52 -9.96
67460 -40 -4.52 -9.96
66792 -40 -4.52 -9.96
