#rtt sig_str x y
137203 -40 -8.09 20.01
138711 -40 -8.09 20.01
135404 -40 -8.09 20.01
141626 -40 -8.09 20.01
137001 -40 -8.09 20.01
133775 -40 -8.09 20.01
142411 -40 -8.09 20.01
137862 -40 -8.09 20.01
138891 -40 -8.09 20.01
139333 -40 -8.09 20.01
141471 -40 -8.09 20.01
139741 -40 -8.09 20.01
137841 -40 -8.09 20.01
139830 -40 -8.09 20.01
138899 -40 -8.09 20.01
141453 -40 -8.09 20.01
146055 -40 -8.09 20.01
137572 -40 -8.09 20.01
140843 -40 -8.09 20.01
132688 -40 -8.09 20.01
140896 -40 -8.09 20.01
143299 -40 -8.09 20.01
140472 -40 -8.09 20.01
136372 -40 -8.09 20.01
134353 -40 -8.09 20.01
134814 -40 -8.09 20.01
140123 -40 -8.09 20.01
139430 -40 -8.09 20.01
137599 -40 -8.09 20.01
141441 -40 -8.09 20.01
136785 -40 -8.09 20.01
142099 -40 -8.09 20.01
132796 -40 -8.09 20.01
141495 -40 -8.09 20.01
135195 -40 -8.09 20.01
136805 -40 -8.09 20.01
140021 -40 -8.09 20.01
138316 -40 -8.09 20.01
136376 -40 -8.09 20.01
151856 -40 -2.93 23.49
153809 -40 -2.93 23.49
156699 -40 -2.93 23.49
152703 -40 -2.93 23.49
147236 -40 -2.93 23.49
153893 -40 -2.93 23.49
156453 -40 -2.93 23.49
151665 -40 -2.93 23.49
149632 -40 -2.93 23.49
153003 -40 -2.93 23.49
157181 -40 -2.93 23.49
154118 -40 -2.93 23.49
155960 -40 -2.93 23.49
155281 -40 -2.93 23.49
150254 -40 -2.93 23.49
154378 -40 -2.93 23.49
155108 -40 -2.93 23.49
153581 -40 -2.93 23.49
155450 -40 -2.93 23.49
154848 -40 -2.93 23.49
155701 -40 -2.93 23.49
153705 -40 -2.93 23.49
152472 -40 -2.93 23.49
156995 -40 -2.93 23.49
153008 -40 -2.93 23.49
151967 -40 -2.93 23.49
153544 -40 -2.93 23.49
148545 -40 -2.93 23.49
152709 -40 -2.93 23.49
148020 -40 -2.93 23.49
149719 -40 -2.93 23.49
152678 -40 -2.93 23.49
154200 -40 -2.93 23.49
155289 -40 -2.93 23.49
154760 -40 -2.93 23.49
155754 -40 -2.93 23.49
153940 -40 -2.93 23.49
152521 -40 -2.93 23.49
159079 -40 -2.93 23.49
180614 -40 -0.24 27.75
183177 -40 -0.24 27.75
181527 -40 -0.24 27.75
177785 -40 -0.24 27.75
180262 -40 -0.24 27.75
180132 -40 -0.24 27.75
182265 -40 -0.24 27.75
180600 -40 -0.24 27.75
181205 -40 -0.24 27.75
183278 -40 -0.24 27.75
178106 -40 -0.24 27.75
184577 -40 -0.24 27.75
183069 -40 -0.24 27.75
179940 -40 -0.24 27.75
177719 -40 -0.24 27.75
180066 -40 -0.24 27.75
178881 -40 -0.24 27.75
177110 -40 -0.24 27.75
181354 -40 -0.24 27.75
181094 -40 -0.24 27.75
179272 -40 -0.24 27.75
175018 -40 -0.24 27.75
178955 -40 -0.24 27.75
176442 -40 -0.24 27.75
179172 -40 -0.24 27.75
184697 -40 -0.24 27.75
181714 -40 -0.24 27.75
177767 -40 -0.24 27.75
177947 -40 -0.24 27.75
176838 -40 -0.24 27.75
172672 -40 -0.24 27.75
178186 -40 -0.24 27.75
180424 -40 -0.24 27.75
183523 -40 -0.24 27.75
177190 -40 -0.24 27.75
176755 -40 -0.24 27.75
184143 -40 -0.24 27.75
180545 -40 -0.24 27.75
182844 -40 -0.24 27.75
251000 -40 -25.47 27.91
250600 -40 -25.47 27.91
251965 -40 -25.47 27.91
250695 -40 -25.47 27.91
253957 -40 -25.47 27.91
255416 -40 -25.47 27.91
249494 -40 -25.47 27.91
253166 -40 -25.47 27.91
250428 -40 -25.47 27.91
250636 -40 -25.47 27.91
251619 -40 -25.47 27.91
255932 -40 -25.47 27.91
251063 -40 -25.47 27.91
249463 -40 -25.47 27.91
246674 -40 -25.47 27.91
257287 -40 -25.47 27.91
254560 -40 -25.47 27.91
255775 -40 -25.47 27.91
249003 -40 -25.47 27.91
253943 -40 -25.47 27.91
255660 -40 -25.47 27.91
252547 -40 -25.47 27.91
251269 -40 -25.47 27.91
255295 -40 -25.47 27.91
252064 -40 -25.47 27.91
252234 -40 -25.47 27.91
250305 -40 -25.47 27.91
250065 -40 -25.47 27.91
252011 -40 -25.47 27.91
248844 -40 -25.47 27.91
247433 -40 -25.47 27.91
251155 -40 -25.47 27.91
250404 -40 -25.47 27.91
257832 -40 -25.47 27.91
254087 -40 -25.47 27.91
253321 -40 -25.47 27.91
252821 -40 -25.47 27.91
255040 -40 -25.47 27.91
250610 -40 -25.47 27.91
39888 -40 4.31 2.26
37581 -40 4.31 2.26
34151 -40 4.31 2.26
33807 -40 4.31 2.26
34790 -40 4.31 2.26
36844 -40 4.31 2.26
37704 -40 4.31 2.26
36533 -40 4.31 2.26
35923 -40 4.31 2.26
42238 -40 4.31 2.26
37580 -40 4.31 2.26
31418 -40 4.31 2.26
38374 -40 4.31 2.26
36447 -40 4.31 2.26
41091 -40 4.31 2.26
36847 -40 4.31 2.26
34454 -40 4.31 2.26
35015 -40 4.31 2.26
39802 -40 4.31 2.26
36195 -40 4.31 2.26
33935 -40 4.31 2.26
39022 -40 4.31 2.26
32854 -40 4.31 2.26
39177 -40 4.31 2.26
35822 -40 4.31 2.26
36973 -40 4.31 2.26
36121 -40 4.31 2.26
38930 -40 4.31 2.26
35712 -40 4.31 2.26
35497 -40 4.31 2.26
39948 -40 4.31 2.26
37481 -40 4.31 2.26
35273 -40 4.31 2.26
31845 -40 4.31 2.26
38484 -40 4.31 2.26
33806 -40 4.31 2.26
41107 -40 4.31 2.26
36005 -40 4.31 2.26
37029 -40 4.31 2.26
154399 -40 -12.62 -17.61
154413 -40 -12.62 -17.61
159574 -40 -12.62 -17.61
154037 -40 -12.62 -17.61
154084 -40 -12.62 -17.61
160006 -40 -12.62 -17.61
158357 -40 -12.62 -17.61
156602 -40 -12.62 -17.61
155797 -40 -12.62 -17.61
152018 -40 -12.62 -17.61
155922 -40 -12.62 -17.61
159369 -40 -12.62 -17.61
156268 -40 -12.62 -17.61
155528 -40 -12.62 -17.61
153336 -40 -12.62 -17.61
158139 -40 -12.62 -17.61
154107 -40 -12.62 -17.61
156771 -40 -12.62 -17.61
153338 -40 -12.62 -17.61
155142 -40 -12.62 -17.61
155836 -40 -12.62 -17.61
154113 -40 -12.62 -17.61
153488 -40 -12.62 -17.61
156249 -40 -12.62 -17.61
156648 -40 -12.62 -17.61
156335 -40 -12.62 -17.61
156308 -40 -12.62 -17.61
155954 -40 -12.62 -17.61
160121 -40 -12.62 -17.61
154566 -40 -12.62 -17.61
160022 -40 -12.62 -17.61
151901 -40 -12.62 -17.61
156853 -40 -12.62 -17.61
159073 -40 -12.62 -17.61
158158 -40 -12.62 -17.61
155363 -40 -12.62 -17.61
152057 -40 -12.62 -17.61
158542 -40 -12.62 -17.61
156380 -40 -12.62 -17.61
153026 -40 -11.47 21.29
153578 -40 -11.47 21.29
153998 -40 -11.47 21.29
157029 -40 -11.47 21.29
155481 -40 -11.47 21.29
155641 -40 -11.47 21.29
155744 -40 -11.47 21.29
155372 -40 -11.47 21.29
155234 -40 -11.47 21.29
150389 -40 -11.47 21.29
157041 -40 -11.47 21.29
157695 -40 -11.47 21.29
153413 -40 -11.47 21.29
150135 -40 -11.47 21.29
152613 -40 -11.47 21.29
157790 -40 -11.47 21.29
157343 -40 -11.47 21.29
154103 -40 -11.47 21.29
149074 -40 -11.47 21.29
155164 -40 -11.47 21.29
152313 -40 -11.47 21.29
154305 -40 -11.47 21.29
154266 -40 -11.47 21.29
155476 -40 -11.47 21.29
153255 -40 -11.47 21.29
153913 -40 -11.47 21.29
156546 -40 -11.47 21.29
154776 -40 -11.47 21.29
153606 -40 -11.47 21.29
150648 -40 -11.47 21.29
156183 -40 -11.47 21.29
151937 -40 -11.47 21.29
149669 -40 -11.47 21.29
156481 -40 -11.47 21.29
154673 -40 -11.47 21.29
154205 -40 -11.47 21.29
157072 -40 -11.47 21.29
155321 -40 -11.47 21.29
151763 -40 -11.47 21.29
68780 -40 -7.51 -9.02
75141 -40 -7.51 -9.02
74658 -40 -7.51 -9.02
72912 -40 -7.51 -9.02
72759 -40 -7.51 -9.02
69811 -40 -7.51 -9.02
70018 -40 -7.51 -9.02
74551 -40 -7.51 -9.02
73734 -40 -7.51 -9.02
73101 -40 -7.51 -9.02
70350 -40 -7.51 -9.02
75412 -40 -7.51 -9.02
75209 -40 -7.51 -9.02
71319 -40 -7.51 -9.02
68322 -40 -7.51 -9.02
69788 -40 -7.51 -9.02
73955 -40 -7.51 -9.02
71056 -40 -7.51 -9.02
72768 -40 -7.51 -9.02
71967 -40 -7.51 -9.02
71097 -40 -7.51 -9.02
74098 -40 -7.51 -9.02
69354 -40 -7.51 -9.02
70429 -40 -7.51 -9.02
71884 -40 -7.51 -9.02
73830 -40 -7.51 -9.02
68972 -40 -7.51 -9.02
71907 -40 -7.51 -9.02
72232 -40 -7.51 -9.02
73926 -40 -7.51 -9.02
76685 -40 -7.51 -9.02
77445 -40 -7.51 -9.02
70319 -40 -7.51 -9.02
74286 -40 -7.51 -9.02
72617 -40 -7.51 -9.02
74054 -40 -7.51 -9.02
68454 -40 -7.51 -9.02
79408 -40 -7.51 -9.02
70382 -40 -7.51 -9.02
168455 -40 18.95 -17.06
162983 -40 18.95 -17.06
169102 -40 18.95 -17.06
168049 -40 18.95 -17.06
172860 -40 18.95 -17.06
169606 -40 18.95 -17.06
167783 -40 18.95 -17.06
168415 -40 18.95 -17.06
168232 -40 18.95 -17.06
170783 -40 18.95 -17.06
163885 -40 18.95 -17.06
173084 -40 18.95 -17.06
167386 -40 18.95 -17.06
167916 -40 18.95 -17.06
171042 -40 18.95 -17.06
171191 -40 18.95 -17.06
166946 -40 18.95 -17.06
169128 -40 18.95 -17.06
172596 -40 18.95 -17.06
168580 -40 18.95 -17.06
172496 -40 18.95 -17.06
168221 -40 18.95 -17.06
168548 -40 18.95 -17.06
167032 -40 18.95 -17.06
171558 -40 18.95 -17.06
168673 -40 18.95 -17.06
174568 -40 18.95 -17.06
167684 -40 18.95 -17.06
171229 -40 18.95 -17.06
169006 -40 18.95 -17.06
167952 -40 18.95 -17.06
170008 -40 18.95 -17.06
169740 -40 18.95 -17.06
168813 -40 18.95 -17.06
168461 -40 18.95 -17.06
168591 -40 18.95 -17.06
172819 -40 18.95 -17.06
168769 -40 18.95 -17.06
170624 -40 18.95 -17.06
195331 -40 28.13 -6.18
196809 -40 28.13 -6.18
192765 -40 28.13 -6.18
192741 -40 28.13 -6.18
189943 -40 28.13 -6.18
191930 -40 28.13 -6.18
191148 -40 28.13 -6.18
194150 -40 28.13 -6.18
191347 -40 28.13 -6.18
189473 -40 28.13 -6.18
188037 -40 28.13 -6.18
194543 -40 28.13 -6.18
189891 -40 28.13 -6.18
196167 -40 28.13 -6.18
194007 -40 28.13 -6.18
191012 -40 28.13 -6.18
189341 -40 28.13 -6.18
188357 -40 28.13 -6.18
195455 -40 28.13 -6.18
186047 -40 28.13 -6.18
191291 -40 28.13 -6.18
195203 -40 28.13 -6.18
192498 -40 28.13 -6.18
191212 -40 28.13 -6.18
189208 -40 28.13 -6.18
190057 -40 28.13 -6.18
188847 -40 28.13 -6.18
193157 -40 28.13 -6.18
196369 -40 28.13 -6.18
190743 -40 28.13 -6.18
196253 -40 28.13 -6.18
189877 -40 28.13 -6.18
198487 -40 28.13 -6.18
192860 -40 28.13 -6.18
192189 -40 28.13 -6.18
194993 -40 28.13 -6.18
191804 -40 28.13 -6.18
187959 -40 28.13 -6.18
192474 -40 28.13 -6.18
