#rtt sig_str x y
206349 -40 25.45 18.28
202814 -40 25.45 18.28
202199 -40 25.45 18.28
205087 -40 25.45 18.28
205327 -40 25.45 18.28
206316 -40 25.45 18.28
205157 -40 25.45 18.28
205379 -40 25.45 18.28
210028 -40 25.45 18.28
208101 -40 25.45 18.28
201856 -40 25.45 18.28
205632 -40 25.45 18.28
208586 -40 25.45 18.28
201901 -40 25.45 18.28
205213 -40 25.45 18.28
204974 -40 25.45 18.28
209014 -40 25.45 18.28
205694 -40 25.45 18.28
206984 -40 25.45 18.28
209550 -40 25.45 18.28
205152 -40 25.45 18.28
204227 -40 25.45 18.28
204629 -40 25.45 18.28
209157 -40 25.45 18.28
203646 -40 25.45 18.28
210520 -40 25.45 18.28
207611 -40 25.45 18.28
202405 -40 25.45 18.28
200753 -40 25.45 18.28
208164 -40 25.45 18.28
205526 -40 25.45 18.28
205744 -40 25.45 18.28
207220 -40 25.45 18.28
205075 -40 25.45 18.28
205951 -40 25.45 18.28
207676 -40 25.45 18.28
207195 -40 25.45 18.28
207831 -40 25.45 18.28
206339 -40 25.45 18.28
149230 -40 -20.53 8.25
147877 -40 -20.53 8.25
147854 -40 -20.53 8.25
148081 -40 -20.53 8.25
149088 -40 -20.53 8.25
148449 -40 -20.53 8.25
149900 -40 -20.53 8.25
146720 -40 -20.53 8.25
146342 -40 -20.53 8.25
143309 -40 -20.53 8.25
152909 -40 -20.53 8.25
149167 -40 -20.53 8.25
145435 -40 -20.53 8.25
150853 -40 -20.53 8.25
149147 -40 -20.53 8.25
148932 -40 -20.53 8.25
149814 -40 -20.53 8.25
147045 -40 -20.53 8.25
151091 -40 -20.53 8.25
148804 -40 -20.53 8.25
147563 -40 -20.53 8.25
145447 -40 -20.53 8.25
156716 -40 -20.53 8.25
145631 -40 -20.53 8.25
150422 -40 -20.53 8.25
147740 -40 -20.53 8.25
151407 -40 -20.53 8.25
142139 -40 -20.53 8.25
146935 -40 -20.53 8.25
145718 -40 -20.53 8.25
145270 -40 -20.53 8.25
145808 -40 -20.53 8.25
147627 -40 -20.53 8.25
155634 -40 -20.53 8.25
150433 -40 -20.53 8.25
143547 -40 -20.53 8.25
148777 -40 -20.53 8.25
153631 -40 -20.53 8.25
146681 -40 -20.53 8.25
242581 -40 22.02 28.75
245735 -40 22.02 28.75
239755 -40 22.02 28.75
245102 -40 22.02 28.75
242999 -40 22.02 28.75
242458 -40 22.02 28.75
243220 -40 22.02 28.75
241776 -40 22.02 28.75
242959 -40 22.02 28.75
245471 -40 22.02 28.75
247378 -40 22.02 28.75
241907 -40 22.02 28.75
244100 -40 22.02 28.75
247340 -40 22.02 28.75
243439 -40 22.02 28.75
241452 -40 22.02 28.75
244667 -40 22.02 28.75
244524 -40 22.02 28.75
245431 -40 22.02 28.75
242586 -40 22.02 28.75
243223 -40 22.02 28.75
248143 -40 22.02 28.75
239599 -40 22.02 28.75
247225 -40 22.02 28.75
243535 -40 22.02 28.75
243572 -40 22.02 28.75
244641 -40 22.02 28.75
241730 -40 22.02 28.75
240535 -40 22.02 28.75
245722 -40 22.02 28.75
243022 -40 22.02 28.75
243457 -40 22.02 28.75
243582 -40 22.02 28.75
244398 -40 22.02 28.75
247998 -40 22.02 28.75
245693 -40 22.02 28.75
241771 -40 22.02 28.75
240410 -40 22.02 28.75
241101 -40 22.02 28.75
170513 -40 -24.95 -6.13
174872 -40 -24.95 -6.13
175448 -40 -24.95 -6.13
171082 -40 -24.95 -6.13
170034 -40 -24.95 -6.13
176279 -40 -24.95 -6.13
175870 -40 -24.95 -6.13
173594 -40 -24.95 -6.13
173043 -40 -24.95 -6.13
174116 -40 -24.95 -6.13
175220 -40 -24.95 -6.13
177290 -40 -24.95 -6.13
177600 -40 -24.95 -6.13
176301 -40 -24.95 -6.13
174592 -40 -24.95 -6.13
176762 -40 -24.95 -6.13
175474 -40 -24.95 -6.13
174323 -40 -24.95 -6.13
173920 -40 -24.95 -6.13
177631 -40 -24.95 -6.13
172340 -40 -24.95 -6.13
177625 -40 -24.95 -6.13
174916 -40 -24.95 -6.13
173182 -40 -24.95 -6.13
168831 -40 -24.95 -6.13
176700 -40 -24.95 -6.13
176488 -40 -24.95 -6.13
175414 -40 -24.95 -6.13
173195 -40 -24.95 -6.13
177951 -40 -24.95 -6.13
176686 -40 -24.95 -6.13
174421 -40 -24.95 -6.13
176689 -40 -24.95 -6.13
178085 -40 -24.95 -6.13
174741 -40 -24.95 -6.13
174810 -40 -24.95 -6.13
175718 -40 -24.95 -6.13
178407 -40 -24.95 -6.13
172957 -40 -24.95 -6.13
77639 -40 4.42 11.92
79942 -40 4.42 11.92
80008 -40 4.42 11.92
82081 -40 4.42 11.92
77581 -40 4.42 11.92
81180 -40 4.42 11.92
79642 -40 4.42 11.92
79089 -40 4.42 11.92
82833 -40 4.42 11.92
82305 -40 4.42 11.92
77379 -40 4.42 11.92
78375 -40 4.42 11.92
81961 -40 4.42 11.92
78477 -40 4.42 11.92
79910 -40 4.42 11.92
79826 -40 4.42 11.92
81031 -40 4.42 11.92
81600 -40 4.42 11.92
77962 -40 4.42 11.92
82463 -40 4.42 11.92
79694 -40 4.42 11.92
78366 -40 4.42 11.92
79521 -40 4.42 11.92
79192 -40 4.42 11.92
80313 -40 4.42 11.92
81194 -40 4.42 11.92
76757 -40 4.42 11.92
77936 -40 4.42 11.92
77561 -40 4.42 11.92
78498 -40 4.42 11.92
83806 -40 4.42 11.92
80473 -40 4.42 11.92
75452 -40 4.42 11.92
76497 -40 4.42 11.92
81286 -40 4.42 11.92
81918 -40 4.42 11.92
78533 -40 4.42 11.92
76238 -40 4.42 11.92
82063 -40 4.42 11.92
197516 -40 -13.09 26.48
194264 -40 -13.09 26.48
195593 -40 -13.09 26.48
194788 -40 -13.09 26.48
192737 -40 -13.09 26.48
192702 -40 -13.09 26.48
197701 -40 -13.09 26.48
191086 -40 -13.09 26.48
192365 -40 -13.09 26.48
191811 -40 -13.09 26.48
191658 -40 -13.09 26.48
189445 -40 -13.09 26.48
193260 -40 -13.09 26.48
192216 -40 -13.09 26.48
191678 -40 -13.09 26.48
190046 -40 -13.09 26.48
190833 -40 -13.09 26.48
195366 -40 -13.09 26.48
193189 -40 -13.09 26.48
191002 -40 -13.09 26.48
195498 -40 -13.09 26.48
191747 -40 -13.09 26.48
190694 -40 -13.09 26.48
196831 -40 -13.09 26.48
193301 -40 -13.09 26.48
195971 -40 -13.09 26.48
194398 -40 -13.09 26.48
193202 -40 -13.09 26.48
195610 -40 -13.09 26.48
194859 -40 -13.09 26.48
193808 -40 -13.09 26.48
189334 -40 -13.09 26.48
196921 -40 -13.09 26.48
192749 -40 -13.09 26.48
194385 -40 -13.09 26.48
191307 -40 -13.09 26.48
190271 -40 -13.09 26.48
192000 -40 -13.09 26.48
191561 -40 -13.09 26.48
155435 -40 -14.63 -18.01
154684 -40 -14.63 -18.01
151505 -40 -14.63 -18.01
149372 -40 -14.63 -18.01
156264 -40 -14.63 -18.01
155499 -40 -14.63 -18.01
158036 -40 -14.63 -18.01
153164 -40 -14.63 -18.01
151244 -40 -14.63 -18.01
154743 -40 -14.63 -18.01
154935 -40 -14.63 -18.01
149601 -40 -14.63 -18.01
154059 -40 -14.63 -18.01
152848 -40 -14.63 -18.01
156258 -40 -14.63 -18.01
149259 -40 -14.63 -18.01
158523 -40 -14.63 -18.01
148892 -40 -14.63 -18.01
155381 -40 -14.63 -18.01
153143 -40 -14.63 -18.01
153786 -40 -14.63 -18.01
153687 -40 -14.63 -18.01
152675 -40 -14.63 -18.01
154100 -40 -14.63 -18.01
154769 -40 -14.63 -18.01
153202 -40 -14.63 -18.01
148230 -40 -14.63 -18.01
150231 -40 -14.63 -18.01
152425 -40 -14.63 -18.01
151100 -40 -14.63 -18.01
151044 -40 -14.63 -18.01
152465 -40 -14.63 -18.01
152324 -40 -14.63 -18.01
157654 -40 -14.63 -18.01
155378 -40 -14.63 -18.01
153332 -40 -14.63 -18.01
158189 -40 -14.63 -18.01
148737 -40 -14.63 -18.01
151743 -40 -14.63 -18.01
34628 -40 3.84 1.77
35055 -40 3.84 1.77
34361 -40 3.84 1.77
36632 -40 3.84 1.77
34895 -40 3.84 1.77
34576 -40 3.84 1.77
32222 -40 3.84 1.77
34337 -40 3.84 1.77
36537 -40 3.84 1.77
36782 -40 3.84 1.77
36882 -40 3.84 1.77
36401 -40 3.84 1.77
34392 -40 3.84 1.77
33984 -40 3.84 1.77
34615 -40 3.84 1.77
32652 -40 3.84 1.77
37180 -40 3.84 1.77
32456 -40 3.84 1.77
36662 -40 3.84 1.77
33844 -40 3.84 1.77
35229 -40 3.84 1.77
32352 -40 3.84 1.77
37585 -40 3.84 1.77
36963 -40 3.84 1.77
26939 -40 3.84 1.77
30375 -40 3.84 1.77
34923 -40 3.84 1.77
33733 -40 3.84 1.77
36276 -40 3.84 1.77
42009 -40 3.84 1.77
35994 -40 3.84 1.77
32398 -40 3.84 1.77
33858 -40 3.84 1.77
36956 -40 3.84 1.77
34718 -40 3.84 1.77
31430 -40 3.84 1.77
37778 -40 3.84 1.77
41702 -40 3.84 1.77
36684 -40 3.84 1.77
174886 -40 -16.81 20.55
174387 -40 -16.81 20.55
178144 -40 -16.81 20.55
174959 -40 -16.81 20.55
172069 -40 -16.81 20.55
176101 -40 -16.81 20.55
178830 -40 -16.81 20.55
175231 -40 -16.81 20.55
173644 -40 -16.81 20.55
176753 -40 -16.81 20.55
172831 -40 -16.81 20.55
172738 -40 -16.81 20.55
176233 -40 -16.81 20.55
175628 -40 -16.81 20.55
174480 -40 -16.81 20.55
180240 -40 -16.81 20.55
175983 -40 -16.81 20.55
175713 -40 -16.81 20.55
175377 -40 -16.81 20.55
175715 -40 -16.81 20.55
172332 -40 -16.81 20.55
175201 -40 -16.81 20.55
175554 -40 -16.81 20.55
178353 -40 -16.81 20.55
176255 -40 -16.81 20.55
174134 -40 -16.81 20.55
176328 -40 -16.81 20.55
176461 -40 -16.81 20.55
172528 -40 -16.81 20.55
169361 -40 -16.81 20.55
175880 -40 -16.81 20.55
176048 -40 -16.81 20.55
178990 -40 -16.81 20.55
173463 -40 -16.81 20.55
178359 -40 -16.81 20.55
175792 -40 -16.81 20.55
173309 -40 -16.81 20.55
177570 -40 -16.81 20.55
172876 -40 -16.81 20.55
190121 -40 8.92 -26.79
186377 -40 8.92 -26.79
189922 -40 8.92 -26.79
188894 -40 8.92 -26.79
186511 -40 8.92 -26.79
187744 -40 8.92 -26.79
186980 -40 8.92 -26.79
190594 -40 8.92 -26.79
188468 -40 8.92 -26.79
194160 -40 8.92 -26.79
191661 -40 8.92 -26.79
191889 -40 8.92 -26.79
187393 -40 8.92 -26.79
191066 -40 8.92 -26.79
184188 -40 8.92 -26.79
188884 -40 8.92 -26.79
189456 -40 8.92 -26.79
184610 -40 8.92 -26.79
189688 -40 8.92 -26.79
194509 -40 8.92 -26.79
185447 -40 8.92 -26.79
191056 -40 8.92 -26.79
187024 -40 8.92 -26.79
190231 -40 8.92 -26.79
190822 -40 8.92 -26.79
188380 -40 8.92 -26.79
196729 -40 8.92 -26.79
184648 -40 8.92 -26.79
187764 -40 8.92 -26.79
187901 -40 8.92 -26.79
192053 -40 8.92 -26.79
188626 -40 8.92 -26.79
189604 -40 8.92 -26.79
187734 -40 8.92 -26.79
188113 -40 8.92 -26.79
191164 -40 8.92 -26.79
191789 -40 8.92 -26.79
186369 -40 8.92 -26.79
189259 -40 8.92 -26.79
