#rtt sig_str x y
142518 -40 -11.95 16.48
143011 -40 -11.95 16.48
145001 -40 -11.95 16.48
142576 -40 -11.95 16.48
144780 -40 -11.95 16.48
137987 -40 -11.95 16.48
146085 -40 -11.95 16.48
144240 -40 -11.95 16.48
141868 -40 -11.95 16.48
139662 -40 -11.95 16.48
142860 -40 -11.95 16.48
139482 -40 -11.95 16.48
144343 -40 -11.95 16.48
145578 -40 -11.95 16.48
143789 -40 -11.95 16.48
143461 -40 -11.95 16.48
139770 -40 -11.95 16.48
141532 -40 -11.95 16.48
142737 -40 -11.95 16.48
144158 -40 -11.95 16.48
142983 -40 -11.95 16.48
138488 -40 -11.95 16.48
140440 -40 -11.95 16.48
139722 -40 -11.95 16.48
145211 -40 -11.95 16.48
146367 -40 -11.95 16.48
138751 -40 -11.95 16.48
139989 -40 -11.95 16.48
141447 -40 -11.95 16.48
142041 -40 -11.95 16.48
142714 -40 -11.95 16.48
143803 -40 -11.95 16.48
142383 -40 -11.95 16.48
142373 -40 -11.95 16.48
144821 -40 -11.95 16.48
142760 -40 -11.95 16.48
139388 -40 -11.95 16.48
148387 -40 -11.95 16.48
142809 -40 -11.95 16.48
154454 -40 -18.79 13.71
151824 -40 -18.79 13.71
149698 -40 -18.79 13.71
152039 -40 -18.79 13.71
152789 -40 -18.79 13.71
153398 -40 -18.79 13.71
155949 -40 -18.79 13.71
153003 -40 -18.79 13.71
156403 -40 -18.79 13.71
153821 -40 -18.79 13.71
156184 -40 -18.79 13.71
156921 -40 -18.79 13.71
154047 -40 -18.79 13.71
153992 -40 -18.79 13.71
155714 -40 -18.79 13.71
152385 -40 -18.79 13.71
155006 -40 -18.79 13.71
155947 -40 -18.79 13.71
149569 -40 -18.79 13.71
155121 -40 -18.79 13.71
155375 -40 -18.79 13.71
152696 -40 -18.79 13.71
153547 -40 -18.79 13.71
153296 -40 -18.79 13.71
153397 -40 -18.79 13.71
155857 -40 -18.79 13.71
151505 -40 -18.79 13.71
156391 -40 -18.79 13.71
153170 -40 -18.79 13.71
153494 -40 -18.79 13.71
155883 -40 -18.79 13.71
154339 -40 -18.79 13.71
151804 -40 -18.79 13.71
155309 -40 -18.79 13.71
158260 -40 -18.79 13.71
151093 -40 -18.79 13.71
152121 -40 -18.79 13.71
154757 -40 -18.79 13.71
151705 -40 -18.79 13.71
105447 -40 -10.61 7.9
100923 -40 -10.61 7.9
98287 -40 -10.61 7.9
95022 -40 -10.61 7.9
99285 -40 -10.61 7.9
101029 -40 -10.61 7.9
97295 -40 -10.61 7.9
99391 -40 -10.61 7.9
99654 -40 -10.61 7.9
99780 -40 -10.61 7.9
102522 -40 -10.61 7.9
97604 -40 -10.61 7.9
102189 -40 -10.61 7.9
102117 -40 -10.61 7.9
101127 -40 -10.61 7.9
105048 -40 -10.61 7.9
100020 -40 -10.61 7.9
98590 -40 -10.61 7.9
98380 -40 -10.61 7.9
96335 -40 -10.61 7.9
99607 -40 -10.61 7.9
101918 -40 -10.61 7.9
103742 -40 -10.61 7.9
102186 -40 -10.61 7.9
99985 -40 -10.61 7.9
99358 -40 -10.61 7.9
98917 -40 -10.61 7.9
99732 -40 -10.61 7.9
100543 -40 -10.61 7.9
97533 -40 -10.61 7.9
99947 -40 -10.61 7.9
100499 -40 -10.61 7.9
92116 -40 -10.61 7.9
98969 -40 -10.61 7.9
100022 -40 -10.61 7.9
99951 -40 -10.61 7.9
95949 -40 -10.61 7.9
103722 -40 -10.61 7.9
99685 -40 -10.61 7.9
110540 -40 9.95 14.47
109891 -40 9.95 14.47
109119 -40 9.95 14.47
110280 -40 9.95 14.47
107249 -40 9.95 14.47
110157 -40 9.95 14.47
110830 -40 9.95 14.47
116544 -40 9.95 14.47
104664 -40 9.95 14.47
112707 -40 9.95 14.47
111936 -40 9.95 14.47
115889 -40 9.95 14.47
111727 -40 9.95 14.47
106989 -40 9.95 14.47
109539 -40 9.95 14.47
114355 -40 9.95 14.47
110507 -40 9.95 14.47
106749 -40 9.95 14.47
111271 -40 9.95 14.47
120298 -40 9.95 14.47
108867 -40 9.95 14.47
107858 -40 9.95 14.47
112586 -40 9.95 14.47
110052 -40 9.95 14.47
109596 -40 9.95 14.47
116631 -40 9.95 14.47
110847 -40 9.95 14.47
109515 -40 9.95 14.47
108725 -40 9.95 14.47
105647 -40 9.95 14.47
107503 -40 9.95 14.47
111067 -40 9.95 14.47
115045 -40 9.95 14.47
111796 -40 9.95 14.47
114190 -40 9.95 14.47
107800 -40 9.95 14.47
113089 -40 9.95 14.47
111484 -40 9.95 14.47
108585 -40 9.95 14.47
102362 -40 4.02 14.91
98869 -40 4.02 14.91
96679 -40 4.02 14.91
102861 -40 4.02 14.91
100956 -40 4.02 14.91
106665 -40 4.02 14.91
104000 -40 4.02 14.91
98180 -40 4.02 14.91
101388 -40 4.02 14.91
105846 -40 4.02 14.91
105370 -40 4.02 14.91
103418 -40 4.02 14.91
100507 -40 4.02 14.91
101521 -40 4.02 14.91
100986 -40 4.02 14.91
101389 -40 4.02 14.91
102891 -40 4.02 14.91
102376 -40 4.02 14.91
103483 -40 4.02 14.91
105234 -40 4.02 14.91
105687 -40 4.02 14.91
103442 -40 4.02 14.91
103134 -40 4.02 14.91
101536 -40 4.02 14.91
99469 -40 4.02 14.91
105179 -40 4.02 14.91
96582 -40 4.02 14.91
102919 -40 4.02 14.91
106199 -40 4.02 14.91
100187 -40 4.02 14.91
99227 -40 4.02 14.91
99121 -40 4.02 14.91
105952 -40 4.02 14.91
103795 -40 4.02 14.91
102720 -40 4.02 14.91
100588 -40 4.02 14.91
97306 -40 4.02 14.91
98069 -40 4.02 14.91
103009 -40 4.02 14.91
58516 -40 -6.11 1.82
58873 -40 -6.11 1.82
57599 -40 -6.11 1.82
60942 -40 -6.11 1.82
61270 -40 -6.11 1.82
58632 -40 -6.11 1.82
57445 -40 -6.11 1.82
55461 -40 -6.11 1.82
59995 -40 -6.11 1.82
58366 -40 -6.11 1.82
60634 -40 -6.11 1.82
60553 -40 -6.11 1.82
62110 -40 -6.11 1.82
58225 -40 -6.11 1.82
62661 -40 -6.11 1.82
57509 -40 -6.11 1.82
55679 -40 -6.11 1.82
63089 -40 -6.11 1.82
58358 -40 -6.11 1.82
56730 -40 -6.11 1.82
55196 -40 -6.11 1.82
60633 -40 -6.11 1.82
63622 -40 -6.11 1.82
54642 -40 -6.11 1.82
58144 -40 -6.11 1.82
62181 -40 -6.11 1.82
60197 -40 -6.11 1.82
56670 -40 -6.11 1.82
60325 -40 -6.11 1.82
57921 -40 -6.11 1.82
63364 -40 -6.11 1.82
58597 -40 -6.11 1.82
60441 -40 -6.11 1.82
56481 -40 -6.11 1.82
61263 -40 -6.11 1.82
57473 -40 -6.11 1.82
59653 -40 -6.11 1.82
59367 -40 -6.11 1.82
57763 -40 -6.11 1.82
173088 -40 -7.24 25.87
177275 -40 -7.24 25.87
178249 -40 -7.24 25.87
177459 -40 -7.24 25.87
173663 -40 -7.24 25.87
175674 -40 -7.24 25.87
172803 -40 -7.24 25.87
168617 -40 -7.24 25.87
179089 -40 -7.24 25.87
176951 -40 -7.24 25.87
173843 -40 -7.24 25.87
172712 -40 -7.24 25.87
172210 -40 -7.24 25.87
178423 -40 -7.24 25.87
173291 -40 -7.24 25.87
176708 -40 -7.24 25.87
175201 -40 -7.24 25.87
178963 -40 -7.24 25.87
172427 -40 -7.24 25.87
175778 -40 -7.24 25.87
171477 -40 -7.24 25.87
179464 -40 -7.24 25.87
175145 -40 -7.24 25.87
178529 -40 -7.24 25.87
176589 -40 -7.24 25.87
176749 -40 -7.24 25.87
177356 -40 -7.24 25.87
176365 -40 -7.24 25.87
176596 -40 -7.24 25.87
174074 -40 -7.24 25.87
177681 -40 -7.24 25.87
177321 -40 -7.24 25.87
176342 -40 -7.24 25.87
174320 -40 -7.24 25.87
175330 -40 -7.24 25.87
179088 -40 -7.24 25.87
177646 -40 -7.24 25.87
176394 -40 -7.24 25.87
173521 -40 -7.24 25.87
208648 -40 -29.37 12.26
204384 -40 -29.37 12.26
210079 -40 -29.37 12.26
211522 -40 -29.37 12.26
208599 -40 -29.37 12.26
204147 -40 -29.37 12.26
204528 -40 -29.37 12.26
205129 -40 -29.37 12.26
207742 -40 -29.37 12.26
207410 -40 -29.37 12.26
210761 -40 -29.37 12.26
205363 -40 -29.37 12.26
207363 -40 -29.37 12.26
204983 -40 -29.37 12.26
212878 -40 -29.37 12.26
207331 -40 -29.37 12.26
205386 -40 -29.37 12.26
209025 -40 -29.37 12.26
208077 -40 -29.37 12.26
211533 -40 -29.37 12.26
207721 -40 -29.37 12.26
205000 -40 -29.37 12.26
201279 -40 -29.37 12.26
213215 -40 -29.37 12.26
209595 -40 -29.37 12.26
204992 -40 -29.37 12.26
212445 -40 -29.37 12.26
204524 -40 -29.37 12.26
209735 -40 -29.37 12.26
206193 -40 -29.37 12.26
204362 -40 -29.37 12.26
204121 -40 -29.37 12.26
213237 -40 -29.37 12.26
215282 -40 -29.37 12.26
209664 -40 -29.37 12.26
209943 -40 -29.37 12.26
206905 -40 -29.37 12.26
208347 -40 -29.37 12.26
201994 -40 -29.37 12.26
205455 -40 -19.78 23.69
210740 -40 -19.78 23.69
208487 -40 -19.78 23.69
210018 -40 -19.78 23.69
208997 -40 -19.78 23.69
209379 -40 -19.78 23.69
210988 -40 -19.78 23.69
205751 -40 -19.78 23.69
209360 -40 -19.78 23.69
205667 -40 -19.78 23.69
206251 -40 -19.78 23.69
207495 -40 -19.78 23.69
209112 -40 -19.78 23.69
207809 -40 -19.78 23.69
208599 -40 -19.78 23.69
206536 -40 -19.78 23.69
204349 -40 -19.78 23.69
204964 -40 -19.78 23.69
210075 -40 -19.78 23.69
209071 -40 -19.78 23.69
208727 -40 -19.78 23.69
208536 -40 -19.78 23.69
207528 -40 -19.78 23.69
208182 -40 -19.78 23.69
208170 -40 -19.78 23.69
209286 -40 -19.78 23.69
211200 -40 -19.78 23.69
211090 -40 -19.78 23.69
212978 -40 -19.78 23.69
208757 -40 -19.78 23.69
210250 -40 -19.78 23.69
205481 -40 -19.78 23.69
205281 -40 -19.78 23.69
207544 -40 -19.78 23.69
207049 -40 -19.78 23.69
207025 -40 -19.78 23.69
204912 -40 -19.78 23.69
207934 -40 -19.78 23.69
212997 -40 -19.78 23.69
206954 -40 -22.6 21.78
207247 -40 -22.6 21.78
210192 -40 -22.6 21.78
209320 -40 -22.6 21.78
211164 -40 -22.6 21.78
207388 -40 -22.6 21.78
206054 -40 -22.6 21.78
208359 -40 -22.6 21.78
207865 -40 -22.6 21.78
208527 -40 -22.6 21.78
212017 -40 -22.6 21.78
210717 -40 -22.6 21.78
213984 -40 -22.6 21.78
206930 -40 -22.6 21.78
206600 -40 -22.6 21.78
210333 -40 -22.6 21.78
205517 -40 -22.6 21.78
208264 -40 -22.6 21.78
214914 -40 -22.6 21.78
209843 -40 -22.6 21.78
205538 -40 -22.6 21.78
212388 -40 -22.6 21.78
206682 -40 -22.6 21.78
208135 -40 -22.6 21.78
209096 -40 -22.6 21.78
209043 -40 -22.6 21.78
211551 -40 -22.6 21.78
210112 -40 -22.6 21.78
208786 -40 -22.6 21.78
209531 -40 -22.6 21.78
206612 -40 -22.6 21.78
208700 -40 -22.6 21.78
210458 -40 -22.6 21.78
210958 -40 -22.6 21.78
209495 -40 -22.6 21.78
209723 -40 -22.6 21.78
212304 -40 -22.6 21.78
210225 -40 -22.6 21.78
206594 -40 -22.6 21.78
