#rtt sig_str x y
199309 -40 19.47 21.75
204262 -40 19.47 21.75
196274 -40 19.47 21.75
197331 -40 19.47 21.75
196234 -40 19.47 21.75
201496 -40 19.47 21.75
199256 -40 19.47 21.75
199455 -40 19.47 21.75
197609 -40 19.47 21.75
197670 -40 19.47 21.75
202134 -40 19.47 21.75
201080 -40 19.47 21.75
199664 -40 19.47 21.75
201424 -40 19.47 21.75
199646 -40 19.47 21.75
201013 -40 19.47 21.75
195989 -40 19.47 21.75
199228 -40 19.47 21.75
201201 -40 19.47 21.75
203604 -40 19.47 21.75
198804 -40 19.47 21.75
198276 -40 19.47 21.75
204552 -40 19.47 21.75
201806 -40 19.47 21.75
200194 -40 19.47 21.75
197584 -40 19.47 21.75
201541 -40 19.47 21.75
199966 -40 19.47 21.75
196275 -40 19.47 21.75
196149 -40 19.47 21.75
198285 -40 19.47 21.75
196343 -40 19.47 21.75
200816 -40 19.47 21.75
200586 -40 19.47 21.75
200390 -40 19.47 21.75
198635 -40 19.47 21.75
203221 -40 19.47 21.75
200287 -40 19.47 21.75
200607 -40 19.47 21.75
214609 -40 -19.12 -25.85
214916 -40 -19.12 -25.85
208119 -40 -19.12 -25.85
207997 -40 -19.12 -25.85
208724 -40 -19.12 -25.85
213668 -40 -19.12 -25.85
209986 -40 -19.12 -25.85
208647 -40 -19.12 -25.85
211667 -40 -19.12 -25.85
214584 -40 -19.12 -25.85
211566 -40 -19.12 -25.85
206371 -40 -19.12 -25.85
207554 -40 -19.12 -25.85
208550 -40 -19.12 -25.85
213629 -40 -19.12 -25.85
211369 -40 -19.12 -25.85
215111 -40 -19.12 -25.85
211183 -40 -19.12 -25.85
212231 -40 -19.12 -25.85
211958 -40 -19.12 -25.85
207273 -40 -19.12 -25.85
210485 -40 -19.12 -25.85
213259 -40 -19.12 -25.85
219798 -40 -19.12 -25.85
207867 -40 -19.12 -25.85
212423 -40 -19.12 -25.85
212824 -40 -19.12 -25.85
212891 -40 -19.12 -25.85
213705 -40 -19.12 -25.85
212900 -40 -19.12 -25.85
209704 -40 -19.12 -25.85
211626 -40 -19.12 -25.85
205319 -40 -19.12 -25.85
215047 -40 -19.12 -25.85
208434 -40 -19.12 -25.85
208981 -40 -19.12 -25.85
213751 -40 -19.12 -25.85
210657 -40 -19.12 -25.85
211713 -40 -19.12 -25.85
152672 -40 22.64 2.54
148366 -40 22.64 2.54
154993 -40 22.64 2.54
145905 -40 22.64 2.54
150237 -40 22.64 2.54
151919 -40 22.64 2.54
151146 -40 22.64 2.54
149381 -40 22.64 2.54
144756 -40 22.64 2.54
148504 -40 22.64 2.54
145426 -40 22.64 2.54
154083 -40 22.64 2.54
154638 -40 22.64 2.54
149862 -40 22.64 2.54
153655 -40 22.64 2.54
152499 -40 22.64 2.54
154810 -40 22.64 2.54
150938 -40 22.64 2.54
148805 -40 22.64 2.54
149427 -40 22.64 2.54
151209 -40 22.64 2.54
149217 -40 22.64 2.54
149125 -40 22.64 2.54
149250 -40 22.64 2.54
148207 -40 22.64 2.54
149158 -40 22.64 2.54
146599 -40 22.64 2.54
149563 -40 22.64 2.54
155226 -40 22.64 2.54
146876 -40 22.64 2.54
152911 -40 22.64 2.54
148923 -40 22.64 2.54
146252 -40 22.64 2.54
152317 -40 22.64 2.54
152488 -40 22.64 2.54
148231 -40 22.64 2.54
144179 -40 22.64 2.54
147556 -40 22.64 2.54
152589 -40 22.64 2.54
182547 -40 27.9 3.26
180330 -40 27.9 3.26
182960 -40 27.9 3.26
186184 -40 27.9 3.26
185328 -40 27.9 3.26
183034 -40 27.9 3.26
185453 -40 27.9 3.26
183481 -40 27.9 3.26
182106 -40 27.9 3.26
180196 -40 27.9 3.26
183925 -40 27.9 3.26
181906 -40 27.9 3.26
181649 -40 27.9 3.26
184365 -40 27.9 3.26
185673 -40 27.9 3.26
183099 -40 27.9 3.26
178418 -40 27.9 3.26
189407 -40 27.9 3.26
182214 -40 27.9 3.26
183394 -40 27.9 3.26
180656 -40 27.9 3.26
181472 -40 27.9 3.26
181788 -40 27.9 3.26
186045 -40 27.9 3.26
180644 -40 27.9 3.26
181967 -40 27.9 3.26
187717 -40 27.9 3.26
183824 -40 27.9 3.26
182608 -40 27.9 3.26
187838 -40 27.9 3.26
187540 -40 27.9 3.26
190380 -40 27.9 3.26
185233 -40 27.9 3.26
184385 -40 27.9 3.26
181405 -40 27.9 3.26
182899 -40 27.9 3.26
180641 -40 27.9 3.26
182802 -40 27.9 3.26
186548 -40 27.9 3.26
216246 -40 -29.79 -15.76
221001 -40 -29.79 -15.76
220928 -40 -29.79 -15.76
216633 -40 -29.79 -15.76
217383 -40 -29.79 -15.76
220584 -40 -29.79 -15.76
220163 -40 -29.79 -15.76
218506 -40 -29.79 -15.76
219690 -40 -29.79 -15.76
219534 -40 -29.79 -15.76
221268 -40 -29.79 -15.76
221497 -40 -29.79 -15.76
220081 -40 -29.79 -15.76
219899 -40 -29.79 -15.76
214475 -40 -29.79 -15.76
221793 -40 -29.79 -15.76
223760 -40 -29.79 -15.76
219019 -40 -29.79 -15.76
217833 -40 -29.79 -15.76
225536 -40 -29.79 -15.76
216472 -40 -29.79 -15.76
219206 -40 -29.79 -15.76
215771 -40 -29.79 -15.76
219086 -40 -29.79 -15.76
220101 -40 -29.79 -15.76
222508 -40 -29.79 -15.76
216177 -40 -29.79 -15.76
216877 -40 -29.79 -15.76
222709 -40 -29.79 -15.76
219660 -40 -29.79 -15.76
219671 -40 -29.79 -15.76
218506 -40 -29.79 -15.76
222042 -40 -29.79 -15.76
217995 -40 -29.79 -15.76
220822 -40 -29.79 -15.76
218128 -40 -29.79 -15.76
222302 -40 -29.79 -15.76
219732 -40 -29.79 -15.76
219349 -40 -29.79 -15.76
187086 -40 25.42 11.15
182187 -40 25.42 11.15
184876 -40 25.42 11.15
187544 -40 25.42 11.15
182648 -40 25.42 11.15
188364 -40 25.42 11.15
186961 -40 25.42 11.15
183847 -40 25.42 11.15
184954 -40 25.42 11.15
184101 -40 25.42 11.15
180196 -40 25.42 11.15
183430 -40 25.42 11.15
186303 -40 25.42 11.15
186122 -40 25.42 11.15
187481 -40 25.42 11.15
184686 -40 25.42 11.15
184196 -40 25.42 11.15
187358 -40 25.42 11.15
185084 -40 25.42 11.15
184898 -40 25.42 11.15
183543 -40 25.42 11.15
188181 -40 25.42 11.15
186904 -40 25.42 11.15
187698 -40 25.42 11.15
184789 -40 25.42 11.15
183532 -40 25.42 11.15
185221 -40 25.42 11.15
187050 -40 25.42 11.15
186012 -40 25.42 11.15
184887 -40 25.42 11.15
187713 -40 25.42 11.15
185725 -40 25.42 11.15
186732 -40 25.42 11.15
184875 -40 25.42 11.15
181917 -40 25.42 11.15
185278 -40 25.42 11.15
182340 -40 25.42 11.15
186140 -40 25.42 11.15
189119 -40 25.42 11.15
176711 -40 7.77 26.27
177699 -40 7.77 26.27
180020 -40 7.77 26.27
177628 -40 7.77 26.27
175931 -40 7.77 26.27
178979 -40 7.77 26.27
179635 -40 7.77 26.27
177822 -40 7.77 26.27
179126 -40 7.77 26.27
176943 -40 7.77 26.27
180040 -40 7.77 26.27
176524 -40 7.77 26.27
179307 -40 7.77 26.27
178728 -40 7.77 26.27
174206 -40 7.77 26.27
178951 -40 7.77 26.27
180474 -40 7.77 26.27
179444 -40 7.77 26.27
177521 -40 7.77 26.27
176586 -40 7.77 26.27
175387 -40 7.77 26.27
178017 -40 7.77 26.27
177676 -40 7.77 26.27
180859 -40 7.77 26.27
181271 -40 7.77 26.27
180420 -40 7.77 26.27
175452 -40 7.77 26.27
177405 -40 7.77 26.27
177574 -40 7.77 26.27
176908 -40 7.77 26.27
178812 -40 7.77 26.27
180839 -40 7.77 26.27
178112 -40 7.77 26.27
176218 -40 7.77 26.27
175965 -40 7.77 26.27
177629 -40 7.77 26.27
175986 -40 7.77 26.27
181508 -40 7.77 26.27
180042 -40 7.77 26.27
76794 -40 -11.74 -1.92
77727 -40 -11.74 -1.92
71684 -40 -11.74 -1.92
76422 -40 -11.74 -1.92
77174 -40 -11.74 -1.92
76334 -40 -11.74 -1.92
73857 -40 -11.74 -1.92
76154 -40 -11.74 -1.92
75414 -40 -11.74 -1.92
74613 -40 -11.74 -1.92
76937 -40 -11.74 -1.92
73946 -40 -11.74 -1.92
76390 -40 -11.74 -1.92
73359 -40 -11.74 -1.92
77437 -40 -11.74 -1.92
80798 -40 -11.74 -1.92
74047 -40 -11.74 -1.92
79548 -40 -11.74 -1.92
76585 -40 -11.74 -1.92
75325 -40 -11.74 -1.92
78829 -40 -11.74 -1.92
76042 -40 -11.74 -1.92
76188 -40 -11.74 -1.92
80317 -40 -11.74 -1.92
78170 -40 -11.74 -1.92
78584 -40 -11.74 -1.92
74399 -40 -11.74 -1.92
76087 -40 -11.74 -1.92
77389 -40 -11.74 -1.92
81648 -40 -11.74 -1.92
78062 -40 -11.74 -1.92
76372 -40 -11.74 -1.92
74264 -40 -11.74 -1.92
78455 -40 -11.74 -1.92
75079 -40 -11.74 -1.92
79266 -40 -11.74 -1.92
75467 -40 -11.74 -1.92
78589 -40 -11.74 -1.92
75875 -40 -11.74 -1.92
186137 -40 -9.55 26
189066 -40 -9.55 26
187782 -40 -9.55 26
192164 -40 -9.55 26
188607 -40 -9.55 26
187015 -40 -9.55 26
186292 -40 -9.55 26
188792 -40 -9.55 26
189505 -40 -9.55 26
192423 -40 -9.55 26
190772 -40 -9.55 26
191142 -40 -9.55 26
184919 -40 -9.55 26
190809 -40 -9.55 26
190615 -40 -9.55 26
187758 -40 -9.55 26
190308 -40 -9.55 26
191878 -40 -9.55 26
184081 -40 -9.55 26
191067 -40 -9.55 26
189397 -40 -9.55 26
186602 -40 -9.55 26
192604 -40 -9.55 26
189899 -40 -9.55 26
185777 -40 -9.55 26
183866 -40 -9.55 26
187803 -40 -9.55 26
187775 -40 -9.55 26
187554 -40 -9.55 26
189640 -40 -9.55 26
188957 -40 -9.55 26
187738 -40 -9.55 26
188982 -40 -9.55 26
184752 -40 -9.55 26
189904 -40 -9.55 26
185873 -40 -9.55 26
191173 -40 -9.55 26
188965 -40 -9.55 26
190138 -40 -9.55 26
185522 -40 -21.56 -17.7
186567 -40 -21.56 -17.7
189164 -40 -21.56 -17.7
187749 -40 -21.56 -17.7
184588 -40 -21.56 -17.7
181812 -40 -21.56 -17.7
185916 -40 -21.56 -17.7
182899 -40 -21.56 -17.7
178303 -40 -21.56 -17.7
182866 -40 -21.56 -17.7
186852 -40 -21.56 -17.7
187394 -40 -21.56 -17.7
186415 -40 -21.56 -17.7
187943 -40 -21.56 -17.7
187370 -40 -21.56 -17.7
183621 -40 -21.56 -17.7
184851 -40 -21.56 -17.7
186621 -40 -21.56 -17.7
185665 -40 -21.56 -17.7
186523 -40 -21.56 -17.7
183904 -40 -21.56 -17.7
184290 -40 -21.56 -17.7
184741 -40 -21.56 -17.7
187300 -40 -21.56 -17.7
188457 -40 -21.56 -17.7
183403 -40 -21.56 -17.7
182440 -40 -21.56 -17.7
182461 -40 -21.56 -17.7
179128 -40 -21.56 -17.7
184355 -40 -21.56 -17.7
185285 -40 -21.56 -17.7
183802 -40 -21.56 -17.7
186092 -40 -21.56 -17.7
185103 -40 -21.56 -17.7
182954 -40 -21.56 -17.7
184298 -40 -21.56 -17.7
186125 -40 -21.56 -17.7
181297 -40 -21.56 -17.7
184690 -40 -21.56 -17.7
