#rtt sig_str x y
181936 -40 -27.98 2.54
183728 -40 -27.98 2.54
181453 -40 -27.98 2.54
185019 -40 -27.98 2.54
189282 -40 -27.98 2.54
179987 -40 -27.98 2.54
183398 -40 -27.98 2.54
184240 -40 -27.98 2.54
184447 -40 -27.98 2.54
187455 -40 -27.98 2.54
188353 -40 -27.98 2.54
183855 -40 -27.98 2.54
185069 -40 -27.98 2.54
186563 -40 -27.98 2.54
183263 -40 -27.98 2.54
185208 -40 -27.98 2.54
182451 -40 -27.98 2.54
181832 -40 -27.98 2.54
185500 -40 -27.98 2.54
188563 -40 -27.98 2.54
183334 -40 -27.98 2.54
190530 -40 -27.98 2.54
185850 -40 -27.98 2.54
180910 -40 -27.98 2.54
187427 -40 -27.98 2.54
187189 -40 -27.98 2.54
187466 -40 -27.98 2.54
183520 -40 -27.98 2.54
187389 -40 -27.98 2.54
189287 -40 -27.98 2.54
181446 -40 -27.98 2.54
181774 -40 -27.98 2.54
182744 -40 -27.98 2.54
183770 -40 -27.98 2.54
183389 -40 -27.98 2.54
185805 -40 -27.98 2.54
178684 -40 -27.98 2.54
180874 -40 -27.98 2.54
184874 -40 -27.98 2.54
12490 -40 -0.65 -1.99
11433 -40 -0.65 -1.99
13834 -40 -0.65 -1.99
13604 -40 -0.65 -1.99
11301 -40 -0.65 -1.99
13105 -40 -0.65 -1.99
12934 -40 -0.65 -1.99
15760 -40 -0.65 -1.99
18018 -40 -0.65 -1.99
8826 -40 -0.65 -1.99
13169 -40 -0.65 -1.99
14127 -40 -0.65 -1.99
9310 -40 -0.65 -1.99
15567 -40 -0.65 -1.99
16175 -40 -0.65 -1.99
17461 -40 -0.65 -1.99
17758 -40 -0.65 -1.99
12029 -40 -0.65 -1.99
10621 -40 -0.65 -1.99
15253 -40 -0.65 -1.99
13797 -40 -0.65 -1.99
17835 -40 -0.65 -1.99
13734 -40 -0.65 -1.99
16297 -40 -0.65 -1.99
13135 -40 -0.65 -1.99
15222 -40 -0.65 -1.99
16682 -40 -0.65 -1.99
14275 -40 -0.65 -1.99
14951 -40 -0.65 -1.99
12508 -40 -0.65 -1.99
10364 -40 -0.65 -1.99
15210 -40 -0.65 -1.99
11026 -40 -0.65 -1.99
13725 -40 -0.65 -1.99
18113 -40 -0.65 -1.99
14736 -40 -0.65 -1.99
8465 -40 -0.65 -1.99
12163 -40 -0.65 -1.99
14846 -40 -0.65 -1.99
140343 -40 20.77 -2.9
138026 -40 20.77 -2.9
136682 -40 20.77 -2.9
140176 -40 20.77 -2.9
143573 -40 20.77 -2.9
140643 -40 20.77 -2.9
140371 -40 20.77 -2.9
140973 -40 20.77 -2.9
140493 -40 20.77 -2.9
137957 -40 20.77 -2.9
142278 -40 20.77 -2.9
142227 -40 20.77 -2.9
136476 -40 20.77 -2.9
140935 -40 20.77 -2.9
141310 -40 20.77 -2.9
144083 -40 20.77 -2.9
140467 -40 20.77 -2.9
141758 -40 20.77 -2.9
136682 -40 20.77 -2.9
137950 -40 20.77 -2.9
143996 -40 20.77 -2.9
143253 -40 20.77 -2.9
140395 -40 20.77 -2.9
141513 -40 20.77 -2.9
146111 -40 20.77 -2.9
145709 -40 20.77 -2.9
137128 -40 20.77 -2.9
144117 -40 20.77 -2.9
142584 -40 20.77 -2.9
138933 -40 20.77 -2.9
135628 -40 20.77 -2.9
132694 -40 20.77 -2.9
134475 -40 20.77 -2.9
138788 -40 20.77 -2.9
140908 -40 20.77 -2.9
143049 -40 20.77 -2.9
142420 -40 20.77 -2.9
146578 -40 20.77 -2.9
137929 -40 20.77 -2.9
108695 -40 -5.32 12.55
111217 -40 -5.32 12.55
111096 -40 -5.32 12.55
112784 -40 -5.32 12.55
109826 -40 -5.32 12.55
113791 -40 -5.32 12.55
112733 -40 -5.32 12.55
110934 -40 -5.32 12.55
114220 -40 -5.32 12.55
115563 -40 -5.32 12.55
112765 -40 -5.32 12.55
111381 -40 -5.32 12.55
113172 -40 -5.32 12.55
113244 -40 -5.32 12.55
113940 -40 -5.32 12.55
110784 -40 -5.32 12.55
112185 -40 -5.32 12.55
112642 -40 -5.32 12.55
112420 -40 -5.32 12.55
112072 -40 -5.32 12.55
111494 -40 -5.32 12.55
108594 -40 -5.32 12.55
108126 -40 -5.32 12.55
105431 -40 -5.32 12.55
112939 -40 -5.32 12.55
110483 -40 -5.32 12.55
113012 -40 -5.32 12.55
111196 -40 -5.32 12.55
109022 -40 -5.32 12.55
109635 -40 -5.32 12.55
111152 -40 -5.32 12.55
111007 -40 -5.32 12.55
113091 -40 -5.32 12.55
109409 -40 -5.32 12.55
114282 -40 -5.32 12.55
109890 -40 -5.32 12.55
110828 -40 -5.32 12.55
110028 -40 -5.32 12.55
113901 -40 -5.32 12.55
163374 -40 7.89 23.19
164418 -40 7.89 23.19
159793 -40 7.89 23.19
159803 -40 7.89 23.19
159274 -40 7.89 23.19
163462 -40 7.89 23.19
155434 -40 7.89 23.19
159475 -40 7.89 23.19
159555 -40 7.89 23.19
159052 -40 7.89 23.19
162950 -40 7.89 23.19
163108 -40 7.89 23.19
158770 -40 7.89 23.19
161153 -40 7.89 23.19
161218 -40 7.89 23.19
158975 -40 7.89 23.19
159547 -40 7.89 23.19
158064 -40 7.89 23.19
158172 -40 7.89 23.19
161239 -40 7.89 23.19
158577 -40 7.89 23.19
157939 -40 7.89 23.19
161865 -40 7.89 23.19
159855 -40 7.89 23.19
158963 -40 7.89 23.19
160102 -40 7.89 23.19
163919 -40 7.89 23.19
161955 -40 7.89 23.19
161574 -40 7.89 23.19
158992 -40 7.89 23.19
154119 -40 7.89 23.19
159137 -40 7.89 23.19
160582 -40 7.89 23.19
161780 -40 7.89 23.19
159163 -40 7.89 23.19
159015 -40 7.89 23.19
161687 -40 7.89 23.19
163540 -40 7.89 23.19
165146 -40 7.89 23.19
128180 -40 -12.55 -13.03
128998 -40 -12.55 -13.03
132553 -40 -12.55 -13.03
123165 -40 -12.55 -13.03
133050 -40 -12.55 -13.03
125085 -40 -12.55 -13.03
128901 -40 -12.55 -13.03
130198 -40 -12.55 -13.03
123043 -40 -12.55 -13.03
130391 -40 -12.55 -13.03
127833 -40 -12.55 -13.03
129116 -40 -12.55 -13.03
128004 -40 -12.55 -13.03
127201 -40 -12.55 -13.03
127313 -40 -12.55 -13.03
122376 -40 -12.55 -13.03
123565 -40 -12.55 -13.03
125603 -40 -12.55 -13.03
124539 -40 -12.55 -13.03
121576 -40 -12.55 -13.03
129301 -40 -12.55 -13.03
127272 -40 -12.55 -13.03
123561 -40 -12.55 -13.03
131969 -40 -12.55 -13.03
126179 -40 -12.55 -13.03
126627 -40 -12.55 -13.03
126258 -40 -12.55 -13.03
131653 -40 -12.55 -13.03
124214 -40 -12.55 -13.03
128926 -40 -12.55 -13.03
131606 -40 -12.55 -13.03
125634 -40 -12.55 -13.03
130155 -40 -12.55 -13.03
124049 -40 -12.55 -13.03
128154 -40 -12.55 -13.03
129199 -40 -12.55 -13.03
129342 -40 -12.55 -13.03
126601 -40 -12.55 -13.03
126761 -40 -12.55 -13.03
27911 -40 2.57 2.28
25882 -40 2.57 2.28
26759 -40 2.57 2.28
18768 -40 2.57 2.28
26022 -40 2.57 2.28
24126 -40 2.57 2.28
26658 -40 2.57 2.28
22272 -40 2.57 2.28
20249 -40 2.57 2.28
25271 -40 2.57 2.28
20492 -40 2.57 2.28
25619 -40 2.57 2.28
22153 -40 2.57 2.28
24662 -40 2.57 2.28
23550 -40 2.57 2.28
27109 -40 2.57 2.28
21674 -40 2.57 2.28
27067 -40 2.57 2.28
25008 -40 2.57 2.28
25968 -40 2.57 2.28
21524 -40 2.57 2.28
26247 -40 2.57 2.28
23409 -40 2.57 2.28
20415 -40 2.57 2.28
22145 -40 2.57 2.28
24708 -40 2.57 2.28
28698 -40 2.57 2.28
18536 -40 2.57 2.28
24306 -40 2.57 2.28
22680 -40 2.57 2.28
24984 -40 2.57 2.28
25227 -40 2.57 2.28
23952 -40 2.57 2.28
24516 -40 2.57 2.28
19824 -40 2.57 2.28
24356 -40 2.57 2.28
21213 -40 2.57 2.28
23622 -40 2.57 2.28
22194 -40 2.57 2.28
120105 -40 -16.31 -7.05
121113 -40 -16.31 -7.05
118886 -40 -16.31 -7.05
123013 -40 -16.31 -7.05
117474 -40 -16.31 -7.05
120302 -40 -16.31 -7.05
126383 -40 -16.31 -7.05
118376 -40 -16.31 -7.05
119112 -40 -16.31 -7.05
119299 -40 -16.31 -7.05
123241 -40 -16.31 -7.05
119983 -40 -16.31 -7.05
119273 -40 -16.31 -7.05
120551 -40 -16.31 -7.05
117993 -40 -16.31 -7.05
119140 -40 -16.31 -7.05
121304 -40 -16.31 -7.05
118504 -40 -16.31 -7.05
121732 -40 -16.31 -7.05
121269 -40 -16.31 -7.05
120996 -40 -16.31 -7.05
124340 -40 -16.31 -7.05
117594 -40 -16.31 -7.05
120876 -40 -16.31 -7.05
118712 -40 -16.31 -7.05
121029 -40 -16.31 -7.05
124583 -40 -16.31 -7.05
120854 -40 -16.31 -7.05
117279 -40 -16.31 -7.05
120532 -40 -16.31 -7.05
123326 -40 -16.31 -7.05
120536 -40 -16.31 -7.05
122751 -40 -16.31 -7.05
119877 -40 -16.31 -7.05
119637 -40 -16.31 -7.05
122797 -40 -16.31 -7.05
121414 -40 -16.31 -7.05
121634 -40 -16.31 -7.05
117005 -40 -16.31 -7.05
216121 -40 -15.59 -28.39
212885 -40 -15.59 -28.39
217436 -40 -15.59 -28.39
223578 -40 -15.59 -28.39
212685 -40 -15.59 -28.39
217327 -40 -15.59 -28.39
217712 -40 -15.59 -28.39
213077 -40 -15.59 -28.39
218092 -40 -15.59 -28.39
215436 -40 -15.59 -28.39
211627 -40 -15.59 -28.39
214255 -40 -15.59 -28.39
218746 -40 -15.59 -28.39
213120 -40 -15.59 -28.39
213419 -40 -15.59 -28.39
216357 -40 -15.59 -28.39
210891 -40 -15.59 -28.39
221366 -40 -15.59 -28.39
215055 -40 -15.59 -28.39
215042 -40 -15.59 -28.39
215955 -40 -15.59 -28.39
210474 -40 -15.59 -28.39
215614 -40 -15.59 -28.39
215634 -40 -15.59 -28.39
212400 -40 -15.59 -28.39
216117 -40 -15.59 -28.39
217384 -40 -15.59 -28.39
211332 -40 -15.59 -28.39
217404 -40 -15.59 -28.39
218870 -40 -15.59 -28.39
210521 -40 -15.59 -28.39
216722 -40 -15.59 -28.39
215330 -40 -15.59 -28.39
209259 -40 -15.59 -28.39
211686 -40 -15.59 -28.39
212836 -40 -15.59 -28.39
213069 -40 -15.59 -28.39
212303 -40 -15.59 -28.39
210631 -40 -15.59 -28.39
259273 -40 27.21 -28.38
264678 -40 27.21 -28.38
263178 -40 27.21 -28.38
262333 -40 27.21 -28.38
259553 -40 27.21 -28.38
261085 -40 27.21 -28.38
261395 -40 27.21 -28.38
258270 -40 27.21 -28.38
260279 -40 27.21 -28.38
264919 -40 27.21 -28.38
258889 -40 27.21 -28.38
262889 -40 27.21 -28.38
267557 -40 27.21 -28.38
262057 -40 27.21 -28.38
258347 -40 27.21 -28.38
257033 -40 27.21 -28.38
257913 -40 27.21 -28.38
264270 -40 27.21 -28.38
265112 -40 27.21 -28.38
263846 -40 27.21 -28.38
263211 -40 27.21 -28.38
260242 -40 27.21 -28.38
258479 -40 27.21 -28.38
265730 -40 27.21 -28.38
261054 -40 27.21 -28.38
258463 -40 27.21 -28.38
264489 -40 27.21 -28.38
259461 -40 27.21 -28.38
263717 -40 27.21 -28.38
260721 -40 27.21 -28.38
258672 -40 27.21 -28.38
261400 -40 27.21 -28.38
264774 -40 27.21 -28.38
263500 -40 27.21 -28.38
261571 -40 27.21 -28.38
264316 -40 27.21 -28.38
263414 -40 27.21 -28.38
258238 -40 27.21 -28.38
258464 -40 27.21 -28.38
