#rtt sig_str x y
18081 -40 3.24 -0.84
18331 -40 3.24 -0.84
16831 -40 3.24 -0.84
16036 -40 3.24 -0.84
20974 -40 3.24 -0.84
17785 -40 3.24 -0.84
14663 -40 3.24 -0.84
15627 -40 3.24 -0.84
19469 -40 3.24 -0.84
21654 -40 3.24 -0.84
12812 -40 3.24 -0.84
21445 -40 3.24 -0.84
15441 -40 3.24 -0.84
18102 -40 3.24 -0.84
22818 -40 3.24 -0.84
17711 -40 3.24 -0.84
20481 -40 3.24 -0.84
17282 -40 3.24 -0.84
17231 -40 3.24 -0.84
16569 -40 3.24 -0.84
22637 -40 3.24 -0.84
19286 -40 3.24 -0.84
13668 -40 3.24 -0.84
16659 -40 3.24 -0.84
14372 -40 3.24 -0.84
17622 -40 3.24 -0.84
19193 -40 3.24 -0.84
20294 -40 3.24 -0.84
14811 -40 3.24 -0.84
17357 -40 3.24 -0.84
18133 -40 3.24 -0.84
20098 -40 3.24 -0.84
14747 -40 3.24 -0.84
18176 -40 3.24 -0.84
19741 -40 3.24 -0.84
16281 -40 3.24 -0.84
20732 -40 3.24 -0.84
20262 -40 3.24 -0.84
16542 -40 3.24 -0.84
189521 -40 -6.23 -28.93
194331 -40 -6.23 -28.93
191775 -40 -6.23 -28.93
193932 -40 -6.23 -28.93
192139 -40 -6.23 -28.93
194703 -40 -6.23 -28.93
190813 -40 -6.23 -28.93
190996 -40 -6.23 -28.93
196819 -40 -6.23 -28.93
199167 -40 -6.23 -28.93
194711 -40 -6.23 -28.93
191517 -40 -6.23 -28.93
190332 -40 -6.23 -28.93
195072 -40 -6.23 -28.93
192927 -40 -6.23 -28.93
192252 -40 -6.23 -28.93
195526 -40 -6.23 -28.93
193560 -40 -6.23 -28.93
193588 -40 -6.23 -28.93
193127 -40 -6.23 -28.93
185275 -40 -6.23 -28.93
188994 -40 -6.23 -28.93
193167 -40 -6.23 -28.93
194866 -40 -6.23 -28.93
194714 -40 -6.23 -28.93
190476 -40 -6.23 -28.93
190497 -40 -6.23 -28.93
190883 -40 -6.23 -28.93
195178 -40 -6.23 -28.93
189325 -40 -6.23 -28.93
193342 -40 -6.23 -28.93
195959 -40 -6.23 -28.93
189998 -40 -6.23 -28.93
191417 -40 -6.23 -28.93
194045 -40 -6.23 -28.93
192852 -40 -6.23 -28.93
197645 -40 -6.23 -28.93
196141 -40 -6.23 -28.93
191637 -40 -6.23 -28.93
243709 -40 -27.12 -25.7
248001 -40 -27.12 -25.7
241705 -40 -27.12 -25.7
245703 -40 -27.12 -25.7
240578 -40 -27.12 -25.7
242970 -40 -27.12 -25.7
245311 -40 -27.12 -25.7
245504 -40 -27.12 -25.7
245465 -40 -27.12 -25.7
245090 -40 -27.12 -25.7
243313 -40 -27.12 -25.7
243225 -40 -27.12 -25.7
247908 -40 -27.12 -25.7
242547 -40 -27.12 -25.7
241348 -40 -27.12 -25.7
244215 -40 -27.12 -25.7
244431 -40 -27.12 -25.7
241917 -40 -27.12 -25.7
243820 -40 -27.12 -25.7
247727 -40 -27.12 -25.7
242987 -40 -27.12 -25.7
243899 -40 -27.12 -25.7
246616 -40 -27.12 -25.7
248069 -40 -27.12 -25.7
244352 -40 -27.12 -25.7
244241 -40 -27.12 -25.7
241284 -40 -27.12 -25.7
245639 -40 -27.12 -25.7
242654 -40 -27.12 -25.7
244738 -40 -27.12 -25.7
243828 -40 -27.12 -25.7
250355 -40 -27.12 -25.7
244301 -40 -27.12 -25.7
247273 -40 -27.12 -25.7
244176 -40 -27.12 -25.7
244339 -40 -27.12 -25.7
247544 -40 -27.12 -25.7
244089 -40 -27.12 -25.7
243165 -40 -27.12 -25.7
137352 -40 1.54 19.31
134846 -40 1.54 19.31
133572 -40 1.54 19.31
132315 -40 1.54 19.31
135838 -40 1.54 19.31
135383 -40 1.54 19.31
138246 -40 1.54 19.31
137835 -40 1.54 19.31
132004 -40 1.54 19.31
132046 -40 1.54 19.31
134314 -40 1.54 19.31
135715 -40 1.54 19.31
137216 -40 1.54 19.31
134587 -40 1.54 19.31
136603 -40 1.54 19.31
136303 -40 1.54 19.31
128980 -40 1.54 19.31
137740 -40 1.54 19.31
136937 -40 1.54 19.31
133055 -40 1.54 19.31
135602 -40 1.54 19.31
137902 -40 1.54 19.31
133695 -40 1.54 19.31
139407 -40 1.54 19.31
134018 -40 1.54 19.31
137541 -40 1.54 19.31
136028 -40 1.54 19.31
132804 -40 1.54 19.31
140173 -40 1.54 19.31
134069 -40 1.54 19.31
132334 -40 1.54 19.31
134132 -40 1.54 19.31
140232 -40 1.54 19.31
136183 -40 1.54 19.31
132046 -40 1.54 19.31
132748 -40 1.54 19.31
134499 -40 1.54 19.31
137970 -40 1.54 19.31
139225 -40 1.54 19.31
171652 -40 -20.82 14.83
175850 -40 -20.82 14.83
177453 -40 -20.82 14.83
168728 -40 -20.82 14.83
170528 -40 -20.82 14.83
174904 -40 -20.82 14.83
174446 -40 -20.82 14.83
167739 -40 -20.82 14.83
168869 -40 -20.82 14.83
171771 -40 -20.82 14.83
173728 -40 -20.82 14.83
169237 -40 -20.82 14.83
170616 -40 -20.82 14.83
172904 -40 -20.82 14.83
175182 -40 -20.82 14.83
170023 -40 -20.82 14.83
175737 -40 -20.82 14.83
172949 -40 -20.82 14.83
171316 -40 -20.82 14.83
171111 -40 -20.82 14.83
175732 -40 -20.82 14.83
173423 -40 -20.82 14.83
163936 -40 -20.82 14.83
175113 -40 -20.82 14.83
167946 -40 -20.82 14.83
175003 -40 -20.82 14.83
172272 -40 -20.82 14.83
174729 -40 -20.82 14.83
171425 -40 -20.82 14.83
173506 -40 -20.82 14.83
169004 -40 -20.82 14.83
170832 -40 -20.82 14.83
174626 -40 -20.82 14.83
167219 -40 -20.82 14.83
174895 -40 -20.82 14.83
168068 -40 -20.82 14.83
168250 -40 -20.82 14.83
172060 -40 -20.82 14.83
170081 -40 -20.82 14.83
106384 -40 0 17.14
105904 -40 0 17.14
105145 -40 0 17.14
106219 -40 0 17.14
104911 -40 0 17.14
109536 -40 0 17.14
107113 -40 0 17.14
105393 -40 0 17.14
102867 -40 0 17.14
104367 -40 0 17.14
105082 -40 0 17.14
105132 -40 0 17.14
105411 -40 0 17.14
108713 -40 0 17.14
107649 -40 0 17.14
106254 -40 0 17.14
104671 -40 0 17.14
101225 -40 0 17.14
102199 -40 0 17.14
109686 -40 0 17.14
103527 -40 0 17.14
104893 -40 0 17.14
106454 -40 0 17.14
101776 -40 0 17.14
99966 -40 0 17.14
104545 -40 0 17.14
107032 -40 0 17.14
107306 -40 0 17.14
106661 -40 0 17.14
105313 -40 0 17.14
109845 -40 0 17.14
107816 -40 0 17.14
102850 -40 0 17.14
106389 -40 0 17.14
105773 -40 0 17.14
103760 -40 0 17.14
105041 -40 0 17.14
106463 -40 0 17.14
105606 -40 0 17.14
137872 -40 -14.64 14.66
137206 -40 -14.64 14.66
134602 -40 -14.64 14.66
134277 -40 -14.64 14.66
137590 -40 -14.64 14.66
135857 -40 -14.64 14.66
131449 -40 -14.64 14.66
131598 -40 -14.64 14.66
136758 -40 -14.64 14.66
134817 -40 -14.64 14.66
138690 -40 -14.64 14.66
130773 -40 -14.64 14.66
131938 -40 -14.64 14.66
138355 -40 -14.64 14.66
136271 -40 -14.64 14.66
142858 -40 -14.64 14.66
134532 -40 -14.64 14.66
137969 -40 -14.64 14.66
136495 -40 -14.64 14.66
135260 -40 -14.64 14.66
139918 -40 -14.64 14.66
139612 -40 -14.64 14.66
135222 -40 -14.64 14.66
135999 -40 -14.64 14.66
139589 -40 -14.64 14.66
137877 -40 -14.64 14.66
138795 -40 -14.64 14.66
139014 -40 -14.64 14.66
132975 -40 -14.64 14.66
133040 -40 -14.64 14.66
133710 -40 -14.64 14.66
136288 -40 -14.64 14.66
134589 -40 -14.64 14.66
139276 -40 -14.64 14.66
139609 -40 -14.64 14.66
138712 -40 -14.64 14.66
138633 -40 -14.64 14.66
132571 -40 -14.64 14.66
137075 -40 -14.64 14.66
96255 -40 2.59 14.5
100400 -40 2.59 14.5
98181 -40 2.59 14.5
97329 -40 2.59 14.5
96736 -40 2.59 14.5
99930 -40 2.59 14.5
100021 -40 2.59 14.5
101418 -40 2.59 14.5
96119 -40 2.59 14.5
102723 -40 2.59 14.5
99043 -40 2.59 14.5
103120 -40 2.59 14.5
102806 -40 2.59 14.5
97729 -40 2.59 14.5
96014 -40 2.59 14.5
96360 -40 2.59 14.5
100356 -40 2.59 14.5
99227 -40 2.59 14.5
94410 -40 2.59 14.5
98896 -40 2.59 14.5
96724 -40 2.59 14.5
102154 -40 2.59 14.5
99429 -40 2.59 14.5
100023 -40 2.59 14.5
102407 -40 2.59 14.5
99727 -40 2.59 14.5
99511 -40 2.59 14.5
95997 -40 2.59 14.5
97944 -40 2.59 14.5
100960 -40 2.59 14.5
99442 -40 2.59 14.5
102055 -40 2.59 14.5
99690 -40 2.59 14.5
99302 -40 2.59 14.5
97171 -40 2.59 14.5
99837 -40 2.59 14.5
103296 -40 2.59 14.5
98085 -40 2.59 14.5
98828 -40 2.59 14.5
155945 -40 2.9 24.07
155095 -40 2.9 24.07
160279 -40 2.9 24.07
156286 -40 2.9 24.07
158364 -40 2.9 24.07
159483 -40 2.9 24.07
163046 -40 2.9 24.07
161053 -40 2.9 24.07
160892 -40 2.9 24.07
162058 -40 2.9 24.07
161645 -40 2.9 24.07
159151 -40 2.9 24.07
161556 -40 2.9 24.07
160240 -40 2.9 24.07
157637 -40 2.9 24.07
156087 -40 2.9 24.07
157933 -40 2.9 24.07
156645 -40 2.9 24.07
153519 -40 2.9 24.07
165513 -40 2.9 24.07
161320 -40 2.9 24.07
160212 -40 2.9 24.07
160229 -40 2.9 24.07
156753 -40 2.9 24.07
162137 -40 2.9 24.07
160361 -40 2.9 24.07
154028 -40 2.9 24.07
162849 -40 2.9 24.07
157529 -40 2.9 24.07
154736 -40 2.9 24.07
157369 -40 2.9 24.07
159278 -40 2.9 24.07
159330 -40 2.9 24.07
161864 -40 2.9 24.07
160935 -40 2.9 24.07
163907 -40 2.9 24.07
162897 -40 2.9 24.07
158484 -40 2.9 24.07
162123 -40 2.9 24.07
167187 -40 -16.46 -19.09
165254 -40 -16.46 -19.09
167492 -40 -16.46 -19.09
165815 -40 -16.46 -19.09
167060 -40 -16.46 -19.09
165664 -40 -16.46 -19.09
165263 -40 -16.46 -19.09
165382 -40 -16.46 -19.09
173027 -40 -16.46 -19.09
165611 -40 -16.46 -19.09
162933 -40 -16.46 -19.09
166033 -40 -16.46 -19.09
168881 -40 -16.46 -19.09
161801 -40 -16.46 -19.09
166880 -40 -16.46 -19.09
160571 -40 -16.46 -19.09
166147 -40 -16.46 -19.09
171464 -40 -16.46 -19.09
169209 -40 -16.46 -19.09
167481 -40 -16.46 -19.09
168417 -40 -16.46 -19.09
168322 -40 -16.46 -19.09
165424 -40 -16.46 -19.09
167594 -40 -16.46 -19.09
167322 -40 -16.46 -19.09
161976 -40 -16.46 -19.09
168498 -40 -16.46 -19.09
165703 -40 -16.46 -19.09
168991 -40 -16.46 -19.09
166499 -40 -16.46 -19.09
163066 -40 -16.46 -19.09
161901 -40 -16.46 -19.09
167387 -40 -16.46 -19.09
167793 -40 -16.46 -19.09
167745 -40 -16.46 -19.09
168226 -40 -16.46 -19.09
165705 -40 -16.46 -19.09
167184 -40 -16.46 -19.09
165361 -40 -16.46 -19.09
