#rtt sig_str x y
121884 -40 -7.26 16.32
119800 -40 -7.26 16.32
119457 -40 -7.26 16.32
118635 -40 -7.26 16.32
117811 -40 -7.26 16.32
117277 -40 -7.26 16.32
114676 -40 -7.26 16.32
119160 -40 -7.26 16.32
119000 -40 -7.26 16.32
114096 -40 -7.26 16.32
115609 -40 -7.26 16.32
123214 -40 -7.26 16.32
117719 -40 -7.26 16.32
115018 -40 -7.26 16.32
118953 -40 -7.26 16.32
114725 -40 -7.26 16.32
114269 -40 -7.26 16.32
114573 -40 -7.26 16.32
116214 -40 -7.26 16.32
122043 -40 -7.26 16.32
116096 -40 -7.26 16.32
116618 -40 -7.26 16.32
119041 -40 -7.26 16.32
115777 -40 -7.26 16.32
113367 -40 -7.26 16.32
119782 -40 -7.26 16.32
117937 -40 -7.26 16.32
119899 -40 -7.26 16.32
119471 -40 -7.26 16.32
117012 -40 -7.26 16.32
116975 -40 -7.26 16.32
118396 -40 -7.26 16.32
116131 -40 -7.26 16.32
120869 -40 -7.26 16.32
113425 -40 -7.26 16.32
116742 -40 -7.26 16.32
123021 -40 -7.26 16.32
115331 -40 -7.26 16.32
120280 -40 -7.26 16.32
34769 -40 4.03 3.11
35829 -40 4.03 3.11
31526 -40 4.03 3.11
31162 -40 4.03 3.11
37008 -40 4.03 3.11
30681 -40 4.03 3.11
31427 -40 4.03 3.11
32880 -40 4.03 3.11
36068 -40 4.03 3.11
34470 -40 4.03 3.11
32721 -40 4.03 3.11
32979 -40 4.03 3.11
31841 -40 4.03 3.11
36973 -40 4.03 3.11
33649 -40 4.03 3.11
32492 -40 4.03 3.11
34139 -40 4.03 3.11
33491 -40 4.03 3.11
32885 -40 4.03 3.11
36988 -40 4.03 3.11
34634 -40 4.03 3.11
33182 -40 4.03 3.11
32548 -40 4.03 3.11
36988 -40 4.03 3.11
28562 -40 4.03 3.11
34095 -40 4.03 3.11
33910 -40 4.03 3.11
31306 -40 4.03 3.11
36121 -40 4.03 3.11
26915 -40 4.03 3.11
33937 -40 4.03 3.11
32315 -40 4.03 3.11
36274 -40 4.03 3.11
34103 -40 4.03 3.11
34693 -40 4.03 3.11
35593 -40 4.03 3.11
32618 -40 4.03 3.11
35652 -40 4.03 3.11
32703 -40 4.03 3.11
153234 -40 5.74 21.76
146881 -40 5.74 21.76
151678 -40 5.74 21.76
149098 -40 5.74 21.76
148474 -40 5.74 21.76
148830 -40 5.74 21.76
144777 -40 5.74 21.76
149336 -40 5.74 21.76
152146 -40 5.74 21.76
148396 -40 5.74 21.76
147757 -40 5.74 21.76
149061 -40 5.74 21.76
152974 -40 5.74 21.76
149508 -40 5.74 21.76
148121 -40 5.74 21.76
150337 -40 5.74 21.76
147173 -40 5.74 21.76
147707 -40 5.74 21.76
150555 -40 5.74 21.76
151445 -40 5.74 21.76
151065 -40 5.74 21.76
150831 -40 5.74 21.76
143045 -40 5.74 21.76
150788 -40 5.74 21.76
150306 -40 5.74 21.76
147622 -40 5.74 21.76
149240 -40 5.74 21.76
151032 -40 5.74 21.76
144794 -40 5.74 21.76
148441 -40 5.74 21.76
151807 -40 5.74 21.76
146234 -40 5.74 21.76
152730 -40 5.74 21.76
148397 -40 5.74 21.76
147881 -40 5.74 21.76
149750 -40 5.74 21.76
147395 -40 5.74 21.76
151957 -40 5.74 21.76
150732 -40 5.74 21.76
68834 -40 -3.01 -10.5
74914 -40 -3.01 -10.5
69356 -40 -3.01 -10.5
69724 -40 -3.01 -10.5
70451 -40 -3.01 -10.5
70992 -40 -3.01 -10.5
69040 -40 -3.01 -10.5
69615 -40 -3.01 -10.5
68696 -40 -3.01 -10.5
74221 -40 -3.01 -10.5
72660 -40 -3.01 -10.5
71829 -40 -3.01 -10.5
68501 -40 -3.01 -10.5
73886 -40 -3.01 -10.5
64976 -40 -3.01 -10.5
71293 -40 -3.01 -10.5
70888 -40 -3.01 -10.5
68390 -40 -3.01 -10.5
70595 -40 -3.01 -10.5
74181 -40 -3.01 -10.5
66425 -40 -3.01 -10.5
72012 -40 -3.01 -10.5
67148 -40 -3.01 -10.5
74645 -40 -3.01 -10.5
69657 -40 -3.01 -10.5
68024 -40 -3.01 -10.5
66348 -40 -3.01 -10.5
75432 -40 -3.01 -10.5
70670 -40 -3.01 -10.5
72440 -40 -3.01 -10.5
68910 -40 -3.01 -10.5
70383 -40 -3.01 -10.5
73085 -40 -3.01 -10.5
69142 -40 -3.01 -10.5
72456 -40 -3.01 -10.5
71888 -40 -3.01 -10.5
69877 -40 -3.01 -10.5
72778 -40 -3.01 -10.5
67847 -40 -3.01 -10.5
51601 -40 -2.58 6.93
48993 -40 -2.58 6.93
50384 -40 -2.58 6.93
46137 -40 -2.58 6.93
46557 -40 -2.58 6.93
47398 -40 -2.58 6.93
49465 -40 -2.58 6.93
48590 -40 -2.58 6.93
49394 -40 -2.58 6.93
46373 -40 -2.58 6.93
47356 -40 -2.58 6.93
50518 -40 -2.58 6.93
46428 -40 -2.58 6.93
47360 -40 -2.58 6.93
47624 -40 -2.58 6.93
46668 -40 -2.58 6.93
51955 -40 -2.58 6.93
52173 -40 -2.58 6.93
47483 -40 -2.58 6.93
45605 -40 -2.58 6.93
48717 -40 -2.58 6.93
46402 -40 -2.58 6.93
55817 -40 -2.58 6.93
48773 -40 -2.58 6.93
49724 -40 -2.58 6.93
47762 -40 -2.58 6.93
47611 -40 -2.58 6.93
48420 -40 -2.58 6.93
45787 -40 -2.58 6.93
46685 -40 -2.58 6.93
53108 -40 -2.58 6.93
54243 -40 -2.58 6.93
50504 -40 -2.58 6.93
46883 -40 -2.58 6.93
46692 -40 -2.58 6.93
49360 -40 -2.58 6.93
51260 -40 -2.58 6.93
50327 -40 -2.58 6.93
51356 -40 -2.58 6.93
156952 -40 -11.3 21.83
154139 -40 -11.3 21.83
155707 -40 -11.3 21.83
156344 -40 -11.3 21.83
150148 -40 -11.3 21.83
154085 -40 -11.3 21.83
156641 -40 -11.3 21.83
155543 -40 -11.3 21.83
159012 -40 -11.3 21.83
154204 -40 -11.3 21.83
158623 -40 -11.3 21.83
160606 -40 -11.3 21.83
154734 -40 -11.3 21.83
154640 -40 -11.3 21.83
155185 -40 -11.3 21.83
153366 -40 -11.3 21.83
154493 -40 -11.3 21.83
154839 -40 -11.3 21.83
155494 -40 -11.3 21.83
150785 -40 -11.3 21.83
154769 -40 -11.3 21.83
155184 -40 -11.3 21.83
156578 -40 -11.3 21.83
155434 -40 -11.3 21.83
154424 -40 -11.3 21.83
155157 -40 -11.3 21.83
158036 -40 -11.3 21.83
159292 -40 -11.3 21.83
159588 -40 -11.3 21.83
149929 -40 -11.3 21.83
153509 -40 -11.3 21.83
158631 -40 -11.3 21.83
159103 -40 -11.3 21.83
154996 -40 -11.3 21.83
151513 -40 -11.3 21.83
156139 -40 -11.3 21.83
153129 -40 -11.3 21.83
150409 -40 -11.3 21.83
158952 -40 -11.3 21.83
118206 -40 -11.2 13.05
116811 -40 -11.2 13.05
118359 -40 -11.2 13.05
111956 -40 -11.2 13.05
114756 -40 -11.2 13.05
118718 -40 -11.2 13.05
115452 -40 -11.2 13.05
116196 -40 -11.2 13.05
115163 -40 -11.2 13.05
116936 -40 -11.2 13.05
117777 -40 -11.2 13.05
117045 -40 -11.2 13.05
115064 -40 -11.2 13.05
118079 -40 -11.2 13.05
115210 -40 -11.2 13.05
121207 -40 -11.2 13.05
116859 -40 -11.2 13.05
117349 -40 -11.2 13.05
120037 -40 -11.2 13.05
114391 -40 -11.2 13.05
121100 -40 -11.2 13.05
119980 -40 -11.2 13.05
116214 -40 -11.2 13.05
116355 -40 -11.2 13.05
119071 -40 -11.2 13.05
118253 -40 -11.2 13.05
111931 -40 -11.2 13.05
116790 -40 -11.2 13.05
119686 -40 -11.2 13.05
112716 -40 -11.2 13.05
115941 -40 -11.2 13.05
117229 -40 -11.2 13.05
117949 -40 -11.2 13.05
120471 -40 -11.2 13.05
117896 -40 -11.2 13.05
114386 -40 -11.2 13.05
114833 -40 -11.2 13.05
121081 -40 -11.2 13.05
119439 -40 -11.2 13.05
202143 -40 -12.31 26.1
201766 -40 -12.31 26.1
201123 -40 -12.31 26.1
202740 -40 -12.31 26.1
199505 -40 -12.31 26.1
203416 -40 -12.31 26.1
201783 -40 -12.31 26.1
202039 -40 -12.31 26.1
200422 -40 -12.31 26.1
196155 -40 -12.31 26.1
201407 -40 -12.31 26.1
200680 -40 -12.31 26.1
200477 -40 -12.31 26.1
200588 -40 -12.31 26.1
203388 -40 -12.31 26.1
205116 -40 -12.31 26.1
198671 -40 -12.31 26.1
203929 -40 -12.31 26.1
199317 -40 -12.31 26.1
201104 -40 -12.31 26.1
204697 -40 -12.31 26.1
199130 -40 -12.31 26.1
202674 -40 -12.31 26.1
199153 -40 -12.31 26.1
200016 -40 -12.31 26.1
199411 -40 -12.31 26.1
202206 -40 -12.31 26.1
204370 -40 -12.31 26.1
202084 -40 -12.31 26.1
208762 -40 -12.31 26.1
202608 -40 -12.31 26.1
205073 -40 -12.31 26.1
197941 -40 -12.31 26.1
201204 -40 -12.31 26.1
197050 -40 -12.31 26.1
195777 -40 -12.31 26.1
201534 -40 -12.31 26.1
200204 -40 -12.31 26.1
201377 -40 -12.31 26.1
129962 -40 1.85 19.92
129538 -40 1.85 19.92
132193 -40 1.85 19.92
130322 -40 1.85 19.92
138531 -40 1.85 19.92
131701 -40 1.85 19.92
129075 -40 1.85 19.92
130151 -40 1.85 19.92
133262 -40 1.85 19.92
134283 -40 1.85 19.92
131272 -40 1.85 19.92
132140 -40 1.85 19.92
134666 -40 1.85 19.92
134579 -40 1.85 19.92
137786 -40 1.85 19.92
134576 -40 1.85 19.92
132393 -40 1.85 19.92
133679 -40 1.85 19.92
133093 -40 1.85 19.92
131507 -40 1.85 19.92
130600 -40 1.85 19.92
133152 -40 1.85 19.92
132959 -40 1.85 19.92
135894 -40 1.85 19.92
133387 -40 1.85 19.92
136131 -40 1.85 19.92
133951 -40 1.85 19.92
130825 -40 1.85 19.92
133235 -40 1.85 19.92
133912 -40 1.85 19.92
132253 -40 1.85 19.92
133612 -40 1.85 19.92
131548 -40 1.85 19.92
132749 -40 1.85 19.92
133340 -40 1.85 19.92
136276 -40 1.85 19.92
135409 -40 1.85 19.92
134847 -40 1.85 19.92
133188 -40 1.85 19.92
44828 -40 -6.23 1.36
44828 -40 -6.23 1.36
48407 -40 -6.23 1.36
45050 -40 -6.23 1.36
46999 -40 -6.23 1.36
46283 -40 -6.23 1.36
44731 -40 -6.23 1.36
46883 -40 -6.23 1.36
47955 -40 -6.23 1.36
44625 -40 -6.23 1.36
45114 -40 -6.23 1.36
44213 -40 -6.23 1.36
43261 -40 -6.23 1.36
49426 -40 -6.23 1.36
45007 -40 -6.23 1.36
43120 -40 -6.23 1.36
45654 -40 -6.23 1.36
42108 -40 -6.23 1.36
48122 -40 -6.23 1.36
40765 -40 -6.23 1.36
43788 -40 -6.23 1.36
45553 -40 -6.23 1.36
41767 -40 -6.23 1.36
50076 -40 -6.23 1.36
49479 -40 -6.23 1.36
46754 -40 -6.23 1.36
43981 -40 -6.23 1.36
43554 -40 -6.23 1.36
44413 -40 -6.23 1.36
48032 -40 -6.23 1.36
42838 -40 -6.23 1.36
45465 -40 -6.23 1.36
44259 -40 -6.23 1.36
51799 -40 -6.23 1.36
51592 -40 -6.23 1.36
47560 -40 -6.23 1.36
43940 -40 -6.23 1.36
47918 -40 -6.23 1.36
42034 -40 -6.23 1.36
