#rtt sig_str x y
180009 -40 -16.88 22.16
186034 -40 -16.88 22.16
181937 -40 -16.88 22.16
183220 -40 -16.88 22.16
183074 -40 -16.88 22.16
188810 -40 -16.88 22.16
185341 -40 -16.88 22.16
186544 -40 -16.88 22.16
181064 -40 -16.88 22.16
185528 -40 -16.88 22.16
181793 -40 -16.88 22.16
178213 -40 -16.88 22.16
182800 -40 -16.88 22.16
182638 -40 -16.88 22.16
188391 -40 -16.88 22.16
183220 -40 -16.88 22.16
180724 -40 -16.88 22.16
186157 -40 -16.88 22.16
183402 -40 -16.88 22.16
183663 -40 -16.88 22.16
187254 -40 -16.88 22.16
184517 -40 -16.88 22.16
187605 -40 -16.88 22.16
180952 -40 -16.88 22.16
185163 -40 -16.88 22.16
185219 -40 -16.88 22.16
185912 -40 -16.88 22.16
187225 -40 -16.88 22.16
185918 -40 -16.88 22.16
185256 -40 -16.88 22.16
188990 -40 -16.88 22.16
183677 -40 -16.88 22.16
185988 -40 -16.88 22.16
181465 -40 -16.88 22.16
183920 -40 -16.88 22.16
180433 -40 -16.88 22.16
182411 -40 -16.88 22.16
187592 -40 -16.88 22.16
181971 -40 -16.88 22.16
195754 -40 -28.12 9.88
194388 -40 -28.12 9.88
196318 -40 -28.12 9.88
198839 -40 -28.12 9.88
202922 -40 -28.12 9.88
196104 -40 -28.12 9.88
196850 -40 -28.12 9.88
195582 -40 -28.12 9.88
196325 -40 -28.12 9.88
200553 -40 -28.12 9.88
198272 -40 -28.12 9.88
192841 -40 -28.12 9.88
198298 -40 -28.12 9.88
199724 -40 -28.12 9.88
201406 -40 -28.12 9.88
201310 -40 -28.12 9.88
197809 -40 -28.12 9.88
199173 -40 -28.12 9.88
193646 -40 -28.12 9.88
193470 -40 -28.12 9.88
199293 -40 -28.12 9.88
196296 -40 -28.12 9.88
195888 -40 -28.12 9.88
199164 -40 -28.12 9.88
194403 -40 -28.12 9.88
194774 -40 -28.12 9.88
198131 -40 -28.12 9.88
199985 -40 -28.12 9.88
195671 -40 -28.12 9.88
195288 -40 -28.12 9.88
197078 -40 -28.12 9.88
195905 -40 -28.12 9.88
197702 -40 -28.12 9.88
197893 -40 -28.12 9.88
196570 -40 -28.12 9.88
196482 -40 -28.12 9.88
197096 -40 -28.12 9.88
197007 -40 -28.12 9.88
198861 -40 -28.12 9.88
103631 -40 -12.77 -7.45
108799 -40 -12.77 -7.45
106008 -40 -12.77 -7.45
106242 -40 -12.77 -7.45
105039 -40 -12.77 -7.45
107402 -40 -12.77 -7.45
105548 -40 -12.77 -7.45
106040 -40 -12.77 -7.45
109258 -40 -12.77 -7.45
109444 -40 -12.77 -7.45
105598 -40 -12.77 -7.45
105846 -40 -12.77 -7.45
107580 -40 -12.77 -7.45
102380 -40 -12.77 -7.45
106827 -40 -12.77 -7.45
105599 -40 -12.77 -7.45
106323 -40 -12.77 -7.45
103843 -40 -12.77 -7.45
103533 -40 -12.77 -7.45
101438 -40 -12.77 -7.45
107427 -40 -12.77 -7.45
108641 -40 -12.77 -7.45
106104 -40 -12.77 -7.45
105678 -40 -12.77 -7.45
105876 -40 -12.77 -7.45
99068 -40 -12.77 -7.45
107101 -40 -12.77 -7.45
103714 -40 -12.77 -7.45
106495 -40 -12.77 -7.45
107837 -40 -12.77 -7.45
105153 -40 -12.77 -7.45
107463 -40 -12.77 -7.45
106175 -40 -12.77 -7.45
105109 -40 -12.77 -7.45
106321 -40 -12.77 -7.45
106639 -40 -12.77 -7.45
104626 -40 -12.77 -7.45
107015 -40 -12.77 -7.45
103526 -40 -12.77 -7.45
141409 -40 -19.64 -4.8
144794 -40 -19.64 -4.8
140348 -40 -19.64 -4.8
147733 -40 -19.64 -4.8
143589 -40 -19.64 -4.8
141945 -40 -19.64 -4.8
139323 -40 -19.64 -4.8
138126 -40 -19.64 -4.8
143108 -40 -19.64 -4.8
139928 -40 -19.64 -4.8
141706 -40 -19.64 -4.8
143159 -40 -19.64 -4.8
145560 -40 -19.64 -4.8
143834 -40 -19.64 -4.8
142727 -40 -19.64 -4.8
139270 -40 -19.64 -4.8
145163 -40 -19.64 -4.8
143734 -40 -19.64 -4.8
142078 -40 -19.64 -4.8
144174 -40 -19.64 -4.8
144752 -40 -19.64 -4.8
140195 -40 -19.64 -4.8
139627 -40 -19.64 -4.8
140127 -40 -19.64 -4.8
145869 -40 -19.64 -4.8
141742 -40 -19.64 -4.8
138098 -40 -19.64 -4.8
147121 -40 -19.64 -4.8
141972 -40 -19.64 -4.8
141906 -40 -19.64 -4.8
140557 -40 -19.64 -4.8
144365 -40 -19.64 -4.8
139752 -40 -19.64 -4.8
142842 -40 -19.64 -4.8
139210 -40 -19.64 -4.8
144552 -40 -19.64 -4.8
145373 -40 -19.64 -4.8
142327 -40 -19.64 -4.8
144538 -40 -19.64 -4.8
88038 -40 -11.8 4.22
91635 -40 -11.8 4.22
89987 -40 -11.8 4.22
89408 -40 -11.8 4.22
88857 -40 -11.8 4.22
88043 -40 -11.8 4.22
88638 -40 -11.8 4.22
89657 -40 -11.8 4.22
95515 -40 -11.8 4.22
90794 -40 -11.8 4.22
90257 -40 -11.8 4.22
91365 -40 -11.8 4.22
89930 -40 -11.8 4.22
88008 -40 -11.8 4.22
83653 -40 -11.8 4.22
89173 -40 -11.8 4.22
89488 -40 -11.8 4.22
86101 -40 -11.8 4.22
86731 -40 -11.8 4.22
88193 -40 -11.8 4.22
87913 -40 -11.8 4.22
91918 -40 -11.8 4.22
88219 -40 -11.8 4.22
89479 -40 -11.8 4.22
91048 -40 -11.8 4.22
87506 -40 -11.8 4.22
89931 -40 -11.8 4.22
85177 -40 -11.8 4.22
88692 -40 -11.8 4.22
89980 -40 -11.8 4.22
87240 -40 -11.8 4.22
90385 -40 -11.8 4.22
88785 -40 -11.8 4.22
90636 -40 -11.8 4.22
86772 -40 -11.8 4.22
90987 -40 -11.8 4.22
83360 -40 -11.8 4.22
88116 -40 -11.8 4.22
90377 -40 -11.8 4.22
151939 -40 -20.23 8.52
154407 -40 -20.23 8.52
152236 -40 -20.23 8.52
148870 -40 -20.23 8.52
155399 -40 -20.23 8.52
145693 -40 -20.23 8.52
153690 -40 -20.23 8.52
151267 -40 -20.23 8.52
150162 -40 -20.23 8.52
150144 -40 -20.23 8.52
152977 -40 -20.23 8.52
152707 -40 -20.23 8.52
151211 -40 -20.23 8.52
151326 -40 -20.23 8.52
147360 -40 -20.23 8.52
150881 -40 -20.23 8.52
154039 -40 -20.23 8.52
151557 -40 -20.23 8.52
153294 -40 -20.23 8.52
148324 -40 -20.23 8.52
148866 -40 -20.23 8.52
149225 -40 -20.23 8.52
149154 -40 -20.23 8.52
150650 -40 -20.23 8.52
151427 -40 -20.23 8.52
148686 -40 -20.23 8.52
156116 -40 -20.23 8.52
151754 -40 -20.23 8.52
152330 -40 -20.23 8.52
156437 -40 -20.23 8.52
151492 -40 -20.23 8.52
151453 -40 -20.23 8.52
153687 -40 -20.23 8.52
151559 -40 -20.23 8.52
146645 -40 -20.23 8.52
151183 -40 -20.23 8.52
150268 -40 -20.23 8.52
153027 -40 -20.23 8.52
152088 -40 -20.23 8.52
167088 -40 11.96 -22.96
170728 -40 11.96 -22.96
167531 -40 11.96 -22.96
167994 -40 11.96 -22.96
170402 -40 11.96 -22.96
164147 -40 11.96 -22.96
166743 -40 11.96 -22.96
165368 -40 11.96 -22.96
174054 -40 11.96 -22.96
166584 -40 11.96 -22.96
170211 -40 11.96 -22.96
166540 -40 11.96 -22.96
169841 -40 11.96 -22.96
166754 -40 11.96 -22.96
165057 -40 11.96 -22.96
169189 -40 11.96 -22.96
166859 -40 11.96 -22.96
169567 -40 11.96 -22.96
167119 -40 11.96 -22.96
166977 -40 11.96 -22.96
168890 -40 11.96 -22.96
168757 -40 11.96 -22.96
167170 -40 11.96 -22.96
165466 -40 11.96 -22.96
167396 -40 11.96 -22.96
165084 -40 11.96 -22.96
170300 -40 11.96 -22.96
168769 -40 11.96 -22.96
168314 -40 11.96 -22.96
169887 -40 11.96 -22.96
166879 -40 11.96 -22.96
167430 -40 11.96 -22.96
169134 -40 11.96 -22.96
164788 -40 11.96 -22.96
167626 -40 11.96 -22.96
169474 -40 11.96 -22.96
168937 -40 11.96 -22.96
170058 -40 11.96 -22.96
165060 -40 11.96 -22.96
209762 -40 16.29 27.24
207869 -40 16.29 27.24
215572 -40 16.29 27.24
209957 -40 16.29 27.24
211956 -40 16.29 27.24
213108 -40 16.29 27.24
208030 -40 16.29 27.24
208387 -40 16.29 27.24
209715 -40 16.29 27.24
208156 -40 16.29 27.24
213510 -40 16.29 27.24
212642 -40 16.29 27.24
210581 -40 16.29 27.24
214700 -40 16.29 27.24
210549 -40 16.29 27.24
211296 -40 16.29 27.24
209973 -40 16.29 27.24
209809 -40 16.29 27.24
208756 -40 16.29 27.24
210933 -40 16.29 27.24
210787 -40 16.29 27.24
211307 -40 16.29 27.24
208175 -40 16.29 27.24
213859 -40 16.29 27.24
214321 -40 16.29 27.24
214660 -40 16.29 27.24
213541 -40 16.29 27.24
217193 -40 16.29 27.24
211405 -40 16.29 27.24
208241 -40 16.29 27.24
213862 -40 16.29 27.24
214417 -40 16.29 27.24
209327 -40 16.29 27.24
212969 -40 16.29 27.24
209688 -40 16.29 27.24
209091 -40 16.29 27.24
209799 -40 16.29 27.24
207670 -40 16.29 27.24
211593 -40 16.29 27.24
16250 -40 0.87 -2.55
15605 -40 0.87 -2.55
10962 -40 0.87 -2.55
16591 -40 0.87 -2.55
16974 -40 0.87 -2.55
20396 -40 0.87 -2.55
13953 -40 0.87 -2.55
18453 -40 0.87 -2.55
14090 -40 0.87 -2.55
16734 -40 0.87 -2.55
15936 -40 0.87 -2.55
13478 -40 0.87 -2.55
12817 -40 0.87 -2.55
18619 -40 0.87 -2.55
9770 -40 0.87 -2.55
17599 -40 0.87 -2.55
14710 -40 0.87 -2.55
13803 -40 0.87 -2.55
13490 -40 0.87 -2.55
15629 -40 0.87 -2.55
17469 -40 0.87 -2.55
20248 -40 0.87 -2.55
10867 -40 0.87 -2.55
17966 -40 0.87 -2.55
16796 -40 0.87 -2.55
17051 -40 0.87 -2.55
18877 -40 0.87 -2.55
14851 -40 0.87 -2.55
13762 -40 0.87 -2.55
14719 -40 0.87 -2.55
11909 -40 0.87 -2.55
18195 -40 0.87 -2.55
22141 -40 0.87 -2.55
12218 -40 0.87 -2.55
14710 -40 0.87 -2.55
19829 -40 0.87 -2.55
13746 -40 0.87 -2.55
18418 -40 0.87 -2.55
17139 -40 0.87 -2.55
150786 -40 -15.85 16.2
148233 -40 -15.85 16.2
152624 -40 -15.85 16.2
150460 -40 -15.85 16.2
151005 -40 -15.85 16.2
151849 -40 -15.85 16.2
147738 -40 -15.85 16.2
149268 -40 -15.85 16.2
149295 -40 -15.85 16.2
147083 -40 -15.85 16.2
150958 -40 -15.85 16.2
151757 -40 -15.85 16.2
151993 -40 -15.85 16.2
152444 -40 -15.85 16.2
149773 -40 -15.85 16.2
152531 -40 -15.85 16.2
150909 -40 -15.85 16.2
151073 -40 -15.85 16.2
152060 -40 -15.85 16.2
153593 -40 -15.85 16.2
153417 -40 -15.85 16.2
155724 -40 -15.85 16.2
149682 -40 -15.85 16.2
155115 -40 -15.85 16.2
152178 -40 -15.85 16.2
148233 -40 -15.85 16.2
148872 -40 -15.85 16.2
150207 -40 -15.85 16.2
151615 -40 -15.85 16.2
151302 -40 -15.85 16.2
150781 -40 -15.85 16.2
154999 -40 -15.85 16.2
149545 -40 -15.85 16.2
148789 -40 -15.85 16.2
152503 -40 -15.85 16.2
155893 -40 -15.85 16.2
154754 -40 -15.85 16.2
152618 -40 -15.85 16.2
153723 -40 -15.85 16.2
