#rtt sig_str x y
182057 -40 -20.75 -18.28
186962 -40 -20.75 -18.28
181846 -40 -20.75 -18.28
185931 -40 -20.75 -18.28
188625 -40 -20.75 -18.28
180164 -40 -20.75 -18.28
184778 -40 -20.75 -18.28
184370 -40 -20.75 -18.28
178568 -40 -20.75 -18.28
184987 -40 -20.75 -18.28
183972 -40 -20.75 -18.28
185322 -40 -20.75 -18.28
185242 -40 -20.75 -18.28
183076 -40 -20.75 -18.28
184553 -40 -20.75 -18.28
181043 -40 -20.75 -18.28
181594 -40 -20.75 -18.28
183032 -40 -20.75 -18.28
190049 -40 -20.75 -18.28
176985 -40 -20.75 -18.28
184244 -40 -20.75 -18.28
182700 -40 -20.75 -18.28
180844 -40 -20.75 -18.28
180248 -40 -20.75 -18.28
189221 -40 -20.75 -18.28
184836 -40 -20.75 -18.28
187376 -40 -20.75 -18.28
186930 -40 -20.75 -18.28
189508 -40 -20.75 -18.28
180946 -40 -20.75 -18.28
182439 -40 -20.75 -18.28
185153 -40 -20.75 -18.28
187487 -40 -20.75 -18.28
185340 -40 -20.75 -18.28
179235 -40 -20.75 -18.28
184465 -40 -20.75 -18.28
185442 -40 -20.75 -18.28
181842 -40 -20.75 -18.28
185458 -40 -20.75 -18.28
173450 -40 -21.98 -13.7
170458 -40 -21.98 -13.7
169550 -40 -21.98 -13.7
175709 -40 -21.98 -13.7
169840 -40 -21.98 -13.7
174867 -40 -21.98 -13.7
170149 -40 -21.98 -13.7
176890 -40 -21.98 -13.7
171858 -40 -21.98 -13.7
177647 -40 -21.98 -13.7
168440 -40 -21.98 -13.7
166782 -40 -21.98 -13.7
174924 -40 -21.98 -13.7
173759 -40 -21.98 -13.7
167927 -40 -21.98 -13.7
174847 -40 -21.98 -13.7
173081 -40 -21.98 -13.7
173465 -40 -21.98 -13.7
175540 -40 -21.98 -13.7
174280 -40 -21.98 -13.7
169215 -40 -21.98 -13.7
171604 -40 -21.98 -13.7
169099 -40 -21.98 -13.7
169435 -40 -21.98 -13.7
168158 -40 -21.98 -13.7
173019 -40 -21.98 -13.7
171711 -40 -21.98 -13.7
167621 -40 -21.98 -13.7
172384 -40 -21.98 -13.7
171450 -40 -21.98 -13.7
169922 -40 -21.98 -13.7
177112 -40 -21.98 -13.7
167922 -40 -21.98 -13.7
172934 -40 -21.98 -13.7
172881 -40 -21.98 -13.7
172408 -40 -21.98 -13.7
171125 -40 -21.98 -13.7
170085 -40 -21.98 -13.7
167927 -40 -21.98 -13.7
111651 -40 -8.24 -15.07
109511 -40 -8.24 -15.07
108478 -40 -8.24 -15.07
110238 -40 -8.24 -15.07
109262 -40 -8.24 -15.07
111272 -40 -8.24 -15.07
106207 -40 -8.24 -15.07
109523 -40 -8.24 -15.07
108676 -40 -8.24 -15.07
108812 -40 -8.24 -15.07
106797 -40 -8.24 -15.07
107791 -40 -8.24 -15.07
109845 -40 -8.24 -15.07
105979 -40 -8.24 -15.07
111198 -40 -8.24 -15.07
109781 -40 -8.24 -15.07
113302 -40 -8.24 -15.07
110431 -40 -8.24 -15.07
109948 -40 -8.24 -15.07
108779 -40 -8.24 -15.07
112752 -40 -8.24 -15.07
109642 -40 -8.24 -15.07
107262 -40 -8.24 -15.07
111019 -40 -8.24 -15.07
112652 -40 -8.24 -15.07
111687 -40 -8.24 -15.07
110915 -40 -8.24 -15.07
105551 -40 -8.24 -15.07
106201 -40 -8.24 -15.07
110335 -40 -8.24 -15.07
109330 -40 -8.24 -15.07
110949 -40 -8.24 -15.07
111798 -40 -8.24 -15.07
108324 -40 -8.24 -15.07
109664 -40 -8.24 -15.07
106236 -40 -8.24 -15.07
109451 -40 -8.24 -15.07
111312 -40 -8.24 -15.07
108437 -40 -8.24 -15.07
101298 -40 10.75 -10.38
102136 -40 10.75 -10.38
103867 -40 10.75 -10.38
101596 -40 10.75 -10.38
101007 -40 10.75 -10.38
104340 -40 10.75 -10.38
100395 -40 10.75 -10.38
103213 -40 10.75 -10.38
102221 -40 10.75 -10.38
103565 -40 10.75 -10.38
104003 -40 10.75 -10.38
104287 -40 10.75 -10.38
100751 -40 10.75 -10.38
98628 -40 10.75 -10.38
105830 -40 10.75 -10.38
100531 -40 10.75 -10.38
97938 -40 10.75 -10.38
101672 -40 10.75 -10.38
102319 -40 10.75 -10.38
103761 -40 10.75 -10.38
105218 -40 10.75 -10.38
102231 -40 10.75 -10.38
99424 -40 10.75 -10.38
100935 -40 10.75 -10.38
102606 -40 10.75 -10.38
103290 -40 10.75 -10.38
98085 -40 10.75 -10.38
102768 -40 10.75 -10.38
103713 -40 10.75 -10.38
98864 -40 10.75 -10.38
102622 -40 10.75 -10.38
101974 -40 10.75 -10.38
101909 -40 10.75 -10.38
95315 -40 10.75 -10.38
100112 -40 10.75 -10.38
100405 -40 10.75 -10.38
102808 -40 10.75 -10.38
101958 -40 10.75 -10.38
99396 -40 10.75 -10.38
194247 -40 -18.34 24.29
195017 -40 -18.34 24.29
195658 -40 -18.34 24.29
193413 -40 -18.34 24.29
198645 -40 -18.34 24.29
196961 -40 -18.34 24.29
200208 -40 -18.34 24.29
197113 -40 -18.34 24.29
193508 -40 -18.34 24.29
198719 -40 -18.34 24.29
195243 -40 -18.34 24.29
197325 -40 -18.34 24.29
195848 -40 -18.34 24.29
198553 -40 -18.34 24.29
194601 -40 -18.34 24.29
194577 -40 -18.34 24.29
193533 -40 -18.34 24.29
198381 -40 -18.34 24.29
202176 -40 -18.34 24.29
191935 -40 -18.34 24.29
199169 -40 -18.34 24.29
198174 -40 -18.34 24.29
195000 -40 -18.34 24.29
197496 -40 -18.34 24.29
195453 -40 -18.34 24.29
195313 -40 -18.34 24.29
192937 -40 -18.34 24.29
195303 -40 -18.34 24.29
199136 -40 -18.34 24.29
195498 -40 -18.34 24.29
198108 -40 -18.34 24.29
195605 -40 -18.34 24.29
197668 -40 -18.34 24.29
197496 -40 -18.34 24.29
195447 -40 -18.34 24.29
197250 -40 -18.34 24.29
197842 -40 -18.34 24.29
196081 -40 -18.34 24.29
198240 -40 -18.34 24.29
201942 -40 -14.93 25.3
195312 -40 -14.93 25.3
201737 -40 -14.93 25.3
199045 -40 -14.93 25.3
197869 -40 -14.93 25.3
201275 -40 -14.93 25.3
204143 -40 -14.93 25.3
194977 -40 -14.93 25.3
200296 -40 -14.93 25.3
198173 -40 -14.93 25.3
201204 -40 -14.93 25.3
196274 -40 -14.93 25.3
200671 -40 -14.93 25.3
198034 -40 -14.93 25.3
200538 -40 -14.93 25.3
196699 -40 -14.93 25.3
201675 -40 -14.93 25.3
199908 -40 -14.93 25.3
197057 -40 -14.93 25.3
199628 -40 -14.93 25.3
203164 -40 -14.93 25.3
201688 -40 -14.93 25.3
196619 -40 -14.93 25.3
197511 -40 -14.93 25.3
201793 -40 -14.93 25.3
200850 -40 -14.93 25.3
199387 -40 -14.93 25.3
199113 -40 -14.93 25.3
198603 -40 -14.93 25.3
198910 -40 -14.93 25.3
199720 -40 -14.93 25.3
196281 -40 -14.93 25.3
199675 -40 -14.93 25.3
198292 -40 -14.93 25.3
197168 -40 -14.93 25.3
199734 -40 -14.93 25.3
195789 -40 -14.93 25.3
195527 -40 -14.93 25.3
198090 -40 -14.93 25.3
208722 -40 15.51 27
203913 -40 15.51 27
204647 -40 15.51 27
206003 -40 15.51 27
204595 -40 15.51 27
207287 -40 15.51 27
203905 -40 15.51 27
207133 -40 15.51 27
202439 -40 15.51 27
206329 -40 15.51 27
208395 -40 15.51 27
205162 -40 15.51 27
206224 -40 15.51 27
210280 -40 15.51 27
204375 -40 15.51 27
203929 -40 15.51 27
204219 -40 15.51 27
204247 -40 15.51 27
206314 -40 15.51 27
208312 -40 15.51 27
200153 -40 15.51 27
206122 -40 15.51 27
204288 -40 15.51 27
207461 -40 15.51 27
206407 -40 15.51 27
210282 -40 15.51 27
207091 -40 15.51 27
205556 -40 15.51 27
203054 -40 15.51 27
209143 -40 15.51 27
202807 -40 15.51 27
204105 -40 15.51 27
202712 -40 15.51 27
207068 -40 15.51 27
206623 -40 15.51 27
203588 -40 15.51 27
211417 -40 15.51 27
206464 -40 15.51 27
204796 -40 15.51 27
128358 -40 3.46 -19.11
128234 -40 3.46 -19.11
125999 -40 3.46 -19.11
124409 -40 3.46 -19.11
122652 -40 3.46 -19.11
126646 -40 3.46 -19.11
122174 -40 3.46 -19.11
127106 -40 3.46 -19.11
125612 -40 3.46 -19.11
122033 -40 3.46 -19.11
125051 -40 3.46 -19.11
125346 -40 3.46 -19.11
127013 -40 3.46 -19.11
122254 -40 3.46 -19.11
125136 -40 3.46 -19.11
122402 -40 3.46 -19.11
122162 -40 3.46 -19.11
125884 -40 3.46 -19.11
124215 -40 3.46 -19.11
124019 -40 3.46 -19.11
123339 -40 3.46 -19.11
125918 -40 3.46 -19.11
123184 -40 3.46 -19.11
124264 -40 3.46 -19.11
124817 -40 3.46 -19.11
121071 -40 3.46 -19.11
126924 -40 3.46 -19.11
124238 -40 3.46 -19.11
120904 -40 3.46 -19.11
125755 -40 3.46 -19.11
123242 -40 3.46 -19.11
124299 -40 3.46 -19.11
121685 -40 3.46 -19.11
123094 -40 3.46 -19.11
121646 -40 3.46 -19.11
121936 -40 3.46 -19.11
124115 -40 3.46 -19.11
122489 -40 3.46 -19.11
128742 -40 3.46 -19.11
187374 -40 0.89 -29.55
193720 -40 0.89 -29.55
194552 -40 0.89 -29.55
195197 -40 0.89 -29.55
186646 -40 0.89 -29.55
197948 -40 0.89 -29.55
195114 -40 0.89 -29.55
186954 -40 0.89 -29.55
188868 -40 0.89 -29.55
193658 -40 0.89 -29.55
192532 -40 0.89 -29.55
192251 -40 0.89 -29.55
192253 -40 0.89 -29.55
190633 -40 0.89 -29.55
193150 -40 0.89 -29.55
188995 -40 0.89 -29.55
193399 -40 0.89 -29.55
189071 -40 0.89 -29.55
195405 -40 0.89 -29.55
195708 -40 0.89 -29.55
195671 -40 0.89 -29.55
191368 -40 0.89 -29.55
193137 -40 0.89 -29.55
192247 -40 0.89 -29.55
190626 -40 0.89 -29.55
187492 -40 0.89 -29.55
187113 -40 0.89 -29.55
191482 -40 0.89 -29.55
193766 -40 0.89 -29.55
189658 -40 0.89 -29.55
197418 -40 0.89 -29.55
197742 -40 0.89 -29.55
188829 -40 0.89 -29.55
191556 -40 0.89 -29.55
196287 -40 0.89 -29.55
194048 -40 0.89 -29.55
189010 -40 0.89 -29.55
196762 -40 0.89 -29.55
193103 -40 0.89 -29.55
71951 -40 -1.93 10.77
68486 -40 -1.93 10.77
76483 -40 -1.93 10.77
73864 -40 -1.93 10.77
69994 -40 -1.93 10.77
73477 -40 -1.93 10.77
73327 -40 -1.93 10.77
70108 -40 -1.93 10.77
76966 -40 -1.93 10.77
68818 -40 -1.93 10.77
69995 -40 -1.93 10.77
71242 -40 -1.93 10.77
73120 -40 -1.93 10.77
67513 -40 -1.93 10.77
74277 -40 -1.93 10.77
72878 -40 -1.93 10.77
71130 -40 -1.93 10.77
70501 -40 -1.93 10.77
69305 -40 -1.93 10.77
70941 -40 -1.93 10.77
67782 -40 -1.93 10.77
67398 -40 -1.93 10.77
71948 -40 -1.93 10.77
70659 -40 -1.93 10.77
72866 -40 -1.93 10.77
70654 -40 -1.93 10.77
72881 -40 -1.93 10.77
75320 -40 -1.93 10.77
74680 -40 -1.93 10.77
70103 -40 -1.93 10.77
74364 -40 -1.93 10.77
68953 -40 -1.93 10.77
69888 -40 -1.93 10.77
70810 -40 -1.93 10.77
74100 -40 -1.93 10.77
71499 -40 -1.93 10.77
68347 -40 -1.93 10.77
65644 -40 -1.93 10.77
70188 -40 -1.93 10.77
