#rtt sig_str x y
94396 -40 2.75 15.09
94805 -40 2.75 15.09
95099 -40 2.75 15.09
94381 -40 2.75 15.09
92595 -40 2.75 15.09
92034 -40 2.75 15.09
96148 -40 2.75 15.09
93043 -40 2.75 15.09
92758 -40 2.75 15.09
97023 -40 2.75 15.09
99270 -40 2.75 15.09
96423 -40 2.75 15.09
92983 -40 2.75 15.09
94766 -40 2.75 15.09
95304 -40 2.75 15.09
97343 -40 2.75 15.09
95204 -40 2.75 15.09
94091 -40 2.75 15.09
95357 -40 2.75 15.09
93809 -40 2.75 15.09
97511 -40 2.75 15.09
96167 -40 2.75 15.09
90741 -40 2.75 15.09
98617 -40 2.75 15.09
89542 -40 2.75 15.09
93681 -40 2.75 15.09
96081 -40 2.75 15.09
92401 -40 2.75 15.09
99831 -40 2.75 15.09
98234 -40 2.75 15.09
95549 -40 2.75 15.09
98469 -40 2.75 15.09
94358 -40 2.75 15.09
94707 -40 2.75 15.09
94395 -40 2.75 15.09
92492 -40 2.75 15.09
93171 -40 2.75 15.09
92481 -40 2.75 15.09
92376 -40 2.75 15.09
222027 -40 21.54 27.09
219715 -40 21.54 27.09
222158 -40 21.54 27.09
221948 -40 21.54 27.09
227247 -40 21.54 27.09
224998 -40 21.54 27.09
224075 -40 21.54 27.09
222474 -40 21.54 27.09
223514 -40 21.54 27.09
226435 -40 21.54 27.09
224323 -40 21.54 27.09
224106 -40 21.54 27.09
224307 -40 21.54 27.09
229649 -40 21.54 27.09
225042 -40 21.54 27.09
225955 -40 21.54 27.09
223951 -40 21.54 27.09
222953 -40 21.54 27.09
221220 -40 21.54 27.09
224052 -40 21.54 27.09
232101 -40 21.54 27.09
228633 -40 21.54 27.09
223328 -40 21.54 27.09
223043 -40 21.54 27.09
226116 -40 21.54 27.09
224911 -40 21.54 27.09
228217 -40 21.54 27.09
222650 -40 21.54 27.09
221622 -40 21.54 27.09
218699 -40 21.54 27.09
228990 -40 21.54 27.09
225120 -40 21.54 27.09
220498 -40 21.54 27.09
220035 -40 21.54 27.09
222856 -40 21.54 27.09
224213 -40 21.54 27.09
221488 -40 21.54 27.09
222186 -40 21.54 27.09
223822 -40 21.54 27.09
85519 -40 11.16 7.26
83117 -40 11.16 7.26
85181 -40 11.16 7.26
82922 -40 11.16 7.26
81151 -40 11.16 7.26
83872 -40 11.16 7.26
82414 -40 11.16 7.26
86112 -40 11.16 7.26
84547 -40 11.16 7.26
82450 -40 11.16 7.26
84271 -40 11.16 7.26
82355 -40 11.16 7.26
80666 -40 11.16 7.26
83049 -40 11.16 7.26
80819 -40 11.16 7.26
85450 -40 11.16 7.26
84453 -40 11.16 7.26
84184 -40 11.16 7.26
81753 -40 11.16 7.26
81993 -40 11.16 7.26
80946 -40 11.16 7.26
84464 -40 11.16 7.26
86035 -40 11.16 7.26
84371 -40 11.16 7.26
81746 -40 11.16 7.26
81662 -40 11.16 7.26
81504 -40 11.16 7.26
83574 -40 11.16 7.26
85650 -40 11.16 7.26
82408 -40 11.16 7.26
84162 -40 11.16 7.26
83119 -40 11.16 7.26
84081 -40 11.16 7.26
81396 -40 11.16 7.26
84588 -40 11.16 7.26
81185 -40 11.16 7.26
83869 -40 11.16 7.26
81046 -40 11.16 7.26
87752 -40 11.16 7.26
161365 -40 -10.11 20.39
159228 -40 -10.11 20.39
167114 -40 -10.11 20.39
160432 -40 -10.11 20.39
164974 -40 -10.11 20.39
160835 -40 -10.11 20.39
162369 -40 -10.11 20.39
165421 -40 -10.11 20.39
160604 -40 -10.11 20.39
158262 -40 -10.11 20.39
165141 -40 -10.11 20.39
164617 -40 -10.11 20.39
167857 -40 -10.11 20.39
162938 -40 -10.11 20.39
158739 -40 -10.11 20.39
160964 -40 -10.11 20.39
166259 -40 -10.11 20.39
163986 -40 -10.11 20.39
164404 -40 -10.11 20.39
163191 -40 -10.11 20.39
158133 -40 -10.11 20.39
160304 -40 -10.11 20.39
164010 -40 -10.11 20.39
162515 -40 -10.11 20.39
163981 -40 -10.11 20.39
163358 -40 -10.11 20.39
164871 -40 -10.11 20.39
158836 -40 -10.11 20.39
162625 -40 -10.11 20.39
165167 -40 -10.11 20.39
163512 -40 -10.11 20.39
169367 -40 -10.11 20.39
161038 -40 -10.11 20.39
161905 -40 -10.11 20.39
160391 -40 -10.11 20.39
164653 -40 -10.11 20.39
165134 -40 -10.11 20.39
168421 -40 -10.11 20.39
160195 -40 -10.11 20.39
211971 -40 -26.4 17.42
204401 -40 -26.4 17.42
210499 -40 -26.4 17.42
210398 -40 -26.4 17.42
205575 -40 -26.4 17.42
210449 -40 -26.4 17.42
207936 -40 -26.4 17.42
210291 -40 -26.4 17.42
208996 -40 -26.4 17.42
206768 -40 -26.4 17.42
212527 -40 -26.4 17.42
207153 -40 -26.4 17.42
212859 -40 -26.4 17.42
210260 -40 -26.4 17.42
208999 -40 -26.4 17.42
204204 -40 -26.4 17.42
212626 -40 -26.4 17.42
210043 -40 -26.4 17.42
209754 -40 -26.4 17.42
210510 -40 -26.4 17.42
209728 -40 -26.4 17.42
205926 -40 -26.4 17.42
215722 -40 -26.4 17.42
212033 -40 -26.4 17.42
212340 -40 -26.4 17.42
209196 -40 -26.4 17.42
208615 -40 -26.4 17.42
202185 -40 -26.4 17.42
211149 -40 -26.4 17.42
207647 -40 -26.4 17.42
211741 -40 -26.4 17.42
212704 -40 -26.4 17.42
211876 -40 -26.4 17.42
214342 -40 -26.4 17.42
205925 -40 -26.4 17.42
208533 -40 -26.4 17.42
210027 -40 -26.4 17.42
210581 -40 -26.4 17.42
207844 -40 -26.4 17.42
144755 -40 -6.82 -21.1
143001 -40 -6.82 -21.1
144666 -40 -6.82 -21.1
141940 -40 -6.82 -21.1
141293 -40 -6.82 -21.1
147585 -40 -6.82 -21.1
142060 -40 -6.82 -21.1
145332 -40 -6.82 -21.1
144111 -40 -6.82 -21.1
144102 -40 -6.82 -21.1
143591 -40 -6.82 -21.1
147476 -40 -6.82 -21.1
144834 -40 -6.82 -21.1
142608 -40 -6.82 -21.1
148427 -40 -6.82 -21.1
145919 -40 -6.82 -21.1
142357 -40 -6.82 -21.1
142481 -40 -6.82 -21.1
140217 -40 -6.82 -21.1
145692 -40 -6.82 -21.1
144093 -40 -6.82 -21.1
145875 -40 -6.82 -21.1
144105 -40 -6.82 -21.1
144860 -40 -6.82 -21.1
144223 -40 -6.82 -21.1
145228 -40 -6.82 -21.1
144711 -40 -6.82 -21.1
140186 -40 -6.82 -21.1
145920 -40 -6.82 -21.1
144184 -40 -6.82 -21.1
142289 -40 -6.82 -21.1
145378 -40 -6.82 -21.1
142800 -40 -6.82 -21.1
143540 -40 -6.82 -21.1
146199 -40 -6.82 -21.1
141304 -40 -6.82 -21.1
146047 -40 -6.82 -21.1
145169 -40 -6.82 -21.1
144000 -40 -6.82 -21.1
150786 -40 -17.21 15.37
154302 -40 -17.21 15.37
150098 -40 -17.21 15.37
151657 -40 -17.21 15.37
152095 -40 -17.21 15.37
149229 -40 -17.21 15.37
149243 -40 -17.21 15.37
152649 -40 -17.21 15.37
151984 -40 -17.21 15.37
154963 -40 -17.21 15.37
150829 -40 -17.21 15.37
152483 -40 -17.21 15.37
152445 -40 -17.21 15.37
153920 -40 -17.21 15.37
149292 -40 -17.21 15.37
150626 -40 -17.21 15.37
150301 -40 -17.21 15.37
146246 -40 -17.21 15.37
151420 -40 -17.21 15.37
153115 -40 -17.21 15.37
155227 -40 -17.21 15.37
155185 -40 -17.21 15.37
153653 -40 -17.21 15.37
152523 -40 -17.21 15.37
156238 -40 -17.21 15.37
150189 -40 -17.21 15.37
150779 -40 -17.21 15.37
149336 -40 -17.21 15.37
144916 -40 -17.21 15.37
153146 -40 -17.21 15.37
152006 -40 -17.21 15.37
155681 -40 -17.21 15.37
151324 -40 -17.21 15.37
154504 -40 -17.21 15.37
148427 -40 -17.21 15.37
152745 -40 -17.21 15.37
154578 -40 -17.21 15.37
150860 -40 -17.21 15.37
152489 -40 -17.21 15.37
240485 -40 25.95 25.13
234480 -40 25.95 25.13
244828 -40 25.95 25.13
240838 -40 25.95 25.13
244309 -40 25.95 25.13
237956 -40 25.95 25.13
245569 -40 25.95 25.13
241535 -40 25.95 25.13
240588 -40 25.95 25.13
238715 -40 25.95 25.13
241210 -40 25.95 25.13
241346 -40 25.95 25.13
240507 -40 25.95 25.13
236484 -40 25.95 25.13
242510 -40 25.95 25.13
242099 -40 25.95 25.13
238249 -40 25.95 25.13
237577 -40 25.95 25.13
241932 -40 25.95 25.13
232527 -40 25.95 25.13
239488 -40 25.95 25.13
242599 -40 25.95 25.13
242552 -40 25.95 25.13
238114 -40 25.95 25.13
237198 -40 25.95 25.13
239212 -40 25.95 25.13
237403 -40 25.95 25.13
238619 -40 25.95 25.13
239592 -40 25.95 25.13
239656 -40 25.95 25.13
241386 -40 25.95 25.13
238128 -40 25.95 25.13
240348 -40 25.95 25.13
240722 -40 25.95 25.13
240183 -40 25.95 25.13
242659 -40 25.95 25.13
240387 -40 25.95 25.13
241087 -40 25.95 25.13
240584 -40 25.95 25.13
166989 -40 13.37 19.76
164293 -40 13.37 19.76
162822 -40 13.37 19.76
165537 -40 13.37 19.76
161999 -40 13.37 19.76
165274 -40 13.37 19.76
169232 -40 13.37 19.76
163242 -40 13.37 19.76
168809 -40 13.37 19.76
164733 -40 13.37 19.76
166228 -40 13.37 19.76
167740 -40 13.37 19.76
166511 -40 13.37 19.76
164371 -40 13.37 19.76
166147 -40 13.37 19.76
160849 -40 13.37 19.76
165869 -40 13.37 19.76
167689 -40 13.37 19.76
167626 -40 13.37 19.76
171479 -40 13.37 19.76
169354 -40 13.37 19.76
166170 -40 13.37 19.76
161839 -40 13.37 19.76
164969 -40 13.37 19.76
167971 -40 13.37 19.76
164854 -40 13.37 19.76
166716 -40 13.37 19.76
165927 -40 13.37 19.76
165425 -40 13.37 19.76
164316 -40 13.37 19.76
164155 -40 13.37 19.76
165190 -40 13.37 19.76
163164 -40 13.37 19.76
168440 -40 13.37 19.76
168160 -40 13.37 19.76
169164 -40 13.37 19.76
168004 -40 13.37 19.76
164253 -40 13.37 19.76
165332 -40 13.37 19.76
185106 -40 -27.19 0.89
179485 -40 -27.19 0.89
179933 -40 -27.19 0.89
184557 -40 -27.19 0.89
179102 -40 -27.19 0.89
182315 -40 -27.19 0.89
181618 -40 -27.19 0.89
183285 -40 -27.19 0.89
181386 -40 -27.19 0.89
185616 -40 -27.19 0.89
182945 -40 -27.19 0.89
181506 -40 -27.19 0.89
182858 -40 -27.19 0.89
178818 -40 -27.19 0.89
182767 -40 -27.19 0.89
186166 -40 -27.19 0.89
177969 -40 -27.19 0.89
181615 -40 -27.19 0.89
177883 -40 -27.19 0.89
184338 -40 -27.19 0.89
180187 -40 -27.19 0.89
185203 -40 -27.19 0.89
179383 -40 -27.19 0.89
185759 -40 -27.19 0.89
185265 -40 -27.19 0.89
181351 -40 -27.19 0.89
184274 -40 -27.19 0.89
185191 -40 -27.19 0.89
182849 -40 -27.19 0.89
185557 -40 -27.19 0.89
180428 -40 -27.19 0.89
180826 -40 -27.19 0.89
184428 -40 -27.19 0.89
179324 -40 -27.19 0.89
182027 -40 -27.19 0.89
182271 -40 -27.19 0.89
186172 -40 -27.19 0.89
182464 -40 -27.19 0.89
183170 -40 -27.19 0.89
