#rtt sig_str x y
108711 -40 -14.44 -5.73
112820 -40 -14.44 -5.73
110232 -40 -14.44 -5.73
119680 -40 -14.44 -5.73
110502 -40 -14.44 -5.73
112853 -40 -14.44 -5.73
112572 -40 -14.44 -5.73
109531 -40 -14.44 -5.73
112136 -40 -14.44 -5.73
111695 -40 -14.44 -5.73
112441 -40 -14.44 -5.73
112495 -40 -14.44 -5.73
116209 -40 -14.44 -5.73
113017 -40 -14.44 -5.73
112092 -40 -14.44 -5.73
110837 -40 -14.44 -5.73
114107 -40 -14.44 -5.73
108578 -40 -14.44 -5.73
112530 -40 -14.44 -5.73
113652 -40 -14.44 -5.73
110982 -40 -14.44 -5.73
111305 -40 -14.44 -5.73
112923 -40 -14.44 -5.73
112612 -40 -14.44 -5.73
112257 -40 -14.44 -5.73
109012 -40 -14.44 -5.73
113704 -40 -14.44 -5.73
108671 -40 -14.44 -5.73
115288 -40 -14.44 -5.73
111203 -40 -14.44 -5.73
109494 -40 -14.44 -5.73
113656 -40 -14.44 -5.73
109974 -40 -14.44 -5.73
117596 -40 -14.44 -5.73
112917 -40 -14.44 -5.73
113125 -40 -14.44 -5.73
114660 -40 -14.44 -5.73
110108 -40 -14.44 -5.73
108839 -40 -14.44 -5.73
212056 -40 -27.4 16.24
213427 -40 -27.4 16.24
212712 -40 -27.4 16.24
210483 -40 -27.4 16.24
213694 -40 -27.4 16.24
210721 -40 -27.4 16.24
217453 -40 -27.4 16.24
209836 -40 -27.4 16.24
214606 -40 -27.4 16.24
214138 -40 -27.4 16.24
213544 -40 -27.4 16.24
218373 -40 -27.4 16.24
213227 -40 -27.4 16.24
214066 -40 -27.4 16.24
216994 -40 -27.4 16.24
211419 -40 -27.4 16.24
211803 -40 -27.4 16.24
211413 -40 -27.4 16.24
210707 -40 -27.4 16.24
212393 -40 -27.4 16.24
215032 -40 -27.4 16.24
214143 -40 -27.4 16.24
213654 -40 -27.4 16.24
212419 -40 -27.4 16.24
208898 -40 -27.4 16.24
213940 -40 -27.4 16.24
209219 -40 -27.4 16.24
211154 -40 -27.4 16.24
212778 -40 -27.4 16.24
215618 -40 -27.4 16.24
212526 -40 -27.4 16.24
211566 -40 -27.4 16.24
212824 -40 -27.4 16.24
207389 -40 -27.4 16.24
212618 -40 -27.4 16.24
213592 -40 -27.4 16.24
209251 -40 -27.4 16.24
213592 -40 -27.4 16.24
215643 -40 -27.4 16.24
134238 -40 4.92 -21.17
134917 -40 4.92 -21.17
134688 -40 4.92 -21.17
133441 -40 4.92 -21.17
136133 -40 4.92 -21.17
138094 -40 4.92 -21.17
136650 -40 4.92 -21.17
133751 -40 4.92 -21.17
135713 -40 4.92 -21.17
139359 -40 4.92 -21.17
135209 -40 4.92 -21.17
138412 -40 4.92 -21.17
133943 -40 4.92 -21.17
133797 -40 4.92 -21.17
135775 -40 4.92 -21.17
140546 -40 4.92 -21.17
133411 -40 4.92 -21.17
133451 -40 4.92 -21.17
140859 -40 4.92 -21.17
133361 -40 4.92 -21.17
134305 -40 4.92 -21.17
137237 -40 4.92 -21.17
139987 -40 4.92 -21.17
135912 -40 4.92 -21.17
134035 -40 4.92 -21.17
134729 -40 4.92 -21.17
135147 -40 4.92 -21.17
138028 -40 4.92 -21.17
138340 -40 4.92 -21.17
139877 -40 4.92 -21.17
135888 -40 4.92 -21.17
131725 -40 4.92 -21.17
136998 -40 4.92 -21.17
134724 -40 4.92 -21.17
139296 -40 4.92 -21.17
137442 -40 4.92 -21.17
131418 -40 4.92 -21.17
135305 -40 4.92 -21.17
139626 -40 4.92 -21.17
160904 -40 -23.25 2.16
161844 -40 -23.25 2.16
164881 -40 -23.25 2.16
166131 -40 -23.25 2.16
167575 -40 -23.25 2.16
159594 -40 -23.25 2.16
163022 -40 -23.25 2.16
162224 -40 -23.25 2.16
162323 -40 -23.25 2.16
162940 -40 -23.25 2.16
166578 -40 -23.25 2.16
165632 -40 -23.25 2.16
164881 -40 -23.25 2.16
164808 -40 -23.25 2.16
166116 -40 -23.25 2.16
160960 -40 -23.25 2.16
164763 -40 -23.25 2.16
161455 -40 -23.25 2.16
158295 -40 -23.25 2.16
161002 -40 -23.25 2.16
166528 -40 -23.25 2.16
161601 -40 -23.25 2.16
162666 -40 -23.25 2.16
159622 -40 -23.25 2.16
164395 -40 -23.25 2.16
158809 -40 -23.25 2.16
169955 -40 -23.25 2.16
164635 -40 -23.25 2.16
162623 -40 -23.25 2.16
162648 -40 -23.25 2.16
163444 -40 -23.25 2.16
163352 -40 -23.25 2.16
163005 -40 -23.25 2.16
168469 -40 -23.25 2.16
159117 -40 -23.25 2.16
166232 -40 -23.25 2.16
163347 -40 -23.25 2.16
166857 -40 -23.25 2.16
166401 -40 -23.25 2.16
189842 -40 6.65 -26.29
193906 -40 6.65 -26.29
192599 -40 6.65 -26.29
194032 -40 6.65 -26.29
187464 -40 6.65 -26.29
188930 -40 6.65 -26.29
193064 -40 6.65 -26.29
192915 -40 6.65 -26.29
194955 -40 6.65 -26.29
189898 -40 6.65 -26.29
188865 -40 6.65 -26.29
191439 -40 6.65 -26.29
199239 -40 6.65 -26.29
185564 -40 6.65 -26.29
193415 -40 6.65 -26.29
193611 -40 6.65 -26.29
190596 -40 6.65 -26.29
191837 -40 6.65 -26.29
193442 -40 6.65 -26.29
190183 -40 6.65 -26.29
192256 -40 6.65 -26.29
192489 -40 6.65 -26.29
192421 -40 6.65 -26.29
192594 -40 6.65 -26.29
193071 -40 6.65 -26.29
189751 -40 6.65 -26.29
194619 -40 6.65 -26.29
191032 -40 6.65 -26.29
193208 -40 6.65 -26.29
193960 -40 6.65 -26.29
194392 -40 6.65 -26.29
190743 -40 6.65 -26.29
188451 -40 6.65 -26.29
186691 -40 6.65 -26.29
192366 -40 6.65 -26.29
188734 -40 6.65 -26.29
192285 -40 6.65 -26.29
190616 -40 6.65 -26.29
190906 -40 6.65 -26.29
108225 -40 -12.22 -7.86
111581 -40 -12.22 -7.86
109871 -40 -12.22 -7.86
104550 -40 -12.22 -7.86
106580 -40 -12.22 -7.86
110071 -40 -12.22 -7.86
109887 -40 -12.22 -7.86
108044 -40 -12.22 -7.86
111112 -40 -12.22 -7.86
106027 -40 -12.22 -7.86
107620 -40 -12.22 -7.86
110349 -40 -12.22 -7.86
114715 -40 -12.22 -7.86
104893 -40 -12.22 -7.86
110958 -40 -12.22 -7.86
106194 -40 -12.22 -7.86
102133 -40 -12.22 -7.86
106597 -40 -12.22 -7.86
113158 -40 -12.22 -7.86
110293 -40 -12.22 -7.86
109400 -40 -12.22 -7.86
114612 -40 -12.22 -7.86
108027 -40 -12.22 -7.86
113335 -40 -12.22 -7.86
108021 -40 -12.22 -7.86
105273 -40 -12.22 -7.86
106209 -40 -12.22 -7.86
109830 -40 -12.22 -7.86
108827 -40 -12.22 -7.86
105447 -40 -12.22 -7.86
107644 -40 -12.22 -7.86
109929 -40 -12.22 -7.86
110475 -40 -12.22 -7.86
110533 -40 -12.22 -7.86
107245 -40 -12.22 -7.86
108109 -40 -12.22 -7.86
107025 -40 -12.22 -7.86
102699 -40 -12.22 -7.86
106427 -40 -12.22 -7.86
134001 -40 18.44 -10.64
131843 -40 18.44 -10.64
132494 -40 18.44 -10.64
132235 -40 18.44 -10.64
136723 -40 18.44 -10.64
132331 -40 18.44 -10.64
129084 -40 18.44 -10.64
131916 -40 18.44 -10.64
130722 -40 18.44 -10.64
132281 -40 18.44 -10.64
134380 -40 18.44 -10.64
134179 -40 18.44 -10.64
132199 -40 18.44 -10.64
133664 -40 18.44 -10.64
132065 -40 18.44 -10.64
133376 -40 18.44 -10.64
128560 -40 18.44 -10.64
131081 -40 18.44 -10.64
134082 -40 18.44 -10.64
131104 -40 18.44 -10.64
134432 -40 18.44 -10.64
130769 -40 18.44 -10.64
131263 -40 18.44 -10.64
131460 -40 18.44 -10.64
136299 -40 18.44 -10.64
130599 -40 18.44 -10.64
134526 -40 18.44 -10.64
135285 -40 18.44 -10.64
134218 -40 18.44 -10.64
134466 -40 18.44 -10.64
135407 -40 18.44 -10.64
137603 -40 18.44 -10.64
134674 -40 18.44 -10.64
134600 -40 18.44 -10.64
130738 -40 18.44 -10.64
134559 -40 18.44 -10.64
128514 -40 18.44 -10.64
132016 -40 18.44 -10.64
136383 -40 18.44 -10.64
209795 -40 -24.31 -11.45
212881 -40 -24.31 -11.45
212399 -40 -24.31 -11.45
209437 -40 -24.31 -11.45
209803 -40 -24.31 -11.45
214950 -40 -24.31 -11.45
214627 -40 -24.31 -11.45
210791 -40 -24.31 -11.45
210426 -40 -24.31 -11.45
208719 -40 -24.31 -11.45
216607 -40 -24.31 -11.45
213977 -40 -24.31 -11.45
213997 -40 -24.31 -11.45
213293 -40 -24.31 -11.45
209978 -40 -24.31 -11.45
211995 -40 -24.31 -11.45
211880 -40 -24.31 -11.45
212994 -40 -24.31 -11.45
210806 -40 -24.31 -11.45
210844 -40 -24.31 -11.45
212606 -40 -24.31 -11.45
214900 -40 -24.31 -11.45
214661 -40 -24.31 -11.45
210970 -40 -24.31 -11.45
210983 -40 -24.31 -11.45
211709 -40 -24.31 -11.45
212541 -40 -24.31 -11.45
221396 -40 -24.31 -11.45
213677 -40 -24.31 -11.45
212026 -40 -24.31 -11.45
209813 -40 -24.31 -11.45
216322 -40 -24.31 -11.45
215168 -40 -24.31 -11.45
213703 -40 -24.31 -11.45
209505 -40 -24.31 -11.45
209120 -40 -24.31 -11.45
210215 -40 -24.31 -11.45
209964 -40 -24.31 -11.45
216008 -40 -24.31 -11.45
89119 -40 12.01 2.57
85108 -40 12.01 2.57
86958 -40 12.01 2.57
86157 -40 12.01 2.57
84221 -40 12.01 2.57
90679 -40 12.01 2.57
87570 -40 12.01 2.57
84755 -40 12.01 2.57
90824 -40 12.01 2.57
85090 -40 12.01 2.57
85931 -40 12.01 2.57
84840 -40 12.01 2.57
88610 -40 12.01 2.57
86885 -40 12.01 2.57
89223 -40 12.01 2.57
86889 -40 12.01 2.57
92316 -40 12.01 2.57
88848 -40 12.01 2.57
83613 -40 12.01 2.57
81035 -40 12.01 2.57
80142 -40 12.01 2.57
83260 -40 12.01 2.57
82848 -40 12.01 2.57
90440 -40 12.01 2.57
90307 -40 12.01 2.57
87071 -40 12.01 2.57
85147 -40 12.01 2.57
89311 -40 12.01 2.57
86097 -40 12.01 2.57
87463 -40 12.01 2.57
85062 -40 12.01 2.57
80800 -40 12.01 2.57
84251 -40 12.01 2.57
87964 -40 12.01 2.57
85815 -40 12.01 2.57
85579 -40 12.01 2.57
87261 -40 12.01 2.57
84956 -40 12.01 2.57
80125 -40 12.01 2.57
179576 -40 25.98 10.58
181510 -40 25.98 10.58
178900 -40 25.98 10.58
178588 -40 25.98 10.58
182310 -40 25.98 10.58
183413 -40 25.98 10.58
183044 -40 25.98 10.58
183514 -40 25.98 10.58
181137 -40 25.98 10.58
180009 -40 25.98 10.58
183762 -40 25.98 10.58
180262 -40 25.98 10.58
178834 -40 25.98 10.58
184080 -40 25.98 10.58
182449 -40 25.98 10.58
182984 -40 25.98 10.58
176283 -40 25.98 10.58
181979 -40 25.98 10.58
178448 -40 25.98 10.58
182057 -40 25.98 10.58
183745 -40 25.98 10.58
183355 -40 25.98 10.58
179011 -40 25.98 10.58
186999 -40 25.98 10.58
180105 -40 25.98 10.58
177157 -40 25.98 10.58
184723 -40 25.98 10.58
178348 -40 25.98 10.58
180706 -40 25.98 10.58
180372 -40 25.98 10.58
182038 -40 25.98 10.58
178636 -40 25.98 10.58
179114 -40 25.98 10.58
180088 -40 25.98 10.58
180650 -40 25.98 10.58
183192 -40 25.98 10.58
178808 -40 25.98 10.58
181364 -40 25.98 10.58
184027 -40 25.98 10.58
