#rtt sig_str x y
83551 -40 -12.23 -5.91
82222 -40 -12.23 -5.91
82676 -40 -12.23 -5.91
86462 -40 -12.23 -5.91
84155 -40 -12.23 -5.91
79910 -40 -12.23 -5.91
75727 -40 -12.23 -5.91
84720 -40 -12.23 -5.91
82943 -40 -12.23 -5.91
83941 -40 -12.23 -5.91
80520 -40 -12.23 -5.91
84036 -40 -12.23 -5.91
85241 -40 -12.23 -5.91
83418 -40 -12.23 -5.91
85101 -40 -12.23 -5.91
86051 -40 -12.23 -5.91
87199 -40 -12.23 -5.91
82698 -40 -12.23 -5.91
78179 -40 -12.23 -5.91
81618 -40 -12.23 -5.91
80743 -40 -12.23 -5.91
86531 -40 -12.23 -5.91
83357 -40 -12.23 -5.91
79461 -40 -12.23 -5.91
83512 -40 -12.23 -5.91
79663 -40 -12.23 -5.91
81822 -40 -12.23 -5.91
82153 -40 -12.23 -5.91
84510 -40 -12.23 -5.91
86731 -40 -12.23 -5.91
85135 -40 -12.23 -5.91
79023 -40 -12.23 -5.91
83472 -40 -12.23 -5.91
81365 -40 -12.23 -5.91
81899 -40 -12.23 -5.91
82812 -40 -12.23 -5.91
84119 -40 -12.23 -5.91
80852 -40 -12.23 -5.91
81915 -40 -12.23 -5.91
130105 -40 18.55 5.75
130366 -40 18.55 5.75
130961 -40 18.55 5.75
129930 -40 18.55 5.75
131426 -40 18.55 5.75
137873 -40 18.55 5.75
129233 -40 18.55 5.75
131025 -40 18.55 5.75
129246 -40 18.55 5.75
129762 -40 18.55 5.75
125640 -40 18.55 5.75
133831 -40 18.55 5.75
126906 -40 18.55 5.75
127726 -40 18.55 5.75
133733 -40 18.55 5.75
130809 -40 18.55 5.75
132044 -40 18.55 5.75
132424 -40 18.55 5.75
133199 -40 18.55 5.75
131088 -40 18.55 5.75
135191 -40 18.55 5.75
131606 -40 18.55 5.75
126342 -40 18.55 5.75
131417 -40 18.55 5.75
128703 -40 18.55 5.75
127746 -40 18.55 5.75
130029 -40 18.55 5.75
132568 -40 18.55 5.75
130946 -40 18.55 5.75
133305 -40 18.55 5.75
135753 -40 18.55 5.75
131659 -40 18.55 5.75
127562 -40 18.55 5.75
129290 -40 18.55 5.75
129992 -40 18.55 5.75
131858 -40 18.55 5.75
135253 -40 18.55 5.75
130736 -40 18.55 5.75
132922 -40 18.55 5.75
139164 -40 -8.99 -20.3
136128 -40 -8.99 -20.3
144329 -40 -8.99 -20.3
142593 -40 -8.99 -20.3
142039 -40 -8.99 -20.3
140101 -40 -8.99 -20.3
143604 -40 -8.99 -20.3
140217 -40 -8.99 -20.3
142453 -40 -8.99 -20.3
142434 -40 -8.99 -20.3
142735 -40 -8.99 -20.3
139555 -40 -8.99 -20.3
139399 -40 -8.99 -20.3
142650 -40 -8.99 -20.3
141109 -40 -8.99 -20.3
142215 -40 -8.99 -20.3
142271 -40 -8.99 -20.3
139095 -40 -8.99 -20.3
142747 -40 -8.99 -20.3
140663 -40 -8.99 -20.3
140899 -40 -8.99 -20.3
138560 -40 -8.99 -20.3
143588 -40 -8.99 -20.3
137833 -40 -8.99 -20.3
143134 -40 -8.99 -20.3
136366 -40 -8.99 -20.3
141752 -40 -8.99 -20.3
144812 -40 -8.99 -20.3
139257 -40 -8.99 -20.3
140388 -40 -8.99 -20.3
142859 -40 -8.99 -20.3
145438 -40 -8.99 -20.3
138588 -40 -8.99 -20.3
139165 -40 -8.99 -20.3
140718 -40 -8.99 -20.3
145901 -40 -8.99 -20.3
142772 -40 -8.99 -20.3
142405 -40 -8.99 -20.3
142703 -40 -8.99 -20.3
177242 -40 17.37 21.62
182787 -40 17.37 21.62
185419 -40 17.37 21.62
181489 -40 17.37 21.62
179996 -40 17.37 21.62
181820 -40 17.37 21.62
179167 -40 17.37 21.62
184616 -40 17.37 21.62
177727 -40 17.37 21.62
179574 -40 17.37 21.62
178180 -40 17.37 21.62
179286 -40 17.37 21.62
178125 -40 17.37 21.62
185454 -40 17.37 21.62
178871 -40 17.37 21.62
175122 -40 17.37 21.62
183335 -40 17.37 21.62
182610 -40 17.37 21.62
181505 -40 17.37 21.62
179971 -40 17.37 21.62
180144 -40 17.37 21.62
178222 -40 17.37 21.62
182580 -40 17.37 21.62
179529 -40 17.37 21.62
177792 -40 17.37 21.62
179584 -40 17.37 21.62
177762 -40 17.37 21.62
178917 -40 17.37 21.62
182239 -40 17.37 21.62
177414 -40 17.37 21.62
183046 -40 17.37 21.62
179099 -40 17.37 21.62
179496 -40 17.37 21.62
186448 -40 17.37 21.62
185128 -40 17.37 21.62
180090 -40 17.37 21.62
177070 -40 17.37 21.62
181377 -40 17.37 21.62
185847 -40 17.37 21.62
152743 -40 3.68 -21.42
148784 -40 3.68 -21.42
146993 -40 3.68 -21.42
153211 -40 3.68 -21.42
141624 -40 3.68 -21.42
151811 -40 3.68 -21.42
146834 -40 3.68 -21.42
150740 -40 3.68 -21.42
150017 -40 3.68 -21.42
144683 -40 3.68 -21.42
151816 -40 3.68 -21.42
147549 -40 3.68 -21.42
146874 -40 3.68 -21.42
147319 -40 3.68 -21.42
149831 -40 3.68 -21.42
146176 -40 3.68 -21.42
149057 -40 3.68 -21.42
147347 -40 3.68 -21.42
150602 -40 3.68 -21.42
148420 -40 3.68 -21.42
152803 -40 3.68 -21.42
144916 -40 3.68 -21.42
150979 -40 3.68 -21.42
143968 -40 3.68 -21.42
148438 -40 3.68 -21.42
148605 -40 3.68 -21.42
146439 -40 3.68 -21.42
150979 -40 3.68 -21.42
149468 -40 3.68 -21.42
148479 -40 3.68 -21.42
153774 -40 3.68 -21.42
145967 -40 3.68 -21.42
152730 -40 3.68 -21.42
144583 -40 3.68 -21.42
147592 -40 3.68 -21.42
149438 -40 3.68 -21.42
152140 -40 3.68 -21.42
149942 -40 3.68 -21.42
154515 -40 3.68 -21.42
127944 -40 -14.79 -13.12
130330 -40 -14.79 -13.12
129222 -40 -14.79 -13.12
126720 -40 -14.79 -13.12
126081 -40 -14.79 -13.12
129122 -40 -14.79 -13.12
128772 -40 -14.79 -13.12
126845 -40 -14.79 -13.12
127788 -40 -14.79 -13.12
128127 -40 -14.79 -13.12
123989 -40 -14.79 -13.12
126092 -40 -14.79 -13.12
134058 -40 -14.79 -13.12
130715 -40 -14.79 -13.12
129097 -40 -14.79 -13.12
132079 -40 -14.79 -13.12
127654 -40 -14.79 -13.12
131590 -40 -14.79 -13.12
130487 -40 -14.79 -13.12
127305 -40 -14.79 -13.12
128629 -40 -14.79 -13.12
131871 -40 -14.79 -13.12
126345 -40 -14.79 -13.12
129199 -40 -14.79 -13.12
128089 -40 -14.79 -13.12
125586 -40 -14.79 -13.12
125953 -40 -14.79 -13.12
127926 -40 -14.79 -13.12
126799 -40 -14.79 -13.12
123773 -40 -14.79 -13.12
125896 -40 -14.79 -13.12
135732 -40 -14.79 -13.12
128123 -40 -14.79 -13.12
131749 -40 -14.79 -13.12
132590 -40 -14.79 -13.12
133206 -40 -14.79 -13.12
129055 -40 -14.79 -13.12
129992 -40 -14.79 -13.12
125539 -40 -14.79 -13.12
168311 -40 -23.71 9.86
168097 -40 -23.71 9.86
167487 -40 -23.71 9.86
166936 -40 -23.71 9.86
164087 -40 -23.71 9.86
164426 -40 -23.71 9.86
165191 -40 -23.71 9.86
169559 -40 -23.71 9.86
166061 -40 -23.71 9.86
167478 -40 -23.71 9.86
166079 -40 -23.71 9.86
166648 -40 -23.71 9.86
163266 -40 -23.71 9.86
166683 -40 -23.71 9.86
164379 -40 -23.71 9.86
167483 -40 -23.71 9.86
164368 -40 -23.71 9.86
169029 -40 -23.71 9.86
166392 -40 -23.71 9.86
167911 -40 -23.71 9.86
173527 -40 -23.71 9.86
169728 -40 -23.71 9.86
164243 -40 -23.71 9.86
162958 -40 -23.71 9.86
164669 -40 -23.71 9.86
165424 -40 -23.71 9.86
168694 -40 -23.71 9.86
165526 -40 -23.71 9.86
169345 -40 -23.71 9.86
168663 -40 -23.71 9.86
168581 -40 -23.71 9.86
170274 -40 -23.71 9.86
167127 -40 -23.71 9.86
169168 -40 -23.71 9.86
164851 -40 -23.71 9.86
170733 -40 -23.71 9.86
167004 -40 -23.71 9.86
163246 -40 -23.71 9.86
168564 -40 -23.71 9.86
201427 -40 -26.5 -15
199096 -40 -26.5 -15
201409 -40 -26.5 -15
199607 -40 -26.5 -15
197169 -40 -26.5 -15
204234 -40 -26.5 -15
200171 -40 -26.5 -15
195864 -40 -26.5 -15
199954 -40 -26.5 -15
201427 -40 -26.5 -15
194205 -40 -26.5 -15
202597 -40 -26.5 -15
200864 -40 -26.5 -15
194381 -40 -26.5 -15
202975 -40 -26.5 -15
201790 -40 -26.5 -15
201171 -40 -26.5 -15
201336 -40 -26.5 -15
195852 -40 -26.5 -15
201740 -40 -26.5 -15
199784 -40 -26.5 -15
195212 -40 -26.5 -15
198129 -40 -26.5 -15
198079 -40 -26.5 -15
197000 -40 -26.5 -15
201354 -40 -26.5 -15
199017 -40 -26.5 -15
200302 -40 -26.5 -15
198367 -40 -26.5 -15
199505 -40 -26.5 -15
196670 -40 -26.5 -15
198813 -40 -26.5 -15
200596 -40 -26.5 -15
197758 -40 -26.5 -15
201107 -40 -26.5 -15
197135 -40 -26.5 -15
194695 -40 -26.5 -15
202053 -40 -26.5 -15
202065 -40 -26.5 -15
80324 -40 10.4 7.6
83213 -40 10.4 7.6
77232 -40 10.4 7.6
80042 -40 10.4 7.6
80980 -40 10.4 7.6
81643 -40 10.4 7.6
82389 -40 10.4 7.6
84231 -40 10.4 7.6
79683 -40 10.4 7.6
78867 -40 10.4 7.6
79101 -40 10.4 7.6
85516 -40 10.4 7.6
80474 -40 10.4 7.6
82696 -40 10.4 7.6
81169 -40 10.4 7.6
85531 -40 10.4 7.6
83806 -40 10.4 7.6
78229 -40 10.4 7.6
82715 -40 10.4 7.6
81417 -40 10.4 7.6
77236 -40 10.4 7.6
75761 -40 10.4 7.6
76908 -40 10.4 7.6
81036 -40 10.4 7.6
83530 -40 10.4 7.6
76589 -40 10.4 7.6
77808 -40 10.4 7.6
80032 -40 10.4 7.6
79005 -40 10.4 7.6
79326 -40 10.4 7.6
80816 -40 10.4 7.6
77720 -40 10.4 7.6
78379 -40 10.4 7.6
82212 -40 10.4 7.6
79961 -40 10.4 7.6
82762 -40 10.4 7.6
81014 -40 10.4 7.6
85355 -40 10.4 7.6
87962 -40 10.4 7.6
180291 -40 11.87 -24.38
176478 -40 11.87 -24.38
180955 -40 11.87 -24.38
180539 -40 11.87 -24.38
180741 -40 11.87 -24.38
181424 -40 11.87 -24.38
179726 -40 11.87 -24.38
182830 -40 11.87 -24.38
182298 -40 11.87 -24.38
182606 -40 11.87 -24.38
176521 -40 11.87 -24.38
178935 -40 11.87 -24.38
175504 -40 11.87 -24.38
180552 -40 11.87 -24.38
178644 -40 11.87 -24.38
182236 -40 11.87 -24.38
180593 -40 11.87 -24.38
182578 -40 11.87 -24.38
179447 -40 11.87 -24.38
174684 -40 11.87 -24.38
178685 -40 11.87 -24.38
176699 -40 11.87 -24.38
182828 -40 11.87 -24.38
181193 -40 11.87 -24.38
181379 -40 11.87 -24.38
180202 -40 11.87 -24.38
182388 -40 11.87 -24.38
181565 -40 11.87 -24.38
175369 -40 11.87 -24.38
180751 -40 11.87 -24.38
180814 -40 11.87 -24.38
177212 -40 11.87 -24.38
183910 -40 11.87 -24.38
180262 -40 11.87 -24.38
179903 -40 11.87 -24.38
183575 -40 11.87 -24.38
176062 -40 11.87 -24.38
177355 -40 11.87 -24.38
184494 -40 11.87 -24.38
