#rtt sig_str x y
190718 -40 25.65 9.46
195243 -40 25.65 9.46
193389 -40 25.65 9.46
194923 -40 25.65 9.46
191957 -40 25.65 9.46
193116 -40 25.65 9.46
195549 -40 25.65 9.46
192499 -40 25.65 9.46
192672 -40 25.65 9.46
188027 -40 25.65 9.46
191850 -40 25.65 9.46
190364 -40 25.65 9.46
189623 -40 25.65 9.46
195596 -40 25.65 9.46
192767 -40 25.65 9.46
191588 -40 25.65 9.46
190839 -40 25.65 9.46
192155 -40 25.65 9.46
194336 -40 25.65 9.46
193431 -40 25.65 9.46
195346 -40 25.65 9.46
191739 -40 25.65 9.46
198937 -40 25.65 9.46
188812 -40 25.65 9.46
193024 -40 25.65 9.46
192938 -40 25.65 9.46
190023 -40 25.65 9.46
190216 -40 25.65 9.46
188831 -40 25.65 9.46
192362 -40 25.65 9.46
188604 -40 25.65 9.46
191105 -40 25.65 9.46
189519 -40 25.65 9.46
192329 -40 25.65 9.46
190278 -40 25.65 9.46
193588 -40 25.65 9.46
198007 -40 25.65 9.46
192370 -40 25.65 9.46
187913 -40 25.65 9.46
222952 -40 22.35 -25.02
223478 -40 22.35 -25.02
228233 -40 22.35 -25.02
229294 -40 22.35 -25.02
227568 -40 22.35 -25.02
227591 -40 22.35 -25.02
225844 -40 22.35 -25.02
224670 -40 22.35 -25.02
221618 -40 22.35 -25.02
222244 -40 22.35 -25.02
229429 -40 22.35 -25.02
229333 -40 22.35 -25.02
220321 -40 22.35 -25.02
223733 -40 22.35 -25.02
225998 -40 22.35 -25.02
227033 -40 22.35 -25.02
224058 -40 22.35 -25.02
223879 -40 22.35 -25.02
224956 -40 22.35 -25.02
223241 -40 22.35 -25.02
224465 -40 22.35 -25.02
228815 -40 22.35 -25.02
227046 -40 22.35 -25.02
223345 -40 22.35 -25.02
225137 -40 22.35 -25.02
230179 -40 22.35 -25.02
226381 -40 22.35 -25.02
225598 -40 22.35 -25.02
225002 -40 22.35 -25.02
226040 -40 22.35 -25.02
226492 -40 22.35 -25.02
232057 -40 22.35 -25.02
227787 -40 22.35 -25.02
224476 -40 22.35 -25.02
225137 -40 22.35 -25.02
224176 -40 22.35 -25.02
225699 -40 22.35 -25.02
219400 -40 22.35 -25.02
223005 -40 22.35 -25.02
152500 -40 5.08 -22.47
153727 -40 5.08 -22.47
158248 -40 5.08 -22.47
155123 -40 5.08 -22.47
156734 -40 5.08 -22.47
158914 -40 5.08 -22.47
155879 -40 5.08 -22.47
146682 -40 5.08 -22.47
155691 -40 5.08 -22.47
153890 -40 5.08 -22.47
157728 -40 5.08 -22.47
154186 -40 5.08 -22.47
153835 -40 5.08 -22.47
155330 -40 5.08 -22.47
154031 -40 5.08 -22.47
156488 -40 5.08 -22.47
150040 -40 5.08 -22.47
157079 -40 5.08 -22.47
152865 -40 5.08 -22.47
148570 -40 5.08 -22.47
154082 -40 5.08 -22.47
154548 -40 5.08 -22.47
152423 -40 5.08 -22.47
152918 -40 5.08 -22.47
153794 -40 5.08 -22.47
154059 -40 5.08 -22.47
157437 -40 5.08 -22.47
153623 -40 5.08 -22.47
153006 -40 5.08 -22.47
151946 -40 5.08 -22.47
156432 -40 5.08 -22.47
157804 -40 5.08 -22.47
154202 -40 5.08 -22.47
156897 -40 5.08 -22.47
155218 -40 5.08 -22.47
149977 -40 5.08 -22.47
155489 -40 5.08 -22.47
154800 -40 5.08 -22.47
159095 -40 5.08 -22.47
212508 -40 24.31 -19.77
214875 -40 24.31 -19.77
211999 -40 24.31 -19.77
214539 -40 24.31 -19.77
212806 -40 24.31 -19.77
207602 -40 24.31 -19.77
207116 -40 24.31 -19.77
208949 -40 24.31 -19.77
212362 -40 24.31 -19.77
209996 -40 24.31 -19.77
210193 -40 24.31 -19.77
214518 -40 24.31 -19.77
207809 -40 24.31 -19.77
209459 -40 24.31 -19.77
210062 -40 24.31 -19.77
210513 -40 24.31 -19.77
211328 -40 24.31 -19.77
209366 -40 24.31 -19.77
208539 -40 24.31 -19.77
213000 -40 24.31 -19.77
209161 -40 24.31 -19.77
211973 -40 24.31 -19.77
213840 -40 24.31 -19.77
207572 -40 24.31 -19.77
211958 -40 24.31 -19.77
209706 -40 24.31 -19.77
210440 -40 24.31 -19.77
207155 -40 24.31 -19.77
212710 -40 24.31 -19.77
210716 -40 24.31 -19.77
209997 -40 24.31 -19.77
210334 -40 24.31 -19.77
215194 -40 24.31 -19.77
215685 -40 24.31 -19.77
214481 -40 24.31 -19.77
208936 -40 24.31 -19.77
210388 -40 24.31 -19.77
210949 -40 24.31 -19.77
208583 -40 24.31 -19.77
157218 -40 -10.99 21.7
156747 -40 -10.99 21.7
158733 -40 -10.99 21.7
157523 -40 -10.99 21.7
164435 -40 -10.99 21.7
158744 -40 -10.99 21.7
159911 -40 -10.99 21.7
160463 -40 -10.99 21.7
156250 -40 -10.99 21.7
156455 -40 -10.99 21.7
159401 -40 -10.99 21.7
161747 -40 -10.99 21.7
159293 -40 -10.99 21.7
155809 -40 -10.99 21.7
160366 -40 -10.99 21.7
157612 -40 -10.99 21.7
162574 -40 -10.99 21.7
160649 -40 -10.99 21.7
158775 -40 -10.99 21.7
161117 -40 -10.99 21.7
162513 -40 -10.99 21.7
164608 -40 -10.99 21.7
160289 -40 -10.99 21.7
156082 -40 -10.99 21.7
157237 -40 -10.99 21.7
158520 -40 -10.99 21.7
160625 -40 -10.99 21.7
158528 -40 -10.99 21.7
160530 -40 -10.99 21.7
156630 -40 -10.99 21.7
154776 -40 -10.99 21.7
163378 -40 -10.99 21.7
158810 -40 -10.99 21.7
155718 -40 -10.99 21.7
161780 -40 -10.99 21.7
155888 -40 -10.99 21.7
160717 -40 -10.99 21.7
156568 -40 -10.99 21.7
155679 -40 -10.99 21.7
240644 -40 -21.12 -28.06
242220 -40 -21.12 -28.06
240935 -40 -21.12 -28.06
236399 -40 -21.12 -28.06
240769 -40 -21.12 -28.06
240133 -40 -21.12 -28.06
236272 -40 -21.12 -28.06
240172 -40 -21.12 -28.06
238047 -40 -21.12 -28.06
240553 -40 -21.12 -28.06
238579 -40 -21.12 -28.06
238989 -40 -21.12 -28.06
238090 -40 -21.12 -28.06
237494 -40 -21.12 -28.06
239350 -40 -21.12 -28.06
242399 -40 -21.12 -28.06
238934 -40 -21.12 -28.06
240045 -40 -21.12 -28.06
236825 -40 -21.12 -28.06
237462 -40 -21.12 -28.06
239504 -40 -21.12 -28.06
237927 -40 -21.12 -28.06
237582 -40 -21.12 -28.06
238813 -40 -21.12 -28.06
241676 -40 -21.12 -28.06
234716 -40 -21.12 -28.06
236101 -40 -21.12 -28.06
242949 -40 -21.12 -28.06
242135 -40 -21.12 -28.06
238436 -40 -21.12 -28.06
239961 -40 -21.12 -28.06
239841 -40 -21.12 -28.06
241905 -40 -21.12 -28.06
239294 -40 -21.12 -28.06
234014 -40 -21.12 -28.06
240214 -40 -21.12 -28.06
240947 -40 -21.12 -28.06
237983 -40 -21.12 -28.06
243059 -40 -21.12 -28.06
158920 -40 21.58 -9.51
159914 -40 21.58 -9.51
153882 -40 21.58 -9.51
156423 -40 21.58 -9.51
157999 -40 21.58 -9.51
155133 -40 21.58 -9.51
160335 -40 21.58 -9.51
157427 -40 21.58 -9.51
159362 -40 21.58 -9.51
154679 -40 21.58 -9.51
159029 -40 21.58 -9.51
153031 -40 21.58 -9.51
154252 -40 21.58 -9.51
158609 -40 21.58 -9.51
161621 -40 21.58 -9.51
156593 -40 21.58 -9.51
159419 -40 21.58 -9.51
156523 -40 21.58 -9.51
153955 -40 21.58 -9.51
156413 -40 21.58 -9.51
160012 -40 21.58 -9.51
157875 -40 21.58 -9.51
156550 -40 21.58 -9.51
157814 -40 21.58 -9.51
159199 -40 21.58 -9.51
160396 -40 21.58 -9.51
159445 -40 21.58 -9.51
158658 -40 21.58 -9.51
159197 -40 21.58 -9.51
157898 -40 21.58 -9.51
153997 -40 21.58 -9.51
161012 -40 21.58 -9.51
154824 -40 21.58 -9.51
158907 -40 21.58 -9.51
155844 -40 21.58 -9.51
163209 -40 21.58 -9.51
155010 -40 21.58 -9.51
155329 -40 21.58 -9.51
157887 -40 21.58 -9.51
50916 -40 -3.98 -6.68
46833 -40 -3.98 -6.68
46713 -40 -3.98 -6.68
49335 -40 -3.98 -6.68
53442 -40 -3.98 -6.68
48435 -40 -3.98 -6.68
47805 -40 -3.98 -6.68
53987 -40 -3.98 -6.68
52935 -40 -3.98 -6.68
48171 -40 -3.98 -6.68
47985 -40 -3.98 -6.68
49290 -40 -3.98 -6.68
49245 -40 -3.98 -6.68
50528 -40 -3.98 -6.68
52175 -40 -3.98 -6.68
51031 -40 -3.98 -6.68
50961 -40 -3.98 -6.68
48153 -40 -3.98 -6.68
47177 -40 -3.98 -6.68
47891 -40 -3.98 -6.68
48882 -40 -3.98 -6.68
52058 -40 -3.98 -6.68
53688 -40 -3.98 -6.68
47840 -40 -3.98 -6.68
47108 -40 -3.98 -6.68
50612 -40 -3.98 -6.68
51824 -40 -3.98 -6.68
49707 -40 -3.98 -6.68
50946 -40 -3.98 -6.68
52215 -40 -3.98 -6.68
45273 -40 -3.98 -6.68
49864 -40 -3.98 -6.68
52305 -40 -3.98 -6.68
50451 -40 -3.98 -6.68
49401 -40 -3.98 -6.68
48495 -40 -3.98 -6.68
47973 -40 -3.98 -6.68
49607 -40 -3.98 -6.68
49719 -40 -3.98 -6.68
150817 -40 -0.39 -22.38
149264 -40 -0.39 -22.38
152418 -40 -0.39 -22.38
150356 -40 -0.39 -22.38
150084 -40 -0.39 -22.38
152367 -40 -0.39 -22.38
145688 -40 -0.39 -22.38
154452 -40 -0.39 -22.38
149249 -40 -0.39 -22.38
150982 -40 -0.39 -22.38
153309 -40 -0.39 -22.38
151554 -40 -0.39 -22.38
149605 -40 -0.39 -22.38
151867 -40 -0.39 -22.38
150450 -40 -0.39 -22.38
154282 -40 -0.39 -22.38
153462 -40 -0.39 -22.38
151753 -40 -0.39 -22.38
144377 -40 -0.39 -22.38
153964 -40 -0.39 -22.38
152807 -40 -0.39 -22.38
154913 -40 -0.39 -22.38
154111 -40 -0.39 -22.38
151918 -40 -0.39 -22.38
153567 -40 -0.39 -22.38
150278 -40 -0.39 -22.38
149224 -40 -0.39 -22.38
156056 -40 -0.39 -22.38
149575 -40 -0.39 -22.38
150758 -40 -0.39 -22.38
156549 -40 -0.39 -22.38
154861 -40 -0.39 -22.38
153920 -40 -0.39 -22.38
154437 -40 -0.39 -22.38
150429 -40 -0.39 -22.38
153237 -40 -0.39 -22.38
149212 -40 -0.39 -22.38
151997 -40 -0.39 -22.38
149071 -40 -0.39 -22.38
102883 -40 -2.85 -16.81
111250 -40 -2.85 -16.81
109819 -40 -2.85 -16.81
113226 -40 -2.85 -16.81
102043 -40 -2.85 -16.81
108118 -40 -2.85 -16.81
110864 -40 -2.85 -16.81
103264 -40 -2.85 -16.81
106559 -40 -2.85 -16.81
111338 -40 -2.85 -16.81
108913 -40 -2.85 -16.81
111047 -40 -2.85 -16.81
108005 -40 -2.85 -16.81
108716 -40 -2.85 -16.81
107670 -40 -2.85 -16.81
111534 -40 -2.85 -16.81
112541 -40 -2.85 -16.81
107441 -40 -2.85 -16.81
107366 -40 -2.85 -16.81
112556 -40 -2.85 -16.81
110004 -40 -2.85 -16.81
106561 -40 -2.85 -16.81
107384 -40 -2.85 -16.81
109991 -40 -2.85 -16.81
108457 -40 -2.85 -16.81
105580 -40 -2.85 -16.81
111535 -40 -2.85 -16.81
110548 -40 -2.85 -16.81
107591 -40 -2.85 -16.81
108537 -40 -2.85 -16.81
108266 -40 -2.85 -16.81
107971 -40 -2.85 -16.81
103553 -40 -2.85 -16.81
113040 -40 -2.85 -16.81
109647 -40 -2.85 -16.81
108397 -40 -2.85 -16.81
109430 -40 -2.85 -16.81
104979 -40 -2.85 -16.81
106297 -40 -2.85 -16.81
