#rtt sig_str x y
160687 -40 -18.87 15.55
158154 -40 -18.87 15.55
164545 -40 -18.87 15.55
164461 -40 -18.87 15.55
158419 -40 -18.87 15.55
161001 -40 -18.87 15.55
160277 -40 -18.87 15.55
163613 -40 -18.87 15.55
157893 -40 -18.87 15.55
161241 -40 -18.87 15.55
161316 -40 -18.87 15.55
168621 -40 -18.87 15.55
162673 -40 -18.87 15.55
161094 -40 -18.87 15.55
160076 -40 -18.87 15.55
161604 -40 -18.87 15.55
160499 -40 -18.87 15.55
166793 -40 -18.87 15.55
157518 -40 -18.87 15.55
163252 -40 -18.87 15.55
163755 -40 -18.87 15.55
160941 -40 -18.87 15.55
161265 -40 -18.87 15.55
157192 -40 -18.87 15.55
158956 -40 -18.87 15.55
162102 -40 -18.87 15.55
164110 -40 -18.87 15.55
163343 -40 -18.87 15.55
160681 -40 -18.87 15.55
163854 -40 -18.87 15.55
158139 -40 -18.87 15.55
162195 -40 -18.87 15.55
160388 -40 -18.87 15.55
160344 -40 -18.87 15.55
166250 -40 -18.87 15.55
161836 -40 -18.87 15.55
164269 -40 -18.87 15.55
160958 -40 -18.87 15.55
162055 -40 -18.87 15.55
161904 -40 -6.81 -23.96
162465 -40 -6.81 -23.96
162877 -40 -6.81 -23.96
167155 -40 -6.81 -23.96
165536 -40 -6.81 -23.96
165046 -40 -6.81 -23.96
157630 -40 -6.81 -23.96
161904 -40 -6.81 -23.96
163692 -40 -6.81 -23.96
163774 -40 -6.81 -23.96
159623 -40 -6.81 -23.96
162193 -40 -6.81 -23.96
164303 -40 -6.81 -23.96
157308 -40 -6.81 -23.96
165885 -40 -6.81 -23.96
165248 -40 -6.81 -23.96
161200 -40 -6.81 -23.96
161739 -40 -6.81 -23.96
160433 -40 -6.81 -23.96
165005 -40 -6.81 -23.96
159734 -40 -6.81 -23.96
165006 -40 -6.81 -23.96
160127 -40 -6.81 -23.96
162094 -40 -6.81 -23.96
157956 -40 -6.81 -23.96
160786 -40 -6.81 -23.96
162834 -40 -6.81 -23.96
164003 -40 -6.81 -23.96
164846 -40 -6.81 -23.96
157998 -40 -6.81 -23.96
163503 -40 -6.81 -23.96
163325 -40 -6.81 -23.96
161775 -40 -6.81 -23.96
162182 -40 -6.81 -23.96
169985 -40 -6.81 -23.96
162542 -40 -6.81 -23.96
164674 -40 -6.81 -23.96
162905 -40 -6.81 -23.96
164367 -40 -6.81 -23.96
160370 -40 19.92 12.78
158709 -40 19.92 12.78
156586 -40 19.92 12.78
159001 -40 19.92 12.78
157184 -40 19.92 12.78
156639 -40 19.92 12.78
158759 -40 19.92 12.78
158323 -40 19.92 12.78
153081 -40 19.92 12.78
156906 -40 19.92 12.78
154684 -40 19.92 12.78
155975 -40 19.92 12.78
159969 -40 19.92 12.78
157215 -40 19.92 12.78
158379 -40 19.92 12.78
154989 -40 19.92 12.78
159869 -40 19.92 12.78
154934 -40 19.92 12.78
160497 -40 19.92 12.78
156721 -40 19.92 12.78
159293 -40 19.92 12.78
155991 -40 19.92 12.78
157813 -40 19.92 12.78
158791 -40 19.92 12.78
158435 -40 19.92 12.78
157250 -40 19.92 12.78
160515 -40 19.92 12.78
151964 -40 19.92 12.78
158342 -40 19.92 12.78
159467 -40 19.92 12.78
155557 -40 19.92 12.78
157993 -40 19.92 12.78
155403 -40 19.92 12.78
160856 -40 19.92 12.78
159096 -40 19.92 12.78
158359 -40 19.92 12.78
158047 -40 19.92 12.78
157922 -40 19.92 12.78
156251 -40 19.92 12.78
183751 -40 -18.08 -19.83
180946 -40 -18.08 -19.83
183868 -40 -18.08 -19.83
180787 -40 -18.08 -19.83
186584 -40 -18.08 -19.83
182992 -40 -18.08 -19.83
181852 -40 -18.08 -19.83
182876 -40 -18.08 -19.83
181545 -40 -18.08 -19.83
181907 -40 -18.08 -19.83
179762 -40 -18.08 -19.83
178114 -40 -18.08 -19.83
179767 -40 -18.08 -19.83
180647 -40 -18.08 -19.83
178774 -40 -18.08 -19.83
179557 -40 -18.08 -19.83
178564 -40 -18.08 -19.83
184904 -40 -18.08 -19.83
179283 -40 -18.08 -19.83
185223 -40 -18.08 -19.83
178039 -40 -18.08 -19.83
179968 -40 -18.08 -19.83
179916 -40 -18.08 -19.83
181032 -40 -18.08 -19.83
180792 -40 -18.08 -19.83
187485 -40 -18.08 -19.83
178763 -40 -18.08 -19.83
180587 -40 -18.08 -19.83
180532 -40 -18.08 -19.83
181487 -40 -18.08 -19.83
178583 -40 -18.08 -19.83
182216 -40 -18.08 -19.83
178116 -40 -18.08 -19.83
182767 -40 -18.08 -19.83
182899 -40 -18.08 -19.83
180971 -40 -18.08 -19.83
180378 -40 -18.08 -19.83
181622 -40 -18.08 -19.83
184387 -40 -18.08 -19.83
202057 -40 25 15.8
206563 -40 25 15.8
196134 -40 25 15.8
201548 -40 25 15.8
205136 -40 25 15.8
203932 -40 25 15.8
202448 -40 25 15.8
202567 -40 25 15.8
203431 -40 25 15.8
205605 -40 25 15.8
201540 -40 25 15.8
205883 -40 25 15.8
204575 -40 25 15.8
203785 -40 25 15.8
202756 -40 25 15.8
202657 -40 25 15.8
205903 -40 25 15.8
197709 -40 25 15.8
203245 -40 25 15.8
205430 -40 25 15.8
202137 -40 25 15.8
197629 -40 25 15.8
201216 -40 25 15.8
202076 -40 25 15.8
205588 -40 25 15.8
206229 -40 25 15.8
202612 -40 25 15.8
207520 -40 25 15.8
202481 -40 25 15.8
198489 -40 25 15.8
203195 -40 25 15.8
202954 -40 25 15.8
202885 -40 25 15.8
208273 -40 25 15.8
207095 -40 25 15.8
201324 -40 25 15.8
206698 -40 25 15.8
209123 -40 25 15.8
203051 -40 25 15.8
170975 -40 17.3 -18.14
167887 -40 17.3 -18.14
170931 -40 17.3 -18.14
170775 -40 17.3 -18.14
168015 -40 17.3 -18.14
165055 -40 17.3 -18.14
171790 -40 17.3 -18.14
167383 -40 17.3 -18.14
173558 -40 17.3 -18.14
172603 -40 17.3 -18.14
169907 -40 17.3 -18.14
167256 -40 17.3 -18.14
170011 -40 17.3 -18.14
169821 -40 17.3 -18.14
169287 -40 17.3 -18.14
174572 -40 17.3 -18.14
171875 -40 17.3 -18.14
173690 -40 17.3 -18.14
169555 -40 17.3 -18.14
167934 -40 17.3 -18.14
172805 -40 17.3 -18.14
168763 -40 17.3 -18.14
175453 -40 17.3 -18.14
171932 -40 17.3 -18.14
166088 -40 17.3 -18.14
170573 -40 17.3 -18.14
170736 -40 17.3 -18.14
166863 -40 17.3 -18.14
171467 -40 17.3 -18.14
172157 -40 17.3 -18.14
171502 -40 17.3 -18.14
171978 -40 17.3 -18.14
171739 -40 17.3 -18.14
170454 -40 17.3 -18.14
177707 -40 17.3 -18.14
169010 -40 17.3 -18.14
167681 -40 17.3 -18.14
171979 -40 17.3 -18.14
166560 -40 17.3 -18.14
124352 -40 13.36 -12.45
120248 -40 13.36 -12.45
122556 -40 13.36 -12.45
126636 -40 13.36 -12.45
126303 -40 13.36 -12.45
122416 -40 13.36 -12.45
129091 -40 13.36 -12.45
121455 -40 13.36 -12.45
122574 -40 13.36 -12.45
122217 -40 13.36 -12.45
126935 -40 13.36 -12.45
121669 -40 13.36 -12.45
119748 -40 13.36 -12.45
124388 -40 13.36 -12.45
122637 -40 13.36 -12.45
127279 -40 13.36 -12.45
126951 -40 13.36 -12.45
121859 -40 13.36 -12.45
126947 -40 13.36 -12.45
122292 -40 13.36 -12.45
121753 -40 13.36 -12.45
129833 -40 13.36 -12.45
125918 -40 13.36 -12.45
122905 -40 13.36 -12.45
121019 -40 13.36 -12.45
125030 -40 13.36 -12.45
122304 -40 13.36 -12.45
123244 -40 13.36 -12.45
121495 -40 13.36 -12.45
123169 -40 13.36 -12.45
127136 -40 13.36 -12.45
124280 -40 13.36 -12.45
126540 -40 13.36 -12.45
121022 -40 13.36 -12.45
126400 -40 13.36 -12.45
125904 -40 13.36 -12.45
125043 -40 13.36 -12.45
126693 -40 13.36 -12.45
123953 -40 13.36 -12.45
217603 -40 29.75 -7.65
216796 -40 29.75 -7.65
214913 -40 29.75 -7.65
215528 -40 29.75 -7.65
215584 -40 29.75 -7.65
218535 -40 29.75 -7.65
214656 -40 29.75 -7.65
211018 -40 29.75 -7.65
212722 -40 29.75 -7.65
213654 -40 29.75 -7.65
217637 -40 29.75 -7.65
216047 -40 29.75 -7.65
216477 -40 29.75 -7.65
209131 -40 29.75 -7.65
216340 -40 29.75 -7.65
212873 -40 29.75 -7.65
212693 -40 29.75 -7.65
218837 -40 29.75 -7.65
219935 -40 29.75 -7.65
218495 -40 29.75 -7.65
218862 -40 29.75 -7.65
214603 -40 29.75 -7.65
217327 -40 29.75 -7.65
214000 -40 29.75 -7.65
215465 -40 29.75 -7.65
219697 -40 29.75 -7.65
216228 -40 29.75 -7.65
214829 -40 29.75 -7.65
213691 -40 29.75 -7.65
214130 -40 29.75 -7.65
215782 -40 29.75 -7.65
214171 -40 29.75 -7.65
220550 -40 29.75 -7.65
213644 -40 29.75 -7.65
216676 -40 29.75 -7.65
211214 -40 29.75 -7.65
218640 -40 29.75 -7.65
212700 -40 29.75 -7.65
219204 -40 29.75 -7.65
161362 -40 20.73 -12.45
162652 -40 20.73 -12.45
161358 -40 20.73 -12.45
160237 -40 20.73 -12.45
163669 -40 20.73 -12.45
163261 -40 20.73 -12.45
161104 -40 20.73 -12.45
160953 -40 20.73 -12.45
159656 -40 20.73 -12.45
162272 -40 20.73 -12.45
157435 -40 20.73 -12.45
161230 -40 20.73 -12.45
160214 -40 20.73 -12.45
160330 -40 20.73 -12.45
159834 -40 20.73 -12.45
160802 -40 20.73 -12.45
160206 -40 20.73 -12.45
161810 -40 20.73 -12.45
159778 -40 20.73 -12.45
160024 -40 20.73 -12.45
163083 -40 20.73 -12.45
164848 -40 20.73 -12.45
159527 -40 20.73 -12.45
160167 -40 20.73 -12.45
161741 -40 20.73 -12.45
157438 -40 20.73 -12.45
157548 -40 20.73 -12.45
156836 -40 20.73 -12.45
158015 -40 20.73 -12.45
159788 -40 20.73 -12.45
157895 -40 20.73 -12.45
164145 -40 20.73 -12.45
159800 -40 20.73 -12.45
160828 -40 20.73 -12.45
159832 -40 20.73 -12.45
163585 -40 20.73 -12.45
163206 -40 20.73 -12.45
162043 -40 20.73 -12.45
167312 -40 20.73 -12.45
198836 -40 -15.98 24.77
194487 -40 -15.98 24.77
192627 -40 -15.98 24.77
194938 -40 -15.98 24.77
198612 -40 -15.98 24.77
196938 -40 -15.98 24.77
195114 -40 -15.98 24.77
191168 -40 -15.98 24.77
196536 -40 -15.98 24.77
196083 -40 -15.98 24.77
198134 -40 -15.98 24.77
197883 -40 -15.98 24.77
192641 -40 -15.98 24.77
194947 -40 -15.98 24.77
198268 -40 -15.98 24.77
197698 -40 -15.98 24.77
198547 -40 -15.98 24.77
195865 -40 -15.98 24.77
198680 -40 -15.98 24.77
193285 -40 -15.98 24.77
194145 -40 -15.98 24.77
195453 -40 -15.98 24.77
193317 -40 -15.98 24.77
198970 -40 -15.98 24.77
194942 -40 -15.98 24.77
196368 -40 -15.98 24.77
193398 -40 -15.98 24.77
196774 -40 -15.98 24.77
198112 -40 -15.98 24.77
194553 -40 -15.98 24.77
198623 -40 -15.98 24.77
196280 -40 -15.98 24.77
194218 -40 -15.98 24.77
195600 -40 -15.98 24.77
196811 -40 -15.98 24.77
193502 -40 -15.98 24.77
197416 -40 -15.98 24.77
198053 -40 -15.98 24.77
196892 -40 -15.98 24.77
