#rtt sig_str x y
259105 -40 -23.6 29.86
259122 -40 -23.6 29.86
256015 -40 -23.6 29.86
255697 -40 -23.6 29.86
257167 -40 -23.6 29.86
258171 -40 -23.6 29.86
259888 -40 -23.6 29.86
260706 -40 -23.6 29.86
260935 -40 -23.6 29.86
260643 -40 -23.6 29.86
260376 -40 -23.6 29.86
259854 -40 -23.6 29.86
257106 -40 -23.6 29.86
257817 -40 -23.6 29.86
257766 -40 -23.6 29.86
252618 -40 -23.6 29.86
259868 -40 -23.6 29.86
259918 -40 -23.6 29.86
259838 -40 -23.6 29.86
256628 -40 -23.6 29.86
259303 -40 -23.6 29.86
257837 -40 -23.6 29.86
261795 -40 -23.6 29.86
259304 -40 -23.6 29.86
258697 -40 -23.6 29.86
256080 -40 -23.6 29.86
254976 -40 -23.6 29.86
257975 -40 -23.6 29.86
259013 -40 -23.6 29.86
255006 -40 -23.6 29.86
252032 -40 -23.6 29.86
262816 -40 -23.6 29.86
260261 -40 -23.6 29.86
257192 -40 -23.6 29.86
258691 -40 -23.6 29.86
263502 -40 -23.6 29.86
257295 -40 -23.6 29.86
256097 -40 -23.6 29.86
259585 -40 -23.6 29.86
86849 -40 11.06 -5.27
87716 -40 11.06 -5.27
83774 -40 11.06 -5.27
84509 -40 11.06 -5.27
87334 -40 11.06 -5.27
88575 -40 11.06 -5.27
88585 -40 11.06 -5.27
88323 -40 11.06 -5.27
81397 -40 11.06 -5.27
84672 -40 11.06 -5.27
87534 -40 11.06 -5.27
88381 -40 11.06 -5.27
89810 -40 11.06 -5.27
89243 -40 11.06 -5.27
89341 -40 11.06 -5.27
88095 -40 11.06 -5.27
89801 -40 11.06 -5.27
88490 -40 11.06 -5.27
92930 -40 11.06 -5.27
85680 -40 11.06 -5.27
80241 -40 11.06 -5.27
89686 -40 11.06 -5.27
88409 -40 11.06 -5.27
86222 -40 11.06 -5.27
83226 -40 11.06 -5.27
88533 -40 11.06 -5.27
93956 -40 11.06 -5.27
89233 -40 11.06 -5.27
86164 -40 11.06 -5.27
91464 -40 11.06 -5.27
84831 -40 11.06 -5.27
88482 -40 11.06 -5.27
87326 -40 11.06 -5.27
81340 -40 11.06 -5.27
85868 -40 11.06 -5.27
91302 -40 11.06 -5.27
84742 -40 11.06 -5.27
91288 -40 11.06 -5.27
87571 -40 11.06 -5.27
170654 -40 2.1 -25.73
173416 -40 2.1 -25.73
173154 -40 2.1 -25.73
169628 -40 2.1 -25.73
169440 -40 2.1 -25.73
166295 -40 2.1 -25.73
169991 -40 2.1 -25.73
168904 -40 2.1 -25.73
173842 -40 2.1 -25.73
171202 -40 2.1 -25.73
173015 -40 2.1 -25.73
171660 -40 2.1 -25.73
172032 -40 2.1 -25.73
172779 -40 2.1 -25.73
175181 -40 2.1 -25.73
169330 -40 2.1 -25.73
170354 -40 2.1 -25.73
171624 -40 2.1 -25.73
168138 -40 2.1 -25.73
175913 -40 2.1 -25.73
170902 -40 2.1 -25.73
172117 -40 2.1 -25.73
176856 -40 2.1 -25.73
166433 -40 2.1 -25.73
173579 -40 2.1 -25.73
167581 -40 2.1 -25.73
170087 -40 2.1 -25.73
172238 -40 2.1 -25.73
171636 -40 2.1 -25.73
172666 -40 2.1 -25.73
175236 -40 2.1 -25.73
174702 -40 2.1 -25.73
172120 -40 2.1 -25.73
168680 -40 2.1 -25.73
173979 -40 2.1 -25.73
169971 -40 2.1 -25.73
170804 -40 2.1 -25.73
171209 -40 2.1 -25.73
169176 -40 2.1 -25.73
87766 -40 -7.85 8.9
82210 -40 -7.85 8.9
83582 -40 -7.85 8.9
82009 -40 -7.85 8.9
80910 -40 -7.85 8.9
86301 -40 -7.85 8.9
89299 -40 -7.85 8.9
79937 -40 -7.85 8.9
79490 -40 -7.85 8.9
85112 -40 -7.85 8.9
82988 -40 -7.85 8.9
87602 -40 -7.85 8.9
84686 -40 -7.85 8.9
89541 -40 -7.85 8.9
87378 -40 -7.85 8.9
85068 -40 -7.85 8.9
85500 -40 -7.85 8.9
84265 -40 -7.85 8.9
88485 -40 -7.85 8.9
79771 -40 -7.85 8.9
89011 -40 -7.85 8.9
82435 -40 -7.85 8.9
86257 -40 -7.85 8.9
84042 -40 -7.85 8.9
83782 -40 -7.85 8.9
89264 -40 -7.85 8.9
87666 -40 -7.85 8.9
84225 -40 -7.85 8.9
87841 -40 -7.85 8.9
82660 -40 -7.85 8.9
86233 -40 -7.85 8.9
81673 -40 -7.85 8.9
84586 -40 -7.85 8.9
86977 -40 -7.85 8.9
81904 -40 -7.85 8.9
87167 -40 -7.85 8.9
80900 -40 -7.85 8.9
81021 -40 -7.85 8.9
87430 -40 -7.85 8.9
190373 -40 -5.24 -28.78
188662 -40 -5.24 -28.78
187662 -40 -5.24 -28.78
189323 -40 -5.24 -28.78
188154 -40 -5.24 -28.78
181009 -40 -5.24 -28.78
189142 -40 -5.24 -28.78
188189 -40 -5.24 -28.78
186902 -40 -5.24 -28.78
186861 -40 -5.24 -28.78
191837 -40 -5.24 -28.78
189103 -40 -5.24 -28.78
190141 -40 -5.24 -28.78
190802 -40 -5.24 -28.78
185063 -40 -5.24 -28.78
189043 -40 -5.24 -28.78
188200 -40 -5.24 -28.78
181860 -40 -5.24 -28.78
188624 -40 -5.24 -28.78
185774 -40 -5.24 -28.78
182649 -40 -5.24 -28.78
193570 -40 -5.24 -28.78
188285 -40 -5.24 -28.78
189057 -40 -5.24 -28.78
190778 -40 -5.24 -28.78
185613 -40 -5.24 -28.78
186496 -40 -5.24 -28.78
187630 -40 -5.24 -28.78
182742 -40 -5.24 -28.78
188996 -40 -5.24 -28.78
187996 -40 -5.24 -28.78
187877 -40 -5.24 -28.78
188653 -40 -5.24 -28.78
189131 -40 -5.24 -28.78
185209 -40 -5.24 -28.78
189531 -40 -5.24 -28.78
189983 -40 -5.24 -28.78
184404 -40 -5.24 -28.78
184344 -40 -5.24 -28.78
68656 -40 5.27 8.56
73180 -40 5.27 8.56
68241 -40 5.27 8.56
65861 -40 5.27 8.56
66601 -40 5.27 8.56
67973 -40 5.27 8.56
64310 -40 5.27 8.56
71470 -40 5.27 8.56
66984 -40 5.27 8.56
66974 -40 5.27 8.56
70005 -40 5.27 8.56
67813 -40 5.27 8.56
64439 -40 5.27 8.56
71065 -40 5.27 8.56
69272 -40 5.27 8.56
69535 -40 5.27 8.56
73122 -40 5.27 8.56
68858 -40 5.27 8.56
67374 -40 5.27 8.56
71922 -40 5.27 8.56
69897 -40 5.27 8.56
70563 -40 5.27 8.56
68717 -40 5.27 8.56
66353 -40 5.27 8.56
67598 -40 5.27 8.56
69693 -40 5.27 8.56
69203 -40 5.27 8.56
71003 -40 5.27 8.56
66898 -40 5.27 8.56
68559 -40 5.27 8.56
71371 -40 5.27 8.56
68202 -40 5.27 8.56
69810 -40 5.27 8.56
68142 -40 5.27 8.56
68658 -40 5.27 8.56
69464 -40 5.27 8.56
67785 -40 5.27 8.56
70108 -40 5.27 8.56
61972 -40 5.27 8.56
190974 -40 12.97 26.7
191406 -40 12.97 26.7
195016 -40 12.97 26.7
195490 -40 12.97 26.7
193025 -40 12.97 26.7
189014 -40 12.97 26.7
189245 -40 12.97 26.7
193403 -40 12.97 26.7
194261 -40 12.97 26.7
196027 -40 12.97 26.7
195587 -40 12.97 26.7
193517 -40 12.97 26.7
194586 -40 12.97 26.7
191654 -40 12.97 26.7
190958 -40 12.97 26.7
196251 -40 12.97 26.7
192409 -40 12.97 26.7
194008 -40 12.97 26.7
190898 -40 12.97 26.7
196042 -40 12.97 26.7
194774 -40 12.97 26.7
193504 -40 12.97 26.7
191161 -40 12.97 26.7
192375 -40 12.97 26.7
190449 -40 12.97 26.7
197456 -40 12.97 26.7
188867 -40 12.97 26.7
191380 -40 12.97 26.7
195412 -40 12.97 26.7
195098 -40 12.97 26.7
190830 -40 12.97 26.7
195516 -40 12.97 26.7
190662 -40 12.97 26.7
195995 -40 12.97 26.7
197159 -40 12.97 26.7
197840 -40 12.97 26.7
194277 -40 12.97 26.7
191790 -40 12.97 26.7
192726 -40 12.97 26.7
192150 -40 -19.6 22.17
192956 -40 -19.6 22.17
195607 -40 -19.6 22.17
188913 -40 -19.6 22.17
187561 -40 -19.6 22.17
191555 -40 -19.6 22.17
190666 -40 -19.6 22.17
190355 -40 -19.6 22.17
187276 -40 -19.6 22.17
193875 -40 -19.6 22.17
193115 -40 -19.6 22.17
191800 -40 -19.6 22.17
190727 -40 -19.6 22.17
195093 -40 -19.6 22.17
191670 -40 -19.6 22.17
190317 -40 -19.6 22.17
191733 -40 -19.6 22.17
188649 -40 -19.6 22.17
192375 -40 -19.6 22.17
188684 -40 -19.6 22.17
187985 -40 -19.6 22.17
191013 -40 -19.6 22.17
187669 -40 -19.6 22.17
191039 -40 -19.6 22.17
191868 -40 -19.6 22.17
188589 -40 -19.6 22.17
188149 -40 -19.6 22.17
189868 -40 -19.6 22.17
191818 -40 -19.6 22.17
187483 -40 -19.6 22.17
190876 -40 -19.6 22.17
188246 -40 -19.6 22.17
191638 -40 -19.6 22.17
189884 -40 -19.6 22.17
185047 -40 -19.6 22.17
190309 -40 -19.6 22.17
188065 -40 -19.6 22.17
193601 -40 -19.6 22.17
186661 -40 -19.6 22.17
270016 -40 -26 29.47
270542 -40 -26 29.47
271465 -40 -26 29.47
269521 -40 -26 29.47
265714 -40 -26 29.47
265797 -40 -26 29.47
269812 -40 -26 29.47
272665 -40 -26 29.47
263147 -40 -26 29.47
265754 -40 -26 29.47
267820 -40 -26 29.47
268018 -40 -26 29.47
267743 -40 -26 29.47
268198 -40 -26 29.47
267170 -40 -26 29.47
272876 -40 -26 29.47
265805 -40 -26 29.47
267419 -40 -26 29.47
263554 -40 -26 29.47
265443 -40 -26 29.47
265238 -40 -26 29.47
267999 -40 -26 29.47
268806 -40 -26 29.47
271772 -40 -26 29.47
266204 -40 -26 29.47
268603 -40 -26 29.47
269938 -40 -26 29.47
269913 -40 -26 29.47
268566 -40 -26 29.47
268592 -40 -26 29.47
266169 -40 -26 29.47
269392 -40 -26 29.47
269297 -40 -26 29.47
268032 -40 -26 29.47
272291 -40 -26 29.47
266300 -40 -26 29.47
270411 -40 -26 29.47
265884 -40 -26 29.47
270612 -40 -26 29.47
102456 -40 0.04 14.9
97081 -40 0.04 14.9
100127 -40 0.04 14.9
95908 -40 0.04 14.9
98564 -40 0.04 14.9
91899 -40 0.04 14.9
95568 -40 0.04 14.9
96763 -40 0.04 14.9
104157 -40 0.04 14.9
96421 -40 0.04 14.9
97911 -40 0.04 14.9
99590 -40 0.04 14.9
98870 -40 0.04 14.9
96343 -40 0.04 14.9
90768 -40 0.04 14.9
97524 -40 0.04 14.9
100842 -40 0.04 14.9
97205 -40 0.04 14.9
98777 -40 0.04 14.9
101807 -40 0.04 14.9
103350 -40 0.04 14.9
96171 -40 0.04 14.9
101360 -40 0.04 14.9
99302 -40 0.04 14.9
93888 -40 0.04 14.9
96087 -40 0.04 14.9
94503 -40 0.04 14.9
105172 -40 0.04 14.9
98430 -40 0.04 14.9
96926 -40 0.04 14.9
96022 -40 0.04 14.9
99285 -40 0.04 14.9
98555 -40 0.04 14.9
103789 -40 0.04 14.9
101347 -40 0.04 14.9
95787 -40 0.04 14.9
95699 -40 0.04 14.9
101025 -40 0.04 14.9
94739 -40 0.04 14.9
