#rtt sig_str x y
101324 -40 8.56 -11.68
100739 -40 8.56 -11.68
95932 -40 8.56 -11.68
97816 -40 8.56 -11.68
98019 -40 8.56 -11.68
96800 -40 8.56 -11.68
101956 -40 8.56 -11.68
100156 -40 8.56 -11.68
94575 -40 8.56 -11.68
101354 -40 8.56 -11.68
93884 -40 8.56 -11.68
99963 -40 8.56 -11.68
95460 -40 8.56 -11.68
98923 -40 8.56 -11.68
99561 -40 8.56 -11.68
99872 -40 8.56 -11.68
99310 -40 8.56 -11.68
99040 -40 8.56 -11.68
94598 -40 8.56 -11.68
96317 -40 8.56 -11.68
102277 -40 8.56 -11.68
98850 -40 8.56 -11.68
100012 -40 8.56 -11.68
97288 -40 8.56 -11.68
100356 -40 8.56 -11.68
95901 -40 8.56 -11.68
100812 -40 8.56 -11.68
94993 -40 8.56 -11.68
99059 -40 8.56 -11.68
100652 -40 8.56 -11.68
97530 -40 8.56 -11.68
96556 -40 8.56 -11.68
100532 -40 8.56 -11.68
93974 -40 8.56 -11.68
97127 -40 8.56 -11.68
101587 -40 8.56 -11.68
98150 -40 8.56 -11.68
100734 -40 8.56 -11.68
98200 -40 8.56 -11.68
43507 -40 2.32 6.47
41620 -40 2.32 6.47
40750 -40 2.32 6.47
44447 -40 2.32 6.47
38804 -40 2.32 6.47
36275 -40 2.32 6.47
42282 -40 2.32 6.47
43910 -40 2.32 6.47
41747 -40 2.32 6.47
40627 -40 2.32 6.47
42969 -40 2.32 6.47
36519 -40 2.32 6.47
44466 -40 2.32 6.47
38380 -40 2.32 6.47
34401 -40 2.32 6.47
43367 -40 2.32 6.47
40359 -40 2.32 6.47
39581 -40 2.32 6.47
44243 -40 2.32 6.47
40775 -40 2.32 6.47
44777 -40 2.32 6.47
41464 -40 2.32 6.47
45558 -40 2.32 6.47
39455 -40 2.32 6.47
39128 -40 2.32 6.47
41144 -40 2.32 6.47
40412 -40 2.32 6.47
40128 -40 2.32 6.47
41458 -40 2.32 6.47
43332 -40 2.32 6.47
45606 -40 2.32 6.47
45353 -40 2.32 6.47
37332 -40 2.32 6.47
45775 -40 2.32 6.47
34792 -40 2.32 6.47
43591 -40 2.32 6.47
38809 -40 2.32 6.47
43624 -40 2.32 6.47
36490 -40 2.32 6.47
125926 -40 0.71 -19.6
127305 -40 0.71 -19.6
126605 -40 0.71 -19.6
123246 -40 0.71 -19.6
126563 -40 0.71 -19.6
122197 -40 0.71 -19.6
123234 -40 0.71 -19.6
126192 -40 0.71 -19.6
125328 -40 0.71 -19.6
121178 -40 0.71 -19.6
124744 -40 0.71 -19.6
122489 -40 0.71 -19.6
125455 -40 0.71 -19.6
123592 -40 0.71 -19.6
126207 -40 0.71 -19.6
122806 -40 0.71 -19.6
123999 -40 0.71 -19.6
124745 -40 0.71 -19.6
122216 -40 0.71 -19.6
126183 -40 0.71 -19.6
123517 -40 0.71 -19.6
124024 -40 0.71 -19.6
115008 -40 0.71 -19.6
122602 -40 0.71 -19.6
127782 -40 0.71 -19.6
116016 -40 0.71 -19.6
119987 -40 0.71 -19.6
124949 -40 0.71 -19.6
124302 -40 0.71 -19.6
124606 -40 0.71 -19.6
124829 -40 0.71 -19.6
121731 -40 0.71 -19.6
124810 -40 0.71 -19.6
118637 -40 0.71 -19.6
123561 -40 0.71 -19.6
120718 -40 0.71 -19.6
119848 -40 0.71 -19.6
122741 -40 0.71 -19.6
127523 -40 0.71 -19.6
48966 -40 6.62 1.12
43906 -40 6.62 1.12
44011 -40 6.62 1.12
43193 -40 6.62 1.12
44449 -40 6.62 1.12
47987 -40 6.62 1.12
45473 -40 6.62 1.12
46517 -40 6.62 1.12
51124 -40 6.62 1.12
45661 -40 6.62 1.12
49163 -40 6.62 1.12
47310 -40 6.62 1.12
44833 -40 6.62 1.12
46676 -40 6.62 1.12
49088 -40 6.62 1.12
47579 -40 6.62 1.12
45878 -40 6.62 1.12
47742 -40 6.62 1.12
47607 -40 6.62 1.12
43327 -40 6.62 1.12
45736 -40 6.62 1.12
49186 -40 6.62 1.12
44917 -40 6.62 1.12
45095 -40 6.62 1.12
47980 -40 6.62 1.12
46459 -40 6.62 1.12
48953 -40 6.62 1.12
48209 -40 6.62 1.12
43894 -40 6.62 1.12
50211 -40 6.62 1.12
44089 -40 6.62 1.12
49041 -40 6.62 1.12
47279 -40 6.62 1.12
43599 -40 6.62 1.12
48030 -40 6.62 1.12
45026 -40 6.62 1.12
46423 -40 6.62 1.12
45375 -40 6.62 1.12
44041 -40 6.62 1.12
74333 -40 -0.42 -11.44
67097 -40 -0.42 -11.44
77470 -40 -0.42 -11.44
71554 -40 -0.42 -11.44
75615 -40 -0.42 -11.44
77599 -40 -0.42 -11.44
67873 -40 -0.42 -11.44
73366 -40 -0.42 -11.44
72098 -40 -0.42 -11.44
72769 -40 -0.42 -11.44
72873 -40 -0.42 -11.44
75502 -40 -0.42 -11.44
75434 -40 -0.42 -11.44
75759 -40 -0.42 -11.44
72480 -40 -0.42 -11.44
75513 -40 -0.42 -11.44
69810 -40 -0.42 -11.44
72759 -40 -0.42 -11.44
73669 -40 -0.42 -11.44
74373 -40 -0.42 -11.44
75418 -40 -0.42 -11.44
71824 -40 -0.42 -11.44
73766 -40 -0.42 -11.44
72578 -40 -0.42 -11.44
78161 -40 -0.42 -11.44
69008 -40 -0.42 -11.44
70875 -40 -0.42 -11.44
69844 -40 -0.42 -11.44
74943 -40 -0.42 -11.44
73295 -40 -0.42 -11.44
77314 -40 -0.42 -11.44
76524 -40 -0.42 -11.44
73230 -40 -0.42 -11.44
76482 -40 -0.42 -11.44
78476 -40 -0.42 -11.44
73081 -40 -0.42 -11.44
72192 -40 -0.42 -11.44
76506 -40 -0.42 -11.44
73507 -40 -0.42 -11.44
196381 -40 -17.14 -24.85
203132 -40 -17.14 -24.85
195996 -40 -17.14 -24.85
200815 -40 -17.14 -24.85
196877 -40 -17.14 -24.85
199970 -40 -17.14 -24.85
203792 -40 -17.14 -24.85
202426 -40 -17.14 -24.85
203066 -40 -17.14 -24.85
199401 -40 -17.14 -24.85
200405 -40 -17.14 -24.85
200195 -40 -17.14 -24.85
200923 -40 -17.14 -24.85
196324 -40 -17.14 -24.85
203871 -40 -17.14 -24.85
199590 -40 -17.14 -24.85
197422 -40 -17.14 -24.85
196994 -40 -17.14 -24.85
194918 -40 -17.14 -24.85
201329 -40 -17.14 -24.85
206384 -40 -17.14 -24.85
201052 -40 -17.14 -24.85
196803 -40 -17.14 -24.85
201103 -40 -17.14 -24.85
197978 -40 -17.14 -24.85
199446 -40 -17.14 -24.85
202152 -40 -17.14 -24.85
196249 -40 -17.14 -24.85
204644 -40 -17.14 -24.85
203834 -40 -17.14 -24.85
203027 -40 -17.14 -24.85
199046 -40 -17.14 -24.85
200443 -40 -17.14 -24.85
199778 -40 -17.14 -24.85
203627 -40 -17.14 -24.85
204635 -40 -17.14 -24.85
195496 -40 -17.14 -24.85
199726 -40 -17.14 -24.85
197047 -40 -17.14 -24.85
168296 -40 -15.36 21.97
170495 -40 -15.36 21.97
169994 -40 -15.36 21.97
168950 -40 -15.36 21.97
170090 -40 -15.36 21.97
171619 -40 -15.36 21.97
164518 -40 -15.36 21.97
171608 -40 -15.36 21.97
166040 -40 -15.36 21.97
167771 -40 -15.36 21.97
170026 -40 -15.36 21.97
168243 -40 -15.36 21.97
171159 -40 -15.36 21.97
169415 -40 -15.36 21.97
173049 -40 -15.36 21.97
171235 -40 -15.36 21.97
170752 -40 -15.36 21.97
169569 -40 -15.36 21.97
170206 -40 -15.36 21.97
169713 -40 -15.36 21.97
168346 -40 -15.36 21.97
173719 -40 -15.36 21.97
169118 -40 -15.36 21.97
166066 -40 -15.36 21.97
172354 -40 -15.36 21.97
171856 -40 -15.36 21.97
176680 -40 -15.36 21.97
169984 -40 -15.36 21.97
170681 -40 -15.36 21.97
171679 -40 -15.36 21.97
168208 -40 -15.36 21.97
166191 -40 -15.36 21.97
167573 -40 -15.36 21.97
173666 -40 -15.36 21.97
167700 -40 -15.36 21.97
170654 -40 -15.36 21.97
169535 -40 -15.36 21.97
170236 -40 -15.36 21.97
171481 -40 -15.36 21.97
28330 -40 4.33 -1.32
33042 -40 4.33 -1.32
32530 -40 4.33 -1.32
30387 -40 4.33 -1.32
32122 -40 4.33 -1.32
33888 -40 4.33 -1.32
31684 -40 4.33 -1.32
29590 -40 4.33 -1.32
33064 -40 4.33 -1.32
35545 -40 4.33 -1.32
33673 -40 4.33 -1.32
31307 -40 4.33 -1.32
36892 -40 4.33 -1.32
31960 -40 4.33 -1.32
33382 -40 4.33 -1.32
37286 -40 4.33 -1.32
34937 -40 4.33 -1.32
30993 -40 4.33 -1.32
33133 -40 4.33 -1.32
34579 -40 4.33 -1.32
35416 -40 4.33 -1.32
32893 -40 4.33 -1.32
33673 -40 4.33 -1.32
33708 -40 4.33 -1.32
31893 -40 4.33 -1.32
29172 -40 4.33 -1.32
32369 -40 4.33 -1.32
34403 -40 4.33 -1.32
32871 -40 4.33 -1.32
33547 -40 4.33 -1.32
37844 -40 4.33 -1.32
33147 -40 4.33 -1.32
34755 -40 4.33 -1.32
28042 -40 4.33 -1.32
33594 -40 4.33 -1.32
35253 -40 4.33 -1.32
30892 -40 4.33 -1.32
36275 -40 4.33 -1.32
30196 -40 4.33 -1.32
167095 -40 16.36 19.97
168069 -40 16.36 19.97
165515 -40 16.36 19.97
163301 -40 16.36 19.97
166429 -40 16.36 19.97
166712 -40 16.36 19.97
162341 -40 16.36 19.97
168454 -40 16.36 19.97
167841 -40 16.36 19.97
165891 -40 16.36 19.97
170012 -40 16.36 19.97
164990 -40 16.36 19.97
165001 -40 16.36 19.97
162544 -40 16.36 19.97
165063 -40 16.36 19.97
163961 -40 16.36 19.97
168050 -40 16.36 19.97
167764 -40 16.36 19.97
169923 -40 16.36 19.97
165011 -40 16.36 19.97
167889 -40 16.36 19.97
167889 -40 16.36 19.97
165081 -40 16.36 19.97
162564 -40 16.36 19.97
165620 -40 16.36 19.97
165193 -40 16.36 19.97
161321 -40 16.36 19.97
165767 -40 16.36 19.97
165497 -40 16.36 19.97
164904 -40 16.36 19.97
168630 -40 16.36 19.97
163616 -40 16.36 19.97
165321 -40 16.36 19.97
166442 -40 16.36 19.97
163800 -40 16.36 19.97
162460 -40 16.36 19.97
161565 -40 16.36 19.97
163117 -40 16.36 19.97
167415 -40 16.36 19.97
197928 -40 -11.36 27.43
196737 -40 -11.36 27.43
197703 -40 -11.36 27.43
195014 -40 -11.36 27.43
197376 -40 -11.36 27.43
196952 -40 -11.36 27.43
196597 -40 -11.36 27.43
195250 -40 -11.36 27.43
199428 -40 -11.36 27.43
196080 -40 -11.36 27.43
195792 -40 -11.36 27.43
195906 -40 -11.36 27.43
196666 -40 -11.36 27.43
196240 -40 -11.36 27.43
197061 -40 -11.36 27.43
197403 -40 -11.36 27.43
198702 -40 -11.36 27.43
199117 -40 -11.36 27.43
199176 -40 -11.36 27.43
197085 -40 -11.36 27.43
194768 -40 -11.36 27.43
199420 -40 -11.36 27.43
200064 -40 -11.36 27.43
197435 -40 -11.36 27.43
193402 -40 -11.36 27.43
199727 -40 -11.36 27.43
196107 -40 -11.36 27.43
201718 -40 -11.36 27.43
198104 -40 -11.36 27.43
197319 -40 -11.36 27.43
195328 -40 -11.36 27.43
199447 -40 -11.36 27.43
199258 -40 -11.36 27.43
194608 -40 -11.36 27.43
200506 -40 -11.36 27.43
194418 -40 -11.36 27.43
200179 -40 -11.36 27.43
198444 -40 -11.36 27.43
196486 -40 -11.36 27.43
