#rtt sig_str x y
122438 -40 -17.87 -4.76
114941 -40 -17.87 -4.76
116534 -40 -17.87 -4.76
118771 -40 -17.87 -4.76
113655 -40 -17.87 -4.76
116275 -40 -17.87 -4.76
117493 -40 -17.87 -4.76
120775 -40 -17.87 -4.76
115221 -40 -17.87 -4.76
117007 -40 -17.87 -4.76
117907 -40 -17.87 -4.76
119764 -40 -17.87 -4.76
119210 -40 -17.87 -4.76
118288 -40 -17.87 -4.76
112263 -40 -17.87 -4.76
116142 -40 -17.87 -4.76
119975 -40 -17.87 -4.76
114823 -40 -17.87 -4.76
114704 -40 -17.87 -4.76
118667 -40 -17.87 -4.76
119614 -40 -17.87 -4.76
122483 -40 -17.87 -4.76
118576 -40 -17.87 -4.76
113862 -40 -17.87 -4.76
115903 -40 -17.87 -4.76
117463 -40 -17.87 -4.76
116840 -40 -17.87 -4.76
118905 -40 -17.87 -4.76
124585 -40 -17.87 -4.76
118056 -40 -17.87 -4.76
114563 -40 -17.87 -4.76
115034 -40 -17.87 -4.76
119001 -40 -17.87 -4.76
113914 -40 -17.87 -4.76
118447 -40 -17.87 -4.76
115617 -40 -17.87 -4.76
114921 -40 -17.87 -4.76
116003 -40 -17.87 -4.76
118513 -40 -17.87 -4.76
213531 -40 17.08 25.9
209588 -40 17.08 25.9
206730 -40 17.08 25.9
204890 -40 17.08 25.9
205196 -40 17.08 25.9
204373 -40 17.08 25.9
208610 -40 17.08 25.9
211289 -40 17.08 25.9
212920 -40 17.08 25.9
209184 -40 17.08 25.9
209675 -40 17.08 25.9
210441 -40 17.08 25.9
211040 -40 17.08 25.9
203579 -40 17.08 25.9
210086 -40 17.08 25.9
211833 -40 17.08 25.9
211370 -40 17.08 25.9
208172 -40 17.08 25.9
209740 -40 17.08 25.9
212710 -40 17.08 25.9
203675 -40 17.08 25.9
210564 -40 17.08 25.9
209250 -40 17.08 25.9
213143 -40 17.08 25.9
204888 -40 17.08 25.9
207305 -40 17.08 25.9
209450 -40 17.08 25.9
210388 -40 17.08 25.9
212439 -40 17.08 25.9
207191 -40 17.08 25.9
207340 -40 17.08 25.9
211324 -40 17.08 25.9
203275 -40 17.08 25.9
208963 -40 17.08 25.9
208933 -40 17.08 25.9
210846 -40 17.08 25.9
207058 -40 17.08 25.9
209317 -40 17.08 25.9
205653 -40 17.08 25.9
216827 -40 21.64 -23.42
219156 -40 21.64 -23.42
221742 -40 21.64 -23.42
214121 -40 21.64 -23.42
221400 -40 21.64 -23.42
221859 -40 21.64 -23.42
221452 -40 21.64 -23.42
218050 -40 21.64 -23.42
217713 -40 21.64 -23.42
221788 -40 21.64 -23.42
214879 -40 21.64 -23.42
211166 -40 21.64 -23.42
216760 -40 21.64 -23.42
220349 -40 21.64 -23.42
218555 -40 21.64 -23.42
219074 -40 21.64 -23.42
215711 -40 21.64 -23.42
215006 -40 21.64 -23.42
216727 -40 21.64 -23.42
218655 -40 21.64 -23.42
213971 -40 21.64 -23.42
222661 -40 21.64 -23.42
221864 -40 21.64 -23.42
219414 -40 21.64 -23.42
221123 -40 21.64 -23.42
221727 -40 21.64 -23.42
220438 -40 21.64 -23.42
217533 -40 21.64 -23.42
222702 -40 21.64 -23.42
215928 -40 21.64 -23.42
215023 -40 21.64 -23.42
217824 -40 21.64 -23.42
219335 -40 21.64 -23.42
220768 -40 21.64 -23.42
212983 -40 21.64 -23.42
214937 -40 21.64 -23.42
217605 -40 21.64 -23.42
217674 -40 21.64 -23.42
215570 -40 21.64 -23.42
76499 -40 -10.38 3.09
73640 -40 -10.38 3.09
68430 -40 -10.38 3.09
69753 -40 -10.38 3.09
70615 -40 -10.38 3.09
70954 -40 -10.38 3.09
71611 -40 -10.38 3.09
73558 -40 -10.38 3.09
73429 -40 -10.38 3.09
72357 -40 -10.38 3.09
72873 -40 -10.38 3.09
73799 -40 -10.38 3.09
72147 -40 -10.38 3.09
69891 -40 -10.38 3.09
66687 -40 -10.38 3.09
70544 -40 -10.38 3.09
72071 -40 -10.38 3.09
70181 -40 -10.38 3.09
69018 -40 -10.38 3.09
67766 -40 -10.38 3.09
71091 -40 -10.38 3.09
71472 -40 -10.38 3.09
71980 -40 -10.38 3.09
66867 -40 -10.38 3.09
67424 -40 -10.38 3.09
74648 -40 -10.38 3.09
73063 -40 -10.38 3.09
72166 -40 -10.38 3.09
73129 -40 -10.38 3.09
70711 -40 -10.38 3.09
69406 -40 -10.38 3.09
68909 -40 -10.38 3.09
72892 -40 -10.38 3.09
70555 -40 -10.38 3.09
71442 -40 -10.38 3.09
70978 -40 -10.38 3.09
65718 -40 -10.38 3.09
71099 -40 -10.38 3.09
70067 -40 -10.38 3.09
123005 -40 -15.07 11.35
123984 -40 -15.07 11.35
123883 -40 -15.07 11.35
125961 -40 -15.07 11.35
122841 -40 -15.07 11.35
124657 -40 -15.07 11.35
123275 -40 -15.07 11.35
124950 -40 -15.07 11.35
122245 -40 -15.07 11.35
127056 -40 -15.07 11.35
122432 -40 -15.07 11.35
121555 -40 -15.07 11.35
116727 -40 -15.07 11.35
121121 -40 -15.07 11.35
122908 -40 -15.07 11.35
123269 -40 -15.07 11.35
123815 -40 -15.07 11.35
122776 -40 -15.07 11.35
122474 -40 -15.07 11.35
120114 -40 -15.07 11.35
123708 -40 -15.07 11.35
122442 -40 -15.07 11.35
121157 -40 -15.07 11.35
116997 -40 -15.07 11.35
122779 -40 -15.07 11.35
128310 -40 -15.07 11.35
120771 -40 -15.07 11.35
122021 -40 -15.07 11.35
120321 -40 -15.07 11.35
120280 -40 -15.07 11.35
123439 -40 -15.07 11.35
121815 -40 -15.07 11.35
122780 -40 -15.07 11.35
126089 -40 -15.07 11.35
118659 -40 -15.07 11.35
121117 -40 -15.07 11.35
120221 -40 -15.07 11.35
122272 -40 -15.07 11.35
124966 -40 -15.07 11.35
180042 -40 18.62 20.9
183351 -40 18.62 20.9
182679 -40 18.62 20.9
183973 -40 18.62 20.9
184853 -40 18.62 20.9
184328 -40 18.62 20.9
184736 -40 18.62 20.9
187889 -40 18.62 20.9
177843 -40 18.62 20.9
184876 -40 18.62 20.9
181153 -40 18.62 20.9
187763 -40 18.62 20.9
184731 -40 18.62 20.9
186698 -40 18.62 20.9
185396 -40 18.62 20.9
183722 -40 18.62 20.9
183879 -40 18.62 20.9
183410 -40 18.62 20.9
185159 -40 18.62 20.9
180565 -40 18.62 20.9
184777 -40 18.62 20.9
183507 -40 18.62 20.9
183873 -40 18.62 20.9
186995 -40 18.62 20.9
181672 -40 18.62 20.9
189074 -40 18.62 20.9
182506 -40 18.62 20.9
185475 -40 18.62 20.9
188383 -40 18.62 20.9
180085 -40 18.62 20.9
182903 -40 18.62 20.9
184158 -40 18.62 20.9
187666 -40 18.62 20.9
181102 -40 18.62 20.9
183854 -40 18.62 20.9
183249 -40 18.62 20.9
180944 -40 18.62 20.9
185315 -40 18.62 20.9
183053 -40 18.62 20.9
102124 -40 12.81 -0.58
96168 -40 12.81 -0.58
99055 -40 12.81 -0.58
98996 -40 12.81 -0.58
97470 -40 12.81 -0.58
97864 -40 12.81 -0.58
93067 -40 12.81 -0.58
97462 -40 12.81 -0.58
98430 -40 12.81 -0.58
98996 -40 12.81 -0.58
100970 -40 12.81 -0.58
99395 -40 12.81 -0.58
101457 -40 12.81 -0.58
99287 -40 12.81 -0.58
94976 -40 12.81 -0.58
97647 -40 12.81 -0.58
97164 -40 12.81 -0.58
97655 -40 12.81 -0.58
100077 -40 12.81 -0.58
99820 -40 12.81 -0.58
96278 -40 12.81 -0.58
97831 -40 12.81 -0.58
100907 -40 12.81 -0.58
96564 -40 12.81 -0.58
103654 -40 12.81 -0.58
99039 -40 12.81 -0.58
94174 -40 12.81 -0.58
92352 -40 12.81 -0.58
99236 -40 12.81 -0.58
98974 -40 12.81 -0.58
97936 -40 12.81 -0.58
97696 -40 12.81 -0.58
97042 -40 12.81 -0.58
96121 -40 12.81 -0.58
97535 -40 12.81 -0.58
99453 -40 12.81 -0.58
98870 -40 12.81 -0.58
95772 -40 12.81 -0.58
98064 -40 12.81 -0.58
176282 -40 9.68 -23.68
177941 -40 9.68 -23.68
173977 -40 9.68 -23.68
173208 -40 9.68 -23.68
173901 -40 9.68 -23.68
178455 -40 9.68 -23.68
170870 -40 9.68 -23.68
173292 -40 9.68 -23.68
172455 -40 9.68 -23.68
172886 -40 9.68 -23.68
176035 -40 9.68 -23.68
171226 -40 9.68 -23.68
176132 -40 9.68 -23.68
174551 -40 9.68 -23.68
172426 -40 9.68 -23.68
170199 -40 9.68 -23.68
173875 -40 9.68 -23.68
172987 -40 9.68 -23.68
177278 -40 9.68 -23.68
177381 -40 9.68 -23.68
175999 -40 9.68 -23.68
175238 -40 9.68 -23.68
171855 -40 9.68 -23.68
176697 -40 9.68 -23.68
177671 -40 9.68 -23.68
177929 -40 9.68 -23.68
171403 -40 9.68 -23.68
174431 -40 9.68 -23.68
174154 -40 9.68 -23.68
177401 -40 9.68 -23.68
172923 -40 9.68 -23.68
173013 -40 9.68 -23.68
180024 -40 9.68 -23.68
175864 -40 9.68 -23.68
174295 -40 9.68 -23.68
175794 -40 9.68 -23.68
173928 -40 9.68 -23.68
173162 -40 9.68 -23.68
175840 -40 9.68 -23.68
114223 -40 12.63 -13.06
117421 -40 12.63 -13.06
116206 -40 12.63 -13.06
113274 -40 12.63 -13.06
116520 -40 12.63 -13.06
115668 -40 12.63 -13.06
121243 -40 12.63 -13.06
113932 -40 12.63 -13.06
111737 -40 12.63 -13.06
116384 -40 12.63 -13.06
118487 -40 12.63 -13.06
113583 -40 12.63 -13.06
113514 -40 12.63 -13.06
118847 -40 12.63 -13.06
119910 -40 12.63 -13.06
113307 -40 12.63 -13.06
117242 -40 12.63 -13.06
118597 -40 12.63 -13.06
114393 -40 12.63 -13.06
118862 -40 12.63 -13.06
114850 -40 12.63 -13.06
115069 -40 12.63 -13.06
119557 -40 12.63 -13.06
109665 -40 12.63 -13.06
111595 -40 12.63 -13.06
119481 -40 12.63 -13.06
117984 -40 12.63 -13.06
115858 -40 12.63 -13.06
116208 -40 12.63 -13.06
118562 -40 12.63 -13.06
115851 -40 12.63 -13.06
114102 -40 12.63 -13.06
114481 -40 12.63 -13.06
113418 -40 12.63 -13.06
111542 -40 12.63 -13.06
116941 -40 12.63 -13.06
117768 -40 12.63 -13.06
116187 -40 12.63 -13.06
113050 -40 12.63 -13.06
231327 -40 -23.23 27.28
241760 -40 -23.23 27.28
237402 -40 -23.23 27.28
235535 -40 -23.23 27.28
240787 -40 -23.23 27.28
234083 -40 -23.23 27.28
236566 -40 -23.23 27.28
237310 -40 -23.23 27.28
240053 -40 -23.23 27.28
237956 -40 -23.23 27.28
240809 -40 -23.23 27.28
238281 -40 -23.23 27.28
236261 -40 -23.23 27.28
239025 -40 -23.23 27.28
240719 -40 -23.23 27.28
242275 -40 -23.23 27.28
235450 -40 -23.23 27.28
240825 -40 -23.23 27.28
235603 -40 -23.23 27.28
235852 -40 -23.23 27.28
239530 -40 -23.23 27.28
238622 -40 -23.23 27.28
236080 -40 -23.23 27.28
241724 -40 -23.23 27.28
233782 -40 -23.23 27.28
239467 -40 -23.23 27.28
238457 -40 -23.23 27.28
242567 -40 -23.23 27.28
237242 -40 -23.23 27.28
240538 -40 -23.23 27.28
239366 -40 -23.23 27.28
236781 -40 -23.23 27.28
237058 -40 -23.23 27.28
241084 -40 -23.23 27.28
239602 -40 -23.23 27.28
236417 -40 -23.23 27.28
237406 -40 -23.23 27.28
232776 -40 -23.23 27.28
241346 -40 -23.23 27.28
