#rtt sig_str x y
87871 -40 4.14 12.74
83209 -40 4.14 12.74
83459 -40 4.14 12.74
86410 -40 4.14 12.74
84879 -40 4.14 12.74
86322 -40 4.14 12.74
81526 -40 4.14 12.74
84864 -40 4.14 12.74
86899 -40 4.14 12.74
84474 -40 4.14 12.74
79422 -40 4.14 12.74
86690 -40 4.14 12.74
85542 -40 4.14 12.74
86082 -40 4.14 12.74
88182 -40 4.14 12.74
84011 -40 4.14 12.74
87030 -40 4.14 12.74
82248 -40 4.14 12.74
87059 -40 4.14 12.74
84657 -40 4.14 12.74
85344 -40 4.14 12.74
88442 -40 4.14 12.74
89175 -40 4.14 12.74
87280 -40 4.14 12.74
80082 -40 4.14 12.74
85264 -40 4.14 12.74
81964 -40 4.14 12.74
85244 -40 4.14 12.74
81120 -40 4.14 12.74
83484 -40 4.14 12.74
85295 -40 4.14 12.74
82363 -40 4.14 12.74
87828 -40 4.14 12.74
81020 -40 4.14 12.74
85529 -40 4.14 12.74
83319 -40 4.14 12.74
85505 -40 4.14 12.74
84523 -40 4.14 12.74
85850 -40 4.14 12.74
200690 -40 -26.05 15.38
202625 -40 -26.05 15.38
203920 -40 -26.05 15.38
198618 -40 -26.05 15.38
203212 -40 -26.05 15.38
200176 -40 -26.05 15.38
199965 -40 -26.05 15.38
198977 -40 -26.05 15.38
199613 -40 -26.05 15.38
199549 -40 -26.05 15.38
201052 -40 -26.05 15.38
200006 -40 -26.05 15.38
202271 -40 -26.05 15.38
203435 -40 -26.05 15.38
197375 -40 -26.05 15.38
197529 -40 -26.05 15.38
204560 -40 -26.05 15.38
203169 -40 -26.05 15.38
204385 -40 -26.05 15.38
202143 -40 -26.05 15.38
203791 -40 -26.05 15.38
200860 -40 -26.05 15.38
200178 -40 -26.05 15.38
202171 -40 -26.05 15.38
197850 -40 -26.05 15.38
200242 -40 -26.05 15.38
203341 -40 -26.05 15.38
201431 -40 -26.05 15.38
201419 -40 -26.05 15.38
203824 -40 -26.05 15.38
199506 -40 -26.05 15.38
199532 -40 -26.05 15.38
198144 -40 -26.05 15.38
198546 -40 -26.05 15.38
199844 -40 -26.05 15.38
205254 -40 -26.05 15.38
203288 -40 -26.05 15.38
205623 -40 -26.05 15.38
199831 -40 -26.05 15.38
171501 -40 23.29 -10.41
168936 -40 23.29 -10.41
170578 -40 23.29 -10.41
171132 -40 23.29 -10.41
163444 -40 23.29 -10.41
174487 -40 23.29 -10.41
164666 -40 23.29 -10.41
168769 -40 23.29 -10.41
170357 -40 23.29 -10.41
164184 -40 23.29 -10.41
168202 -40 23.29 -10.41
171812 -40 23.29 -10.41
166318 -40 23.29 -10.41
171702 -40 23.29 -10.41
168237 -40 23.29 -10.41
174913 -40 23.29 -10.41
169881 -40 23.29 -10.41
171619 -40 23.29 -10.41
165864 -40 23.29 -10.41
168320 -40 23.29 -10.41
169944 -40 23.29 -10.41
170461 -40 23.29 -10.41
166777 -40 23.29 -10.41
173769 -40 23.29 -10.41
170353 -40 23.29 -10.41
168415 -40 23.29 -10.41
168940 -40 23.29 -10.41
171846 -40 23.29 -10.41
167294 -40 23.29 -10.41
171624 -40 23.29 -10.41
172701 -40 23.29 -10.41
169630 -40 23.29 -10.41
172070 -40 23.29 -10.41
169483 -40 23.29 -10.41
167011 -40 23.29 -10.41
172410 -40 23.29 -10.41
170584 -40 23.29 -10.41
171344 -40 23.29 -10.41
167255 -40 23.29 -10.41
191528 -40 25.78 -8.59
190508 -40 25.78 -8.59
190580 -40 25.78 -8.59
190397 -40 25.78 -8.59
186346 -40 25.78 -8.59
193149 -40 25.78 -8.59
193974 -40 25.78 -8.59
187535 -40 25.78 -8.59
190286 -40 25.78 -8.59
188437 -40 25.78 -8.59
189555 -40 25.78 -8.59
190755 -40 25.78 -8.59
189047 -40 25.78 -8.59
190224 -40 25.78 -8.59
190081 -40 25.78 -8.59
189192 -40 25.78 -8.59
193522 -40 25.78 -8.59
189312 -40 25.78 -8.59
190249 -40 25.78 -8.59
189999 -40 25.78 -8.59
189496 -40 25.78 -8.59
189411 -40 25.78 -8.59
188487 -40 25.78 -8.59
189170 -40 25.78 -8.59
193198 -40 25.78 -8.59
193402 -40 25.78 -8.59
190830 -40 25.78 -8.59
191888 -40 25.78 -8.59
186029 -40 25.78 -8.59
186939 -40 25.78 -8.59
191618 -40 25.78 -8.59
191357 -40 25.78 -8.59
187358 -40 25.78 -8.59
190438 -40 25.78 -8.59
190607 -40 25.78 -8.59
189966 -40 25.78 -8.59
187572 -40 25.78 -8.59
191811 -40 25.78 -8.59
190099 -40 25.78 -8.59
85898 -40 10.78 1.99
88341 -40 10.78 1.99
89694 -40 10.78 1.99
85562 -40 10.78 1.99
89633 -40 10.78 1.99
86804 -40 10.78 1.99
88022 -40 10.78 1.99
87681 -40 10.78 1.99
82939 -40 10.78 1.99
90797 -40 10.78 1.99
89101 -40 10.78 1.99
87219 -40 10.78 1.99
86659 -40 10.78 1.99
86514 -40 10.78 1.99
88856 -40 10.78 1.99
87091 -40 10.78 1.99
90331 -40 10.78 1.99
90366 -40 10.78 1.99
82970 -40 10.78 1.99
83343 -40 10.78 1.99
91563 -40 10.78 1.99
89155 -40 10.78 1.99
86371 -40 10.78 1.99
86752 -40 10.78 1.99
90840 -40 10.78 1.99
87584 -40 10.78 1.99
87585 -40 10.78 1.99
92121 -40 10.78 1.99
86987 -40 10.78 1.99
84496 -40 10.78 1.99
88925 -40 10.78 1.99
89072 -40 10.78 1.99
88573 -40 10.78 1.99
84446 -40 10.78 1.99
92409 -40 10.78 1.99
89831 -40 10.78 1.99
92252 -40 10.78 1.99
86230 -40 10.78 1.99
87978 -40 10.78 1.99
19850 -40 2.66 -0.85
19143 -40 2.66 -0.85
20019 -40 2.66 -0.85
19081 -40 2.66 -0.85
19138 -40 2.66 -0.85
20752 -40 2.66 -0.85
21768 -40 2.66 -0.85
18559 -40 2.66 -0.85
18832 -40 2.66 -0.85
16400 -40 2.66 -0.85
16128 -40 2.66 -0.85
23006 -40 2.66 -0.85
20256 -40 2.66 -0.85
19734 -40 2.66 -0.85
22104 -40 2.66 -0.85
16969 -40 2.66 -0.85
19405 -40 2.66 -0.85
22218 -40 2.66 -0.85
19813 -40 2.66 -0.85
15850 -40 2.66 -0.85
18746 -40 2.66 -0.85
19033 -40 2.66 -0.85
18489 -40 2.66 -0.85
18012 -40 2.66 -0.85
21592 -40 2.66 -0.85
19896 -40 2.66 -0.85
20407 -40 2.66 -0.85
17277 -40 2.66 -0.85
21088 -40 2.66 -0.85
17856 -40 2.66 -0.85
18989 -40 2.66 -0.85
19468 -40 2.66 -0.85
21869 -40 2.66 -0.85
18225 -40 2.66 -0.85
20611 -40 2.66 -0.85
19707 -40 2.66 -0.85
21797 -40 2.66 -0.85
21227 -40 2.66 -0.85
16652 -40 2.66 -0.85
201874 -40 -18.73 24.65
200265 -40 -18.73 24.65
202897 -40 -18.73 24.65
203012 -40 -18.73 24.65
191490 -40 -18.73 24.65
203362 -40 -18.73 24.65
199309 -40 -18.73 24.65
204427 -40 -18.73 24.65
199856 -40 -18.73 24.65
202524 -40 -18.73 24.65
198890 -40 -18.73 24.65
200673 -40 -18.73 24.65
199643 -40 -18.73 24.65
202904 -40 -18.73 24.65
206611 -40 -18.73 24.65
207526 -40 -18.73 24.65
198883 -40 -18.73 24.65
202868 -40 -18.73 24.65
204267 -40 -18.73 24.65
201697 -40 -18.73 24.65
203023 -40 -18.73 24.65
199019 -40 -18.73 24.65
198828 -40 -18.73 24.65
203151 -40 -18.73 24.65
202112 -40 -18.73 24.65
199584 -40 -18.73 24.65
196208 -40 -18.73 24.65
205372 -40 -18.73 24.65
202139 -40 -18.73 24.65
203010 -40 -18.73 24.65
206307 -40 -18.73 24.65
203380 -40 -18.73 24.65
207024 -40 -18.73 24.65
201743 -40 -18.73 24.65
202855 -40 -18.73 24.65
205421 -40 -18.73 24.65
207918 -40 -18.73 24.65
203884 -40 -18.73 24.65
203506 -40 -18.73 24.65
128569 -40 7.1 -18.01
128911 -40 7.1 -18.01
135335 -40 7.1 -18.01
129693 -40 7.1 -18.01
135117 -40 7.1 -18.01
128307 -40 7.1 -18.01
127684 -40 7.1 -18.01
132249 -40 7.1 -18.01
135014 -40 7.1 -18.01
129907 -40 7.1 -18.01
128871 -40 7.1 -18.01
135714 -40 7.1 -18.01
131334 -40 7.1 -18.01
127610 -40 7.1 -18.01
131508 -40 7.1 -18.01
128075 -40 7.1 -18.01
128513 -40 7.1 -18.01
128089 -40 7.1 -18.01
133316 -40 7.1 -18.01
130566 -40 7.1 -18.01
126406 -40 7.1 -18.01
131302 -40 7.1 -18.01
131707 -40 7.1 -18.01
126806 -40 7.1 -18.01
131862 -40 7.1 -18.01
131874 -40 7.1 -18.01
130885 -40 7.1 -18.01
135923 -40 7.1 -18.01
128545 -40 7.1 -18.01
129364 -40 7.1 -18.01
131354 -40 7.1 -18.01
132092 -40 7.1 -18.01
134417 -40 7.1 -18.01
130893 -40 7.1 -18.01
133227 -40 7.1 -18.01
131448 -40 7.1 -18.01
125559 -40 7.1 -18.01
133841 -40 7.1 -18.01
131871 -40 7.1 -18.01
186005 -40 -7.55 -26.74
180517 -40 -7.55 -26.74
184752 -40 -7.55 -26.74
186239 -40 -7.55 -26.74
191824 -40 -7.55 -26.74
185079 -40 -7.55 -26.74
175789 -40 -7.55 -26.74
183411 -40 -7.55 -26.74
187702 -40 -7.55 -26.74
183195 -40 -7.55 -26.74
187806 -40 -7.55 -26.74
181079 -40 -7.55 -26.74
183971 -40 -7.55 -26.74
182882 -40 -7.55 -26.74
184359 -40 -7.55 -26.74
182438 -40 -7.55 -26.74
181170 -40 -7.55 -26.74
182340 -40 -7.55 -26.74
182973 -40 -7.55 -26.74
185221 -40 -7.55 -26.74
180248 -40 -7.55 -26.74
184866 -40 -7.55 -26.74
187616 -40 -7.55 -26.74
180570 -40 -7.55 -26.74
180063 -40 -7.55 -26.74
183174 -40 -7.55 -26.74
183270 -40 -7.55 -26.74
185024 -40 -7.55 -26.74
179879 -40 -7.55 -26.74
180888 -40 -7.55 -26.74
181765 -40 -7.55 -26.74
182581 -40 -7.55 -26.74
182559 -40 -7.55 -26.74
182070 -40 -7.55 -26.74
184839 -40 -7.55 -26.74
184535 -40 -7.55 -26.74
183680 -40 -7.55 -26.74
184997 -40 -7.55 -26.74
182301 -40 -7.55 -26.74
167158 -40 26.02 1.61
164875 -40 26.02 1.61
166320 -40 26.02 1.61
163883 -40 26.02 1.61
162316 -40 26.02 1.61
168030 -40 26.02 1.61
168049 -40 26.02 1.61
169328 -40 26.02 1.61
164555 -40 26.02 1.61
166362 -40 26.02 1.61
168699 -40 26.02 1.61
165345 -40 26.02 1.61
165422 -40 26.02 1.61
163715 -40 26.02 1.61
168686 -40 26.02 1.61
170461 -40 26.02 1.61
167480 -40 26.02 1.61
170917 -40 26.02 1.61
165349 -40 26.02 1.61
168384 -40 26.02 1.61
164884 -40 26.02 1.61
164415 -40 26.02 1.61
165436 -40 26.02 1.61
165699 -40 26.02 1.61
165836 -40 26.02 1.61
167478 -40 26.02 1.61
163430 -40 26.02 1.61
165561 -40 26.02 1.61
164556 -40 26.02 1.61
166956 -40 26.02 1.61
168536 -40 26.02 1.61
171453 -40 26.02 1.61
168873 -40 26.02 1.61
170785 -40 26.02 1.61
162038 -40 26.02 1.61
167970 -40 26.02 1.61
161562 -40 26.02 1.61
169674 -40 26.02 1.61
166269 -40 26.02 1.61
