#rtt sig_str x y
69787 -40 -11.35 1.08
69556 -40 -11.35 1.08
72931 -40 -11.35 1.08
71672 -40 -11.35 1.08
77631 -40 -11.35 1.08
76103 -40 -11.35 1.08
74052 -40 -11.35 1.08
74888 -40 -11.35 1.08
73965 -40 -11.35 1.08
68274 -40 -11.35 1.08
73239 -40 -11.35 1.08
73281 -40 -11.35 1.08
70417 -40 -11.35 1.08
74248 -40 -11.35 1.08
72060 -40 -11.35 1.08
73531 -40 -11.35 1.08
73353 -40 -11.35 1.08
72326 -40 -11.35 1.08
69682 -40 -11.35 1.08
73894 -40 -11.35 1.08
73794 -40 -11.35 1.08
68952 -40 -11.35 1.08
75405 -40 -11.35 1.08
73833 -40 -11.35 1.08
74896 -40 -11.35 1.08
78719 -40 -11.35 1.08
71349 -40 -11.35 1.08
73696 -40 -11.35 1.08
73201 -40 -11.35 1.08
76150 -40 -11.35 1.08
76294 -40 -11.35 1.08
70943 -40 -11.35 1.08
77466 -40 -11.35 1.08
71875 -40 -11.35 1.08
76324 -40 -11.35 1.08
72126 -40 -11.35 1.08
72208 -40 -11.35 1.08
73107 -40 -11.35 1.08
72174 -40 -11.35 1.08
218354 -40 19.14 -28.45
218758 -40 19.14 -28.45
219153 -40 19.14 -28.45
216148 -40 19.14 -28.45
218587 -40 19.14 -28.45
219747 -40 19.14 -28.45
218255 -40 19.14 -28.45
219707 -40 19.14 -28.45
218357 -40 19.14 -28.45
215866 -40 19.14 -28.45
223196 -40 19.14 -28.45
218643 -40 19.14 -28.45
223086 -40 19.14 -28.45
219930 -40 19.14 -28.45
216587 -40 19.14 -28.45
218998 -40 19.14 -28.45
218257 -40 19.14 -28.45
216465 -40 19.14 -28.45
218636 -40 19.14 -28.45
217642 -40 19.14 -28.45
216520 -40 19.14 -28.45
219154 -40 19.14 -28.45
215879 -40 19.14 -28.45
221598 -40 19.14 -28.45
223018 -40 19.14 -28.45
224245 -40 19.14 -28.45
218919 -40 19.14 -28.45
220536 -40 19.14 -28.45
214710 -40 19.14 -28.45
220529 -40 19.14 -28.45
217123 -40 19.14 -28.45
223155 -40 19.14 -28.45
217340 -40 19.14 -28.45
216179 -40 19.14 -28.45
217350 -40 19.14 -28.45
219832 -40 19.14 -28.45
214895 -40 19.14 -28.45
221129 -40 19.14 -28.45
219337 -40 19.14 -28.45
107205 -40 -9.92 12.72
104432 -40 -9.92 12.72
102798 -40 -9.92 12.72
104128 -40 -9.92 12.72
106716 -40 -9.92 12.72
104680 -40 -9.92 12.72
101619 -40 -9.92 12.72
104230 -40 -9.92 12.72
105903 -40 -9.92 12.72
101573 -40 -9.92 12.72
107712 -40 -9.92 12.72
106702 -40 -9.92 12.72
102948 -40 -9.92 12.72
104909 -40 -9.92 12.72
101518 -40 -9.92 12.72
105485 -40 -9.92 12.72
101069 -40 -9.92 12.72
102731 -40 -9.92 12.72
103103 -40 -9.92 12.72
103160 -40 -9.92 12.72
106142 -40 -9.92 12.72
107991 -40 -9.92 12.72
104500 -40 -9.92 12.72
107126 -40 -9.92 12.72
109091 -40 -9.92 12.72
106322 -40 -9.92 12.72
100775 -40 -9.92 12.72
106883 -40 -9.92 12.72
107810 -40 -9.92 12.72
108104 -40 -9.92 12.72
104345 -40 -9.92 12.72
105724 -40 -9.92 12.72
105178 -40 -9.92 12.72
102157 -40 -9.92 12.72
103384 -40 -9.92 12.72
106616 -40 -9.92 12.72
109814 -40 -9.92 12.72
105420 -40 -9.92 12.72
103844 -40 -9.92 12.72
125959 -40 -18.38 -8.45
132992 -40 -18.38 -8.45
132134 -40 -18.38 -8.45
133793 -40 -18.38 -8.45
130786 -40 -18.38 -8.45
131546 -40 -18.38 -8.45
128948 -40 -18.38 -8.45
133115 -40 -18.38 -8.45
129546 -40 -18.38 -8.45
135215 -40 -18.38 -8.45
128810 -40 -18.38 -8.45
129975 -40 -18.38 -8.45
131116 -40 -18.38 -8.45
128255 -40 -18.38 -8.45
127536 -40 -18.38 -8.45
129091 -40 -18.38 -8.45
133420 -40 -18.38 -8.45
128520 -40 -18.38 -8.45
131313 -40 -18.38 -8.45
128145 -40 -18.38 -8.45
129733 -40 -18.38 -8.45
127570 -40 -18.38 -8.45
128436 -40 -18.38 -8.45
132822 -40 -18.38 -8.45
125647 -40 -18.38 -8.45
130931 -40 -18.38 -8.45
135767 -40 -18.38 -8.45
131924 -40 -18.38 -8.45
130511 -40 -18.38 -8.45
131150 -40 -18.38 -8.45
130922 -40 -18.38 -8.45
128278 -40 -18.38 -8.45
131479 -40 -18.38 -8.45
131587 -40 -18.38 -8.45
129019 -40 -18.38 -8.45
128684 -40 -18.38 -8.45
125472 -40 -18.38 -8.45
128673 -40 -18.38 -8.45
130130 -40 -18.38 -8.45
211334 -40 -23.39 21.4
209535 -40 -23.39 21.4
210632 -40 -23.39 21.4
213967 -40 -23.39 21.4
210362 -40 -23.39 21.4
207897 -40 -23.39 21.4
217278 -40 -23.39 21.4
209346 -40 -23.39 21.4
215530 -40 -23.39 21.4
215752 -40 -23.39 21.4
222789 -40 -23.39 21.4
211158 -40 -23.39 21.4
217800 -40 -23.39 21.4
214910 -40 -23.39 21.4
214268 -40 -23.39 21.4
212779 -40 -23.39 21.4
212237 -40 -23.39 21.4
215312 -40 -23.39 21.4
209689 -40 -23.39 21.4
211749 -40 -23.39 21.4
216548 -40 -23.39 21.4
216879 -40 -23.39 21.4
216142 -40 -23.39 21.4
213180 -40 -23.39 21.4
210725 -40 -23.39 21.4
213321 -40 -23.39 21.4
211846 -40 -23.39 21.4
212115 -40 -23.39 21.4
209789 -40 -23.39 21.4
211750 -40 -23.39 21.4
211963 -40 -23.39 21.4
211856 -40 -23.39 21.4
216637 -40 -23.39 21.4
212280 -40 -23.39 21.4
213345 -40 -23.39 21.4
208447 -40 -23.39 21.4
215232 -40 -23.39 21.4
212081 -40 -23.39 21.4
215825 -40 -23.39 21.4
184482 -40 27.74 4.11
183941 -40 27.74 4.11
180311 -40 27.74 4.11
182484 -40 27.74 4.11
187533 -40 27.74 4.11
184291 -40 27.74 4.11
188564 -40 27.74 4.11
182313 -40 27.74 4.11
188598 -40 27.74 4.11
182595 -40 27.74 4.11
183203 -40 27.74 4.11
181194 -40 27.74 4.11
184963 -40 27.74 4.11
182621 -40 27.74 4.11
184099 -40 27.74 4.11
179468 -40 27.74 4.11
176569 -40 27.74 4.11
182022 -40 27.74 4.11
184257 -40 27.74 4.11
186659 -40 27.74 4.11
187371 -40 27.74 4.11
186115 -40 27.74 4.11
184393 -40 27.74 4.11
182775 -40 27.74 4.11
182852 -40 27.74 4.11
181666 -40 27.74 4.11
184867 -40 27.74 4.11
186171 -40 27.74 4.11
187266 -40 27.74 4.11
182774 -40 27.74 4.11
181648 -40 27.74 4.11
183376 -40 27.74 4.11
181843 -40 27.74 4.11
183867 -40 27.74 4.11
185895 -40 27.74 4.11
184483 -40 27.74 4.11
188411 -40 27.74 4.11
183708 -40 27.74 4.11
186259 -40 27.74 4.11
173538 -40 21.91 14.46
169718 -40 21.91 14.46
164937 -40 21.91 14.46
170341 -40 21.91 14.46
167647 -40 21.91 14.46
166394 -40 21.91 14.46
164676 -40 21.91 14.46
172064 -40 21.91 14.46
170017 -40 21.91 14.46
165005 -40 21.91 14.46
167930 -40 21.91 14.46
169234 -40 21.91 14.46
170522 -40 21.91 14.46
169744 -40 21.91 14.46
173046 -40 21.91 14.46
163704 -40 21.91 14.46
169425 -40 21.91 14.46
169258 -40 21.91 14.46
170668 -40 21.91 14.46
170613 -40 21.91 14.46
168048 -40 21.91 14.46
170097 -40 21.91 14.46
173393 -40 21.91 14.46
171643 -40 21.91 14.46
171082 -40 21.91 14.46
172306 -40 21.91 14.46
170224 -40 21.91 14.46
164939 -40 21.91 14.46
169256 -40 21.91 14.46
169340 -40 21.91 14.46
164013 -40 21.91 14.46
164403 -40 21.91 14.46
171106 -40 21.91 14.46
168781 -40 21.91 14.46
168065 -40 21.91 14.46
168404 -40 21.91 14.46
165576 -40 21.91 14.46
173511 -40 21.91 14.46
167467 -40 21.91 14.46
140428 -40 21.15 -2.51
144967 -40 21.15 -2.51
139629 -40 21.15 -2.51
143874 -40 21.15 -2.51
143675 -40 21.15 -2.51
142682 -40 21.15 -2.51
143762 -40 21.15 -2.51
144353 -40 21.15 -2.51
149518 -40 21.15 -2.51
147212 -40 21.15 -2.51
140257 -40 21.15 -2.51
141344 -40 21.15 -2.51
143853 -40 21.15 -2.51
143104 -40 21.15 -2.51
142961 -40 21.15 -2.51
144570 -40 21.15 -2.51
141796 -40 21.15 -2.51
142403 -40 21.15 -2.51
143760 -40 21.15 -2.51
140191 -40 21.15 -2.51
142921 -40 21.15 -2.51
140981 -40 21.15 -2.51
140556 -40 21.15 -2.51
142545 -40 21.15 -2.51
141352 -40 21.15 -2.51
147015 -40 21.15 -2.51
142337 -40 21.15 -2.51
138440 -40 21.15 -2.51
145735 -40 21.15 -2.51
144915 -40 21.15 -2.51
139588 -40 21.15 -2.51
146622 -40 21.15 -2.51
141319 -40 21.15 -2.51
145792 -40 21.15 -2.51
140284 -40 21.15 -2.51
141184 -40 21.15 -2.51
144265 -40 21.15 -2.51
139740 -40 21.15 -2.51
139299 -40 21.15 -2.51
235177 -40 -25.23 -25.22
234452 -40 -25.23 -25.22
237674 -40 -25.23 -25.22
237831 -40 -25.23 -25.22
234813 -40 -25.23 -25.22
235971 -40 -25.23 -25.22
236183 -40 -25.23 -25.22
234573 -40 -25.23 -25.22
237633 -40 -25.23 -25.22
236812 -40 -25.23 -25.22
241953 -40 -25.23 -25.22
238101 -40 -25.23 -25.22
233382 -40 -25.23 -25.22
231216 -40 -25.23 -25.22
236658 -40 -25.23 -25.22
239142 -40 -25.23 -25.22
233812 -40 -25.23 -25.22
235815 -40 -25.23 -25.22
232498 -40 -25.23 -25.22
237729 -40 -25.23 -25.22
233397 -40 -25.23 -25.22
233284 -40 -25.23 -25.22
232334 -40 -25.23 -25.22
239893 -40 -25.23 -25.22
234161 -40 -25.23 -25.22
235263 -40 -25.23 -25.22
233643 -40 -25.23 -25.22
236329 -40 -25.23 -25.22
236197 -40 -25.23 -25.22
237191 -40 -25.23 -25.22
240389 -40 -25.23 -25.22
234413 -40 -25.23 -25.22
231539 -40 -25.23 -25.22
235119 -40 -25.23 -25.22
237028 -40 -25.23 -25.22
237332 -40 -25.23 -25.22
236795 -40 -25.23 -25.22
237481 -40 -25.23 -25.22
241416 -40 -25.23 -25.22
161926 -40 15.65 -20.59
169580 -40 15.65 -20.59
165225 -40 15.65 -20.59
167524 -40 15.65 -20.59
166841 -40 15.65 -20.59
168824 -40 15.65 -20.59
166021 -40 15.65 -20.59
164828 -40 15.65 -20.59
164289 -40 15.65 -20.59
165245 -40 15.65 -20.59
165261 -40 15.65 -20.59
168823 -40 15.65 -20.59
169139 -40 15.65 -20.59
166073 -40 15.65 -20.59
170209 -40 15.65 -20.59
165853 -40 15.65 -20.59
163019 -40 15.65 -20.59
166579 -40 15.65 -20.59
168618 -40 15.65 -20.59
169571 -40 15.65 -20.59
168267 -40 15.65 -20.59
169181 -40 15.65 -20.59
163810 -40 15.65 -20.59
162359 -40 15.65 -20.59
169299 -40 15.65 -20.59
168897 -40 15.65 -20.59
168548 -40 15.65 -20.59
167275 -40 15.65 -20.59
162447 -40 15.65 -20.59
166948 -40 15.65 -20.59
168670 -40 15.65 -20.59
168355 -40 15.65 -20.59
171915 -40 15.65 -20.59
170412 -40 15.65 -20.59
164120 -40 15.65 -20.59
163934 -40 15.65 -20.59
170948 -40 15.65 -20.59
168742 -40 15.65 -20.59
167593 -40 15.65 -20.59
