#rtt sig_str x y
269855 -40 25.15 -28.06
275089 -40 25.15 -28.06
272047 -40 25.15 -28.06
266868 -40 25.15 -28.06
268310 -40 25.15 -28.06
272998 -40 25.15 -28.06
272189 -40 25.15 -28.06
274052 -40 25.15 -28.06
271204 -40 25.15 -28.06
273946 -40 25.15 -28.06
270518 -40 25.15 -28.06
268127 -40 25.15 -28.06
270246 -40 25.15 -28.06
271778 -40 25.15 -28.06
273196 -40 25.15 -28.06
274599 -40 25.15 -28.06
272164 -40 25.15 -28.06
270098 -40 25.15 -28.06
264773 -40 25.15 -28.06
271617 -40 25.15 -28.06
272029 -40 25.15 -28.06
271546 -40 25.15 -28.06
270884 -40 25.15 -28.06
272162 -40 25.15 -28.06
270402 -40 25.15 -28.06
271025 -40 25.15 -28.06
273203 -40 25.15 -28.06
272222 -40 25.15 -28.06
270782 -40 25.15 -28.06
275095 -40 25.15 -28.06
267681 -40 25.15 -28.06
266846 -40 25.15 -28.06
271228 -40 25.15 -28.06
271419 -40 25.15 -28.06
268357 -40 25.15 -28.06
270206 -40 25.15 -28.06
276034 -40 25.15 -28.06
267415 -40 25.15 -28.06
271690 -40 25.15 -28.06
77544 -40 8.53 -8.8
77263 -40 8.53 -8.8
74801 -40 8.53 -8.8
71812 -40 8.53 -8.8
76819 -40 8.53 -8.8
79101 -40 8.53 -8.8
77604 -40 8.53 -8.8
76346 -40 8.53 -8.8
73065 -40 8.53 -8.8
77629 -40 8.53 -8.8
76633 -40 8.53 -8.8
77028 -40 8.53 -8.8
76849 -40 8.53 -8.8
77924 -40 8.53 -8.8
74843 -40 8.53 -8.8
76236 -40 8.53 -8.8
76636 -40 8.53 -8.8
76307 -40 8.53 -8.8
70740 -40 8.53 -8.8
75610 -40 8.53 -8.8
73900 -40 8.53 -8.8
78387 -40 8.53 -8.8
74535 -40 8.53 -8.8
76601 -40 8.53 -8.8
85282 -40 8.53 -8.8
80274 -40 8.53 -8.8
72586 -40 8.53 -8.8
77588 -40 8.53 -8.8
79129 -40 8.53 -8.8
75238 -40 8.53 -8.8
79046 -40 8.53 -8.8
76558 -40 8.53 -8.8
75244 -40 8.53 -8.8
76715 -40 8.53 -8.8
75616 -40 8.53 -8.8
78545 -40 8.53 -8.8
78651 -40 8.53 -8.8
77615 -40 8.53 -8.8
78016 -40 8.53 -8.8
207519 -40 15.23 -27.6
206636 -40 15.23 -27.6
211507 -40 15.23 -27.6
205192 -40 15.23 -27.6
203167 -40 15.23 -27.6
210877 -40 15.23 -27.6
208096 -40 15.23 -27.6
205364 -40 15.23 -27.6
209874 -40 15.23 -27.6
207431 -40 15.23 -27.6
208450 -40 15.23 -27.6
212855 -40 15.23 -27.6
207438 -40 15.23 -27.6
206776 -40 15.23 -27.6
207521 -40 15.23 -27.6
207427 -40 15.23 -27.6
208000 -40 15.23 -27.6
203602 -40 15.23 -27.6
206879 -40 15.23 -27.6
211126 -40 15.23 -27.6
206963 -40 15.23 -27.6
207250 -40 15.23 -27.6
206442 -40 15.23 -27.6
205816 -40 15.23 -27.6
211077 -40 15.23 -27.6
205702 -40 15.23 -27.6
205814 -40 15.23 -27.6
207754 -40 15.23 -27.6
209942 -40 15.23 -27.6
208510 -40 15.23 -27.6
211677 -40 15.23 -27.6
208014 -40 15.23 -27.6
211549 -40 15.23 -27.6
210780 -40 15.23 -27.6
204607 -40 15.23 -27.6
205648 -40 15.23 -27.6
203961 -40 15.23 -27.6
207358 -40 15.23 -27.6
208305 -40 15.23 -27.6
189227 -40 -21.64 18.49
193161 -40 -21.64 18.49
193482 -40 -21.64 18.49
192012 -40 -21.64 18.49
193148 -40 -21.64 18.49
194813 -40 -21.64 18.49
192496 -40 -21.64 18.49
194554 -40 -21.64 18.49
187127 -40 -21.64 18.49
193944 -40 -21.64 18.49
191844 -40 -21.64 18.49
191764 -40 -21.64 18.49
190048 -40 -21.64 18.49
191295 -40 -21.64 18.49
192243 -40 -21.64 18.49
192814 -40 -21.64 18.49
187951 -40 -21.64 18.49
195154 -40 -21.64 18.49
191752 -40 -21.64 18.49
193364 -40 -21.64 18.49
192659 -40 -21.64 18.49
194883 -40 -21.64 18.49
191135 -40 -21.64 18.49
193818 -40 -21.64 18.49
189537 -40 -21.64 18.49
187397 -40 -21.64 18.49
192971 -40 -21.64 18.49
198491 -40 -21.64 18.49
193837 -40 -21.64 18.49
191422 -40 -21.64 18.49
195311 -40 -21.64 18.49
191014 -40 -21.64 18.49
191486 -40 -21.64 18.49
190824 -40 -21.64 18.49
193945 -40 -21.64 18.49
191456 -40 -21.64 18.49
192026 -40 -21.64 18.49
193421 -40 -21.64 18.49
193760 -40 -21.64 18.49
173127 -40 -24.76 -9.53
171776 -40 -24.76 -9.53
171897 -40 -24.76 -9.53
174446 -40 -24.76 -9.53
172870 -40 -24.76 -9.53
181396 -40 -24.76 -9.53
172956 -40 -24.76 -9.53
174313 -40 -24.76 -9.53
171503 -40 -24.76 -9.53
172549 -40 -24.76 -9.53
173787 -40 -24.76 -9.53
171810 -40 -24.76 -9.53
176094 -40 -24.76 -9.53
172138 -40 -24.76 -9.53
173458 -40 -24.76 -9.53
174336 -40 -24.76 -9.53
174323 -40 -24.76 -9.53
172946 -40 -24.76 -9.53
173400 -40 -24.76 -9.53
174950 -40 -24.76 -9.53
172765 -40 -24.76 -9.53
173233 -40 -24.76 -9.53
167400 -40 -24.76 -9.53
167753 -40 -24.76 -9.53
172900 -40 -24.76 -9.53
169633 -40 -24.76 -9.53
173413 -40 -24.76 -9.53
178076 -40 -24.76 -9.53
168527 -40 -24.76 -9.53
168611 -40 -24.76 -9.53
171687 -40 -24.76 -9.53
173696 -40 -24.76 -9.53
172825 -40 -24.76 -9.53
174323 -40 -24.76 -9.53
172074 -40 -24.76 -9.53
168243 -40 -24.76 -9.53
171254 -40 -24.76 -9.53
171232 -40 -24.76 -9.53
175605 -40 -24.76 -9.53
193967 -40 17.28 23.34
184925 -40 17.28 23.34
190968 -40 17.28 23.34
189532 -40 17.28 23.34
185379 -40 17.28 23.34
190700 -40 17.28 23.34
190813 -40 17.28 23.34
189636 -40 17.28 23.34
187284 -40 17.28 23.34
189326 -40 17.28 23.34
187640 -40 17.28 23.34
189971 -40 17.28 23.34
185000 -40 17.28 23.34
190001 -40 17.28 23.34
185521 -40 17.28 23.34
192544 -40 17.28 23.34
184695 -40 17.28 23.34
182395 -40 17.28 23.34
186970 -40 17.28 23.34
186170 -40 17.28 23.34
186161 -40 17.28 23.34
184553 -40 17.28 23.34
191566 -40 17.28 23.34
187648 -40 17.28 23.34
186429 -40 17.28 23.34
188540 -40 17.28 23.34
186208 -40 17.28 23.34
192798 -40 17.28 23.34
191700 -40 17.28 23.34
186974 -40 17.28 23.34
185296 -40 17.28 23.34
186200 -40 17.28 23.34
185030 -40 17.28 23.34
190953 -40 17.28 23.34
189380 -40 17.28 23.34
191027 -40 17.28 23.34
185043 -40 17.28 23.34
188307 -40 17.28 23.34
190986 -40 17.28 23.34
126018 -40 -10.43 15.23
118502 -40 -10.43 15.23
126195 -40 -10.43 15.23
120555 -40 -10.43 15.23
122009 -40 -10.43 15.23
122419 -40 -10.43 15.23
119784 -40 -10.43 15.23
120930 -40 -10.43 15.23
119901 -40 -10.43 15.23
123274 -40 -10.43 15.23
119537 -40 -10.43 15.23
120226 -40 -10.43 15.23
118489 -40 -10.43 15.23
123662 -40 -10.43 15.23
117050 -40 -10.43 15.23
119938 -40 -10.43 15.23
121324 -40 -10.43 15.23
118685 -40 -10.43 15.23
118742 -40 -10.43 15.23
121955 -40 -10.43 15.23
119234 -40 -10.43 15.23
120611 -40 -10.43 15.23
119548 -40 -10.43 15.23
121205 -40 -10.43 15.23
115454 -40 -10.43 15.23
120146 -40 -10.43 15.23
120900 -40 -10.43 15.23
119390 -40 -10.43 15.23
119721 -40 -10.43 15.23
121090 -40 -10.43 15.23
123668 -40 -10.43 15.23
115897 -40 -10.43 15.23
124786 -40 -10.43 15.23
116595 -40 -10.43 15.23
121775 -40 -10.43 15.23
119955 -40 -10.43 15.23
120377 -40 -10.43 15.23
123803 -40 -10.43 15.23
118656 -40 -10.43 15.23
78771 -40 2.46 11.55
76429 -40 2.46 11.55
72322 -40 2.46 11.55
79712 -40 2.46 11.55
75341 -40 2.46 11.55
69567 -40 2.46 11.55
75786 -40 2.46 11.55
72831 -40 2.46 11.55
70798 -40 2.46 11.55
77708 -40 2.46 11.55
75563 -40 2.46 11.55
78430 -40 2.46 11.55
74716 -40 2.46 11.55
74680 -40 2.46 11.55
73702 -40 2.46 11.55
79058 -40 2.46 11.55
73721 -40 2.46 11.55
75261 -40 2.46 11.55
72855 -40 2.46 11.55
76750 -40 2.46 11.55
76693 -40 2.46 11.55
73027 -40 2.46 11.55
74261 -40 2.46 11.55
75803 -40 2.46 11.55
76912 -40 2.46 11.55
79342 -40 2.46 11.55
75075 -40 2.46 11.55
74777 -40 2.46 11.55
74479 -40 2.46 11.55
76713 -40 2.46 11.55
78031 -40 2.46 11.55
72344 -40 2.46 11.55
77612 -40 2.46 11.55
76316 -40 2.46 11.55
76111 -40 2.46 11.55
73597 -40 2.46 11.55
72847 -40 2.46 11.55
78753 -40 2.46 11.55
76191 -40 2.46 11.55
105597 -40 -15.59 -0.56
108182 -40 -15.59 -0.56
106358 -40 -15.59 -0.56
104648 -40 -15.59 -0.56
109335 -40 -15.59 -0.56
109291 -40 -15.59 -0.56
99489 -40 -15.59 -0.56
103732 -40 -15.59 -0.56
106703 -40 -15.59 -0.56
108862 -40 -15.59 -0.56
102298 -40 -15.59 -0.56
109303 -40 -15.59 -0.56
106579 -40 -15.59 -0.56
107407 -40 -15.59 -0.56
103709 -40 -15.59 -0.56
103229 -40 -15.59 -0.56
109622 -40 -15.59 -0.56
108074 -40 -15.59 -0.56
107138 -40 -15.59 -0.56
104642 -40 -15.59 -0.56
112136 -40 -15.59 -0.56
105924 -40 -15.59 -0.56
110772 -40 -15.59 -0.56
104653 -40 -15.59 -0.56
106925 -40 -15.59 -0.56
106659 -40 -15.59 -0.56
102881 -40 -15.59 -0.56
108568 -40 -15.59 -0.56
106021 -40 -15.59 -0.56
108080 -40 -15.59 -0.56
107763 -40 -15.59 -0.56
104076 -40 -15.59 -0.56
105067 -40 -15.59 -0.56
109662 -40 -15.59 -0.56
113439 -40 -15.59 -0.56
105551 -40 -15.59 -0.56
106398 -40 -15.59 -0.56
102671 -40 -15.59 -0.56
103697 -40 -15.59 -0.56
149752 -40 2.73 22.2
139122 -40 2.73 22.2
149917 -40 2.73 22.2
148116 -40 2.73 22.2
147063 -40 2.73 22.2
146051 -40 2.73 22.2
145106 -40 2.73 22.2
146283 -40 2.73 22.2
144735 -40 2.73 22.2
147711 -40 2.73 22.2
145072 -40 2.73 22.2
149188 -40 2.73 22.2
144546 -40 2.73 22.2
147680 -40 2.73 22.2
145291 -40 2.73 22.2
142868 -40 2.73 22.2
145784 -40 2.73 22.2
146864 -40 2.73 22.2
150439 -40 2.73 22.2
143445 -40 2.73 22.2
142697 -40 2.73 22.2
149671 -40 2.73 22.2
145783 -40 2.73 22.2
145489 -40 2.73 22.2
144784 -40 2.73 22.2
145937 -40 2.73 22.2
148488 -40 2.73 22.2
143786 -40 2.73 22.2
147801 -40 2.73 22.2
147250 -40 2.73 22.2
144832 -40 2.73 22.2
140952 -40 2.73 22.2
147416 -40 2.73 22.2
151078 -40 2.73 22.2
145323 -40 2.73 22.2
143468 -40 2.73 22.2
144107 -40 2.73 22.2
145120 -40 2.73 22.2
144163 -40 2.73 22.2
