#rtt sig_str x y
236009 -40 -27.11 23.24
239552 -40 -27.11 23.24
236732 -40 -27.11 23.24
232014 -40 -27.11 23.24
236072 -40 -27.11 23.24
240787 -40 -27.11 23.24
236077 -40 -27.11 23.24
237139 -40 -27.11 23.24
234926 -40 -27.11 23.24
240270 -40 -27.11 23.24
235875 -40 -27.11 23.24
233026 -40 -27.11 23.24
237423 -40 -27.11 23.24
240216 -40 -27.11 23.24
232809 -40 -27.11 23.24
233411 -40 -27.11 23.24
238421 -40 -27.11 23.24
239122 -40 -27.11 23.24
233458 -40 -27.11 23.24
234825 -40 -27.11 23.24
229477 -40 -27.11 23.24
238339 -40 -27.11 23.24
235523 -40 -27.11 23.24
235897 -40 -27.11 23.24
240332 -40 -27.11 23.24
233154 -40 -27.11 23.24
236377 -40 -27.11 23.24
236919 -40 -27.11 23.24
235360 -40 -27.11 23.24
234045 -40 -27.11 23.24
239849 -40 -27.11 23.24
236961 -40 -27.11 23.24
231609 -40 -27.11 23.24
240315 -40 -27.11 23.24
236784 -40 -27.11 23.24
235136 -40 -27.11 23.24
239515 -40 -27.11 23.24
235804 -40 -27.11 23.24
237101 -40 -27.11 23.24
83313 -40 10.86 4.4
81097 -40 10.86 4.4
79698 -40 10.86 4.4
76893 -40 10.86 4.4
74580 -40 10.86 4.4
79755 -40 10.86 4.4
78541 -40 10.86 4.4
74395 -40 10.86 4.4
79054 -40 10.86 4.4
82235 -40 10.86 4.4
81828 -40 10.86 4.4
79713 -40 10.86 4.4
78780 -40 10.86 4.4
77671 -40 10.86 4.4
77844 -40 10.86 4.4
77716 -40 10.86 4.4
80511 -40 10.86 4.4
78545 -40 10.86 4.4
75829 -40 10.86 4.4
74784 -40 10.86 4.4
75566 -40 10.86 4.4
79715 -40 10.86 4.4
76678 -40 10.86 4.4
79185 -40 10.86 4.4
72203 -40 10.86 4.4
84121 -40 10.86 4.4
78555 -40 10.86 4.4
79961 -40 10.86 4.4
80178 -40 10.86 4.4
80237 -40 10.86 4.4
79700 -40 10.86 4.4
80173 -40 10.86 4.4
77826 -40 10.86 4.4
79795 -40 10.86 4.4
79632 -40 10.86 4.4
78968 -40 10.86 4.4
81424 -40 10.86 4.4
77798 -40 10.86 4.4
81214 -40 10.86 4.4
126878 -40 17.92 5.8
125600 -40 17.92 5.8
126158 -40 17.92 5.8
126499 -40 17.92 5.8
132851 -40 17.92 5.8
133172 -40 17.92 5.8
129395 -40 17.92 5.8
131943 -40 17.92 5.8
132384 -40 17.92 5.8
135136 -40 17.92 5.8
133066 -40 17.92 5.8
131229 -40 17.92 5.8
128285 -40 17.92 5.8
128452 -40 17.92 5.8
126547 -40 17.92 5.8
130052 -40 17.92 5.8
126178 -40 17.92 5.8
128882 -40 17.92 5.8
133706 -40 17.92 5.8
125893 -40 17.92 5.8
127144 -40 17.92 5.8
125721 -40 17.92 5.8
127650 -40 17.92 5.8
129529 -40 17.92 5.8
126193 -40 17.92 5.8
134630 -40 17.92 5.8
132917 -40 17.92 5.8
129677 -40 17.92 5.8
136547 -40 17.92 5.8
127958 -40 17.92 5.8
127239 -40 17.92 5.8
126941 -40 17.92 5.8
127362 -40 17.92 5.8
128092 -40 17.92 5.8
130513 -40 17.92 5.8
132143 -40 17.92 5.8
134643 -40 17.92 5.8
130538 -40 17.92 5.8
128590 -40 17.92 5.8
140905 -40 18.01 -10.47
142193 -40 18.01 -10.47
140677 -40 18.01 -10.47
147131 -40 18.01 -10.47
139041 -40 18.01 -10.47
142361 -40 18.01 -10.47
143033 -40 18.01 -10.47
141703 -40 18.01 -10.47
140651 -40 18.01 -10.47
145465 -40 18.01 -10.47
141335 -40 18.01 -10.47
139489 -40 18.01 -10.47
148267 -40 18.01 -10.47
139968 -40 18.01 -10.47
143686 -40 18.01 -10.47
144524 -40 18.01 -10.47
139660 -40 18.01 -10.47
144693 -40 18.01 -10.47
140904 -40 18.01 -10.47
143423 -40 18.01 -10.47
143011 -40 18.01 -10.47
141404 -40 18.01 -10.47
140690 -40 18.01 -10.47
144460 -40 18.01 -10.47
142800 -40 18.01 -10.47
142599 -40 18.01 -10.47
139770 -40 18.01 -10.47
140479 -40 18.01 -10.47
147605 -40 18.01 -10.47
138034 -40 18.01 -10.47
147296 -40 18.01 -10.47
141219 -40 18.01 -10.47
144992 -40 18.01 -10.47
142925 -40 18.01 -10.47
140334 -40 18.01 -10.47
142225 -40 18.01 -10.47
137265 -40 18.01 -10.47
143975 -40 18.01 -10.47
141642 -40 18.01 -10.47
213477 -40 27.92 15.64
210782 -40 27.92 15.64
208664 -40 27.92 15.64
214883 -40 27.92 15.64
213765 -40 27.92 15.64
214064 -40 27.92 15.64
212327 -40 27.92 15.64
216720 -40 27.92 15.64
211193 -40 27.92 15.64
206505 -40 27.92 15.64
212325 -40 27.92 15.64
215174 -40 27.92 15.64
211738 -40 27.92 15.64
211093 -40 27.92 15.64
214160 -40 27.92 15.64
210237 -40 27.92 15.64
211621 -40 27.92 15.64
211870 -40 27.92 15.64
213552 -40 27.92 15.64
210311 -40 27.92 15.64
214270 -40 27.92 15.64
216139 -40 27.92 15.64
218704 -40 27.92 15.64
214032 -40 27.92 15.64
213610 -40 27.92 15.64
213794 -40 27.92 15.64
212934 -40 27.92 15.64
218053 -40 27.92 15.64
217751 -40 27.92 15.64
216798 -40 27.92 15.64
215756 -40 27.92 15.64
211223 -40 27.92 15.64
211290 -40 27.92 15.64
211549 -40 27.92 15.64
212157 -40 27.92 15.64
215012 -40 27.92 15.64
213337 -40 27.92 15.64
210786 -40 27.92 15.64
216842 -40 27.92 15.64
197627 -40 -3.36 29.63
200180 -40 -3.36 29.63
203168 -40 -3.36 29.63
198432 -40 -3.36 29.63
200751 -40 -3.36 29.63
199194 -40 -3.36 29.63
199252 -40 -3.36 29.63
200369 -40 -3.36 29.63
200375 -40 -3.36 29.63
197404 -40 -3.36 29.63
200230 -40 -3.36 29.63
199288 -40 -3.36 29.63
198068 -40 -3.36 29.63
199522 -40 -3.36 29.63
200685 -40 -3.36 29.63
198150 -40 -3.36 29.63
204853 -40 -3.36 29.63
198360 -40 -3.36 29.63
197216 -40 -3.36 29.63
201089 -40 -3.36 29.63
202437 -40 -3.36 29.63
202943 -40 -3.36 29.63
200136 -40 -3.36 29.63
200308 -40 -3.36 29.63
200232 -40 -3.36 29.63
200696 -40 -3.36 29.63
199578 -40 -3.36 29.63
196547 -40 -3.36 29.63
204363 -40 -3.36 29.63
203474 -40 -3.36 29.63
202706 -40 -3.36 29.63
199658 -40 -3.36 29.63
199551 -40 -3.36 29.63
195612 -40 -3.36 29.63
198242 -40 -3.36 29.63
202976 -40 -3.36 29.63
197013 -40 -3.36 29.63
202667 -40 -3.36 29.63
198809 -40 -3.36 29.63
143217 -40 19.88 3.98
132581 -40 19.88 3.98
138572 -40 19.88 3.98
138571 -40 19.88 3.98
137830 -40 19.88 3.98
137484 -40 19.88 3.98
142122 -40 19.88 3.98
134620 -40 19.88 3.98
140977 -40 19.88 3.98
141908 -40 19.88 3.98
140323 -40 19.88 3.98
143713 -40 19.88 3.98
135647 -40 19.88 3.98
135419 -40 19.88 3.98
138551 -40 19.88 3.98
134812 -40 19.88 3.98
139523 -40 19.88 3.98
135138 -40 19.88 3.98
138186 -40 19.88 3.98
136540 -40 19.88 3.98
139513 -40 19.88 3.98
135305 -40 19.88 3.98
139545 -40 19.88 3.98
141123 -40 19.88 3.98
140591 -40 19.88 3.98
139544 -40 19.88 3.98
138242 -40 19.88 3.98
143433 -40 19.88 3.98
138913 -40 19.88 3.98
136148 -40 19.88 3.98
140479 -40 19.88 3.98
136842 -40 19.88 3.98
139963 -40 19.88 3.98
138223 -40 19.88 3.98
141118 -40 19.88 3.98
138721 -40 19.88 3.98
137261 -40 19.88 3.98
138471 -40 19.88 3.98
137114 -40 19.88 3.98
139213 -40 -15.21 15.1
139736 -40 -15.21 15.1
136907 -40 -15.21 15.1
142904 -40 -15.21 15.1
142620 -40 -15.21 15.1
140517 -40 -15.21 15.1
140598 -40 -15.21 15.1
141117 -40 -15.21 15.1
136165 -40 -15.21 15.1
139773 -40 -15.21 15.1
140261 -40 -15.21 15.1
141854 -40 -15.21 15.1
138976 -40 -15.21 15.1
135724 -40 -15.21 15.1
142399 -40 -15.21 15.1
141407 -40 -15.21 15.1
142049 -40 -15.21 15.1
140986 -40 -15.21 15.1
138063 -40 -15.21 15.1
141951 -40 -15.21 15.1
137452 -40 -15.21 15.1
138106 -40 -15.21 15.1
145821 -40 -15.21 15.1
138942 -40 -15.21 15.1
136147 -40 -15.21 15.1
137952 -40 -15.21 15.1
137131 -40 -15.21 15.1
145832 -40 -15.21 15.1
138755 -40 -15.21 15.1
147626 -40 -15.21 15.1
141621 -40 -15.21 15.1
140161 -40 -15.21 15.1
141433 -40 -15.21 15.1
137528 -40 -15.21 15.1
140528 -40 -15.21 15.1
138618 -40 -15.21 15.1
146515 -40 -15.21 15.1
138926 -40 -15.21 15.1
144408 -40 -15.21 15.1
183094 -40 -26.99 4.12
179291 -40 -26.99 4.12
179379 -40 -26.99 4.12
180551 -40 -26.99 4.12
177459 -40 -26.99 4.12
180693 -40 -26.99 4.12
182455 -40 -26.99 4.12
181380 -40 -26.99 4.12
180737 -40 -26.99 4.12
178088 -40 -26.99 4.12
181077 -40 -26.99 4.12
179509 -40 -26.99 4.12
183400 -40 -26.99 4.12
180722 -40 -26.99 4.12
174624 -40 -26.99 4.12
179115 -40 -26.99 4.12
179563 -40 -26.99 4.12
182072 -40 -26.99 4.12
177544 -40 -26.99 4.12
184942 -40 -26.99 4.12
178060 -40 -26.99 4.12
179581 -40 -26.99 4.12
183133 -40 -26.99 4.12
183670 -40 -26.99 4.12
179844 -40 -26.99 4.12
183682 -40 -26.99 4.12
180194 -40 -26.99 4.12
175410 -40 -26.99 4.12
180543 -40 -26.99 4.12
184735 -40 -26.99 4.12
175324 -40 -26.99 4.12
178582 -40 -26.99 4.12
180936 -40 -26.99 4.12
181316 -40 -26.99 4.12
178259 -40 -26.99 4.12
178728 -40 -26.99 4.12
183112 -40 -26.99 4.12
177143 -40 -26.99 4.12
179712 -40 -26.99 4.12
28853 -40 -0.75 -3.87
29662 -40 -0.75 -3.87
30389 -40 -0.75 -3.87
27210 -40 -0.75 -3.87
31605 -40 -0.75 -3.87
33513 -40 -0.75 -3.87
27901 -40 -0.75 -3.87
28775 -40 -0.75 -3.87
34014 -40 -0.75 -3.87
31939 -40 -0.75 -3.87
31581 -40 -0.75 -3.87
28685 -40 -0.75 -3.87
27988 -40 -0.75 -3.87
33020 -40 -0.75 -3.87
29388 -40 -0.75 -3.87
32612 -40 -0.75 -3.87
28255 -40 -0.75 -3.87
28353 -40 -0.75 -3.87
27768 -40 -0.75 -3.87
25248 -40 -0.75 -3.87
32804 -40 -0.75 -3.87
31922 -40 -0.75 -3.87
29952 -40 -0.75 -3.87
30160 -40 -0.75 -3.87
27674 -40 -0.75 -3.87
30276 -40 -0.75 -3.87
25016 -40 -0.75 -3.87
29185 -40 -0.75 -3.87
32356 -40 -0.75 -3.87
29719 -40 -0.75 -3.87
26400 -40 -0.75 -3.87
27637 -40 -0.75 -3.87
28947 -40 -0.75 -3.87
30658 -40 -0.75 -3.87
30604 -40 -0.75 -3.87
31823 -40 -0.75 -3.87
27862 -40 -0.75 -3.87
31955 -40 -0.75 -3.87
26275 -40 -0.75 -3.87
