#rtt sig_str x y
42553 -40 0.04 -6.04
41004 -40 0.04 -6.04
42932 -40 0.04 -6.04
38769 -40 0.04 -6.04
37780 -40 0.04 -6.04
41867 -40 0.04 -6.04
44551 -40 0.04 -6.04
45796 -40 0.04 -6.04
40297 -40 0.04 -6.04
41218 -40 0.04 -6.04
39658 -40 0.04 -6.04
39363 -40 0.04 -6.04
42650 -40 0.04 -6.04
44802 -40 0.04 -6.04
44502 -40 0.04 -6.04
43799 -40 0.04 -6.04
45628 -40 0.04 -6.04
42512 -40 0.04 -6.04
44876 -40 0.04 -6.04
47485 -40 0.04 -6.04
42202 -40 0.04 -6.04
40116 -40 0.04 -6.04
42705 -40 0.04 -6.04
45204 -40 0.04 -6.04
46276 -40 0.04 -6.04
46076 -40 0.04 -6.04
41679 -40 0.04 -6.04
42586 -40 0.04 -6.04
42026 -40 0.04 -6.04
39860 -40 0.04 -6.04
44615 -40 0.04 -6.04
43083 -40 0.04 -6.04
42811 -40 0.04 -6.04
40971 -40 0.04 -6.04
39816 -40 0.04 -6.04
39580 -40 0.04 -6.04
37020 -40 0.04 -6.04
45524 -40 0.04 -6.04
44121 -40 0.04 -6.04
15332 -40 -1.92 -2.31
14797 -40 -1.92 -2.31
10755 -40 -1.92 -2.31
11435 -40 -1.92 -2.31
14304 -40 -1.92 -2.31
17584 -40 -1.92 -2.31
12627 -40 -1.92 -2.31
9137 -40 -1.92 -2.31
17507 -40 -1.92 -2.31
11063 -40 -1.92 -2.31
15235 -40 -1.92 -2.31
11260 -40 -1.92 -2.31
13290 -40 -1.92 -2.31
9579 -40 -1.92 -2.31
16643 -40 -1.92 -2.31
7436 -40 -1.92 -2.31
10934 -40 -1.92 -2.31
15326 -40 -1.92 -2.31
13350 -40 -1.92 -2.31
14922 -40 -1.92 -2.31
10759 -40 -1.92 -2.31
14290 -40 -1.92 -2.31
5966 -40 -1.92 -2.31
15474 -40 -1.92 -2.31
13193 -40 -1.92 -2.31
12649 -40 -1.92 -2.31
15507 -40 -1.92 -2.31
16273 -40 -1.92 -2.31
13088 -40 -1.92 -2.31
14170 -40 -1.92 -2.31
11585 -40 -1.92 -2.31
14505 -40 -1.92 -2.31
13631 -40 -1.92 -2.31
11880 -40 -1.92 -2.31
12501 -40 -1.92 -2.31
13257 -40 -1.92 -2.31
11531 -40 -1.92 -2.31
10043 -40 -1.92 -2.31
13021 -40 -1.92 -2.31
122773 -40 0.05 18.83
131005 -40 0.05 18.83
125155 -40 0.05 18.83
124084 -40 0.05 18.83
124986 -40 0.05 18.83
127655 -40 0.05 18.83
125136 -40 0.05 18.83
125054 -40 0.05 18.83
119974 -40 0.05 18.83
132372 -40 0.05 18.83
126153 -40 0.05 18.83
128307 -40 0.05 18.83
122541 -40 0.05 18.83
127344 -40 0.05 18.83
126733 -40 0.05 18.83
125772 -40 0.05 18.83
126568 -40 0.05 18.83
123924 -40 0.05 18.83
124626 -40 0.05 18.83
129132 -40 0.05 18.83
124212 -40 0.05 18.83
126528 -40 0.05 18.83
125531 -40 0.05 18.83
123524 -40 0.05 18.83
130738 -40 0.05 18.83
126096 -40 0.05 18.83
128756 -40 0.05 18.83
128265 -40 0.05 18.83
125959 -40 0.05 18.83
122393 -40 0.05 18.83
126799 -40 0.05 18.83
128255 -40 0.05 18.83
130422 -40 0.05 18.83
128531 -40 0.05 18.83
127553 -40 0.05 18.83
123553 -40 0.05 18.83
120535 -40 0.05 18.83
125024 -40 0.05 18.83
127509 -40 0.05 18.83
139337 -40 -21.05 -3.95
138840 -40 -21.05 -3.95
140769 -40 -21.05 -3.95
140651 -40 -21.05 -3.95
140909 -40 -21.05 -3.95
140175 -40 -21.05 -3.95
142373 -40 -21.05 -3.95
139899 -40 -21.05 -3.95
146255 -40 -21.05 -3.95
142773 -40 -21.05 -3.95
140525 -40 -21.05 -3.95
142477 -40 -21.05 -3.95
140713 -40 -21.05 -3.95
141138 -40 -21.05 -3.95
144755 -40 -21.05 -3.95
140500 -40 -21.05 -3.95
139816 -40 -21.05 -3.95
142890 -40 -21.05 -3.95
140101 -40 -21.05 -3.95
143726 -40 -21.05 -3.95
139497 -40 -21.05 -3.95
141277 -40 -21.05 -3.95
142355 -40 -21.05 -3.95
139174 -40 -21.05 -3.95
137000 -40 -21.05 -3.95
139653 -40 -21.05 -3.95
137620 -40 -21.05 -3.95
139608 -40 -21.05 -3.95
137269 -40 -21.05 -3.95
140167 -40 -21.05 -3.95
144380 -40 -21.05 -3.95
136528 -40 -21.05 -3.95
138301 -40 -21.05 -3.95
138402 -40 -21.05 -3.95
147189 -40 -21.05 -3.95
143430 -40 -21.05 -3.95
138094 -40 -21.05 -3.95
143555 -40 -21.05 -3.95
136377 -40 -21.05 -3.95
189818 -40 19.22 22.46
195589 -40 19.22 22.46
192884 -40 19.22 22.46
190588 -40 19.22 22.46
187924 -40 19.22 22.46
186525 -40 19.22 22.46
193078 -40 19.22 22.46
192398 -40 19.22 22.46
192803 -40 19.22 22.46
188682 -40 19.22 22.46
195019 -40 19.22 22.46
190986 -40 19.22 22.46
194151 -40 19.22 22.46
191039 -40 19.22 22.46
192425 -40 19.22 22.46
192991 -40 19.22 22.46
191384 -40 19.22 22.46
192353 -40 19.22 22.46
189123 -40 19.22 22.46
193012 -40 19.22 22.46
190796 -40 19.22 22.46
188000 -40 19.22 22.46
190153 -40 19.22 22.46
189577 -40 19.22 22.46
185578 -40 19.22 22.46
190225 -40 19.22 22.46
194936 -40 19.22 22.46
190054 -40 19.22 22.46
191503 -40 19.22 22.46
189626 -40 19.22 22.46
183748 -40 19.22 22.46
195133 -40 19.22 22.46
189219 -40 19.22 22.46
187258 -40 19.22 22.46
189988 -40 19.22 22.46
187628 -40 19.22 22.46
191829 -40 19.22 22.46
193059 -40 19.22 22.46
190483 -40 19.22 22.46
147053 -40 -10.72 -18.99
142950 -40 -10.72 -18.99
143959 -40 -10.72 -18.99
141806 -40 -10.72 -18.99
148056 -40 -10.72 -18.99
144444 -40 -10.72 -18.99
140351 -40 -10.72 -18.99
142687 -40 -10.72 -18.99
142031 -40 -10.72 -18.99
147448 -40 -10.72 -18.99
140324 -40 -10.72 -18.99
135603 -40 -10.72 -18.99
149238 -40 -10.72 -18.99
139549 -40 -10.72 -18.99
144802 -40 -10.72 -18.99
143050 -40 -10.72 -18.99
146146 -40 -10.72 -18.99
141853 -40 -10.72 -18.99
141818 -40 -10.72 -18.99
148724 -40 -10.72 -18.99
142136 -40 -10.72 -18.99
147946 -40 -10.72 -18.99
139965 -40 -10.72 -18.99
142496 -40 -10.72 -18.99
143219 -40 -10.72 -18.99
145497 -40 -10.72 -18.99
140134 -40 -10.72 -18.99
136294 -40 -10.72 -18.99
141393 -40 -10.72 -18.99
141613 -40 -10.72 -18.99
143965 -40 -10.72 -18.99
144504 -40 -10.72 -18.99
144156 -40 -10.72 -18.99
142026 -40 -10.72 -18.99
148800 -40 -10.72 -18.99
148341 -40 -10.72 -18.99
143171 -40 -10.72 -18.99
145859 -40 -10.72 -18.99
144386 -40 -10.72 -18.99
117877 -40 16.75 6.51
117265 -40 16.75 6.51
120356 -40 16.75 6.51
118508 -40 16.75 6.51
116897 -40 16.75 6.51
119270 -40 16.75 6.51
124155 -40 16.75 6.51
122452 -40 16.75 6.51
120627 -40 16.75 6.51
119820 -40 16.75 6.51
119091 -40 16.75 6.51
119732 -40 16.75 6.51
115302 -40 16.75 6.51
120288 -40 16.75 6.51
118589 -40 16.75 6.51
118278 -40 16.75 6.51
119207 -40 16.75 6.51
116922 -40 16.75 6.51
120781 -40 16.75 6.51
117361 -40 16.75 6.51
120959 -40 16.75 6.51
119747 -40 16.75 6.51
117839 -40 16.75 6.51
118383 -40 16.75 6.51
123171 -40 16.75 6.51
119570 -40 16.75 6.51
119561 -40 16.75 6.51
119790 -40 16.75 6.51
119115 -40 16.75 6.51
116702 -40 16.75 6.51
116016 -40 16.75 6.51
119242 -40 16.75 6.51
123047 -40 16.75 6.51
123122 -40 16.75 6.51
119138 -40 16.75 6.51
118698 -40 16.75 6.51
115583 -40 16.75 6.51
124020 -40 16.75 6.51
120679 -40 16.75 6.51
210195 -40 18.91 -26.34
209148 -40 18.91 -26.34
210236 -40 18.91 -26.34
210263 -40 18.91 -26.34
210961 -40 18.91 -26.34
205654 -40 18.91 -26.34
206630 -40 18.91 -26.34
208709 -40 18.91 -26.34
207391 -40 18.91 -26.34
210966 -40 18.91 -26.34
211230 -40 18.91 -26.34
207506 -40 18.91 -26.34
211406 -40 18.91 -26.34
213427 -40 18.91 -26.34
209219 -40 18.91 -26.34
207125 -40 18.91 -26.34
205555 -40 18.91 -26.34
209976 -40 18.91 -26.34
212968 -40 18.91 -26.34
207398 -40 18.91 -26.34
210337 -40 18.91 -26.34
208874 -40 18.91 -26.34
213672 -40 18.91 -26.34
214147 -40 18.91 -26.34
211995 -40 18.91 -26.34
208499 -40 18.91 -26.34
209446 -40 18.91 -26.34
210938 -40 18.91 -26.34
210484 -40 18.91 -26.34
211082 -40 18.91 -26.34
213712 -40 18.91 -26.34
209874 -40 18.91 -26.34
211599 -40 18.91 -26.34
206286 -40 18.91 -26.34
207787 -40 18.91 -26.34
213410 -40 18.91 -26.34
213729 -40 18.91 -26.34
214100 -40 18.91 -26.34
210581 -40 18.91 -26.34
268692 -40 -29.12 -28.45
271567 -40 -29.12 -28.45
272756 -40 -29.12 -28.45
277132 -40 -29.12 -28.45
275308 -40 -29.12 -28.45
271906 -40 -29.12 -28.45
275028 -40 -29.12 -28.45
271333 -40 -29.12 -28.45
271126 -40 -29.12 -28.45
273285 -40 -29.12 -28.45
273809 -40 -29.12 -28.45
271673 -40 -29.12 -28.45
270825 -40 -29.12 -28.45
269468 -40 -29.12 -28.45
271830 -40 -29.12 -28.45
270936 -40 -29.12 -28.45
274169 -40 -29.12 -28.45
273981 -40 -29.12 -28.45
271923 -40 -29.12 -28.45
272742 -40 -29.12 -28.45
273153 -40 -29.12 -28.45
273980 -40 -29.12 -28.45
274124 -40 -29.12 -28.45
273245 -40 -29.12 -28.45
270092 -40 -29.12 -28.45
274114 -40 -29.12 -28.45
270642 -40 -29.12 -28.45
268963 -40 -29.12 -28.45
275577 -40 -29.12 -28.45
273515 -40 -29.12 -28.45
273320 -40 -29.12 -28.45
271442 -40 -29.12 -28.45
272785 -40 -29.12 -28.45
268308 -40 -29.12 -28.45
273562 -40 -29.12 -28.45
268590 -40 -29.12 -28.45
271920 -40 -29.12 -28.45
274584 -40 -29.12 -28.45
267131 -40 -29.12 -28.45
201242 -40 -16.35 -25.2
200841 -40 -16.35 -25.2
198566 -40 -16.35 -25.2
202175 -40 -16.35 -25.2
206891 -40 -16.35 -25.2
203036 -40 -16.35 -25.2
202415 -40 -16.35 -25.2
200450 -40 -16.35 -25.2
202664 -40 -16.35 -25.2
199945 -40 -16.35 -25.2
205179 -40 -16.35 -25.2
197905 -40 -16.35 -25.2
202852 -40 -16.35 -25.2
204611 -40 -16.35 -25.2
204825 -40 -16.35 -25.2
202007 -40 -16.35 -25.2
200944 -40 -16.35 -25.2
196643 -40 -16.35 -25.2
202208 -40 -16.35 -25.2
198223 -40 -16.35 -25.2
200663 -40 -16.35 -25.2
196462 -40 -16.35 -25.2
199692 -40 -16.35 -25.2
201521 -40 -16.35 -25.2
202017 -40 -16.35 -25.2
198661 -40 -16.35 -25.2
200381 -40 -16.35 -25.2
200299 -40 -16.35 -25.2
198483 -40 -16.35 -25.2
199437 -40 -16.35 -25.2
199073 -40 -16.35 -25.2
201173 -40 -16.35 -25.2
202757 -40 -16.35 -25.2
196951 -40 -16.35 -25.2
201598 -40 -16.35 -25.2
198629 -40 -16.35 -25.2
201715 -40 -16.35 -25.2
200500 -40 -16.35 -25.2
200730 -40 -16.35 -25.2
