#rtt sig_str x y
84151 -40 1.32 10.57
80240 -40 1.32 10.57
81379 -40 1.32 10.57
79034 -40 1.32 10.57
79417 -40 1.32 10.57
83913 -40 1.32 10.57
85004 -40 1.32 10.57
75349 -40 1.32 10.57
79793 -40 1.32 10.57
79755 -40 1.32 10.57
76593 -40 1.32 10.57
79471 -40 1.32 10.57
77258 -40 1.32 10.57
79945 -40 1.32 10.57
80334 -40 1.32 10.57
77456 -40 1.32 10.57
79076 -40 1.32 10.57
78636 -40 1.32 10.57
75905 -40 1.32 10.57
80927 -40 1.32 10.57
75263 -40 1.32 10.57
79661 -40 1.32 10.57
76401 -40 1.32 10.57
80785 -40 1.32 10.57
81849 -40 1.32 10.57
80304 -40 1.32 10.57
81497 -40 1.32 10.57
78496 -40 1.32 10.57
80827 -40 1.32 10.57
79234 -40 1.32 10.57
80700 -40 1.32 10.57
77000 -40 1.32 10.57
79242 -40 1.32 10.57
79942 -40 1.32 10.57
80184 -40 1.32 10.57
81673 -40 1.32 10.57
80342 -40 1.32 10.57
80118 -40 1.32 10.57
76394 -40 1.32 10.57
81158 -40 11.97 1.77
85330 -40 11.97 1.77
83335 -40 11.97 1.77
89351 -40 11.97 1.77
83192 -40 11.97 1.77
86729 -40 11.97 1.77
86732 -40 11.97 1.77
82858 -40 11.97 1.77
85950 -40 11.97 1.77
84215 -40 11.97 1.77
81287 -40 11.97 1.77
89469 -40 11.97 1.77
89449 -40 11.97 1.77
85349 -40 11.97 1.77
86743 -40 11.97 1.77
85545 -40 11.97 1.77
85614 -40 11.97 1.77
85120 -40 11.97 1.77
86275 -40 11.97 1.77
81066 -40 11.97 1.77
85740 -40 11.97 1.77
85335 -40 11.97 1.77
86415 -40 11.97 1.77
88892 -40 11.97 1.77
88489 -40 11.97 1.77
87255 -40 11.97 1.77
84989 -40 11.97 1.77
82053 -40 11.97 1.77
83834 -40 11.97 1.77
86783 -40 11.97 1.77
86392 -40 11.97 1.77
82229 -40 11.97 1.77
83851 -40 11.97 1.77
85840 -40 11.97 1.77
84209 -40 11.97 1.77
80481 -40 11.97 1.77
87670 -40 11.97 1.77
87184 -40 11.97 1.77
83501 -40 11.97 1.77
165697 -40 -13.81 -20.7
170501 -40 -13.81 -20.7
161015 -40 -13.81 -20.7
170668 -40 -13.81 -20.7
170631 -40 -13.81 -20.7
168520 -40 -13.81 -20.7
168090 -40 -13.81 -20.7
167572 -40 -13.81 -20.7
168044 -40 -13.81 -20.7
168725 -40 -13.81 -20.7
168141 -40 -13.81 -20.7
167845 -40 -13.81 -20.7
168635 -40 -13.81 -20.7
167123 -40 -13.81 -20.7
164963 -40 -13.81 -20.7
167611 -40 -13.81 -20.7
166975 -40 -13.81 -20.7
171263 -40 -13.81 -20.7
167968 -40 -13.81 -20.7
164435 -40 -13.81 -20.7
167761 -40 -13.81 -20.7
165123 -40 -13.81 -20.7
171123 -40 -13.81 -20.7
167515 -40 -13.81 -20.7
165470 -40 -13.81 -20.7
170649 -40 -13.81 -20.7
169033 -40 -13.81 -20.7
168094 -40 -13.81 -20.7
168642 -40 -13.81 -20.7
171698 -40 -13.81 -20.7
164251 -40 -13.81 -20.7
163257 -40 -13.81 -20.7
168245 -40 -13.81 -20.7
165940 -40 -13.81 -20.7
161876 -40 -13.81 -20.7
167511 -40 -13.81 -20.7
169842 -40 -13.81 -20.7
168744 -40 -13.81 -20.7
167538 -40 -13.81 -20.7
143002 -40 10.47 17.88
138038 -40 10.47 17.88
137517 -40 10.47 17.88
138031 -40 10.47 17.88
140728 -40 10.47 17.88
143005 -40 10.47 17.88
135199 -40 10.47 17.88
137806 -40 10.47 17.88
135942 -40 10.47 17.88
139115 -40 10.47 17.88
140217 -40 10.47 17.88
141113 -40 10.47 17.88
137563 -40 10.47 17.88
139806 -40 10.47 17.88
136914 -40 10.47 17.88
140640 -40 10.47 17.88
142891 -40 10.47 17.88
139866 -40 10.47 17.88
138392 -40 10.47 17.88
136884 -40 10.47 17.88
140247 -40 10.47 17.88
139107 -40 10.47 17.88
137329 -40 10.47 17.88
134308 -40 10.47 17.88
138840 -40 10.47 17.88
136949 -40 10.47 17.88
134538 -40 10.47 17.88
143634 -40 10.47 17.88
136793 -40 10.47 17.88
136423 -40 10.47 17.88
134987 -40 10.47 17.88
138440 -40 10.47 17.88
130067 -40 10.47 17.88
140419 -40 10.47 17.88
136763 -40 10.47 17.88
140115 -40 10.47 17.88
140413 -40 10.47 17.88
138479 -40 10.47 17.88
137352 -40 10.47 17.88
228163 -40 24.49 22.96
224905 -40 24.49 22.96
225986 -40 24.49 22.96
223134 -40 24.49 22.96
225956 -40 24.49 22.96
228264 -40 24.49 22.96
222245 -40 24.49 22.96
223198 -40 24.49 22.96
227956 -40 24.49 22.96
225095 -40 24.49 22.96
221112 -40 24.49 22.96
222624 -40 24.49 22.96
220802 -40 24.49 22.96
222776 -40 24.49 22.96
223701 -40 24.49 22.96
225239 -40 24.49 22.96
225876 -40 24.49 22.96
230013 -40 24.49 22.96
223759 -40 24.49 22.96
219971 -40 24.49 22.96
230443 -40 24.49 22.96
227045 -40 24.49 22.96
222727 -40 24.49 22.96
224004 -40 24.49 22.96
226713 -40 24.49 22.96
223736 -40 24.49 22.96
228740 -40 24.49 22.96
220231 -40 24.49 22.96
224231 -40 24.49 22.96
224884 -40 24.49 22.96
226606 -40 24.49 22.96
221854 -40 24.49 22.96
224569 -40 24.49 22.96
227905 -40 24.49 22.96
222048 -40 24.49 22.96
227506 -40 24.49 22.96
226483 -40 24.49 22.96
227095 -40 24.49 22.96
225296 -40 24.49 22.96
134495 -40 11.11 14.46
131490 -40 11.11 14.46
130849 -40 11.11 14.46
132426 -40 11.11 14.46
134080 -40 11.11 14.46
128994 -40 11.11 14.46
132529 -40 11.11 14.46
128372 -40 11.11 14.46
135114 -40 11.11 14.46
129423 -40 11.11 14.46
133309 -40 11.11 14.46
133731 -40 11.11 14.46
136682 -40 11.11 14.46
132655 -40 11.11 14.46
134105 -40 11.11 14.46
136634 -40 11.11 14.46
129399 -40 11.11 14.46
132508 -40 11.11 14.46
133883 -40 11.11 14.46
128650 -40 11.11 14.46
133428 -40 11.11 14.46
132703 -40 11.11 14.46
126034 -40 11.11 14.46
131520 -40 11.11 14.46
133555 -40 11.11 14.46
134136 -40 11.11 14.46
131596 -40 11.11 14.46
132577 -40 11.11 14.46
131728 -40 11.11 14.46
131128 -40 11.11 14.46
133150 -40 11.11 14.46
129347 -40 11.11 14.46
134023 -40 11.11 14.46
131692 -40 11.11 14.46
134977 -40 11.11 14.46
134295 -40 11.11 14.46
129421 -40 11.11 14.46
132946 -40 11.11 14.46
128450 -40 11.11 14.46
213582 -40 -17.3 27.27
207737 -40 -17.3 27.27
211374 -40 -17.3 27.27
211017 -40 -17.3 27.27
210303 -40 -17.3 27.27
211522 -40 -17.3 27.27
212796 -40 -17.3 27.27
215181 -40 -17.3 27.27
210348 -40 -17.3 27.27
209819 -40 -17.3 27.27
212064 -40 -17.3 27.27
214380 -40 -17.3 27.27
210050 -40 -17.3 27.27
208866 -40 -17.3 27.27
211974 -40 -17.3 27.27
214365 -40 -17.3 27.27
213583 -40 -17.3 27.27
214567 -40 -17.3 27.27
214559 -40 -17.3 27.27
214761 -40 -17.3 27.27
212136 -40 -17.3 27.27
208931 -40 -17.3 27.27
209514 -40 -17.3 27.27
211508 -40 -17.3 27.27
209341 -40 -17.3 27.27
212401 -40 -17.3 27.27
212557 -40 -17.3 27.27
212435 -40 -17.3 27.27
207705 -40 -17.3 27.27
208150 -40 -17.3 27.27
213850 -40 -17.3 27.27
210920 -40 -17.3 27.27
219196 -40 -17.3 27.27
208324 -40 -17.3 27.27
208399 -40 -17.3 27.27
212060 -40 -17.3 27.27
210917 -40 -17.3 27.27
208782 -40 -17.3 27.27
213715 -40 -17.3 27.27
82978 -40 -10.97 8.44
88242 -40 -10.97 8.44
92118 -40 -10.97 8.44
89620 -40 -10.97 8.44
94189 -40 -10.97 8.44
91042 -40 -10.97 8.44
89550 -40 -10.97 8.44
85024 -40 -10.97 8.44
96040 -40 -10.97 8.44
89919 -40 -10.97 8.44
86007 -40 -10.97 8.44
89236 -40 -10.97 8.44
96516 -40 -10.97 8.44
90280 -40 -10.97 8.44
88499 -40 -10.97 8.44
89733 -40 -10.97 8.44
89559 -40 -10.97 8.44
94437 -40 -10.97 8.44
88571 -40 -10.97 8.44
87219 -40 -10.97 8.44
90326 -40 -10.97 8.44
88725 -40 -10.97 8.44
92088 -40 -10.97 8.44
86164 -40 -10.97 8.44
89524 -40 -10.97 8.44
92424 -40 -10.97 8.44
91465 -40 -10.97 8.44
89589 -40 -10.97 8.44
91280 -40 -10.97 8.44
87699 -40 -10.97 8.44
88977 -40 -10.97 8.44
86618 -40 -10.97 8.44
91900 -40 -10.97 8.44
90132 -40 -10.97 8.44
90725 -40 -10.97 8.44
85591 -40 -10.97 8.44
92648 -40 -10.97 8.44
93887 -40 -10.97 8.44
92600 -40 -10.97 8.44
155894 -40 -13.96 19.8
154125 -40 -13.96 19.8
159422 -40 -13.96 19.8
162221 -40 -13.96 19.8
157966 -40 -13.96 19.8
156424 -40 -13.96 19.8
164491 -40 -13.96 19.8
161679 -40 -13.96 19.8
156423 -40 -13.96 19.8
158829 -40 -13.96 19.8
156040 -40 -13.96 19.8
156673 -40 -13.96 19.8
155834 -40 -13.96 19.8
162571 -40 -13.96 19.8
157116 -40 -13.96 19.8
156313 -40 -13.96 19.8
155084 -40 -13.96 19.8
158607 -40 -13.96 19.8
154549 -40 -13.96 19.8
156609 -40 -13.96 19.8
160767 -40 -13.96 19.8
158871 -40 -13.96 19.8
158929 -40 -13.96 19.8
157481 -40 -13.96 19.8
155487 -40 -13.96 19.8
160899 -40 -13.96 19.8
159587 -40 -13.96 19.8
152202 -40 -13.96 19.8
158028 -40 -13.96 19.8
160435 -40 -13.96 19.8
156067 -40 -13.96 19.8
154532 -40 -13.96 19.8
157115 -40 -13.96 19.8
155514 -40 -13.96 19.8
156943 -40 -13.96 19.8
162478 -40 -13.96 19.8
157216 -40 -13.96 19.8
156470 -40 -13.96 19.8
155987 -40 -13.96 19.8
165447 -40 -22.77 -11.72
164765 -40 -22.77 -11.72
164859 -40 -22.77 -11.72
162098 -40 -22.77 -11.72
164795 -40 -22.77 -11.72
167216 -40 -22.77 -11.72
164976 -40 -22.77 -11.72
158966 -40 -22.77 -11.72
168994 -40 -22.77 -11.72
161580 -40 -22.77 -11.72
167232 -40 -22.77 -11.72
165750 -40 -22.77 -11.72
163706 -40 -22.77 -11.72
164603 -40 -22.77 -11.72
165217 -40 -22.77 -11.72
162865 -40 -22.77 -11.72
167152 -40 -22.77 -11.72
167835 -40 -22.77 -11.72
164151 -40 -22.77 -11.72
167858 -40 -22.77 -11.72
166291 -40 -22.77 -11.72
166174 -40 -22.77 -11.72
170872 -40 -22.77 -11.72
162596 -40 -22.77 -11.72
165302 -40 -22.77 -11.72
166797 -40 -22.77 -11.72
163677 -40 -22.77 -11.72
166535 -40 -22.77 -11.72
165977 -40 -22.77 -11.72
165854 -40 -22.77 -11.72
161460 -40 -22.77 -11.72
166742 -40 -22.77 -11.72
161589 -40 -22.77 -11.72
161155 -40 -22.77 -11.72
166021 -40 -22.77 -11.72
163739 -40 -22.77 -11.72
160772 -40 -22.77 -11.72
160452 -40 -22.77 -11.72
163894 -40 -22.77 -11.72
