#rtt sig_str x y
56539 -40 -8.68 -1.23
56252 -40 -8.68 -1.23
55002 -40 -8.68 -1.23
58133 -40 -8.68 -1.23
53933 -40 -8.68 -1.23
52437 -40 -8.68 -1.23
56252 -40 -8.68 -1.23
60286 -40 -8.68 -1.23
58385 -40 -8.68 -1.23
49963 -40 -8.68 -1.23
56749 -40 -8.68 -1.23
54318 -40 -8.68 -1.23
53841 -40 -8.68 -1.23
51897 -40 -8.68 -1.23
52323 -40 -8.68 -1.23
55875 -40 -8.68 -1.23
52269 -40 -8.68 -1.23
52898 -40 -8.68 -1.23
56162 -40 -8.68 -1.23
54326 -40 -8.68 -1.23
54866 -40 -8.68 -1.23
52731 -40 -8.68 -1.23
54561 -40 -8.68 -1.23
55034 -40 -8.68 -1.23
54690 -40 -8.68 -1.23
55341 -40 -8.68 -1.23
56617 -40 -8.68 -1.23
55636 -40 -8.68 -1.23
54853 -40 -8.68 -1.23
55828 -40 -8.68 -1.23
53477 -40 -8.68 -1.23
56852 -40 -8.68 -1.23
53397 -40 -8.68 -1.23
53918 -40 -8.68 -1.23
55248 -40 -8.68 -1.23
52795 -40 -8.68 -1.23
59480 -40 -8.68 -1.23
54594 -40 -8.68 -1.23
54023 -40 -8.68 -1.23
148260 -40 -9.55 19.24
149146 -40 -9.55 19.24
144816 -40 -9.55 19.24
143709 -40 -9.55 19.24
147628 -40 -9.55 19.24
139414 -40 -9.55 19.24
152574 -40 -9.55 19.24
145396 -40 -9.55 19.24
148491 -40 -9.55 19.24
143762 -40 -9.55 19.24
144957 -40 -9.55 19.24
145896 -40 -9.55 19.24
144904 -40 -9.55 19.24
141512 -40 -9.55 19.24
146698 -40 -9.55 19.24
146058 -40 -9.55 19.24
146127 -40 -9.55 19.24
145516 -40 -9.55 19.24
147778 -40 -9.55 19.24
145563 -40 -9.55 19.24
144833 -40 -9.55 19.24
149963 -40 -9.55 19.24
144011 -40 -9.55 19.24
140844 -40 -9.55 19.24
149210 -40 -9.55 19.24
144175 -40 -9.55 19.24
144336 -40 -9.55 19.24
147925 -40 -9.55 19.24
144041 -40 -9.55 19.24
148055 -40 -9.55 19.24
143974 -40 -9.55 19.24
144402 -40 -9.55 19.24
149195 -40 -9.55 19.24
145206 -40 -9.55 19.24
146102 -40 -9.55 19.24
144141 -40 -9.55 19.24
148663 -40 -9.55 19.24
150100 -40 -9.55 19.24
147423 -40 -9.55 19.24
183581 -40 25.99 9.91
191616 -40 25.99 9.91
185728 -40 25.99 9.91
190496 -40 25.99 9.91
187266 -40 25.99 9.91
191120 -40 25.99 9.91
188269 -40 25.99 9.91
185176 -40 25.99 9.91
185174 -40 25.99 9.91
184576 -40 25.99 9.91
192473 -40 25.99 9.91
187381 -40 25.99 9.91
187704 -40 25.99 9.91
188234 -40 25.99 9.91
186895 -40 25.99 9.91
188999 -40 25.99 9.91
188697 -40 25.99 9.91
190353 -40 25.99 9.91
184400 -40 25.99 9.91
190672 -40 25.99 9.91
184426 -40 25.99 9.91
190376 -40 25.99 9.91
185693 -40 25.99 9.91
189860 -40 25.99 9.91
187659 -40 25.99 9.91
186554 -40 25.99 9.91
188129 -40 25.99 9.91
189403 -40 25.99 9.91
189455 -40 25.99 9.91
186300 -40 25.99 9.91
190973 -40 25.99 9.91
188249 -40 25.99 9.91
187546 -40 25.99 9.91
184075 -40 25.99 9.91
191274 -40 25.99 9.91
188407 -40 25.99 9.91
191037 -40 25.99 9.91
186494 -40 25.99 9.91
190255 -40 25.99 9.91
230105 -40 24.83 24.01
230104 -40 24.83 24.01
232121 -40 24.83 24.01
223497 -40 24.83 24.01
232422 -40 24.83 24.01
233954 -40 24.83 24.01
230443 -40 24.83 24.01
230618 -40 24.83 24.01
228190 -40 24.83 24.01
236449 -40 24.83 24.01
224560 -40 24.83 24.01
229098 -40 24.83 24.01
228448 -40 24.83 24.01
228959 -40 24.83 24.01
231361 -40 24.83 24.01
230274 -40 24.83 24.01
237084 -40 24.83 24.01
233572 -40 24.83 24.01
229067 -40 24.83 24.01
225910 -40 24.83 24.01
227878 -40 24.83 24.01
230939 -40 24.83 24.01
230255 -40 24.83 24.01
231794 -40 24.83 24.01
230212 -40 24.83 24.01
225375 -40 24.83 24.01
226226 -40 24.83 24.01
222651 -40 24.83 24.01
232168 -40 24.83 24.01
234564 -40 24.83 24.01
229425 -40 24.83 24.01
230607 -40 24.83 24.01
230586 -40 24.83 24.01
231051 -40 24.83 24.01
229892 -40 24.83 24.01
233257 -40 24.83 24.01
227877 -40 24.83 24.01
228098 -40 24.83 24.01
229445 -40 24.83 24.01
205772 -40 20.25 -22.63
200873 -40 20.25 -22.63
207999 -40 20.25 -22.63
210779 -40 20.25 -22.63
204519 -40 20.25 -22.63
204549 -40 20.25 -22.63
203940 -40 20.25 -22.63
205636 -40 20.25 -22.63
205586 -40 20.25 -22.63
206468 -40 20.25 -22.63
202791 -40 20.25 -22.63
205454 -40 20.25 -22.63
204368 -40 20.25 -22.63
204069 -40 20.25 -22.63
203936 -40 20.25 -22.63
209157 -40 20.25 -22.63
208764 -40 20.25 -22.63
205638 -40 20.25 -22.63
203109 -40 20.25 -22.63
206468 -40 20.25 -22.63
206995 -40 20.25 -22.63
205087 -40 20.25 -22.63
204255 -40 20.25 -22.63
207125 -40 20.25 -22.63
203033 -40 20.25 -22.63
204160 -40 20.25 -22.63
203712 -40 20.25 -22.63
208566 -40 20.25 -22.63
201160 -40 20.25 -22.63
207625 -40 20.25 -22.63
207518 -40 20.25 -22.63
209005 -40 20.25 -22.63
203104 -40 20.25 -22.63
205423 -40 20.25 -22.63
205257 -40 20.25 -22.63
204817 -40 20.25 -22.63
206490 -40 20.25 -22.63
206755 -40 20.25 -22.63
202943 -40 20.25 -22.63
253169 -40 -26.44 -28.52
253868 -40 -26.44 -28.52
252782 -40 -26.44 -28.52
251552 -40 -26.44 -28.52
257003 -40 -26.44 -28.52
253430 -40 -26.44 -28.52
254532 -40 -26.44 -28.52
251663 -40 -26.44 -28.52
253134 -40 -26.44 -28.52
257618 -40 -26.44 -28.52
252780 -40 -26.44 -28.52
253624 -40 -26.44 -28.52
258879 -40 -26.44 -28.52
252517 -40 -26.44 -28.52
259367 -40 -26.44 -28.52
255066 -40 -26.44 -28.52
258309 -40 -26.44 -28.52
257797 -40 -26.44 -28.52
259308 -40 -26.44 -28.52
256954 -40 -26.44 -28.52
254761 -40 -26.44 -28.52
254396 -40 -26.44 -28.52
252534 -40 -26.44 -28.52
254255 -40 -26.44 -28.52
251864 -40 -26.44 -28.52
255892 -40 -26.44 -28.52
252612 -40 -26.44 -28.52
252142 -40 -26.44 -28.52
255898 -40 -26.44 -28.52
253662 -40 -26.44 -28.52
251425 -40 -26.44 -28.52
249101 -40 -26.44 -28.52
256215 -40 -26.44 -28.52
253879 -40 -26.44 -28.52
259693 -40 -26.44 -28.52
255912 -40 -26.44 -28.52
257557 -40 -26.44 -28.52
249926 -40 -26.44 -28.52
255858 -40 -26.44 -28.52
104505 -40 -15.11 -1.07
107621 -40 -15.11 -1.07
98137 -40 -15.11 -1.07
101844 -40 -15.11 -1.07
102826 -40 -15.11 -1.07
106047 -40 -15.11 -1.07
104859 -40 -15.11 -1.07
104988 -40 -15.11 -1.07
104366 -40 -15.11 -1.07
107718 -40 -15.11 -1.07
97537 -40 -15.11 -1.07
103820 -40 -15.11 -1.07
102204 -40 -15.11 -1.07
102940 -40 -15.11 -1.07
106177 -40 -15.11 -1.07
103266 -40 -15.11 -1.07
104351 -40 -15.11 -1.07
102967 -40 -15.11 -1.07
106904 -40 -15.11 -1.07
105886 -40 -15.11 -1.07
106086 -40 -15.11 -1.07
106072 -40 -15.11 -1.07
105007 -40 -15.11 -1.07
105703 -40 -15.11 -1.07
105511 -40 -15.11 -1.07
104298 -40 -15.11 -1.07
102499 -40 -15.11 -1.07
102195 -40 -15.11 -1.07
106988 -40 -15.11 -1.07
108089 -40 -15.11 -1.07
106367 -40 -15.11 -1.07
106510 -40 -15.11 -1.07
106308 -40 -15.11 -1.07
104943 -40 -15.11 -1.07
102588 -40 -15.11 -1.07
106791 -40 -15.11 -1.07
106617 -40 -15.11 -1.07
107438 -40 -15.11 -1.07
107991 -40 -15.11 -1.07
156229 -40 0.55 -23.45
160770 -40 0.55 -23.45
158732 -40 0.55 -23.45
154030 -40 0.55 -23.45
156249 -40 0.55 -23.45
156770 -40 0.55 -23.45
157875 -40 0.55 -23.45
155491 -40 0.55 -23.45
153291 -40 0.55 -23.45
159741 -40 0.55 -23.45
158765 -40 0.55 -23.45
152468 -40 0.55 -23.45
154845 -40 0.55 -23.45
153057 -40 0.55 -23.45
158065 -40 0.55 -23.45
156705 -40 0.55 -23.45
156534 -40 0.55 -23.45
160010 -40 0.55 -23.45
155186 -40 0.55 -23.45
156883 -40 0.55 -23.45
157959 -40 0.55 -23.45
155748 -40 0.55 -23.45
155377 -40 0.55 -23.45
158070 -40 0.55 -23.45
152747 -40 0.55 -23.45
156019 -40 0.55 -23.45
154578 -40 0.55 -23.45
152343 -40 0.55 -23.45
161546 -40 0.55 -23.45
151569 -40 0.55 -23.45
156034 -40 0.55 -23.45
155608 -40 0.55 -23.45
158657 -40 0.55 -23.45
159461 -40 0.55 -23.45
158178 -40 0.55 -23.45
156244 -40 0.55 -23.45
159025 -40 0.55 -23.45
159593 -40 0.55 -23.45
154272 -40 0.55 -23.45
232499 -40 -24.63 24.27
235538 -40 -24.63 24.27
229739 -40 -24.63 24.27
230788 -40 -24.63 24.27
233410 -40 -24.63 24.27
231608 -40 -24.63 24.27
235656 -40 -24.63 24.27
236838 -40 -24.63 24.27
232863 -40 -24.63 24.27
235555 -40 -24.63 24.27
235322 -40 -24.63 24.27
229759 -40 -24.63 24.27
231070 -40 -24.63 24.27
236882 -40 -24.63 24.27
233885 -40 -24.63 24.27
234033 -40 -24.63 24.27
233823 -40 -24.63 24.27
228497 -40 -24.63 24.27
232388 -40 -24.63 24.27
228977 -40 -24.63 24.27
234433 -40 -24.63 24.27
233936 -40 -24.63 24.27
227587 -40 -24.63 24.27
231380 -40 -24.63 24.27
237445 -40 -24.63 24.27
235948 -40 -24.63 24.27
236951 -40 -24.63 24.27
232811 -40 -24.63 24.27
226902 -40 -24.63 24.27
236835 -40 -24.63 24.27
232853 -40 -24.63 24.27
234463 -40 -24.63 24.27
231693 -40 -24.63 24.27
233530 -40 -24.63 24.27
229476 -40 -24.63 24.27
229489 -40 -24.63 24.27
234030 -40 -24.63 24.27
236509 -40 -24.63 24.27
230794 -40 -24.63 24.27
163469 -40 17.11 -16.88
164078 -40 17.11 -16.88
160827 -40 17.11 -16.88
159955 -40 17.11 -16.88
162408 -40 17.11 -16.88
159178 -40 17.11 -16.88
165699 -40 17.11 -16.88
161973 -40 17.11 -16.88
159107 -40 17.11 -16.88
163887 -40 17.11 -16.88
162225 -40 17.11 -16.88
159126 -40 17.11 -16.88
159148 -40 17.11 -16.88
161678 -40 17.11 -16.88
164137 -40 17.11 -16.88
165161 -40 17.11 -16.88
163382 -40 17.11 -16.88
163958 -40 17.11 -16.88
163170 -40 17.11 -16.88
163641 -40 17.11 -16.88
167968 -40 17.11 -16.88
160544 -40 17.11 -16.88
166496 -40 17.11 -16.88
163629 -40 17.11 -16.88
162731 -40 17.11 -16.88
164093 -40 17.11 -16.88
162180 -40 17.11 -16.88
163952 -40 17.11 -16.88
163861 -40 17.11 -16.88
165027 -40 17.11 -16.88
162937 -40 17.11 -16.88
160177 -40 17.11 -16.88
162769 -40 17.11 -16.88
163717 -40 17.11 -16.88
160459 -40 17.11 -16.88
162634 -40 17.11 -16.88
161028 -40 17.11 -16.88
164358 -40 17.11 -16.88
165529 -40 17.11 -16.88
