#rtt sig_str x y
190566 -40 -13.49 -24.72
190706 -40 -13.49 -24.72
188378 -40 -13.49 -24.72
183360 -40 -13.49 -24.72
184190 -40 -13.49 -24.72
186853 -40 -13.49 -24.72
185287 -40 -13.49 -24.72
187260 -40 -13.49 -24.72
194522 -40 -13.49 -24.72
191064 -40 -13.49 -24.72
185217 -40 -13.49 -24.72
184714 -40 -13.49 -24.72
187322 -40 -13.49 -24.72
186117 -40 -13.49 -24.72
188519 -40 -13.49 -24.72
188227 -40 -13.49 -24.72
189973 -40 -13.49 -24.72
184878 -40 -13.49 -24.72
192942 -40 -13.49 -24.72
187184 -40 -13.49 -24.72
188525 -40 -13.49 -24.72
188492 -40 -13.49 -24.72
185826 -40 -13.49 -24.72
186477 -40 -13.49 -24.72
186363 -40 -13.49 -24.72
187063 -40 -13.49 -24.72
189320 -40 -13.49 -24.72
190889 -40 -13.49 -24.72
193969 -40 -13.49 -24.72
190308 -40 -13.49 -24.72
188073 -40 -13.49 -24.72
189902 -40 -13.49 -24.72
193923 -40 -13.49 -24.72
185852 -40 -13.49 -24.72
186947 -40 -13.49 -24.72
188376 -40 -13.49 -24.72
185572 -40 -13.49 -24.72
186238 -40 -13.49 -24.72
186870 -40 -13.49 -24.72
62813 -40 8.36 -6.05
60120 -40 8.36 -6.05
63588 -40 8.36 -6.05
67422 -40 8.36 -6.05
59286 -40 8.36 -6.05
60460 -40 8.36 -6.05
61229 -40 8.36 -6.05
62708 -40 8.36 -6.05
57727 -40 8.36 -6.05
60617 -40 8.36 -6.05
61172 -40 8.36 -6.05
59309 -40 8.36 -6.05
63078 -40 8.36 -6.05
61155 -40 8.36 -6.05
66753 -40 8.36 -6.05
62660 -40 8.36 -6.05
59614 -40 8.36 -6.05
58723 -40 8.36 -6.05
59562 -40 8.36 -6.05
62451 -40 8.36 -6.05
63150 -40 8.36 -6.05
63142 -40 8.36 -6.05
60642 -40 8.36 -6.05
61011 -40 8.36 -6.05
56622 -40 8.36 -6.05
56032 -40 8.36 -6.05
63228 -40 8.36 -6.05
60415 -40 8.36 -6.05
59265 -40 8.36 -6.05
61192 -40 8.36 -6.05
62279 -40 8.36 -6.05
62549 -40 8.36 -6.05
63716 -40 8.36 -6.05
63660 -40 8.36 -6.05
63544 -40 8.36 -6.05
65076 -40 8.36 -6.05
63285 -40 8.36 -6.05
62493 -40 8.36 -6.05
63878 -40 8.36 -6.05
123194 -40 7.44 16.84
123586 -40 7.44 16.84
122027 -40 7.44 16.84
128741 -40 7.44 16.84
124207 -40 7.44 16.84
122237 -40 7.44 16.84
123080 -40 7.44 16.84
116785 -40 7.44 16.84
121055 -40 7.44 16.84
123165 -40 7.44 16.84
128917 -40 7.44 16.84
123531 -40 7.44 16.84
123387 -40 7.44 16.84
119909 -40 7.44 16.84
126087 -40 7.44 16.84
127484 -40 7.44 16.84
124054 -40 7.44 16.84
123506 -40 7.44 16.84
125862 -40 7.44 16.84
123932 -40 7.44 16.84
121911 -40 7.44 16.84
124495 -40 7.44 16.84
123631 -40 7.44 16.84
122144 -40 7.44 16.84
123049 -40 7.44 16.84
123530 -40 7.44 16.84
123344 -40 7.44 16.84
122392 -40 7.44 16.84
125596 -40 7.44 16.84
124726 -40 7.44 16.84
124703 -40 7.44 16.84
125167 -40 7.44 16.84
127564 -40 7.44 16.84
123445 -40 7.44 16.84
118802 -40 7.44 16.84
124642 -40 7.44 16.84
122068 -40 7.44 16.84
121516 -40 7.44 16.84
126646 -40 7.44 16.84
154373 -40 16.69 16.55
161127 -40 16.69 16.55
160866 -40 16.69 16.55
158944 -40 16.69 16.55
159873 -40 16.69 16.55
154556 -40 16.69 16.55
159836 -40 16.69 16.55
154516 -40 16.69 16.55
158063 -40 16.69 16.55
163558 -40 16.69 16.55
156005 -40 16.69 16.55
160867 -40 16.69 16.55
160578 -40 16.69 16.55
157982 -40 16.69 16.55
157762 -40 16.69 16.55
160388 -40 16.69 16.55
161690 -40 16.69 16.55
156718 -40 16.69 16.55
157678 -40 16.69 16.55
164086 -40 16.69 16.55
160460 -40 16.69 16.55
157672 -40 16.69 16.55
159367 -40 16.69 16.55
156306 -40 16.69 16.55
161043 -40 16.69 16.55
160564 -40 16.69 16.55
158133 -40 16.69 16.55
161276 -40 16.69 16.55
162354 -40 16.69 16.55
159202 -40 16.69 16.55
161010 -40 16.69 16.55
158887 -40 16.69 16.55
158844 -40 16.69 16.55
159861 -40 16.69 16.55
160202 -40 16.69 16.55
166059 -40 16.69 16.55
160789 -40 16.69 16.55
159153 -40 16.69 16.55
155222 -40 16.69 16.55
76279 -40 -1.31 9.34
68776 -40 -1.31 9.34
73116 -40 -1.31 9.34
73904 -40 -1.31 9.34
75682 -40 -1.31 9.34
75159 -40 -1.31 9.34
72978 -40 -1.31 9.34
68226 -40 -1.31 9.34
75452 -40 -1.31 9.34
70251 -40 -1.31 9.34
71428 -40 -1.31 9.34
73518 -40 -1.31 9.34
76234 -40 -1.31 9.34
79427 -40 -1.31 9.34
67175 -40 -1.31 9.34
71117 -40 -1.31 9.34
73887 -40 -1.31 9.34
69604 -40 -1.31 9.34
71358 -40 -1.31 9.34
68754 -40 -1.31 9.34
72146 -40 -1.31 9.34
75367 -40 -1.31 9.34
72865 -40 -1.31 9.34
71341 -40 -1.31 9.34
73138 -40 -1.31 9.34
73367 -40 -1.31 9.34
68641 -40 -1.31 9.34
70004 -40 -1.31 9.34
73293 -40 -1.31 9.34
70916 -40 -1.31 9.34
74471 -40 -1.31 9.34
69982 -40 -1.31 9.34
70628 -40 -1.31 9.34
78363 -40 -1.31 9.34
75622 -40 -1.31 9.34
75231 -40 -1.31 9.34
68117 -40 -1.31 9.34
71581 -40 -1.31 9.34
72935 -40 -1.31 9.34
249433 -40 27.55 27.49
256090 -40 27.55 27.49
252181 -40 27.55 27.49
249422 -40 27.55 27.49
252651 -40 27.55 27.49
253436 -40 27.55 27.49
250904 -40 27.55 27.49
252364 -40 27.55 27.49
251440 -40 27.55 27.49
252254 -40 27.55 27.49
253760 -40 27.55 27.49
248583 -40 27.55 27.49
253118 -40 27.55 27.49
250355 -40 27.55 27.49
250927 -40 27.55 27.49
255161 -40 27.55 27.49
250102 -40 27.55 27.49
256311 -40 27.55 27.49
256748 -40 27.55 27.49
251304 -40 27.55 27.49
253328 -40 27.55 27.49
254568 -40 27.55 27.49
251279 -40 27.55 27.49
256446 -40 27.55 27.49
253403 -40 27.55 27.49
256717 -40 27.55 27.49
253086 -40 27.55 27.49
255979 -40 27.55 27.49
252670 -40 27.55 27.49
253704 -40 27.55 27.49
254042 -40 27.55 27.49
256278 -40 27.55 27.49
249896 -40 27.55 27.49
254110 -40 27.55 27.49
254418 -40 27.55 27.49
255337 -40 27.55 27.49
252388 -40 27.55 27.49
247740 -40 27.55 27.49
248583 -40 27.55 27.49
267870 -40 29.85 -26.76
267310 -40 29.85 -26.76
263660 -40 29.85 -26.76
263447 -40 29.85 -26.76
267384 -40 29.85 -26.76
267323 -40 29.85 -26.76
265230 -40 29.85 -26.76
261593 -40 29.85 -26.76
265353 -40 29.85 -26.76
267469 -40 29.85 -26.76
265876 -40 29.85 -26.76
265173 -40 29.85 -26.76
267485 -40 29.85 -26.76
266262 -40 29.85 -26.76
269368 -40 29.85 -26.76
263288 -40 29.85 -26.76
267149 -40 29.85 -26.76
267117 -40 29.85 -26.76
271160 -40 29.85 -26.76
266982 -40 29.85 -26.76
264603 -40 29.85 -26.76
263278 -40 29.85 -26.76
271450 -40 29.85 -26.76
266138 -40 29.85 -26.76
264276 -40 29.85 -26.76
263759 -40 29.85 -26.76
263536 -40 29.85 -26.76
266876 -40 29.85 -26.76
265828 -40 29.85 -26.76
264824 -40 29.85 -26.76
269853 -40 29.85 -26.76
263609 -40 29.85 -26.76
269531 -40 29.85 -26.76
264194 -40 29.85 -26.76
266132 -40 29.85 -26.76
265365 -40 29.85 -26.76
267621 -40 29.85 -26.76
265764 -40 29.85 -26.76
265124 -40 29.85 -26.76
126931 -40 19.95 -0.19
134403 -40 19.95 -0.19
125292 -40 19.95 -0.19
125706 -40 19.95 -0.19
126359 -40 19.95 -0.19
127428 -40 19.95 -0.19
127377 -40 19.95 -0.19
129109 -40 19.95 -0.19
132905 -40 19.95 -0.19
125650 -40 19.95 -0.19
128801 -40 19.95 -0.19
133194 -40 19.95 -0.19
132925 -40 19.95 -0.19
129026 -40 19.95 -0.19
125319 -40 19.95 -0.19
123599 -40 19.95 -0.19
130060 -40 19.95 -0.19
130548 -40 19.95 -0.19
125271 -40 19.95 -0.19
131254 -40 19.95 -0.19
128253 -40 19.95 -0.19
131968 -40 19.95 -0.19
132203 -40 19.95 -0.19
128057 -40 19.95 -0.19
128648 -40 19.95 -0.19
132530 -40 19.95 -0.19
129363 -40 19.95 -0.19
128856 -40 19.95 -0.19
128152 -40 19.95 -0.19
129275 -40 19.95 -0.19
125510 -40 19.95 -0.19
128593 -40 19.95 -0.19
129298 -40 19.95 -0.19
120859 -40 19.95 -0.19
127909 -40 19.95 -0.19
123855 -40 19.95 -0.19
127156 -40 19.95 -0.19
129517 -40 19.95 -0.19
123812 -40 19.95 -0.19
153338 -40 -17.77 14.49
154153 -40 -17.77 14.49
146677 -40 -17.77 14.49
149616 -40 -17.77 14.49
145659 -40 -17.77 14.49
147922 -40 -17.77 14.49
147409 -40 -17.77 14.49
149956 -40 -17.77 14.49
148279 -40 -17.77 14.49
147527 -40 -17.77 14.49
150902 -40 -17.77 14.49
152296 -40 -17.77 14.49
149015 -40 -17.77 14.49
149868 -40 -17.77 14.49
150481 -40 -17.77 14.49
150836 -40 -17.77 14.49
149215 -40 -17.77 14.49
157282 -40 -17.77 14.49
149577 -40 -17.77 14.49
150064 -40 -17.77 14.49
152738 -40 -17.77 14.49
145107 -40 -17.77 14.49
149779 -40 -17.77 14.49
146131 -40 -17.77 14.49
148907 -40 -17.77 14.49
149923 -40 -17.77 14.49
151911 -40 -17.77 14.49
149057 -40 -17.77 14.49
148413 -40 -17.77 14.49
150350 -40 -17.77 14.49
149464 -40 -17.77 14.49
147702 -40 -17.77 14.49
149953 -40 -17.77 14.49
152694 -40 -17.77 14.49
152419 -40 -17.77 14.49
152392 -40 -17.77 14.49
150757 -40 -17.77 14.49
147381 -40 -17.77 14.49
152485 -40 -17.77 14.49
156116 -40 -21.96 8.2
150394 -40 -21.96 8.2
158748 -40 -21.96 8.2
153000 -40 -21.96 8.2
152851 -40 -21.96 8.2
153637 -40 -21.96 8.2
155035 -40 -21.96 8.2
145972 -40 -21.96 8.2
155421 -40 -21.96 8.2
156105 -40 -21.96 8.2
152522 -40 -21.96 8.2
157637 -40 -21.96 8.2
152187 -40 -21.96 8.2
154122 -40 -21.96 8.2
152608 -40 -21.96 8.2
152274 -40 -21.96 8.2
156248 -40 -21.96 8.2
157660 -40 -21.96 8.2
158653 -40 -21.96 8.2
152516 -40 -21.96 8.2
155530 -40 -21.96 8.2
155566 -40 -21.96 8.2
152449 -40 -21.96 8.2
157374 -40 -21.96 8.2
160297 -40 -21.96 8.2
164371 -40 -21.96 8.2
153419 -40 -21.96 8.2
155761 -40 -21.96 8.2
153878 -40 -21.96 8.2
153583 -40 -21.96 8.2
156280 -40 -21.96 8.2
155094 -40 -21.96 8.2
159065 -40 -21.96 8.2
157705 -40 -21.96 8.2
155836 -40 -21.96 8.2
157448 -40 -21.96 8.2
159229 -40 -21.96 8.2
157853 -40 -21.96 8.2
154208 -40 -21.96 8.2
