#rtt sig_str x y
98501 -40 -14.58 3.94
95694 -40 -14.58 3.94
95719 -40 -14.58 3.94
97822 -40 -14.58 3.94
98801 -40 -14.58 3.94
97170 -40 -14.58 3.94
96577 -40 -14.58 3.94
98893 -40 -14.58 3.94
96102 -40 -14.58 3.94
97069 -40 -14.58 3.94
93819 -40 -14.58 3.94
95977 -40 -14.58 3.94
102448 -40 -14.58 3.94
95196 -40 -14.58 3.94
101263 -40 -14.58 3.94
96286 -40 -14.58 3.94
98416 -40 -14.58 3.94
93810 -40 -14.58 3.94
92555 -40 -14.58 3.94
101815 -40 -14.58 3.94
101984 -40 -14.58 3.94
94747 -40 -14.58 3.94
102446 -40 -14.58 3.94
96995 -40 -14.58 3.94
99858 -40 -14.58 3.94
97583 -40 -14.58 3.94
97358 -40 -14.58 3.94
96101 -40 -14.58 3.94
100765 -40 -14.58 3.94
105840 -40 -14.58 3.94
96654 -40 -14.58 3.94
97789 -40 -14.58 3.94
100755 -40 -14.58 3.94
99309 -40 -14.58 3.94
101810 -40 -14.58 3.94
99893 -40 -14.58 3.94
98233 -40 -14.58 3.94
98611 -40 -14.58 3.94
96384 -40 -14.58 3.94
140237 -40 11.03 20.07
150936 -40 11.03 20.07
146431 -40 11.03 20.07
150635 -40 11.03 20.07
147773 -40 11.03 20.07
145863 -40 11.03 20.07
143582 -40 11.03 20.07
155996 -40 11.03 20.07
149219 -40 11.03 20.07
147955 -40 11.03 20.07
144992 -40 11.03 20.07
147293 -40 11.03 20.07
150899 -40 11.03 20.07
149566 -40 11.03 20.07
145982 -40 11.03 20.07
147156 -40 11.03 20.07
150518 -40 11.03 20.07
147673 -40 11.03 20.07
148557 -40 11.03 20.07
149630 -40 11.03 20.07
143503 -40 11.03 20.07
145795 -40 11.03 20.07
147377 -40 11.03 20.07
141801 -40 11.03 20.07
145228 -40 11.03 20.07
139830 -40 11.03 20.07
148955 -40 11.03 20.07
145194 -40 11.03 20.07
145365 -40 11.03 20.07
144310 -40 11.03 20.07
150442 -40 11.03 20.07
150295 -40 11.03 20.07
146342 -40 11.03 20.07
143262 -40 11.03 20.07
146075 -40 11.03 20.07
146793 -40 11.03 20.07
151827 -40 11.03 20.07
150583 -40 11.03 20.07
148566 -40 11.03 20.07
183088 -40 9.82 24.42
175887 -40 9.82 24.42
182977 -40 9.82 24.42
178765 -40 9.82 24.42
178186 -40 9.82 24.42
177525 -40 9.82 24.42
175213 -40 9.82 24.42
181579 -40 9.82 24.42
178753 -40 9.82 24.42
177433 -40 9.82 24.42
174129 -40 9.82 24.42
179963 -40 9.82 24.42
183129 -40 9.82 24.42
178321 -40 9.82 24.42
176879 -40 9.82 24.42
172328 -40 9.82 24.42
177517 -40 9.82 24.42
176972 -40 9.82 24.42
174711 -40 9.82 24.42
175454 -40 9.82 24.42
176315 -40 9.82 24.42
177667 -40 9.82 24.42
176654 -40 9.82 24.42
175648 -40 9.82 24.42
180184 -40 9.82 24.42
178771 -40 9.82 24.42
177857 -40 9.82 24.42
176057 -40 9.82 24.42
184019 -40 9.82 24.42
175971 -40 9.82 24.42
177636 -40 9.82 24.42
178492 -40 9.82 24.42
181092 -40 9.82 24.42
183012 -40 9.82 24.42
180367 -40 9.82 24.42
178410 -40 9.82 24.42
178819 -40 9.82 24.42
179243 -40 9.82 24.42
179592 -40 9.82 24.42
144244 -40 16.63 -13.58
142755 -40 16.63 -13.58
141097 -40 16.63 -13.58
143648 -40 16.63 -13.58
134789 -40 16.63 -13.58
147127 -40 16.63 -13.58
139796 -40 16.63 -13.58
144978 -40 16.63 -13.58
141268 -40 16.63 -13.58
138224 -40 16.63 -13.58
138221 -40 16.63 -13.58
143057 -40 16.63 -13.58
142699 -40 16.63 -13.58
139834 -40 16.63 -13.58
143446 -40 16.63 -13.58
138084 -40 16.63 -13.58
142846 -40 16.63 -13.58
139427 -40 16.63 -13.58
140833 -40 16.63 -13.58
141093 -40 16.63 -13.58
141891 -40 16.63 -13.58
144223 -40 16.63 -13.58
143401 -40 16.63 -13.58
144291 -40 16.63 -13.58
143012 -40 16.63 -13.58
145785 -40 16.63 -13.58
139247 -40 16.63 -13.58
141884 -40 16.63 -13.58
142723 -40 16.63 -13.58
141674 -40 16.63 -13.58
140746 -40 16.63 -13.58
140932 -40 16.63 -13.58
139815 -40 16.63 -13.58
142348 -40 16.63 -13.58
137516 -40 16.63 -13.58
137437 -40 16.63 -13.58
138116 -40 16.63 -13.58
141755 -40 16.63 -13.58
138295 -40 16.63 -13.58
206945 -40 19.65 -25.31
210373 -40 19.65 -25.31
209535 -40 19.65 -25.31
208820 -40 19.65 -25.31
205541 -40 19.65 -25.31
207151 -40 19.65 -25.31
207999 -40 19.65 -25.31
208113 -40 19.65 -25.31
210026 -40 19.65 -25.31
209419 -40 19.65 -25.31
203669 -40 19.65 -25.31
209791 -40 19.65 -25.31
206379 -40 19.65 -25.31
202789 -40 19.65 -25.31
206959 -40 19.65 -25.31
211746 -40 19.65 -25.31
208218 -40 19.65 -25.31
208818 -40 19.65 -25.31
210234 -40 19.65 -25.31
206620 -40 19.65 -25.31
210316 -40 19.65 -25.31
210907 -40 19.65 -25.31
207354 -40 19.65 -25.31
204331 -40 19.65 -25.31
206318 -40 19.65 -25.31
212555 -40 19.65 -25.31
202907 -40 19.65 -25.31
208898 -40 19.65 -25.31
208316 -40 19.65 -25.31
203485 -40 19.65 -25.31
207070 -40 19.65 -25.31
205356 -40 19.65 -25.31
209221 -40 19.65 -25.31
204365 -40 19.65 -25.31
209225 -40 19.65 -25.31
205859 -40 19.65 -25.31
206854 -40 19.65 -25.31
210433 -40 19.65 -25.31
205222 -40 19.65 -25.31
66999 -40 -8.6 -6.86
70248 -40 -8.6 -6.86
71943 -40 -8.6 -6.86
70494 -40 -8.6 -6.86
72746 -40 -8.6 -6.86
67976 -40 -8.6 -6.86
67681 -40 -8.6 -6.86
72270 -40 -8.6 -6.86
69128 -40 -8.6 -6.86
70093 -40 -8.6 -6.86
72276 -40 -8.6 -6.86
67678 -40 -8.6 -6.86
69468 -40 -8.6 -6.86
68405 -40 -8.6 -6.86
71241 -40 -8.6 -6.86
65617 -40 -8.6 -6.86
66684 -40 -8.6 -6.86
72044 -40 -8.6 -6.86
70674 -40 -8.6 -6.86
70040 -40 -8.6 -6.86
68459 -40 -8.6 -6.86
69700 -40 -8.6 -6.86
73438 -40 -8.6 -6.86
66834 -40 -8.6 -6.86
68831 -40 -8.6 -6.86
75172 -40 -8.6 -6.86
65750 -40 -8.6 -6.86
64748 -40 -8.6 -6.86
67353 -40 -8.6 -6.86
70999 -40 -8.6 -6.86
69324 -40 -8.6 -6.86
72337 -40 -8.6 -6.86
66946 -40 -8.6 -6.86
70176 -40 -8.6 -6.86
72084 -40 -8.6 -6.86
69536 -40 -8.6 -6.86
65879 -40 -8.6 -6.86
69580 -40 -8.6 -6.86
72688 -40 -8.6 -6.86
122500 -40 -6.8 -17.13
118726 -40 -6.8 -17.13
116897 -40 -6.8 -17.13
121384 -40 -6.8 -17.13
123186 -40 -6.8 -17.13
119472 -40 -6.8 -17.13
119778 -40 -6.8 -17.13
120396 -40 -6.8 -17.13
117164 -40 -6.8 -17.13
118217 -40 -6.8 -17.13
119808 -40 -6.8 -17.13
120239 -40 -6.8 -17.13
122844 -40 -6.8 -17.13
117122 -40 -6.8 -17.13
123493 -40 -6.8 -17.13
118254 -40 -6.8 -17.13
123747 -40 -6.8 -17.13
121529 -40 -6.8 -17.13
120111 -40 -6.8 -17.13
119446 -40 -6.8 -17.13
114882 -40 -6.8 -17.13
118576 -40 -6.8 -17.13
121646 -40 -6.8 -17.13
117092 -40 -6.8 -17.13
120605 -40 -6.8 -17.13
118541 -40 -6.8 -17.13
119399 -40 -6.8 -17.13
119574 -40 -6.8 -17.13
119960 -40 -6.8 -17.13
117100 -40 -6.8 -17.13
118174 -40 -6.8 -17.13
117729 -40 -6.8 -17.13
115889 -40 -6.8 -17.13
117276 -40 -6.8 -17.13
122883 -40 -6.8 -17.13
119529 -40 -6.8 -17.13
119355 -40 -6.8 -17.13
120942 -40 -6.8 -17.13
119672 -40 -6.8 -17.13
103832 -40 14.61 6.24
101943 -40 14.61 6.24
103851 -40 14.61 6.24
102944 -40 14.61 6.24
101463 -40 14.61 6.24
100386 -40 14.61 6.24
105251 -40 14.61 6.24
104715 -40 14.61 6.24
103717 -40 14.61 6.24
101541 -40 14.61 6.24
104829 -40 14.61 6.24
105374 -40 14.61 6.24
103429 -40 14.61 6.24
103399 -40 14.61 6.24
100095 -40 14.61 6.24
104509 -40 14.61 6.24
108850 -40 14.61 6.24
105852 -40 14.61 6.24
103357 -40 14.61 6.24
106777 -40 14.61 6.24
105580 -40 14.61 6.24
100290 -40 14.61 6.24
106876 -40 14.61 6.24
108254 -40 14.61 6.24
98400 -40 14.61 6.24
105554 -40 14.61 6.24
105449 -40 14.61 6.24
103593 -40 14.61 6.24
106574 -40 14.61 6.24
102588 -40 14.61 6.24
105840 -40 14.61 6.24
107536 -40 14.61 6.24
104898 -40 14.61 6.24
106599 -40 14.61 6.24
106237 -40 14.61 6.24
101408 -40 14.61 6.24
106298 -40 14.61 6.24
102726 -40 14.61 6.24
105370 -40 14.61 6.24
210616 -40 -13.05 -29.76
209984 -40 -13.05 -29.76
208059 -40 -13.05 -29.76
210897 -40 -13.05 -29.76
210741 -40 -13.05 -29.76
216767 -40 -13.05 -29.76
208465 -40 -13.05 -29.76
208478 -40 -13.05 -29.76
211512 -40 -13.05 -29.76
214077 -40 -13.05 -29.76
214116 -40 -13.05 -29.76
213799 -40 -13.05 -29.76
213237 -40 -13.05 -29.76
214120 -40 -13.05 -29.76
211842 -40 -13.05 -29.76
211192 -40 -13.05 -29.76
212741 -40 -13.05 -29.76
215825 -40 -13.05 -29.76
211727 -40 -13.05 -29.76
215566 -40 -13.05 -29.76
208131 -40 -13.05 -29.76
211680 -40 -13.05 -29.76
215491 -40 -13.05 -29.76
208387 -40 -13.05 -29.76
209536 -40 -13.05 -29.76
215981 -40 -13.05 -29.76
212219 -40 -13.05 -29.76
210112 -40 -13.05 -29.76
214982 -40 -13.05 -29.76
212504 -40 -13.05 -29.76
211565 -40 -13.05 -29.76
212644 -40 -13.05 -29.76
212447 -40 -13.05 -29.76
216509 -40 -13.05 -29.76
214897 -40 -13.05 -29.76
211580 -40 -13.05 -29.76
212916 -40 -13.05 -29.76
214174 -40 -13.05 -29.76
210885 -40 -13.05 -29.76
213885 -40 -12.36 -28.79
209014 -40 -12.36 -28.79
208743 -40 -12.36 -28.79
214903 -40 -12.36 -28.79
215733 -40 -12.36 -28.79
212383 -40 -12.36 -28.79
217336 -40 -12.36 -28.79
217957 -40 -12.36 -28.79
208350 -40 -12.36 -28.79
215900 -40 -12.36 -28.79
210862 -40 -12.36 -28.79
215422 -40 -12.36 -28.79
213158 -40 -12.36 -28.79
214129 -40 -12.36 -28.79
213713 -40 -12.36 -28.79
212186 -40 -12.36 -28.79
212318 -40 -12.36 -28.79
211976 -40 -12.36 -28.79
216103 -40 -12.36 -28.79
213265 -40 -12.36 -28.79
216820 -40 -12.36 -28.79
210237 -40 -12.36 -28.79
211651 -40 -12.36 -28.79
212950 -40 -12.36 -28.79
210231 -40 -12.36 -28.79
214173 -40 -12.36 -28.79
216711 -40 -12.36 -28.79
214146 -40 -12.36 -28.79
212291 -40 -12.36 -28.79
216005 -40 -12.36 -28.79
218289 -40 -12.36 -28.79
212974 -40 -12.36 -28.79
214452 -40 -12.36 -28.79
212873 -40 -12.36 -28.79
217199 -40 -12.36 -28.79
209676 -40 -12.36 -28.79
215986 -40 -12.36 -28.79
211408 -40 -12.36 -28.79
213020 -40 -12.36 -28.79
