#rtt sig_str x y
182661 -40 -27.24 3.61
180536 -40 -27.24 3.61
182374 -40 -27.24 3.61
180415 -40 -27.24 3.61
184462 -40 -27.24 3.61
184173 -40 -27.24 3.61
182401 -40 -27.24 3.61
177177 -40 -27.24 3.61
184148 -40 -27.24 3.61
180792 -40 -27.24 3.61
182501 -40 -27.24 3.61
184512 -40 -27.24 3.61
184591 -40 -27.24 3.61
185949 -40 -27.24 3.61
182337 -40 -27.24 3.61
183176 -40 -27.24 3.61
186313 -40 -27.24 3.61
184435 -40 -27.24 3.61
185146 -40 -27.24 3.61
184517 -40 -27.24 3.61
180790 -40 -27.24 3.61
181775 -40 -27.24 3.61
186940 -40 -27.24 3.61
179169 -40 -27.24 3.61
179780 -40 -27.24 3.61
183410 -40 -27.24 3.61
181338 -40 -27.24 3.61
181183 -40 -27.24 3.61
184488 -40 -27.24 3.61
178891 -40 -27.24 3.61
183000 -40 -27.24 3.61
181785 -40 -27.24 3.61
181729 -40 -27.24 3.61
184529 -40 -27.24 3.61
182097 -40 -27.24 3.61
177004 -40 -27.24 3.61
178918 -40 -27.24 3.61
184251 -40 -27.24 3.61
186656 -40 -27.24 3.61
65424 -40 -7.79 -1.29
59796 -40 -7.79 -1.29
56387 -40 -7.79 -1.29
58897 -40 -7.79 -1.29
62924 -40 -7.79 -1.29
60326 -40 -7.79 -1.29
61403 -40 -7.79 -1.29
62317 -40 -7.79 -1.29
61434 -40 -7.79 -1.29
57309 -40 -7.79 -1.29
56464 -40 -7.79 -1.29
53041 -40 -7.79 -1.29
56842 -40 -7.79 -1.29
57395 -40 -7.79 -1.29
58658 -40 -7.79 -1.29
60777 -40 -7.79 -1.29
61423 -40 -7.79 -1.29
59651 -40 -7.79 -1.29
57012 -40 -7.79 -1.29
57150 -40 -7.79 -1.29
57388 -40 -7.79 -1.29
60687 -40 -7.79 -1.29
57065 -40 -7.79 -1.29
61702 -40 -7.79 -1.29
58251 -40 -7.79 -1.29
63152 -40 -7.79 -1.29
57732 -40 -7.79 -1.29
60022 -40 -7.79 -1.29
61986 -40 -7.79 -1.29
57000 -40 -7.79 -1.29
57567 -40 -7.79 -1.29
62703 -40 -7.79 -1.29
58719 -40 -7.79 -1.29
58503 -40 -7.79 -1.29
54914 -40 -7.79 -1.29
61117 -40 -7.79 -1.29
56946 -40 -7.79 -1.29
59942 -40 -7.79 -1.29
53922 -40 -7.79 -1.29
119365 -40 -15.46 -11.07
123217 -40 -15.46 -11.07
119512 -40 -15.46 -11.07
118093 -40 -15.46 -11.07
122367 -40 -15.46 -11.07
116483 -40 -15.46 -11.07
119794 -40 -15.46 -11.07
118663 -40 -15.46 -11.07
120686 -40 -15.46 -11.07
121776 -40 -15.46 -11.07
118412 -40 -15.46 -11.07
120278 -40 -15.46 -11.07
123091 -40 -15.46 -11.07
116276 -40 -15.46 -11.07
117743 -40 -15.46 -11.07
120077 -40 -15.46 -11.07
117910 -40 -15.46 -11.07
119664 -40 -15.46 -11.07
119474 -40 -15.46 -11.07
119747 -40 -15.46 -11.07
119639 -40 -15.46 -11.07
121968 -40 -15.46 -11.07
119837 -40 -15.46 -11.07
120089 -40 -15.46 -11.07
117019 -40 -15.46 -11.07
115085 -40 -15.46 -11.07
123058 -40 -15.46 -11.07
123354 -40 -15.46 -11.07
119093 -40 -15.46 -11.07
116617 -40 -15.46 -11.07
122093 -40 -15.46 -11.07
122645 -40 -15.46 -11.07
116212 -40 -15.46 -11.07
120194 -40 -15.46 -11.07
117796 -40 -15.46 -11.07
121413 -40 -15.46 -11.07
121646 -40 -15.46 -11.07
121707 -40 -15.46 -11.07
120464 -40 -15.46 -11.07
74382 -40 7.71 -7.77
78191 -40 7.71 -7.77
80378 -40 7.71 -7.77
81251 -40 7.71 -7.77
75798 -40 7.71 -7.77
75084 -40 7.71 -7.77
79982 -40 7.71 -7.77
78550 -40 7.71 -7.77
76258 -40 7.71 -7.77
77415 -40 7.71 -7.77
79152 -40 7.71 -7.77
79141 -40 7.71 -7.77
80410 -40 7.71 -7.77
79539 -40 7.71 -7.77
78490 -40 7.71 -7.77
80062 -40 7.71 -7.77
75750 -40 7.71 -7.77
78328 -40 7.71 -7.77
79155 -40 7.71 -7.77
81092 -40 7.71 -7.77
82575 -40 7.71 -7.77
81976 -40 7.71 -7.77
80753 -40 7.71 -7.77
76719 -40 7.71 -7.77
83326 -40 7.71 -7.77
75305 -40 7.71 -7.77
77659 -40 7.71 -7.77
78168 -40 7.71 -7.77
79534 -40 7.71 -7.77
78351 -40 7.71 -7.77
82651 -40 7.71 -7.77
82749 -40 7.71 -7.77
84305 -40 7.71 -7.77
79247 -40 7.71 -7.77
79386 -40 7.71 -7.77
82952 -40 7.71 -7.77
78520 -40 7.71 -7.77
79978 -40 7.71 -7.77
79254 -40 7.71 -7.77
215737 -40 29.41 13.61
219461 -40 29.41 13.61
222327 -40 29.41 13.61
219760 -40 29.41 13.61
219298 -40 29.41 13.61
217085 -40 29.41 13.61
218695 -40 29.41 13.61
219490 -40 29.41 13.61
213929 -40 29.41 13.61
217099 -40 29.41 13.61
218041 -40 29.41 13.61
214891 -40 29.41 13.61
215364 -40 29.41 13.61
215332 -40 29.41 13.61
216173 -40 29.41 13.61
213598 -40 29.41 13.61
215297 -40 29.41 13.61
216394 -40 29.41 13.61
212360 -40 29.41 13.61
218741 -40 29.41 13.61
218821 -40 29.41 13.61
223269 -40 29.41 13.61
221033 -40 29.41 13.61
215896 -40 29.41 13.61
215079 -40 29.41 13.61
217903 -40 29.41 13.61
222065 -40 29.41 13.61
215923 -40 29.41 13.61
222041 -40 29.41 13.61
217985 -40 29.41 13.61
214619 -40 29.41 13.61
216220 -40 29.41 13.61
220788 -40 29.41 13.61
220892 -40 29.41 13.61
219512 -40 29.41 13.61
219200 -40 29.41 13.61
220841 -40 29.41 13.61
217854 -40 29.41 13.61
218729 -40 29.41 13.61
180786 -40 -22.17 -13.48
172877 -40 -22.17 -13.48
174956 -40 -22.17 -13.48
173483 -40 -22.17 -13.48
176439 -40 -22.17 -13.48
174421 -40 -22.17 -13.48
171197 -40 -22.17 -13.48
173884 -40 -22.17 -13.48
174702 -40 -22.17 -13.48
174464 -40 -22.17 -13.48
177648 -40 -22.17 -13.48
177391 -40 -22.17 -13.48
176733 -40 -22.17 -13.48
174891 -40 -22.17 -13.48
170327 -40 -22.17 -13.48
179319 -40 -22.17 -13.48
178311 -40 -22.17 -13.48
177040 -40 -22.17 -13.48
172017 -40 -22.17 -13.48
174842 -40 -22.17 -13.48
170727 -40 -22.17 -13.48
176380 -40 -22.17 -13.48
174972 -40 -22.17 -13.48
174293 -40 -22.17 -13.48
175816 -40 -22.17 -13.48
176228 -40 -22.17 -13.48
172552 -40 -22.17 -13.48
176001 -40 -22.17 -13.48
175599 -40 -22.17 -13.48
171804 -40 -22.17 -13.48
174560 -40 -22.17 -13.48
177861 -40 -22.17 -13.48
173689 -40 -22.17 -13.48
176065 -40 -22.17 -13.48
176252 -40 -22.17 -13.48
175078 -40 -22.17 -13.48
172075 -40 -22.17 -13.48
174824 -40 -22.17 -13.48
175945 -40 -22.17 -13.48
194330 -40 -19.59 -23.42
198428 -40 -19.59 -23.42
193363 -40 -19.59 -23.42
193031 -40 -19.59 -23.42
193727 -40 -19.59 -23.42
196388 -40 -19.59 -23.42
199340 -40 -19.59 -23.42
194143 -40 -19.59 -23.42
194971 -40 -19.59 -23.42
196881 -40 -19.59 -23.42
193828 -40 -19.59 -23.42
193933 -40 -19.59 -23.42
195725 -40 -19.59 -23.42
192676 -40 -19.59 -23.42
196486 -40 -19.59 -23.42
196004 -40 -19.59 -23.42
198072 -40 -19.59 -23.42
197262 -40 -19.59 -23.42
196723 -40 -19.59 -23.42
200046 -40 -19.59 -23.42
195162 -40 -19.59 -23.42
194232 -40 -19.59 -23.42
192345 -40 -19.59 -23.42
195327 -40 -19.59 -23.42
196165 -40 -19.59 -23.42
200710 -40 -19.59 -23.42
194037 -40 -19.59 -23.42
195940 -40 -19.59 -23.42
197764 -40 -19.59 -23.42
196462 -40 -19.59 -23.42
192485 -40 -19.59 -23.42
199156 -40 -19.59 -23.42
197193 -40 -19.59 -23.42
193563 -40 -19.59 -23.42
198320 -40 -19.59 -23.42
199026 -40 -19.59 -23.42
193796 -40 -19.59 -23.42
192510 -40 -19.59 -23.42
191208 -40 -19.59 -23.42
201912 -40 -14.5 25.78
197459 -40 -14.5 25.78
191192 -40 -14.5 25.78
198978 -40 -14.5 25.78
200291 -40 -14.5 25.78
203050 -40 -14.5 25.78
199590 -40 -14.5 25.78
200057 -40 -14.5 25.78
190135 -40 -14.5 25.78
191672 -40 -14.5 25.78
191762 -40 -14.5 25.78
197759 -40 -14.5 25.78
198158 -40 -14.5 25.78
197477 -40 -14.5 25.78
194811 -40 -14.5 25.78
198368 -40 -14.5 25.78
193146 -40 -14.5 25.78
194554 -40 -14.5 25.78
199703 -40 -14.5 25.78
199279 -40 -14.5 25.78
197191 -40 -14.5 25.78
197502 -40 -14.5 25.78
194145 -40 -14.5 25.78
198606 -40 -14.5 25.78
195283 -40 -14.5 25.78
194677 -40 -14.5 25.78
195981 -40 -14.5 25.78
197772 -40 -14.5 25.78
198841 -40 -14.5 25.78
198936 -40 -14.5 25.78
199658 -40 -14.5 25.78
198266 -40 -14.5 25.78
194772 -40 -14.5 25.78
193811 -40 -14.5 25.78
199561 -40 -14.5 25.78
193359 -40 -14.5 25.78
198613 -40 -14.5 25.78
195414 -40 -14.5 25.78
196482 -40 -14.5 25.78
82398 -40 -4.9 12.34
81787 -40 -4.9 12.34
86031 -40 -4.9 12.34
85898 -40 -4.9 12.34
81290 -40 -4.9 12.34
86352 -40 -4.9 12.34
84219 -40 -4.9 12.34
90175 -40 -4.9 12.34
83135 -40 -4.9 12.34
83159 -40 -4.9 12.34
81530 -40 -4.9 12.34
81705 -40 -4.9 12.34
82300 -40 -4.9 12.34
80592 -40 -4.9 12.34
80898 -40 -4.9 12.34
84213 -40 -4.9 12.34
81883 -40 -4.9 12.34
81879 -40 -4.9 12.34
82968 -40 -4.9 12.34
81917 -40 -4.9 12.34
81049 -40 -4.9 12.34
84189 -40 -4.9 12.34
78953 -40 -4.9 12.34
84049 -40 -4.9 12.34
82823 -40 -4.9 12.34
80762 -40 -4.9 12.34
83817 -40 -4.9 12.34
83437 -40 -4.9 12.34
85905 -40 -4.9 12.34
84528 -40 -4.9 12.34
84392 -40 -4.9 12.34
88260 -40 -4.9 12.34
85498 -40 -4.9 12.34
86463 -40 -4.9 12.34
81978 -40 -4.9 12.34
82193 -40 -4.9 12.34
83280 -40 -4.9 12.34
85270 -40 -4.9 12.34
86571 -40 -4.9 12.34
195386 -40 -22.14 -19.19
196047 -40 -22.14 -19.19
195676 -40 -22.14 -19.19
197592 -40 -22.14 -19.19
199206 -40 -22.14 -19.19
194142 -40 -22.14 -19.19
195314 -40 -22.14 -19.19
194924 -40 -22.14 -19.19
195736 -40 -22.14 -19.19
199978 -40 -22.14 -19.19
197577 -40 -22.14 -19.19
196850 -40 -22.14 -19.19
194975 -40 -22.14 -19.19
193263 -40 -22.14 -19.19
197713 -40 -22.14 -19.19
192247 -40 -22.14 -19.19
194402 -40 -22.14 -19.19
197764 -40 -22.14 -19.19
191913 -40 -22.14 -19.19
198640 -40 -22.14 -19.19
192579 -40 -22.14 -19.19
194730 -40 -22.14 -19.19
196771 -40 -22.14 -19.19
194356 -40 -22.14 -19.19
196678 -40 -22.14 -19.19
194541 -40 -22.14 -19.19
193787 -40 -22.14 -19.19
195455 -40 -22.14 -19.19
192257 -40 -22.14 -19.19
196911 -40 -22.14 -19.19
193460 -40 -22.14 -19.19
193366 -40 -22.14 -19.19
196311 -40 -22.14 -19.19
197566 -40 -22.14 -19.19
193815 -40 -22.14 -19.19
195537 -40 -22.14 -19.19
197032 -40 -22.14 -19.19
195470 -40 -22.14 -19.19
198640 -40 -22.14 -19.19
