#rtt sig_str x y
163082 -40 7.22 24.01
159014 -40 7.22 24.01
158504 -40 7.22 24.01
162459 -40 7.22 24.01
164271 -40 7.22 24.01
160510 -40 7.22 24.01
160784 -40 7.22 24.01
161805 -40 7.22 24.01
161125 -40 7.22 24.01
159103 -40 7.22 24.01
161835 -40 7.22 24.01
157561 -40 7.22 24.01
157316 -40 7.22 24.01
158419 -40 7.22 24.01
158644 -40 7.22 24.01
167324 -40 7.22 24.01
158468 -40 7.22 24.01
163653 -40 7.22 24.01
163652 -40 7.22 24.01
157671 -40 7.22 24.01
158562 -40 7.22 24.01
161301 -40 7.22 24.01
159516 -40 7.22 24.01
158317 -40 7.22 24.01
161173 -40 7.22 24.01
158778 -40 7.22 24.01
159379 -40 7.22 24.01
155157 -40 7.22 24.01
163345 -40 7.22 24.01
159268 -40 7.22 24.01
162265 -40 7.22 24.01
161108 -40 7.22 24.01
157416 -40 7.22 24.01
163021 -40 7.22 24.01
157623 -40 7.22 24.01
159226 -40 7.22 24.01
163168 -40 7.22 24.01
160471 -40 7.22 24.01
160825 -40 7.22 24.01
9919 -40 0.54 1.93
15269 -40 0.54 1.93
10090 -40 0.54 1.93
10140 -40 0.54 1.93
10621 -40 0.54 1.93
10707 -40 0.54 1.93
9438 -40 0.54 1.93
9257 -40 0.54 1.93
4866 -40 0.54 1.93
5416 -40 0.54 1.93
12979 -40 0.54 1.93
11346 -40 0.54 1.93
8215 -40 0.54 1.93
8442 -40 0.54 1.93
9553 -40 0.54 1.93
9013 -40 0.54 1.93
6420 -40 0.54 1.93
8817 -40 0.54 1.93
9151 -40 0.54 1.93
12715 -40 0.54 1.93
10437 -40 0.54 1.93
7358 -40 0.54 1.93
9141 -40 0.54 1.93
6363 -40 0.54 1.93
6504 -40 0.54 1.93
9676 -40 0.54 1.93
7394 -40 0.54 1.93
6912 -40 0.54 1.93
6095 -40 0.54 1.93
13547 -40 0.54 1.93
11769 -40 0.54 1.93
8837 -40 0.54 1.93
7861 -40 0.54 1.93
9251 -40 0.54 1.93
7190 -40 0.54 1.93
6621 -40 0.54 1.93
4592 -40 0.54 1.93
10716 -40 0.54 1.93
9285 -40 0.54 1.93
189004 -40 -12.11 -27.09
189272 -40 -12.11 -27.09
184670 -40 -12.11 -27.09
186791 -40 -12.11 -27.09
186264 -40 -12.11 -27.09
185312 -40 -12.11 -27.09
191489 -40 -12.11 -27.09
185453 -40 -12.11 -27.09
186807 -40 -12.11 -27.09
188648 -40 -12.11 -27.09
188410 -40 -12.11 -27.09
191435 -40 -12.11 -27.09
189011 -40 -12.11 -27.09
190661 -40 -12.11 -27.09
187165 -40 -12.11 -27.09
189320 -40 -12.11 -27.09
184858 -40 -12.11 -27.09
191523 -40 -12.11 -27.09
187189 -40 -12.11 -27.09
185895 -40 -12.11 -27.09
187843 -40 -12.11 -27.09
185286 -40 -12.11 -27.09
187718 -40 -12.11 -27.09
190689 -40 -12.11 -27.09
189824 -40 -12.11 -27.09
186471 -40 -12.11 -27.09
191733 -40 -12.11 -27.09
192168 -40 -12.11 -27.09
183819 -40 -12.11 -27.09
189725 -40 -12.11 -27.09
186160 -40 -12.11 -27.09
189319 -40 -12.11 -27.09
185856 -40 -12.11 -27.09
187020 -40 -12.11 -27.09
193015 -40 -12.11 -27.09
191165 -40 -12.11 -27.09
190482 -40 -12.11 -27.09
187299 -40 -12.11 -27.09
186099 -40 -12.11 -27.09
117138 -40 9.23 14.8
119744 -40 9.23 14.8
116462 -40 9.23 14.8
116411 -40 9.23 14.8
116511 -40 9.23 14.8
116010 -40 9.23 14.8
119097 -40 9.23 14.8
118302 -40 9.23 14.8
113271 -40 9.23 14.8
118180 -40 9.23 14.8
115384 -40 9.23 14.8
118344 -40 9.23 14.8
119316 -40 9.23 14.8
116558 -40 9.23 14.8
118348 -40 9.23 14.8
119108 -40 9.23 14.8
118570 -40 9.23 14.8
113945 -40 9.23 14.8
115723 -40 9.23 14.8
120977 -40 9.23 14.8
115990 -40 9.23 14.8
115595 -40 9.23 14.8
116587 -40 9.23 14.8
113987 -40 9.23 14.8
119646 -40 9.23 14.8
118313 -40 9.23 14.8
119516 -40 9.23 14.8
112218 -40 9.23 14.8
118609 -40 9.23 14.8
120552 -40 9.23 14.8
112651 -40 9.23 14.8
112363 -40 9.23 14.8
113727 -40 9.23 14.8
110533 -40 9.23 14.8
115640 -40 9.23 14.8
115192 -40 9.23 14.8
117444 -40 9.23 14.8
113362 -40 9.23 14.8
115351 -40 9.23 14.8
108609 -40 -13.59 8.04
107636 -40 -13.59 8.04
107938 -40 -13.59 8.04
108967 -40 -13.59 8.04
107378 -40 -13.59 8.04
104489 -40 -13.59 8.04
107481 -40 -13.59 8.04
108100 -40 -13.59 8.04
107028 -40 -13.59 8.04
110693 -40 -13.59 8.04
104808 -40 -13.59 8.04
106087 -40 -13.59 8.04
107475 -40 -13.59 8.04
103888 -40 -13.59 8.04
101797 -40 -13.59 8.04
106799 -40 -13.59 8.04
105278 -40 -13.59 8.04
105649 -40 -13.59 8.04
107178 -40 -13.59 8.04
106780 -40 -13.59 8.04
107616 -40 -13.59 8.04
108060 -40 -13.59 8.04
109259 -40 -13.59 8.04
100151 -40 -13.59 8.04
110324 -40 -13.59 8.04
107946 -40 -13.59 8.04
111337 -40 -13.59 8.04
104711 -40 -13.59 8.04
108690 -40 -13.59 8.04
105747 -40 -13.59 8.04
103903 -40 -13.59 8.04
106696 -40 -13.59 8.04
104438 -40 -13.59 8.04
107934 -40 -13.59 8.04
109139 -40 -13.59 8.04
103333 -40 -13.59 8.04
108731 -40 -13.59 8.04
108946 -40 -13.59 8.04
109084 -40 -13.59 8.04
80106 -40 1.39 11.62
72271 -40 1.39 11.62
74134 -40 1.39 11.62
75509 -40 1.39 11.62
74391 -40 1.39 11.62
74395 -40 1.39 11.62
78775 -40 1.39 11.62
76596 -40 1.39 11.62
76929 -40 1.39 11.62
75330 -40 1.39 11.62
74534 -40 1.39 11.62
72443 -40 1.39 11.62
74935 -40 1.39 11.62
70469 -40 1.39 11.62
79028 -40 1.39 11.62
73739 -40 1.39 11.62
75545 -40 1.39 11.62
82029 -40 1.39 11.62
80016 -40 1.39 11.62
79704 -40 1.39 11.62
78096 -40 1.39 11.62
77574 -40 1.39 11.62
77131 -40 1.39 11.62
77119 -40 1.39 11.62
73361 -40 1.39 11.62
72801 -40 1.39 11.62
75295 -40 1.39 11.62
81577 -40 1.39 11.62
77798 -40 1.39 11.62
77208 -40 1.39 11.62
74072 -40 1.39 11.62
76562 -40 1.39 11.62
78097 -40 1.39 11.62
78602 -40 1.39 11.62
77224 -40 1.39 11.62
72745 -40 1.39 11.62
78586 -40 1.39 11.62
71739 -40 1.39 11.62
79582 -40 1.39 11.62
75842 -40 -7.61 -8.33
71485 -40 -7.61 -8.33
73617 -40 -7.61 -8.33
79545 -40 -7.61 -8.33
76868 -40 -7.61 -8.33
72550 -40 -7.61 -8.33
75049 -40 -7.61 -8.33
78916 -40 -7.61 -8.33
75046 -40 -7.61 -8.33
75491 -40 -7.61 -8.33
71276 -40 -7.61 -8.33
76638 -40 -7.61 -8.33
71783 -40 -7.61 -8.33
71125 -40 -7.61 -8.33
74295 -40 -7.61 -8.33
71953 -40 -7.61 -8.33
70280 -40 -7.61 -8.33
71800 -40 -7.61 -8.33
72848 -40 -7.61 -8.33
75123 -40 -7.61 -8.33
74771 -40 -7.61 -8.33
74827 -40 -7.61 -8.33
71186 -40 -7.61 -8.33
70659 -40 -7.61 -8.33
69007 -40 -7.61 -8.33
78963 -40 -7.61 -8.33
76817 -40 -7.61 -8.33
73133 -40 -7.61 -8.33
74900 -40 -7.61 -8.33
76227 -40 -7.61 -8.33
75743 -40 -7.61 -8.33
73083 -40 -7.61 -8.33
72978 -40 -7.61 -8.33
75127 -40 -7.61 -8.33
79809 -40 -7.61 -8.33
76030 -40 -7.61 -8.33
68622 -40 -7.61 -8.33
74748 -40 -7.61 -8.33
74823 -40 -7.61 -8.33
139714 -40 -7.84 19.71
135568 -40 -7.84 19.71
143273 -40 -7.84 19.71
140112 -40 -7.84 19.71
141547 -40 -7.84 19.71
137720 -40 -7.84 19.71
140639 -40 -7.84 19.71
138178 -40 -7.84 19.71
140285 -40 -7.84 19.71
136766 -40 -7.84 19.71
144090 -40 -7.84 19.71
140111 -40 -7.84 19.71
137773 -40 -7.84 19.71
132996 -40 -7.84 19.71
138223 -40 -7.84 19.71
137919 -40 -7.84 19.71
136700 -40 -7.84 19.71
140108 -40 -7.84 19.71
139157 -40 -7.84 19.71
136779 -40 -7.84 19.71
144133 -40 -7.84 19.71
142226 -40 -7.84 19.71
136004 -40 -7.84 19.71
136431 -40 -7.84 19.71
140216 -40 -7.84 19.71
136505 -40 -7.84 19.71
141196 -40 -7.84 19.71
143926 -40 -7.84 19.71
141289 -40 -7.84 19.71
142754 -40 -7.84 19.71
136419 -40 -7.84 19.71
139064 -40 -7.84 19.71
138788 -40 -7.84 19.71
138754 -40 -7.84 19.71
140688 -40 -7.84 19.71
140631 -40 -7.84 19.71
142758 -40 -7.84 19.71
136682 -40 -7.84 19.71
137434 -40 -7.84 19.71
211452 -40 14.08 27.44
202834 -40 14.08 27.44
201946 -40 14.08 27.44
204547 -40 14.08 27.44
204180 -40 14.08 27.44
205913 -40 14.08 27.44
208986 -40 14.08 27.44
200628 -40 14.08 27.44
207988 -40 14.08 27.44
209398 -40 14.08 27.44
209187 -40 14.08 27.44
202032 -40 14.08 27.44
205118 -40 14.08 27.44
202973 -40 14.08 27.44
206390 -40 14.08 27.44
208501 -40 14.08 27.44
208088 -40 14.08 27.44
206053 -40 14.08 27.44
205452 -40 14.08 27.44
206008 -40 14.08 27.44
206196 -40 14.08 27.44
203225 -40 14.08 27.44
207172 -40 14.08 27.44
206680 -40 14.08 27.44
206750 -40 14.08 27.44
206830 -40 14.08 27.44
209094 -40 14.08 27.44
209835 -40 14.08 27.44
202812 -40 14.08 27.44
203530 -40 14.08 27.44
205861 -40 14.08 27.44
203985 -40 14.08 27.44
204044 -40 14.08 27.44
206659 -40 14.08 27.44
209258 -40 14.08 27.44
209265 -40 14.08 27.44
201457 -40 14.08 27.44
202122 -40 14.08 27.44
207836 -40 14.08 27.44
135143 -40 8.92 -19.11
129369 -40 8.92 -19.11
137683 -40 8.92 -19.11
135979 -40 8.92 -19.11
132060 -40 8.92 -19.11
133551 -40 8.92 -19.11
138600 -40 8.92 -19.11
132969 -40 8.92 -19.11
136491 -40 8.92 -19.11
131001 -40 8.92 -19.11
133052 -40 8.92 -19.11
137054 -40 8.92 -19.11
134474 -40 8.92 -19.11
133047 -40 8.92 -19.11
130727 -40 8.92 -19.11
138604 -40 8.92 -19.11
137212 -40 8.92 -19.11
134679 -40 8.92 -19.11
133786 -40 8.92 -19.11
134118 -40 8.92 -19.11
133272 -40 8.92 -19.11
135092 -40 8.92 -19.11
135568 -40 8.92 -19.11
136139 -40 8.92 -19.11
131598 -40 8.92 -19.11
137826 -40 8.92 -19.11
133229 -40 8.92 -19.11
131034 -40 8.92 -19.11
133375 -40 8.92 -19.11
128533 -40 8.92 -19.11
139104 -40 8.92 -19.11
134929 -40 8.92 -19.11
132428 -40 8.92 -19.11
132948 -40 8.92 -19.11
130928 -40 8.92 -19.11
127909 -40 8.92 -19.11
131869 -40 8.92 -19.11
135351 -40 8.92 -19.11
134058 -40 8.92 -19.11
