#rtt sig_str x y
227026 -40 -17.85 29.59
232130 -40 -17.85 29.59
221308 -40 -17.85 29.59
226694 -40 -17.85 29.59
228250 -40 -17.85 29.59
229792 -40 -17.85 29.59
224097 -40 -17.85 29.59
225182 -40 -17.85 29.59
231560 -40 -17.85 29.59
225329 -40 -17.85 29.59
226021 -40 -17.85 29.59
228293 -40 -17.85 29.59
227134 -40 -17.85 29.59
226478 -40 -17.85 29.59
221882 -40 -17.85 29.59
223358 -40 -17.85 29.59
226577 -40 -17.85 29.59
224030 -40 -17.85 29.59
227608 -40 -17.85 29.59
227001 -40 -17.85 29.59
224725 -40 -17.85 29.59
222064 -40 -17.85 29.59
226662 -40 -17.85 29.59
223789 -40 -17.85 29.59
227774 -40 -17.85 29.59
224824 -40 -17.85 29.59
227963 -40 -17.85 29.59
227124 -40 -17.85 29.59
227766 -40 -17.85 29.59
223244 -40 -17.85 29.59
225018 -40 -17.85 29.59
223028 -40 -17.85 29.59
226710 -40 -17.85 29.59
225664 -40 -17.85 29.59
230419 -40 -17.85 29.59
224340 -40 -17.85 29.59
228411 -40 -17.85 29.59
229533 -40 -17.85 29.59
223689 -40 -17.85 29.59
202008 -40 -17.58 24.7
204837 -40 -17.58 24.7
208488 -40 -17.58 24.7
204435 -40 -17.58 24.7
197261 -40 -17.58 24.7
210693 -40 -17.58 24.7
204898 -40 -17.58 24.7
201113 -40 -17.58 24.7
204389 -40 -17.58 24.7
206051 -40 -17.58 24.7
209672 -40 -17.58 24.7
204851 -40 -17.58 24.7
205065 -40 -17.58 24.7
201331 -40 -17.58 24.7
203609 -40 -17.58 24.7
197448 -40 -17.58 24.7
205131 -40 -17.58 24.7
200043 -40 -17.58 24.7
205189 -40 -17.58 24.7
204480 -40 -17.58 24.7
209622 -40 -17.58 24.7
206887 -40 -17.58 24.7
207977 -40 -17.58 24.7
210019 -40 -17.58 24.7
207704 -40 -17.58 24.7
203254 -40 -17.58 24.7
207294 -40 -17.58 24.7
201518 -40 -17.58 24.7
203358 -40 -17.58 24.7
204790 -40 -17.58 24.7
209242 -40 -17.58 24.7
201994 -40 -17.58 24.7
204772 -40 -17.58 24.7
198126 -40 -17.58 24.7
206216 -40 -17.58 24.7
203425 -40 -17.58 24.7
206736 -40 -17.58 24.7
203884 -40 -17.58 24.7
202915 -40 -17.58 24.7
207529 -40 -20.85 -23.24
205933 -40 -20.85 -23.24
207790 -40 -20.85 -23.24
203198 -40 -20.85 -23.24
207506 -40 -20.85 -23.24
204459 -40 -20.85 -23.24
209050 -40 -20.85 -23.24
210743 -40 -20.85 -23.24
204988 -40 -20.85 -23.24
206860 -40 -20.85 -23.24
207241 -40 -20.85 -23.24
202404 -40 -20.85 -23.24
207571 -40 -20.85 -23.24
206368 -40 -20.85 -23.24
207124 -40 -20.85 -23.24
205084 -40 -20.85 -23.24
207915 -40 -20.85 -23.24
208655 -40 -20.85 -23.24
202028 -40 -20.85 -23.24
209918 -40 -20.85 -23.24
211335 -40 -20.85 -23.24
208292 -40 -20.85 -23.24
201975 -40 -20.85 -23.24
202436 -40 -20.85 -23.24
200803 -40 -20.85 -23.24
208051 -40 -20.85 -23.24
208465 -40 -20.85 -23.24
211888 -40 -20.85 -23.24
209047 -40 -20.85 -23.24
206787 -40 -20.85 -23.24
205379 -40 -20.85 -23.24
213014 -40 -20.85 -23.24
202463 -40 -20.85 -23.24
204152 -40 -20.85 -23.24
207269 -40 -20.85 -23.24
209159 -40 -20.85 -23.24
207825 -40 -20.85 -23.24
205699 -40 -20.85 -23.24
210624 -40 -20.85 -23.24
138641 -40 15.28 13.69
138448 -40 15.28 13.69
133910 -40 15.28 13.69
132352 -40 15.28 13.69
140264 -40 15.28 13.69
130469 -40 15.28 13.69
134421 -40 15.28 13.69
134731 -40 15.28 13.69
130110 -40 15.28 13.69
140524 -40 15.28 13.69
132080 -40 15.28 13.69
131759 -40 15.28 13.69
132880 -40 15.28 13.69
135750 -40 15.28 13.69
135532 -40 15.28 13.69
138539 -40 15.28 13.69
134519 -40 15.28 13.69
137991 -40 15.28 13.69
137587 -40 15.28 13.69
136517 -40 15.28 13.69
133552 -40 15.28 13.69
140232 -40 15.28 13.69
130689 -40 15.28 13.69
136152 -40 15.28 13.69
131366 -40 15.28 13.69
134210 -40 15.28 13.69
138367 -40 15.28 13.69
137418 -40 15.28 13.69
133288 -40 15.28 13.69
137758 -40 15.28 13.69
133538 -40 15.28 13.69
135193 -40 15.28 13.69
134551 -40 15.28 13.69
135848 -40 15.28 13.69
128902 -40 15.28 13.69
134957 -40 15.28 13.69
137818 -40 15.28 13.69
133578 -40 15.28 13.69
132219 -40 15.28 13.69
160885 -40 -16.36 17.01
154405 -40 -16.36 17.01
161636 -40 -16.36 17.01
158458 -40 -16.36 17.01
160913 -40 -16.36 17.01
160249 -40 -16.36 17.01
157521 -40 -16.36 17.01
158792 -40 -16.36 17.01
155784 -40 -16.36 17.01
158447 -40 -16.36 17.01
157893 -40 -16.36 17.01
153974 -40 -16.36 17.01
159810 -40 -16.36 17.01
161696 -40 -16.36 17.01
160598 -40 -16.36 17.01
155242 -40 -16.36 17.01
159300 -40 -16.36 17.01
160132 -40 -16.36 17.01
153664 -40 -16.36 17.01
157827 -40 -16.36 17.01
161098 -40 -16.36 17.01
158307 -40 -16.36 17.01
164092 -40 -16.36 17.01
157904 -40 -16.36 17.01
159007 -40 -16.36 17.01
156899 -40 -16.36 17.01
161128 -40 -16.36 17.01
162948 -40 -16.36 17.01
157671 -40 -16.36 17.01
159483 -40 -16.36 17.01
158218 -40 -16.36 17.01
156312 -40 -16.36 17.01
158723 -40 -16.36 17.01
158944 -40 -16.36 17.01
160732 -40 -16.36 17.01
161288 -40 -16.36 17.01
162280 -40 -16.36 17.01
155081 -40 -16.36 17.01
156272 -40 -16.36 17.01
69007 -40 9.85 -4.89
66709 -40 9.85 -4.89
67193 -40 9.85 -4.89
63670 -40 9.85 -4.89
68116 -40 9.85 -4.89
72491 -40 9.85 -4.89
69087 -40 9.85 -4.89
69434 -40 9.85 -4.89
65458 -40 9.85 -4.89
67123 -40 9.85 -4.89
66022 -40 9.85 -4.89
66248 -40 9.85 -4.89
62814 -40 9.85 -4.89
66660 -40 9.85 -4.89
68555 -40 9.85 -4.89
71328 -40 9.85 -4.89
65100 -40 9.85 -4.89
64895 -40 9.85 -4.89
69969 -40 9.85 -4.89
62077 -40 9.85 -4.89
69329 -40 9.85 -4.89
67931 -40 9.85 -4.89
73484 -40 9.85 -4.89
63912 -40 9.85 -4.89
66023 -40 9.85 -4.89
65305 -40 9.85 -4.89
67177 -40 9.85 -4.89
69142 -40 9.85 -4.89
68136 -40 9.85 -4.89
69028 -40 9.85 -4.89
63778 -40 9.85 -4.89
67853 -40 9.85 -4.89
68334 -40 9.85 -4.89
67863 -40 9.85 -4.89
65906 -40 9.85 -4.89
68717 -40 9.85 -4.89
64994 -40 9.85 -4.89
69032 -40 9.85 -4.89
65257 -40 9.85 -4.89
101708 -40 5.35 14.51
104370 -40 5.35 14.51
105471 -40 5.35 14.51
101660 -40 5.35 14.51
105079 -40 5.35 14.51
104107 -40 5.35 14.51
108614 -40 5.35 14.51
105577 -40 5.35 14.51
108372 -40 5.35 14.51
104281 -40 5.35 14.51
106342 -40 5.35 14.51
99604 -40 5.35 14.51
105876 -40 5.35 14.51
103126 -40 5.35 14.51
109361 -40 5.35 14.51
101952 -40 5.35 14.51
104093 -40 5.35 14.51
105574 -40 5.35 14.51
108839 -40 5.35 14.51
104851 -40 5.35 14.51
102074 -40 5.35 14.51
104789 -40 5.35 14.51
101781 -40 5.35 14.51
104477 -40 5.35 14.51
102653 -40 5.35 14.51
102193 -40 5.35 14.51
105163 -40 5.35 14.51
107852 -40 5.35 14.51
97682 -40 5.35 14.51
107211 -40 5.35 14.51
105596 -40 5.35 14.51
106996 -40 5.35 14.51
102466 -40 5.35 14.51
106153 -40 5.35 14.51
102301 -40 5.35 14.51
106175 -40 5.35 14.51
104655 -40 5.35 14.51
101428 -40 5.35 14.51
108594 -40 5.35 14.51
199449 -40 -4.7 29.52
199325 -40 -4.7 29.52
203502 -40 -4.7 29.52
201650 -40 -4.7 29.52
198028 -40 -4.7 29.52
197675 -40 -4.7 29.52
202251 -40 -4.7 29.52
202126 -40 -4.7 29.52
198521 -40 -4.7 29.52
199386 -40 -4.7 29.52
192511 -40 -4.7 29.52
196596 -40 -4.7 29.52
199295 -40 -4.7 29.52
200549 -40 -4.7 29.52
198745 -40 -4.7 29.52
196480 -40 -4.7 29.52
198717 -40 -4.7 29.52
198800 -40 -4.7 29.52
199672 -40 -4.7 29.52
203694 -40 -4.7 29.52
196132 -40 -4.7 29.52
196405 -40 -4.7 29.52
197414 -40 -4.7 29.52
196414 -40 -4.7 29.52
196564 -40 -4.7 29.52
200786 -40 -4.7 29.52
199957 -40 -4.7 29.52
196670 -40 -4.7 29.52
200590 -40 -4.7 29.52
197499 -40 -4.7 29.52
194122 -40 -4.7 29.52
200887 -40 -4.7 29.52
198266 -40 -4.7 29.52
196090 -40 -4.7 29.52
192470 -40 -4.7 29.52
196796 -40 -4.7 29.52
203266 -40 -4.7 29.52
200243 -40 -4.7 29.52
198609 -40 -4.7 29.52
161750 -40 21.37 15.74
167608 -40 21.37 15.74
167029 -40 21.37 15.74
167324 -40 21.37 15.74
166176 -40 21.37 15.74
165506 -40 21.37 15.74
168234 -40 21.37 15.74
165447 -40 21.37 15.74
167126 -40 21.37 15.74
167282 -40 21.37 15.74
162848 -40 21.37 15.74
168838 -40 21.37 15.74
161630 -40 21.37 15.74
164579 -40 21.37 15.74
166211 -40 21.37 15.74
168815 -40 21.37 15.74
167676 -40 21.37 15.74
163461 -40 21.37 15.74
163114 -40 21.37 15.74
167086 -40 21.37 15.74
165261 -40 21.37 15.74
163642 -40 21.37 15.74
166492 -40 21.37 15.74
161499 -40 21.37 15.74
169424 -40 21.37 15.74
161756 -40 21.37 15.74
168218 -40 21.37 15.74
169350 -40 21.37 15.74
167027 -40 21.37 15.74
166239 -40 21.37 15.74
163854 -40 21.37 15.74
164647 -40 21.37 15.74
166960 -40 21.37 15.74
168022 -40 21.37 15.74
164823 -40 21.37 15.74
166821 -40 21.37 15.74
164183 -40 21.37 15.74
165772 -40 21.37 15.74
167067 -40 21.37 15.74
98908 -40 -0.79 -15.56
103708 -40 -0.79 -15.56
97579 -40 -0.79 -15.56
97123 -40 -0.79 -15.56
99577 -40 -0.79 -15.56
101616 -40 -0.79 -15.56
100861 -40 -0.79 -15.56
97090 -40 -0.79 -15.56
94802 -40 -0.79 -15.56
100073 -40 -0.79 -15.56
96906 -40 -0.79 -15.56
99612 -40 -0.79 -15.56
98792 -40 -0.79 -15.56
94601 -40 -0.79 -15.56
99997 -40 -0.79 -15.56
100790 -40 -0.79 -15.56
102398 -40 -0.79 -15.56
103944 -40 -0.79 -15.56
100532 -40 -0.79 -15.56
97735 -40 -0.79 -15.56
101982 -40 -0.79 -15.56
99189 -40 -0.79 -15.56
95106 -40 -0.79 -15.56
95004 -40 -0.79 -15.56
100979 -40 -0.79 -15.56
102604 -40 -0.79 -15.56
99050 -40 -0.79 -15.56
99240 -40 -0.79 -15.56
92650 -40 -0.79 -15.56
102060 -40 -0.79 -15.56
101847 -40 -0.79 -15.56
99300 -40 -0.79 -15.56
94976 -40 -0.79 -15.56
96404 -40 -0.79 -15.56
100740 -40 -0.79 -15.56
99513 -40 -0.79 -15.56
97459 -40 -0.79 -15.56
99429 -40 -0.79 -15.56
105218 -40 -0.79 -15.56
