#rtt sig_str x y
183537 -40 9.38 24.59
179845 -40 9.38 24.59
178519 -40 9.38 24.59
183056 -40 9.38 24.59
180173 -40 9.38 24.59
184251 -40 9.38 24.59
187733 -40 9.38 24.59
178577 -40 9.38 24.59
181462 -40 9.38 24.59
184050 -40 9.38 24.59
183249 -40 9.38 24.59
184874 -40 9.38 24.59
179103 -40 9.38 24.59
176909 -40 9.38 24.59
181014 -40 9.38 24.59
177726 -40 9.38 24.59
184472 -40 9.38 24.59
181246 -40 9.38 24.59
184831 -40 9.38 24.59
181419 -40 9.38 24.59
179230 -40 9.38 24.59
179428 -40 9.38 24.59
183112 -40 9.38 24.59
182335 -40 9.38 24.59
175355 -40 9.38 24.59
178247 -40 9.38 24.59
182915 -40 9.38 24.59
176507 -40 9.38 24.59
182337 -40 9.38 24.59
183855 -40 9.38 24.59
180994 -40 9.38 24.59
179894 -40 9.38 24.59
186421 -40 9.38 24.59
183457 -40 9.38 24.59
179094 -40 9.38 24.59
180709 -40 9.38 24.59
182347 -40 9.38 24.59
184093 -40 9.38 24.59
178221 -40 9.38 24.59
201189 -40 27.3 -13.6
203487 -40 27.3 -13.6
196431 -40 27.3 -13.6
195860 -40 27.3 -13.6
194643 -40 27.3 -13.6
192372 -40 27.3 -13.6
196324 -40 27.3 -13.6
198565 -40 27.3 -13.6
194175 -40 27.3 -13.6
193013 -40 27.3 -13.6
194422 -40 27.3 -13.6
190426 -40 27.3 -13.6
198236 -40 27.3 -13.6
198414 -40 27.3 -13.6
198097 -40 27.3 -13.6
195445 -40 27.3 -13.6
196546 -40 27.3 -13.6
199953 -40 27.3 -13.6
195753 -40 27.3 -13.6
201442 -40 27.3 -13.6
200096 -40 27.3 -13.6
195765 -40 27.3 -13.6
196900 -40 27.3 -13.6
199062 -40 27.3 -13.6
196853 -40 27.3 -13.6
192948 -40 27.3 -13.6
198092 -40 27.3 -13.6
191934 -40 27.3 -13.6
196003 -40 27.3 -13.6
195760 -40 27.3 -13.6
198622 -40 27.3 -13.6
198666 -40 27.3 -13.6
200141 -40 27.3 -13.6
197900 -40 27.3 -13.6
197268 -40 27.3 -13.6
194761 -40 27.3 -13.6
196106 -40 27.3 -13.6
198220 -40 27.3 -13.6
198350 -40 27.3 -13.6
186656 -40 28.26 5.19
186911 -40 28.26 5.19
183439 -40 28.26 5.19
178392 -40 28.26 5.19
177784 -40 28.26 5.19
181757 -40 28.26 5.19
184055 -40 28.26 5.19
187347 -40 28.26 5.19
177438 -40 28.26 5.19
179675 -40 28.26 5.19
179842 -40 28.26 5.19
183742 -40 28.26 5.19
180732 -40 28.26 5.19
187402 -40 28.26 5.19
180959 -40 28.26 5.19
182467 -40 28.26 5.19
182151 -40 28.26 5.19
181324 -40 28.26 5.19
182337 -40 28.26 5.19
181544 -40 28.26 5.19
181639 -40 28.26 5.19
184191 -40 28.26 5.19
180189 -40 28.26 5.19
184253 -40 28.26 5.19
184768 -40 28.26 5.19
184531 -40 28.26 5.19
182190 -40 28.26 5.19
184757 -40 28.26 5.19
185388 -40 28.26 5.19
184944 -40 28.26 5.19
180662 -40 28.26 5.19
185079 -40 28.26 5.19
185266 -40 28.26 5.19
184530 -40 28.26 5.19
182512 -40 28.26 5.19
186438 -40 28.26 5.19
183802 -40 28.26 5.19
176786 -40 28.26 5.19
184271 -40 28.26 5.19
157917 -40 -24.13 3.87
165923 -40 -24.13 3.87
159398 -40 -24.13 3.87
158916 -40 -24.13 3.87
160571 -40 -24.13 3.87
158620 -40 -24.13 3.87
158935 -40 -24.13 3.87
158177 -40 -24.13 3.87
162291 -40 -24.13 3.87
159329 -40 -24.13 3.87
162553 -40 -24.13 3.87
161046 -40 -24.13 3.87
161932 -40 -24.13 3.87
157514 -40 -24.13 3.87
155217 -40 -24.13 3.87
154546 -40 -24.13 3.87
160199 -40 -24.13 3.87
158535 -40 -24.13 3.87
159247 -40 -24.13 3.87
158967 -40 -24.13 3.87
160951 -40 -24.13 3.87
158401 -40 -24.13 3.87
156361 -40 -24.13 3.87
162515 -40 -24.13 3.87
155877 -40 -24.13 3.87
160412 -40 -24.13 3.87
159105 -40 -24.13 3.87
157094 -40 -24.13 3.87
158868 -40 -24.13 3.87
161203 -40 -24.13 3.87
158775 -40 -24.13 3.87
156845 -40 -24.13 3.87
163234 -40 -24.13 3.87
158530 -40 -24.13 3.87
158324 -40 -24.13 3.87
159431 -40 -24.13 3.87
158620 -40 -24.13 3.87
158265 -40 -24.13 3.87
161097 -40 -24.13 3.87
123650 -40 -15.56 7.42
119443 -40 -15.56 7.42
121801 -40 -15.56 7.42
120977 -40 -15.56 7.42
117645 -40 -15.56 7.42
119837 -40 -15.56 7.42
118000 -40 -15.56 7.42
117217 -40 -15.56 7.42
116319 -40 -15.56 7.42
117330 -40 -15.56 7.42
117753 -40 -15.56 7.42
125158 -40 -15.56 7.42
117858 -40 -15.56 7.42
116861 -40 -15.56 7.42
117395 -40 -15.56 7.42
119440 -40 -15.56 7.42
122276 -40 -15.56 7.42
116878 -40 -15.56 7.42
121215 -40 -15.56 7.42
117197 -40 -15.56 7.42
118204 -40 -15.56 7.42
116835 -40 -15.56 7.42
119461 -40 -15.56 7.42
116459 -40 -15.56 7.42
117462 -40 -15.56 7.42
123998 -40 -15.56 7.42
119707 -40 -15.56 7.42
118663 -40 -15.56 7.42
117119 -40 -15.56 7.42
115623 -40 -15.56 7.42
120555 -40 -15.56 7.42
120648 -40 -15.56 7.42
117897 -40 -15.56 7.42
115961 -40 -15.56 7.42
119722 -40 -15.56 7.42
118736 -40 -15.56 7.42
117361 -40 -15.56 7.42
117209 -40 -15.56 7.42
117006 -40 -15.56 7.42
219097 -40 22.12 25.74
218702 -40 22.12 25.74
217282 -40 22.12 25.74
224583 -40 22.12 25.74
226226 -40 22.12 25.74
217619 -40 22.12 25.74
220568 -40 22.12 25.74
222245 -40 22.12 25.74
222363 -40 22.12 25.74
218117 -40 22.12 25.74
223226 -40 22.12 25.74
224890 -40 22.12 25.74
221473 -40 22.12 25.74
226135 -40 22.12 25.74
216416 -40 22.12 25.74
221772 -40 22.12 25.74
223393 -40 22.12 25.74
219048 -40 22.12 25.74
223564 -40 22.12 25.74
219265 -40 22.12 25.74
222834 -40 22.12 25.74
225325 -40 22.12 25.74
222973 -40 22.12 25.74
221213 -40 22.12 25.74
227119 -40 22.12 25.74
221233 -40 22.12 25.74
220453 -40 22.12 25.74
217038 -40 22.12 25.74
223882 -40 22.12 25.74
221270 -40 22.12 25.74
219750 -40 22.12 25.74
220429 -40 22.12 25.74
222092 -40 22.12 25.74
223088 -40 22.12 25.74
223280 -40 22.12 25.74
221534 -40 22.12 25.74
222176 -40 22.12 25.74
223039 -40 22.12 25.74
220933 -40 22.12 25.74
178086 -40 2.85 -27.06
174379 -40 2.85 -27.06
175317 -40 2.85 -27.06
178650 -40 2.85 -27.06
178432 -40 2.85 -27.06
176218 -40 2.85 -27.06
175211 -40 2.85 -27.06
176559 -40 2.85 -27.06
177865 -40 2.85 -27.06
171327 -40 2.85 -27.06
173884 -40 2.85 -27.06
175189 -40 2.85 -27.06
177974 -40 2.85 -27.06
174163 -40 2.85 -27.06
176508 -40 2.85 -27.06
175643 -40 2.85 -27.06
178701 -40 2.85 -27.06
176183 -40 2.85 -27.06
178948 -40 2.85 -27.06
175064 -40 2.85 -27.06
173099 -40 2.85 -27.06
180590 -40 2.85 -27.06
175651 -40 2.85 -27.06
174533 -40 2.85 -27.06
176097 -40 2.85 -27.06
176623 -40 2.85 -27.06
177319 -40 2.85 -27.06
180775 -40 2.85 -27.06
179984 -40 2.85 -27.06
174640 -40 2.85 -27.06
183554 -40 2.85 -27.06
174027 -40 2.85 -27.06
171159 -40 2.85 -27.06
178754 -40 2.85 -27.06
178175 -40 2.85 -27.06
173812 -40 2.85 -27.06
178805 -40 2.85 -27.06
175275 -40 2.85 -27.06
176009 -40 2.85 -27.06
133706 -40 13.15 13.9
129626 -40 13.15 13.9
137085 -40 13.15 13.9
136621 -40 13.15 13.9
130079 -40 13.15 13.9
135198 -40 13.15 13.9
135517 -40 13.15 13.9
133762 -40 13.15 13.9
132434 -40 13.15 13.9
132250 -40 13.15 13.9
133831 -40 13.15 13.9
130089 -40 13.15 13.9
128585 -40 13.15 13.9
131992 -40 13.15 13.9
129024 -40 13.15 13.9
135269 -40 13.15 13.9
131667 -40 13.15 13.9
127173 -40 13.15 13.9
132672 -40 13.15 13.9
130225 -40 13.15 13.9
131127 -40 13.15 13.9
126648 -40 13.15 13.9
130551 -40 13.15 13.9
132669 -40 13.15 13.9
130237 -40 13.15 13.9
130313 -40 13.15 13.9
132526 -40 13.15 13.9
135561 -40 13.15 13.9
133314 -40 13.15 13.9
134390 -40 13.15 13.9
131521 -40 13.15 13.9
131107 -40 13.15 13.9
132494 -40 13.15 13.9
133702 -40 13.15 13.9
134919 -40 13.15 13.9
127132 -40 13.15 13.9
132372 -40 13.15 13.9
132464 -40 13.15 13.9
131425 -40 13.15 13.9
181386 -40 25.55 -3.47
186511 -40 25.55 -3.47
191604 -40 25.55 -3.47
190353 -40 25.55 -3.47
191218 -40 25.55 -3.47
189036 -40 25.55 -3.47
185957 -40 25.55 -3.47
189105 -40 25.55 -3.47
186292 -40 25.55 -3.47
187039 -40 25.55 -3.47
189109 -40 25.55 -3.47
184536 -40 25.55 -3.47
191072 -40 25.55 -3.47
190630 -40 25.55 -3.47
186551 -40 25.55 -3.47
187860 -40 25.55 -3.47
187687 -40 25.55 -3.47
190268 -40 25.55 -3.47
185857 -40 25.55 -3.47
185762 -40 25.55 -3.47
183369 -40 25.55 -3.47
184975 -40 25.55 -3.47
182360 -40 25.55 -3.47
186255 -40 25.55 -3.47
190484 -40 25.55 -3.47
190493 -40 25.55 -3.47
184243 -40 25.55 -3.47
189289 -40 25.55 -3.47
186944 -40 25.55 -3.47
185199 -40 25.55 -3.47
188851 -40 25.55 -3.47
185930 -40 25.55 -3.47
185521 -40 25.55 -3.47
188805 -40 25.55 -3.47
190070 -40 25.55 -3.47
185290 -40 25.55 -3.47
189705 -40 25.55 -3.47
183890 -40 25.55 -3.47
185664 -40 25.55 -3.47
102572 -40 7.02 -13.38
103285 -40 7.02 -13.38
101227 -40 7.02 -13.38
100782 -40 7.02 -13.38
101256 -40 7.02 -13.38
106834 -40 7.02 -13.38
103601 -40 7.02 -13.38
107160 -40 7.02 -13.38
102066 -40 7.02 -13.38
100413 -40 7.02 -13.38
104149 -40 7.02 -13.38
104644 -40 7.02 -13.38
106171 -40 7.02 -13.38
106364 -40 7.02 -13.38
105477 -40 7.02 -13.38
105348 -40 7.02 -13.38
106485 -40 7.02 -13.38
98399 -40 7.02 -13.38
101407 -40 7.02 -13.38
104878 -40 7.02 -13.38
106870 -40 7.02 -13.38
103765 -40 7.02 -13.38
109279 -40 7.02 -13.38
101383 -40 7.02 -13.38
101532 -40 7.02 -13.38
106548 -40 7.02 -13.38
105755 -40 7.02 -13.38
101944 -40 7.02 -13.38
105103 -40 7.02 -13.38
103111 -40 7.02 -13.38
106526 -40 7.02 -13.38
103290 -40 7.02 -13.38
107308 -40 7.02 -13.38
104631 -40 7.02 -13.38
105224 -40 7.02 -13.38
101250 -40 7.02 -13.38
108180 -40 7.02 -13.38
104346 -40 7.02 -13.38
105295 -40 7.02 -13.38
