#rtt sig_str x y
69319 -40 8.85 6.49
69442 -40 8.85 6.49
69669 -40 8.85 6.49
70051 -40 8.85 6.49
64809 -40 8.85 6.49
74870 -40 8.85 6.49
71330 -40 8.85 6.49
65773 -40 8.85 6.49
72543 -40 8.85 6.49
72656 -40 8.85 6.49
75356 -40 8.85 6.49
71133 -40 8.85 6.49
62583 -40 8.85 6.49
69085 -40 8.85 6.49
68696 -40 8.85 6.49
71020 -40 8.85 6.49
71082 -40 8.85 6.49
67739 -40 8.85 6.49
69781 -40 8.85 6.49
73369 -40 8.85 6.49
70198 -40 8.85 6.49
64863 -40 8.85 6.49
68247 -40 8.85 6.49
72165 -40 8.85 6.49
66593 -40 8.85 6.49
72362 -40 8.85 6.49
70315 -40 8.85 6.49
69900 -40 8.85 6.49
71146 -40 8.85 6.49
73002 -40 8.85 6.49
67983 -40 8.85 6.49
71903 -40 8.85 6.49
69776 -40 8.85 6.49
67434 -40 8.85 6.49
67599 -40 8.85 6.49
70186 -40 8.85 6.49
67899 -40 8.85 6.49
72893 -40 8.85 6.49
66418 -40 8.85 6.49
162472 -40 0.43 24.48
165958 -40 0.43 24.48
163176 -40 0.43 24.48
164762 -40 0.43 24.48
168396 -40 0.43 24.48
159527 -40 0.43 24.48
166472 -40 0.43 24.48
163076 -40 0.43 24.48
158180 -40 0.43 24.48
163575 -40 0.43 24.48
162612 -40 0.43 24.48
164744 -40 0.43 24.48
162403 -40 0.43 24.48
162555 -40 0.43 24.48
161408 -40 0.43 24.48
164887 -40 0.43 24.48
160874 -40 0.43 24.48
164372 -40 0.43 24.48
160142 -40 0.43 24.48
161165 -40 0.43 24.48
164471 -40 0.43 24.48
163156 -40 0.43 24.48
162358 -40 0.43 24.48
163852 -40 0.43 24.48
164601 -40 0.43 24.48
162985 -40 0.43 24.48
165279 -40 0.43 24.48
166986 -40 0.43 24.48
166030 -40 0.43 24.48
164944 -40 0.43 24.48
166680 -40 0.43 24.48
161282 -40 0.43 24.48
162441 -40 0.43 24.48
159028 -40 0.43 24.48
165236 -40 0.43 24.48
165917 -40 0.43 24.48
169692 -40 0.43 24.48
169649 -40 0.43 24.48
164965 -40 0.43 24.48
76007 -40 1.7 9.15
77503 -40 1.7 9.15
79520 -40 1.7 9.15
77494 -40 1.7 9.15
78369 -40 1.7 9.15
75978 -40 1.7 9.15
79328 -40 1.7 9.15
77667 -40 1.7 9.15
75775 -40 1.7 9.15
73338 -40 1.7 9.15
75814 -40 1.7 9.15
75669 -40 1.7 9.15
78362 -40 1.7 9.15
71747 -40 1.7 9.15
72899 -40 1.7 9.15
70498 -40 1.7 9.15
71650 -40 1.7 9.15
76827 -40 1.7 9.15
74174 -40 1.7 9.15
77879 -40 1.7 9.15
72488 -40 1.7 9.15
77937 -40 1.7 9.15
72377 -40 1.7 9.15
76924 -40 1.7 9.15
74578 -40 1.7 9.15
79144 -40 1.7 9.15
77025 -40 1.7 9.15
77319 -40 1.7 9.15
77798 -40 1.7 9.15
78377 -40 1.7 9.15
73841 -40 1.7 9.15
77689 -40 1.7 9.15
74427 -40 1.7 9.15
77923 -40 1.7 9.15
75488 -40 1.7 9.15
77019 -40 1.7 9.15
73206 -40 1.7 9.15
78762 -40 1.7 9.15
75709 -40 1.7 9.15
173292 -40 23.78 13.34
173804 -40 23.78 13.34
173334 -40 23.78 13.34
175573 -40 23.78 13.34
173974 -40 23.78 13.34
177385 -40 23.78 13.34
174186 -40 23.78 13.34
181750 -40 23.78 13.34
183043 -40 23.78 13.34
173627 -40 23.78 13.34
174041 -40 23.78 13.34
178841 -40 23.78 13.34
183132 -40 23.78 13.34
177309 -40 23.78 13.34
178291 -40 23.78 13.34
176809 -40 23.78 13.34
176748 -40 23.78 13.34
177342 -40 23.78 13.34
177995 -40 23.78 13.34
176554 -40 23.78 13.34
178662 -40 23.78 13.34
172965 -40 23.78 13.34
178708 -40 23.78 13.34
179363 -40 23.78 13.34
179643 -40 23.78 13.34
181217 -40 23.78 13.34
184891 -40 23.78 13.34
175099 -40 23.78 13.34
178218 -40 23.78 13.34
178576 -40 23.78 13.34
179928 -40 23.78 13.34
180995 -40 23.78 13.34
174642 -40 23.78 13.34
173239 -40 23.78 13.34
178737 -40 23.78 13.34
176753 -40 23.78 13.34
177870 -40 23.78 13.34
178480 -40 23.78 13.34
173093 -40 23.78 13.34
141288 -40 12 -16.12
141661 -40 12 -16.12
139314 -40 12 -16.12
142857 -40 12 -16.12
139136 -40 12 -16.12
140973 -40 12 -16.12
141451 -40 12 -16.12
146803 -40 12 -16.12
144942 -40 12 -16.12
135968 -40 12 -16.12
138937 -40 12 -16.12
142399 -40 12 -16.12
139739 -40 12 -16.12
141470 -40 12 -16.12
137205 -40 12 -16.12
142567 -40 12 -16.12
141002 -40 12 -16.12
141938 -40 12 -16.12
141058 -40 12 -16.12
142267 -40 12 -16.12
136764 -40 12 -16.12
137601 -40 12 -16.12
138625 -40 12 -16.12
138707 -40 12 -16.12
142978 -40 12 -16.12
143586 -40 12 -16.12
142933 -40 12 -16.12
142691 -40 12 -16.12
144238 -40 12 -16.12
145803 -40 12 -16.12
140990 -40 12 -16.12
139198 -40 12 -16.12
137996 -40 12 -16.12
139148 -40 12 -16.12
145227 -40 12 -16.12
141670 -40 12 -16.12
136220 -40 12 -16.12
142148 -40 12 -16.12
142296 -40 12 -16.12
167225 -40 12.86 -22.2
163676 -40 12.86 -22.2
166150 -40 12.86 -22.2
170569 -40 12.86 -22.2
168670 -40 12.86 -22.2
170608 -40 12.86 -22.2
168394 -40 12.86 -22.2
170699 -40 12.86 -22.2
169585 -40 12.86 -22.2
169929 -40 12.86 -22.2
172153 -40 12.86 -22.2
166049 -40 12.86 -22.2
163915 -40 12.86 -22.2
170541 -40 12.86 -22.2
174291 -40 12.86 -22.2
166280 -40 12.86 -22.2
165411 -40 12.86 -22.2
170444 -40 12.86 -22.2
167297 -40 12.86 -22.2
171716 -40 12.86 -22.2
170312 -40 12.86 -22.2
172441 -40 12.86 -22.2
167153 -40 12.86 -22.2
167113 -40 12.86 -22.2
167927 -40 12.86 -22.2
165874 -40 12.86 -22.2
166354 -40 12.86 -22.2
163849 -40 12.86 -22.2
170133 -40 12.86 -22.2
172863 -40 12.86 -22.2
165770 -40 12.86 -22.2
168903 -40 12.86 -22.2
171160 -40 12.86 -22.2
166195 -40 12.86 -22.2
167276 -40 12.86 -22.2
169768 -40 12.86 -22.2
167852 -40 12.86 -22.2
166310 -40 12.86 -22.2
166262 -40 12.86 -22.2
170734 -40 13.04 21.09
169236 -40 13.04 21.09
174165 -40 13.04 21.09
171769 -40 13.04 21.09
174668 -40 13.04 21.09
174289 -40 13.04 21.09
174061 -40 13.04 21.09
171273 -40 13.04 21.09
170110 -40 13.04 21.09
170165 -40 13.04 21.09
175193 -40 13.04 21.09
171858 -40 13.04 21.09
172596 -40 13.04 21.09
170858 -40 13.04 21.09
170004 -40 13.04 21.09
172028 -40 13.04 21.09
171497 -40 13.04 21.09
167115 -40 13.04 21.09
175510 -40 13.04 21.09
169789 -40 13.04 21.09
169464 -40 13.04 21.09
172188 -40 13.04 21.09
169321 -40 13.04 21.09
167283 -40 13.04 21.09
169230 -40 13.04 21.09
171821 -40 13.04 21.09
168383 -40 13.04 21.09
170176 -40 13.04 21.09
166334 -40 13.04 21.09
169431 -40 13.04 21.09
172970 -40 13.04 21.09
170218 -40 13.04 21.09
172210 -40 13.04 21.09
173480 -40 13.04 21.09
172989 -40 13.04 21.09
169276 -40 13.04 21.09
169757 -40 13.04 21.09
170528 -40 13.04 21.09
167120 -40 13.04 21.09
226851 -40 -16.63 28.11
221797 -40 -16.63 28.11
217864 -40 -16.63 28.11
222453 -40 -16.63 28.11
219678 -40 -16.63 28.11
221234 -40 -16.63 28.11
222606 -40 -16.63 28.11
218311 -40 -16.63 28.11
220260 -40 -16.63 28.11
219172 -40 -16.63 28.11
220314 -40 -16.63 28.11
226828 -40 -16.63 28.11
221624 -40 -16.63 28.11
217475 -40 -16.63 28.11
217176 -40 -16.63 28.11
215049 -40 -16.63 28.11
221074 -40 -16.63 28.11
218532 -40 -16.63 28.11
215563 -40 -16.63 28.11
223221 -40 -16.63 28.11
221144 -40 -16.63 28.11
219422 -40 -16.63 28.11
221998 -40 -16.63 28.11
219911 -40 -16.63 28.11
219808 -40 -16.63 28.11
220947 -40 -16.63 28.11
221959 -40 -16.63 28.11
225656 -40 -16.63 28.11
214505 -40 -16.63 28.11
222284 -40 -16.63 28.11
219637 -40 -16.63 28.11
219273 -40 -16.63 28.11
215857 -40 -16.63 28.11
214084 -40 -16.63 28.11
220818 -40 -16.63 28.11
220987 -40 -16.63 28.11
219931 -40 -16.63 28.11
218030 -40 -16.63 28.11
219917 -40 -16.63 28.11
188907 -40 -19.49 -19.83
185849 -40 -19.49 -19.83
192167 -40 -19.49 -19.83
185984 -40 -19.49 -19.83
189367 -40 -19.49 -19.83
191070 -40 -19.49 -19.83
186383 -40 -19.49 -19.83
189773 -40 -19.49 -19.83
184530 -40 -19.49 -19.83
187656 -40 -19.49 -19.83
193781 -40 -19.49 -19.83
188274 -40 -19.49 -19.83
185853 -40 -19.49 -19.83
186042 -40 -19.49 -19.83
190055 -40 -19.49 -19.83
186915 -40 -19.49 -19.83
193744 -40 -19.49 -19.83
192991 -40 -19.49 -19.83
185967 -40 -19.49 -19.83
187048 -40 -19.49 -19.83
189641 -40 -19.49 -19.83
181971 -40 -19.49 -19.83
187048 -40 -19.49 -19.83
185454 -40 -19.49 -19.83
186405 -40 -19.49 -19.83
189840 -40 -19.49 -19.83
185386 -40 -19.49 -19.83
189098 -40 -19.49 -19.83
186518 -40 -19.49 -19.83
182998 -40 -19.49 -19.83
191082 -40 -19.49 -19.83
188199 -40 -19.49 -19.83
186641 -40 -19.49 -19.83
191834 -40 -19.49 -19.83
186563 -40 -19.49 -19.83
189866 -40 -19.49 -19.83
188328 -40 -19.49 -19.83
187050 -40 -19.49 -19.83
186293 -40 -19.49 -19.83
47447 -40 -2.59 7.25
47748 -40 -2.59 7.25
50363 -40 -2.59 7.25
55459 -40 -2.59 7.25
47601 -40 -2.59 7.25
47913 -40 -2.59 7.25
49844 -40 -2.59 7.25
50768 -40 -2.59 7.25
48457 -40 -2.59 7.25
47514 -40 -2.59 7.25
44224 -40 -2.59 7.25
48713 -40 -2.59 7.25
49484 -40 -2.59 7.25
46237 -40 -2.59 7.25
47481 -40 -2.59 7.25
48378 -40 -2.59 7.25
55776 -40 -2.59 7.25
55354 -40 -2.59 7.25
45687 -40 -2.59 7.25
46945 -40 -2.59 7.25
53985 -40 -2.59 7.25
51362 -40 -2.59 7.25
47481 -40 -2.59 7.25
53444 -40 -2.59 7.25
44788 -40 -2.59 7.25
48402 -40 -2.59 7.25
48404 -40 -2.59 7.25
50539 -40 -2.59 7.25
52612 -40 -2.59 7.25
45541 -40 -2.59 7.25
48309 -40 -2.59 7.25
50757 -40 -2.59 7.25
49940 -40 -2.59 7.25
47096 -40 -2.59 7.25
50294 -40 -2.59 7.25
52613 -40 -2.59 7.25
47890 -40 -2.59 7.25
51332 -40 -2.59 7.25
50183 -40 -2.59 7.25
