#rtt sig_str x y
43034 -40 -0.02 -6.73
45283 -40 -0.02 -6.73
44638 -40 -0.02 -6.73
46767 -40 -0.02 -6.73
48472 -40 -0.02 -6.73
44233 -40 -0.02 -6.73
46827 -40 -0.02 -6.73
44377 -40 -0.02 -6.73
47761 -40 -0.02 -6.73
47370 -40 -0.02 -6.73
41962 -40 -0.02 -6.73
44573 -40 -0.02 -6.73
46086 -40 -0.02 -6.73
41524 -40 -0.02 -6.73
48816 -40 -0.02 -6.73
47026 -40 -0.02 -6.73
49910 -40 -0.02 -6.73
46070 -40 -0.02 -6.73
43102 -40 -0.02 -6.73
42242 -40 -0.02 -6.73
46879 -40 -0.02 -6.73
42585 -40 -0.02 -6.73
47214 -40 -0.02 -6.73
45326 -40 -0.02 -6.73
41408 -40 -0.02 -6.73
45914 -40 -0.02 -6.73
43993 -40 -0.02 -6.73
46927 -40 -0.02 -6.73
48562 -40 -0.02 -6.73
44005 -40 -0.02 -6.73
48493 -40 -0.02 -6.73
46051 -40 -0.02 -6.73
47799 -40 -0.02 -6.73
45997 -40 -0.02 -6.73
45883 -40 -0.02 -6.73
40985 -40 -0.02 -6.73
49932 -40 -0.02 -6.73
46217 -40 -0.02 -6.73
44537 -40 -0.02 -6.73
128236 -40 -14.65 10.69
125565 -40 -14.65 10.69
129365 -40 -14.65 10.69
125164 -40 -14.65 10.69
128271 -40 -14.65 10.69
129109 -40 -14.65 10.69
124999 -40 -14.65 10.69
127496 -40 -14.65 10.69
123772 -40 -14.65 10.69
122977 -40 -14.65 10.69
126777 -40 -14.65 10.69
131311 -40 -14.65 10.69
123492 -40 -14.65 10.69
128535 -40 -14.65 10.69
122799 -40 -14.65 10.69
128721 -40 -14.65 10.69
125595 -40 -14.65 10.69
132177 -40 -14.65 10.69
131610 -40 -14.65 10.69
128477 -40 -14.65 10.69
127739 -40 -14.65 10.69
129062 -40 -14.65 10.69
128848 -40 -14.65 10.69
125272 -40 -14.65 10.69
128903 -40 -14.65 10.69
129180 -40 -14.65 10.69
135257 -40 -14.65 10.69
127019 -40 -14.65 10.69
132181 -40 -14.65 10.69
129292 -40 -14.65 10.69
127586 -40 -14.65 10.69
127855 -40 -14.65 10.69
123610 -40 -14.65 10.69
121701 -40 -14.65 10.69
122853 -40 -14.65 10.69
126773 -40 -14.65 10.69
127557 -40 -14.65 10.69
126905 -40 -14.65 10.69
128879 -40 -14.65 10.69
131645 -40 -14.52 -12.8
137116 -40 -14.52 -12.8
133926 -40 -14.52 -12.8
135208 -40 -14.52 -12.8
134645 -40 -14.52 -12.8
132517 -40 -14.52 -12.8
135009 -40 -14.52 -12.8
133643 -40 -14.52 -12.8
135768 -40 -14.52 -12.8
130655 -40 -14.52 -12.8
139726 -40 -14.52 -12.8
138061 -40 -14.52 -12.8
137022 -40 -14.52 -12.8
136905 -40 -14.52 -12.8
134892 -40 -14.52 -12.8
135152 -40 -14.52 -12.8
137826 -40 -14.52 -12.8
137392 -40 -14.52 -12.8
133459 -40 -14.52 -12.8
136008 -40 -14.52 -12.8
134324 -40 -14.52 -12.8
137131 -40 -14.52 -12.8
133440 -40 -14.52 -12.8
139110 -40 -14.52 -12.8
135892 -40 -14.52 -12.8
133462 -40 -14.52 -12.8
136440 -40 -14.52 -12.8
133987 -40 -14.52 -12.8
138374 -40 -14.52 -12.8
135023 -40 -14.52 -12.8
136132 -40 -14.52 -12.8
132341 -40 -14.52 -12.8
135978 -40 -14.52 -12.8
139006 -40 -14.52 -12.8
136785 -40 -14.52 -12.8
134004 -40 -14.52 -12.8
140297 -40 -14.52 -12.8
134817 -40 -14.52 -12.8
135894 -40 -14.52 -12.8
174008 -40 -24.19 8.09
173828 -40 -24.19 8.09
174147 -40 -24.19 8.09
177537 -40 -24.19 8.09
174991 -40 -24.19 8.09
173706 -40 -24.19 8.09
182274 -40 -24.19 8.09
177811 -40 -24.19 8.09
177562 -40 -24.19 8.09
176722 -40 -24.19 8.09
173513 -40 -24.19 8.09
174522 -40 -24.19 8.09
175655 -40 -24.19 8.09
176495 -40 -24.19 8.09
178051 -40 -24.19 8.09
178656 -40 -24.19 8.09
176863 -40 -24.19 8.09
174560 -40 -24.19 8.09
174236 -40 -24.19 8.09
177407 -40 -24.19 8.09
179962 -40 -24.19 8.09
175313 -40 -24.19 8.09
178773 -40 -24.19 8.09
178757 -40 -24.19 8.09
178789 -40 -24.19 8.09
174355 -40 -24.19 8.09
176950 -40 -24.19 8.09
176717 -40 -24.19 8.09
174627 -40 -24.19 8.09
172999 -40 -24.19 8.09
172896 -40 -24.19 8.09
178134 -40 -24.19 8.09
181315 -40 -24.19 8.09
177987 -40 -24.19 8.09
182960 -40 -24.19 8.09
179483 -40 -24.19 8.09
175734 -40 -24.19 8.09
176489 -40 -24.19 8.09
178588 -40 -24.19 8.09
97762 -40 3.85 -15.13
102027 -40 3.85 -15.13
96452 -40 3.85 -15.13
100561 -40 3.85 -15.13
95628 -40 3.85 -15.13
100123 -40 3.85 -15.13
102517 -40 3.85 -15.13
97113 -40 3.85 -15.13
102313 -40 3.85 -15.13
97942 -40 3.85 -15.13
99539 -40 3.85 -15.13
98836 -40 3.85 -15.13
100975 -40 3.85 -15.13
97598 -40 3.85 -15.13
101371 -40 3.85 -15.13
98022 -40 3.85 -15.13
99664 -40 3.85 -15.13
101175 -40 3.85 -15.13
98685 -40 3.85 -15.13
107586 -40 3.85 -15.13
102280 -40 3.85 -15.13
99509 -40 3.85 -15.13
95555 -40 3.85 -15.13
99666 -40 3.85 -15.13
97855 -40 3.85 -15.13
99684 -40 3.85 -15.13
99344 -40 3.85 -15.13
103336 -40 3.85 -15.13
97303 -40 3.85 -15.13
103038 -40 3.85 -15.13
102524 -40 3.85 -15.13
100892 -40 3.85 -15.13
97368 -40 3.85 -15.13
99100 -40 3.85 -15.13
97475 -40 3.85 -15.13
103073 -40 3.85 -15.13
99210 -40 3.85 -15.13
105003 -40 3.85 -15.13
96230 -40 3.85 -15.13
208110 -40 -29.05 -10.18
206481 -40 -29.05 -10.18
210549 -40 -29.05 -10.18
207916 -40 -29.05 -10.18
211821 -40 -29.05 -10.18
204953 -40 -29.05 -10.18
205579 -40 -29.05 -10.18
205570 -40 -29.05 -10.18
209261 -40 -29.05 -10.18
207918 -40 -29.05 -10.18
210142 -40 -29.05 -10.18
209207 -40 -29.05 -10.18
210372 -40 -29.05 -10.18
204999 -40 -29.05 -10.18
208751 -40 -29.05 -10.18
211255 -40 -29.05 -10.18
207386 -40 -29.05 -10.18
202825 -40 -29.05 -10.18
206312 -40 -29.05 -10.18
211857 -40 -29.05 -10.18
206190 -40 -29.05 -10.18
207879 -40 -29.05 -10.18
206906 -40 -29.05 -10.18
204831 -40 -29.05 -10.18
211665 -40 -29.05 -10.18
211301 -40 -29.05 -10.18
206173 -40 -29.05 -10.18
201997 -40 -29.05 -10.18
207711 -40 -29.05 -10.18
200193 -40 -29.05 -10.18
204703 -40 -29.05 -10.18
203124 -40 -29.05 -10.18
211031 -40 -29.05 -10.18
205725 -40 -29.05 -10.18
208996 -40 -29.05 -10.18
207752 -40 -29.05 -10.18
207031 -40 -29.05 -10.18
208094 -40 -29.05 -10.18
206002 -40 -29.05 -10.18
219652 -40 -20.85 25.47
220229 -40 -20.85 25.47
221025 -40 -20.85 25.47
219647 -40 -20.85 25.47
222915 -40 -20.85 25.47
220945 -40 -20.85 25.47
224718 -40 -20.85 25.47
217687 -40 -20.85 25.47
220153 -40 -20.85 25.47
223436 -40 -20.85 25.47
224161 -40 -20.85 25.47
218795 -40 -20.85 25.47
218012 -40 -20.85 25.47
218942 -40 -20.85 25.47
221630 -40 -20.85 25.47
224527 -40 -20.85 25.47
219522 -40 -20.85 25.47
220968 -40 -20.85 25.47
220671 -40 -20.85 25.47
220811 -40 -20.85 25.47
227373 -40 -20.85 25.47
217868 -40 -20.85 25.47
219076 -40 -20.85 25.47
220870 -40 -20.85 25.47
219442 -40 -20.85 25.47
223787 -40 -20.85 25.47
223126 -40 -20.85 25.47
221587 -40 -20.85 25.47
225624 -40 -20.85 25.47
218656 -40 -20.85 25.47
222092 -40 -20.85 25.47
219821 -40 -20.85 25.47
220129 -40 -20.85 25.47
218129 -40 -20.85 25.47
220399 -40 -20.85 25.47
225858 -40 -20.85 25.47
219906 -40 -20.85 25.47
220261 -40 -20.85 25.47
223149 -40 -20.85 25.47
97461 -40 -1.19 -13.61
96110 -40 -1.19 -13.61
95693 -40 -1.19 -13.61
100353 -40 -1.19 -13.61
98499 -40 -1.19 -13.61
98997 -40 -1.19 -13.61
98503 -40 -1.19 -13.61
103222 -40 -1.19 -13.61
98897 -40 -1.19 -13.61
98695 -40 -1.19 -13.61
99265 -40 -1.19 -13.61
100851 -40 -1.19 -13.61
96807 -40 -1.19 -13.61
101496 -40 -1.19 -13.61
101141 -40 -1.19 -13.61
100769 -40 -1.19 -13.61
102418 -40 -1.19 -13.61
98273 -40 -1.19 -13.61
96282 -40 -1.19 -13.61
100691 -40 -1.19 -13.61
97091 -40 -1.19 -13.61
102947 -40 -1.19 -13.61
95832 -40 -1.19 -13.61
98479 -40 -1.19 -13.61
100209 -40 -1.19 -13.61
102361 -40 -1.19 -13.61
98724 -40 -1.19 -13.61
96773 -40 -1.19 -13.61
97985 -40 -1.19 -13.61
95613 -40 -1.19 -13.61
101101 -40 -1.19 -13.61
94757 -40 -1.19 -13.61
96065 -40 -1.19 -13.61
100620 -40 -1.19 -13.61
99296 -40 -1.19 -13.61
99201 -40 -1.19 -13.61
101850 -40 -1.19 -13.61
95843 -40 -1.19 -13.61
99613 -40 -1.19 -13.61
220874 -40 -24.01 24.35
221046 -40 -24.01 24.35
220945 -40 -24.01 24.35
217693 -40 -24.01 24.35
221436 -40 -24.01 24.35
223790 -40 -24.01 24.35
218338 -40 -24.01 24.35
227778 -40 -24.01 24.35
223442 -40 -24.01 24.35
221852 -40 -24.01 24.35
226353 -40 -24.01 24.35
218019 -40 -24.01 24.35
222484 -40 -24.01 24.35
223923 -40 -24.01 24.35
223847 -40 -24.01 24.35
216790 -40 -24.01 24.35
223051 -40 -24.01 24.35
225095 -40 -24.01 24.35
224539 -40 -24.01 24.35
221881 -40 -24.01 24.35
221356 -40 -24.01 24.35
220984 -40 -24.01 24.35
222073 -40 -24.01 24.35
225048 -40 -24.01 24.35
221820 -40 -24.01 24.35
225031 -40 -24.01 24.35
224271 -40 -24.01 24.35
220923 -40 -24.01 24.35
219394 -40 -24.01 24.35
223523 -40 -24.01 24.35
223557 -40 -24.01 24.35
222190 -40 -24.01 24.35
223344 -40 -24.01 24.35
222552 -40 -24.01 24.35
221753 -40 -24.01 24.35
219141 -40 -24.01 24.35
223419 -40 -24.01 24.35
223156 -40 -24.01 24.35
224921 -40 -24.01 24.35
86994 -40 -4.98 -12.83
85159 -40 -4.98 -12.83
85445 -40 -4.98 -12.83
84461 -40 -4.98 -12.83
80294 -40 -4.98 -12.83
88003 -40 -4.98 -12.83
88444 -40 -4.98 -12.83
83701 -40 -4.98 -12.83
87497 -40 -4.98 -12.83
83003 -40 -4.98 -12.83
83175 -40 -4.98 -12.83
82161 -40 -4.98 -12.83
86299 -40 -4.98 -12.83
81923 -40 -4.98 -12.83
84490 -40 -4.98 -12.83
83937 -40 -4.98 -12.83
80715 -40 -4.98 -12.83
87115 -40 -4.98 -12.83
84212 -40 -4.98 -12.83
83445 -40 -4.98 -12.83
84692 -40 -4.98 -12.83
84738 -40 -4.98 -12.83
90290 -40 -4.98 -12.83
83082 -40 -4.98 -12.83
81123 -40 -4.98 -12.83
82304 -40 -4.98 -12.83
79698 -40 -4.98 -12.83
82164 -40 -4.98 -12.83
86607 -40 -4.98 -12.83
82542 -40 -4.98 -12.83
81294 -40 -4.98 -12.83
87051 -40 -4.98 -12.83
85536 -40 -4.98 -12.83
90159 -40 -4.98 -12.83
87292 -40 -4.98 -12.83
85460 -40 -4.98 -12.83
84646 -40 -4.98 -12.83
90548 -40 -4.98 -12.83
83537 -40 -4.98 -12.83
