#rtt sig_str x y
198564 -40 -20.82 19.16
198384 -40 -20.82 19.16
202195 -40 -20.82 19.16
199601 -40 -20.82 19.16
198192 -40 -20.82 19.16
200942 -40 -20.82 19.16
198777 -40 -20.82 19.16
201957 -40 -20.82 19.16
201672 -40 -20.82 19.16
199534 -40 -20.82 19.16
200514 -40 -20.82 19.16
202698 -40 -20.82 19.16
205376 -40 -20.82 19.16
200388 -40 -20.82 19.16
202228 -40 -20.82 19.16
195655 -40 -20.82 19.16
201944 -40 -20.82 19.16
198911 -40 -20.82 19.16
203370 -40 -20.82 19.16
199273 -40 -20.82 19.16
200952 -40 -20.82 19.16
199722 -40 -20.82 19.16
204826 -40 -20.82 19.16
204437 -40 -20.82 19.16
203896 -40 -20.82 19.16
197991 -40 -20.82 19.16
205241 -40 -20.82 19.16
203237 -40 -20.82 19.16
199231 -40 -20.82 19.16
198704 -40 -20.82 19.16
198850 -40 -20.82 19.16
198437 -40 -20.82 19.16
202652 -40 -20.82 19.16
199893 -40 -20.82 19.16
197215 -40 -20.82 19.16
202071 -40 -20.82 19.16
205294 -40 -20.82 19.16
199590 -40 -20.82 19.16
204364 -40 -20.82 19.16
197306 -40 -20.54 -20.47
197158 -40 -20.54 -20.47
199759 -40 -20.54 -20.47
195805 -40 -20.54 -20.47
196565 -40 -20.54 -20.47
195748 -40 -20.54 -20.47
195579 -40 -20.54 -20.47
195893 -40 -20.54 -20.47
193518 -40 -20.54 -20.47
196501 -40 -20.54 -20.47
202069 -40 -20.54 -20.47
197247 -40 -20.54 -20.47
195562 -40 -20.54 -20.47
198555 -40 -20.54 -20.47
195096 -40 -20.54 -20.47
199898 -40 -20.54 -20.47
201907 -40 -20.54 -20.47
199233 -40 -20.54 -20.47
198315 -40 -20.54 -20.47
197217 -40 -20.54 -20.47
196182 -40 -20.54 -20.47
202979 -40 -20.54 -20.47
196322 -40 -20.54 -20.47
195726 -40 -20.54 -20.47
196492 -40 -20.54 -20.47
194512 -40 -20.54 -20.47
196929 -40 -20.54 -20.47
199331 -40 -20.54 -20.47
195765 -40 -20.54 -20.47
196071 -40 -20.54 -20.47
198669 -40 -20.54 -20.47
198071 -40 -20.54 -20.47
199398 -40 -20.54 -20.47
190264 -40 -20.54 -20.47
194396 -40 -20.54 -20.47
199844 -40 -20.54 -20.47
202859 -40 -20.54 -20.47
197867 -40 -20.54 -20.47
195179 -40 -20.54 -20.47
207241 -40 29.13 -11.41
209796 -40 29.13 -11.41
203253 -40 29.13 -11.41
205363 -40 29.13 -11.41
206580 -40 29.13 -11.41
210457 -40 29.13 -11.41
211848 -40 29.13 -11.41
208873 -40 29.13 -11.41
206494 -40 29.13 -11.41
210008 -40 29.13 -11.41
209657 -40 29.13 -11.41
207631 -40 29.13 -11.41
206191 -40 29.13 -11.41
209976 -40 29.13 -11.41
206764 -40 29.13 -11.41
201402 -40 29.13 -11.41
205933 -40 29.13 -11.41
206198 -40 29.13 -11.41
208345 -40 29.13 -11.41
206031 -40 29.13 -11.41
207913 -40 29.13 -11.41
202654 -40 29.13 -11.41
201999 -40 29.13 -11.41
205452 -40 29.13 -11.41
206359 -40 29.13 -11.41
213614 -40 29.13 -11.41
207991 -40 29.13 -11.41
212643 -40 29.13 -11.41
207463 -40 29.13 -11.41
205124 -40 29.13 -11.41
205621 -40 29.13 -11.41
211203 -40 29.13 -11.41
207515 -40 29.13 -11.41
209643 -40 29.13 -11.41
205940 -40 29.13 -11.41
205197 -40 29.13 -11.41
210140 -40 29.13 -11.41
205051 -40 29.13 -11.41
208180 -40 29.13 -11.41
181118 -40 24.27 -5.41
172719 -40 24.27 -5.41
178015 -40 24.27 -5.41
173606 -40 24.27 -5.41
181857 -40 24.27 -5.41
175828 -40 24.27 -5.41
175192 -40 24.27 -5.41
181348 -40 24.27 -5.41
179550 -40 24.27 -5.41
178309 -40 24.27 -5.41
173681 -40 24.27 -5.41
176088 -40 24.27 -5.41
177456 -40 24.27 -5.41
173130 -40 24.27 -5.41
174761 -40 24.27 -5.41
178287 -40 24.27 -5.41
173757 -40 24.27 -5.41
177208 -40 24.27 -5.41
176352 -40 24.27 -5.41
175788 -40 24.27 -5.41
175699 -40 24.27 -5.41
174570 -40 24.27 -5.41
179728 -40 24.27 -5.41
175576 -40 24.27 -5.41
176016 -40 24.27 -5.41
178453 -40 24.27 -5.41
178751 -40 24.27 -5.41
179673 -40 24.27 -5.41
177214 -40 24.27 -5.41
179112 -40 24.27 -5.41
175403 -40 24.27 -5.41
177177 -40 24.27 -5.41
175252 -40 24.27 -5.41
180600 -40 24.27 -5.41
174830 -40 24.27 -5.41
176825 -40 24.27 -5.41
175769 -40 24.27 -5.41
176648 -40 24.27 -5.41
175208 -40 24.27 -5.41
143134 -40 -18.84 8.72
144972 -40 -18.84 8.72
140469 -40 -18.84 8.72
140324 -40 -18.84 8.72
145424 -40 -18.84 8.72
140398 -40 -18.84 8.72
139857 -40 -18.84 8.72
143802 -40 -18.84 8.72
141677 -40 -18.84 8.72
145377 -40 -18.84 8.72
138502 -40 -18.84 8.72
145491 -40 -18.84 8.72
142351 -40 -18.84 8.72
142663 -40 -18.84 8.72
140545 -40 -18.84 8.72
138458 -40 -18.84 8.72
141219 -40 -18.84 8.72
137528 -40 -18.84 8.72
144808 -40 -18.84 8.72
147190 -40 -18.84 8.72
141681 -40 -18.84 8.72
141212 -40 -18.84 8.72
142076 -40 -18.84 8.72
138278 -40 -18.84 8.72
146197 -40 -18.84 8.72
144115 -40 -18.84 8.72
139425 -40 -18.84 8.72
142504 -40 -18.84 8.72
141390 -40 -18.84 8.72
141671 -40 -18.84 8.72
145977 -40 -18.84 8.72
142712 -40 -18.84 8.72
147148 -40 -18.84 8.72
138859 -40 -18.84 8.72
144887 -40 -18.84 8.72
147259 -40 -18.84 8.72
140098 -40 -18.84 8.72
143806 -40 -18.84 8.72
144170 -40 -18.84 8.72
141360 -40 -13.94 17.31
145551 -40 -13.94 17.31
147905 -40 -13.94 17.31
149272 -40 -13.94 17.31
141019 -40 -13.94 17.31
142816 -40 -13.94 17.31
144068 -40 -13.94 17.31
145633 -40 -13.94 17.31
141433 -40 -13.94 17.31
143908 -40 -13.94 17.31
146903 -40 -13.94 17.31
142216 -40 -13.94 17.31
143926 -40 -13.94 17.31
146054 -40 -13.94 17.31
145144 -40 -13.94 17.31
139744 -40 -13.94 17.31
141865 -40 -13.94 17.31
146544 -40 -13.94 17.31
151361 -40 -13.94 17.31
145374 -40 -13.94 17.31
141245 -40 -13.94 17.31
144431 -40 -13.94 17.31
136106 -40 -13.94 17.31
141648 -40 -13.94 17.31
145170 -40 -13.94 17.31
144743 -40 -13.94 17.31
138938 -40 -13.94 17.31
141678 -40 -13.94 17.31
146443 -40 -13.94 17.31
143850 -40 -13.94 17.31
142138 -40 -13.94 17.31
142926 -40 -13.94 17.31
141210 -40 -13.94 17.31
140772 -40 -13.94 17.31
147241 -40 -13.94 17.31
148017 -40 -13.94 17.31
145905 -40 -13.94 17.31
148635 -40 -13.94 17.31
143873 -40 -13.94 17.31
80928 -40 -9.96 -6.37
80912 -40 -9.96 -6.37
78067 -40 -9.96 -6.37
76345 -40 -9.96 -6.37
78403 -40 -9.96 -6.37
79237 -40 -9.96 -6.37
80797 -40 -9.96 -6.37
81297 -40 -9.96 -6.37
77933 -40 -9.96 -6.37
80041 -40 -9.96 -6.37
82728 -40 -9.96 -6.37
77912 -40 -9.96 -6.37
73295 -40 -9.96 -6.37
78333 -40 -9.96 -6.37
78350 -40 -9.96 -6.37
78595 -40 -9.96 -6.37
77724 -40 -9.96 -6.37
76529 -40 -9.96 -6.37
77959 -40 -9.96 -6.37
80334 -40 -9.96 -6.37
80267 -40 -9.96 -6.37
81490 -40 -9.96 -6.37
79212 -40 -9.96 -6.37
79854 -40 -9.96 -6.37
77784 -40 -9.96 -6.37
78303 -40 -9.96 -6.37
77760 -40 -9.96 -6.37
73519 -40 -9.96 -6.37
78342 -40 -9.96 -6.37
76386 -40 -9.96 -6.37
77063 -40 -9.96 -6.37
78400 -40 -9.96 -6.37
79922 -40 -9.96 -6.37
78872 -40 -9.96 -6.37
79549 -40 -9.96 -6.37
80312 -40 -9.96 -6.37
76173 -40 -9.96 -6.37
76942 -40 -9.96 -6.37
81896 -40 -9.96 -6.37
63118 -40 8.68 -5.77
64639 -40 8.68 -5.77
69299 -40 8.68 -5.77
70893 -40 8.68 -5.77
68026 -40 8.68 -5.77
67018 -40 8.68 -5.77
64749 -40 8.68 -5.77
66887 -40 8.68 -5.77
66229 -40 8.68 -5.77
70169 -40 8.68 -5.77
68562 -40 8.68 -5.77
66857 -40 8.68 -5.77
66597 -40 8.68 -5.77
69529 -40 8.68 -5.77
71384 -40 8.68 -5.77
67944 -40 8.68 -5.77
66000 -40 8.68 -5.77
63869 -40 8.68 -5.77
68897 -40 8.68 -5.77
62408 -40 8.68 -5.77
67694 -40 8.68 -5.77
67426 -40 8.68 -5.77
69744 -40 8.68 -5.77
69207 -40 8.68 -5.77
69599 -40 8.68 -5.77
67048 -40 8.68 -5.77
64205 -40 8.68 -5.77
65978 -40 8.68 -5.77
68073 -40 8.68 -5.77
68340 -40 8.68 -5.77
67755 -40 8.68 -5.77
64485 -40 8.68 -5.77
65889 -40 8.68 -5.77
69745 -40 8.68 -5.77
71257 -40 8.68 -5.77
69097 -40 8.68 -5.77
67474 -40 8.68 -5.77
67982 -40 8.68 -5.77
67136 -40 8.68 -5.77
109046 -40 -14.92 9.44
111705 -40 -14.92 9.44
108680 -40 -14.92 9.44
106096 -40 -14.92 9.44
108303 -40 -14.92 9.44
114005 -40 -14.92 9.44
111534 -40 -14.92 9.44
114474 -40 -14.92 9.44
104831 -40 -14.92 9.44
112213 -40 -14.92 9.44
113302 -40 -14.92 9.44
111096 -40 -14.92 9.44
106243 -40 -14.92 9.44
114073 -40 -14.92 9.44
109007 -40 -14.92 9.44
113978 -40 -14.92 9.44
106299 -40 -14.92 9.44
112246 -40 -14.92 9.44
108314 -40 -14.92 9.44
114022 -40 -14.92 9.44
115050 -40 -14.92 9.44
107733 -40 -14.92 9.44
106796 -40 -14.92 9.44
111056 -40 -14.92 9.44
106390 -40 -14.92 9.44
111604 -40 -14.92 9.44
114492 -40 -14.92 9.44
111308 -40 -14.92 9.44
110981 -40 -14.92 9.44
109316 -40 -14.92 9.44
113469 -40 -14.92 9.44
111386 -40 -14.92 9.44
110580 -40 -14.92 9.44
110816 -40 -14.92 9.44
110266 -40 -14.92 9.44
113629 -40 -14.92 9.44
110012 -40 -14.92 9.44
116083 -40 -14.92 9.44
112087 -40 -14.92 9.44
163259 -40 8.11 -22.43
156529 -40 8.11 -22.43
157722 -40 8.11 -22.43
163847 -40 8.11 -22.43
156127 -40 8.11 -22.43
165599 -40 8.11 -22.43
160058 -40 8.11 -22.43
158537 -40 8.11 -22.43
160375 -40 8.11 -22.43
156929 -40 8.11 -22.43
157908 -40 8.11 -22.43
156399 -40 8.11 -22.43
160482 -40 8.11 -22.43
164132 -40 8.11 -22.43
154657 -40 8.11 -22.43
158316 -40 8.11 -22.43
161762 -40 8.11 -22.43
160614 -40 8.11 -22.43
160957 -40 8.11 -22.43
159425 -40 8.11 -22.43
158256 -40 8.11 -22.43
155928 -40 8.11 -22.43
159453 -40 8.11 -22.43
155341 -40 8.11 -22.43
154519 -40 8.11 -22.43
158401 -40 8.11 -22.43
156350 -40 8.11 -22.43
157570 -40 8.11 -22.43
154435 -40 8.11 -22.43
159330 -40 8.11 -22.43
164111 -40 8.11 -22.43
154378 -40 8.11 -22.43
159385 -40 8.11 -22.43
160467 -40 8.11 -22.43
157510 -40 8.11 -22.43
155976 -40 8.11 -22.43
159736 -40 8.11 -22.43
154750 -40 8.11 -22.43
162795 -40 8.11 -22.43
