#rtt sig_str x y
226311 -40 -17.94 29.45
226664 -40 -17.94 29.45
225209 -40 -17.94 29.45
222589 -40 -17.94 29.45
224963 -40 -17.94 29.45
224844 -40 -17.94 29.45
225273 -40 -17.94 29.45
223500 -40 -17.94 29.45
223112 -40 -17.94 29.45
225459 -40 -17.94 29.45
229110 -40 -17.94 29.45
223825 -40 -17.94 29.45
227617 -40 -17.94 29.45
222692 -40 -17.94 29.45
226720 -40 -17.94 29.45
226127 -40 -17.94 29.45
221904 -40 -17.94 29.45
227011 -40 -17.94 29.45
228947 -40 -17.94 29.45
223768 -40 -17.94 29.45
226296 -40 -17.94 29.45
227709 -40 -17.94 29.45
224152 -40 -17.94 29.45
227683 -40 -17.94 29.45
227863 -40 -17.94 29.45
227645 -40 -17.94 29.45
228240 -40 -17.94 29.45
226159 -40 -17.94 29.45
222987 -40 -17.94 29.45
221250 -40 -17.94 29.45
224690 -40 -17.94 29.45
224269 -40 -17.94 29.45
227509 -40 -17.94 29.45
221863 -40 -17.94 29.45
222320 -40 -17.94 29.45
223888 -40 -17.94 29.45
224994 -40 -17.94 29.45
225366 -40 -17.94 29.45
226972 -40 -17.94 29.45
62829 -40 -10.26 -1.32
61058 -40 -10.26 -1.32
68090 -40 -10.26 -1.32
66489 -40 -10.26 -1.32
70294 -40 -10.26 -1.32
64415 -40 -10.26 -1.32
66280 -40 -10.26 -1.32
65728 -40 -10.26 -1.32
63691 -40 -10.26 -1.32
67188 -40 -10.26 -1.32
66030 -40 -10.26 -1.32
67348 -40 -10.26 -1.32
61406 -40 -10.26 -1.32
64932 -40 -10.26 -1.32
69224 -40 -10.26 -1.32
65264 -40 -10.26 -1.32
66941 -40 -10.26 -1.32
67641 -40 -10.26 -1.32
70220 -40 -10.26 -1.32
63904 -40 -10.26 -1.32
65318 -40 -10.26 -1.32
65174 -40 -10.26 -1.32
63500 -40 -10.26 -1.32
65176 -40 -10.26 -1.32
67238 -40 -10.26 -1.32
64137 -40 -10.26 -1.32
68584 -40 -10.26 -1.32
67055 -40 -10.26 -1.32
68974 -40 -10.26 -1.32
67855 -40 -10.26 -1.32
67370 -40 -10.26 -1.32
69005 -40 -10.26 -1.32
67084 -40 -10.26 -1.32
65953 -40 -10.26 -1.32
66149 -40 -10.26 -1.32
67590 -40 -10.26 -1.32
67844 -40 -10.26 -1.32
69758 -40 -10.26 -1.32
66515 -40 -10.26 -1.32
89637 -40 -12.21 4.21
89782 -40 -12.21 4.21
89832 -40 -12.21 4.21
90629 -40 -12.21 4.21
86975 -40 -12.21 4.21
93573 -40 -12.21 4.21
91329 -40 -12.21 4.21
86442 -40 -12.21 4.21
89848 -40 -12.21 4.21
84214 -40 -12.21 4.21
90728 -40 -12.21 4.21
92628 -40 -12.21 4.21
87559 -40 -12.21 4.21
94899 -40 -12.21 4.21
93140 -40 -12.21 4.21
89130 -40 -12.21 4.21
91336 -40 -12.21 4.21
93551 -40 -12.21 4.21
90155 -40 -12.21 4.21
92379 -40 -12.21 4.21
85645 -40 -12.21 4.21
86849 -40 -12.21 4.21
92980 -40 -12.21 4.21
88570 -40 -12.21 4.21
94012 -40 -12.21 4.21
91882 -40 -12.21 4.21
93705 -40 -12.21 4.21
93014 -40 -12.21 4.21
96926 -40 -12.21 4.21
93477 -40 -12.21 4.21
92325 -40 -12.21 4.21
93461 -40 -12.21 4.21
87477 -40 -12.21 4.21
88162 -40 -12.21 4.21
92584 -40 -12.21 4.21
89347 -40 -12.21 4.21
93907 -40 -12.21 4.21
90822 -40 -12.21 4.21
91863 -40 -12.21 4.21
235579 -40 -24.4 25.77
239385 -40 -24.4 25.77
238481 -40 -24.4 25.77
234460 -40 -24.4 25.77
235227 -40 -24.4 25.77
234914 -40 -24.4 25.77
239903 -40 -24.4 25.77
233926 -40 -24.4 25.77
238157 -40 -24.4 25.77
240020 -40 -24.4 25.77
233930 -40 -24.4 25.77
235053 -40 -24.4 25.77
237205 -40 -24.4 25.77
240686 -40 -24.4 25.77
235089 -40 -24.4 25.77
239794 -40 -24.4 25.77
240006 -40 -24.4 25.77
238988 -40 -24.4 25.77
237109 -40 -24.4 25.77
230123 -40 -24.4 25.77
238631 -40 -24.4 25.77
236318 -40 -24.4 25.77
236480 -40 -24.4 25.77
235962 -40 -24.4 25.77
235270 -40 -24.4 25.77
236885 -40 -24.4 25.77
233600 -40 -24.4 25.77
233411 -40 -24.4 25.77
237784 -40 -24.4 25.77
242328 -40 -24.4 25.77
234381 -40 -24.4 25.77
237800 -40 -24.4 25.77
233554 -40 -24.4 25.77
239141 -40 -24.4 25.77
237410 -40 -24.4 25.77
235360 -40 -24.4 25.77
239488 -40 -24.4 25.77
240605 -40 -24.4 25.77
235911 -40 -24.4 25.77
65322 -40 -10.02 -2.5
68406 -40 -10.02 -2.5
70457 -40 -10.02 -2.5
69165 -40 -10.02 -2.5
70576 -40 -10.02 -2.5
68079 -40 -10.02 -2.5
63690 -40 -10.02 -2.5
68505 -40 -10.02 -2.5
65494 -40 -10.02 -2.5
68963 -40 -10.02 -2.5
64519 -40 -10.02 -2.5
69739 -40 -10.02 -2.5
68332 -40 -10.02 -2.5
65470 -40 -10.02 -2.5
69470 -40 -10.02 -2.5
68052 -40 -10.02 -2.5
67414 -40 -10.02 -2.5
69273 -40 -10.02 -2.5
69387 -40 -10.02 -2.5
74921 -40 -10.02 -2.5
69009 -40 -10.02 -2.5
69845 -40 -10.02 -2.5
67270 -40 -10.02 -2.5
65208 -40 -10.02 -2.5
71938 -40 -10.02 -2.5
67844 -40 -10.02 -2.5
69613 -40 -10.02 -2.5
63864 -40 -10.02 -2.5
65761 -40 -10.02 -2.5
60461 -40 -10.02 -2.5
62790 -40 -10.02 -2.5
66554 -40 -10.02 -2.5
63980 -40 -10.02 -2.5
58092 -40 -10.02 -2.5
71441 -40 -10.02 -2.5
69197 -40 -10.02 -2.5
65955 -40 -10.02 -2.5
67685 -40 -10.02 -2.5
63222 -40 -10.02 -2.5
89222 -40 13.52 2.33
87373 -40 13.52 2.33
91003 -40 13.52 2.33
88990 -40 13.52 2.33
90526 -40 13.52 2.33
90854 -40 13.52 2.33
91571 -40 13.52 2.33
90832 -40 13.52 2.33
93314 -40 13.52 2.33
92407 -40 13.52 2.33
92542 -40 13.52 2.33
91801 -40 13.52 2.33
93716 -40 13.52 2.33
87630 -40 13.52 2.33
94074 -40 13.52 2.33
86860 -40 13.52 2.33
95141 -40 13.52 2.33
88367 -40 13.52 2.33
89579 -40 13.52 2.33
88429 -40 13.52 2.33
92294 -40 13.52 2.33
92828 -40 13.52 2.33
92040 -40 13.52 2.33
88476 -40 13.52 2.33
95609 -40 13.52 2.33
94094 -40 13.52 2.33
92818 -40 13.52 2.33
93684 -40 13.52 2.33
93582 -40 13.52 2.33
90027 -40 13.52 2.33
94092 -40 13.52 2.33
90878 -40 13.52 2.33
89504 -40 13.52 2.33
93949 -40 13.52 2.33
92993 -40 13.52 2.33
86311 -40 13.52 2.33
94380 -40 13.52 2.33
91810 -40 13.52 2.33
89395 -40 13.52 2.33
94219 -40 9.14 -10.75
92561 -40 9.14 -10.75
96392 -40 9.14 -10.75
94299 -40 9.14 -10.75
95815 -40 9.14 -10.75
94320 -40 9.14 -10.75
94344 -40 9.14 -10.75
93338 -40 9.14 -10.75
97531 -40 9.14 -10.75
93706 -40 9.14 -10.75
92128 -40 9.14 -10.75
94859 -40 9.14 -10.75
94295 -40 9.14 -10.75
96278 -40 9.14 -10.75
95408 -40 9.14 -10.75
95325 -40 9.14 -10.75
96602 -40 9.14 -10.75
96006 -40 9.14 -10.75
90928 -40 9.14 -10.75
91862 -40 9.14 -10.75
91697 -40 9.14 -10.75
89626 -40 9.14 -10.75
90798 -40 9.14 -10.75
96535 -40 9.14 -10.75
89465 -40 9.14 -10.75
94592 -40 9.14 -10.75
91166 -40 9.14 -10.75
94069 -40 9.14 -10.75
96711 -40 9.14 -10.75
93370 -40 9.14 -10.75
95490 -40 9.14 -10.75
95244 -40 9.14 -10.75
95733 -40 9.14 -10.75
92576 -40 9.14 -10.75
88968 -40 9.14 -10.75
93765 -40 9.14 -10.75
94762 -40 9.14 -10.75
92305 -40 9.14 -10.75
97808 -40 9.14 -10.75
101751 -40 0.29 14.99
101575 -40 0.29 14.99
104774 -40 0.29 14.99
95582 -40 0.29 14.99
99114 -40 0.29 14.99
97846 -40 0.29 14.99
98056 -40 0.29 14.99
96561 -40 0.29 14.99
99977 -40 0.29 14.99
99765 -40 0.29 14.99
96667 -40 0.29 14.99
97406 -40 0.29 14.99
100017 -40 0.29 14.99
100599 -40 0.29 14.99
95202 -40 0.29 14.99
101715 -40 0.29 14.99
99201 -40 0.29 14.99
100788 -40 0.29 14.99
98784 -40 0.29 14.99
96846 -40 0.29 14.99
101000 -40 0.29 14.99
101259 -40 0.29 14.99
95755 -40 0.29 14.99
100508 -40 0.29 14.99
100984 -40 0.29 14.99
98088 -40 0.29 14.99
101937 -40 0.29 14.99
95917 -40 0.29 14.99
101948 -40 0.29 14.99
101863 -40 0.29 14.99
98932 -40 0.29 14.99
92144 -40 0.29 14.99
98210 -40 0.29 14.99
100398 -40 0.29 14.99
98399 -40 0.29 14.99
101104 -40 0.29 14.99
99175 -40 0.29 14.99
97769 -40 0.29 14.99
96961 -40 0.29 14.99
190112 -40 26.84 -12.81
194816 -40 26.84 -12.81
195759 -40 26.84 -12.81
193894 -40 26.84 -12.81
194219 -40 26.84 -12.81
193368 -40 26.84 -12.81
193669 -40 26.84 -12.81
194799 -40 26.84 -12.81
191747 -40 26.84 -12.81
196144 -40 26.84 -12.81
196944 -40 26.84 -12.81
193160 -40 26.84 -12.81
190556 -40 26.84 -12.81
194441 -40 26.84 -12.81
193776 -40 26.84 -12.81
194462 -40 26.84 -12.81
188832 -40 26.84 -12.81
194968 -40 26.84 -12.81
192618 -40 26.84 -12.81
193415 -40 26.84 -12.81
191781 -40 26.84 -12.81
194180 -40 26.84 -12.81
193590 -40 26.84 -12.81
192113 -40 26.84 -12.81
194828 -40 26.84 -12.81
193751 -40 26.84 -12.81
191974 -40 26.84 -12.81
193289 -40 26.84 -12.81
189579 -40 26.84 -12.81
188346 -40 26.84 -12.81
191866 -40 26.84 -12.81
191188 -40 26.84 -12.81
194598 -40 26.84 -12.81
190575 -40 26.84 -12.81
195159 -40 26.84 -12.81
195248 -40 26.84 -12.81
192880 -40 26.84 -12.81
195347 -40 26.84 -12.81
193295 -40 26.84 -12.81
63313 -40 7.65 -6.33
66057 -40 7.65 -6.33
58109 -40 7.65 -6.33
63153 -40 7.65 -6.33
69335 -40 7.65 -6.33
68785 -40 7.65 -6.33
65987 -40 7.65 -6.33
59284 -40 7.65 -6.33
67025 -40 7.65 -6.33
68205 -40 7.65 -6.33
64365 -40 7.65 -6.33
63081 -40 7.65 -6.33
64215 -40 7.65 -6.33
65707 -40 7.65 -6.33
62044 -40 7.65 -6.33
63314 -40 7.65 -6.33
64563 -40 7.65 -6.33
59189 -40 7.65 -6.33
60693 -40 7.65 -6.33
62153 -40 7.65 -6.33
67339 -40 7.65 -6.33
63207 -40 7.65 -6.33
63878 -40 7.65 -6.33
67159 -40 7.65 -6.33
58471 -40 7.65 -6.33
64860 -40 7.65 -6.33
63349 -40 7.65 -6.33
65259 -40 7.65 -6.33
65123 -40 7.65 -6.33
59885 -40 7.65 -6.33
59871 -40 7.65 -6.33
61947 -40 7.65 -6.33
66203 -40 7.65 -6.33
62293 -40 7.65 -6.33
62654 -40 7.65 -6.33
58041 -40 7.65 -6.33
62838 -40 7.65 -6.33
65541 -40 7.65 -6.33
60983 -40 7.65 -6.33
