#rtt sig_str x y
223397 -40 23.16 24.85
224529 -40 23.16 24.85
216630 -40 23.16 24.85
221343 -40 23.16 24.85
217633 -40 23.16 24.85
222408 -40 23.16 24.85
221555 -40 23.16 24.85
222462 -40 23.16 24.85
219834 -40 23.16 24.85
220047 -40 23.16 24.85
227085 -40 23.16 24.85
223769 -40 23.16 24.85
220658 -40 23.16 24.85
223793 -40 23.16 24.85
220901 -40 23.16 24.85
217989 -40 23.16 24.85
224801 -40 23.16 24.85
218354 -40 23.16 24.85
222044 -40 23.16 24.85
222771 -40 23.16 24.85
220596 -40 23.16 24.85
222662 -40 23.16 24.85
219703 -40 23.16 24.85
222648 -40 23.16 24.85
223299 -40 23.16 24.85
219536 -40 23.16 24.85
220947 -40 23.16 24.85
224826 -40 23.16 24.85
219117 -40 23.16 24.85
223164 -40 23.16 24.85
225811 -40 23.16 24.85
222667 -40 23.16 24.85
223227 -40 23.16 24.85
224868 -40 23.16 24.85
222199 -40 23.16 24.85
221082 -40 23.16 24.85
219846 -40 23.16 24.85
221355 -40 23.16 24.85
222151 -40 23.16 24.85
155838 -40 17.32 -15.66
152847 -40 17.32 -15.66
152259 -40 17.32 -15.66
153458 -40 17.32 -15.66
158509 -40 17.32 -15.66
150961 -40 17.32 -15.66
160389 -40 17.32 -15.66
157558 -40 17.32 -15.66
155802 -40 17.32 -15.66
155102 -40 17.32 -15.66
152541 -40 17.32 -15.66
155967 -40 17.32 -15.66
151326 -40 17.32 -15.66
154848 -40 17.32 -15.66
152240 -40 17.32 -15.66
157698 -40 17.32 -15.66
155067 -40 17.32 -15.66
154539 -40 17.32 -15.66
158357 -40 17.32 -15.66
156409 -40 17.32 -15.66
156109 -40 17.32 -15.66
159779 -40 17.32 -15.66
158027 -40 17.32 -15.66
154365 -40 17.32 -15.66
153047 -40 17.32 -15.66
155465 -40 17.32 -15.66
159288 -40 17.32 -15.66
155124 -40 17.32 -15.66
156390 -40 17.32 -15.66
158704 -40 17.32 -15.66
158977 -40 17.32 -15.66
153342 -40 17.32 -15.66
154626 -40 17.32 -15.66
154359 -40 17.32 -15.66
152385 -40 17.32 -15.66
153433 -40 17.32 -15.66
156864 -40 17.32 -15.66
156033 -40 17.32 -15.66
155465 -40 17.32 -15.66
127285 -40 -4.52 19.46
129135 -40 -4.52 19.46
128861 -40 -4.52 19.46
126572 -40 -4.52 19.46
130627 -40 -4.52 19.46
130238 -40 -4.52 19.46
127075 -40 -4.52 19.46
129530 -40 -4.52 19.46
128653 -40 -4.52 19.46
132374 -40 -4.52 19.46
129710 -40 -4.52 19.46
130226 -40 -4.52 19.46
125094 -40 -4.52 19.46
132754 -40 -4.52 19.46
131274 -40 -4.52 19.46
128712 -40 -4.52 19.46
124927 -40 -4.52 19.46
131239 -40 -4.52 19.46
130639 -40 -4.52 19.46
129501 -40 -4.52 19.46
131049 -40 -4.52 19.46
130847 -40 -4.52 19.46
129953 -40 -4.52 19.46
136060 -40 -4.52 19.46
134366 -40 -4.52 19.46
132047 -40 -4.52 19.46
130391 -40 -4.52 19.46
128663 -40 -4.52 19.46
125383 -40 -4.52 19.46
128741 -40 -4.52 19.46
132393 -40 -4.52 19.46
125912 -40 -4.52 19.46
130861 -40 -4.52 19.46
130946 -40 -4.52 19.46
126099 -40 -4.52 19.46
137768 -40 -4.52 19.46
129631 -40 -4.52 19.46
134214 -40 -4.52 19.46
130785 -40 -4.52 19.46
207876 -40 -1.27 -29.53
206529 -40 -1.27 -29.53
205169 -40 -1.27 -29.53
205464 -40 -1.27 -29.53
203730 -40 -1.27 -29.53
210474 -40 -1.27 -29.53
204264 -40 -1.27 -29.53
206882 -40 -1.27 -29.53
207991 -40 -1.27 -29.53
207233 -40 -1.27 -29.53
205613 -40 -1.27 -29.53
208365 -40 -1.27 -29.53
201046 -40 -1.27 -29.53
204481 -40 -1.27 -29.53
203864 -40 -1.27 -29.53
204842 -40 -1.27 -29.53
200731 -40 -1.27 -29.53
205692 -40 -1.27 -29.53
209492 -40 -1.27 -29.53
203350 -40 -1.27 -29.53
209431 -40 -1.27 -29.53
210272 -40 -1.27 -29.53
207806 -40 -1.27 -29.53
202813 -40 -1.27 -29.53
210007 -40 -1.27 -29.53
205492 -40 -1.27 -29.53
207151 -40 -1.27 -29.53
209957 -40 -1.27 -29.53
208958 -40 -1.27 -29.53
209362 -40 -1.27 -29.53
205957 -40 -1.27 -29.53
207447 -40 -1.27 -29.53
208813 -40 -1.27 -29.53
207987 -40 -1.27 -29.53
208398 -40 -1.27 -29.53
211116 -40 -1.27 -29.53
210070 -40 -1.27 -29.53
204020 -40 -1.27 -29.53
210433 -40 -1.27 -29.53
252773 -40 -29.98 -24.44
250553 -40 -29.98 -24.44
251091 -40 -29.98 -24.44
247899 -40 -29.98 -24.44
248673 -40 -29.98 -24.44
248894 -40 -29.98 -24.44
255617 -40 -29.98 -24.44
253273 -40 -29.98 -24.44
251124 -40 -29.98 -24.44
251583 -40 -29.98 -24.44
248070 -40 -29.98 -24.44
253227 -40 -29.98 -24.44
248185 -40 -29.98 -24.44
251649 -40 -29.98 -24.44
247825 -40 -29.98 -24.44
247140 -40 -29.98 -24.44
253838 -40 -29.98 -24.44
250027 -40 -29.98 -24.44
250556 -40 -29.98 -24.44
252111 -40 -29.98 -24.44
250744 -40 -29.98 -24.44
253855 -40 -29.98 -24.44
245672 -40 -29.98 -24.44
252873 -40 -29.98 -24.44
254073 -40 -29.98 -24.44
249296 -40 -29.98 -24.44
252489 -40 -29.98 -24.44
252199 -40 -29.98 -24.44
243154 -40 -29.98 -24.44
253361 -40 -29.98 -24.44
250865 -40 -29.98 -24.44
247213 -40 -29.98 -24.44
248848 -40 -29.98 -24.44
249322 -40 -29.98 -24.44
251001 -40 -29.98 -24.44
245389 -40 -29.98 -24.44
246524 -40 -29.98 -24.44
245756 -40 -29.98 -24.44
247994 -40 -29.98 -24.44
166236 -40 21.39 -14.52
165928 -40 21.39 -14.52
164539 -40 21.39 -14.52
162768 -40 21.39 -14.52
163990 -40 21.39 -14.52
164186 -40 21.39 -14.52
166477 -40 21.39 -14.52
161835 -40 21.39 -14.52
165745 -40 21.39 -14.52
163169 -40 21.39 -14.52
163186 -40 21.39 -14.52
159624 -40 21.39 -14.52
167784 -40 21.39 -14.52
164740 -40 21.39 -14.52
165595 -40 21.39 -14.52
164700 -40 21.39 -14.52
156583 -40 21.39 -14.52
165782 -40 21.39 -14.52
164569 -40 21.39 -14.52
160895 -40 21.39 -14.52
159772 -40 21.39 -14.52
161037 -40 21.39 -14.52
167757 -40 21.39 -14.52
163681 -40 21.39 -14.52
165205 -40 21.39 -14.52
166236 -40 21.39 -14.52
162893 -40 21.39 -14.52
168137 -40 21.39 -14.52
163008 -40 21.39 -14.52
163032 -40 21.39 -14.52
163155 -40 21.39 -14.52
165874 -40 21.39 -14.52
165315 -40 21.39 -14.52
158437 -40 21.39 -14.52
161970 -40 21.39 -14.52
164330 -40 21.39 -14.52
159226 -40 21.39 -14.52
166485 -40 21.39 -14.52
161263 -40 21.39 -14.52
180606 -40 -8.8 25.97
180608 -40 -8.8 25.97
182127 -40 -8.8 25.97
179891 -40 -8.8 25.97
180486 -40 -8.8 25.97
182947 -40 -8.8 25.97
179055 -40 -8.8 25.97
185701 -40 -8.8 25.97
176240 -40 -8.8 25.97
182500 -40 -8.8 25.97
177071 -40 -8.8 25.97
178422 -40 -8.8 25.97
179273 -40 -8.8 25.97
183117 -40 -8.8 25.97
179098 -40 -8.8 25.97
174147 -40 -8.8 25.97
180949 -40 -8.8 25.97
178573 -40 -8.8 25.97
176828 -40 -8.8 25.97
179903 -40 -8.8 25.97
177784 -40 -8.8 25.97
177059 -40 -8.8 25.97
176455 -40 -8.8 25.97
179416 -40 -8.8 25.97
178037 -40 -8.8 25.97
181432 -40 -8.8 25.97
181282 -40 -8.8 25.97
179320 -40 -8.8 25.97
175933 -40 -8.8 25.97
179105 -40 -8.8 25.97
178468 -40 -8.8 25.97
180131 -40 -8.8 25.97
177348 -40 -8.8 25.97
176580 -40 -8.8 25.97
182384 -40 -8.8 25.97
181701 -40 -8.8 25.97
177256 -40 -8.8 25.97
181348 -40 -8.8 25.97
179958 -40 -8.8 25.97
109782 -40 -3.52 15.16
112268 -40 -3.52 15.16
108263 -40 -3.52 15.16
107253 -40 -3.52 15.16
114556 -40 -3.52 15.16
114266 -40 -3.52 15.16
109765 -40 -3.52 15.16
114398 -40 -3.52 15.16
112291 -40 -3.52 15.16
111808 -40 -3.52 15.16
113223 -40 -3.52 15.16
112330 -40 -3.52 15.16
111860 -40 -3.52 15.16
112469 -40 -3.52 15.16
108539 -40 -3.52 15.16
112212 -40 -3.52 15.16
110877 -40 -3.52 15.16
110819 -40 -3.52 15.16
111173 -40 -3.52 15.16
111021 -40 -3.52 15.16
114592 -40 -3.52 15.16
113988 -40 -3.52 15.16
113217 -40 -3.52 15.16
111503 -40 -3.52 15.16
111008 -40 -3.52 15.16
114297 -40 -3.52 15.16
111553 -40 -3.52 15.16
115078 -40 -3.52 15.16
111911 -40 -3.52 15.16
115378 -40 -3.52 15.16
111434 -40 -3.52 15.16
114306 -40 -3.52 15.16
108228 -40 -3.52 15.16
109075 -40 -3.52 15.16
115944 -40 -3.52 15.16
110055 -40 -3.52 15.16
113518 -40 -3.52 15.16
109489 -40 -3.52 15.16
105737 -40 -3.52 15.16
200601 -40 26.32 -12.85
199883 -40 26.32 -12.85
203165 -40 26.32 -12.85
204747 -40 26.32 -12.85
196986 -40 26.32 -12.85
200058 -40 26.32 -12.85
201660 -40 26.32 -12.85
202603 -40 26.32 -12.85
199967 -40 26.32 -12.85
203425 -40 26.32 -12.85
203948 -40 26.32 -12.85
206066 -40 26.32 -12.85
201017 -40 26.32 -12.85
200752 -40 26.32 -12.85
199300 -40 26.32 -12.85
205216 -40 26.32 -12.85
201778 -40 26.32 -12.85
201769 -40 26.32 -12.85
202449 -40 26.32 -12.85
200562 -40 26.32 -12.85
199449 -40 26.32 -12.85
202783 -40 26.32 -12.85
204766 -40 26.32 -12.85
205092 -40 26.32 -12.85
201808 -40 26.32 -12.85
207216 -40 26.32 -12.85
202828 -40 26.32 -12.85
200430 -40 26.32 -12.85
203375 -40 26.32 -12.85
205100 -40 26.32 -12.85
206048 -40 26.32 -12.85
204640 -40 26.32 -12.85
205060 -40 26.32 -12.85
199565 -40 26.32 -12.85
204147 -40 26.32 -12.85
205517 -40 26.32 -12.85
203806 -40 26.32 -12.85
205018 -40 26.32 -12.85
202250 -40 26.32 -12.85
96245 -40 13.06 -3.23
96591 -40 13.06 -3.23
97166 -40 13.06 -3.23
95996 -40 13.06 -3.23
93755 -40 13.06 -3.23
91655 -40 13.06 -3.23
96544 -40 13.06 -3.23
97171 -40 13.06 -3.23
92848 -40 13.06 -3.23
96123 -40 13.06 -3.23
92629 -40 13.06 -3.23
94011 -40 13.06 -3.23
91298 -40 13.06 -3.23
93752 -40 13.06 -3.23
91641 -40 13.06 -3.23
93781 -40 13.06 -3.23
95228 -40 13.06 -3.23
102000 -40 13.06 -3.23
95406 -40 13.06 -3.23
100228 -40 13.06 -3.23
89588 -40 13.06 -3.23
94939 -40 13.06 -3.23
94622 -40 13.06 -3.23
95064 -40 13.06 -3.23
99446 -40 13.06 -3.23
96220 -40 13.06 -3.23
97107 -40 13.06 -3.23
95278 -40 13.06 -3.23
92769 -40 13.06 -3.23
92919 -40 13.06 -3.23
96398 -40 13.06 -3.23
98698 -40 13.06 -3.23
94008 -40 13.06 -3.23
92301 -40 13.06 -3.23
93089 -40 13.06 -3.23
93493 -40 13.06 -3.23
93552 -40 13.06 -3.23
96692 -40 13.06 -3.23
92696 -40 13.06 -3.23
