#rtt sig_str x y
58182 -40 6.38 4.76
54648 -40 6.38 4.76
53561 -40 6.38 4.76
54460 -40 6.38 4.76
55639 -40 6.38 4.76
49526 -40 6.38 4.76
52982 -40 6.38 4.76
55403 -40 6.38 4.76
56434 -40 6.38 4.76
56849 -40 6.38 4.76
63202 -40 6.38 4.76
59512 -40 6.38 4.76
57887 -40 6.38 4.76
56115 -40 6.38 4.76
56624 -40 6.38 4.76
60178 -40 6.38 4.76
57156 -40 6.38 4.76
54399 -40 6.38 4.76
59919 -40 6.38 4.76
62307 -40 6.38 4.76
60242 -40 6.38 4.76
55275 -40 6.38 4.76
60604 -40 6.38 4.76
57379 -40 6.38 4.76
56135 -40 6.38 4.76
55629 -40 6.38 4.76
53794 -40 6.38 4.76
57547 -40 6.38 4.76
56940 -40 6.38 4.76
59572 -40 6.38 4.76
57915 -40 6.38 4.76
57268 -40 6.38 4.76
54361 -40 6.38 4.76
52247 -40 6.38 4.76
59988 -40 6.38 4.76
57655 -40 6.38 4.76
55811 -40 6.38 4.76
49799 -40 6.38 4.76
57602 -40 6.38 4.76
160872 -40 9.45 22.42
161751 -40 9.45 22.42
164794 -40 9.45 22.42
157350 -40 9.45 22.42
158871 -40 9.45 22.42
165285 -40 9.45 22.42
157078 -40 9.45 22.42
159705 -40 9.45 22.42
162920 -40 9.45 22.42
159075 -40 9.45 22.42
160340 -40 9.45 22.42
156781 -40 9.45 22.42
161226 -40 9.45 22.42
163713 -40 9.45 22.42
157641 -40 9.45 22.42
158422 -40 9.45 22.42
160896 -40 9.45 22.42
159333 -40 9.45 22.42
155381 -40 9.45 22.42
157196 -40 9.45 22.42
162841 -40 9.45 22.42
157147 -40 9.45 22.42
157086 -40 9.45 22.42
163235 -40 9.45 22.42
158780 -40 9.45 22.42
161149 -40 9.45 22.42
166349 -40 9.45 22.42
159810 -40 9.45 22.42
159688 -40 9.45 22.42
162961 -40 9.45 22.42
160674 -40 9.45 22.42
161610 -40 9.45 22.42
160508 -40 9.45 22.42
158992 -40 9.45 22.42
162029 -40 9.45 22.42
156114 -40 9.45 22.42
160068 -40 9.45 22.42
160848 -40 9.45 22.42
159891 -40 9.45 22.42
138036 -40 -11.57 -16.65
141954 -40 -11.57 -16.65
134515 -40 -11.57 -16.65
139290 -40 -11.57 -16.65
134313 -40 -11.57 -16.65
140120 -40 -11.57 -16.65
139836 -40 -11.57 -16.65
135501 -40 -11.57 -16.65
137806 -40 -11.57 -16.65
138783 -40 -11.57 -16.65
134509 -40 -11.57 -16.65
137626 -40 -11.57 -16.65
140709 -40 -11.57 -16.65
144178 -40 -11.57 -16.65
135268 -40 -11.57 -16.65
139485 -40 -11.57 -16.65
134649 -40 -11.57 -16.65
138270 -40 -11.57 -16.65
140725 -40 -11.57 -16.65
138021 -40 -11.57 -16.65
136803 -40 -11.57 -16.65
132845 -40 -11.57 -16.65
140590 -40 -11.57 -16.65
137472 -40 -11.57 -16.65
137261 -40 -11.57 -16.65
142577 -40 -11.57 -16.65
132834 -40 -11.57 -16.65
137858 -40 -11.57 -16.65
136918 -40 -11.57 -16.65
136002 -40 -11.57 -16.65
140740 -40 -11.57 -16.65
137532 -40 -11.57 -16.65
136408 -40 -11.57 -16.65
134360 -40 -11.57 -16.65
137403 -40 -11.57 -16.65
139181 -40 -11.57 -16.65
140210 -40 -11.57 -16.65
137154 -40 -11.57 -16.65
142094 -40 -11.57 -16.65
237642 -40 27.72 -23.7
234851 -40 27.72 -23.7
237074 -40 27.72 -23.7
231541 -40 27.72 -23.7
234451 -40 27.72 -23.7
230896 -40 27.72 -23.7
234445 -40 27.72 -23.7
238508 -40 27.72 -23.7
233656 -40 27.72 -23.7
228325 -40 27.72 -23.7
234752 -40 27.72 -23.7
234495 -40 27.72 -23.7
236656 -40 27.72 -23.7
239212 -40 27.72 -23.7
234315 -40 27.72 -23.7
233859 -40 27.72 -23.7
233554 -40 27.72 -23.7
236622 -40 27.72 -23.7
233988 -40 27.72 -23.7
238406 -40 27.72 -23.7
237209 -40 27.72 -23.7
234486 -40 27.72 -23.7
235760 -40 27.72 -23.7
237541 -40 27.72 -23.7
237048 -40 27.72 -23.7
233350 -40 27.72 -23.7
238768 -40 27.72 -23.7
237224 -40 27.72 -23.7
235108 -40 27.72 -23.7
240070 -40 27.72 -23.7
235467 -40 27.72 -23.7
235553 -40 27.72 -23.7
232813 -40 27.72 -23.7
237046 -40 27.72 -23.7
237524 -40 27.72 -23.7
237585 -40 27.72 -23.7
235290 -40 27.72 -23.7
237650 -40 27.72 -23.7
236135 -40 27.72 -23.7
141951 -40 2.16 -21.95
136333 -40 2.16 -21.95
135035 -40 2.16 -21.95
137184 -40 2.16 -21.95
130451 -40 2.16 -21.95
133353 -40 2.16 -21.95
132503 -40 2.16 -21.95
135399 -40 2.16 -21.95
134571 -40 2.16 -21.95
133755 -40 2.16 -21.95
134193 -40 2.16 -21.95
134365 -40 2.16 -21.95
130294 -40 2.16 -21.95
134208 -40 2.16 -21.95
137142 -40 2.16 -21.95
133867 -40 2.16 -21.95
131314 -40 2.16 -21.95
135035 -40 2.16 -21.95
134279 -40 2.16 -21.95
133312 -40 2.16 -21.95
131142 -40 2.16 -21.95
135813 -40 2.16 -21.95
135937 -40 2.16 -21.95
134238 -40 2.16 -21.95
134480 -40 2.16 -21.95
133900 -40 2.16 -21.95
136586 -40 2.16 -21.95
137399 -40 2.16 -21.95
131800 -40 2.16 -21.95
132911 -40 2.16 -21.95
132728 -40 2.16 -21.95
132741 -40 2.16 -21.95
131375 -40 2.16 -21.95
135096 -40 2.16 -21.95
134342 -40 2.16 -21.95
135827 -40 2.16 -21.95
135976 -40 2.16 -21.95
136104 -40 2.16 -21.95
132864 -40 2.16 -21.95
60375 -40 9.58 1.25
62200 -40 9.58 1.25
60915 -40 9.58 1.25
61087 -40 9.58 1.25
54896 -40 9.58 1.25
59663 -40 9.58 1.25
60898 -40 9.58 1.25
60538 -40 9.58 1.25
61770 -40 9.58 1.25
58272 -40 9.58 1.25
59874 -40 9.58 1.25
59341 -40 9.58 1.25
59260 -40 9.58 1.25
60967 -40 9.58 1.25
58875 -40 9.58 1.25
60066 -40 9.58 1.25
62784 -40 9.58 1.25
54314 -40 9.58 1.25
63551 -40 9.58 1.25
60513 -40 9.58 1.25
62261 -40 9.58 1.25
61253 -40 9.58 1.25
55874 -40 9.58 1.25
61061 -40 9.58 1.25
56633 -40 9.58 1.25
57777 -40 9.58 1.25
58249 -40 9.58 1.25
62345 -40 9.58 1.25
59425 -40 9.58 1.25
60021 -40 9.58 1.25
56533 -40 9.58 1.25
60263 -40 9.58 1.25
62774 -40 9.58 1.25
60610 -40 9.58 1.25
60006 -40 9.58 1.25
60013 -40 9.58 1.25
58260 -40 9.58 1.25
58688 -40 9.58 1.25
56803 -40 9.58 1.25
242866 -40 29.97 -23.09
241076 -40 29.97 -23.09
238180 -40 29.97 -23.09
238596 -40 29.97 -23.09
243782 -40 29.97 -23.09
239500 -40 29.97 -23.09
242920 -40 29.97 -23.09
241877 -40 29.97 -23.09
240679 -40 29.97 -23.09
241265 -40 29.97 -23.09
238746 -40 29.97 -23.09
240965 -40 29.97 -23.09
239480 -40 29.97 -23.09
238220 -40 29.97 -23.09
243997 -40 29.97 -23.09
236974 -40 29.97 -23.09
241643 -40 29.97 -23.09
239191 -40 29.97 -23.09
241676 -40 29.97 -23.09
238222 -40 29.97 -23.09
242569 -40 29.97 -23.09
241807 -40 29.97 -23.09
240444 -40 29.97 -23.09
239334 -40 29.97 -23.09
241094 -40 29.97 -23.09
238041 -40 29.97 -23.09
239374 -40 29.97 -23.09
237616 -40 29.97 -23.09
237994 -40 29.97 -23.09
242784 -40 29.97 -23.09
237141 -40 29.97 -23.09
238703 -40 29.97 -23.09
241015 -40 29.97 -23.09
238532 -40 29.97 -23.09
239552 -40 29.97 -23.09
239700 -40 29.97 -23.09
238540 -40 29.97 -23.09
244461 -40 29.97 -23.09
237429 -40 29.97 -23.09
98545 -40 15.06 -3.76
98651 -40 15.06 -3.76
99593 -40 15.06 -3.76
98288 -40 15.06 -3.76
96737 -40 15.06 -3.76
100510 -40 15.06 -3.76
101032 -40 15.06 -3.76
98552 -40 15.06 -3.76
98609 -40 15.06 -3.76
102111 -40 15.06 -3.76
96653 -40 15.06 -3.76
103055 -40 15.06 -3.76
100105 -40 15.06 -3.76
100473 -40 15.06 -3.76
100933 -40 15.06 -3.76
97467 -40 15.06 -3.76
96418 -40 15.06 -3.76
98868 -40 15.06 -3.76
92624 -40 15.06 -3.76
103440 -40 15.06 -3.76
99952 -40 15.06 -3.76
98349 -40 15.06 -3.76
100113 -40 15.06 -3.76
100332 -40 15.06 -3.76
95546 -40 15.06 -3.76
97458 -40 15.06 -3.76
98071 -40 15.06 -3.76
97994 -40 15.06 -3.76
98977 -40 15.06 -3.76
98904 -40 15.06 -3.76
95906 -40 15.06 -3.76
99444 -40 15.06 -3.76
97102 -40 15.06 -3.76
101773 -40 15.06 -3.76
102293 -40 15.06 -3.76
102303 -40 15.06 -3.76
100336 -40 15.06 -3.76
97425 -40 15.06 -3.76
96932 -40 15.06 -3.76
61902 -40 2.31 9.25
60948 -40 2.31 9.25
63517 -40 2.31 9.25
60494 -40 2.31 9.25
59893 -40 2.31 9.25
58404 -40 2.31 9.25
61544 -40 2.31 9.25
65294 -40 2.31 9.25
64301 -40 2.31 9.25
61280 -40 2.31 9.25
63026 -40 2.31 9.25
59172 -40 2.31 9.25
60569 -40 2.31 9.25
62598 -40 2.31 9.25
60759 -40 2.31 9.25
59430 -40 2.31 9.25
61889 -40 2.31 9.25
62672 -40 2.31 9.25
60856 -40 2.31 9.25
61078 -40 2.31 9.25
60356 -40 2.31 9.25
58219 -40 2.31 9.25
65215 -40 2.31 9.25
61381 -40 2.31 9.25
60604 -40 2.31 9.25
60241 -40 2.31 9.25
61635 -40 2.31 9.25
63874 -40 2.31 9.25
63312 -40 2.31 9.25
66449 -40 2.31 9.25
64054 -40 2.31 9.25
58482 -40 2.31 9.25
61779 -40 2.31 9.25
64677 -40 2.31 9.25
61289 -40 2.31 9.25
64459 -40 2.31 9.25
60326 -40 2.31 9.25
69584 -40 2.31 9.25
66574 -40 2.31 9.25
159907 -40 14.73 -19.19
152580 -40 14.73 -19.19
155204 -40 14.73 -19.19
154581 -40 14.73 -19.19
157949 -40 14.73 -19.19
153969 -40 14.73 -19.19
152417 -40 14.73 -19.19
152847 -40 14.73 -19.19
152069 -40 14.73 -19.19
156883 -40 14.73 -19.19
153954 -40 14.73 -19.19
152218 -40 14.73 -19.19
159075 -40 14.73 -19.19
157355 -40 14.73 -19.19
151394 -40 14.73 -19.19
156895 -40 14.73 -19.19
156232 -40 14.73 -19.19
152754 -40 14.73 -19.19
159038 -40 14.73 -19.19
155892 -40 14.73 -19.19
150459 -40 14.73 -19.19
159989 -40 14.73 -19.19
153519 -40 14.73 -19.19
151219 -40 14.73 -19.19
154048 -40 14.73 -19.19
152234 -40 14.73 -19.19
150655 -40 14.73 -19.19
155115 -40 14.73 -19.19
154167 -40 14.73 -19.19
158150 -40 14.73 -19.19
152080 -40 14.73 -19.19
157470 -40 14.73 -19.19
155653 -40 14.73 -19.19
153861 -40 14.73 -19.19
160270 -40 14.73 -19.19
156121 -40 14.73 -19.19
151000 -40 14.73 -19.19
156810 -40 14.73 -19.19
155869 -40 14.73 -19.19
