#rtt sig_str x y
153625 -40 13.17 17.11
148185 -40 13.17 17.11
156037 -40 13.17 17.11
153642 -40 13.17 17.11
151005 -40 13.17 17.11
156270 -40 13.17 17.11
149697 -40 13.17 17.11
155006 -40 13.17 17.11
153626 -40 13.17 17.11
156127 -40 13.17 17.11
150937 -40 13.17 17.11
155881 -40 13.17 17.11
155364 -40 13.17 17.11
158057 -40 13.17 17.11
158370 -40 13.17 17.11
150367 -40 13.17 17.11
151151 -40 13.17 17.11
153236 -40 13.17 17.11
150726 -40 13.17 17.11
152671 -40 13.17 17.11
150541 -40 13.17 17.11
149632 -40 13.17 17.11
145624 -40 13.17 17.11
154873 -40 13.17 17.11
152346 -40 13.17 17.11
151396 -40 13.17 17.11
153306 -40 13.17 17.11
153207 -40 13.17 17.11
154290 -40 13.17 17.11
152655 -40 13.17 17.11
151680 -40 13.17 17.11
153530 -40 13.17 17.11
154456 -40 13.17 17.11
146181 -40 13.17 17.11
150999 -40 13.17 17.11
153372 -40 13.17 17.11
154536 -40 13.17 17.11
152013 -40 13.17 17.11
156270 -40 13.17 17.11
59266 -40 6.43 5.13
63864 -40 6.43 5.13
63545 -40 6.43 5.13
61289 -40 6.43 5.13
68131 -40 6.43 5.13
63766 -40 6.43 5.13
70860 -40 6.43 5.13
61266 -40 6.43 5.13
65274 -40 6.43 5.13
67615 -40 6.43 5.13
61135 -40 6.43 5.13
61716 -40 6.43 5.13
63954 -40 6.43 5.13
60756 -40 6.43 5.13
65624 -40 6.43 5.13
61375 -40 6.43 5.13
63305 -40 6.43 5.13
69438 -40 6.43 5.13
63480 -40 6.43 5.13
63677 -40 6.43 5.13
63130 -40 6.43 5.13
65885 -40 6.43 5.13
68512 -40 6.43 5.13
64817 -40 6.43 5.13
63462 -40 6.43 5.13
65631 -40 6.43 5.13
63567 -40 6.43 5.13
66070 -40 6.43 5.13
64671 -40 6.43 5.13
64350 -40 6.43 5.13
65015 -40 6.43 5.13
63334 -40 6.43 5.13
65609 -40 6.43 5.13
66626 -40 6.43 5.13
63394 -40 6.43 5.13
59665 -40 6.43 5.13
60836 -40 6.43 5.13
60490 -40 6.43 5.13
64245 -40 6.43 5.13
81482 -40 11.39 2.59
78350 -40 11.39 2.59
74045 -40 11.39 2.59
77239 -40 11.39 2.59
83200 -40 11.39 2.59
79959 -40 11.39 2.59
82868 -40 11.39 2.59
76608 -40 11.39 2.59
79755 -40 11.39 2.59
74012 -40 11.39 2.59
73802 -40 11.39 2.59
80662 -40 11.39 2.59
78714 -40 11.39 2.59
75645 -40 11.39 2.59
81628 -40 11.39 2.59
78648 -40 11.39 2.59
77864 -40 11.39 2.59
74025 -40 11.39 2.59
79658 -40 11.39 2.59
78536 -40 11.39 2.59
77289 -40 11.39 2.59
78087 -40 11.39 2.59
82607 -40 11.39 2.59
77106 -40 11.39 2.59
79464 -40 11.39 2.59
78366 -40 11.39 2.59
80100 -40 11.39 2.59
82271 -40 11.39 2.59
82337 -40 11.39 2.59
78114 -40 11.39 2.59
79313 -40 11.39 2.59
76779 -40 11.39 2.59
77062 -40 11.39 2.59
77837 -40 11.39 2.59
77034 -40 11.39 2.59
74180 -40 11.39 2.59
78406 -40 11.39 2.59
79760 -40 11.39 2.59
73021 -40 11.39 2.59
51773 -40 -4.59 -6.7
50587 -40 -4.59 -6.7
50214 -40 -4.59 -6.7
55474 -40 -4.59 -6.7
54196 -40 -4.59 -6.7
51458 -40 -4.59 -6.7
54853 -40 -4.59 -6.7
51343 -40 -4.59 -6.7
50195 -40 -4.59 -6.7
58186 -40 -4.59 -6.7
53736 -40 -4.59 -6.7
56504 -40 -4.59 -6.7
51542 -40 -4.59 -6.7
49197 -40 -4.59 -6.7
51009 -40 -4.59 -6.7
53745 -40 -4.59 -6.7
58209 -40 -4.59 -6.7
53116 -40 -4.59 -6.7
54275 -40 -4.59 -6.7
52655 -40 -4.59 -6.7
52492 -40 -4.59 -6.7
55259 -40 -4.59 -6.7
54028 -40 -4.59 -6.7
51641 -40 -4.59 -6.7
56680 -40 -4.59 -6.7
51632 -40 -4.59 -6.7
55336 -40 -4.59 -6.7
48393 -40 -4.59 -6.7
50758 -40 -4.59 -6.7
51322 -40 -4.59 -6.7
53996 -40 -4.59 -6.7
58979 -40 -4.59 -6.7
56587 -40 -4.59 -6.7
52388 -40 -4.59 -6.7
50595 -40 -4.59 -6.7
59041 -40 -4.59 -6.7
53466 -40 -4.59 -6.7
50485 -40 -4.59 -6.7
54386 -40 -4.59 -6.7
108433 -40 -2.95 -16.63
103116 -40 -2.95 -16.63
101504 -40 -2.95 -16.63
103622 -40 -2.95 -16.63
109493 -40 -2.95 -16.63
103300 -40 -2.95 -16.63
106859 -40 -2.95 -16.63
103115 -40 -2.95 -16.63
106891 -40 -2.95 -16.63
107318 -40 -2.95 -16.63
107604 -40 -2.95 -16.63
104067 -40 -2.95 -16.63
110331 -40 -2.95 -16.63
100405 -40 -2.95 -16.63
105924 -40 -2.95 -16.63
104662 -40 -2.95 -16.63
104245 -40 -2.95 -16.63
101608 -40 -2.95 -16.63
106666 -40 -2.95 -16.63
107605 -40 -2.95 -16.63
103185 -40 -2.95 -16.63
103023 -40 -2.95 -16.63
105449 -40 -2.95 -16.63
107323 -40 -2.95 -16.63
108817 -40 -2.95 -16.63
101518 -40 -2.95 -16.63
108861 -40 -2.95 -16.63
102050 -40 -2.95 -16.63
105751 -40 -2.95 -16.63
107904 -40 -2.95 -16.63
103216 -40 -2.95 -16.63
106888 -40 -2.95 -16.63
107622 -40 -2.95 -16.63
103084 -40 -2.95 -16.63
105914 -40 -2.95 -16.63
100489 -40 -2.95 -16.63
108364 -40 -2.95 -16.63
104122 -40 -2.95 -16.63
104879 -40 -2.95 -16.63
161857 -40 -6.45 -23.06
162999 -40 -6.45 -23.06
163669 -40 -6.45 -23.06
157815 -40 -6.45 -23.06
161464 -40 -6.45 -23.06
160764 -40 -6.45 -23.06
159156 -40 -6.45 -23.06
166191 -40 -6.45 -23.06
165818 -40 -6.45 -23.06
161351 -40 -6.45 -23.06
162511 -40 -6.45 -23.06
167137 -40 -6.45 -23.06
164360 -40 -6.45 -23.06
157517 -40 -6.45 -23.06
160809 -40 -6.45 -23.06
166273 -40 -6.45 -23.06
159822 -40 -6.45 -23.06
164888 -40 -6.45 -23.06
159333 -40 -6.45 -23.06
163708 -40 -6.45 -23.06
163029 -40 -6.45 -23.06
159890 -40 -6.45 -23.06
164470 -40 -6.45 -23.06
163912 -40 -6.45 -23.06
161541 -40 -6.45 -23.06
166103 -40 -6.45 -23.06
165817 -40 -6.45 -23.06
164102 -40 -6.45 -23.06
158785 -40 -6.45 -23.06
170700 -40 -6.45 -23.06
166549 -40 -6.45 -23.06
164978 -40 -6.45 -23.06
159023 -40 -6.45 -23.06
166920 -40 -6.45 -23.06
164647 -40 -6.45 -23.06
162895 -40 -6.45 -23.06
162827 -40 -6.45 -23.06
161776 -40 -6.45 -23.06
167197 -40 -6.45 -23.06
52616 -40 0.71 -7.85
54947 -40 0.71 -7.85
48634 -40 0.71 -7.85
51931 -40 0.71 -7.85
56414 -40 0.71 -7.85
45730 -40 0.71 -7.85
53607 -40 0.71 -7.85
57952 -40 0.71 -7.85
51590 -40 0.71 -7.85
54959 -40 0.71 -7.85
54501 -40 0.71 -7.85
51432 -40 0.71 -7.85
50255 -40 0.71 -7.85
47960 -40 0.71 -7.85
52088 -40 0.71 -7.85
51008 -40 0.71 -7.85
51806 -40 0.71 -7.85
50526 -40 0.71 -7.85
47077 -40 0.71 -7.85
52971 -40 0.71 -7.85
52526 -40 0.71 -7.85
50863 -40 0.71 -7.85
52272 -40 0.71 -7.85
52847 -40 0.71 -7.85
54320 -40 0.71 -7.85
56853 -40 0.71 -7.85
51870 -40 0.71 -7.85
53741 -40 0.71 -7.85
56808 -40 0.71 -7.85
49098 -40 0.71 -7.85
48483 -40 0.71 -7.85
53447 -40 0.71 -7.85
56534 -40 0.71 -7.85
54220 -40 0.71 -7.85
51055 -40 0.71 -7.85
54647 -40 0.71 -7.85
57537 -40 0.71 -7.85
53575 -40 0.71 -7.85
54951 -40 0.71 -7.85
185515 -40 -23.24 15.83
179233 -40 -23.24 15.83
181247 -40 -23.24 15.83
181904 -40 -23.24 15.83
177937 -40 -23.24 15.83
188989 -40 -23.24 15.83
183012 -40 -23.24 15.83
190153 -40 -23.24 15.83
183350 -40 -23.24 15.83
185884 -40 -23.24 15.83
188150 -40 -23.24 15.83
179693 -40 -23.24 15.83
186841 -40 -23.24 15.83
180207 -40 -23.24 15.83
183063 -40 -23.24 15.83
182966 -40 -23.24 15.83
177750 -40 -23.24 15.83
185124 -40 -23.24 15.83
187397 -40 -23.24 15.83
187798 -40 -23.24 15.83
182203 -40 -23.24 15.83
185458 -40 -23.24 15.83
188236 -40 -23.24 15.83
182433 -40 -23.24 15.83
182090 -40 -23.24 15.83
183585 -40 -23.24 15.83
185602 -40 -23.24 15.83
180021 -40 -23.24 15.83
183511 -40 -23.24 15.83
183277 -40 -23.24 15.83
181013 -40 -23.24 15.83
185426 -40 -23.24 15.83
186554 -40 -23.24 15.83
188687 -40 -23.24 15.83
184185 -40 -23.24 15.83
183167 -40 -23.24 15.83
188925 -40 -23.24 15.83
184171 -40 -23.24 15.83
182816 -40 -23.24 15.83
193949 -40 28.46 -2.2
192952 -40 28.46 -2.2
192316 -40 28.46 -2.2
191354 -40 28.46 -2.2
193619 -40 28.46 -2.2
190814 -40 28.46 -2.2
199011 -40 28.46 -2.2
193165 -40 28.46 -2.2
187568 -40 28.46 -2.2
190114 -40 28.46 -2.2
193513 -40 28.46 -2.2
192839 -40 28.46 -2.2
187574 -40 28.46 -2.2
189809 -40 28.46 -2.2
193833 -40 28.46 -2.2
189770 -40 28.46 -2.2
192117 -40 28.46 -2.2
194305 -40 28.46 -2.2
193443 -40 28.46 -2.2
189732 -40 28.46 -2.2
195921 -40 28.46 -2.2
192233 -40 28.46 -2.2
188247 -40 28.46 -2.2
195764 -40 28.46 -2.2
195522 -40 28.46 -2.2
191834 -40 28.46 -2.2
194185 -40 28.46 -2.2
188490 -40 28.46 -2.2
189846 -40 28.46 -2.2
190417 -40 28.46 -2.2
190400 -40 28.46 -2.2
194590 -40 28.46 -2.2
190702 -40 28.46 -2.2
193797 -40 28.46 -2.2
191180 -40 28.46 -2.2
193915 -40 28.46 -2.2
193135 -40 28.46 -2.2
189742 -40 28.46 -2.2
190331 -40 28.46 -2.2
129812 -40 -0.31 19.2
130340 -40 -0.31 19.2
127171 -40 -0.31 19.2
130291 -40 -0.31 19.2
124372 -40 -0.31 19.2
126539 -40 -0.31 19.2
132022 -40 -0.31 19.2
126989 -40 -0.31 19.2
129376 -40 -0.31 19.2
125584 -40 -0.31 19.2
129628 -40 -0.31 19.2
125240 -40 -0.31 19.2
125319 -40 -0.31 19.2
130047 -40 -0.31 19.2
122611 -40 -0.31 19.2
126642 -40 -0.31 19.2
127248 -40 -0.31 19.2
131164 -40 -0.31 19.2
125940 -40 -0.31 19.2
133774 -40 -0.31 19.2
128860 -40 -0.31 19.2
127661 -40 -0.31 19.2
125346 -40 -0.31 19.2
130400 -40 -0.31 19.2
130958 -40 -0.31 19.2
123722 -40 -0.31 19.2
122997 -40 -0.31 19.2
131005 -40 -0.31 19.2
126205 -40 -0.31 19.2
131959 -40 -0.31 19.2
126295 -40 -0.31 19.2
127401 -40 -0.31 19.2
129313 -40 -0.31 19.2
125944 -40 -0.31 19.2
132478 -40 -0.31 19.2
126376 -40 -0.31 19.2
126777 -40 -0.31 19.2
127723 -40 -0.31 19.2
131294 -40 -0.31 19.2
