#rtt sig_str x y
144106 -40 -16.27 -14.5
146854 -40 -16.27 -14.5
142569 -40 -16.27 -14.5
145399 -40 -16.27 -14.5
145395 -40 -16.27 -14.5
146846 -40 -16.27 -14.5
139625 -40 -16.27 -14.5
142566 -40 -16.27 -14.5
144170 -40 -16.27 -14.5
145437 -40 -16.27 -14.5
139263 -40 -16.27 -14.5
139008 -40 -16.27 -14.5
142065 -40 -16.27 -14.5
140926 -40 -16.27 -14.5
143738 -40 -16.27 -14.5
141601 -40 -16.27 -14.5
144279 -40 -16.27 -14.5
140844 -40 -16.27 -14.5
143158 -40 -16.27 -14.5
149903 -40 -16.27 -14.5
143445 -40 -16.27 -14.5
143596 -40 -16.27 -14.5
143806 -40 -16.27 -14.5
145593 -40 -16.27 -14.5
140537 -40 -16.27 -14.5
143224 -40 -16.27 -14.5
142217 -40 -16.27 -14.5
145226 -40 -16.27 -14.5
147697 -40 -16.27 -14.5
146083 -40 -16.27 -14.5
144867 -40 -16.27 -14.5
147832 -40 -16.27 -14.5
139836 -40 -16.27 -14.5
138169 -40 -16.27 -14.5
136665 -40 -16.27 -14.5
143404 -40 -16.27 -14.5
143596 -40 -16.27 -14.5
144549 -40 -16.27 -14.5
146337 -40 -16.27 -14.5
133673 -40 -18.56 6.99
128011 -40 -18.56 6.99
132900 -40 -18.56 6.99
128561 -40 -18.56 6.99
129148 -40 -18.56 6.99
127416 -40 -18.56 6.99
126608 -40 -18.56 6.99
125558 -40 -18.56 6.99
123532 -40 -18.56 6.99
128976 -40 -18.56 6.99
132784 -40 -18.56 6.99
126902 -40 -18.56 6.99
126525 -40 -18.56 6.99
131270 -40 -18.56 6.99
129150 -40 -18.56 6.99
129146 -40 -18.56 6.99
124060 -40 -18.56 6.99
129435 -40 -18.56 6.99
130605 -40 -18.56 6.99
124217 -40 -18.56 6.99
133352 -40 -18.56 6.99
126364 -40 -18.56 6.99
128206 -40 -18.56 6.99
127510 -40 -18.56 6.99
127263 -40 -18.56 6.99
125305 -40 -18.56 6.99
125472 -40 -18.56 6.99
128630 -40 -18.56 6.99
124226 -40 -18.56 6.99
130513 -40 -18.56 6.99
129953 -40 -18.56 6.99
123995 -40 -18.56 6.99
126325 -40 -18.56 6.99
124516 -40 -18.56 6.99
128926 -40 -18.56 6.99
127853 -40 -18.56 6.99
125019 -40 -18.56 6.99
126757 -40 -18.56 6.99
129328 -40 -18.56 6.99
190839 -40 23.19 -16.2
193633 -40 23.19 -16.2
189689 -40 23.19 -16.2
192560 -40 23.19 -16.2
186650 -40 23.19 -16.2
186678 -40 23.19 -16.2
187258 -40 23.19 -16.2
194011 -40 23.19 -16.2
191133 -40 23.19 -16.2
190117 -40 23.19 -16.2
187666 -40 23.19 -16.2
188953 -40 23.19 -16.2
183893 -40 23.19 -16.2
191847 -40 23.19 -16.2
187800 -40 23.19 -16.2
189695 -40 23.19 -16.2
188704 -40 23.19 -16.2
187440 -40 23.19 -16.2
192844 -40 23.19 -16.2
194524 -40 23.19 -16.2
186546 -40 23.19 -16.2
188250 -40 23.19 -16.2
189055 -40 23.19 -16.2
190653 -40 23.19 -16.2
189263 -40 23.19 -16.2
192020 -40 23.19 -16.2
191835 -40 23.19 -16.2
191524 -40 23.19 -16.2
188706 -40 23.19 -16.2
187487 -40 23.19 -16.2
189590 -40 23.19 -16.2
191364 -40 23.19 -16.2
191152 -40 23.19 -16.2
188728 -40 23.19 -16.2
188357 -40 23.19 -16.2
192368 -40 23.19 -16.2
192616 -40 23.19 -16.2
189121 -40 23.19 -16.2
191138 -40 23.19 -16.2
119666 -40 13.14 -11.62
119678 -40 13.14 -11.62
119360 -40 13.14 -11.62
115564 -40 13.14 -11.62
118305 -40 13.14 -11.62
116968 -40 13.14 -11.62
123191 -40 13.14 -11.62
116223 -40 13.14 -11.62
119839 -40 13.14 -11.62
113220 -40 13.14 -11.62
118708 -40 13.14 -11.62
121604 -40 13.14 -11.62
116202 -40 13.14 -11.62
118896 -40 13.14 -11.62
122260 -40 13.14 -11.62
123265 -40 13.14 -11.62
116565 -40 13.14 -11.62
117487 -40 13.14 -11.62
120690 -40 13.14 -11.62
116784 -40 13.14 -11.62
124354 -40 13.14 -11.62
118722 -40 13.14 -11.62
119870 -40 13.14 -11.62
121505 -40 13.14 -11.62
114951 -40 13.14 -11.62
120695 -40 13.14 -11.62
117749 -40 13.14 -11.62
113218 -40 13.14 -11.62
120934 -40 13.14 -11.62
120207 -40 13.14 -11.62
121126 -40 13.14 -11.62
116937 -40 13.14 -11.62
116494 -40 13.14 -11.62
119264 -40 13.14 -11.62
120849 -40 13.14 -11.62
114517 -40 13.14 -11.62
119757 -40 13.14 -11.62
119270 -40 13.14 -11.62
116832 -40 13.14 -11.62
126594 -40 1.98 17.18
119897 -40 1.98 17.18
120181 -40 1.98 17.18
122142 -40 1.98 17.18
118605 -40 1.98 17.18
117866 -40 1.98 17.18
118285 -40 1.98 17.18
127189 -40 1.98 17.18
125686 -40 1.98 17.18
119255 -40 1.98 17.18
119870 -40 1.98 17.18
126129 -40 1.98 17.18
120150 -40 1.98 17.18
119956 -40 1.98 17.18
120517 -40 1.98 17.18
122572 -40 1.98 17.18
127357 -40 1.98 17.18
121812 -40 1.98 17.18
119917 -40 1.98 17.18
126778 -40 1.98 17.18
121442 -40 1.98 17.18
119982 -40 1.98 17.18
121791 -40 1.98 17.18
123295 -40 1.98 17.18
122193 -40 1.98 17.18
119740 -40 1.98 17.18
120765 -40 1.98 17.18
119899 -40 1.98 17.18
123892 -40 1.98 17.18
122541 -40 1.98 17.18
122950 -40 1.98 17.18
122538 -40 1.98 17.18
121878 -40 1.98 17.18
124432 -40 1.98 17.18
119280 -40 1.98 17.18
120385 -40 1.98 17.18
118953 -40 1.98 17.18
117463 -40 1.98 17.18
119391 -40 1.98 17.18
158569 -40 22.17 8.68
155823 -40 22.17 8.68
163763 -40 22.17 8.68
161823 -40 22.17 8.68
159097 -40 22.17 8.68
158811 -40 22.17 8.68
164074 -40 22.17 8.68
157307 -40 22.17 8.68
157286 -40 22.17 8.68
156111 -40 22.17 8.68
154572 -40 22.17 8.68
158393 -40 22.17 8.68
157149 -40 22.17 8.68
156015 -40 22.17 8.68
159710 -40 22.17 8.68
159972 -40 22.17 8.68
157912 -40 22.17 8.68
161030 -40 22.17 8.68
158599 -40 22.17 8.68
164506 -40 22.17 8.68
156196 -40 22.17 8.68
158848 -40 22.17 8.68
160273 -40 22.17 8.68
155459 -40 22.17 8.68
163799 -40 22.17 8.68
160289 -40 22.17 8.68
157483 -40 22.17 8.68
159280 -40 22.17 8.68
159355 -40 22.17 8.68
157646 -40 22.17 8.68
156104 -40 22.17 8.68
158956 -40 22.17 8.68
158926 -40 22.17 8.68
158734 -40 22.17 8.68
161603 -40 22.17 8.68
159830 -40 22.17 8.68
161593 -40 22.17 8.68
158607 -40 22.17 8.68
162980 -40 22.17 8.68
88515 -40 13.46 -2.5
95103 -40 13.46 -2.5
94312 -40 13.46 -2.5
94618 -40 13.46 -2.5
96122 -40 13.46 -2.5
91734 -40 13.46 -2.5
94546 -40 13.46 -2.5
87748 -40 13.46 -2.5
92790 -40 13.46 -2.5
96363 -40 13.46 -2.5
92278 -40 13.46 -2.5
93290 -40 13.46 -2.5
94831 -40 13.46 -2.5
93928 -40 13.46 -2.5
96533 -40 13.46 -2.5
96419 -40 13.46 -2.5
90552 -40 13.46 -2.5
93487 -40 13.46 -2.5
96209 -40 13.46 -2.5
97286 -40 13.46 -2.5
93954 -40 13.46 -2.5
94836 -40 13.46 -2.5
100771 -40 13.46 -2.5
92357 -40 13.46 -2.5
94404 -40 13.46 -2.5
91905 -40 13.46 -2.5
95475 -40 13.46 -2.5
100413 -40 13.46 -2.5
96554 -40 13.46 -2.5
98788 -40 13.46 -2.5
95769 -40 13.46 -2.5
92076 -40 13.46 -2.5
95085 -40 13.46 -2.5
98482 -40 13.46 -2.5
91882 -40 13.46 -2.5
93194 -40 13.46 -2.5
91730 -40 13.46 -2.5
96506 -40 13.46 -2.5
93065 -40 13.46 -2.5
65299 -40 -1.07 8.94
69268 -40 -1.07 8.94
65249 -40 -1.07 8.94
66148 -40 -1.07 8.94
62731 -40 -1.07 8.94
64893 -40 -1.07 8.94
69620 -40 -1.07 8.94
65161 -40 -1.07 8.94
71802 -40 -1.07 8.94
66605 -40 -1.07 8.94
69633 -40 -1.07 8.94
64074 -40 -1.07 8.94
60454 -40 -1.07 8.94
68359 -40 -1.07 8.94
68884 -40 -1.07 8.94
66515 -40 -1.07 8.94
63098 -40 -1.07 8.94
66510 -40 -1.07 8.94
67863 -40 -1.07 8.94
64050 -40 -1.07 8.94
70647 -40 -1.07 8.94
68159 -40 -1.07 8.94
68897 -40 -1.07 8.94
64173 -40 -1.07 8.94
66494 -40 -1.07 8.94
61521 -40 -1.07 8.94
64298 -40 -1.07 8.94
64888 -40 -1.07 8.94
67016 -40 -1.07 8.94
62582 -40 -1.07 8.94
69224 -40 -1.07 8.94
66307 -40 -1.07 8.94
64941 -40 -1.07 8.94
68105 -40 -1.07 8.94
63615 -40 -1.07 8.94
64628 -40 -1.07 8.94
67202 -40 -1.07 8.94
67234 -40 -1.07 8.94
67381 -40 -1.07 8.94
109737 -40 15.37 2.74
111270 -40 15.37 2.74
110551 -40 15.37 2.74
107244 -40 15.37 2.74
109129 -40 15.37 2.74
106746 -40 15.37 2.74
107884 -40 15.37 2.74
104408 -40 15.37 2.74
105087 -40 15.37 2.74
109648 -40 15.37 2.74
108816 -40 15.37 2.74
108776 -40 15.37 2.74
106496 -40 15.37 2.74
106884 -40 15.37 2.74
113223 -40 15.37 2.74
106302 -40 15.37 2.74
105005 -40 15.37 2.74
104424 -40 15.37 2.74
106234 -40 15.37 2.74
108061 -40 15.37 2.74
106781 -40 15.37 2.74
110861 -40 15.37 2.74
112192 -40 15.37 2.74
108915 -40 15.37 2.74
109277 -40 15.37 2.74
106495 -40 15.37 2.74
104333 -40 15.37 2.74
102694 -40 15.37 2.74
107550 -40 15.37 2.74
106416 -40 15.37 2.74
104344 -40 15.37 2.74
110182 -40 15.37 2.74
108454 -40 15.37 2.74
107952 -40 15.37 2.74
106530 -40 15.37 2.74
107964 -40 15.37 2.74
107559 -40 15.37 2.74
108107 -40 15.37 2.74
104339 -40 15.37 2.74
190926 -40 28.49 -2.47
194424 -40 28.49 -2.47
189375 -40 28.49 -2.47
192525 -40 28.49 -2.47
192206 -40 28.49 -2.47
196898 -40 28.49 -2.47
188104 -40 28.49 -2.47
193342 -40 28.49 -2.47
192879 -40 28.49 -2.47
184772 -40 28.49 -2.47
192172 -40 28.49 -2.47
188828 -40 28.49 -2.47
188869 -40 28.49 -2.47
192021 -40 28.49 -2.47
193732 -40 28.49 -2.47
190349 -40 28.49 -2.47
192551 -40 28.49 -2.47
190963 -40 28.49 -2.47
186261 -40 28.49 -2.47
189729 -40 28.49 -2.47
190424 -40 28.49 -2.47
192530 -40 28.49 -2.47
190926 -40 28.49 -2.47
186018 -40 28.49 -2.47
187599 -40 28.49 -2.47
192904 -40 28.49 -2.47
189186 -40 28.49 -2.47
188035 -40 28.49 -2.47
192665 -40 28.49 -2.47
189510 -40 28.49 -2.47
189156 -40 28.49 -2.47
184424 -40 28.49 -2.47
188647 -40 28.49 -2.47
191465 -40 28.49 -2.47
190438 -40 28.49 -2.47
191434 -40 28.49 -2.47
190699 -40 28.49 -2.47
193014 -40 28.49 -2.47
189331 -40 28.49 -2.47
