#rtt sig_str x y
109438 -40 -17.12 -1.49
107400 -40 -17.12 -1.49
114872 -40 -17.12 -1.49
112104 -40 -17.12 -1.49
107478 -40 -17.12 -1.49
116006 -40 -17.12 -1.49
114552 -40 -17.12 -1.49
114978 -40 -17.12 -1.49
113773 -40 -17.12 -1.49
111173 -40 -17.12 -1.49
113592 -40 -17.12 -1.49
111532 -40 -17.12 -1.49
108862 -40 -17.12 -1.49
110151 -40 -17.12 -1.49
112960 -40 -17.12 -1.49
116672 -40 -17.12 -1.49
109650 -40 -17.12 -1.49
109777 -40 -17.12 -1.49
110471 -40 -17.12 -1.49
113400 -40 -17.12 -1.49
111293 -40 -17.12 -1.49
110740 -40 -17.12 -1.49
111235 -40 -17.12 -1.49
112422 -40 -17.12 -1.49
108840 -40 -17.12 -1.49
113397 -40 -17.12 -1.49
111351 -40 -17.12 -1.49
110568 -40 -17.12 -1.49
105032 -40 -17.12 -1.49
110199 -40 -17.12 -1.49
113675 -40 -17.12 -1.49
109685 -40 -17.12 -1.49
111199 -40 -17.12 -1.49
114142 -40 -17.12 -1.49
111267 -40 -17.12 -1.49
110635 -40 -17.12 -1.49
112687 -40 -17.12 -1.49
115005 -40 -17.12 -1.49
110953 -40 -17.12 -1.49
225738 -40 24.57 23.53
222767 -40 24.57 23.53
224593 -40 24.57 23.53
229653 -40 24.57 23.53
227226 -40 24.57 23.53
226385 -40 24.57 23.53
233053 -40 24.57 23.53
230560 -40 24.57 23.53
227855 -40 24.57 23.53
220823 -40 24.57 23.53
233874 -40 24.57 23.53
227989 -40 24.57 23.53
226017 -40 24.57 23.53
226882 -40 24.57 23.53
229333 -40 24.57 23.53
225393 -40 24.57 23.53
228776 -40 24.57 23.53
225296 -40 24.57 23.53
225087 -40 24.57 23.53
229613 -40 24.57 23.53
228162 -40 24.57 23.53
228615 -40 24.57 23.53
224046 -40 24.57 23.53
226398 -40 24.57 23.53
227579 -40 24.57 23.53
226538 -40 24.57 23.53
226590 -40 24.57 23.53
227827 -40 24.57 23.53
227938 -40 24.57 23.53
226034 -40 24.57 23.53
232119 -40 24.57 23.53
227881 -40 24.57 23.53
226589 -40 24.57 23.53
229750 -40 24.57 23.53
226505 -40 24.57 23.53
230727 -40 24.57 23.53
228285 -40 24.57 23.53
230182 -40 24.57 23.53
229095 -40 24.57 23.53
223852 -40 19.04 -28.37
219037 -40 19.04 -28.37
226206 -40 19.04 -28.37
224333 -40 19.04 -28.37
225173 -40 19.04 -28.37
224684 -40 19.04 -28.37
225976 -40 19.04 -28.37
226120 -40 19.04 -28.37
230370 -40 19.04 -28.37
225347 -40 19.04 -28.37
225418 -40 19.04 -28.37
227274 -40 19.04 -28.37
222664 -40 19.04 -28.37
222931 -40 19.04 -28.37
226326 -40 19.04 -28.37
227268 -40 19.04 -28.37
225535 -40 19.04 -28.37
223063 -40 19.04 -28.37
222279 -40 19.04 -28.37
229939 -40 19.04 -28.37
224410 -40 19.04 -28.37
226107 -40 19.04 -28.37
221358 -40 19.04 -28.37
224586 -40 19.04 -28.37
230876 -40 19.04 -28.37
229660 -40 19.04 -28.37
225695 -40 19.04 -28.37
223738 -40 19.04 -28.37
224333 -40 19.04 -28.37
229150 -40 19.04 -28.37
223220 -40 19.04 -28.37
228111 -40 19.04 -28.37
225655 -40 19.04 -28.37
223319 -40 19.04 -28.37
224805 -40 19.04 -28.37
226720 -40 19.04 -28.37
223502 -40 19.04 -28.37
223628 -40 19.04 -28.37
228312 -40 19.04 -28.37
176623 -40 24.24 12.15
176559 -40 24.24 12.15
179992 -40 24.24 12.15
175487 -40 24.24 12.15
173111 -40 24.24 12.15
174270 -40 24.24 12.15
181410 -40 24.24 12.15
178215 -40 24.24 12.15
181074 -40 24.24 12.15
181455 -40 24.24 12.15
174263 -40 24.24 12.15
173641 -40 24.24 12.15
180631 -40 24.24 12.15
179656 -40 24.24 12.15
176598 -40 24.24 12.15
175779 -40 24.24 12.15
177456 -40 24.24 12.15
176577 -40 24.24 12.15
176026 -40 24.24 12.15
178827 -40 24.24 12.15
174406 -40 24.24 12.15
175226 -40 24.24 12.15
177876 -40 24.24 12.15
182322 -40 24.24 12.15
176964 -40 24.24 12.15
176255 -40 24.24 12.15
177978 -40 24.24 12.15
174079 -40 24.24 12.15
174778 -40 24.24 12.15
181869 -40 24.24 12.15
175874 -40 24.24 12.15
177061 -40 24.24 12.15
181494 -40 24.24 12.15
175332 -40 24.24 12.15
172796 -40 24.24 12.15
179309 -40 24.24 12.15
178558 -40 24.24 12.15
185043 -40 24.24 12.15
176792 -40 24.24 12.15
87394 -40 12.41 5.18
85911 -40 12.41 5.18
81168 -40 12.41 5.18
85198 -40 12.41 5.18
81479 -40 12.41 5.18
83044 -40 12.41 5.18
85670 -40 12.41 5.18
88682 -40 12.41 5.18
89767 -40 12.41 5.18
84684 -40 12.41 5.18
89576 -40 12.41 5.18
85000 -40 12.41 5.18
84908 -40 12.41 5.18
83404 -40 12.41 5.18
86853 -40 12.41 5.18
87305 -40 12.41 5.18
87325 -40 12.41 5.18
85142 -40 12.41 5.18
82896 -40 12.41 5.18
85936 -40 12.41 5.18
83771 -40 12.41 5.18
87876 -40 12.41 5.18
87429 -40 12.41 5.18
80631 -40 12.41 5.18
86663 -40 12.41 5.18
89676 -40 12.41 5.18
86305 -40 12.41 5.18
86905 -40 12.41 5.18
85783 -40 12.41 5.18
88572 -40 12.41 5.18
87784 -40 12.41 5.18
85730 -40 12.41 5.18
86242 -40 12.41 5.18
87493 -40 12.41 5.18
84229 -40 12.41 5.18
85641 -40 12.41 5.18
83863 -40 12.41 5.18
91039 -40 12.41 5.18
85377 -40 12.41 5.18
154431 -40 -22.92 -1.51
149404 -40 -22.92 -1.51
147628 -40 -22.92 -1.51
148695 -40 -22.92 -1.51
152989 -40 -22.92 -1.51
144998 -40 -22.92 -1.51
144858 -40 -22.92 -1.51
148659 -40 -22.92 -1.51
148139 -40 -22.92 -1.51
142935 -40 -22.92 -1.51
147613 -40 -22.92 -1.51
151659 -40 -22.92 -1.51
147008 -40 -22.92 -1.51
150094 -40 -22.92 -1.51
147509 -40 -22.92 -1.51
149005 -40 -22.92 -1.51
148871 -40 -22.92 -1.51
154540 -40 -22.92 -1.51
142090 -40 -22.92 -1.51
144216 -40 -22.92 -1.51
153573 -40 -22.92 -1.51
149579 -40 -22.92 -1.51
147108 -40 -22.92 -1.51
147935 -40 -22.92 -1.51
149819 -40 -22.92 -1.51
146925 -40 -22.92 -1.51
148720 -40 -22.92 -1.51
151863 -40 -22.92 -1.51
148248 -40 -22.92 -1.51
148159 -40 -22.92 -1.51
146315 -40 -22.92 -1.51
146524 -40 -22.92 -1.51
146949 -40 -22.92 -1.51
147946 -40 -22.92 -1.51
148267 -40 -22.92 -1.51
147635 -40 -22.92 -1.51
144851 -40 -22.92 -1.51
149308 -40 -22.92 -1.51
142595 -40 -22.92 -1.51
156325 -40 -24.46 -2.11
157888 -40 -24.46 -2.11
157529 -40 -24.46 -2.11
156492 -40 -24.46 -2.11
152290 -40 -24.46 -2.11
157805 -40 -24.46 -2.11
156316 -40 -24.46 -2.11
155997 -40 -24.46 -2.11
156664 -40 -24.46 -2.11
157626 -40 -24.46 -2.11
158049 -40 -24.46 -2.11
155205 -40 -24.46 -2.11
158266 -40 -24.46 -2.11
155733 -40 -24.46 -2.11
163506 -40 -24.46 -2.11
154521 -40 -24.46 -2.11
159467 -40 -24.46 -2.11
160631 -40 -24.46 -2.11
156260 -40 -24.46 -2.11
156184 -40 -24.46 -2.11
154547 -40 -24.46 -2.11
160128 -40 -24.46 -2.11
157502 -40 -24.46 -2.11
155814 -40 -24.46 -2.11
158850 -40 -24.46 -2.11
156963 -40 -24.46 -2.11
155058 -40 -24.46 -2.11
157847 -40 -24.46 -2.11
153379 -40 -24.46 -2.11
160287 -40 -24.46 -2.11
156127 -40 -24.46 -2.11
153174 -40 -24.46 -2.11
155072 -40 -24.46 -2.11
154833 -40 -24.46 -2.11
156969 -40 -24.46 -2.11
155657 -40 -24.46 -2.11
154788 -40 -24.46 -2.11
158158 -40 -24.46 -2.11
156463 -40 -24.46 -2.11
104916 -40 3.72 -15.09
100365 -40 3.72 -15.09
103362 -40 3.72 -15.09
103611 -40 3.72 -15.09
100707 -40 3.72 -15.09
102798 -40 3.72 -15.09
98341 -40 3.72 -15.09
102445 -40 3.72 -15.09
102480 -40 3.72 -15.09
102519 -40 3.72 -15.09
99788 -40 3.72 -15.09
98738 -40 3.72 -15.09
101714 -40 3.72 -15.09
100433 -40 3.72 -15.09
103289 -40 3.72 -15.09
100249 -40 3.72 -15.09
101353 -40 3.72 -15.09
105237 -40 3.72 -15.09
101092 -40 3.72 -15.09
105992 -40 3.72 -15.09
101366 -40 3.72 -15.09
105539 -40 3.72 -15.09
105299 -40 3.72 -15.09
106431 -40 3.72 -15.09
100681 -40 3.72 -15.09
104679 -40 3.72 -15.09
98032 -40 3.72 -15.09
103141 -40 3.72 -15.09
100894 -40 3.72 -15.09
101832 -40 3.72 -15.09
101179 -40 3.72 -15.09
103194 -40 3.72 -15.09
103093 -40 3.72 -15.09
103069 -40 3.72 -15.09
103843 -40 3.72 -15.09
99064 -40 3.72 -15.09
103111 -40 3.72 -15.09
101706 -40 3.72 -15.09
101845 -40 3.72 -15.09
99420 -40 4.29 13.16
94115 -40 4.29 13.16
102421 -40 4.29 13.16
98875 -40 4.29 13.16
101146 -40 4.29 13.16
102495 -40 4.29 13.16
99659 -40 4.29 13.16
97399 -40 4.29 13.16
95509 -40 4.29 13.16
101140 -40 4.29 13.16
101416 -40 4.29 13.16
98037 -40 4.29 13.16
98218 -40 4.29 13.16
95533 -40 4.29 13.16
101212 -40 4.29 13.16
97415 -40 4.29 13.16
98583 -40 4.29 13.16
97876 -40 4.29 13.16
97649 -40 4.29 13.16
96852 -40 4.29 13.16
99574 -40 4.29 13.16
97866 -40 4.29 13.16
98754 -40 4.29 13.16
96667 -40 4.29 13.16
100293 -40 4.29 13.16
100377 -40 4.29 13.16
101207 -40 4.29 13.16
102509 -40 4.29 13.16
99577 -40 4.29 13.16
101541 -40 4.29 13.16
96952 -40 4.29 13.16
96948 -40 4.29 13.16
99539 -40 4.29 13.16
105325 -40 4.29 13.16
102693 -40 4.29 13.16
98108 -40 4.29 13.16
94846 -40 4.29 13.16
96786 -40 4.29 13.16
100557 -40 4.29 13.16
205764 -40 -27.67 -13.5
204177 -40 -27.67 -13.5
206040 -40 -27.67 -13.5
205337 -40 -27.67 -13.5
200524 -40 -27.67 -13.5
200129 -40 -27.67 -13.5
206847 -40 -27.67 -13.5
202814 -40 -27.67 -13.5
204009 -40 -27.67 -13.5
204117 -40 -27.67 -13.5
204982 -40 -27.67 -13.5
208794 -40 -27.67 -13.5
203973 -40 -27.67 -13.5
202954 -40 -27.67 -13.5
202671 -40 -27.67 -13.5
206323 -40 -27.67 -13.5
207774 -40 -27.67 -13.5
203189 -40 -27.67 -13.5
200433 -40 -27.67 -13.5
207122 -40 -27.67 -13.5
201383 -40 -27.67 -13.5
200524 -40 -27.67 -13.5
204979 -40 -27.67 -13.5
206862 -40 -27.67 -13.5
208244 -40 -27.67 -13.5
206535 -40 -27.67 -13.5
204709 -40 -27.67 -13.5
205354 -40 -27.67 -13.5
206305 -40 -27.67 -13.5
206949 -40 -27.67 -13.5
205995 -40 -27.67 -13.5
204129 -40 -27.67 -13.5
203119 -40 -27.67 -13.5
207289 -40 -27.67 -13.5
209513 -40 -27.67 -13.5
201818 -40 -27.67 -13.5
204215 -40 -27.67 -13.5
202455 -40 -27.67 -13.5
204214 -40 -27.67 -13.5
