#rtt sig_str x y
179728 -40 20.22 19.31
182932 -40 20.22 19.31
180372 -40 20.22 19.31
177563 -40 20.22 19.31
180821 -40 20.22 19.31
180689 -40 20.22 19.31
178731 -40 20.22 19.31
183654 -40 20.22 19.31
182148 -40 20.22 19.31
180875 -40 20.22 19.31
183963 -40 20.22 19.31
181047 -40 20.22 19.31
185176 -40 20.22 19.31
180057 -40 20.22 19.31
180500 -40 20.22 19.31
179535 -40 20.22 19.31
179000 -40 20.22 19.31
179283 -40 20.22 19.31
178705 -40 20.22 19.31
183394 -40 20.22 19.31
181917 -40 20.22 19.31
183685 -40 20.22 19.31
179049 -40 20.22 19.31
184905 -40 20.22 19.31
185323 -40 20.22 19.31
184323 -40 20.22 19.31
183151 -40 20.22 19.31
181983 -40 20.22 19.31
183595 -40 20.22 19.31
184578 -40 20.22 19.31
178954 -40 20.22 19.31
177893 -40 20.22 19.31
184107 -40 20.22 19.31
178747 -40 20.22 19.31
179124 -40 20.22 19.31
181198 -40 20.22 19.31
181068 -40 20.22 19.31
180749 -40 20.22 19.31
180516 -40 20.22 19.31
198966 -40 28.22 10.3
195737 -40 28.22 10.3
200819 -40 28.22 10.3
202492 -40 28.22 10.3
197271 -40 28.22 10.3
200415 -40 28.22 10.3
197971 -40 28.22 10.3
196057 -40 28.22 10.3
197560 -40 28.22 10.3
206152 -40 28.22 10.3
196886 -40 28.22 10.3
200267 -40 28.22 10.3
199279 -40 28.22 10.3
193661 -40 28.22 10.3
203903 -40 28.22 10.3
200124 -40 28.22 10.3
200959 -40 28.22 10.3
196350 -40 28.22 10.3
201368 -40 28.22 10.3
197986 -40 28.22 10.3
198524 -40 28.22 10.3
202461 -40 28.22 10.3
200888 -40 28.22 10.3
198505 -40 28.22 10.3
198088 -40 28.22 10.3
196674 -40 28.22 10.3
198042 -40 28.22 10.3
198147 -40 28.22 10.3
198506 -40 28.22 10.3
197182 -40 28.22 10.3
199123 -40 28.22 10.3
200169 -40 28.22 10.3
197979 -40 28.22 10.3
200452 -40 28.22 10.3
194925 -40 28.22 10.3
197243 -40 28.22 10.3
196530 -40 28.22 10.3
201162 -40 28.22 10.3
200331 -40 28.22 10.3
149402 -40 -3.17 -22.54
148900 -40 -3.17 -22.54
147215 -40 -3.17 -22.54
149420 -40 -3.17 -22.54
151293 -40 -3.17 -22.54
150084 -40 -3.17 -22.54
148853 -40 -3.17 -22.54
147204 -40 -3.17 -22.54
148812 -40 -3.17 -22.54
150427 -40 -3.17 -22.54
152588 -40 -3.17 -22.54
148717 -40 -3.17 -22.54
149891 -40 -3.17 -22.54
151446 -40 -3.17 -22.54
148778 -40 -3.17 -22.54
144766 -40 -3.17 -22.54
150267 -40 -3.17 -22.54
149337 -40 -3.17 -22.54
146073 -40 -3.17 -22.54
149124 -40 -3.17 -22.54
148095 -40 -3.17 -22.54
151773 -40 -3.17 -22.54
150802 -40 -3.17 -22.54
149240 -40 -3.17 -22.54
149555 -40 -3.17 -22.54
153252 -40 -3.17 -22.54
148828 -40 -3.17 -22.54
148851 -40 -3.17 -22.54
149615 -40 -3.17 -22.54
151514 -40 -3.17 -22.54
150772 -40 -3.17 -22.54
152762 -40 -3.17 -22.54
148495 -40 -3.17 -22.54
145573 -40 -3.17 -22.54
150296 -40 -3.17 -22.54
149586 -40 -3.17 -22.54
153165 -40 -3.17 -22.54
148433 -40 -3.17 -22.54
148839 -40 -3.17 -22.54
87008 -40 -12.93 -2.17
89023 -40 -12.93 -2.17
82769 -40 -12.93 -2.17
83749 -40 -12.93 -2.17
85489 -40 -12.93 -2.17
88536 -40 -12.93 -2.17
87505 -40 -12.93 -2.17
78332 -40 -12.93 -2.17
85083 -40 -12.93 -2.17
83513 -40 -12.93 -2.17
86175 -40 -12.93 -2.17
83170 -40 -12.93 -2.17
80910 -40 -12.93 -2.17
88008 -40 -12.93 -2.17
85014 -40 -12.93 -2.17
87785 -40 -12.93 -2.17
84601 -40 -12.93 -2.17
87124 -40 -12.93 -2.17
84787 -40 -12.93 -2.17
83175 -40 -12.93 -2.17
88161 -40 -12.93 -2.17
80417 -40 -12.93 -2.17
85286 -40 -12.93 -2.17
83502 -40 -12.93 -2.17
83617 -40 -12.93 -2.17
88048 -40 -12.93 -2.17
84445 -40 -12.93 -2.17
83448 -40 -12.93 -2.17
83876 -40 -12.93 -2.17
81579 -40 -12.93 -2.17
86539 -40 -12.93 -2.17
90126 -40 -12.93 -2.17
86689 -40 -12.93 -2.17
84592 -40 -12.93 -2.17
83473 -40 -12.93 -2.17
86208 -40 -12.93 -2.17
82026 -40 -12.93 -2.17
85183 -40 -12.93 -2.17
84306 -40 -12.93 -2.17
147128 -40 16.28 -15.69
146920 -40 16.28 -15.69
145550 -40 16.28 -15.69
142021 -40 16.28 -15.69
147381 -40 16.28 -15.69
143528 -40 16.28 -15.69
144204 -40 16.28 -15.69
147630 -40 16.28 -15.69
147662 -40 16.28 -15.69
145216 -40 16.28 -15.69
146534 -40 16.28 -15.69
148347 -40 16.28 -15.69
146790 -40 16.28 -15.69
144892 -40 16.28 -15.69
139930 -40 16.28 -15.69
145461 -40 16.28 -15.69
144852 -40 16.28 -15.69
146512 -40 16.28 -15.69
148015 -40 16.28 -15.69
143269 -40 16.28 -15.69
141769 -40 16.28 -15.69
148265 -40 16.28 -15.69
142537 -40 16.28 -15.69
150390 -40 16.28 -15.69
142615 -40 16.28 -15.69
145850 -40 16.28 -15.69
142741 -40 16.28 -15.69
141699 -40 16.28 -15.69
146339 -40 16.28 -15.69
144719 -40 16.28 -15.69
145801 -40 16.28 -15.69
143335 -40 16.28 -15.69
148588 -40 16.28 -15.69
139637 -40 16.28 -15.69
148169 -40 16.28 -15.69
144462 -40 16.28 -15.69
143823 -40 16.28 -15.69
142706 -40 16.28 -15.69
143493 -40 16.28 -15.69
174554 -40 -12.07 -22.88
171857 -40 -12.07 -22.88
176439 -40 -12.07 -22.88
173619 -40 -12.07 -22.88
177101 -40 -12.07 -22.88
176117 -40 -12.07 -22.88
175537 -40 -12.07 -22.88
176385 -40 -12.07 -22.88
177874 -40 -12.07 -22.88
175010 -40 -12.07 -22.88
174655 -40 -12.07 -22.88
174335 -40 -12.07 -22.88
176785 -40 -12.07 -22.88
175529 -40 -12.07 -22.88
178060 -40 -12.07 -22.88
176053 -40 -12.07 -22.88
175517 -40 -12.07 -22.88
181225 -40 -12.07 -22.88
175270 -40 -12.07 -22.88
175546 -40 -12.07 -22.88
173691 -40 -12.07 -22.88
177326 -40 -12.07 -22.88
178441 -40 -12.07 -22.88
173106 -40 -12.07 -22.88
173909 -40 -12.07 -22.88
175237 -40 -12.07 -22.88
174880 -40 -12.07 -22.88
176560 -40 -12.07 -22.88
175652 -40 -12.07 -22.88
171952 -40 -12.07 -22.88
174207 -40 -12.07 -22.88
176056 -40 -12.07 -22.88
175553 -40 -12.07 -22.88
171181 -40 -12.07 -22.88
173050 -40 -12.07 -22.88
172956 -40 -12.07 -22.88
177712 -40 -12.07 -22.88
174541 -40 -12.07 -22.88
172440 -40 -12.07 -22.88
197775 -40 28.58 1.15
199543 -40 28.58 1.15
200163 -40 28.58 1.15
197238 -40 28.58 1.15
197714 -40 28.58 1.15
199488 -40 28.58 1.15
196640 -40 28.58 1.15
194485 -40 28.58 1.15
198605 -40 28.58 1.15
199284 -40 28.58 1.15
195218 -40 28.58 1.15
193780 -40 28.58 1.15
198624 -40 28.58 1.15
192222 -40 28.58 1.15
197040 -40 28.58 1.15
194578 -40 28.58 1.15
198090 -40 28.58 1.15
198737 -40 28.58 1.15
193992 -40 28.58 1.15
188050 -40 28.58 1.15
192866 -40 28.58 1.15
198112 -40 28.58 1.15
197546 -40 28.58 1.15
196681 -40 28.58 1.15
198052 -40 28.58 1.15
204132 -40 28.58 1.15
197257 -40 28.58 1.15
199228 -40 28.58 1.15
198527 -40 28.58 1.15
196062 -40 28.58 1.15
196665 -40 28.58 1.15
195612 -40 28.58 1.15
198341 -40 28.58 1.15
192451 -40 28.58 1.15
195931 -40 28.58 1.15
195797 -40 28.58 1.15
198291 -40 28.58 1.15
198061 -40 28.58 1.15
203096 -40 28.58 1.15
243147 -40 25.75 -26.14
243456 -40 25.75 -26.14
247654 -40 25.75 -26.14
244896 -40 25.75 -26.14
244746 -40 25.75 -26.14
244469 -40 25.75 -26.14
245001 -40 25.75 -26.14
241839 -40 25.75 -26.14
247063 -40 25.75 -26.14
245878 -40 25.75 -26.14
243231 -40 25.75 -26.14
246352 -40 25.75 -26.14
245060 -40 25.75 -26.14
245265 -40 25.75 -26.14
250031 -40 25.75 -26.14
242591 -40 25.75 -26.14
249491 -40 25.75 -26.14
249418 -40 25.75 -26.14
243355 -40 25.75 -26.14
246051 -40 25.75 -26.14
247389 -40 25.75 -26.14
242445 -40 25.75 -26.14
243718 -40 25.75 -26.14
244544 -40 25.75 -26.14
241924 -40 25.75 -26.14
248026 -40 25.75 -26.14
245050 -40 25.75 -26.14
245640 -40 25.75 -26.14
245410 -40 25.75 -26.14
246351 -40 25.75 -26.14
248677 -40 25.75 -26.14
246556 -40 25.75 -26.14
245761 -40 25.75 -26.14
246658 -40 25.75 -26.14
246654 -40 25.75 -26.14
246597 -40 25.75 -26.14
247985 -40 25.75 -26.14
243690 -40 25.75 -26.14
245613 -40 25.75 -26.14
209082 -40 -17.72 -24.96
209697 -40 -17.72 -24.96
204553 -40 -17.72 -24.96
205095 -40 -17.72 -24.96
205443 -40 -17.72 -24.96
204741 -40 -17.72 -24.96
204763 -40 -17.72 -24.96
206180 -40 -17.72 -24.96
202948 -40 -17.72 -24.96
203894 -40 -17.72 -24.96
206869 -40 -17.72 -24.96
207787 -40 -17.72 -24.96
203496 -40 -17.72 -24.96
204749 -40 -17.72 -24.96
203857 -40 -17.72 -24.96
200882 -40 -17.72 -24.96
201872 -40 -17.72 -24.96
209138 -40 -17.72 -24.96
209852 -40 -17.72 -24.96
208781 -40 -17.72 -24.96
205658 -40 -17.72 -24.96
208448 -40 -17.72 -24.96
203265 -40 -17.72 -24.96
203471 -40 -17.72 -24.96
205687 -40 -17.72 -24.96
206918 -40 -17.72 -24.96
204098 -40 -17.72 -24.96
205710 -40 -17.72 -24.96
197728 -40 -17.72 -24.96
199768 -40 -17.72 -24.96
207278 -40 -17.72 -24.96
203047 -40 -17.72 -24.96
206076 -40 -17.72 -24.96
205886 -40 -17.72 -24.96
205060 -40 -17.72 -24.96
201645 -40 -17.72 -24.96
204462 -40 -17.72 -24.96
202306 -40 -17.72 -24.96
204044 -40 -17.72 -24.96
99144 -40 -9.29 12.93
101400 -40 -9.29 12.93
101083 -40 -9.29 12.93
107393 -40 -9.29 12.93
100993 -40 -9.29 12.93
102538 -40 -9.29 12.93
102547 -40 -9.29 12.93
100472 -40 -9.29 12.93
107065 -40 -9.29 12.93
100827 -40 -9.29 12.93
106245 -40 -9.29 12.93
103336 -40 -9.29 12.93
102165 -40 -9.29 12.93
100254 -40 -9.29 12.93
103437 -40 -9.29 12.93
99323 -40 -9.29 12.93
104986 -40 -9.29 12.93
105145 -40 -9.29 12.93
101841 -40 -9.29 12.93
101014 -40 -9.29 12.93
103729 -40 -9.29 12.93
99707 -40 -9.29 12.93
100778 -40 -9.29 12.93
102500 -40 -9.29 12.93
101351 -40 -9.29 12.93
102227 -40 -9.29 12.93
101801 -40 -9.29 12.93
106673 -40 -9.29 12.93
101811 -40 -9.29 12.93
101353 -40 -9.29 12.93
101090 -40 -9.29 12.93
105342 -40 -9.29 12.93
100939 -40 -9.29 12.93
105315 -40 -9.29 12.93
106118 -40 -9.29 12.93
104655 -40 -9.29 12.93
103315 -40 -9.29 12.93
104374 -40 -9.29 12.93
100766 -40 -9.29 12.93
