#rtt sig_str x y
118017 -40 13.94 -10.52
118073 -40 13.94 -10.52
121257 -40 13.94 -10.52
117618 -40 13.94 -10.52
119480 -40 13.94 -10.52
121111 -40 13.94 -10.52
118604 -40 13.94 -10.52
121545 -40 13.94 -10.52
116468 -40 13.94 -10.52
115884 -40 13.94 -10.52
122239 -40 13.94 -10.52
116841 -40 13.94 -10.52
117025 -40 13.94 -10.52
118892 -40 13.94 -10.52
115955 -40 13.94 -10.52
121165 -40 13.94 -10.52
115509 -40 13.94 -10.52
118405 -40 13.94 -10.52
119965 -40 13.94 -10.52
118951 -40 13.94 -10.52
118328 -40 13.94 -10.52
117221 -40 13.94 -10.52
118319 -40 13.94 -10.52
120954 -40 13.94 -10.52
117463 -40 13.94 -10.52
121299 -40 13.94 -10.52
119298 -40 13.94 -10.52
117145 -40 13.94 -10.52
124237 -40 13.94 -10.52
122506 -40 13.94 -10.52
120831 -40 13.94 -10.52
120139 -40 13.94 -10.52
121902 -40 13.94 -10.52
117655 -40 13.94 -10.52
119423 -40 13.94 -10.52
118856 -40 13.94 -10.52
116601 -40 13.94 -10.52
118673 -40 13.94 -10.52
119515 -40 13.94 -10.52
204199 -40 4.03 -29.98
205536 -40 4.03 -29.98
203793 -40 4.03 -29.98
202748 -40 4.03 -29.98
201027 -40 4.03 -29.98
200907 -40 4.03 -29.98
203725 -40 4.03 -29.98
203687 -40 4.03 -29.98
205206 -40 4.03 -29.98
203839 -40 4.03 -29.98
203242 -40 4.03 -29.98
199883 -40 4.03 -29.98
202699 -40 4.03 -29.98
202633 -40 4.03 -29.98
201971 -40 4.03 -29.98
203881 -40 4.03 -29.98
204415 -40 4.03 -29.98
206500 -40 4.03 -29.98
210172 -40 4.03 -29.98
200085 -40 4.03 -29.98
203998 -40 4.03 -29.98
199261 -40 4.03 -29.98
201785 -40 4.03 -29.98
202210 -40 4.03 -29.98
203817 -40 4.03 -29.98
198858 -40 4.03 -29.98
203475 -40 4.03 -29.98
201556 -40 4.03 -29.98
200722 -40 4.03 -29.98
202447 -40 4.03 -29.98
202686 -40 4.03 -29.98
201886 -40 4.03 -29.98
202524 -40 4.03 -29.98
198126 -40 4.03 -29.98
202510 -40 4.03 -29.98
203669 -40 4.03 -29.98
199731 -40 4.03 -29.98
203754 -40 4.03 -29.98
202968 -40 4.03 -29.98
163231 -40 -11.93 -21.49
161586 -40 -11.93 -21.49
160234 -40 -11.93 -21.49
165365 -40 -11.93 -21.49
160838 -40 -11.93 -21.49
160472 -40 -11.93 -21.49
161344 -40 -11.93 -21.49
160540 -40 -11.93 -21.49
162086 -40 -11.93 -21.49
161217 -40 -11.93 -21.49
162418 -40 -11.93 -21.49
165837 -40 -11.93 -21.49
160625 -40 -11.93 -21.49
162088 -40 -11.93 -21.49
169133 -40 -11.93 -21.49
162712 -40 -11.93 -21.49
160490 -40 -11.93 -21.49
163317 -40 -11.93 -21.49
161023 -40 -11.93 -21.49
161161 -40 -11.93 -21.49
160901 -40 -11.93 -21.49
163115 -40 -11.93 -21.49
162532 -40 -11.93 -21.49
160097 -40 -11.93 -21.49
157374 -40 -11.93 -21.49
160965 -40 -11.93 -21.49
164195 -40 -11.93 -21.49
164311 -40 -11.93 -21.49
163704 -40 -11.93 -21.49
162315 -40 -11.93 -21.49
163156 -40 -11.93 -21.49
165788 -40 -11.93 -21.49
159239 -40 -11.93 -21.49
156132 -40 -11.93 -21.49
158734 -40 -11.93 -21.49
158948 -40 -11.93 -21.49
163764 -40 -11.93 -21.49
162420 -40 -11.93 -21.49
163218 -40 -11.93 -21.49
159743 -40 16.84 16.4
157714 -40 16.84 16.4
155029 -40 16.84 16.4
151676 -40 16.84 16.4
155343 -40 16.84 16.4
158777 -40 16.84 16.4
157206 -40 16.84 16.4
152570 -40 16.84 16.4
155214 -40 16.84 16.4
153335 -40 16.84 16.4
152184 -40 16.84 16.4
157461 -40 16.84 16.4
158945 -40 16.84 16.4
154138 -40 16.84 16.4
156131 -40 16.84 16.4
152699 -40 16.84 16.4
155255 -40 16.84 16.4
155699 -40 16.84 16.4
157636 -40 16.84 16.4
159132 -40 16.84 16.4
158927 -40 16.84 16.4
154478 -40 16.84 16.4
154822 -40 16.84 16.4
158881 -40 16.84 16.4
150337 -40 16.84 16.4
157542 -40 16.84 16.4
152227 -40 16.84 16.4
153788 -40 16.84 16.4
151389 -40 16.84 16.4
151890 -40 16.84 16.4
153171 -40 16.84 16.4
157350 -40 16.84 16.4
153294 -40 16.84 16.4
156584 -40 16.84 16.4
150458 -40 16.84 16.4
155190 -40 16.84 16.4
153497 -40 16.84 16.4
150473 -40 16.84 16.4
158212 -40 16.84 16.4
38821 -40 -0.13 -5.64
36985 -40 -0.13 -5.64
36201 -40 -0.13 -5.64
40194 -40 -0.13 -5.64
34905 -40 -0.13 -5.64
37292 -40 -0.13 -5.64
38518 -40 -0.13 -5.64
38828 -40 -0.13 -5.64
36233 -40 -0.13 -5.64
38111 -40 -0.13 -5.64
30618 -40 -0.13 -5.64
34954 -40 -0.13 -5.64
34028 -40 -0.13 -5.64
34092 -40 -0.13 -5.64
38456 -40 -0.13 -5.64
36882 -40 -0.13 -5.64
36758 -40 -0.13 -5.64
32486 -40 -0.13 -5.64
34973 -40 -0.13 -5.64
35585 -40 -0.13 -5.64
36060 -40 -0.13 -5.64
38649 -40 -0.13 -5.64
36203 -40 -0.13 -5.64
41113 -40 -0.13 -5.64
37605 -40 -0.13 -5.64
34228 -40 -0.13 -5.64
35219 -40 -0.13 -5.64
34112 -40 -0.13 -5.64
36352 -40 -0.13 -5.64
40541 -40 -0.13 -5.64
36267 -40 -0.13 -5.64
35736 -40 -0.13 -5.64
34280 -40 -0.13 -5.64
41267 -40 -0.13 -5.64
36281 -40 -0.13 -5.64
36315 -40 -0.13 -5.64
37913 -40 -0.13 -5.64
37106 -40 -0.13 -5.64
33753 -40 -0.13 -5.64
217592 -40 -22.87 -25.04
220214 -40 -22.87 -25.04
218232 -40 -22.87 -25.04
220382 -40 -22.87 -25.04
218258 -40 -22.87 -25.04
224155 -40 -22.87 -25.04
220389 -40 -22.87 -25.04
219022 -40 -22.87 -25.04
217478 -40 -22.87 -25.04
218829 -40 -22.87 -25.04
221367 -40 -22.87 -25.04
220895 -40 -22.87 -25.04
220910 -40 -22.87 -25.04
220506 -40 -22.87 -25.04
225062 -40 -22.87 -25.04
221490 -40 -22.87 -25.04
223716 -40 -22.87 -25.04
223083 -40 -22.87 -25.04
218922 -40 -22.87 -25.04
222172 -40 -22.87 -25.04
214491 -40 -22.87 -25.04
221546 -40 -22.87 -25.04
223683 -40 -22.87 -25.04
221981 -40 -22.87 -25.04
217211 -40 -22.87 -25.04
224146 -40 -22.87 -25.04
220426 -40 -22.87 -25.04
217989 -40 -22.87 -25.04
222499 -40 -22.87 -25.04
218936 -40 -22.87 -25.04
218600 -40 -22.87 -25.04
217976 -40 -22.87 -25.04
222081 -40 -22.87 -25.04
222426 -40 -22.87 -25.04
218661 -40 -22.87 -25.04
220292 -40 -22.87 -25.04
218410 -40 -22.87 -25.04
220685 -40 -22.87 -25.04
221534 -40 -22.87 -25.04
93996 -40 -6.69 -9.56
92817 -40 -6.69 -9.56
89369 -40 -6.69 -9.56
90285 -40 -6.69 -9.56
91526 -40 -6.69 -9.56
88694 -40 -6.69 -9.56
91362 -40 -6.69 -9.56
90748 -40 -6.69 -9.56
90774 -40 -6.69 -9.56
89393 -40 -6.69 -9.56
91929 -40 -6.69 -9.56
86562 -40 -6.69 -9.56
89336 -40 -6.69 -9.56
89223 -40 -6.69 -9.56
86845 -40 -6.69 -9.56
86282 -40 -6.69 -9.56
89414 -40 -6.69 -9.56
85934 -40 -6.69 -9.56
88193 -40 -6.69 -9.56
91627 -40 -6.69 -9.56
92405 -40 -6.69 -9.56
91499 -40 -6.69 -9.56
88236 -40 -6.69 -9.56
87803 -40 -6.69 -9.56
89109 -40 -6.69 -9.56
90541 -40 -6.69 -9.56
89760 -40 -6.69 -9.56
91877 -40 -6.69 -9.56
89676 -40 -6.69 -9.56
89611 -40 -6.69 -9.56
90630 -40 -6.69 -9.56
89252 -40 -6.69 -9.56
87966 -40 -6.69 -9.56
91191 -40 -6.69 -9.56
89925 -40 -6.69 -9.56
88749 -40 -6.69 -9.56
88393 -40 -6.69 -9.56
95125 -40 -6.69 -9.56
90015 -40 -6.69 -9.56
98055 -40 -6.32 13.07
96312 -40 -6.32 13.07
98447 -40 -6.32 13.07
99169 -40 -6.32 13.07
102440 -40 -6.32 13.07
95073 -40 -6.32 13.07
99202 -40 -6.32 13.07
99658 -40 -6.32 13.07
96439 -40 -6.32 13.07
96746 -40 -6.32 13.07
97644 -40 -6.32 13.07
92967 -40 -6.32 13.07
98175 -40 -6.32 13.07
99604 -40 -6.32 13.07
99926 -40 -6.32 13.07
102411 -40 -6.32 13.07
99064 -40 -6.32 13.07
102892 -40 -6.32 13.07
99894 -40 -6.32 13.07
98655 -40 -6.32 13.07
97971 -40 -6.32 13.07
99160 -40 -6.32 13.07
97956 -40 -6.32 13.07
100617 -40 -6.32 13.07
99684 -40 -6.32 13.07
99700 -40 -6.32 13.07
99408 -40 -6.32 13.07
99763 -40 -6.32 13.07
100671 -40 -6.32 13.07
96202 -40 -6.32 13.07
96287 -40 -6.32 13.07
101671 -40 -6.32 13.07
98003 -40 -6.32 13.07
98489 -40 -6.32 13.07
96004 -40 -6.32 13.07
104763 -40 -6.32 13.07
104685 -40 -6.32 13.07
99719 -40 -6.32 13.07
93291 -40 -6.32 13.07
126825 -40 -9.75 -14.86
128709 -40 -9.75 -14.86
122267 -40 -9.75 -14.86
125137 -40 -9.75 -14.86
131038 -40 -9.75 -14.86
122302 -40 -9.75 -14.86
122096 -40 -9.75 -14.86
126794 -40 -9.75 -14.86
127313 -40 -9.75 -14.86
125529 -40 -9.75 -14.86
124743 -40 -9.75 -14.86
125223 -40 -9.75 -14.86
125947 -40 -9.75 -14.86
123387 -40 -9.75 -14.86
126414 -40 -9.75 -14.86
128431 -40 -9.75 -14.86
125276 -40 -9.75 -14.86
126934 -40 -9.75 -14.86
129074 -40 -9.75 -14.86
122349 -40 -9.75 -14.86
125445 -40 -9.75 -14.86
127175 -40 -9.75 -14.86
126395 -40 -9.75 -14.86
126252 -40 -9.75 -14.86
124880 -40 -9.75 -14.86
131006 -40 -9.75 -14.86
129467 -40 -9.75 -14.86
128142 -40 -9.75 -14.86
127412 -40 -9.75 -14.86
124191 -40 -9.75 -14.86
127641 -40 -9.75 -14.86
131636 -40 -9.75 -14.86
129203 -40 -9.75 -14.86
129366 -40 -9.75 -14.86
127561 -40 -9.75 -14.86
129653 -40 -9.75 -14.86
124943 -40 -9.75 -14.86
121070 -40 -9.75 -14.86
129253 -40 -9.75 -14.86
212933 -40 -25.05 22.02
211673 -40 -25.05 22.02
217389 -40 -25.05 22.02
208655 -40 -25.05 22.02
211490 -40 -25.05 22.02
210469 -40 -25.05 22.02
214291 -40 -25.05 22.02
217042 -40 -25.05 22.02
215012 -40 -25.05 22.02
212647 -40 -25.05 22.02
210659 -40 -25.05 22.02
212204 -40 -25.05 22.02
213897 -40 -25.05 22.02
209907 -40 -25.05 22.02
212012 -40 -25.05 22.02
215940 -40 -25.05 22.02
216119 -40 -25.05 22.02
211539 -40 -25.05 22.02
212741 -40 -25.05 22.02
213888 -40 -25.05 22.02
213188 -40 -25.05 22.02
214142 -40 -25.05 22.02
209076 -40 -25.05 22.02
211740 -40 -25.05 22.02
209824 -40 -25.05 22.02
211000 -40 -25.05 22.02
204598 -40 -25.05 22.02
207376 -40 -25.05 22.02
213902 -40 -25.05 22.02
211099 -40 -25.05 22.02
207418 -40 -25.05 22.02
209870 -40 -25.05 22.02
210897 -40 -25.05 22.02
211776 -40 -25.05 22.02
212106 -40 -25.05 22.02
215913 -40 -25.05 22.02
208768 -40 -25.05 22.02
205776 -40 -25.05 22.02
209892 -40 -25.05 22.02
