#rtt sig_str x y
106376 -40 10.34 13.35
104455 -40 10.34 13.35
110570 -40 10.34 13.35
113511 -40 10.34 13.35
113223 -40 10.34 13.35
114221 -40 10.34 13.35
115587 -40 10.34 13.35
113250 -40 10.34 13.35
107261 -40 10.34 13.35
108433 -40 10.34 13.35
110278 -40 10.34 13.35
111826 -40 10.34 13.35
111742 -40 10.34 13.35
108820 -40 10.34 13.35
113162 -40 10.34 13.35
109327 -40 10.34 13.35
111902 -40 10.34 13.35
111802 -40 10.34 13.35
106842 -40 10.34 13.35
112333 -40 10.34 13.35
109021 -40 10.34 13.35
114141 -40 10.34 13.35
110834 -40 10.34 13.35
108189 -40 10.34 13.35
107217 -40 10.34 13.35
105144 -40 10.34 13.35
105404 -40 10.34 13.35
110924 -40 10.34 13.35
108547 -40 10.34 13.35
111750 -40 10.34 13.35
106780 -40 10.34 13.35
113977 -40 10.34 13.35
110098 -40 10.34 13.35
112664 -40 10.34 13.35
111683 -40 10.34 13.35
115350 -40 10.34 13.35
103820 -40 10.34 13.35
109485 -40 10.34 13.35
108237 -40 10.34 13.35
127747 -40 -0.72 19.92
131148 -40 -0.72 19.92
130694 -40 -0.72 19.92
129722 -40 -0.72 19.92
129231 -40 -0.72 19.92
128548 -40 -0.72 19.92
124503 -40 -0.72 19.92
126323 -40 -0.72 19.92
128444 -40 -0.72 19.92
125405 -40 -0.72 19.92
125810 -40 -0.72 19.92
127935 -40 -0.72 19.92
129600 -40 -0.72 19.92
127811 -40 -0.72 19.92
127884 -40 -0.72 19.92
127709 -40 -0.72 19.92
126865 -40 -0.72 19.92
125028 -40 -0.72 19.92
125277 -40 -0.72 19.92
131380 -40 -0.72 19.92
127590 -40 -0.72 19.92
128493 -40 -0.72 19.92
126342 -40 -0.72 19.92
127971 -40 -0.72 19.92
127074 -40 -0.72 19.92
126893 -40 -0.72 19.92
133359 -40 -0.72 19.92
124537 -40 -0.72 19.92
128948 -40 -0.72 19.92
128851 -40 -0.72 19.92
124922 -40 -0.72 19.92
126923 -40 -0.72 19.92
123112 -40 -0.72 19.92
129655 -40 -0.72 19.92
124806 -40 -0.72 19.92
129315 -40 -0.72 19.92
127854 -40 -0.72 19.92
126196 -40 -0.72 19.92
126876 -40 -0.72 19.92
160053 -40 19.53 14.05
160144 -40 19.53 14.05
162426 -40 19.53 14.05
162224 -40 19.53 14.05
162756 -40 19.53 14.05
157873 -40 19.53 14.05
161236 -40 19.53 14.05
161210 -40 19.53 14.05
159790 -40 19.53 14.05
160508 -40 19.53 14.05
159040 -40 19.53 14.05
161477 -40 19.53 14.05
160198 -40 19.53 14.05
159541 -40 19.53 14.05
155142 -40 19.53 14.05
160949 -40 19.53 14.05
163836 -40 19.53 14.05
160004 -40 19.53 14.05
157778 -40 19.53 14.05
165341 -40 19.53 14.05
158115 -40 19.53 14.05
161352 -40 19.53 14.05
155829 -40 19.53 14.05
165052 -40 19.53 14.05
163417 -40 19.53 14.05
161550 -40 19.53 14.05
156064 -40 19.53 14.05
157936 -40 19.53 14.05
161367 -40 19.53 14.05
159905 -40 19.53 14.05
152207 -40 19.53 14.05
158723 -40 19.53 14.05
165222 -40 19.53 14.05
152909 -40 19.53 14.05
157942 -40 19.53 14.05
163235 -40 19.53 14.05
160670 -40 19.53 14.05
160348 -40 19.53 14.05
163179 -40 19.53 14.05
211788 -40 -28.12 12.06
211301 -40 -28.12 12.06
206681 -40 -28.12 12.06
202122 -40 -28.12 12.06
211588 -40 -28.12 12.06
211070 -40 -28.12 12.06
204723 -40 -28.12 12.06
209073 -40 -28.12 12.06
212495 -40 -28.12 12.06
208206 -40 -28.12 12.06
207108 -40 -28.12 12.06
207583 -40 -28.12 12.06
212708 -40 -28.12 12.06
206147 -40 -28.12 12.06
207700 -40 -28.12 12.06
207543 -40 -28.12 12.06
207807 -40 -28.12 12.06
209248 -40 -28.12 12.06
207006 -40 -28.12 12.06
209193 -40 -28.12 12.06
205360 -40 -28.12 12.06
207659 -40 -28.12 12.06
203622 -40 -28.12 12.06
210422 -40 -28.12 12.06
211464 -40 -28.12 12.06
209221 -40 -28.12 12.06
208798 -40 -28.12 12.06
207556 -40 -28.12 12.06
210726 -40 -28.12 12.06
208757 -40 -28.12 12.06
207198 -40 -28.12 12.06
207876 -40 -28.12 12.06
212607 -40 -28.12 12.06
204474 -40 -28.12 12.06
211098 -40 -28.12 12.06
206827 -40 -28.12 12.06
210392 -40 -28.12 12.06
215129 -40 -28.12 12.06
209851 -40 -28.12 12.06
182494 -40 18.49 -18.4
177403 -40 18.49 -18.4
180623 -40 18.49 -18.4
186365 -40 18.49 -18.4
182912 -40 18.49 -18.4
178881 -40 18.49 -18.4
180381 -40 18.49 -18.4
180588 -40 18.49 -18.4
183182 -40 18.49 -18.4
180837 -40 18.49 -18.4
179649 -40 18.49 -18.4
179882 -40 18.49 -18.4
180595 -40 18.49 -18.4
182958 -40 18.49 -18.4
183311 -40 18.49 -18.4
176824 -40 18.49 -18.4
185471 -40 18.49 -18.4
182222 -40 18.49 -18.4
181763 -40 18.49 -18.4
181702 -40 18.49 -18.4
183505 -40 18.49 -18.4
183512 -40 18.49 -18.4
175315 -40 18.49 -18.4
180974 -40 18.49 -18.4
179406 -40 18.49 -18.4
179103 -40 18.49 -18.4
179873 -40 18.49 -18.4
179333 -40 18.49 -18.4
181429 -40 18.49 -18.4
184395 -40 18.49 -18.4
185078 -40 18.49 -18.4
182890 -40 18.49 -18.4
177113 -40 18.49 -18.4
176497 -40 18.49 -18.4
183179 -40 18.49 -18.4
180262 -40 18.49 -18.4
184157 -40 18.49 -18.4
183719 -40 18.49 -18.4
182028 -40 18.49 -18.4
199156 -40 3.94 28.65
197938 -40 3.94 28.65
197350 -40 3.94 28.65
196093 -40 3.94 28.65
196825 -40 3.94 28.65
196476 -40 3.94 28.65
197854 -40 3.94 28.65
201595 -40 3.94 28.65
199760 -40 3.94 28.65
195218 -40 3.94 28.65
195729 -40 3.94 28.65
200200 -40 3.94 28.65
200425 -40 3.94 28.65
196718 -40 3.94 28.65
200719 -40 3.94 28.65
193135 -40 3.94 28.65
195454 -40 3.94 28.65
200508 -40 3.94 28.65
194266 -40 3.94 28.65
202121 -40 3.94 28.65
203444 -40 3.94 28.65
203673 -40 3.94 28.65
197577 -40 3.94 28.65
196673 -40 3.94 28.65
196827 -40 3.94 28.65
196428 -40 3.94 28.65
200498 -40 3.94 28.65
200277 -40 3.94 28.65
203956 -40 3.94 28.65
197763 -40 3.94 28.65
197359 -40 3.94 28.65
192942 -40 3.94 28.65
195692 -40 3.94 28.65
199723 -40 3.94 28.65
193706 -40 3.94 28.65
199819 -40 3.94 28.65
196954 -40 3.94 28.65
195225 -40 3.94 28.65
199660 -40 3.94 28.65
80166 -40 -12.14 4.66
83769 -40 -12.14 4.66
80496 -40 -12.14 4.66
80306 -40 -12.14 4.66
80594 -40 -12.14 4.66
80181 -40 -12.14 4.66
81634 -40 -12.14 4.66
74912 -40 -12.14 4.66
78941 -40 -12.14 4.66
80874 -40 -12.14 4.66
81766 -40 -12.14 4.66
80480 -40 -12.14 4.66
77363 -40 -12.14 4.66
78300 -40 -12.14 4.66
81364 -40 -12.14 4.66
78862 -40 -12.14 4.66
78241 -40 -12.14 4.66
79088 -40 -12.14 4.66
84242 -40 -12.14 4.66
78601 -40 -12.14 4.66
79771 -40 -12.14 4.66
80453 -40 -12.14 4.66
73002 -40 -12.14 4.66
82391 -40 -12.14 4.66
76621 -40 -12.14 4.66
82442 -40 -12.14 4.66
79857 -40 -12.14 4.66
79296 -40 -12.14 4.66
79766 -40 -12.14 4.66
80567 -40 -12.14 4.66
75323 -40 -12.14 4.66
78974 -40 -12.14 4.66
80867 -40 -12.14 4.66
77794 -40 -12.14 4.66
77057 -40 -12.14 4.66
79927 -40 -12.14 4.66
77321 -40 -12.14 4.66
78999 -40 -12.14 4.66
80262 -40 -12.14 4.66
183116 -40 -27.2 0.83
180973 -40 -27.2 0.83
182681 -40 -27.2 0.83
184063 -40 -27.2 0.83
187222 -40 -27.2 0.83
186776 -40 -27.2 0.83
187278 -40 -27.2 0.83
190627 -40 -27.2 0.83
185262 -40 -27.2 0.83
184597 -40 -27.2 0.83
186382 -40 -27.2 0.83
182878 -40 -27.2 0.83
184746 -40 -27.2 0.83
188716 -40 -27.2 0.83
184917 -40 -27.2 0.83
188120 -40 -27.2 0.83
186068 -40 -27.2 0.83
187488 -40 -27.2 0.83
188389 -40 -27.2 0.83
188145 -40 -27.2 0.83
186231 -40 -27.2 0.83
184214 -40 -27.2 0.83
184665 -40 -27.2 0.83
189103 -40 -27.2 0.83
183790 -40 -27.2 0.83
190659 -40 -27.2 0.83
186564 -40 -27.2 0.83
184047 -40 -27.2 0.83
188735 -40 -27.2 0.83
185529 -40 -27.2 0.83
188649 -40 -27.2 0.83
185691 -40 -27.2 0.83
185619 -40 -27.2 0.83
185644 -40 -27.2 0.83
183491 -40 -27.2 0.83
188621 -40 -27.2 0.83
188118 -40 -27.2 0.83
187688 -40 -27.2 0.83
188952 -40 -27.2 0.83
253012 -40 29.44 21.09
251799 -40 29.44 21.09
256582 -40 29.44 21.09
250397 -40 29.44 21.09
250909 -40 29.44 21.09
254724 -40 29.44 21.09
254964 -40 29.44 21.09
251098 -40 29.44 21.09
247402 -40 29.44 21.09
251154 -40 29.44 21.09
257788 -40 29.44 21.09
254918 -40 29.44 21.09
246966 -40 29.44 21.09
254666 -40 29.44 21.09
247725 -40 29.44 21.09
254910 -40 29.44 21.09
251824 -40 29.44 21.09
251847 -40 29.44 21.09
252895 -40 29.44 21.09
249028 -40 29.44 21.09
249735 -40 29.44 21.09
247480 -40 29.44 21.09
250831 -40 29.44 21.09
249864 -40 29.44 21.09
251069 -40 29.44 21.09
250930 -40 29.44 21.09
250352 -40 29.44 21.09
246934 -40 29.44 21.09
252589 -40 29.44 21.09
256956 -40 29.44 21.09
248932 -40 29.44 21.09
254767 -40 29.44 21.09
253800 -40 29.44 21.09
255894 -40 29.44 21.09
251643 -40 29.44 21.09
252049 -40 29.44 21.09
253173 -40 29.44 21.09
250330 -40 29.44 21.09
251802 -40 29.44 21.09
197034 -40 -29.6 -7.14
199680 -40 -29.6 -7.14
200765 -40 -29.6 -7.14
198577 -40 -29.6 -7.14
198436 -40 -29.6 -7.14
195018 -40 -29.6 -7.14
198909 -40 -29.6 -7.14
196350 -40 -29.6 -7.14
198338 -40 -29.6 -7.14
201870 -40 -29.6 -7.14
196080 -40 -29.6 -7.14
196144 -40 -29.6 -7.14
196171 -40 -29.6 -7.14
200216 -40 -29.6 -7.14
197474 -40 -29.6 -7.14
198523 -40 -29.6 -7.14
198054 -40 -29.6 -7.14
200546 -40 -29.6 -7.14
200677 -40 -29.6 -7.14
194148 -40 -29.6 -7.14
197528 -40 -29.6 -7.14
195290 -40 -29.6 -7.14
202135 -40 -29.6 -7.14
199801 -40 -29.6 -7.14
198274 -40 -29.6 -7.14
197513 -40 -29.6 -7.14
192439 -40 -29.6 -7.14
200151 -40 -29.6 -7.14
200905 -40 -29.6 -7.14
196919 -40 -29.6 -7.14
196074 -40 -29.6 -7.14
201490 -40 -29.6 -7.14
198455 -40 -29.6 -7.14
194471 -40 -29.6 -7.14
196214 -40 -29.6 -7.14
197392 -40 -29.6 -7.14
194318 -40 -29.6 -7.14
200361 -40 -29.6 -7.14
200470 -40 -29.6 -7.14
