#rtt sig_str x y
201592 -40 -4.98 29.84
203885 -40 -4.98 29.84
204541 -40 -4.98 29.84
201402 -40 -4.98 29.84
202308 -40 -4.98 29.84
202909 -40 -4.98 29.84
196543 -40 -4.98 29.84
202377 -40 -4.98 29.84
196672 -40 -4.98 29.84
203485 -40 -4.98 29.84
197794 -40 -4.98 29.84
202941 -40 -4.98 29.84
201360 -40 -4.98 29.84
200537 -40 -4.98 29.84
199304 -40 -4.98 29.84
198502 -40 -4.98 29.84
202567 -40 -4.98 29.84
198823 -40 -4.98 29.84
201111 -40 -4.98 29.84
202048 -40 -4.98 29.84
201534 -40 -4.98 29.84
203018 -40 -4.98 29.84
207595 -40 -4.98 29.84
204136 -40 -4.98 29.84
198973 -40 -4.98 29.84
202138 -40 -4.98 29.84
202551 -40 -4.98 29.84
204171 -40 -4.98 29.84
201225 -40 -4.98 29.84
205795 -40 -4.98 29.84
203142 -40 -4.98 29.84
200620 -40 -4.98 29.84
202976 -40 -4.98 29.84
201665 -40 -4.98 29.84
207913 -40 -4.98 29.84
205092 -40 -4.98 29.84
203057 -40 -4.98 29.84
201428 -40 -4.98 29.84
202071 -40 -4.98 29.84
191266 -40 13.22 25.96
196523 -40 13.22 25.96
197067 -40 13.22 25.96
191797 -40 13.22 25.96
190008 -40 13.22 25.96
197996 -40 13.22 25.96
193565 -40 13.22 25.96
195262 -40 13.22 25.96
191312 -40 13.22 25.96
196908 -40 13.22 25.96
196001 -40 13.22 25.96
192078 -40 13.22 25.96
193478 -40 13.22 25.96
194453 -40 13.22 25.96
196490 -40 13.22 25.96
190590 -40 13.22 25.96
196334 -40 13.22 25.96
197302 -40 13.22 25.96
194768 -40 13.22 25.96
195062 -40 13.22 25.96
196453 -40 13.22 25.96
186767 -40 13.22 25.96
192696 -40 13.22 25.96
192811 -40 13.22 25.96
196443 -40 13.22 25.96
192361 -40 13.22 25.96
199090 -40 13.22 25.96
191715 -40 13.22 25.96
193229 -40 13.22 25.96
192063 -40 13.22 25.96
196102 -40 13.22 25.96
192465 -40 13.22 25.96
194309 -40 13.22 25.96
196521 -40 13.22 25.96
193008 -40 13.22 25.96
189799 -40 13.22 25.96
192451 -40 13.22 25.96
192538 -40 13.22 25.96
196631 -40 13.22 25.96
250237 -40 -30 -22.32
250387 -40 -30 -22.32
247170 -40 -30 -22.32
245788 -40 -30 -22.32
253313 -40 -30 -22.32
248829 -40 -30 -22.32
250914 -40 -30 -22.32
248947 -40 -30 -22.32
247625 -40 -30 -22.32
247975 -40 -30 -22.32
246524 -40 -30 -22.32
251752 -40 -30 -22.32
247952 -40 -30 -22.32
249519 -40 -30 -22.32
250661 -40 -30 -22.32
247683 -40 -30 -22.32
251620 -40 -30 -22.32
245280 -40 -30 -22.32
248999 -40 -30 -22.32
248935 -40 -30 -22.32
248388 -40 -30 -22.32
250872 -40 -30 -22.32
245044 -40 -30 -22.32
247813 -40 -30 -22.32
253370 -40 -30 -22.32
250295 -40 -30 -22.32
250864 -40 -30 -22.32
253370 -40 -30 -22.32
246046 -40 -30 -22.32
250984 -40 -30 -22.32
250125 -40 -30 -22.32
253328 -40 -30 -22.32
247117 -40 -30 -22.32
253097 -40 -30 -22.32
249630 -40 -30 -22.32
248181 -40 -30 -22.32
249091 -40 -30 -22.32
247747 -40 -30 -22.32
246099 -40 -30 -22.32
214609 -40 -11.86 29.95
216909 -40 -11.86 29.95
213519 -40 -11.86 29.95
212009 -40 -11.86 29.95
214524 -40 -11.86 29.95
212032 -40 -11.86 29.95
213568 -40 -11.86 29.95
213706 -40 -11.86 29.95
218624 -40 -11.86 29.95
213939 -40 -11.86 29.95
212459 -40 -11.86 29.95
218629 -40 -11.86 29.95
214092 -40 -11.86 29.95
209972 -40 -11.86 29.95
210579 -40 -11.86 29.95
217531 -40 -11.86 29.95
211696 -40 -11.86 29.95
215626 -40 -11.86 29.95
213933 -40 -11.86 29.95
215866 -40 -11.86 29.95
214822 -40 -11.86 29.95
213778 -40 -11.86 29.95
215544 -40 -11.86 29.95
210571 -40 -11.86 29.95
215963 -40 -11.86 29.95
208179 -40 -11.86 29.95
216601 -40 -11.86 29.95
215797 -40 -11.86 29.95
214639 -40 -11.86 29.95
217212 -40 -11.86 29.95
218306 -40 -11.86 29.95
216000 -40 -11.86 29.95
214710 -40 -11.86 29.95
217853 -40 -11.86 29.95
215206 -40 -11.86 29.95
220347 -40 -11.86 29.95
217590 -40 -11.86 29.95
215522 -40 -11.86 29.95
212748 -40 -11.86 29.95
175179 -40 -21.2 -15.84
175774 -40 -21.2 -15.84
171448 -40 -21.2 -15.84
180250 -40 -21.2 -15.84
178394 -40 -21.2 -15.84
174031 -40 -21.2 -15.84
176411 -40 -21.2 -15.84
178568 -40 -21.2 -15.84
174441 -40 -21.2 -15.84
177407 -40 -21.2 -15.84
177192 -40 -21.2 -15.84
174554 -40 -21.2 -15.84
177132 -40 -21.2 -15.84
178423 -40 -21.2 -15.84
176594 -40 -21.2 -15.84
177379 -40 -21.2 -15.84
174211 -40 -21.2 -15.84
175664 -40 -21.2 -15.84
177620 -40 -21.2 -15.84
178447 -40 -21.2 -15.84
171066 -40 -21.2 -15.84
181384 -40 -21.2 -15.84
179544 -40 -21.2 -15.84
176033 -40 -21.2 -15.84
174852 -40 -21.2 -15.84
176717 -40 -21.2 -15.84
175995 -40 -21.2 -15.84
175931 -40 -21.2 -15.84
178148 -40 -21.2 -15.84
178990 -40 -21.2 -15.84
177366 -40 -21.2 -15.84
179648 -40 -21.2 -15.84
176089 -40 -21.2 -15.84
179118 -40 -21.2 -15.84
177096 -40 -21.2 -15.84
174492 -40 -21.2 -15.84
177842 -40 -21.2 -15.84
175056 -40 -21.2 -15.84
170630 -40 -21.2 -15.84
169576 -40 -24.46 -6.21
166591 -40 -24.46 -6.21
163505 -40 -24.46 -6.21
168261 -40 -24.46 -6.21
167910 -40 -24.46 -6.21
167664 -40 -24.46 -6.21
173636 -40 -24.46 -6.21
168316 -40 -24.46 -6.21
166447 -40 -24.46 -6.21
163946 -40 -24.46 -6.21
165173 -40 -24.46 -6.21
168340 -40 -24.46 -6.21
172398 -40 -24.46 -6.21
168610 -40 -24.46 -6.21
166604 -40 -24.46 -6.21
167807 -40 -24.46 -6.21
169274 -40 -24.46 -6.21
168370 -40 -24.46 -6.21
165622 -40 -24.46 -6.21
167198 -40 -24.46 -6.21
170980 -40 -24.46 -6.21
166966 -40 -24.46 -6.21
171747 -40 -24.46 -6.21
172410 -40 -24.46 -6.21
171547 -40 -24.46 -6.21
167285 -40 -24.46 -6.21
168144 -40 -24.46 -6.21
171473 -40 -24.46 -6.21
169194 -40 -24.46 -6.21
170488 -40 -24.46 -6.21
169364 -40 -24.46 -6.21
163924 -40 -24.46 -6.21
169249 -40 -24.46 -6.21
168541 -40 -24.46 -6.21
169656 -40 -24.46 -6.21
167148 -40 -24.46 -6.21
166492 -40 -24.46 -6.21
171483 -40 -24.46 -6.21
167294 -40 -24.46 -6.21
131777 -40 -18.83 -6.73
132749 -40 -18.83 -6.73
130616 -40 -18.83 -6.73
134206 -40 -18.83 -6.73
132791 -40 -18.83 -6.73
128441 -40 -18.83 -6.73
134750 -40 -18.83 -6.73
130993 -40 -18.83 -6.73
132707 -40 -18.83 -6.73
136120 -40 -18.83 -6.73
131873 -40 -18.83 -6.73
136837 -40 -18.83 -6.73
131901 -40 -18.83 -6.73
137888 -40 -18.83 -6.73
131329 -40 -18.83 -6.73
134775 -40 -18.83 -6.73
133739 -40 -18.83 -6.73
137153 -40 -18.83 -6.73
133366 -40 -18.83 -6.73
133214 -40 -18.83 -6.73
135125 -40 -18.83 -6.73
132101 -40 -18.83 -6.73
134004 -40 -18.83 -6.73
131649 -40 -18.83 -6.73
133914 -40 -18.83 -6.73
130457 -40 -18.83 -6.73
132363 -40 -18.83 -6.73
138166 -40 -18.83 -6.73
137438 -40 -18.83 -6.73
130949 -40 -18.83 -6.73
135938 -40 -18.83 -6.73
136277 -40 -18.83 -6.73
130811 -40 -18.83 -6.73
130454 -40 -18.83 -6.73
135170 -40 -18.83 -6.73
130936 -40 -18.83 -6.73
136025 -40 -18.83 -6.73
131108 -40 -18.83 -6.73
132694 -40 -18.83 -6.73
94189 -40 -9.27 10.19
91636 -40 -9.27 10.19
94972 -40 -9.27 10.19
87739 -40 -9.27 10.19
89215 -40 -9.27 10.19
90764 -40 -9.27 10.19
90477 -40 -9.27 10.19
92882 -40 -9.27 10.19
91075 -40 -9.27 10.19
90115 -40 -9.27 10.19
94955 -40 -9.27 10.19
91036 -40 -9.27 10.19
92296 -40 -9.27 10.19
90204 -40 -9.27 10.19
93332 -40 -9.27 10.19
94523 -40 -9.27 10.19
99253 -40 -9.27 10.19
90636 -40 -9.27 10.19
92220 -40 -9.27 10.19
87655 -40 -9.27 10.19
92467 -40 -9.27 10.19
90520 -40 -9.27 10.19
90451 -40 -9.27 10.19
91488 -40 -9.27 10.19
95286 -40 -9.27 10.19
94281 -40 -9.27 10.19
90480 -40 -9.27 10.19
93949 -40 -9.27 10.19
88211 -40 -9.27 10.19
90248 -40 -9.27 10.19
92437 -40 -9.27 10.19
92099 -40 -9.27 10.19
95398 -40 -9.27 10.19
92719 -40 -9.27 10.19
93838 -40 -9.27 10.19
88711 -40 -9.27 10.19
88370 -40 -9.27 10.19
97356 -40 -9.27 10.19
93108 -40 -9.27 10.19
185792 -40 -6.19 26.14
176818 -40 -6.19 26.14
182359 -40 -6.19 26.14
182061 -40 -6.19 26.14
179343 -40 -6.19 26.14
180321 -40 -6.19 26.14
178523 -40 -6.19 26.14
184181 -40 -6.19 26.14
181905 -40 -6.19 26.14
176074 -40 -6.19 26.14
178190 -40 -6.19 26.14
183307 -40 -6.19 26.14
182652 -40 -6.19 26.14
178601 -40 -6.19 26.14
173983 -40 -6.19 26.14
182560 -40 -6.19 26.14
180396 -40 -6.19 26.14
178807 -40 -6.19 26.14
177953 -40 -6.19 26.14
177497 -40 -6.19 26.14
177085 -40 -6.19 26.14
173671 -40 -6.19 26.14
176312 -40 -6.19 26.14
176114 -40 -6.19 26.14
182051 -40 -6.19 26.14
180262 -40 -6.19 26.14
176978 -40 -6.19 26.14
177411 -40 -6.19 26.14
179967 -40 -6.19 26.14
176288 -40 -6.19 26.14
180041 -40 -6.19 26.14
182449 -40 -6.19 26.14
178640 -40 -6.19 26.14
176362 -40 -6.19 26.14
180655 -40 -6.19 26.14
175792 -40 -6.19 26.14
176745 -40 -6.19 26.14
176419 -40 -6.19 26.14
177819 -40 -6.19 26.14
138491 -40 2.33 20.78
139036 -40 2.33 20.78
136760 -40 2.33 20.78
141126 -40 2.33 20.78
140527 -40 2.33 20.78
140384 -40 2.33 20.78
139416 -40 2.33 20.78
140343 -40 2.33 20.78
139792 -40 2.33 20.78
136282 -40 2.33 20.78
136555 -40 2.33 20.78
141930 -40 2.33 20.78
143669 -40 2.33 20.78
146003 -40 2.33 20.78
138296 -40 2.33 20.78
139678 -40 2.33 20.78
144396 -40 2.33 20.78
137054 -40 2.33 20.78
137971 -40 2.33 20.78
141692 -40 2.33 20.78
136536 -40 2.33 20.78
141792 -40 2.33 20.78
141302 -40 2.33 20.78
143101 -40 2.33 20.78
138401 -40 2.33 20.78
141381 -40 2.33 20.78
138427 -40 2.33 20.78
143669 -40 2.33 20.78
136815 -40 2.33 20.78
135456 -40 2.33 20.78
145678 -40 2.33 20.78
138723 -40 2.33 20.78
140673 -40 2.33 20.78
143419 -40 2.33 20.78
136058 -40 2.33 20.78
142770 -40 2.33 20.78
143222 -40 2.33 20.78
138878 -40 2.33 20.78
145845 -40 2.33 20.78
