#rtt sig_str x y
124168 -40 -3.84 -18.9
124776 -40 -3.84 -18.9
126597 -40 -3.84 -18.9
131528 -40 -3.84 -18.9
126154 -40 -3.84 -18.9
130614 -40 -3.84 -18.9
130433 -40 -3.84 -18.9
129841 -40 -3.84 -18.9
125260 -40 -3.84 -18.9
125637 -40 -3.84 -18.9
129977 -40 -3.84 -18.9
128213 -40 -3.84 -18.9
127863 -40 -3.84 -18.9
125328 -40 -3.84 -18.9
129153 -40 -3.84 -18.9
129236 -40 -3.84 -18.9
130304 -40 -3.84 -18.9
132230 -40 -3.84 -18.9
129449 -40 -3.84 -18.9
128050 -40 -3.84 -18.9
126215 -40 -3.84 -18.9
125049 -40 -3.84 -18.9
121362 -40 -3.84 -18.9
130194 -40 -3.84 -18.9
130140 -40 -3.84 -18.9
128033 -40 -3.84 -18.9
129649 -40 -3.84 -18.9
123207 -40 -3.84 -18.9
131614 -40 -3.84 -18.9
127082 -40 -3.84 -18.9
125122 -40 -3.84 -18.9
126634 -40 -3.84 -18.9
127986 -40 -3.84 -18.9
128392 -40 -3.84 -18.9
130115 -40 -3.84 -18.9
129437 -40 -3.84 -18.9
129898 -40 -3.84 -18.9
128556 -40 -3.84 -18.9
129080 -40 -3.84 -18.9
253976 -40 -28.45 25.9
254928 -40 -28.45 25.9
257234 -40 -28.45 25.9
260832 -40 -28.45 25.9
254258 -40 -28.45 25.9
264122 -40 -28.45 25.9
256097 -40 -28.45 25.9
262076 -40 -28.45 25.9
255347 -40 -28.45 25.9
257105 -40 -28.45 25.9
254003 -40 -28.45 25.9
255979 -40 -28.45 25.9
257282 -40 -28.45 25.9
258166 -40 -28.45 25.9
257457 -40 -28.45 25.9
259014 -40 -28.45 25.9
257268 -40 -28.45 25.9
258105 -40 -28.45 25.9
258250 -40 -28.45 25.9
255239 -40 -28.45 25.9
254206 -40 -28.45 25.9
255231 -40 -28.45 25.9
254403 -40 -28.45 25.9
256824 -40 -28.45 25.9
256668 -40 -28.45 25.9
260704 -40 -28.45 25.9
256297 -40 -28.45 25.9
252198 -40 -28.45 25.9
257959 -40 -28.45 25.9
259720 -40 -28.45 25.9
255433 -40 -28.45 25.9
253968 -40 -28.45 25.9
257564 -40 -28.45 25.9
260517 -40 -28.45 25.9
259873 -40 -28.45 25.9
254551 -40 -28.45 25.9
257240 -40 -28.45 25.9
252416 -40 -28.45 25.9
255134 -40 -28.45 25.9
181997 -40 2.98 26.87
178182 -40 2.98 26.87
182492 -40 2.98 26.87
180161 -40 2.98 26.87
178787 -40 2.98 26.87
178503 -40 2.98 26.87
182062 -40 2.98 26.87
173465 -40 2.98 26.87
180953 -40 2.98 26.87
178212 -40 2.98 26.87
180090 -40 2.98 26.87
183362 -40 2.98 26.87
181641 -40 2.98 26.87
175166 -40 2.98 26.87
181234 -40 2.98 26.87
181444 -40 2.98 26.87
182571 -40 2.98 26.87
178913 -40 2.98 26.87
177673 -40 2.98 26.87
181388 -40 2.98 26.87
186812 -40 2.98 26.87
178016 -40 2.98 26.87
176952 -40 2.98 26.87
183377 -40 2.98 26.87
179752 -40 2.98 26.87
180655 -40 2.98 26.87
185353 -40 2.98 26.87
180940 -40 2.98 26.87
186432 -40 2.98 26.87
180723 -40 2.98 26.87
182279 -40 2.98 26.87
181763 -40 2.98 26.87
184485 -40 2.98 26.87
177789 -40 2.98 26.87
180014 -40 2.98 26.87
182597 -40 2.98 26.87
178994 -40 2.98 26.87
178961 -40 2.98 26.87
181820 -40 2.98 26.87
27918 -40 -3.88 -0.92
24267 -40 -3.88 -0.92
22302 -40 -3.88 -0.92
28461 -40 -3.88 -0.92
27138 -40 -3.88 -0.92
28837 -40 -3.88 -0.92
25745 -40 -3.88 -0.92
28846 -40 -3.88 -0.92
29210 -40 -3.88 -0.92
29160 -40 -3.88 -0.92
25827 -40 -3.88 -0.92
28683 -40 -3.88 -0.92
27005 -40 -3.88 -0.92
28898 -40 -3.88 -0.92
27922 -40 -3.88 -0.92
23050 -40 -3.88 -0.92
28987 -40 -3.88 -0.92
27456 -40 -3.88 -0.92
25875 -40 -3.88 -0.92
22422 -40 -3.88 -0.92
26136 -40 -3.88 -0.92
28921 -40 -3.88 -0.92
28664 -40 -3.88 -0.92
26411 -40 -3.88 -0.92
23638 -40 -3.88 -0.92
27310 -40 -3.88 -0.92
23397 -40 -3.88 -0.92
27308 -40 -3.88 -0.92
30364 -40 -3.88 -0.92
22722 -40 -3.88 -0.92
25358 -40 -3.88 -0.92
30029 -40 -3.88 -0.92
26898 -40 -3.88 -0.92
26226 -40 -3.88 -0.92
26946 -40 -3.88 -0.92
32606 -40 -3.88 -0.92
23340 -40 -3.88 -0.92
23953 -40 -3.88 -0.92
28161 -40 -3.88 -0.92
75529 -40 -4.78 -10.77
76680 -40 -4.78 -10.77
77301 -40 -4.78 -10.77
79291 -40 -4.78 -10.77
84968 -40 -4.78 -10.77
77174 -40 -4.78 -10.77
75881 -40 -4.78 -10.77
81011 -40 -4.78 -10.77
74586 -40 -4.78 -10.77
77023 -40 -4.78 -10.77
79930 -40 -4.78 -10.77
75743 -40 -4.78 -10.77
82622 -40 -4.78 -10.77
74482 -40 -4.78 -10.77
75339 -40 -4.78 -10.77
74622 -40 -4.78 -10.77
81252 -40 -4.78 -10.77
80583 -40 -4.78 -10.77
78493 -40 -4.78 -10.77
83223 -40 -4.78 -10.77
79625 -40 -4.78 -10.77
72043 -40 -4.78 -10.77
75991 -40 -4.78 -10.77
81162 -40 -4.78 -10.77
79411 -40 -4.78 -10.77
80320 -40 -4.78 -10.77
81113 -40 -4.78 -10.77
77605 -40 -4.78 -10.77
80416 -40 -4.78 -10.77
87687 -40 -4.78 -10.77
77672 -40 -4.78 -10.77
81346 -40 -4.78 -10.77
78617 -40 -4.78 -10.77
77248 -40 -4.78 -10.77
77790 -40 -4.78 -10.77
77756 -40 -4.78 -10.77
79385 -40 -4.78 -10.77
79460 -40 -4.78 -10.77
81246 -40 -4.78 -10.77
154264 -40 -10.18 -20.74
154891 -40 -10.18 -20.74
157768 -40 -10.18 -20.74
154954 -40 -10.18 -20.74
152315 -40 -10.18 -20.74
153670 -40 -10.18 -20.74
151947 -40 -10.18 -20.74
154544 -40 -10.18 -20.74
156537 -40 -10.18 -20.74
152291 -40 -10.18 -20.74
153505 -40 -10.18 -20.74
155153 -40 -10.18 -20.74
151533 -40 -10.18 -20.74
151162 -40 -10.18 -20.74
156227 -40 -10.18 -20.74
158241 -40 -10.18 -20.74
153228 -40 -10.18 -20.74
155149 -40 -10.18 -20.74
153567 -40 -10.18 -20.74
150414 -40 -10.18 -20.74
154914 -40 -10.18 -20.74
156703 -40 -10.18 -20.74
149622 -40 -10.18 -20.74
155809 -40 -10.18 -20.74
151249 -40 -10.18 -20.74
153788 -40 -10.18 -20.74
155497 -40 -10.18 -20.74
149641 -40 -10.18 -20.74
150881 -40 -10.18 -20.74
151495 -40 -10.18 -20.74
149926 -40 -10.18 -20.74
152533 -40 -10.18 -20.74
152689 -40 -10.18 -20.74
152140 -40 -10.18 -20.74
151144 -40 -10.18 -20.74
152299 -40 -10.18 -20.74
151575 -40 -10.18 -20.74
151950 -40 -10.18 -20.74
154068 -40 -10.18 -20.74
143124 -40 -17.72 11.93
139730 -40 -17.72 11.93
142995 -40 -17.72 11.93
140425 -40 -17.72 11.93
142085 -40 -17.72 11.93
143090 -40 -17.72 11.93
139605 -40 -17.72 11.93
139775 -40 -17.72 11.93
145908 -40 -17.72 11.93
141621 -40 -17.72 11.93
141820 -40 -17.72 11.93
142353 -40 -17.72 11.93
145300 -40 -17.72 11.93
144497 -40 -17.72 11.93
146936 -40 -17.72 11.93
144390 -40 -17.72 11.93
138697 -40 -17.72 11.93
142650 -40 -17.72 11.93
142583 -40 -17.72 11.93
141079 -40 -17.72 11.93
139917 -40 -17.72 11.93
143999 -40 -17.72 11.93
142434 -40 -17.72 11.93
142978 -40 -17.72 11.93
139647 -40 -17.72 11.93
146346 -40 -17.72 11.93
141605 -40 -17.72 11.93
139768 -40 -17.72 11.93
137401 -40 -17.72 11.93
144388 -40 -17.72 11.93
143357 -40 -17.72 11.93
141074 -40 -17.72 11.93
140832 -40 -17.72 11.93
138449 -40 -17.72 11.93
147605 -40 -17.72 11.93
140411 -40 -17.72 11.93
150130 -40 -17.72 11.93
141907 -40 -17.72 11.93
140364 -40 -17.72 11.93
153597 -40 7.16 -22.81
163877 -40 7.16 -22.81
162493 -40 7.16 -22.81
156992 -40 7.16 -22.81
158818 -40 7.16 -22.81
165573 -40 7.16 -22.81
159295 -40 7.16 -22.81
157419 -40 7.16 -22.81
160657 -40 7.16 -22.81
162351 -40 7.16 -22.81
163901 -40 7.16 -22.81
157235 -40 7.16 -22.81
159379 -40 7.16 -22.81
160278 -40 7.16 -22.81
160097 -40 7.16 -22.81
160216 -40 7.16 -22.81
160448 -40 7.16 -22.81
162278 -40 7.16 -22.81
164238 -40 7.16 -22.81
159592 -40 7.16 -22.81
159992 -40 7.16 -22.81
155408 -40 7.16 -22.81
156603 -40 7.16 -22.81
155265 -40 7.16 -22.81
157722 -40 7.16 -22.81
157177 -40 7.16 -22.81
154178 -40 7.16 -22.81
158503 -40 7.16 -22.81
159634 -40 7.16 -22.81
157387 -40 7.16 -22.81
159164 -40 7.16 -22.81
164497 -40 7.16 -22.81
156906 -40 7.16 -22.81
157891 -40 7.16 -22.81
160076 -40 7.16 -22.81
159577 -40 7.16 -22.81
157264 -40 7.16 -22.81
161590 -40 7.16 -22.81
156710 -40 7.16 -22.81
76142 -40 -12.02 -0.89
81409 -40 -12.02 -0.89
83653 -40 -12.02 -0.89
77768 -40 -12.02 -0.89
81764 -40 -12.02 -0.89
78197 -40 -12.02 -0.89
80913 -40 -12.02 -0.89
78837 -40 -12.02 -0.89
79532 -40 -12.02 -0.89
76142 -40 -12.02 -0.89
76996 -40 -12.02 -0.89
77706 -40 -12.02 -0.89
76848 -40 -12.02 -0.89
82263 -40 -12.02 -0.89
80059 -40 -12.02 -0.89
84541 -40 -12.02 -0.89
82153 -40 -12.02 -0.89
76074 -40 -12.02 -0.89
80529 -40 -12.02 -0.89
79671 -40 -12.02 -0.89
76164 -40 -12.02 -0.89
79493 -40 -12.02 -0.89
81193 -40 -12.02 -0.89
78456 -40 -12.02 -0.89
81644 -40 -12.02 -0.89
77740 -40 -12.02 -0.89
78400 -40 -12.02 -0.89
80596 -40 -12.02 -0.89
80027 -40 -12.02 -0.89
82357 -40 -12.02 -0.89
80935 -40 -12.02 -0.89
77955 -40 -12.02 -0.89
85501 -40 -12.02 -0.89
77555 -40 -12.02 -0.89
82876 -40 -12.02 -0.89
80908 -40 -12.02 -0.89
78541 -40 -12.02 -0.89
81650 -40 -12.02 -0.89
82411 -40 -12.02 -0.89
107160 -40 -13.99 7.97
112342 -40 -13.99 7.97
109089 -40 -13.99 7.97
107414 -40 -13.99 7.97
107585 -40 -13.99 7.97
107455 -40 -13.99 7.97
109423 -40 -13.99 7.97
105561 -40 -13.99 7.97
105542 -40 -13.99 7.97
109804 -40 -13.99 7.97
106951 -40 -13.99 7.97
104082 -40 -13.99 7.97
107017 -40 -13.99 7.97
107561 -40 -13.99 7.97
110914 -40 -13.99 7.97
107087 -40 -13.99 7.97
108069 -40 -13.99 7.97
104840 -40 -13.99 7.97
107963 -40 -13.99 7.97
109847 -40 -13.99 7.97
107959 -40 -13.99 7.97
108182 -40 -13.99 7.97
107799 -40 -13.99 7.97
108780 -40 -13.99 7.97
109991 -40 -13.99 7.97
107555 -40 -13.99 7.97
110537 -40 -13.99 7.97
109067 -40 -13.99 7.97
105252 -40 -13.99 7.97
104651 -40 -13.99 7.97
103455 -40 -13.99 7.97
110000 -40 -13.99 7.97
103465 -40 -13.99 7.97
109652 -40 -13.99 7.97
102792 -40 -13.99 7.97
105663 -40 -13.99 7.97
110386 -40 -13.99 7.97
109083 -40 -13.99 7.97
104748 -40 -13.99 7.97
