#rtt sig_str x y
175500 -40 3.05 -25.76
177863 -40 3.05 -25.76
170195 -40 3.05 -25.76
173845 -40 3.05 -25.76
174010 -40 3.05 -25.76
170575 -40 3.05 -25.76
172760 -40 3.05 -25.76
176831 -40 3.05 -25.76
177341 -40 3.05 -25.76
172663 -40 3.05 -25.76
173514 -40 3.05 -25.76
172799 -40 3.05 -25.76
174743 -40 3.05 -25.76
172061 -40 3.05 -25.76
170190 -40 3.05 -25.76
171741 -40 3.05 -25.76
174216 -40 3.05 -25.76
173840 -40 3.05 -25.76
171983 -40 3.05 -25.76
172484 -40 3.05 -25.76
172392 -40 3.05 -25.76
175015 -40 3.05 -25.76
171316 -40 3.05 -25.76
174477 -40 3.05 -25.76
173193 -40 3.05 -25.76
172451 -40 3.05 -25.76
173999 -40 3.05 -25.76
175704 -40 3.05 -25.76
169188 -40 3.05 -25.76
169973 -40 3.05 -25.76
169997 -40 3.05 -25.76
174434 -40 3.05 -25.76
168995 -40 3.05 -25.76
175764 -40 3.05 -25.76
175813 -40 3.05 -25.76
174171 -40 3.05 -25.76
181508 -40 3.05 -25.76
170350 -40 3.05 -25.76
177741 -40 3.05 -25.76
162063 -40 12.49 20.4
164044 -40 12.49 20.4
157679 -40 12.49 20.4
157473 -40 12.49 20.4
157945 -40 12.49 20.4
153499 -40 12.49 20.4
158858 -40 12.49 20.4
162243 -40 12.49 20.4
160619 -40 12.49 20.4
163642 -40 12.49 20.4
157321 -40 12.49 20.4
158965 -40 12.49 20.4
157335 -40 12.49 20.4
158027 -40 12.49 20.4
159677 -40 12.49 20.4
161395 -40 12.49 20.4
155622 -40 12.49 20.4
158900 -40 12.49 20.4
161031 -40 12.49 20.4
158105 -40 12.49 20.4
157318 -40 12.49 20.4
157849 -40 12.49 20.4
157372 -40 12.49 20.4
156619 -40 12.49 20.4
160890 -40 12.49 20.4
157609 -40 12.49 20.4
161356 -40 12.49 20.4
155966 -40 12.49 20.4
156914 -40 12.49 20.4
158575 -40 12.49 20.4
164023 -40 12.49 20.4
158320 -40 12.49 20.4
164389 -40 12.49 20.4
161309 -40 12.49 20.4
163654 -40 12.49 20.4
160412 -40 12.49 20.4
158359 -40 12.49 20.4
159684 -40 12.49 20.4
157294 -40 12.49 20.4
174924 -40 -12.55 -22.72
169523 -40 -12.55 -22.72
173557 -40 -12.55 -22.72
176661 -40 -12.55 -22.72
176983 -40 -12.55 -22.72
178629 -40 -12.55 -22.72
173944 -40 -12.55 -22.72
173129 -40 -12.55 -22.72
173331 -40 -12.55 -22.72
169644 -40 -12.55 -22.72
173066 -40 -12.55 -22.72
177317 -40 -12.55 -22.72
174060 -40 -12.55 -22.72
174123 -40 -12.55 -22.72
176762 -40 -12.55 -22.72
171069 -40 -12.55 -22.72
177497 -40 -12.55 -22.72
174820 -40 -12.55 -22.72
169456 -40 -12.55 -22.72
172333 -40 -12.55 -22.72
173698 -40 -12.55 -22.72
172195 -40 -12.55 -22.72
173607 -40 -12.55 -22.72
171577 -40 -12.55 -22.72
172295 -40 -12.55 -22.72
174774 -40 -12.55 -22.72
175780 -40 -12.55 -22.72
172361 -40 -12.55 -22.72
175438 -40 -12.55 -22.72
171761 -40 -12.55 -22.72
174358 -40 -12.55 -22.72
169326 -40 -12.55 -22.72
173370 -40 -12.55 -22.72
172029 -40 -12.55 -22.72
174940 -40 -12.55 -22.72
175860 -40 -12.55 -22.72
170168 -40 -12.55 -22.72
171067 -40 -12.55 -22.72
174382 -40 -12.55 -22.72
31637 -40 0.65 4.16
34470 -40 0.65 4.16
29044 -40 0.65 4.16
24994 -40 0.65 4.16
30668 -40 0.65 4.16
29495 -40 0.65 4.16
29033 -40 0.65 4.16
28540 -40 0.65 4.16
27487 -40 0.65 4.16
31535 -40 0.65 4.16
23580 -40 0.65 4.16
27272 -40 0.65 4.16
23724 -40 0.65 4.16
28431 -40 0.65 4.16
24175 -40 0.65 4.16
28802 -40 0.65 4.16
28952 -40 0.65 4.16
30139 -40 0.65 4.16
29708 -40 0.65 4.16
31124 -40 0.65 4.16
26306 -40 0.65 4.16
23186 -40 0.65 4.16
31905 -40 0.65 4.16
31013 -40 0.65 4.16
25662 -40 0.65 4.16
32219 -40 0.65 4.16
30883 -40 0.65 4.16
22571 -40 0.65 4.16
27997 -40 0.65 4.16
27324 -40 0.65 4.16
32207 -40 0.65 4.16
29057 -40 0.65 4.16
30233 -40 0.65 4.16
24384 -40 0.65 4.16
27218 -40 0.65 4.16
25695 -40 0.65 4.16
26072 -40 0.65 4.16
27113 -40 0.65 4.16
31418 -40 0.65 4.16
159460 -40 23.58 -3.78
160387 -40 23.58 -3.78
161073 -40 23.58 -3.78
160946 -40 23.58 -3.78
161301 -40 23.58 -3.78
163378 -40 23.58 -3.78
159407 -40 23.58 -3.78
157767 -40 23.58 -3.78
157316 -40 23.58 -3.78
160075 -40 23.58 -3.78
158518 -40 23.58 -3.78
163518 -40 23.58 -3.78
154891 -40 23.58 -3.78
157315 -40 23.58 -3.78
156202 -40 23.58 -3.78
160010 -40 23.58 -3.78
156098 -40 23.58 -3.78
155141 -40 23.58 -3.78
158758 -40 23.58 -3.78
156744 -40 23.58 -3.78
160815 -40 23.58 -3.78
158832 -40 23.58 -3.78
157112 -40 23.58 -3.78
159017 -40 23.58 -3.78
156924 -40 23.58 -3.78
159664 -40 23.58 -3.78
158836 -40 23.58 -3.78
154962 -40 23.58 -3.78
158717 -40 23.58 -3.78
158064 -40 23.58 -3.78
157540 -40 23.58 -3.78
158788 -40 23.58 -3.78
159579 -40 23.58 -3.78
154636 -40 23.58 -3.78
161010 -40 23.58 -3.78
158952 -40 23.58 -3.78
159759 -40 23.58 -3.78
164462 -40 23.58 -3.78
157454 -40 23.58 -3.78
250337 -40 23.78 -28.88
246486 -40 23.78 -28.88
253917 -40 23.78 -28.88
254424 -40 23.78 -28.88
246131 -40 23.78 -28.88
245452 -40 23.78 -28.88
247155 -40 23.78 -28.88
252573 -40 23.78 -28.88
248809 -40 23.78 -28.88
248950 -40 23.78 -28.88
249280 -40 23.78 -28.88
250364 -40 23.78 -28.88
248294 -40 23.78 -28.88
256623 -40 23.78 -28.88
246830 -40 23.78 -28.88
253552 -40 23.78 -28.88
244714 -40 23.78 -28.88
250716 -40 23.78 -28.88
249178 -40 23.78 -28.88
255371 -40 23.78 -28.88
249990 -40 23.78 -28.88
249420 -40 23.78 -28.88
249385 -40 23.78 -28.88
249466 -40 23.78 -28.88
246462 -40 23.78 -28.88
250761 -40 23.78 -28.88
252576 -40 23.78 -28.88
252775 -40 23.78 -28.88
245767 -40 23.78 -28.88
250982 -40 23.78 -28.88
254714 -40 23.78 -28.88
251629 -40 23.78 -28.88
246637 -40 23.78 -28.88
253928 -40 23.78 -28.88
249726 -40 23.78 -28.88
252235 -40 23.78 -28.88
246414 -40 23.78 -28.88
251195 -40 23.78 -28.88
252180 -40 23.78 -28.88
239405 -40 -22.47 -27.57
235188 -40 -22.47 -27.57
239751 -40 -22.47 -27.57
233066 -40 -22.47 -27.57
239163 -40 -22.47 -27.57
236190 -40 -22.47 -27.57
239971 -40 -22.47 -27.57
236463 -40 -22.47 -27.57
236665 -40 -22.47 -27.57
236436 -40 -22.47 -27.57
238102 -40 -22.47 -27.57
243562 -40 -22.47 -27.57
230354 -40 -22.47 -27.57
235665 -40 -22.47 -27.57
232459 -40 -22.47 -27.57
237964 -40 -22.47 -27.57
237859 -40 -22.47 -27.57
239834 -40 -22.47 -27.57
232275 -40 -22.47 -27.57
237625 -40 -22.47 -27.57
234411 -40 -22.47 -27.57
235736 -40 -22.47 -27.57
233526 -40 -22.47 -27.57
243119 -40 -22.47 -27.57
236762 -40 -22.47 -27.57
237012 -40 -22.47 -27.57
239878 -40 -22.47 -27.57
238828 -40 -22.47 -27.57
236033 -40 -22.47 -27.57
240087 -40 -22.47 -27.57
235024 -40 -22.47 -27.57
240664 -40 -22.47 -27.57
238586 -40 -22.47 -27.57
236797 -40 -22.47 -27.57
236791 -40 -22.47 -27.57
241552 -40 -22.47 -27.57
238177 -40 -22.47 -27.57
243745 -40 -22.47 -27.57
239851 -40 -22.47 -27.57
154346 -40 -17.57 -15.13
156602 -40 -17.57 -15.13
155737 -40 -17.57 -15.13
153498 -40 -17.57 -15.13
152868 -40 -17.57 -15.13
154441 -40 -17.57 -15.13
155277 -40 -17.57 -15.13
150809 -40 -17.57 -15.13
157065 -40 -17.57 -15.13
151667 -40 -17.57 -15.13
154257 -40 -17.57 -15.13
152251 -40 -17.57 -15.13
156965 -40 -17.57 -15.13
152665 -40 -17.57 -15.13
152057 -40 -17.57 -15.13
156320 -40 -17.57 -15.13
151690 -40 -17.57 -15.13
153670 -40 -17.57 -15.13
152620 -40 -17.57 -15.13
155894 -40 -17.57 -15.13
155398 -40 -17.57 -15.13
158953 -40 -17.57 -15.13
156510 -40 -17.57 -15.13
154318 -40 -17.57 -15.13
157849 -40 -17.57 -15.13
157412 -40 -17.57 -15.13
150334 -40 -17.57 -15.13
156304 -40 -17.57 -15.13
149253 -40 -17.57 -15.13
153908 -40 -17.57 -15.13
153841 -40 -17.57 -15.13
152547 -40 -17.57 -15.13
154414 -40 -17.57 -15.13
151102 -40 -17.57 -15.13
158204 -40 -17.57 -15.13
154734 -40 -17.57 -15.13
154907 -40 -17.57 -15.13
156389 -40 -17.57 -15.13
158052 -40 -17.57 -15.13
244386 -40 -26.92 -24.39
245400 -40 -26.92 -24.39
244709 -40 -26.92 -24.39
246400 -40 -26.92 -24.39
246427 -40 -26.92 -24.39
241344 -40 -26.92 -24.39
246278 -40 -26.92 -24.39
242303 -40 -26.92 -24.39
244669 -40 -26.92 -24.39
241161 -40 -26.92 -24.39
242329 -40 -26.92 -24.39
244485 -40 -26.92 -24.39
246376 -40 -26.92 -24.39
246012 -40 -26.92 -24.39
242099 -40 -26.92 -24.39
240026 -40 -26.92 -24.39
241853 -40 -26.92 -24.39
239474 -40 -26.92 -24.39
242606 -40 -26.92 -24.39
240540 -40 -26.92 -24.39
243276 -40 -26.92 -24.39
242975 -40 -26.92 -24.39
241864 -40 -26.92 -24.39
240544 -40 -26.92 -24.39
245448 -40 -26.92 -24.39
240995 -40 -26.92 -24.39
241306 -40 -26.92 -24.39
243452 -40 -26.92 -24.39
244270 -40 -26.92 -24.39
238116 -40 -26.92 -24.39
250722 -40 -26.92 -24.39
240798 -40 -26.92 -24.39
243826 -40 -26.92 -24.39
243614 -40 -26.92 -24.39
243702 -40 -26.92 -24.39
237962 -40 -26.92 -24.39
240034 -40 -26.92 -24.39
241653 -40 -26.92 -24.39
244856 -40 -26.92 -24.39
83982 -40 -3.55 11.69
80822 -40 -3.55 11.69
84645 -40 -3.55 11.69
80457 -40 -3.55 11.69
84097 -40 -3.55 11.69
77087 -40 -3.55 11.69
82922 -40 -3.55 11.69
81340 -40 -3.55 11.69
83076 -40 -3.55 11.69
79503 -40 -3.55 11.69
80267 -40 -3.55 11.69
81055 -40 -3.55 11.69
80905 -40 -3.55 11.69
77217 -40 -3.55 11.69
79041 -40 -3.55 11.69
78405 -40 -3.55 11.69
80023 -40 -3.55 11.69
79459 -40 -3.55 11.69
79798 -40 -3.55 11.69
76447 -40 -3.55 11.69
76442 -40 -3.55 11.69
79993 -40 -3.55 11.69
77340 -40 -3.55 11.69
87761 -40 -3.55 11.69
79835 -40 -3.55 11.69
80006 -40 -3.55 11.69
79473 -40 -3.55 11.69
83331 -40 -3.55 11.69
78249 -40 -3.55 11.69
80767 -40 -3.55 11.69
80021 -40 -3.55 11.69
81689 -40 -3.55 11.69
82532 -40 -3.55 11.69
81064 -40 -3.55 11.69
79548 -40 -3.55 11.69
86283 -40 -3.55 11.69
82301 -40 -3.55 11.69
80631 -40 -3.55 11.69
84635 -40 -3.55 11.69
