#rtt sig_str x y
248804 -40 28.03 24.04
243994 -40 28.03 24.04
242429 -40 28.03 24.04
246573 -40 28.03 24.04
245293 -40 28.03 24.04
244057 -40 28.03 24.04
249892 -40 28.03 24.04
244217 -40 28.03 24.04
245430 -40 28.03 24.04
241097 -40 28.03 24.04
245750 -40 28.03 24.04
246929 -40 28.03 24.04
247512 -40 28.03 24.04
243406 -40 28.03 24.04
249732 -40 28.03 24.04
240132 -40 28.03 24.04
248955 -40 28.03 24.04
243319 -40 28.03 24.04
244812 -40 28.03 24.04
247854 -40 28.03 24.04
246735 -40 28.03 24.04
246057 -40 28.03 24.04
248801 -40 28.03 24.04
246629 -40 28.03 24.04
245009 -40 28.03 24.04
249118 -40 28.03 24.04
247540 -40 28.03 24.04
243559 -40 28.03 24.04
244702 -40 28.03 24.04
244496 -40 28.03 24.04
244971 -40 28.03 24.04
247316 -40 28.03 24.04
246882 -40 28.03 24.04
246621 -40 28.03 24.04
249167 -40 28.03 24.04
247729 -40 28.03 24.04
246912 -40 28.03 24.04
244571 -40 28.03 24.04
246674 -40 28.03 24.04
127328 -40 2.83 -19.64
131921 -40 2.83 -19.64
131342 -40 2.83 -19.64
131662 -40 2.83 -19.64
132609 -40 2.83 -19.64
130382 -40 2.83 -19.64
133111 -40 2.83 -19.64
127235 -40 2.83 -19.64
134704 -40 2.83 -19.64
133026 -40 2.83 -19.64
131979 -40 2.83 -19.64
127823 -40 2.83 -19.64
131803 -40 2.83 -19.64
131507 -40 2.83 -19.64
134300 -40 2.83 -19.64
131021 -40 2.83 -19.64
131194 -40 2.83 -19.64
133851 -40 2.83 -19.64
131825 -40 2.83 -19.64
132106 -40 2.83 -19.64
132813 -40 2.83 -19.64
129169 -40 2.83 -19.64
128405 -40 2.83 -19.64
132167 -40 2.83 -19.64
132351 -40 2.83 -19.64
131180 -40 2.83 -19.64
131731 -40 2.83 -19.64
133976 -40 2.83 -19.64
131842 -40 2.83 -19.64
131830 -40 2.83 -19.64
137710 -40 2.83 -19.64
132538 -40 2.83 -19.64
127730 -40 2.83 -19.64
130840 -40 2.83 -19.64
130142 -40 2.83 -19.64
132705 -40 2.83 -19.64
131956 -40 2.83 -19.64
133012 -40 2.83 -19.64
133297 -40 2.83 -19.64
232836 -40 28.37 21.34
235784 -40 28.37 21.34
242368 -40 28.37 21.34
234199 -40 28.37 21.34
235262 -40 28.37 21.34
239226 -40 28.37 21.34
235008 -40 28.37 21.34
241326 -40 28.37 21.34
235054 -40 28.37 21.34
235508 -40 28.37 21.34
235969 -40 28.37 21.34
236814 -40 28.37 21.34
237362 -40 28.37 21.34
233555 -40 28.37 21.34
236114 -40 28.37 21.34
239866 -40 28.37 21.34
235848 -40 28.37 21.34
237231 -40 28.37 21.34
233277 -40 28.37 21.34
235654 -40 28.37 21.34
237990 -40 28.37 21.34
237397 -40 28.37 21.34
237275 -40 28.37 21.34
241395 -40 28.37 21.34
241527 -40 28.37 21.34
238208 -40 28.37 21.34
235409 -40 28.37 21.34
235174 -40 28.37 21.34
234110 -40 28.37 21.34
238747 -40 28.37 21.34
233857 -40 28.37 21.34
238791 -40 28.37 21.34
238489 -40 28.37 21.34
238268 -40 28.37 21.34
233050 -40 28.37 21.34
236062 -40 28.37 21.34
237596 -40 28.37 21.34
235075 -40 28.37 21.34
238992 -40 28.37 21.34
94563 -40 12.89 6.54
95624 -40 12.89 6.54
97918 -40 12.89 6.54
97938 -40 12.89 6.54
93593 -40 12.89 6.54
99332 -40 12.89 6.54
98788 -40 12.89 6.54
95240 -40 12.89 6.54
100311 -40 12.89 6.54
99082 -40 12.89 6.54
97700 -40 12.89 6.54
96948 -40 12.89 6.54
97782 -40 12.89 6.54
97935 -40 12.89 6.54
94411 -40 12.89 6.54
97843 -40 12.89 6.54
94390 -40 12.89 6.54
96155 -40 12.89 6.54
93741 -40 12.89 6.54
98581 -40 12.89 6.54
94461 -40 12.89 6.54
97179 -40 12.89 6.54
95954 -40 12.89 6.54
96715 -40 12.89 6.54
96254 -40 12.89 6.54
99375 -40 12.89 6.54
95713 -40 12.89 6.54
98041 -40 12.89 6.54
98024 -40 12.89 6.54
96606 -40 12.89 6.54
94236 -40 12.89 6.54
92014 -40 12.89 6.54
94385 -40 12.89 6.54
95208 -40 12.89 6.54
99229 -40 12.89 6.54
94844 -40 12.89 6.54
96741 -40 12.89 6.54
99364 -40 12.89 6.54
101347 -40 12.89 6.54
85005 -40 11.87 5.85
87987 -40 11.87 5.85
88591 -40 11.87 5.85
83833 -40 11.87 5.85
90538 -40 11.87 5.85
83615 -40 11.87 5.85
86479 -40 11.87 5.85
90026 -40 11.87 5.85
87133 -40 11.87 5.85
87697 -40 11.87 5.85
87879 -40 11.87 5.85
87713 -40 11.87 5.85
90544 -40 11.87 5.85
87058 -40 11.87 5.85
89739 -40 11.87 5.85
88270 -40 11.87 5.85
84914 -40 11.87 5.85
84887 -40 11.87 5.85
89701 -40 11.87 5.85
87156 -40 11.87 5.85
89864 -40 11.87 5.85
88461 -40 11.87 5.85
86764 -40 11.87 5.85
90090 -40 11.87 5.85
84091 -40 11.87 5.85
92891 -40 11.87 5.85
93215 -40 11.87 5.85
86467 -40 11.87 5.85
89061 -40 11.87 5.85
89838 -40 11.87 5.85
86152 -40 11.87 5.85
91238 -40 11.87 5.85
86203 -40 11.87 5.85
88290 -40 11.87 5.85
91160 -40 11.87 5.85
88129 -40 11.87 5.85
85595 -40 11.87 5.85
88498 -40 11.87 5.85
89239 -40 11.87 5.85
187430 -40 -17.04 -21.52
183316 -40 -17.04 -21.52
181713 -40 -17.04 -21.52
176400 -40 -17.04 -21.52
176099 -40 -17.04 -21.52
184000 -40 -17.04 -21.52
186041 -40 -17.04 -21.52
182146 -40 -17.04 -21.52
180965 -40 -17.04 -21.52
184199 -40 -17.04 -21.52
183540 -40 -17.04 -21.52
183164 -40 -17.04 -21.52
182273 -40 -17.04 -21.52
185495 -40 -17.04 -21.52
186687 -40 -17.04 -21.52
183465 -40 -17.04 -21.52
186612 -40 -17.04 -21.52
184004 -40 -17.04 -21.52
185629 -40 -17.04 -21.52
181807 -40 -17.04 -21.52
181592 -40 -17.04 -21.52
181557 -40 -17.04 -21.52
180664 -40 -17.04 -21.52
185228 -40 -17.04 -21.52
182975 -40 -17.04 -21.52
185115 -40 -17.04 -21.52
181295 -40 -17.04 -21.52
181929 -40 -17.04 -21.52
184164 -40 -17.04 -21.52
182768 -40 -17.04 -21.52
184067 -40 -17.04 -21.52
181102 -40 -17.04 -21.52
183164 -40 -17.04 -21.52
184393 -40 -17.04 -21.52
182817 -40 -17.04 -21.52
178775 -40 -17.04 -21.52
185552 -40 -17.04 -21.52
185833 -40 -17.04 -21.52
179403 -40 -17.04 -21.52
222205 -40 28.58 -16.53
219232 -40 28.58 -16.53
221500 -40 28.58 -16.53
218647 -40 28.58 -16.53
223668 -40 28.58 -16.53
221209 -40 28.58 -16.53
226053 -40 28.58 -16.53
220325 -40 28.58 -16.53
221662 -40 28.58 -16.53
220300 -40 28.58 -16.53
217775 -40 28.58 -16.53
217175 -40 28.58 -16.53
219711 -40 28.58 -16.53
221529 -40 28.58 -16.53
222748 -40 28.58 -16.53
222128 -40 28.58 -16.53
222698 -40 28.58 -16.53
219107 -40 28.58 -16.53
217972 -40 28.58 -16.53
218156 -40 28.58 -16.53
221862 -40 28.58 -16.53
221542 -40 28.58 -16.53
222380 -40 28.58 -16.53
216660 -40 28.58 -16.53
220360 -40 28.58 -16.53
218725 -40 28.58 -16.53
224419 -40 28.58 -16.53
222895 -40 28.58 -16.53
220385 -40 28.58 -16.53
224517 -40 28.58 -16.53
219469 -40 28.58 -16.53
220563 -40 28.58 -16.53
225232 -40 28.58 -16.53
224201 -40 28.58 -16.53
218314 -40 28.58 -16.53
224801 -40 28.58 -16.53
220205 -40 28.58 -16.53
219154 -40 28.58 -16.53
215482 -40 28.58 -16.53
213349 -40 -29.63 11.91
214116 -40 -29.63 11.91
205722 -40 -29.63 11.91
210436 -40 -29.63 11.91
212435 -40 -29.63 11.91
213290 -40 -29.63 11.91
214090 -40 -29.63 11.91
208734 -40 -29.63 11.91
214119 -40 -29.63 11.91
212359 -40 -29.63 11.91
215347 -40 -29.63 11.91
216261 -40 -29.63 11.91
212872 -40 -29.63 11.91
213524 -40 -29.63 11.91
214036 -40 -29.63 11.91
209568 -40 -29.63 11.91
213500 -40 -29.63 11.91
210957 -40 -29.63 11.91
216855 -40 -29.63 11.91
215041 -40 -29.63 11.91
210011 -40 -29.63 11.91
216611 -40 -29.63 11.91
218259 -40 -29.63 11.91
213317 -40 -29.63 11.91
214074 -40 -29.63 11.91
212558 -40 -29.63 11.91
211290 -40 -29.63 11.91
214263 -40 -29.63 11.91
216405 -40 -29.63 11.91
213437 -40 -29.63 11.91
211981 -40 -29.63 11.91
211392 -40 -29.63 11.91
213520 -40 -29.63 11.91
215417 -40 -29.63 11.91
212631 -40 -29.63 11.91
211352 -40 -29.63 11.91
209142 -40 -29.63 11.91
209551 -40 -29.63 11.91
218567 -40 -29.63 11.91
191490 -40 -14.82 24.19
189132 -40 -14.82 24.19
185653 -40 -14.82 24.19
190592 -40 -14.82 24.19
190645 -40 -14.82 24.19
188969 -40 -14.82 24.19
185723 -40 -14.82 24.19
190903 -40 -14.82 24.19
187349 -40 -14.82 24.19
191486 -40 -14.82 24.19
183998 -40 -14.82 24.19
190077 -40 -14.82 24.19
190170 -40 -14.82 24.19
183933 -40 -14.82 24.19
191174 -40 -14.82 24.19
186578 -40 -14.82 24.19
192004 -40 -14.82 24.19
188608 -40 -14.82 24.19
184087 -40 -14.82 24.19
188125 -40 -14.82 24.19
186245 -40 -14.82 24.19
185597 -40 -14.82 24.19
190428 -40 -14.82 24.19
190190 -40 -14.82 24.19
188477 -40 -14.82 24.19
192587 -40 -14.82 24.19
190455 -40 -14.82 24.19
187072 -40 -14.82 24.19
192420 -40 -14.82 24.19
184594 -40 -14.82 24.19
188391 -40 -14.82 24.19
186565 -40 -14.82 24.19
187959 -40 -14.82 24.19
187532 -40 -14.82 24.19
187829 -40 -14.82 24.19
191588 -40 -14.82 24.19
188596 -40 -14.82 24.19
188320 -40 -14.82 24.19
189064 -40 -14.82 24.19
61863 -40 -3.91 7.98
63433 -40 -3.91 7.98
56230 -40 -3.91 7.98
58233 -40 -3.91 7.98
57478 -40 -3.91 7.98
57860 -40 -3.91 7.98
58304 -40 -3.91 7.98
64155 -40 -3.91 7.98
60122 -40 -3.91 7.98
55472 -40 -3.91 7.98
63588 -40 -3.91 7.98
60327 -40 -3.91 7.98
57506 -40 -3.91 7.98
60448 -40 -3.91 7.98
62857 -40 -3.91 7.98
57216 -40 -3.91 7.98
57890 -40 -3.91 7.98
59875 -40 -3.91 7.98
60198 -40 -3.91 7.98
59547 -40 -3.91 7.98
59415 -40 -3.91 7.98
58615 -40 -3.91 7.98
56684 -40 -3.91 7.98
60614 -40 -3.91 7.98
65565 -40 -3.91 7.98
61430 -40 -3.91 7.98
57438 -40 -3.91 7.98
61718 -40 -3.91 7.98
65379 -40 -3.91 7.98
60830 -40 -3.91 7.98
60888 -40 -3.91 7.98
61331 -40 -3.91 7.98
53962 -40 -3.91 7.98
57213 -40 -3.91 7.98
61598 -40 -3.91 7.98
54966 -40 -3.91 7.98
63441 -40 -3.91 7.98
60420 -40 -3.91 7.98
61460 -40 -3.91 7.98
