#rtt sig_str x y
206806 -40 -16.68 -26.69
210499 -40 -16.68 -26.69
207322 -40 -16.68 -26.69
213139 -40 -16.68 -26.69
206900 -40 -16.68 -26.69
208838 -40 -16.68 -26.69
213063 -40 -16.68 -26.69
206358 -40 -16.68 -26.69
213384 -40 -16.68 -26.69
213511 -40 -16.68 -26.69
212818 -40 -16.68 -26.69
209411 -40 -16.68 -26.69
208863 -40 -16.68 -26.69
211243 -40 -16.68 -26.69
210299 -40 -16.68 -26.69
206896 -40 -16.68 -26.69
211371 -40 -16.68 -26.69
213596 -40 -16.68 -26.69
206176 -40 -16.68 -26.69
208772 -40 -16.68 -26.69
209974 -40 -16.68 -26.69
211733 -40 -16.68 -26.69
208065 -40 -16.68 -26.69
208500 -40 -16.68 -26.69
211528 -40 -16.68 -26.69
215380 -40 -16.68 -26.69
206445 -40 -16.68 -26.69
213410 -40 -16.68 -26.69
212720 -40 -16.68 -26.69
209718 -40 -16.68 -26.69
213114 -40 -16.68 -26.69
211061 -40 -16.68 -26.69
212630 -40 -16.68 -26.69
213145 -40 -16.68 -26.69
214528 -40 -16.68 -26.69
209051 -40 -16.68 -26.69
212607 -40 -16.68 -26.69
210250 -40 -16.68 -26.69
209311 -40 -16.68 -26.69
202904 -40 22.25 19.88
201630 -40 22.25 19.88
198428 -40 22.25 19.88
196738 -40 22.25 19.88
199996 -40 22.25 19.88
202382 -40 22.25 19.88
199247 -40 22.25 19.88
201484 -40 22.25 19.88
202206 -40 22.25 19.88
196968 -40 22.25 19.88
196573 -40 22.25 19.88
197895 -40 22.25 19.88
197727 -40 22.25 19.88
204631 -40 22.25 19.88
202851 -40 22.25 19.88
199348 -40 22.25 19.88
202374 -40 22.25 19.88
196641 -40 22.25 19.88
200133 -40 22.25 19.88
198633 -40 22.25 19.88
198382 -40 22.25 19.88
197179 -40 22.25 19.88
202433 -40 22.25 19.88
195974 -40 22.25 19.88
194707 -40 22.25 19.88
202422 -40 22.25 19.88
198995 -40 22.25 19.88
196298 -40 22.25 19.88
196945 -40 22.25 19.88
197295 -40 22.25 19.88
198538 -40 22.25 19.88
200280 -40 22.25 19.88
200375 -40 22.25 19.88
197223 -40 22.25 19.88
194291 -40 22.25 19.88
200533 -40 22.25 19.88
200082 -40 22.25 19.88
205935 -40 22.25 19.88
198919 -40 22.25 19.88
130988 -40 -17.6 -8.18
127933 -40 -17.6 -8.18
128571 -40 -17.6 -8.18
128418 -40 -17.6 -8.18
129659 -40 -17.6 -8.18
129055 -40 -17.6 -8.18
128418 -40 -17.6 -8.18
130362 -40 -17.6 -8.18
130942 -40 -17.6 -8.18
127781 -40 -17.6 -8.18
127918 -40 -17.6 -8.18
132724 -40 -17.6 -8.18
132270 -40 -17.6 -8.18
130142 -40 -17.6 -8.18
133728 -40 -17.6 -8.18
132228 -40 -17.6 -8.18
133218 -40 -17.6 -8.18
129457 -40 -17.6 -8.18
128160 -40 -17.6 -8.18
131701 -40 -17.6 -8.18
124895 -40 -17.6 -8.18
130845 -40 -17.6 -8.18
129418 -40 -17.6 -8.18
127940 -40 -17.6 -8.18
126152 -40 -17.6 -8.18
125530 -40 -17.6 -8.18
130208 -40 -17.6 -8.18
128777 -40 -17.6 -8.18
127040 -40 -17.6 -8.18
132613 -40 -17.6 -8.18
129015 -40 -17.6 -8.18
129690 -40 -17.6 -8.18
128928 -40 -17.6 -8.18
127988 -40 -17.6 -8.18
128624 -40 -17.6 -8.18
133043 -40 -17.6 -8.18
130745 -40 -17.6 -8.18
131880 -40 -17.6 -8.18
129156 -40 -17.6 -8.18
251260 -40 25.12 28.77
256664 -40 25.12 28.77
254019 -40 25.12 28.77
250441 -40 25.12 28.77
254980 -40 25.12 28.77
252560 -40 25.12 28.77
254206 -40 25.12 28.77
253999 -40 25.12 28.77
251824 -40 25.12 28.77
258351 -40 25.12 28.77
255917 -40 25.12 28.77
254839 -40 25.12 28.77
256533 -40 25.12 28.77
249915 -40 25.12 28.77
256112 -40 25.12 28.77
256153 -40 25.12 28.77
257071 -40 25.12 28.77
253766 -40 25.12 28.77
250509 -40 25.12 28.77
256273 -40 25.12 28.77
254783 -40 25.12 28.77
250274 -40 25.12 28.77
251783 -40 25.12 28.77
254344 -40 25.12 28.77
254308 -40 25.12 28.77
255631 -40 25.12 28.77
260480 -40 25.12 28.77
257843 -40 25.12 28.77
252106 -40 25.12 28.77
255773 -40 25.12 28.77
255801 -40 25.12 28.77
255752 -40 25.12 28.77
252243 -40 25.12 28.77
254729 -40 25.12 28.77
256010 -40 25.12 28.77
255140 -40 25.12 28.77
253025 -40 25.12 28.77
250151 -40 25.12 28.77
256065 -40 25.12 28.77
166231 -40 -0.7 -24.61
160362 -40 -0.7 -24.61
165218 -40 -0.7 -24.61
165980 -40 -0.7 -24.61
162250 -40 -0.7 -24.61
168251 -40 -0.7 -24.61
164842 -40 -0.7 -24.61
163227 -40 -0.7 -24.61
166935 -40 -0.7 -24.61
164362 -40 -0.7 -24.61
166159 -40 -0.7 -24.61
165503 -40 -0.7 -24.61
167421 -40 -0.7 -24.61
161767 -40 -0.7 -24.61
165105 -40 -0.7 -24.61
166212 -40 -0.7 -24.61
162020 -40 -0.7 -24.61
164736 -40 -0.7 -24.61
164158 -40 -0.7 -24.61
164151 -40 -0.7 -24.61
168258 -40 -0.7 -24.61
162290 -40 -0.7 -24.61
163259 -40 -0.7 -24.61
168311 -40 -0.7 -24.61
161338 -40 -0.7 -24.61
162087 -40 -0.7 -24.61
166901 -40 -0.7 -24.61
165926 -40 -0.7 -24.61
165957 -40 -0.7 -24.61
167605 -40 -0.7 -24.61
159806 -40 -0.7 -24.61
164723 -40 -0.7 -24.61
165278 -40 -0.7 -24.61
163501 -40 -0.7 -24.61
162704 -40 -0.7 -24.61
165987 -40 -0.7 -24.61
164076 -40 -0.7 -24.61
165305 -40 -0.7 -24.61
165474 -40 -0.7 -24.61
59815 -40 6.71 -6.2
62397 -40 6.71 -6.2
62325 -40 6.71 -6.2
64047 -40 6.71 -6.2
57383 -40 6.71 -6.2
61523 -40 6.71 -6.2
60200 -40 6.71 -6.2
61029 -40 6.71 -6.2
57914 -40 6.71 -6.2
64468 -40 6.71 -6.2
61893 -40 6.71 -6.2
63166 -40 6.71 -6.2
59045 -40 6.71 -6.2
61931 -40 6.71 -6.2
57657 -40 6.71 -6.2
60834 -40 6.71 -6.2
62399 -40 6.71 -6.2
56883 -40 6.71 -6.2
57197 -40 6.71 -6.2
60232 -40 6.71 -6.2
58005 -40 6.71 -6.2
60913 -40 6.71 -6.2
61824 -40 6.71 -6.2
57645 -40 6.71 -6.2
59272 -40 6.71 -6.2
59611 -40 6.71 -6.2
59004 -40 6.71 -6.2
66942 -40 6.71 -6.2
62486 -40 6.71 -6.2
58132 -40 6.71 -6.2
64143 -40 6.71 -6.2
60760 -40 6.71 -6.2
57962 -40 6.71 -6.2
59192 -40 6.71 -6.2
56058 -40 6.71 -6.2
61431 -40 6.71 -6.2
69826 -40 6.71 -6.2
61152 -40 6.71 -6.2
59578 -40 6.71 -6.2
120403 -40 15.96 -8.75
116635 -40 15.96 -8.75
120628 -40 15.96 -8.75
123309 -40 15.96 -8.75
122100 -40 15.96 -8.75
129205 -40 15.96 -8.75
119513 -40 15.96 -8.75
121437 -40 15.96 -8.75
122043 -40 15.96 -8.75
123544 -40 15.96 -8.75
121897 -40 15.96 -8.75
120315 -40 15.96 -8.75
119996 -40 15.96 -8.75
119393 -40 15.96 -8.75
122680 -40 15.96 -8.75
125804 -40 15.96 -8.75
118573 -40 15.96 -8.75
119717 -40 15.96 -8.75
122276 -40 15.96 -8.75
119726 -40 15.96 -8.75
114565 -40 15.96 -8.75
121014 -40 15.96 -8.75
124223 -40 15.96 -8.75
120668 -40 15.96 -8.75
119311 -40 15.96 -8.75
118826 -40 15.96 -8.75
118723 -40 15.96 -8.75
118528 -40 15.96 -8.75
120450 -40 15.96 -8.75
119584 -40 15.96 -8.75
124095 -40 15.96 -8.75
123036 -40 15.96 -8.75
121514 -40 15.96 -8.75
122205 -40 15.96 -8.75
121026 -40 15.96 -8.75
120086 -40 15.96 -8.75
120316 -40 15.96 -8.75
122488 -40 15.96 -8.75
123478 -40 15.96 -8.75
6223 -40 1.11 -0.8
9634 -40 1.11 -0.8
9821 -40 1.11 -0.8
11320 -40 1.11 -0.8
8873 -40 1.11 -0.8
6076 -40 1.11 -0.8
16664 -40 1.11 -0.8
13433 -40 1.11 -0.8
11494 -40 1.11 -0.8
12563 -40 1.11 -0.8
11838 -40 1.11 -0.8
13629 -40 1.11 -0.8
7130 -40 1.11 -0.8
8677 -40 1.11 -0.8
10456 -40 1.11 -0.8
11381 -40 1.11 -0.8
9660 -40 1.11 -0.8
12541 -40 1.11 -0.8
10360 -40 1.11 -0.8
10099 -40 1.11 -0.8
12781 -40 1.11 -0.8
10946 -40 1.11 -0.8
8543 -40 1.11 -0.8
7994 -40 1.11 -0.8
6561 -40 1.11 -0.8
8503 -40 1.11 -0.8
11045 -40 1.11 -0.8
6440 -40 1.11 -0.8
10685 -40 1.11 -0.8
9704 -40 1.11 -0.8
7551 -40 1.11 -0.8
10586 -40 1.11 -0.8
6532 -40 1.11 -0.8
7993 -40 1.11 -0.8
13678 -40 1.11 -0.8
13720 -40 1.11 -0.8
12601 -40 1.11 -0.8
7072 -40 1.11 -0.8
8852 -40 1.11 -0.8
214818 -40 -12.19 29.45
212337 -40 -12.19 29.45
212043 -40 -12.19 29.45
210116 -40 -12.19 29.45
216709 -40 -12.19 29.45
213711 -40 -12.19 29.45
214655 -40 -12.19 29.45
212896 -40 -12.19 29.45
213877 -40 -12.19 29.45
215167 -40 -12.19 29.45
213778 -40 -12.19 29.45
215320 -40 -12.19 29.45
212610 -40 -12.19 29.45
213798 -40 -12.19 29.45
207426 -40 -12.19 29.45
214347 -40 -12.19 29.45
208479 -40 -12.19 29.45
214965 -40 -12.19 29.45
210586 -40 -12.19 29.45
213563 -40 -12.19 29.45
214173 -40 -12.19 29.45
211722 -40 -12.19 29.45
219727 -40 -12.19 29.45
213439 -40 -12.19 29.45
211311 -40 -12.19 29.45
213627 -40 -12.19 29.45
214784 -40 -12.19 29.45
213102 -40 -12.19 29.45
215717 -40 -12.19 29.45
217604 -40 -12.19 29.45
210064 -40 -12.19 29.45
211024 -40 -12.19 29.45
214096 -40 -12.19 29.45
209877 -40 -12.19 29.45
215247 -40 -12.19 29.45
208842 -40 -12.19 29.45
213723 -40 -12.19 29.45
209555 -40 -12.19 29.45
217487 -40 -12.19 29.45
175054 -40 -18.74 18.5
175936 -40 -18.74 18.5
178923 -40 -18.74 18.5
171862 -40 -18.74 18.5
170608 -40 -18.74 18.5
177847 -40 -18.74 18.5
175626 -40 -18.74 18.5
176264 -40 -18.74 18.5
176005 -40 -18.74 18.5
178844 -40 -18.74 18.5
174800 -40 -18.74 18.5
178624 -40 -18.74 18.5
181016 -40 -18.74 18.5
171885 -40 -18.74 18.5
181486 -40 -18.74 18.5
174012 -40 -18.74 18.5
177429 -40 -18.74 18.5
171010 -40 -18.74 18.5
178791 -40 -18.74 18.5
176400 -40 -18.74 18.5
178601 -40 -18.74 18.5
177909 -40 -18.74 18.5
176610 -40 -18.74 18.5
173290 -40 -18.74 18.5
173976 -40 -18.74 18.5
168884 -40 -18.74 18.5
175981 -40 -18.74 18.5
177637 -40 -18.74 18.5
179158 -40 -18.74 18.5
176838 -40 -18.74 18.5
173324 -40 -18.74 18.5
178457 -40 -18.74 18.5
175259 -40 -18.74 18.5
175642 -40 -18.74 18.5
175760 -40 -18.74 18.5
175811 -40 -18.74 18.5
172649 -40 -18.74 18.5
174188 -40 -18.74 18.5
173620 -40 -18.74 18.5
