#rtt sig_str x y
241395 -40 23.58 26.85
239101 -40 23.58 26.85
234823 -40 23.58 26.85
236511 -40 23.58 26.85
237258 -40 23.58 26.85
240511 -40 23.58 26.85
236205 -40 23.58 26.85
239952 -40 23.58 26.85
232861 -40 23.58 26.85
241077 -40 23.58 26.85
232049 -40 23.58 26.85
237604 -40 23.58 26.85
241562 -40 23.58 26.85
239403 -40 23.58 26.85
234732 -40 23.58 26.85
239217 -40 23.58 26.85
236969 -40 23.58 26.85
237589 -40 23.58 26.85
235747 -40 23.58 26.85
241126 -40 23.58 26.85
235866 -40 23.58 26.85
239928 -40 23.58 26.85
234325 -40 23.58 26.85
241949 -40 23.58 26.85
241236 -40 23.58 26.85
240494 -40 23.58 26.85
235111 -40 23.58 26.85
237127 -40 23.58 26.85
237801 -40 23.58 26.85
235168 -40 23.58 26.85
236502 -40 23.58 26.85
239130 -40 23.58 26.85
237737 -40 23.58 26.85
238423 -40 23.58 26.85
237110 -40 23.58 26.85
238227 -40 23.58 26.85
239650 -40 23.58 26.85
239245 -40 23.58 26.85
237303 -40 23.58 26.85
131637 -40 -10.08 -17.44
130220 -40 -10.08 -17.44
136306 -40 -10.08 -17.44
132271 -40 -10.08 -17.44
136750 -40 -10.08 -17.44
131909 -40 -10.08 -17.44
132831 -40 -10.08 -17.44
136237 -40 -10.08 -17.44
131066 -40 -10.08 -17.44
131824 -40 -10.08 -17.44
130543 -40 -10.08 -17.44
136766 -40 -10.08 -17.44
130127 -40 -10.08 -17.44
132331 -40 -10.08 -17.44
130640 -40 -10.08 -17.44
129013 -40 -10.08 -17.44
127147 -40 -10.08 -17.44
136500 -40 -10.08 -17.44
133986 -40 -10.08 -17.44
137719 -40 -10.08 -17.44
135585 -40 -10.08 -17.44
132079 -40 -10.08 -17.44
133964 -40 -10.08 -17.44
134979 -40 -10.08 -17.44
134788 -40 -10.08 -17.44
133092 -40 -10.08 -17.44
136453 -40 -10.08 -17.44
132122 -40 -10.08 -17.44
136472 -40 -10.08 -17.44
133920 -40 -10.08 -17.44
137976 -40 -10.08 -17.44
135104 -40 -10.08 -17.44
138758 -40 -10.08 -17.44
137024 -40 -10.08 -17.44
133864 -40 -10.08 -17.44
137414 -40 -10.08 -17.44
131751 -40 -10.08 -17.44
139219 -40 -10.08 -17.44
136062 -40 -10.08 -17.44
215757 -40 19.28 -26.15
218283 -40 19.28 -26.15
213301 -40 19.28 -26.15
215056 -40 19.28 -26.15
217841 -40 19.28 -26.15
214671 -40 19.28 -26.15
213655 -40 19.28 -26.15
212929 -40 19.28 -26.15
216105 -40 19.28 -26.15
216678 -40 19.28 -26.15
215468 -40 19.28 -26.15
215310 -40 19.28 -26.15
219028 -40 19.28 -26.15
216920 -40 19.28 -26.15
211917 -40 19.28 -26.15
216899 -40 19.28 -26.15
216054 -40 19.28 -26.15
213599 -40 19.28 -26.15
216577 -40 19.28 -26.15
215337 -40 19.28 -26.15
211989 -40 19.28 -26.15
213818 -40 19.28 -26.15
214522 -40 19.28 -26.15
217115 -40 19.28 -26.15
218005 -40 19.28 -26.15
214527 -40 19.28 -26.15
217628 -40 19.28 -26.15
221273 -40 19.28 -26.15
220367 -40 19.28 -26.15
217005 -40 19.28 -26.15
216897 -40 19.28 -26.15
219564 -40 19.28 -26.15
216501 -40 19.28 -26.15
217737 -40 19.28 -26.15
218728 -40 19.28 -26.15
213740 -40 19.28 -26.15
212208 -40 19.28 -26.15
219548 -40 19.28 -26.15
215826 -40 19.28 -26.15
189306 -40 -27.5 -7.79
191917 -40 -27.5 -7.79
189780 -40 -27.5 -7.79
192973 -40 -27.5 -7.79
194265 -40 -27.5 -7.79
188453 -40 -27.5 -7.79
192379 -40 -27.5 -7.79
188003 -40 -27.5 -7.79
194375 -40 -27.5 -7.79
191750 -40 -27.5 -7.79
193214 -40 -27.5 -7.79
191656 -40 -27.5 -7.79
194571 -40 -27.5 -7.79
188931 -40 -27.5 -7.79
194437 -40 -27.5 -7.79
187177 -40 -27.5 -7.79
188499 -40 -27.5 -7.79
188822 -40 -27.5 -7.79
190602 -40 -27.5 -7.79
195081 -40 -27.5 -7.79
187204 -40 -27.5 -7.79
190439 -40 -27.5 -7.79
194439 -40 -27.5 -7.79
189362 -40 -27.5 -7.79
187102 -40 -27.5 -7.79
192739 -40 -27.5 -7.79
193103 -40 -27.5 -7.79
191587 -40 -27.5 -7.79
189476 -40 -27.5 -7.79
190282 -40 -27.5 -7.79
187151 -40 -27.5 -7.79
191773 -40 -27.5 -7.79
187358 -40 -27.5 -7.79
190417 -40 -27.5 -7.79
196305 -40 -27.5 -7.79
188273 -40 -27.5 -7.79
190972 -40 -27.5 -7.79
192480 -40 -27.5 -7.79
189312 -40 -27.5 -7.79
248450 -40 -23.54 29.11
250062 -40 -23.54 29.11
251007 -40 -23.54 29.11
246126 -40 -23.54 29.11
247413 -40 -23.54 29.11
253416 -40 -23.54 29.11
249897 -40 -23.54 29.11
249190 -40 -23.54 29.11
251572 -40 -23.54 29.11
247628 -40 -23.54 29.11
245395 -40 -23.54 29.11
249478 -40 -23.54 29.11
252066 -40 -23.54 29.11
251844 -40 -23.54 29.11
247565 -40 -23.54 29.11
251351 -40 -23.54 29.11
248752 -40 -23.54 29.11
249289 -40 -23.54 29.11
251310 -40 -23.54 29.11
247660 -40 -23.54 29.11
250063 -40 -23.54 29.11
252846 -40 -23.54 29.11
248076 -40 -23.54 29.11
247195 -40 -23.54 29.11
247424 -40 -23.54 29.11
243980 -40 -23.54 29.11
249900 -40 -23.54 29.11
249925 -40 -23.54 29.11
250851 -40 -23.54 29.11
248736 -40 -23.54 29.11
247411 -40 -23.54 29.11
249894 -40 -23.54 29.11
252992 -40 -23.54 29.11
250043 -40 -23.54 29.11
248962 -40 -23.54 29.11
247719 -40 -23.54 29.11
252566 -40 -23.54 29.11
253066 -40 -23.54 29.11
255053 -40 -23.54 29.11
164287 -40 5.7 -24.04
166755 -40 5.7 -24.04
163810 -40 5.7 -24.04
166919 -40 5.7 -24.04
167693 -40 5.7 -24.04
165725 -40 5.7 -24.04
165252 -40 5.7 -24.04
158753 -40 5.7 -24.04
164989 -40 5.7 -24.04
166879 -40 5.7 -24.04
168147 -40 5.7 -24.04
162434 -40 5.7 -24.04
161215 -40 5.7 -24.04
163979 -40 5.7 -24.04
167282 -40 5.7 -24.04
163545 -40 5.7 -24.04
163624 -40 5.7 -24.04
167610 -40 5.7 -24.04
167703 -40 5.7 -24.04
161485 -40 5.7 -24.04
165288 -40 5.7 -24.04
157096 -40 5.7 -24.04
167427 -40 5.7 -24.04
162333 -40 5.7 -24.04
169241 -40 5.7 -24.04
167934 -40 5.7 -24.04
164892 -40 5.7 -24.04
163382 -40 5.7 -24.04
164950 -40 5.7 -24.04
168010 -40 5.7 -24.04
165786 -40 5.7 -24.04
161749 -40 5.7 -24.04
162127 -40 5.7 -24.04
166648 -40 5.7 -24.04
167893 -40 5.7 -24.04
164026 -40 5.7 -24.04
165351 -40 5.7 -24.04
164428 -40 5.7 -24.04
161225 -40 5.7 -24.04
46227 -40 1.79 6.51
44799 -40 1.79 6.51
41202 -40 1.79 6.51
49021 -40 1.79 6.51
43394 -40 1.79 6.51
41068 -40 1.79 6.51
42738 -40 1.79 6.51
45176 -40 1.79 6.51
48043 -40 1.79 6.51
48189 -40 1.79 6.51
42674 -40 1.79 6.51
45832 -40 1.79 6.51
45090 -40 1.79 6.51
46210 -40 1.79 6.51
41892 -40 1.79 6.51
43820 -40 1.79 6.51
43946 -40 1.79 6.51
42487 -40 1.79 6.51
45475 -40 1.79 6.51
41545 -40 1.79 6.51
44332 -40 1.79 6.51
46502 -40 1.79 6.51
42911 -40 1.79 6.51
45867 -40 1.79 6.51
41166 -40 1.79 6.51
46164 -40 1.79 6.51
43467 -40 1.79 6.51
50229 -40 1.79 6.51
45857 -40 1.79 6.51
49904 -40 1.79 6.51
45613 -40 1.79 6.51
45140 -40 1.79 6.51
46677 -40 1.79 6.51
42762 -40 1.79 6.51
44601 -40 1.79 6.51
49533 -40 1.79 6.51
48098 -40 1.79 6.51
42565 -40 1.79 6.51
41604 -40 1.79 6.51
29869 -40 -4.87 1.82
33926 -40 -4.87 1.82
39644 -40 -4.87 1.82
38843 -40 -4.87 1.82
37429 -40 -4.87 1.82
36044 -40 -4.87 1.82
32691 -40 -4.87 1.82
34033 -40 -4.87 1.82
38425 -40 -4.87 1.82
34718 -40 -4.87 1.82
36789 -40 -4.87 1.82
36482 -40 -4.87 1.82
35528 -40 -4.87 1.82
35167 -40 -4.87 1.82
33509 -40 -4.87 1.82
33924 -40 -4.87 1.82
36552 -40 -4.87 1.82
30936 -40 -4.87 1.82
35767 -40 -4.87 1.82
32012 -40 -4.87 1.82
30060 -40 -4.87 1.82
33406 -40 -4.87 1.82
34439 -40 -4.87 1.82
30963 -40 -4.87 1.82
35233 -40 -4.87 1.82
36941 -40 -4.87 1.82
33554 -40 -4.87 1.82
32338 -40 -4.87 1.82
31166 -40 -4.87 1.82
35515 -40 -4.87 1.82
38537 -40 -4.87 1.82
36465 -40 -4.87 1.82
32670 -40 -4.87 1.82
36294 -40 -4.87 1.82
37701 -40 -4.87 1.82
36949 -40 -4.87 1.82
32955 -40 -4.87 1.82
34377 -40 -4.87 1.82
34886 -40 -4.87 1.82
63358 -40 -9.88 -1.03
65146 -40 -9.88 -1.03
66440 -40 -9.88 -1.03
69463 -40 -9.88 -1.03
65236 -40 -9.88 -1.03
64561 -40 -9.88 -1.03
66718 -40 -9.88 -1.03
63985 -40 -9.88 -1.03
64377 -40 -9.88 -1.03
67712 -40 -9.88 -1.03
62542 -40 -9.88 -1.03
65627 -40 -9.88 -1.03
68869 -40 -9.88 -1.03
67155 -40 -9.88 -1.03
68629 -40 -9.88 -1.03
69294 -40 -9.88 -1.03
64045 -40 -9.88 -1.03
66977 -40 -9.88 -1.03
63399 -40 -9.88 -1.03
67756 -40 -9.88 -1.03
69897 -40 -9.88 -1.03
65779 -40 -9.88 -1.03
64918 -40 -9.88 -1.03
65629 -40 -9.88 -1.03
66285 -40 -9.88 -1.03
66379 -40 -9.88 -1.03
69594 -40 -9.88 -1.03
68949 -40 -9.88 -1.03
67683 -40 -9.88 -1.03
64209 -40 -9.88 -1.03
67161 -40 -9.88 -1.03
68991 -40 -9.88 -1.03
68535 -40 -9.88 -1.03
67954 -40 -9.88 -1.03
66533 -40 -9.88 -1.03
65415 -40 -9.88 -1.03
62570 -40 -9.88 -1.03
61293 -40 -9.88 -1.03
63982 -40 -9.88 -1.03
141744 -40 7.35 19.52
137193 -40 7.35 19.52
143937 -40 7.35 19.52
143089 -40 7.35 19.52
140367 -40 7.35 19.52
138914 -40 7.35 19.52
138458 -40 7.35 19.52
138474 -40 7.35 19.52
146623 -40 7.35 19.52
140593 -40 7.35 19.52
137717 -40 7.35 19.52
140942 -40 7.35 19.52
138758 -40 7.35 19.52
135175 -40 7.35 19.52
141952 -40 7.35 19.52
134386 -40 7.35 19.52
138106 -40 7.35 19.52
141849 -40 7.35 19.52
141311 -40 7.35 19.52
138117 -40 7.35 19.52
140483 -40 7.35 19.52
140981 -40 7.35 19.52
136963 -40 7.35 19.52
140936 -40 7.35 19.52
139236 -40 7.35 19.52
140086 -40 7.35 19.52
139264 -40 7.35 19.52
137581 -40 7.35 19.52
139320 -40 7.35 19.52
138822 -40 7.35 19.52
137483 -40 7.35 19.52
143758 -40 7.35 19.52
139519 -40 7.35 19.52
135783 -40 7.35 19.52
142090 -40 7.35 19.52
138636 -40 7.35 19.52
136832 -40 7.35 19.52
139988 -40 7.35 19.52
143629 -40 7.35 19.52
