#rtt sig_str x y
201136 -40 -25.43 -16.36
200624 -40 -25.43 -16.36
201378 -40 -25.43 -16.36
202595 -40 -25.43 -16.36
202356 -40 -25.43 -16.36
202679 -40 -25.43 -16.36
199132 -40 -25.43 -16.36
200418 -40 -25.43 -16.36
204255 -40 -25.43 -16.36
201776 -40 -25.43 -16.36
206206 -40 -25.43 -16.36
201689 -40 -25.43 -16.36
204060 -40 -25.43 -16.36
205775 -40 -25.43 -16.36
201079 -40 -25.43 -16.36
204488 -40 -25.43 -16.36
200588 -40 -25.43 -16.36
203026 -40 -25.43 -16.36
202286 -40 -25.43 -16.36
205182 -40 -25.43 -16.36
204318 -40 -25.43 -16.36
202551 -40 -25.43 -16.36
199932 -40 -25.43 -16.36
201536 -40 -25.43 -16.36
199741 -40 -25.43 -16.36
203934 -40 -25.43 -16.36
202669 -40 -25.43 -16.36
201525 -40 -25.43 -16.36
202666 -40 -25.43 -16.36
200630 -40 -25.43 -16.36
203826 -40 -25.43 -16.36
202153 -40 -25.43 -16.36
202674 -40 -25.43 -16.36
202335 -40 -25.43 -16.36
205519 -40 -25.43 -16.36
203137 -40 -25.43 -16.36
204116 -40 -25.43 -16.36
199694 -40 -25.43 -16.36
206224 -40 -25.43 -16.36
132824 -40 16.8 -10.86
133309 -40 16.8 -10.86
138271 -40 16.8 -10.86
128672 -40 16.8 -10.86
130967 -40 16.8 -10.86
130336 -40 16.8 -10.86
134689 -40 16.8 -10.86
137550 -40 16.8 -10.86
133909 -40 16.8 -10.86
130719 -40 16.8 -10.86
131034 -40 16.8 -10.86
134662 -40 16.8 -10.86
132762 -40 16.8 -10.86
138448 -40 16.8 -10.86
132000 -40 16.8 -10.86
131193 -40 16.8 -10.86
130679 -40 16.8 -10.86
132572 -40 16.8 -10.86
131588 -40 16.8 -10.86
131827 -40 16.8 -10.86
137237 -40 16.8 -10.86
129488 -40 16.8 -10.86
137967 -40 16.8 -10.86
130747 -40 16.8 -10.86
130146 -40 16.8 -10.86
134255 -40 16.8 -10.86
135210 -40 16.8 -10.86
136306 -40 16.8 -10.86
136864 -40 16.8 -10.86
130188 -40 16.8 -10.86
131300 -40 16.8 -10.86
136061 -40 16.8 -10.86
129295 -40 16.8 -10.86
131771 -40 16.8 -10.86
134686 -40 16.8 -10.86
129622 -40 16.8 -10.86
136356 -40 16.8 -10.86
131142 -40 16.8 -10.86
131293 -40 16.8 -10.86
192122 -40 -3.7 28.7
192748 -40 -3.7 28.7
200526 -40 -3.7 28.7
193498 -40 -3.7 28.7
197062 -40 -3.7 28.7
192647 -40 -3.7 28.7
191727 -40 -3.7 28.7
188168 -40 -3.7 28.7
193790 -40 -3.7 28.7
197999 -40 -3.7 28.7
198536 -40 -3.7 28.7
192775 -40 -3.7 28.7
197131 -40 -3.7 28.7
189671 -40 -3.7 28.7
191689 -40 -3.7 28.7
194069 -40 -3.7 28.7
196724 -40 -3.7 28.7
195817 -40 -3.7 28.7
188094 -40 -3.7 28.7
192961 -40 -3.7 28.7
193077 -40 -3.7 28.7
191952 -40 -3.7 28.7
188557 -40 -3.7 28.7
196088 -40 -3.7 28.7
196420 -40 -3.7 28.7
191302 -40 -3.7 28.7
194737 -40 -3.7 28.7
195503 -40 -3.7 28.7
194652 -40 -3.7 28.7
194942 -40 -3.7 28.7
195572 -40 -3.7 28.7
192432 -40 -3.7 28.7
194793 -40 -3.7 28.7
191048 -40 -3.7 28.7
197551 -40 -3.7 28.7
193788 -40 -3.7 28.7
195264 -40 -3.7 28.7
192978 -40 -3.7 28.7
190009 -40 -3.7 28.7
92145 -40 13.41 -2.67
90696 -40 13.41 -2.67
87702 -40 13.41 -2.67
91798 -40 13.41 -2.67
95471 -40 13.41 -2.67
89004 -40 13.41 -2.67
90022 -40 13.41 -2.67
88930 -40 13.41 -2.67
91918 -40 13.41 -2.67
92746 -40 13.41 -2.67
90101 -40 13.41 -2.67
90499 -40 13.41 -2.67
89602 -40 13.41 -2.67
93161 -40 13.41 -2.67
89228 -40 13.41 -2.67
93790 -40 13.41 -2.67
96441 -40 13.41 -2.67
92363 -40 13.41 -2.67
91460 -40 13.41 -2.67
93522 -40 13.41 -2.67
92189 -40 13.41 -2.67
90027 -40 13.41 -2.67
93447 -40 13.41 -2.67
89325 -40 13.41 -2.67
89096 -40 13.41 -2.67
93738 -40 13.41 -2.67
90502 -40 13.41 -2.67
90976 -40 13.41 -2.67
89725 -40 13.41 -2.67
95343 -40 13.41 -2.67
95478 -40 13.41 -2.67
89558 -40 13.41 -2.67
89031 -40 13.41 -2.67
89473 -40 13.41 -2.67
89104 -40 13.41 -2.67
93790 -40 13.41 -2.67
92109 -40 13.41 -2.67
90297 -40 13.41 -2.67
91959 -40 13.41 -2.67
206054 -40 28.68 -11.52
203855 -40 28.68 -11.52
205807 -40 28.68 -11.52
210229 -40 28.68 -11.52
204227 -40 28.68 -11.52
207191 -40 28.68 -11.52
208686 -40 28.68 -11.52
200923 -40 28.68 -11.52
204933 -40 28.68 -11.52
207873 -40 28.68 -11.52
204710 -40 28.68 -11.52
206780 -40 28.68 -11.52
207884 -40 28.68 -11.52
209761 -40 28.68 -11.52
205264 -40 28.68 -11.52
205015 -40 28.68 -11.52
200022 -40 28.68 -11.52
206134 -40 28.68 -11.52
204014 -40 28.68 -11.52
206798 -40 28.68 -11.52
206060 -40 28.68 -11.52
205877 -40 28.68 -11.52
204582 -40 28.68 -11.52
206923 -40 28.68 -11.52
208005 -40 28.68 -11.52
203141 -40 28.68 -11.52
206130 -40 28.68 -11.52
208762 -40 28.68 -11.52
203447 -40 28.68 -11.52
206850 -40 28.68 -11.52
204731 -40 28.68 -11.52
209328 -40 28.68 -11.52
207826 -40 28.68 -11.52
203600 -40 28.68 -11.52
207557 -40 28.68 -11.52
205181 -40 28.68 -11.52
208701 -40 28.68 -11.52
205137 -40 28.68 -11.52
207458 -40 28.68 -11.52
88672 -40 2.31 -14.17
95221 -40 2.31 -14.17
89707 -40 2.31 -14.17
92108 -40 2.31 -14.17
93045 -40 2.31 -14.17
98415 -40 2.31 -14.17
95885 -40 2.31 -14.17
93783 -40 2.31 -14.17
93507 -40 2.31 -14.17
95296 -40 2.31 -14.17
93021 -40 2.31 -14.17
96208 -40 2.31 -14.17
94767 -40 2.31 -14.17
95227 -40 2.31 -14.17
93288 -40 2.31 -14.17
89366 -40 2.31 -14.17
98897 -40 2.31 -14.17
96747 -40 2.31 -14.17
96641 -40 2.31 -14.17
94941 -40 2.31 -14.17
98809 -40 2.31 -14.17
92474 -40 2.31 -14.17
98132 -40 2.31 -14.17
96645 -40 2.31 -14.17
95182 -40 2.31 -14.17
100546 -40 2.31 -14.17
94453 -40 2.31 -14.17
97018 -40 2.31 -14.17
101342 -40 2.31 -14.17
92786 -40 2.31 -14.17
89017 -40 2.31 -14.17
98260 -40 2.31 -14.17
92421 -40 2.31 -14.17
96245 -40 2.31 -14.17
96708 -40 2.31 -14.17
96929 -40 2.31 -14.17
91554 -40 2.31 -14.17
100484 -40 2.31 -14.17
95576 -40 2.31 -14.17
164410 -40 0.07 -24.8
161228 -40 0.07 -24.8
168516 -40 0.07 -24.8
169387 -40 0.07 -24.8
163320 -40 0.07 -24.8
166337 -40 0.07 -24.8
160216 -40 0.07 -24.8
168325 -40 0.07 -24.8
164736 -40 0.07 -24.8
166649 -40 0.07 -24.8
162070 -40 0.07 -24.8
163362 -40 0.07 -24.8
162004 -40 0.07 -24.8
166785 -40 0.07 -24.8
166313 -40 0.07 -24.8
165538 -40 0.07 -24.8
162645 -40 0.07 -24.8
167409 -40 0.07 -24.8
164625 -40 0.07 -24.8
165399 -40 0.07 -24.8
164172 -40 0.07 -24.8
160558 -40 0.07 -24.8
170140 -40 0.07 -24.8
167063 -40 0.07 -24.8
161447 -40 0.07 -24.8
166364 -40 0.07 -24.8
165918 -40 0.07 -24.8
162592 -40 0.07 -24.8
161966 -40 0.07 -24.8
167292 -40 0.07 -24.8
160813 -40 0.07 -24.8
164275 -40 0.07 -24.8
165533 -40 0.07 -24.8
168041 -40 0.07 -24.8
165765 -40 0.07 -24.8
165400 -40 0.07 -24.8
162315 -40 0.07 -24.8
168574 -40 0.07 -24.8
168239 -40 0.07 -24.8
176768 -40 -25.68 -4.84
174098 -40 -25.68 -4.84
171476 -40 -25.68 -4.84
178197 -40 -25.68 -4.84
177972 -40 -25.68 -4.84
173002 -40 -25.68 -4.84
176849 -40 -25.68 -4.84
170288 -40 -25.68 -4.84
170971 -40 -25.68 -4.84
177713 -40 -25.68 -4.84
173902 -40 -25.68 -4.84
178270 -40 -25.68 -4.84
176041 -40 -25.68 -4.84
179467 -40 -25.68 -4.84
174557 -40 -25.68 -4.84
172207 -40 -25.68 -4.84
172920 -40 -25.68 -4.84
174276 -40 -25.68 -4.84
172728 -40 -25.68 -4.84
172549 -40 -25.68 -4.84
174015 -40 -25.68 -4.84
177172 -40 -25.68 -4.84
173116 -40 -25.68 -4.84
176318 -40 -25.68 -4.84
169574 -40 -25.68 -4.84
173242 -40 -25.68 -4.84
176569 -40 -25.68 -4.84
176788 -40 -25.68 -4.84
179297 -40 -25.68 -4.84
172336 -40 -25.68 -4.84
171555 -40 -25.68 -4.84
175615 -40 -25.68 -4.84
168598 -40 -25.68 -4.84
172876 -40 -25.68 -4.84
177287 -40 -25.68 -4.84
167841 -40 -25.68 -4.84
176611 -40 -25.68 -4.84
172403 -40 -25.68 -4.84
171541 -40 -25.68 -4.84
214122 -40 -13.9 -29.05
216102 -40 -13.9 -29.05
212263 -40 -13.9 -29.05
213331 -40 -13.9 -29.05
212250 -40 -13.9 -29.05
214607 -40 -13.9 -29.05
215039 -40 -13.9 -29.05
214704 -40 -13.9 -29.05
218100 -40 -13.9 -29.05
214340 -40 -13.9 -29.05
216827 -40 -13.9 -29.05
218009 -40 -13.9 -29.05
218232 -40 -13.9 -29.05
216072 -40 -13.9 -29.05
217434 -40 -13.9 -29.05
213713 -40 -13.9 -29.05
212560 -40 -13.9 -29.05
212764 -40 -13.9 -29.05
217515 -40 -13.9 -29.05
211614 -40 -13.9 -29.05
211596 -40 -13.9 -29.05
212642 -40 -13.9 -29.05
216380 -40 -13.9 -29.05
221671 -40 -13.9 -29.05
215636 -40 -13.9 -29.05
218166 -40 -13.9 -29.05
216546 -40 -13.9 -29.05
214782 -40 -13.9 -29.05
212312 -40 -13.9 -29.05
212643 -40 -13.9 -29.05
214361 -40 -13.9 -29.05
212340 -40 -13.9 -29.05
213965 -40 -13.9 -29.05
213742 -40 -13.9 -29.05
216796 -40 -13.9 -29.05
216465 -40 -13.9 -29.05
212781 -40 -13.9 -29.05
213178 -40 -13.9 -29.05
216120 -40 -13.9 -29.05
10174 -40 -0.01 1.67
13211 -40 -0.01 1.67
10084 -40 -0.01 1.67
15109 -40 -0.01 1.67
11543 -40 -0.01 1.67
11661 -40 -0.01 1.67
12336 -40 -0.01 1.67
9726 -40 -0.01 1.67
9720 -40 -0.01 1.67
10088 -40 -0.01 1.67
11896 -40 -0.01 1.67
8102 -40 -0.01 1.67
11011 -40 -0.01 1.67
11411 -40 -0.01 1.67
14716 -40 -0.01 1.67
11026 -40 -0.01 1.67
13623 -40 -0.01 1.67
13699 -40 -0.01 1.67
9255 -40 -0.01 1.67
10201 -40 -0.01 1.67
12988 -40 -0.01 1.67
13576 -40 -0.01 1.67
11662 -40 -0.01 1.67
9933 -40 -0.01 1.67
9635 -40 -0.01 1.67
9607 -40 -0.01 1.67
8824 -40 -0.01 1.67
12364 -40 -0.01 1.67
11869 -40 -0.01 1.67
9635 -40 -0.01 1.67
11466 -40 -0.01 1.67
11978 -40 -0.01 1.67
12299 -40 -0.01 1.67
11104 -40 -0.01 1.67
10249 -40 -0.01 1.67
10986 -40 -0.01 1.67
9420 -40 -0.01 1.67
12374 -40 -0.01 1.67
12579 -40 -0.01 1.67
