#rtt sig_str x y
251200 -40 22.41 -29.34
244919 -40 22.41 -29.34
243747 -40 22.41 -29.34
246332 -40 22.41 -29.34
246193 -40 22.41 -29.34
246391 -40 22.41 -29.34
249561 -40 22.41 -29.34
246740 -40 22.41 -29.34
243200 -40 22.41 -29.34
243096 -40 22.41 -29.34
244426 -40 22.41 -29.34
249869 -40 22.41 -29.34
247406 -40 22.41 -29.34
245681 -40 22.41 -29.34
246965 -40 22.41 -29.34
246218 -40 22.41 -29.34
241579 -40 22.41 -29.34
248279 -40 22.41 -29.34
246672 -40 22.41 -29.34
247908 -40 22.41 -29.34
246887 -40 22.41 -29.34
244122 -40 22.41 -29.34
249145 -40 22.41 -29.34
245906 -40 22.41 -29.34
245455 -40 22.41 -29.34
246132 -40 22.41 -29.34
247322 -40 22.41 -29.34
246803 -40 22.41 -29.34
246718 -40 22.41 -29.34
250313 -40 22.41 -29.34
239215 -40 22.41 -29.34
243839 -40 22.41 -29.34
248209 -40 22.41 -29.34
248453 -40 22.41 -29.34
247427 -40 22.41 -29.34
245803 -40 22.41 -29.34
247371 -40 22.41 -29.34
247572 -40 22.41 -29.34
246090 -40 22.41 -29.34
214608 -40 28.12 -15.64
215506 -40 28.12 -15.64
214902 -40 28.12 -15.64
215377 -40 28.12 -15.64
212985 -40 28.12 -15.64
214972 -40 28.12 -15.64
213400 -40 28.12 -15.64
216554 -40 28.12 -15.64
212467 -40 28.12 -15.64
215662 -40 28.12 -15.64
216626 -40 28.12 -15.64
210723 -40 28.12 -15.64
213188 -40 28.12 -15.64
215423 -40 28.12 -15.64
215532 -40 28.12 -15.64
212630 -40 28.12 -15.64
213340 -40 28.12 -15.64
210905 -40 28.12 -15.64
217253 -40 28.12 -15.64
217640 -40 28.12 -15.64
214705 -40 28.12 -15.64
216193 -40 28.12 -15.64
216204 -40 28.12 -15.64
212113 -40 28.12 -15.64
215717 -40 28.12 -15.64
218625 -40 28.12 -15.64
212166 -40 28.12 -15.64
219273 -40 28.12 -15.64
212788 -40 28.12 -15.64
211881 -40 28.12 -15.64
216098 -40 28.12 -15.64
209695 -40 28.12 -15.64
211091 -40 28.12 -15.64
213817 -40 28.12 -15.64
214249 -40 28.12 -15.64
213739 -40 28.12 -15.64
215018 -40 28.12 -15.64
218645 -40 28.12 -15.64
220723 -40 28.12 -15.64
156792 -40 22.16 -7.35
157645 -40 22.16 -7.35
151140 -40 22.16 -7.35
156987 -40 22.16 -7.35
155628 -40 22.16 -7.35
153206 -40 22.16 -7.35
158825 -40 22.16 -7.35
150879 -40 22.16 -7.35
153395 -40 22.16 -7.35
155131 -40 22.16 -7.35
155980 -40 22.16 -7.35
154675 -40 22.16 -7.35
154997 -40 22.16 -7.35
155943 -40 22.16 -7.35
155222 -40 22.16 -7.35
154541 -40 22.16 -7.35
154034 -40 22.16 -7.35
156086 -40 22.16 -7.35
155654 -40 22.16 -7.35
148716 -40 22.16 -7.35
156270 -40 22.16 -7.35
154597 -40 22.16 -7.35
152514 -40 22.16 -7.35
159742 -40 22.16 -7.35
156269 -40 22.16 -7.35
154859 -40 22.16 -7.35
152553 -40 22.16 -7.35
154400 -40 22.16 -7.35
155443 -40 22.16 -7.35
157071 -40 22.16 -7.35
153729 -40 22.16 -7.35
153484 -40 22.16 -7.35
151002 -40 22.16 -7.35
160509 -40 22.16 -7.35
156980 -40 22.16 -7.35
158852 -40 22.16 -7.35
156186 -40 22.16 -7.35
153979 -40 22.16 -7.35
160342 -40 22.16 -7.35
127664 -40 1.85 18.99
122825 -40 1.85 18.99
126167 -40 1.85 18.99
129442 -40 1.85 18.99
127483 -40 1.85 18.99
128471 -40 1.85 18.99
127196 -40 1.85 18.99
123670 -40 1.85 18.99
128554 -40 1.85 18.99
134225 -40 1.85 18.99
128921 -40 1.85 18.99
127321 -40 1.85 18.99
127509 -40 1.85 18.99
128046 -40 1.85 18.99
129825 -40 1.85 18.99
129877 -40 1.85 18.99
126620 -40 1.85 18.99
125560 -40 1.85 18.99
128983 -40 1.85 18.99
126963 -40 1.85 18.99
127688 -40 1.85 18.99
125746 -40 1.85 18.99
130773 -40 1.85 18.99
127587 -40 1.85 18.99
128702 -40 1.85 18.99
123169 -40 1.85 18.99
130021 -40 1.85 18.99
127107 -40 1.85 18.99
128566 -40 1.85 18.99
127570 -40 1.85 18.99
129288 -40 1.85 18.99
127848 -40 1.85 18.99
126876 -40 1.85 18.99
127178 -40 1.85 18.99
126483 -40 1.85 18.99
128635 -40 1.85 18.99
127737 -40 1.85 18.99
124609 -40 1.85 18.99
121794 -40 1.85 18.99
109982 -40 -16.04 -4.66
111536 -40 -16.04 -4.66
109633 -40 -16.04 -4.66
114339 -40 -16.04 -4.66
113532 -40 -16.04 -4.66
113099 -40 -16.04 -4.66
106585 -40 -16.04 -4.66
113531 -40 -16.04 -4.66
111103 -40 -16.04 -4.66
112223 -40 -16.04 -4.66
107527 -40 -16.04 -4.66
109646 -40 -16.04 -4.66
112165 -40 -16.04 -4.66
112016 -40 -16.04 -4.66
112366 -40 -16.04 -4.66
110549 -40 -16.04 -4.66
110929 -40 -16.04 -4.66
112243 -40 -16.04 -4.66
113174 -40 -16.04 -4.66
115319 -40 -16.04 -4.66
115195 -40 -16.04 -4.66
110124 -40 -16.04 -4.66
110126 -40 -16.04 -4.66
112255 -40 -16.04 -4.66
111348 -40 -16.04 -4.66
110403 -40 -16.04 -4.66
113241 -40 -16.04 -4.66
109376 -40 -16.04 -4.66
111499 -40 -16.04 -4.66
113962 -40 -16.04 -4.66
112852 -40 -16.04 -4.66
110240 -40 -16.04 -4.66
111155 -40 -16.04 -4.66
111224 -40 -16.04 -4.66
107781 -40 -16.04 -4.66
113378 -40 -16.04 -4.66
116442 -40 -16.04 -4.66
112324 -40 -16.04 -4.66
109426 -40 -16.04 -4.66
200659 -40 -29.32 6.72
201942 -40 -29.32 6.72
203191 -40 -29.32 6.72
199095 -40 -29.32 6.72
194304 -40 -29.32 6.72
195854 -40 -29.32 6.72
204004 -40 -29.32 6.72
195440 -40 -29.32 6.72
203488 -40 -29.32 6.72
198436 -40 -29.32 6.72
198347 -40 -29.32 6.72
203108 -40 -29.32 6.72
198128 -40 -29.32 6.72
197332 -40 -29.32 6.72
198235 -40 -29.32 6.72
204211 -40 -29.32 6.72
204110 -40 -29.32 6.72
199175 -40 -29.32 6.72
202522 -40 -29.32 6.72
202079 -40 -29.32 6.72
196784 -40 -29.32 6.72
195592 -40 -29.32 6.72
202948 -40 -29.32 6.72
198185 -40 -29.32 6.72
198515 -40 -29.32 6.72
197941 -40 -29.32 6.72
197018 -40 -29.32 6.72
202753 -40 -29.32 6.72
201167 -40 -29.32 6.72
202449 -40 -29.32 6.72
195034 -40 -29.32 6.72
198525 -40 -29.32 6.72
196235 -40 -29.32 6.72
200764 -40 -29.32 6.72
199574 -40 -29.32 6.72
201690 -40 -29.32 6.72
196505 -40 -29.32 6.72
201675 -40 -29.32 6.72
197128 -40 -29.32 6.72
114114 -40 -4.17 15.97
107693 -40 -4.17 15.97
112756 -40 -4.17 15.97
110541 -40 -4.17 15.97
110403 -40 -4.17 15.97
111739 -40 -4.17 15.97
111281 -40 -4.17 15.97
110886 -40 -4.17 15.97
111352 -40 -4.17 15.97
112177 -40 -4.17 15.97
110290 -40 -4.17 15.97
111233 -40 -4.17 15.97
111441 -40 -4.17 15.97
108076 -40 -4.17 15.97
112414 -40 -4.17 15.97
114388 -40 -4.17 15.97
109195 -40 -4.17 15.97
112164 -40 -4.17 15.97
112347 -40 -4.17 15.97
110384 -40 -4.17 15.97
111257 -40 -4.17 15.97
111622 -40 -4.17 15.97
107565 -40 -4.17 15.97
110036 -40 -4.17 15.97
108533 -40 -4.17 15.97
108012 -40 -4.17 15.97
111039 -40 -4.17 15.97
111040 -40 -4.17 15.97
108952 -40 -4.17 15.97
106701 -40 -4.17 15.97
109159 -40 -4.17 15.97
111283 -40 -4.17 15.97
110052 -40 -4.17 15.97
107667 -40 -4.17 15.97
113199 -40 -4.17 15.97
111721 -40 -4.17 15.97
111529 -40 -4.17 15.97
108818 -40 -4.17 15.97
107354 -40 -4.17 15.97
55700 -40 -5.86 -5.89
52723 -40 -5.86 -5.89
54645 -40 -5.86 -5.89
52005 -40 -5.86 -5.89
57439 -40 -5.86 -5.89
57328 -40 -5.86 -5.89
55959 -40 -5.86 -5.89
55752 -40 -5.86 -5.89
52322 -40 -5.86 -5.89
56601 -40 -5.86 -5.89
57616 -40 -5.86 -5.89
47579 -40 -5.86 -5.89
53509 -40 -5.86 -5.89
52063 -40 -5.86 -5.89
57396 -40 -5.86 -5.89
52981 -40 -5.86 -5.89
56194 -40 -5.86 -5.89
58324 -40 -5.86 -5.89
54098 -40 -5.86 -5.89
51596 -40 -5.86 -5.89
54886 -40 -5.86 -5.89
52701 -40 -5.86 -5.89
55157 -40 -5.86 -5.89
53294 -40 -5.86 -5.89
57284 -40 -5.86 -5.89
55500 -40 -5.86 -5.89
56056 -40 -5.86 -5.89
52856 -40 -5.86 -5.89
52188 -40 -5.86 -5.89
55459 -40 -5.86 -5.89
53575 -40 -5.86 -5.89
55286 -40 -5.86 -5.89
54460 -40 -5.86 -5.89
55528 -40 -5.86 -5.89
54737 -40 -5.86 -5.89
59809 -40 -5.86 -5.89
54626 -40 -5.86 -5.89
54642 -40 -5.86 -5.89
59286 -40 -5.86 -5.89
151444 -40 1.36 22.33
149838 -40 1.36 22.33
151069 -40 1.36 22.33
148855 -40 1.36 22.33
144908 -40 1.36 22.33
151270 -40 1.36 22.33
150245 -40 1.36 22.33
154265 -40 1.36 22.33
151460 -40 1.36 22.33
150793 -40 1.36 22.33
149067 -40 1.36 22.33
146861 -40 1.36 22.33
144514 -40 1.36 22.33
149714 -40 1.36 22.33
147278 -40 1.36 22.33
149859 -40 1.36 22.33
150859 -40 1.36 22.33
150699 -40 1.36 22.33
147988 -40 1.36 22.33
150540 -40 1.36 22.33
152666 -40 1.36 22.33
150167 -40 1.36 22.33
147626 -40 1.36 22.33
149831 -40 1.36 22.33
150992 -40 1.36 22.33
151302 -40 1.36 22.33
149445 -40 1.36 22.33
147357 -40 1.36 22.33
155052 -40 1.36 22.33
148982 -40 1.36 22.33
149535 -40 1.36 22.33
145774 -40 1.36 22.33
143859 -40 1.36 22.33
149630 -40 1.36 22.33
150489 -40 1.36 22.33
144225 -40 1.36 22.33
146046 -40 1.36 22.33
153503 -40 1.36 22.33
149881 -40 1.36 22.33
174986 -40 -1.3 25.59
174117 -40 -1.3 25.59
172320 -40 -1.3 25.59
170424 -40 -1.3 25.59
170238 -40 -1.3 25.59
169652 -40 -1.3 25.59
167967 -40 -1.3 25.59
169858 -40 -1.3 25.59
169334 -40 -1.3 25.59
170553 -40 -1.3 25.59
172670 -40 -1.3 25.59
170011 -40 -1.3 25.59
176666 -40 -1.3 25.59
170718 -40 -1.3 25.59
164533 -40 -1.3 25.59
174480 -40 -1.3 25.59
169450 -40 -1.3 25.59
172544 -40 -1.3 25.59
167928 -40 -1.3 25.59
170567 -40 -1.3 25.59
171306 -40 -1.3 25.59
167778 -40 -1.3 25.59
174280 -40 -1.3 25.59
173123 -40 -1.3 25.59
165930 -40 -1.3 25.59
172077 -40 -1.3 25.59
172659 -40 -1.3 25.59
171086 -40 -1.3 25.59
173150 -40 -1.3 25.59
173952 -40 -1.3 25.59
170705 -40 -1.3 25.59
169326 -40 -1.3 25.59
170030 -40 -1.3 25.59
166269 -40 -1.3 25.59
173159 -40 -1.3 25.59
173105 -40 -1.3 25.59
171311 -40 -1.3 25.59
174598 -40 -1.3 25.59
170210 -40 -1.3 25.59
