#rtt sig_str x y
204781 -40 -29.38 -8.13
198390 -40 -29.38 -8.13
202399 -40 -29.38 -8.13
204025 -40 -29.38 -8.13
203663 -40 -29.38 -8.13
205355 -40 -29.38 -8.13
202958 -40 -29.38 -8.13
205213 -40 -29.38 -8.13
205982 -40 -29.38 -8.13
203749 -40 -29.38 -8.13
201851 -40 -29.38 -8.13
204610 -40 -29.38 -8.13
203557 -40 -29.38 -8.13
203391 -40 -29.38 -8.13
202406 -40 -29.38 -8.13
205623 -40 -29.38 -8.13
207579 -40 -29.38 -8.13
199369 -40 -29.38 -8.13
206505 -40 -29.38 -8.13
208983 -40 -29.38 -8.13
204577 -40 -29.38 -8.13
201059 -40 -29.38 -8.13
202320 -40 -29.38 -8.13
206439 -40 -29.38 -8.13
205057 -40 -29.38 -8.13
202376 -40 -29.38 -8.13
207457 -40 -29.38 -8.13
205908 -40 -29.38 -8.13
206783 -40 -29.38 -8.13
199741 -40 -29.38 -8.13
203617 -40 -29.38 -8.13
198175 -40 -29.38 -8.13
201045 -40 -29.38 -8.13
202143 -40 -29.38 -8.13
204977 -40 -29.38 -8.13
205266 -40 -29.38 -8.13
203223 -40 -29.38 -8.13
204799 -40 -29.38 -8.13
205957 -40 -29.38 -8.13
199600 -40 -0.25 -29.55
197793 -40 -0.25 -29.55
196692 -40 -0.25 -29.55
200398 -40 -0.25 -29.55
197044 -40 -0.25 -29.55
199000 -40 -0.25 -29.55
195796 -40 -0.25 -29.55
201346 -40 -0.25 -29.55
196181 -40 -0.25 -29.55
197314 -40 -0.25 -29.55
195678 -40 -0.25 -29.55
196563 -40 -0.25 -29.55
194713 -40 -0.25 -29.55
193992 -40 -0.25 -29.55
196437 -40 -0.25 -29.55
197346 -40 -0.25 -29.55
199664 -40 -0.25 -29.55
199049 -40 -0.25 -29.55
197845 -40 -0.25 -29.55
200620 -40 -0.25 -29.55
200839 -40 -0.25 -29.55
200034 -40 -0.25 -29.55
195548 -40 -0.25 -29.55
197581 -40 -0.25 -29.55
198271 -40 -0.25 -29.55
195294 -40 -0.25 -29.55
197983 -40 -0.25 -29.55
189739 -40 -0.25 -29.55
200146 -40 -0.25 -29.55
200340 -40 -0.25 -29.55
194221 -40 -0.25 -29.55
198121 -40 -0.25 -29.55
195465 -40 -0.25 -29.55
196046 -40 -0.25 -29.55
197169 -40 -0.25 -29.55
200569 -40 -0.25 -29.55
199650 -40 -0.25 -29.55
198714 -40 -0.25 -29.55
197903 -40 -0.25 -29.55
164196 -40 -21.97 -11.03
166887 -40 -21.97 -11.03
163949 -40 -21.97 -11.03
160219 -40 -21.97 -11.03
164697 -40 -21.97 -11.03
163471 -40 -21.97 -11.03
159966 -40 -21.97 -11.03
164460 -40 -21.97 -11.03
164418 -40 -21.97 -11.03
165067 -40 -21.97 -11.03
165662 -40 -21.97 -11.03
163501 -40 -21.97 -11.03
164240 -40 -21.97 -11.03
164812 -40 -21.97 -11.03
163000 -40 -21.97 -11.03
163110 -40 -21.97 -11.03
165880 -40 -21.97 -11.03
163037 -40 -21.97 -11.03
163497 -40 -21.97 -11.03
167446 -40 -21.97 -11.03
161927 -40 -21.97 -11.03
164105 -40 -21.97 -11.03
165075 -40 -21.97 -11.03
165224 -40 -21.97 -11.03
159401 -40 -21.97 -11.03
165518 -40 -21.97 -11.03
167915 -40 -21.97 -11.03
160860 -40 -21.97 -11.03
161987 -40 -21.97 -11.03
163791 -40 -21.97 -11.03
163789 -40 -21.97 -11.03
167185 -40 -21.97 -11.03
164996 -40 -21.97 -11.03
165407 -40 -21.97 -11.03
162990 -40 -21.97 -11.03
159967 -40 -21.97 -11.03
161310 -40 -21.97 -11.03
162151 -40 -21.97 -11.03
159963 -40 -21.97 -11.03
240392 -40 -21.48 -29.21
242813 -40 -21.48 -29.21
238845 -40 -21.48 -29.21
245914 -40 -21.48 -29.21
241378 -40 -21.48 -29.21
237993 -40 -21.48 -29.21
239925 -40 -21.48 -29.21
242839 -40 -21.48 -29.21
241444 -40 -21.48 -29.21
242184 -40 -21.48 -29.21
246016 -40 -21.48 -29.21
242633 -40 -21.48 -29.21
240868 -40 -21.48 -29.21
245994 -40 -21.48 -29.21
244970 -40 -21.48 -29.21
245704 -40 -21.48 -29.21
242874 -40 -21.48 -29.21
239253 -40 -21.48 -29.21
239706 -40 -21.48 -29.21
237650 -40 -21.48 -29.21
244625 -40 -21.48 -29.21
236618 -40 -21.48 -29.21
243028 -40 -21.48 -29.21
244261 -40 -21.48 -29.21
239475 -40 -21.48 -29.21
239119 -40 -21.48 -29.21
242153 -40 -21.48 -29.21
240730 -40 -21.48 -29.21
240033 -40 -21.48 -29.21
241804 -40 -21.48 -29.21
245000 -40 -21.48 -29.21
242063 -40 -21.48 -29.21
240098 -40 -21.48 -29.21
239867 -40 -21.48 -29.21
243549 -40 -21.48 -29.21
238913 -40 -21.48 -29.21
237578 -40 -21.48 -29.21
243536 -40 -21.48 -29.21
240122 -40 -21.48 -29.21
181517 -40 -16.89 22.64
194116 -40 -16.89 22.64
189846 -40 -16.89 22.64
190981 -40 -16.89 22.64
192561 -40 -16.89 22.64
188245 -40 -16.89 22.64
189731 -40 -16.89 22.64
188237 -40 -16.89 22.64
186782 -40 -16.89 22.64
182027 -40 -16.89 22.64
186191 -40 -16.89 22.64
185400 -40 -16.89 22.64
191617 -40 -16.89 22.64
188102 -40 -16.89 22.64
191454 -40 -16.89 22.64
194203 -40 -16.89 22.64
187978 -40 -16.89 22.64
190989 -40 -16.89 22.64
186117 -40 -16.89 22.64
188936 -40 -16.89 22.64
188920 -40 -16.89 22.64
192269 -40 -16.89 22.64
190239 -40 -16.89 22.64
188177 -40 -16.89 22.64
187940 -40 -16.89 22.64
189278 -40 -16.89 22.64
188968 -40 -16.89 22.64
185937 -40 -16.89 22.64
184803 -40 -16.89 22.64
186808 -40 -16.89 22.64
187920 -40 -16.89 22.64
188187 -40 -16.89 22.64
188148 -40 -16.89 22.64
188084 -40 -16.89 22.64
185812 -40 -16.89 22.64
186148 -40 -16.89 22.64
189011 -40 -16.89 22.64
189240 -40 -16.89 22.64
189120 -40 -16.89 22.64
142744 -40 -4.89 -21.75
146791 -40 -4.89 -21.75
148808 -40 -4.89 -21.75
151039 -40 -4.89 -21.75
145707 -40 -4.89 -21.75
143605 -40 -4.89 -21.75
147930 -40 -4.89 -21.75
152331 -40 -4.89 -21.75
146779 -40 -4.89 -21.75
149788 -40 -4.89 -21.75
151098 -40 -4.89 -21.75
146857 -40 -4.89 -21.75
149566 -40 -4.89 -21.75
152406 -40 -4.89 -21.75
150721 -40 -4.89 -21.75
144658 -40 -4.89 -21.75
143421 -40 -4.89 -21.75
149516 -40 -4.89 -21.75
150064 -40 -4.89 -21.75
151337 -40 -4.89 -21.75
147374 -40 -4.89 -21.75
151903 -40 -4.89 -21.75
145078 -40 -4.89 -21.75
144205 -40 -4.89 -21.75
147502 -40 -4.89 -21.75
144171 -40 -4.89 -21.75
147114 -40 -4.89 -21.75
150251 -40 -4.89 -21.75
151162 -40 -4.89 -21.75
149234 -40 -4.89 -21.75
148558 -40 -4.89 -21.75
146285 -40 -4.89 -21.75
148805 -40 -4.89 -21.75
148330 -40 -4.89 -21.75
150275 -40 -4.89 -21.75
146770 -40 -4.89 -21.75
147425 -40 -4.89 -21.75
150768 -40 -4.89 -21.75
146574 -40 -4.89 -21.75
171117 -40 -15.12 -21.69
177162 -40 -15.12 -21.69
175610 -40 -15.12 -21.69
180599 -40 -15.12 -21.69
178313 -40 -15.12 -21.69
178479 -40 -15.12 -21.69
175154 -40 -15.12 -21.69
176716 -40 -15.12 -21.69
172224 -40 -15.12 -21.69
176516 -40 -15.12 -21.69
177085 -40 -15.12 -21.69
180574 -40 -15.12 -21.69
179108 -40 -15.12 -21.69
176375 -40 -15.12 -21.69
182892 -40 -15.12 -21.69
175001 -40 -15.12 -21.69
177300 -40 -15.12 -21.69
181041 -40 -15.12 -21.69
173313 -40 -15.12 -21.69
176330 -40 -15.12 -21.69
173954 -40 -15.12 -21.69
176878 -40 -15.12 -21.69
175813 -40 -15.12 -21.69
171332 -40 -15.12 -21.69
178220 -40 -15.12 -21.69
171512 -40 -15.12 -21.69
172772 -40 -15.12 -21.69
173555 -40 -15.12 -21.69
175662 -40 -15.12 -21.69
173894 -40 -15.12 -21.69
176484 -40 -15.12 -21.69
177103 -40 -15.12 -21.69
177245 -40 -15.12 -21.69
176466 -40 -15.12 -21.69
175178 -40 -15.12 -21.69
178528 -40 -15.12 -21.69
177764 -40 -15.12 -21.69
174273 -40 -15.12 -21.69
179939 -40 -15.12 -21.69
173627 -40 -24.96 -6.25
170340 -40 -24.96 -6.25
172102 -40 -24.96 -6.25
174533 -40 -24.96 -6.25
169380 -40 -24.96 -6.25
174816 -40 -24.96 -6.25
172591 -40 -24.96 -6.25
173706 -40 -24.96 -6.25
173305 -40 -24.96 -6.25
170651 -40 -24.96 -6.25
169561 -40 -24.96 -6.25
174611 -40 -24.96 -6.25
170571 -40 -24.96 -6.25
163587 -40 -24.96 -6.25
169712 -40 -24.96 -6.25
171943 -40 -24.96 -6.25
170288 -40 -24.96 -6.25
168143 -40 -24.96 -6.25
170593 -40 -24.96 -6.25
168064 -40 -24.96 -6.25
172026 -40 -24.96 -6.25
173485 -40 -24.96 -6.25
175608 -40 -24.96 -6.25
174455 -40 -24.96 -6.25
176638 -40 -24.96 -6.25
163623 -40 -24.96 -6.25
170917 -40 -24.96 -6.25
166926 -40 -24.96 -6.25
171375 -40 -24.96 -6.25
172424 -40 -24.96 -6.25
176060 -40 -24.96 -6.25
176872 -40 -24.96 -6.25
175579 -40 -24.96 -6.25
172952 -40 -24.96 -6.25
168313 -40 -24.96 -6.25
171566 -40 -24.96 -6.25
171652 -40 -24.96 -6.25
175340 -40 -24.96 -6.25
169692 -40 -24.96 -6.25
62047 -40 -9.27 -0.32
59592 -40 -9.27 -0.32
59436 -40 -9.27 -0.32
60321 -40 -9.27 -0.32
58226 -40 -9.27 -0.32
62474 -40 -9.27 -0.32
61127 -40 -9.27 -0.32
64554 -40 -9.27 -0.32
66195 -40 -9.27 -0.32
59278 -40 -9.27 -0.32
63310 -40 -9.27 -0.32
61773 -40 -9.27 -0.32
61708 -40 -9.27 -0.32
64875 -40 -9.27 -0.32
61526 -40 -9.27 -0.32
63562 -40 -9.27 -0.32
61968 -40 -9.27 -0.32
62405 -40 -9.27 -0.32
58831 -40 -9.27 -0.32
58476 -40 -9.27 -0.32
59369 -40 -9.27 -0.32
58627 -40 -9.27 -0.32
62678 -40 -9.27 -0.32
58703 -40 -9.27 -0.32
62925 -40 -9.27 -0.32
63117 -40 -9.27 -0.32
64225 -40 -9.27 -0.32
64241 -40 -9.27 -0.32
58956 -40 -9.27 -0.32
61795 -40 -9.27 -0.32
64817 -40 -9.27 -0.32
63063 -40 -9.27 -0.32
63992 -40 -9.27 -0.32
62189 -40 -9.27 -0.32
59414 -40 -9.27 -0.32
58253 -40 -9.27 -0.32
61901 -40 -9.27 -0.32
60086 -40 -9.27 -0.32
61759 -40 -9.27 -0.32
150174 -40 -20 -11.06
150275 -40 -20 -11.06
151354 -40 -20 -11.06
149639 -40 -20 -11.06
153057 -40 -20 -11.06
155333 -40 -20 -11.06
148814 -40 -20 -11.06
149697 -40 -20 -11.06
156603 -40 -20 -11.06
152118 -40 -20 -11.06
148122 -40 -20 -11.06
158547 -40 -20 -11.06
152343 -40 -20 -11.06
156894 -40 -20 -11.06
155368 -40 -20 -11.06
154337 -40 -20 -11.06
150712 -40 -20 -11.06
152950 -40 -20 -11.06
151819 -40 -20 -11.06
154532 -40 -20 -11.06
151598 -40 -20 -11.06
148150 -40 -20 -11.06
150533 -40 -20 -11.06
152086 -40 -20 -11.06
151969 -40 -20 -11.06
149898 -40 -20 -11.06
150058 -40 -20 -11.06
154356 -40 -20 -11.06
152218 -40 -20 -11.06
151720 -40 -20 -11.06
153126 -40 -20 -11.06
149538 -40 -20 -11.06
152516 -40 -20 -11.06
158398 -40 -20 -11.06
153001 -40 -20 -11.06
157231 -40 -20 -11.06
148269 -40 -20 -11.06
155349 -40 -20 -11.06
152478 -40 -20 -11.06
