#rtt sig_str x y
136599 -40 16.28 -12.08
132271 -40 16.28 -12.08
136861 -40 16.28 -12.08
137164 -40 16.28 -12.08
134670 -40 16.28 -12.08
134094 -40 16.28 -12.08
134747 -40 16.28 -12.08
135809 -40 16.28 -12.08
133605 -40 16.28 -12.08
137980 -40 16.28 -12.08
135770 -40 16.28 -12.08
135696 -40 16.28 -12.08
133440 -40 16.28 -12.08
139111 -40 16.28 -12.08
138215 -40 16.28 -12.08
129648 -40 16.28 -12.08
133904 -40 16.28 -12.08
133555 -40 16.28 -12.08
137306 -40 16.28 -12.08
135159 -40 16.28 -12.08
134357 -40 16.28 -12.08
133700 -40 16.28 -12.08
135809 -40 16.28 -12.08
135664 -40 16.28 -12.08
134181 -40 16.28 -12.08
133515 -40 16.28 -12.08
134539 -40 16.28 -12.08
135992 -40 16.28 -12.08
140360 -40 16.28 -12.08
132277 -40 16.28 -12.08
135820 -40 16.28 -12.08
135764 -40 16.28 -12.08
135882 -40 16.28 -12.08
133850 -40 16.28 -12.08
131116 -40 16.28 -12.08
134017 -40 16.28 -12.08
138383 -40 16.28 -12.08
132943 -40 16.28 -12.08
136948 -40 16.28 -12.08
191179 -40 -28.76 -0.32
194104 -40 -28.76 -0.32
192400 -40 -28.76 -0.32
192801 -40 -28.76 -0.32
189227 -40 -28.76 -0.32
192896 -40 -28.76 -0.32
190447 -40 -28.76 -0.32
189928 -40 -28.76 -0.32
187982 -40 -28.76 -0.32
194224 -40 -28.76 -0.32
192575 -40 -28.76 -0.32
193138 -40 -28.76 -0.32
189936 -40 -28.76 -0.32
189607 -40 -28.76 -0.32
192590 -40 -28.76 -0.32
191715 -40 -28.76 -0.32
191302 -40 -28.76 -0.32
193501 -40 -28.76 -0.32
190009 -40 -28.76 -0.32
193909 -40 -28.76 -0.32
192991 -40 -28.76 -0.32
189417 -40 -28.76 -0.32
190411 -40 -28.76 -0.32
193245 -40 -28.76 -0.32
189713 -40 -28.76 -0.32
193013 -40 -28.76 -0.32
188334 -40 -28.76 -0.32
192949 -40 -28.76 -0.32
189635 -40 -28.76 -0.32
187424 -40 -28.76 -0.32
196320 -40 -28.76 -0.32
188380 -40 -28.76 -0.32
192210 -40 -28.76 -0.32
195442 -40 -28.76 -0.32
190579 -40 -28.76 -0.32
192682 -40 -28.76 -0.32
195442 -40 -28.76 -0.32
189710 -40 -28.76 -0.32
192444 -40 -28.76 -0.32
56714 -40 8.02 -3.42
58305 -40 8.02 -3.42
55055 -40 8.02 -3.42
54648 -40 8.02 -3.42
59400 -40 8.02 -3.42
61611 -40 8.02 -3.42
55577 -40 8.02 -3.42
57963 -40 8.02 -3.42
59275 -40 8.02 -3.42
60497 -40 8.02 -3.42
53684 -40 8.02 -3.42
59419 -40 8.02 -3.42
58823 -40 8.02 -3.42
60418 -40 8.02 -3.42
61770 -40 8.02 -3.42
60028 -40 8.02 -3.42
59983 -40 8.02 -3.42
58414 -40 8.02 -3.42
58020 -40 8.02 -3.42
54493 -40 8.02 -3.42
57620 -40 8.02 -3.42
62893 -40 8.02 -3.42
61406 -40 8.02 -3.42
58539 -40 8.02 -3.42
58081 -40 8.02 -3.42
61600 -40 8.02 -3.42
53176 -40 8.02 -3.42
57139 -40 8.02 -3.42
55723 -40 8.02 -3.42
60655 -40 8.02 -3.42
57474 -40 8.02 -3.42
56747 -40 8.02 -3.42
59085 -40 8.02 -3.42
59996 -40 8.02 -3.42
53522 -40 8.02 -3.42
57446 -40 8.02 -3.42
54317 -40 8.02 -3.42
56998 -40 8.02 -3.42
59409 -40 8.02 -3.42
164574 -40 14.93 19.92
163331 -40 14.93 19.92
168559 -40 14.93 19.92
165439 -40 14.93 19.92
169882 -40 14.93 19.92
169145 -40 14.93 19.92
168665 -40 14.93 19.92
168014 -40 14.93 19.92
164266 -40 14.93 19.92
162032 -40 14.93 19.92
168356 -40 14.93 19.92
168935 -40 14.93 19.92
165050 -40 14.93 19.92
164495 -40 14.93 19.92
164904 -40 14.93 19.92
160998 -40 14.93 19.92
168052 -40 14.93 19.92
164822 -40 14.93 19.92
168103 -40 14.93 19.92
169790 -40 14.93 19.92
167868 -40 14.93 19.92
168126 -40 14.93 19.92
165558 -40 14.93 19.92
169079 -40 14.93 19.92
163510 -40 14.93 19.92
166028 -40 14.93 19.92
165012 -40 14.93 19.92
164923 -40 14.93 19.92
170115 -40 14.93 19.92
166326 -40 14.93 19.92
168336 -40 14.93 19.92
165494 -40 14.93 19.92
164269 -40 14.93 19.92
168372 -40 14.93 19.92
167402 -40 14.93 19.92
165121 -40 14.93 19.92
166220 -40 14.93 19.92
164553 -40 14.93 19.92
163048 -40 14.93 19.92
31200 -40 -0.09 5
34863 -40 -0.09 5
29491 -40 -0.09 5
32311 -40 -0.09 5
34471 -40 -0.09 5
27702 -40 -0.09 5
32942 -40 -0.09 5
31827 -40 -0.09 5
33858 -40 -0.09 5
34178 -40 -0.09 5
33376 -40 -0.09 5
33391 -40 -0.09 5
33640 -40 -0.09 5
33305 -40 -0.09 5
34073 -40 -0.09 5
32268 -40 -0.09 5
34142 -40 -0.09 5
32289 -40 -0.09 5
35691 -40 -0.09 5
35753 -40 -0.09 5
31005 -40 -0.09 5
33206 -40 -0.09 5
31490 -40 -0.09 5
30091 -40 -0.09 5
30328 -40 -0.09 5
31444 -40 -0.09 5
35359 -40 -0.09 5
31128 -40 -0.09 5
37362 -40 -0.09 5
34251 -40 -0.09 5
30766 -40 -0.09 5
36657 -40 -0.09 5
33006 -40 -0.09 5
33043 -40 -0.09 5
34674 -40 -0.09 5
35267 -40 -0.09 5
32904 -40 -0.09 5
35490 -40 -0.09 5
24197 -40 -0.09 5
216435 -40 -16.51 -28.49
220603 -40 -16.51 -28.49
218398 -40 -16.51 -28.49
222224 -40 -16.51 -28.49
221615 -40 -16.51 -28.49
215540 -40 -16.51 -28.49
219988 -40 -16.51 -28.49
223896 -40 -16.51 -28.49
217202 -40 -16.51 -28.49
219348 -40 -16.51 -28.49
220280 -40 -16.51 -28.49
221954 -40 -16.51 -28.49
216695 -40 -16.51 -28.49
214518 -40 -16.51 -28.49
216983 -40 -16.51 -28.49
219540 -40 -16.51 -28.49
223096 -40 -16.51 -28.49
219620 -40 -16.51 -28.49
222895 -40 -16.51 -28.49
217591 -40 -16.51 -28.49
220610 -40 -16.51 -28.49
216020 -40 -16.51 -28.49
225753 -40 -16.51 -28.49
216895 -40 -16.51 -28.49
219252 -40 -16.51 -28.49
218965 -40 -16.51 -28.49
219462 -40 -16.51 -28.49
217286 -40 -16.51 -28.49
223059 -40 -16.51 -28.49
218456 -40 -16.51 -28.49
222177 -40 -16.51 -28.49
219712 -40 -16.51 -28.49
219595 -40 -16.51 -28.49
216937 -40 -16.51 -28.49
216533 -40 -16.51 -28.49
218450 -40 -16.51 -28.49
217626 -40 -16.51 -28.49
219988 -40 -16.51 -28.49
216255 -40 -16.51 -28.49
146469 -40 -18.12 12.55
150207 -40 -18.12 12.55
145834 -40 -18.12 12.55
147497 -40 -18.12 12.55
146581 -40 -18.12 12.55
143701 -40 -18.12 12.55
147691 -40 -18.12 12.55
144530 -40 -18.12 12.55
147731 -40 -18.12 12.55
144844 -40 -18.12 12.55
148999 -40 -18.12 12.55
146556 -40 -18.12 12.55
146414 -40 -18.12 12.55
147410 -40 -18.12 12.55
148951 -40 -18.12 12.55
144327 -40 -18.12 12.55
146520 -40 -18.12 12.55
144751 -40 -18.12 12.55
143327 -40 -18.12 12.55
146486 -40 -18.12 12.55
149740 -40 -18.12 12.55
143430 -40 -18.12 12.55
144848 -40 -18.12 12.55
142880 -40 -18.12 12.55
148759 -40 -18.12 12.55
145796 -40 -18.12 12.55
143804 -40 -18.12 12.55
146176 -40 -18.12 12.55
150894 -40 -18.12 12.55
147349 -40 -18.12 12.55
147072 -40 -18.12 12.55
146807 -40 -18.12 12.55
146697 -40 -18.12 12.55
152986 -40 -18.12 12.55
148396 -40 -18.12 12.55
147635 -40 -18.12 12.55
152691 -40 -18.12 12.55
147907 -40 -18.12 12.55
152324 -40 -18.12 12.55
139147 -40 15.63 -14.07
148024 -40 15.63 -14.07
143260 -40 15.63 -14.07
143051 -40 15.63 -14.07
140140 -40 15.63 -14.07
140605 -40 15.63 -14.07
142062 -40 15.63 -14.07
136206 -40 15.63 -14.07
137502 -40 15.63 -14.07
136682 -40 15.63 -14.07
143738 -40 15.63 -14.07
141808 -40 15.63 -14.07
142958 -40 15.63 -14.07
142871 -40 15.63 -14.07
144024 -40 15.63 -14.07
138904 -40 15.63 -14.07
139551 -40 15.63 -14.07
142376 -40 15.63 -14.07
140786 -40 15.63 -14.07
142393 -40 15.63 -14.07
140771 -40 15.63 -14.07
142988 -40 15.63 -14.07
143190 -40 15.63 -14.07
144300 -40 15.63 -14.07
139826 -40 15.63 -14.07
143360 -40 15.63 -14.07
139663 -40 15.63 -14.07
143676 -40 15.63 -14.07
142957 -40 15.63 -14.07
139633 -40 15.63 -14.07
140944 -40 15.63 -14.07
140191 -40 15.63 -14.07
140511 -40 15.63 -14.07
138577 -40 15.63 -14.07
142454 -40 15.63 -14.07
138539 -40 15.63 -14.07
140631 -40 15.63 -14.07
137996 -40 15.63 -14.07
143365 -40 15.63 -14.07
155886 -40 -19.86 -14.19
163863 -40 -19.86 -14.19
165705 -40 -19.86 -14.19
166395 -40 -19.86 -14.19
157887 -40 -19.86 -14.19
166063 -40 -19.86 -14.19
163258 -40 -19.86 -14.19
163486 -40 -19.86 -14.19
166230 -40 -19.86 -14.19
162065 -40 -19.86 -14.19
166009 -40 -19.86 -14.19
157697 -40 -19.86 -14.19
161145 -40 -19.86 -14.19
155659 -40 -19.86 -14.19
162143 -40 -19.86 -14.19
164337 -40 -19.86 -14.19
161563 -40 -19.86 -14.19
162869 -40 -19.86 -14.19
166339 -40 -19.86 -14.19
158086 -40 -19.86 -14.19
166744 -40 -19.86 -14.19
161471 -40 -19.86 -14.19
166942 -40 -19.86 -14.19
164459 -40 -19.86 -14.19
158109 -40 -19.86 -14.19
163473 -40 -19.86 -14.19
166242 -40 -19.86 -14.19
166313 -40 -19.86 -14.19
159906 -40 -19.86 -14.19
166959 -40 -19.86 -14.19
163753 -40 -19.86 -14.19
161940 -40 -19.86 -14.19
166805 -40 -19.86 -14.19
157468 -40 -19.86 -14.19
160330 -40 -19.86 -14.19
160270 -40 -19.86 -14.19
162966 -40 -19.86 -14.19
163683 -40 -19.86 -14.19
163044 -40 -19.86 -14.19
213994 -40 -24.7 -20.98
214493 -40 -24.7 -20.98
218078 -40 -24.7 -20.98
215374 -40 -24.7 -20.98
216582 -40 -24.7 -20.98
216365 -40 -24.7 -20.98
213583 -40 -24.7 -20.98
215810 -40 -24.7 -20.98
214738 -40 -24.7 -20.98
214480 -40 -24.7 -20.98
216821 -40 -24.7 -20.98
215226 -40 -24.7 -20.98
216577 -40 -24.7 -20.98
216548 -40 -24.7 -20.98
217907 -40 -24.7 -20.98
217088 -40 -24.7 -20.98
217242 -40 -24.7 -20.98
210742 -40 -24.7 -20.98
213955 -40 -24.7 -20.98
218800 -40 -24.7 -20.98
214366 -40 -24.7 -20.98
217020 -40 -24.7 -20.98
216655 -40 -24.7 -20.98
213809 -40 -24.7 -20.98
213033 -40 -24.7 -20.98
218557 -40 -24.7 -20.98
215957 -40 -24.7 -20.98
216335 -40 -24.7 -20.98
216649 -40 -24.7 -20.98
215945 -40 -24.7 -20.98
209874 -40 -24.7 -20.98
212079 -40 -24.7 -20.98
219299 -40 -24.7 -20.98
214268 -40 -24.7 -20.98
216417 -40 -24.7 -20.98
219664 -40 -24.7 -20.98
216981 -40 -24.7 -20.98
219708 -40 -24.7 -20.98
214838 -40 -24.7 -20.98
