#rtt sig_str x y
63936 -40 2.6 10.27
71300 -40 2.6 10.27
74347 -40 2.6 10.27
72515 -40 2.6 10.27
69297 -40 2.6 10.27
67436 -40 2.6 10.27
70712 -40 2.6 10.27
68987 -40 2.6 10.27
70692 -40 2.6 10.27
69599 -40 2.6 10.27
66397 -40 2.6 10.27
70149 -40 2.6 10.27
68287 -40 2.6 10.27
70782 -40 2.6 10.27
73475 -40 2.6 10.27
65947 -40 2.6 10.27
67312 -40 2.6 10.27
67410 -40 2.6 10.27
65287 -40 2.6 10.27
71082 -40 2.6 10.27
71760 -40 2.6 10.27
68419 -40 2.6 10.27
74029 -40 2.6 10.27
70673 -40 2.6 10.27
68540 -40 2.6 10.27
66295 -40 2.6 10.27
68253 -40 2.6 10.27
68516 -40 2.6 10.27
67322 -40 2.6 10.27
73072 -40 2.6 10.27
70674 -40 2.6 10.27
67436 -40 2.6 10.27
66859 -40 2.6 10.27
69226 -40 2.6 10.27
71262 -40 2.6 10.27
68476 -40 2.6 10.27
70893 -40 2.6 10.27
71607 -40 2.6 10.27
69362 -40 2.6 10.27
96319 -40 -13.3 -5.28
97024 -40 -13.3 -5.28
95910 -40 -13.3 -5.28
95242 -40 -13.3 -5.28
94022 -40 -13.3 -5.28
96583 -40 -13.3 -5.28
97247 -40 -13.3 -5.28
92374 -40 -13.3 -5.28
91578 -40 -13.3 -5.28
98860 -40 -13.3 -5.28
95691 -40 -13.3 -5.28
96775 -40 -13.3 -5.28
92740 -40 -13.3 -5.28
96926 -40 -13.3 -5.28
99812 -40 -13.3 -5.28
97004 -40 -13.3 -5.28
93916 -40 -13.3 -5.28
94457 -40 -13.3 -5.28
95212 -40 -13.3 -5.28
101910 -40 -13.3 -5.28
94703 -40 -13.3 -5.28
97207 -40 -13.3 -5.28
92186 -40 -13.3 -5.28
92649 -40 -13.3 -5.28
100189 -40 -13.3 -5.28
89078 -40 -13.3 -5.28
93692 -40 -13.3 -5.28
93967 -40 -13.3 -5.28
91509 -40 -13.3 -5.28
93519 -40 -13.3 -5.28
93950 -40 -13.3 -5.28
96145 -40 -13.3 -5.28
100720 -40 -13.3 -5.28
96533 -40 -13.3 -5.28
95866 -40 -13.3 -5.28
97383 -40 -13.3 -5.28
93612 -40 -13.3 -5.28
92836 -40 -13.3 -5.28
90970 -40 -13.3 -5.28
29183 -40 -4.53 1.58
29161 -40 -4.53 1.58
30416 -40 -4.53 1.58
29024 -40 -4.53 1.58
30268 -40 -4.53 1.58
30410 -40 -4.53 1.58
27792 -40 -4.53 1.58
31613 -40 -4.53 1.58
31357 -40 -4.53 1.58
30130 -40 -4.53 1.58
30990 -40 -4.53 1.58
32079 -40 -4.53 1.58
32663 -40 -4.53 1.58
26669 -40 -4.53 1.58
31251 -40 -4.53 1.58
29380 -40 -4.53 1.58
33545 -40 -4.53 1.58
29104 -40 -4.53 1.58
30048 -40 -4.53 1.58
33783 -40 -4.53 1.58
36273 -40 -4.53 1.58
34406 -40 -4.53 1.58
33631 -40 -4.53 1.58
32131 -40 -4.53 1.58
33914 -40 -4.53 1.58
28322 -40 -4.53 1.58
28879 -40 -4.53 1.58
29657 -40 -4.53 1.58
31791 -40 -4.53 1.58
35447 -40 -4.53 1.58
32005 -40 -4.53 1.58
32075 -40 -4.53 1.58
33722 -40 -4.53 1.58
29118 -40 -4.53 1.58
28933 -40 -4.53 1.58
31530 -40 -4.53 1.58
34183 -40 -4.53 1.58
35644 -40 -4.53 1.58
29794 -40 -4.53 1.58
192213 -40 20.69 -21.09
197993 -40 20.69 -21.09
194592 -40 20.69 -21.09
198844 -40 20.69 -21.09
195429 -40 20.69 -21.09
201636 -40 20.69 -21.09
200108 -40 20.69 -21.09
194540 -40 20.69 -21.09
197917 -40 20.69 -21.09
195317 -40 20.69 -21.09
197362 -40 20.69 -21.09
193977 -40 20.69 -21.09
200005 -40 20.69 -21.09
197524 -40 20.69 -21.09
200016 -40 20.69 -21.09
200378 -40 20.69 -21.09
198189 -40 20.69 -21.09
201375 -40 20.69 -21.09
196495 -40 20.69 -21.09
196622 -40 20.69 -21.09
202921 -40 20.69 -21.09
200434 -40 20.69 -21.09
198619 -40 20.69 -21.09
196529 -40 20.69 -21.09
198095 -40 20.69 -21.09
199398 -40 20.69 -21.09
195625 -40 20.69 -21.09
195912 -40 20.69 -21.09
203087 -40 20.69 -21.09
197890 -40 20.69 -21.09
197485 -40 20.69 -21.09
196055 -40 20.69 -21.09
198472 -40 20.69 -21.09
199012 -40 20.69 -21.09
198210 -40 20.69 -21.09
195545 -40 20.69 -21.09
199826 -40 20.69 -21.09
200713 -40 20.69 -21.09
191506 -40 20.69 -21.09
238776 -40 -29.72 -20.6
241888 -40 -29.72 -20.6
242977 -40 -29.72 -20.6
242517 -40 -29.72 -20.6
242510 -40 -29.72 -20.6
242563 -40 -29.72 -20.6
241898 -40 -29.72 -20.6
238747 -40 -29.72 -20.6
240951 -40 -29.72 -20.6
238053 -40 -29.72 -20.6
239605 -40 -29.72 -20.6
239217 -40 -29.72 -20.6
239411 -40 -29.72 -20.6
247385 -40 -29.72 -20.6
241534 -40 -29.72 -20.6
243159 -40 -29.72 -20.6
242660 -40 -29.72 -20.6
243543 -40 -29.72 -20.6
246791 -40 -29.72 -20.6
240106 -40 -29.72 -20.6
238558 -40 -29.72 -20.6
238245 -40 -29.72 -20.6
239181 -40 -29.72 -20.6
243239 -40 -29.72 -20.6
240708 -40 -29.72 -20.6
243837 -40 -29.72 -20.6
238548 -40 -29.72 -20.6
242516 -40 -29.72 -20.6
241980 -40 -29.72 -20.6
243066 -40 -29.72 -20.6
240372 -40 -29.72 -20.6
243289 -40 -29.72 -20.6
239107 -40 -29.72 -20.6
240530 -40 -29.72 -20.6
245007 -40 -29.72 -20.6
242498 -40 -29.72 -20.6
238010 -40 -29.72 -20.6
243226 -40 -29.72 -20.6
245401 -40 -29.72 -20.6
195959 -40 -22.71 -18.82
201517 -40 -22.71 -18.82
195611 -40 -22.71 -18.82
199691 -40 -22.71 -18.82
201490 -40 -22.71 -18.82
194283 -40 -22.71 -18.82
196002 -40 -22.71 -18.82
196239 -40 -22.71 -18.82
196921 -40 -22.71 -18.82
195614 -40 -22.71 -18.82
192514 -40 -22.71 -18.82
199981 -40 -22.71 -18.82
198441 -40 -22.71 -18.82
201051 -40 -22.71 -18.82
197085 -40 -22.71 -18.82
198392 -40 -22.71 -18.82
194615 -40 -22.71 -18.82
195544 -40 -22.71 -18.82
197456 -40 -22.71 -18.82
202804 -40 -22.71 -18.82
193440 -40 -22.71 -18.82
195785 -40 -22.71 -18.82
198289 -40 -22.71 -18.82
200879 -40 -22.71 -18.82
196044 -40 -22.71 -18.82
194098 -40 -22.71 -18.82
196707 -40 -22.71 -18.82
191378 -40 -22.71 -18.82
198045 -40 -22.71 -18.82
193881 -40 -22.71 -18.82
194083 -40 -22.71 -18.82
198709 -40 -22.71 -18.82
194760 -40 -22.71 -18.82
198292 -40 -22.71 -18.82
199638 -40 -22.71 -18.82
193634 -40 -22.71 -18.82
203283 -40 -22.71 -18.82
198585 -40 -22.71 -18.82
196015 -40 -22.71 -18.82
133493 -40 10.25 -17.4
135346 -40 10.25 -17.4
130633 -40 10.25 -17.4
136553 -40 10.25 -17.4
138840 -40 10.25 -17.4
134905 -40 10.25 -17.4
133717 -40 10.25 -17.4
132719 -40 10.25 -17.4
133700 -40 10.25 -17.4
129153 -40 10.25 -17.4
134967 -40 10.25 -17.4
135873 -40 10.25 -17.4
135299 -40 10.25 -17.4
135587 -40 10.25 -17.4
132331 -40 10.25 -17.4
135877 -40 10.25 -17.4
131440 -40 10.25 -17.4
137316 -40 10.25 -17.4
133755 -40 10.25 -17.4
140512 -40 10.25 -17.4
134884 -40 10.25 -17.4
132639 -40 10.25 -17.4
138026 -40 10.25 -17.4
133618 -40 10.25 -17.4
133594 -40 10.25 -17.4
136195 -40 10.25 -17.4
132154 -40 10.25 -17.4
138340 -40 10.25 -17.4
138680 -40 10.25 -17.4
133431 -40 10.25 -17.4
132875 -40 10.25 -17.4
135814 -40 10.25 -17.4
134940 -40 10.25 -17.4
135907 -40 10.25 -17.4
135747 -40 10.25 -17.4
135973 -40 10.25 -17.4
130621 -40 10.25 -17.4
136221 -40 10.25 -17.4
134238 -40 10.25 -17.4
134353 -40 19.55 -2.84
131843 -40 19.55 -2.84
136278 -40 19.55 -2.84
130678 -40 19.55 -2.84
132589 -40 19.55 -2.84
131352 -40 19.55 -2.84
127672 -40 19.55 -2.84
130800 -40 19.55 -2.84
132263 -40 19.55 -2.84
129756 -40 19.55 -2.84
129973 -40 19.55 -2.84
131473 -40 19.55 -2.84
125779 -40 19.55 -2.84
136051 -40 19.55 -2.84
132427 -40 19.55 -2.84
130517 -40 19.55 -2.84
131210 -40 19.55 -2.84
129108 -40 19.55 -2.84
130887 -40 19.55 -2.84
130922 -40 19.55 -2.84
133319 -40 19.55 -2.84
129397 -40 19.55 -2.84
134546 -40 19.55 -2.84
133251 -40 19.55 -2.84
135275 -40 19.55 -2.84
124781 -40 19.55 -2.84
132097 -40 19.55 -2.84
130623 -40 19.55 -2.84
129608 -40 19.55 -2.84
138244 -40 19.55 -2.84
132082 -40 19.55 -2.84
133020 -40 19.55 -2.84
132288 -40 19.55 -2.84
132288 -40 19.55 -2.84
132740 -40 19.55 -2.84
127402 -40 19.55 -2.84
134197 -40 19.55 -2.84
132328 -40 19.55 -2.84
132704 -40 19.55 -2.84
208828 -40 -21.8 22.21
208015 -40 -21.8 22.21
204669 -40 -21.8 22.21
206664 -40 -21.8 22.21
210673 -40 -21.8 22.21
208306 -40 -21.8 22.21
206770 -40 -21.8 22.21
213977 -40 -21.8 22.21
203364 -40 -21.8 22.21
208128 -40 -21.8 22.21
209943 -40 -21.8 22.21
209772 -40 -21.8 22.21
212941 -40 -21.8 22.21
209115 -40 -21.8 22.21
207645 -40 -21.8 22.21
209170 -40 -21.8 22.21
205624 -40 -21.8 22.21
209877 -40 -21.8 22.21
208550 -40 -21.8 22.21
207938 -40 -21.8 22.21
208054 -40 -21.8 22.21
204570 -40 -21.8 22.21
205137 -40 -21.8 22.21
214413 -40 -21.8 22.21
208371 -40 -21.8 22.21
208265 -40 -21.8 22.21
209207 -40 -21.8 22.21
206256 -40 -21.8 22.21
208406 -40 -21.8 22.21
211442 -40 -21.8 22.21
205324 -40 -21.8 22.21
212026 -40 -21.8 22.21
208640 -40 -21.8 22.21
209612 -40 -21.8 22.21
205280 -40 -21.8 22.21
208278 -40 -21.8 22.21
207411 -40 -21.8 22.21
211375 -40 -21.8 22.21
207326 -40 -21.8 22.21
177108 -40 4.51 -26.18
177489 -40 4.51 -26.18
175948 -40 4.51 -26.18
172378 -40 4.51 -26.18
177337 -40 4.51 -26.18
175890 -40 4.51 -26.18
177654 -40 4.51 -26.18
181247 -40 4.51 -26.18
173623 -40 4.51 -26.18
174992 -40 4.51 -26.18
179149 -40 4.51 -26.18
176527 -40 4.51 -26.18
177039 -40 4.51 -26.18
181075 -40 4.51 -26.18
179252 -40 4.51 -26.18
175396 -40 4.51 -26.18
175743 -40 4.51 -26.18
180891 -40 4.51 -26.18
176174 -40 4.51 -26.18
181034 -40 4.51 -26.18
176284 -40 4.51 -26.18
177799 -40 4.51 -26.18
177462 -40 4.51 -26.18
177699 -40 4.51 -26.18
174354 -40 4.51 -26.18
174189 -40 4.51 -26.18
177421 -40 4.51 -26.18
177906 -40 4.51 -26.18
175834 -40 4.51 -26.18
177324 -40 4.51 -26.18
177903 -40 4.51 -26.18
176362 -40 4.51 -26.18
176748 -40 4.51 -26.18
177239 -40 4.51 -26.18
177815 -40 4.51 -26.18
172488 -40 4.51 -26.18
179418 -40 4.51 -26.18
174132 -40 4.51 -26.18
173756 -40 4.51 -26.18
