#rtt sig_str x y
211537 -40 -19.19 -25.91
220227 -40 -19.19 -25.91
217500 -40 -19.19 -25.91
215364 -40 -19.19 -25.91
216722 -40 -19.19 -25.91
214923 -40 -19.19 -25.91
214837 -40 -19.19 -25.91
214321 -40 -19.19 -25.91
212421 -40 -19.19 -25.91
213946 -40 -19.19 -25.91
216482 -40 -19.19 -25.91
213098 -40 -19.19 -25.91
213543 -40 -19.19 -25.91
215638 -40 -19.19 -25.91
212044 -40 -19.19 -25.91
217896 -40 -19.19 -25.91
214024 -40 -19.19 -25.91
210127 -40 -19.19 -25.91
217765 -40 -19.19 -25.91
216272 -40 -19.19 -25.91
213396 -40 -19.19 -25.91
217484 -40 -19.19 -25.91
211526 -40 -19.19 -25.91
212920 -40 -19.19 -25.91
215053 -40 -19.19 -25.91
216904 -40 -19.19 -25.91
218409 -40 -19.19 -25.91
218911 -40 -19.19 -25.91
213030 -40 -19.19 -25.91
211062 -40 -19.19 -25.91
217462 -40 -19.19 -25.91
214437 -40 -19.19 -25.91
217211 -40 -19.19 -25.91
213572 -40 -19.19 -25.91
215757 -40 -19.19 -25.91
215568 -40 -19.19 -25.91
213839 -40 -19.19 -25.91
215424 -40 -19.19 -25.91
216921 -40 -19.19 -25.91
203589 -40 -28.84 9.88
202762 -40 -28.84 9.88
203189 -40 -28.84 9.88
206289 -40 -28.84 9.88
206012 -40 -28.84 9.88
201603 -40 -28.84 9.88
201409 -40 -28.84 9.88
203682 -40 -28.84 9.88
202864 -40 -28.84 9.88
204704 -40 -28.84 9.88
203349 -40 -28.84 9.88
202986 -40 -28.84 9.88
199748 -40 -28.84 9.88
204535 -40 -28.84 9.88
206336 -40 -28.84 9.88
204700 -40 -28.84 9.88
209184 -40 -28.84 9.88
204107 -40 -28.84 9.88
202603 -40 -28.84 9.88
194922 -40 -28.84 9.88
202815 -40 -28.84 9.88
201746 -40 -28.84 9.88
205944 -40 -28.84 9.88
203864 -40 -28.84 9.88
204624 -40 -28.84 9.88
201436 -40 -28.84 9.88
204516 -40 -28.84 9.88
207133 -40 -28.84 9.88
206271 -40 -28.84 9.88
205878 -40 -28.84 9.88
204629 -40 -28.84 9.88
200791 -40 -28.84 9.88
204689 -40 -28.84 9.88
199499 -40 -28.84 9.88
201732 -40 -28.84 9.88
204692 -40 -28.84 9.88
201257 -40 -28.84 9.88
205058 -40 -28.84 9.88
204781 -40 -28.84 9.88
125709 -40 -2.21 -18.36
121514 -40 -2.21 -18.36
122044 -40 -2.21 -18.36
123249 -40 -2.21 -18.36
121912 -40 -2.21 -18.36
121520 -40 -2.21 -18.36
126123 -40 -2.21 -18.36
124857 -40 -2.21 -18.36
126480 -40 -2.21 -18.36
124482 -40 -2.21 -18.36
124326 -40 -2.21 -18.36
125593 -40 -2.21 -18.36
123412 -40 -2.21 -18.36
125795 -40 -2.21 -18.36
120322 -40 -2.21 -18.36
126521 -40 -2.21 -18.36
118786 -40 -2.21 -18.36
121958 -40 -2.21 -18.36
123105 -40 -2.21 -18.36
122600 -40 -2.21 -18.36
122533 -40 -2.21 -18.36
128426 -40 -2.21 -18.36
122819 -40 -2.21 -18.36
123471 -40 -2.21 -18.36
126066 -40 -2.21 -18.36
127261 -40 -2.21 -18.36
127957 -40 -2.21 -18.36
126034 -40 -2.21 -18.36
120170 -40 -2.21 -18.36
122171 -40 -2.21 -18.36
126327 -40 -2.21 -18.36
125762 -40 -2.21 -18.36
123120 -40 -2.21 -18.36
122709 -40 -2.21 -18.36
119202 -40 -2.21 -18.36
120851 -40 -2.21 -18.36
119258 -40 -2.21 -18.36
119202 -40 -2.21 -18.36
124090 -40 -2.21 -18.36
187380 -40 13.5 25.58
194064 -40 13.5 25.58
195108 -40 13.5 25.58
192047 -40 13.5 25.58
196267 -40 13.5 25.58
193424 -40 13.5 25.58
193702 -40 13.5 25.58
191373 -40 13.5 25.58
192858 -40 13.5 25.58
192143 -40 13.5 25.58
191385 -40 13.5 25.58
194611 -40 13.5 25.58
196711 -40 13.5 25.58
191377 -40 13.5 25.58
192378 -40 13.5 25.58
194123 -40 13.5 25.58
194175 -40 13.5 25.58
191973 -40 13.5 25.58
193698 -40 13.5 25.58
194197 -40 13.5 25.58
192302 -40 13.5 25.58
189852 -40 13.5 25.58
194648 -40 13.5 25.58
187413 -40 13.5 25.58
195161 -40 13.5 25.58
188587 -40 13.5 25.58
186214 -40 13.5 25.58
188953 -40 13.5 25.58
193619 -40 13.5 25.58
193269 -40 13.5 25.58
196072 -40 13.5 25.58
191199 -40 13.5 25.58
195774 -40 13.5 25.58
189494 -40 13.5 25.58
191080 -40 13.5 25.58
197751 -40 13.5 25.58
192850 -40 13.5 25.58
191968 -40 13.5 25.58
194859 -40 13.5 25.58
160551 -40 -4.79 -23.69
164244 -40 -4.79 -23.69
159911 -40 -4.79 -23.69
161760 -40 -4.79 -23.69
157019 -40 -4.79 -23.69
163686 -40 -4.79 -23.69
157996 -40 -4.79 -23.69
160278 -40 -4.79 -23.69
163490 -40 -4.79 -23.69
158593 -40 -4.79 -23.69
161079 -40 -4.79 -23.69
157312 -40 -4.79 -23.69
166634 -40 -4.79 -23.69
159293 -40 -4.79 -23.69
160123 -40 -4.79 -23.69
157621 -40 -4.79 -23.69
161123 -40 -4.79 -23.69
161299 -40 -4.79 -23.69
160349 -40 -4.79 -23.69
161305 -40 -4.79 -23.69
160867 -40 -4.79 -23.69
161608 -40 -4.79 -23.69
167261 -40 -4.79 -23.69
163265 -40 -4.79 -23.69
161063 -40 -4.79 -23.69
161611 -40 -4.79 -23.69
158901 -40 -4.79 -23.69
160919 -40 -4.79 -23.69
159907 -40 -4.79 -23.69
158133 -40 -4.79 -23.69
163931 -40 -4.79 -23.69
166416 -40 -4.79 -23.69
159386 -40 -4.79 -23.69
161409 -40 -4.79 -23.69
158532 -40 -4.79 -23.69
162082 -40 -4.79 -23.69
161708 -40 -4.79 -23.69
156382 -40 -4.79 -23.69
160527 -40 -4.79 -23.69
108862 -40 -0.87 -16.46
109682 -40 -0.87 -16.46
109153 -40 -0.87 -16.46
107113 -40 -0.87 -16.46
111959 -40 -0.87 -16.46
111229 -40 -0.87 -16.46
108328 -40 -0.87 -16.46
109436 -40 -0.87 -16.46
112910 -40 -0.87 -16.46
114392 -40 -0.87 -16.46
114291 -40 -0.87 -16.46
110373 -40 -0.87 -16.46
108325 -40 -0.87 -16.46
109344 -40 -0.87 -16.46
113504 -40 -0.87 -16.46
108840 -40 -0.87 -16.46
107127 -40 -0.87 -16.46
112266 -40 -0.87 -16.46
110152 -40 -0.87 -16.46
109152 -40 -0.87 -16.46
111838 -40 -0.87 -16.46
113585 -40 -0.87 -16.46
106615 -40 -0.87 -16.46
110299 -40 -0.87 -16.46
108482 -40 -0.87 -16.46
111005 -40 -0.87 -16.46
104698 -40 -0.87 -16.46
107062 -40 -0.87 -16.46
110370 -40 -0.87 -16.46
111543 -40 -0.87 -16.46
108048 -40 -0.87 -16.46
110543 -40 -0.87 -16.46
108197 -40 -0.87 -16.46
114195 -40 -0.87 -16.46
109671 -40 -0.87 -16.46
112109 -40 -0.87 -16.46
113606 -40 -0.87 -16.46
110776 -40 -0.87 -16.46
109038 -40 -0.87 -16.46
245167 -40 -29.24 23.78
250111 -40 -29.24 23.78
253101 -40 -29.24 23.78
252123 -40 -29.24 23.78
254373 -40 -29.24 23.78
255350 -40 -29.24 23.78
250148 -40 -29.24 23.78
254995 -40 -29.24 23.78
249677 -40 -29.24 23.78
253600 -40 -29.24 23.78
255626 -40 -29.24 23.78
254124 -40 -29.24 23.78
254473 -40 -29.24 23.78
250512 -40 -29.24 23.78
251817 -40 -29.24 23.78
249228 -40 -29.24 23.78
250245 -40 -29.24 23.78
248313 -40 -29.24 23.78
253540 -40 -29.24 23.78
250222 -40 -29.24 23.78
251181 -40 -29.24 23.78
250498 -40 -29.24 23.78
251228 -40 -29.24 23.78
251051 -40 -29.24 23.78
249997 -40 -29.24 23.78
251435 -40 -29.24 23.78
256424 -40 -29.24 23.78
253489 -40 -29.24 23.78
252223 -40 -29.24 23.78
247034 -40 -29.24 23.78
249476 -40 -29.24 23.78
250158 -40 -29.24 23.78
255117 -40 -29.24 23.78
250076 -40 -29.24 23.78
249722 -40 -29.24 23.78
247091 -40 -29.24 23.78
254588 -40 -29.24 23.78
256988 -40 -29.24 23.78
254288 -40 -29.24 23.78
134019 -40 -0.76 19.57
130521 -40 -0.76 19.57
134305 -40 -0.76 19.57
127344 -40 -0.76 19.57
129232 -40 -0.76 19.57
132191 -40 -0.76 19.57
128221 -40 -0.76 19.57
131525 -40 -0.76 19.57
128778 -40 -0.76 19.57
129210 -40 -0.76 19.57
132860 -40 -0.76 19.57
135181 -40 -0.76 19.57
130721 -40 -0.76 19.57
133609 -40 -0.76 19.57
128122 -40 -0.76 19.57
132702 -40 -0.76 19.57
129397 -40 -0.76 19.57
133173 -40 -0.76 19.57
127152 -40 -0.76 19.57
131335 -40 -0.76 19.57
131113 -40 -0.76 19.57
132703 -40 -0.76 19.57
128181 -40 -0.76 19.57
132800 -40 -0.76 19.57
127366 -40 -0.76 19.57
132791 -40 -0.76 19.57
135915 -40 -0.76 19.57
127800 -40 -0.76 19.57
131516 -40 -0.76 19.57
126398 -40 -0.76 19.57
130757 -40 -0.76 19.57
129387 -40 -0.76 19.57
127761 -40 -0.76 19.57
131739 -40 -0.76 19.57
130656 -40 -0.76 19.57
132504 -40 -0.76 19.57
127246 -40 -0.76 19.57
131441 -40 -0.76 19.57
126542 -40 -0.76 19.57
240008 -40 26.51 -24.44
234099 -40 26.51 -24.44
244421 -40 26.51 -24.44
243305 -40 26.51 -24.44
240503 -40 26.51 -24.44
235408 -40 26.51 -24.44
241034 -40 26.51 -24.44
240000 -40 26.51 -24.44
238997 -40 26.51 -24.44
241541 -40 26.51 -24.44
240353 -40 26.51 -24.44
242513 -40 26.51 -24.44
240047 -40 26.51 -24.44
238563 -40 26.51 -24.44
239970 -40 26.51 -24.44
244990 -40 26.51 -24.44
244844 -40 26.51 -24.44
238506 -40 26.51 -24.44
240110 -40 26.51 -24.44
238410 -40 26.51 -24.44
238382 -40 26.51 -24.44
237766 -40 26.51 -24.44
239678 -40 26.51 -24.44
243491 -40 26.51 -24.44
242855 -40 26.51 -24.44
246311 -40 26.51 -24.44
236579 -40 26.51 -24.44
239263 -40 26.51 -24.44
240015 -40 26.51 -24.44
238683 -40 26.51 -24.44
240631 -40 26.51 -24.44
244020 -40 26.51 -24.44
241368 -40 26.51 -24.44
240356 -40 26.51 -24.44
237596 -40 26.51 -24.44
240588 -40 26.51 -24.44
242537 -40 26.51 -24.44
241725 -40 26.51 -24.44
240471 -40 26.51 -24.44
209398 -40 21.05 23.39
213773 -40 21.05 23.39
210993 -40 21.05 23.39
207654 -40 21.05 23.39
211903 -40 21.05 23.39
210571 -40 21.05 23.39
212646 -40 21.05 23.39
206869 -40 21.05 23.39
211138 -40 21.05 23.39
209507 -40 21.05 23.39
210890 -40 21.05 23.39
212083 -40 21.05 23.39
208912 -40 21.05 23.39
204812 -40 21.05 23.39
209426 -40 21.05 23.39
208968 -40 21.05 23.39
204391 -40 21.05 23.39
207241 -40 21.05 23.39
211058 -40 21.05 23.39
212096 -40 21.05 23.39
209012 -40 21.05 23.39
214423 -40 21.05 23.39
203694 -40 21.05 23.39
211104 -40 21.05 23.39
207058 -40 21.05 23.39
210408 -40 21.05 23.39
206513 -40 21.05 23.39
207588 -40 21.05 23.39
209897 -40 21.05 23.39
208520 -40 21.05 23.39
208319 -40 21.05 23.39
210366 -40 21.05 23.39
207435 -40 21.05 23.39
211610 -40 21.05 23.39
207708 -40 21.05 23.39
210799 -40 21.05 23.39
211777 -40 21.05 23.39
209847 -40 21.05 23.39
205906 -40 21.05 23.39
