#rtt sig_str x y
147527 -40 -20.75 -3.23
141785 -40 -20.75 -3.23
142311 -40 -20.75 -3.23
139569 -40 -20.75 -3.23
140824 -40 -20.75 -3.23
140780 -40 -20.75 -3.23
140144 -40 -20.75 -3.23
142650 -40 -20.75 -3.23
144732 -40 -20.75 -3.23
141033 -40 -20.75 -3.23
139660 -40 -20.75 -3.23
138559 -40 -20.75 -3.23
141701 -40 -20.75 -3.23
140049 -40 -20.75 -3.23
142030 -40 -20.75 -3.23
140668 -40 -20.75 -3.23
140110 -40 -20.75 -3.23
142047 -40 -20.75 -3.23
140911 -40 -20.75 -3.23
138066 -40 -20.75 -3.23
142492 -40 -20.75 -3.23
140414 -40 -20.75 -3.23
136671 -40 -20.75 -3.23
137503 -40 -20.75 -3.23
135785 -40 -20.75 -3.23
140462 -40 -20.75 -3.23
138952 -40 -20.75 -3.23
138156 -40 -20.75 -3.23
136439 -40 -20.75 -3.23
135870 -40 -20.75 -3.23
144096 -40 -20.75 -3.23
139531 -40 -20.75 -3.23
139776 -40 -20.75 -3.23
140423 -40 -20.75 -3.23
134871 -40 -20.75 -3.23
140390 -40 -20.75 -3.23
144805 -40 -20.75 -3.23
143759 -40 -20.75 -3.23
136567 -40 -20.75 -3.23
177257 -40 14.41 22.41
175689 -40 14.41 22.41
178927 -40 14.41 22.41
180756 -40 14.41 22.41
182269 -40 14.41 22.41
176042 -40 14.41 22.41
175037 -40 14.41 22.41
176623 -40 14.41 22.41
178356 -40 14.41 22.41
172510 -40 14.41 22.41
174620 -40 14.41 22.41
173866 -40 14.41 22.41
175684 -40 14.41 22.41
181101 -40 14.41 22.41
177939 -40 14.41 22.41
179366 -40 14.41 22.41
178852 -40 14.41 22.41
177683 -40 14.41 22.41
181047 -40 14.41 22.41
182083 -40 14.41 22.41
182647 -40 14.41 22.41
178966 -40 14.41 22.41
177734 -40 14.41 22.41
177356 -40 14.41 22.41
180490 -40 14.41 22.41
175252 -40 14.41 22.41
176347 -40 14.41 22.41
172761 -40 14.41 22.41
180309 -40 14.41 22.41
180385 -40 14.41 22.41
175213 -40 14.41 22.41
178687 -40 14.41 22.41
178700 -40 14.41 22.41
179462 -40 14.41 22.41
179154 -40 14.41 22.41
179237 -40 14.41 22.41
177015 -40 14.41 22.41
174290 -40 14.41 22.41
183256 -40 14.41 22.41
193683 -40 -14.2 -24.82
196331 -40 -14.2 -24.82
189846 -40 -14.2 -24.82
193609 -40 -14.2 -24.82
189911 -40 -14.2 -24.82
186023 -40 -14.2 -24.82
195053 -40 -14.2 -24.82
191115 -40 -14.2 -24.82
192325 -40 -14.2 -24.82
194682 -40 -14.2 -24.82
194215 -40 -14.2 -24.82
188975 -40 -14.2 -24.82
193458 -40 -14.2 -24.82
189299 -40 -14.2 -24.82
186362 -40 -14.2 -24.82
190102 -40 -14.2 -24.82
185024 -40 -14.2 -24.82
197456 -40 -14.2 -24.82
191836 -40 -14.2 -24.82
191686 -40 -14.2 -24.82
191969 -40 -14.2 -24.82
185637 -40 -14.2 -24.82
194097 -40 -14.2 -24.82
191527 -40 -14.2 -24.82
194477 -40 -14.2 -24.82
192858 -40 -14.2 -24.82
193640 -40 -14.2 -24.82
192351 -40 -14.2 -24.82
191934 -40 -14.2 -24.82
187099 -40 -14.2 -24.82
194432 -40 -14.2 -24.82
189775 -40 -14.2 -24.82
190966 -40 -14.2 -24.82
188755 -40 -14.2 -24.82
190390 -40 -14.2 -24.82
189556 -40 -14.2 -24.82
188683 -40 -14.2 -24.82
193163 -40 -14.2 -24.82
190647 -40 -14.2 -24.82
88985 -40 2.02 13.42
87616 -40 2.02 13.42
93283 -40 2.02 13.42
89579 -40 2.02 13.42
92446 -40 2.02 13.42
92272 -40 2.02 13.42
93569 -40 2.02 13.42
91507 -40 2.02 13.42
89642 -40 2.02 13.42
91377 -40 2.02 13.42
89048 -40 2.02 13.42
94551 -40 2.02 13.42
89310 -40 2.02 13.42
92759 -40 2.02 13.42
88895 -40 2.02 13.42
92197 -40 2.02 13.42
93991 -40 2.02 13.42
88507 -40 2.02 13.42
89347 -40 2.02 13.42
93531 -40 2.02 13.42
91002 -40 2.02 13.42
93682 -40 2.02 13.42
90835 -40 2.02 13.42
92274 -40 2.02 13.42
90829 -40 2.02 13.42
91705 -40 2.02 13.42
91057 -40 2.02 13.42
91123 -40 2.02 13.42
88820 -40 2.02 13.42
90956 -40 2.02 13.42
87606 -40 2.02 13.42
92359 -40 2.02 13.42
92811 -40 2.02 13.42
90300 -40 2.02 13.42
89097 -40 2.02 13.42
92045 -40 2.02 13.42
92298 -40 2.02 13.42
89793 -40 2.02 13.42
90667 -40 2.02 13.42
203089 -40 -29.13 -8.97
196245 -40 -29.13 -8.97
202203 -40 -29.13 -8.97
203500 -40 -29.13 -8.97
200103 -40 -29.13 -8.97
198640 -40 -29.13 -8.97
204131 -40 -29.13 -8.97
202390 -40 -29.13 -8.97
202150 -40 -29.13 -8.97
201191 -40 -29.13 -8.97
200381 -40 -29.13 -8.97
201356 -40 -29.13 -8.97
205689 -40 -29.13 -8.97
203147 -40 -29.13 -8.97
205395 -40 -29.13 -8.97
208850 -40 -29.13 -8.97
206773 -40 -29.13 -8.97
200846 -40 -29.13 -8.97
199541 -40 -29.13 -8.97
202589 -40 -29.13 -8.97
204167 -40 -29.13 -8.97
201453 -40 -29.13 -8.97
202550 -40 -29.13 -8.97
200098 -40 -29.13 -8.97
202504 -40 -29.13 -8.97
200195 -40 -29.13 -8.97
205146 -40 -29.13 -8.97
201067 -40 -29.13 -8.97
201283 -40 -29.13 -8.97
205187 -40 -29.13 -8.97
195002 -40 -29.13 -8.97
204040 -40 -29.13 -8.97
200286 -40 -29.13 -8.97
199782 -40 -29.13 -8.97
206166 -40 -29.13 -8.97
203462 -40 -29.13 -8.97
201070 -40 -29.13 -8.97
199514 -40 -29.13 -8.97
202602 -40 -29.13 -8.97
250301 -40 25.13 -27.97
251711 -40 25.13 -27.97
254098 -40 25.13 -27.97
249708 -40 25.13 -27.97
253493 -40 25.13 -27.97
254332 -40 25.13 -27.97
250915 -40 25.13 -27.97
250970 -40 25.13 -27.97
249990 -40 25.13 -27.97
247444 -40 25.13 -27.97
253685 -40 25.13 -27.97
250996 -40 25.13 -27.97
248482 -40 25.13 -27.97
250663 -40 25.13 -27.97
249028 -40 25.13 -27.97
250625 -40 25.13 -27.97
251132 -40 25.13 -27.97
252803 -40 25.13 -27.97
249616 -40 25.13 -27.97
253662 -40 25.13 -27.97
259484 -40 25.13 -27.97
253730 -40 25.13 -27.97
252873 -40 25.13 -27.97
249222 -40 25.13 -27.97
251112 -40 25.13 -27.97
250996 -40 25.13 -27.97
251692 -40 25.13 -27.97
248792 -40 25.13 -27.97
249442 -40 25.13 -27.97
246906 -40 25.13 -27.97
253465 -40 25.13 -27.97
253911 -40 25.13 -27.97
252239 -40 25.13 -27.97
253393 -40 25.13 -27.97
248427 -40 25.13 -27.97
252881 -40 25.13 -27.97
252320 -40 25.13 -27.97
252222 -40 25.13 -27.97
252623 -40 25.13 -27.97
174881 -40 24.05 -12.28
178700 -40 24.05 -12.28
180339 -40 24.05 -12.28
180500 -40 24.05 -12.28
177614 -40 24.05 -12.28
182832 -40 24.05 -12.28
185084 -40 24.05 -12.28
180213 -40 24.05 -12.28
183765 -40 24.05 -12.28
180152 -40 24.05 -12.28
181870 -40 24.05 -12.28
180840 -40 24.05 -12.28
178358 -40 24.05 -12.28
181531 -40 24.05 -12.28
178757 -40 24.05 -12.28
182666 -40 24.05 -12.28
183134 -40 24.05 -12.28
177258 -40 24.05 -12.28
187031 -40 24.05 -12.28
181267 -40 24.05 -12.28
177144 -40 24.05 -12.28
177688 -40 24.05 -12.28
182219 -40 24.05 -12.28
180120 -40 24.05 -12.28
178155 -40 24.05 -12.28
183749 -40 24.05 -12.28
177257 -40 24.05 -12.28
181941 -40 24.05 -12.28
178258 -40 24.05 -12.28
177540 -40 24.05 -12.28
180066 -40 24.05 -12.28
176332 -40 24.05 -12.28
181604 -40 24.05 -12.28
178793 -40 24.05 -12.28
183231 -40 24.05 -12.28
179753 -40 24.05 -12.28
183098 -40 24.05 -12.28
176168 -40 24.05 -12.28
178346 -40 24.05 -12.28
251755 -40 -28 -25.05
249276 -40 -28 -25.05
250230 -40 -28 -25.05
250575 -40 -28 -25.05
248145 -40 -28 -25.05
250283 -40 -28 -25.05
250199 -40 -28 -25.05
251561 -40 -28 -25.05
254956 -40 -28 -25.05
247896 -40 -28 -25.05
250153 -40 -28 -25.05
255739 -40 -28 -25.05
249169 -40 -28 -25.05
251020 -40 -28 -25.05
246702 -40 -28 -25.05
254024 -40 -28 -25.05
254668 -40 -28 -25.05
254619 -40 -28 -25.05
249317 -40 -28 -25.05
247846 -40 -28 -25.05
247072 -40 -28 -25.05
254740 -40 -28 -25.05
251395 -40 -28 -25.05
253200 -40 -28 -25.05
247495 -40 -28 -25.05
249600 -40 -28 -25.05
250324 -40 -28 -25.05
250231 -40 -28 -25.05
249028 -40 -28 -25.05
254482 -40 -28 -25.05
248674 -40 -28 -25.05
248780 -40 -28 -25.05
245574 -40 -28 -25.05
244173 -40 -28 -25.05
245407 -40 -28 -25.05
252530 -40 -28 -25.05
251438 -40 -28 -25.05
253268 -40 -28 -25.05
247777 -40 -28 -25.05
202989 -40 27.42 13.56
201538 -40 27.42 13.56
207544 -40 27.42 13.56
199828 -40 27.42 13.56
204105 -40 27.42 13.56
203339 -40 27.42 13.56
206254 -40 27.42 13.56
208231 -40 27.42 13.56
198760 -40 27.42 13.56
206030 -40 27.42 13.56
205754 -40 27.42 13.56
205393 -40 27.42 13.56
201509 -40 27.42 13.56
206157 -40 27.42 13.56
204116 -40 27.42 13.56
202726 -40 27.42 13.56
201391 -40 27.42 13.56
205560 -40 27.42 13.56
207365 -40 27.42 13.56
202299 -40 27.42 13.56
203625 -40 27.42 13.56
204197 -40 27.42 13.56
209874 -40 27.42 13.56
201623 -40 27.42 13.56
205940 -40 27.42 13.56
202043 -40 27.42 13.56
199439 -40 27.42 13.56
202725 -40 27.42 13.56
205105 -40 27.42 13.56
205540 -40 27.42 13.56
204726 -40 27.42 13.56
204198 -40 27.42 13.56
205296 -40 27.42 13.56
207769 -40 27.42 13.56
203317 -40 27.42 13.56
198516 -40 27.42 13.56
202873 -40 27.42 13.56
204884 -40 27.42 13.56
207294 -40 27.42 13.56
153700 -40 -21.77 -7.63
153120 -40 -21.77 -7.63
152980 -40 -21.77 -7.63
156848 -40 -21.77 -7.63
153575 -40 -21.77 -7.63
152897 -40 -21.77 -7.63
156599 -40 -21.77 -7.63
150880 -40 -21.77 -7.63
155875 -40 -21.77 -7.63
151760 -40 -21.77 -7.63
153525 -40 -21.77 -7.63
152595 -40 -21.77 -7.63
155002 -40 -21.77 -7.63
157711 -40 -21.77 -7.63
153571 -40 -21.77 -7.63
156447 -40 -21.77 -7.63
152518 -40 -21.77 -7.63
161298 -40 -21.77 -7.63
154043 -40 -21.77 -7.63
151591 -40 -21.77 -7.63
147897 -40 -21.77 -7.63
152157 -40 -21.77 -7.63
153571 -40 -21.77 -7.63
149939 -40 -21.77 -7.63
151969 -40 -21.77 -7.63
155348 -40 -21.77 -7.63
151089 -40 -21.77 -7.63
154472 -40 -21.77 -7.63
156944 -40 -21.77 -7.63
154711 -40 -21.77 -7.63
150727 -40 -21.77 -7.63
155309 -40 -21.77 -7.63
150560 -40 -21.77 -7.63
153336 -40 -21.77 -7.63
153370 -40 -21.77 -7.63
157663 -40 -21.77 -7.63
153383 -40 -21.77 -7.63
157578 -40 -21.77 -7.63
153011 -40 -21.77 -7.63
