#rtt sig_str x y
119124 -40 16.66 6.44
116865 -40 16.66 6.44
122483 -40 16.66 6.44
119734 -40 16.66 6.44
122500 -40 16.66 6.44
119166 -40 16.66 6.44
120767 -40 16.66 6.44
119249 -40 16.66 6.44
116716 -40 16.66 6.44
114519 -40 16.66 6.44
118521 -40 16.66 6.44
119922 -40 16.66 6.44
120507 -40 16.66 6.44
120949 -40 16.66 6.44
123252 -40 16.66 6.44
117794 -40 16.66 6.44
117771 -40 16.66 6.44
119409 -40 16.66 6.44
114417 -40 16.66 6.44
121606 -40 16.66 6.44
121841 -40 16.66 6.44
116218 -40 16.66 6.44
120162 -40 16.66 6.44
121477 -40 16.66 6.44
124676 -40 16.66 6.44
114376 -40 16.66 6.44
117433 -40 16.66 6.44
121985 -40 16.66 6.44
125011 -40 16.66 6.44
118638 -40 16.66 6.44
116472 -40 16.66 6.44
118271 -40 16.66 6.44
122332 -40 16.66 6.44
113485 -40 16.66 6.44
116294 -40 16.66 6.44
117854 -40 16.66 6.44
121429 -40 16.66 6.44
121167 -40 16.66 6.44
119474 -40 16.66 6.44
175804 -40 -15.75 21.57
182564 -40 -15.75 21.57
178677 -40 -15.75 21.57
180514 -40 -15.75 21.57
182038 -40 -15.75 21.57
176923 -40 -15.75 21.57
176717 -40 -15.75 21.57
179489 -40 -15.75 21.57
180667 -40 -15.75 21.57
182370 -40 -15.75 21.57
174200 -40 -15.75 21.57
182409 -40 -15.75 21.57
180739 -40 -15.75 21.57
175603 -40 -15.75 21.57
174034 -40 -15.75 21.57
178001 -40 -15.75 21.57
181604 -40 -15.75 21.57
176458 -40 -15.75 21.57
180985 -40 -15.75 21.57
172179 -40 -15.75 21.57
176060 -40 -15.75 21.57
178227 -40 -15.75 21.57
174168 -40 -15.75 21.57
174703 -40 -15.75 21.57
180912 -40 -15.75 21.57
177390 -40 -15.75 21.57
174512 -40 -15.75 21.57
173147 -40 -15.75 21.57
177689 -40 -15.75 21.57
177326 -40 -15.75 21.57
179099 -40 -15.75 21.57
178231 -40 -15.75 21.57
174077 -40 -15.75 21.57
177940 -40 -15.75 21.57
177920 -40 -15.75 21.57
177779 -40 -15.75 21.57
179669 -40 -15.75 21.57
179415 -40 -15.75 21.57
180185 -40 -15.75 21.57
204034 -40 19.46 23.58
204167 -40 19.46 23.58
202506 -40 19.46 23.58
203962 -40 19.46 23.58
203192 -40 19.46 23.58
203122 -40 19.46 23.58
202545 -40 19.46 23.58
204675 -40 19.46 23.58
209253 -40 19.46 23.58
197959 -40 19.46 23.58
201237 -40 19.46 23.58
205698 -40 19.46 23.58
203195 -40 19.46 23.58
208379 -40 19.46 23.58
203337 -40 19.46 23.58
208092 -40 19.46 23.58
207330 -40 19.46 23.58
202564 -40 19.46 23.58
200795 -40 19.46 23.58
204646 -40 19.46 23.58
201487 -40 19.46 23.58
201022 -40 19.46 23.58
203913 -40 19.46 23.58
198039 -40 19.46 23.58
202349 -40 19.46 23.58
208569 -40 19.46 23.58
205248 -40 19.46 23.58
201945 -40 19.46 23.58
206574 -40 19.46 23.58
206538 -40 19.46 23.58
206773 -40 19.46 23.58
203703 -40 19.46 23.58
204419 -40 19.46 23.58
198393 -40 19.46 23.58
208024 -40 19.46 23.58
202601 -40 19.46 23.58
209034 -40 19.46 23.58
202429 -40 19.46 23.58
202076 -40 19.46 23.58
222924 -40 27.95 -19.25
222315 -40 27.95 -19.25
226844 -40 27.95 -19.25
226814 -40 27.95 -19.25
225221 -40 27.95 -19.25
223753 -40 27.95 -19.25
228012 -40 27.95 -19.25
225750 -40 27.95 -19.25
223872 -40 27.95 -19.25
226801 -40 27.95 -19.25
224053 -40 27.95 -19.25
227692 -40 27.95 -19.25
227454 -40 27.95 -19.25
225448 -40 27.95 -19.25
223896 -40 27.95 -19.25
228154 -40 27.95 -19.25
228767 -40 27.95 -19.25
226811 -40 27.95 -19.25
222843 -40 27.95 -19.25
227184 -40 27.95 -19.25
228611 -40 27.95 -19.25
224828 -40 27.95 -19.25
227989 -40 27.95 -19.25
226905 -40 27.95 -19.25
225041 -40 27.95 -19.25
226419 -40 27.95 -19.25
226266 -40 27.95 -19.25
227217 -40 27.95 -19.25
226095 -40 27.95 -19.25
229031 -40 27.95 -19.25
223563 -40 27.95 -19.25
229557 -40 27.95 -19.25
229856 -40 27.95 -19.25
229411 -40 27.95 -19.25
226019 -40 27.95 -19.25
226850 -40 27.95 -19.25
229589 -40 27.95 -19.25
226206 -40 27.95 -19.25
230166 -40 27.95 -19.25
216168 -40 28.36 15.52
213181 -40 28.36 15.52
215698 -40 28.36 15.52
218524 -40 28.36 15.52
215803 -40 28.36 15.52
212208 -40 28.36 15.52
217514 -40 28.36 15.52
215743 -40 28.36 15.52
217619 -40 28.36 15.52
219347 -40 28.36 15.52
218191 -40 28.36 15.52
215644 -40 28.36 15.52
212807 -40 28.36 15.52
215301 -40 28.36 15.52
215360 -40 28.36 15.52
219746 -40 28.36 15.52
220034 -40 28.36 15.52
218003 -40 28.36 15.52
214344 -40 28.36 15.52
216101 -40 28.36 15.52
215400 -40 28.36 15.52
213166 -40 28.36 15.52
210449 -40 28.36 15.52
217213 -40 28.36 15.52
217474 -40 28.36 15.52
216656 -40 28.36 15.52
218794 -40 28.36 15.52
214121 -40 28.36 15.52
216044 -40 28.36 15.52
212931 -40 28.36 15.52
216821 -40 28.36 15.52
213302 -40 28.36 15.52
220788 -40 28.36 15.52
221303 -40 28.36 15.52
215534 -40 28.36 15.52
216751 -40 28.36 15.52
217114 -40 28.36 15.52
219170 -40 28.36 15.52
216844 -40 28.36 15.52
101980 -40 -2.79 15.1
103061 -40 -2.79 15.1
106437 -40 -2.79 15.1
100066 -40 -2.79 15.1
101996 -40 -2.79 15.1
98211 -40 -2.79 15.1
102683 -40 -2.79 15.1
102950 -40 -2.79 15.1
103192 -40 -2.79 15.1
102435 -40 -2.79 15.1
103875 -40 -2.79 15.1
101733 -40 -2.79 15.1
99187 -40 -2.79 15.1
102719 -40 -2.79 15.1
97600 -40 -2.79 15.1
104730 -40 -2.79 15.1
101800 -40 -2.79 15.1
103804 -40 -2.79 15.1
99283 -40 -2.79 15.1
99633 -40 -2.79 15.1
103862 -40 -2.79 15.1
102765 -40 -2.79 15.1
102720 -40 -2.79 15.1
102475 -40 -2.79 15.1
102512 -40 -2.79 15.1
101885 -40 -2.79 15.1
99586 -40 -2.79 15.1
107641 -40 -2.79 15.1
100701 -40 -2.79 15.1
99237 -40 -2.79 15.1
102833 -40 -2.79 15.1
102545 -40 -2.79 15.1
105505 -40 -2.79 15.1
104210 -40 -2.79 15.1
103292 -40 -2.79 15.1
104484 -40 -2.79 15.1
108206 -40 -2.79 15.1
105265 -40 -2.79 15.1
99927 -40 -2.79 15.1
65741 -40 6.54 6.44
60532 -40 6.54 6.44
58014 -40 6.54 6.44
57456 -40 6.54 6.44
61139 -40 6.54 6.44
64497 -40 6.54 6.44
60576 -40 6.54 6.44
60773 -40 6.54 6.44
64478 -40 6.54 6.44
62395 -40 6.54 6.44
58597 -40 6.54 6.44
64749 -40 6.54 6.44
66016 -40 6.54 6.44
59911 -40 6.54 6.44
63962 -40 6.54 6.44
62493 -40 6.54 6.44
63681 -40 6.54 6.44
59400 -40 6.54 6.44
62272 -40 6.54 6.44
57429 -40 6.54 6.44
58289 -40 6.54 6.44
59907 -40 6.54 6.44
57842 -40 6.54 6.44
65906 -40 6.54 6.44
64554 -40 6.54 6.44
61142 -40 6.54 6.44
57729 -40 6.54 6.44
61271 -40 6.54 6.44
61991 -40 6.54 6.44
60899 -40 6.54 6.44
66347 -40 6.54 6.44
62384 -40 6.54 6.44
63617 -40 6.54 6.44
62415 -40 6.54 6.44
65718 -40 6.54 6.44
55760 -40 6.54 6.44
63299 -40 6.54 6.44
60746 -40 6.54 6.44
59302 -40 6.54 6.44
161512 -40 16.53 17.64
163942 -40 16.53 17.64
161816 -40 16.53 17.64
161776 -40 16.53 17.64
165513 -40 16.53 17.64
164624 -40 16.53 17.64
163024 -40 16.53 17.64
164422 -40 16.53 17.64
163323 -40 16.53 17.64
156932 -40 16.53 17.64
162440 -40 16.53 17.64
162021 -40 16.53 17.64
161468 -40 16.53 17.64
162655 -40 16.53 17.64
162481 -40 16.53 17.64
165086 -40 16.53 17.64
157960 -40 16.53 17.64
165070 -40 16.53 17.64
158300 -40 16.53 17.64
164873 -40 16.53 17.64
161129 -40 16.53 17.64
162485 -40 16.53 17.64
158929 -40 16.53 17.64
164501 -40 16.53 17.64
164692 -40 16.53 17.64
159256 -40 16.53 17.64
166356 -40 16.53 17.64
162433 -40 16.53 17.64
156225 -40 16.53 17.64
160637 -40 16.53 17.64
163659 -40 16.53 17.64
155351 -40 16.53 17.64
156310 -40 16.53 17.64
163608 -40 16.53 17.64
160554 -40 16.53 17.64
156376 -40 16.53 17.64
166758 -40 16.53 17.64
157030 -40 16.53 17.64
160380 -40 16.53 17.64
69826 -40 8.5 -6.72
70875 -40 8.5 -6.72
70613 -40 8.5 -6.72
73007 -40 8.5 -6.72
70056 -40 8.5 -6.72
72167 -40 8.5 -6.72
72712 -40 8.5 -6.72
69147 -40 8.5 -6.72
69692 -40 8.5 -6.72
70162 -40 8.5 -6.72
65941 -40 8.5 -6.72
75950 -40 8.5 -6.72
72337 -40 8.5 -6.72
72303 -40 8.5 -6.72
71845 -40 8.5 -6.72
70688 -40 8.5 -6.72
73799 -40 8.5 -6.72
72709 -40 8.5 -6.72
72529 -40 8.5 -6.72
72354 -40 8.5 -6.72
72541 -40 8.5 -6.72
72622 -40 8.5 -6.72
74787 -40 8.5 -6.72
70006 -40 8.5 -6.72
74368 -40 8.5 -6.72
72163 -40 8.5 -6.72
74966 -40 8.5 -6.72
77022 -40 8.5 -6.72
67030 -40 8.5 -6.72
72547 -40 8.5 -6.72
72856 -40 8.5 -6.72
74552 -40 8.5 -6.72
74244 -40 8.5 -6.72
75255 -40 8.5 -6.72
76160 -40 8.5 -6.72
69556 -40 8.5 -6.72
70751 -40 8.5 -6.72
73410 -40 8.5 -6.72
73749 -40 8.5 -6.72
110526 -40 13.32 -9.58
107240 -40 13.32 -9.58
108036 -40 13.32 -9.58
109823 -40 13.32 -9.58
109127 -40 13.32 -9.58
108485 -40 13.32 -9.58
105251 -40 13.32 -9.58
106967 -40 13.32 -9.58
112194 -40 13.32 -9.58
111829 -40 13.32 -9.58
109938 -40 13.32 -9.58
112502 -40 13.32 -9.58
104904 -40 13.32 -9.58
105198 -40 13.32 -9.58
115144 -40 13.32 -9.58
106369 -40 13.32 -9.58
111886 -40 13.32 -9.58
109812 -40 13.32 -9.58
107645 -40 13.32 -9.58
113226 -40 13.32 -9.58
112362 -40 13.32 -9.58
107991 -40 13.32 -9.58
112122 -40 13.32 -9.58
111445 -40 13.32 -9.58
114005 -40 13.32 -9.58
107196 -40 13.32 -9.58
108527 -40 13.32 -9.58
111026 -40 13.32 -9.58
109782 -40 13.32 -9.58
111579 -40 13.32 -9.58
108283 -40 13.32 -9.58
111808 -40 13.32 -9.58
112038 -40 13.32 -9.58
113979 -40 13.32 -9.58
112037 -40 13.32 -9.58
107069 -40 13.32 -9.58
108363 -40 13.32 -9.58
103725 -40 13.32 -9.58
112830 -40 13.32 -9.58
