#rtt sig_str x y
186155 -40 20.93 18.82
187209 -40 20.93 18.82
188859 -40 20.93 18.82
191696 -40 20.93 18.82
187290 -40 20.93 18.82
189518 -40 20.93 18.82
188418 -40 20.93 18.82
189495 -40 20.93 18.82
186362 -40 20.93 18.82
191952 -40 20.93 18.82
186570 -40 20.93 18.82
186198 -40 20.93 18.82
191668 -40 20.93 18.82
195266 -40 20.93 18.82
186802 -40 20.93 18.82
186114 -40 20.93 18.82
186192 -40 20.93 18.82
189741 -40 20.93 18.82
185342 -40 20.93 18.82
187208 -40 20.93 18.82
187461 -40 20.93 18.82
188243 -40 20.93 18.82
188743 -40 20.93 18.82
188967 -40 20.93 18.82
188626 -40 20.93 18.82
187334 -40 20.93 18.82
183824 -40 20.93 18.82
186001 -40 20.93 18.82
184636 -40 20.93 18.82
189240 -40 20.93 18.82
184476 -40 20.93 18.82
189819 -40 20.93 18.82
185538 -40 20.93 18.82
184885 -40 20.93 18.82
187382 -40 20.93 18.82
185637 -40 20.93 18.82
185008 -40 20.93 18.82
184516 -40 20.93 18.82
186365 -40 20.93 18.82
136297 -40 -19.27 5.48
130417 -40 -19.27 5.48
132361 -40 -19.27 5.48
137035 -40 -19.27 5.48
134729 -40 -19.27 5.48
135729 -40 -19.27 5.48
133002 -40 -19.27 5.48
130415 -40 -19.27 5.48
132271 -40 -19.27 5.48
134130 -40 -19.27 5.48
137580 -40 -19.27 5.48
134733 -40 -19.27 5.48
131888 -40 -19.27 5.48
130657 -40 -19.27 5.48
134499 -40 -19.27 5.48
133910 -40 -19.27 5.48
133525 -40 -19.27 5.48
128478 -40 -19.27 5.48
132537 -40 -19.27 5.48
138561 -40 -19.27 5.48
136312 -40 -19.27 5.48
130422 -40 -19.27 5.48
137588 -40 -19.27 5.48
134300 -40 -19.27 5.48
130780 -40 -19.27 5.48
133391 -40 -19.27 5.48
128738 -40 -19.27 5.48
133867 -40 -19.27 5.48
134744 -40 -19.27 5.48
136909 -40 -19.27 5.48
136821 -40 -19.27 5.48
126767 -40 -19.27 5.48
136955 -40 -19.27 5.48
133881 -40 -19.27 5.48
133103 -40 -19.27 5.48
136217 -40 -19.27 5.48
135018 -40 -19.27 5.48
133495 -40 -19.27 5.48
137227 -40 -19.27 5.48
238816 -40 -26.74 -23.34
233264 -40 -26.74 -23.34
235904 -40 -26.74 -23.34
236880 -40 -26.74 -23.34
240025 -40 -26.74 -23.34
235683 -40 -26.74 -23.34
237946 -40 -26.74 -23.34
232934 -40 -26.74 -23.34
236602 -40 -26.74 -23.34
234382 -40 -26.74 -23.34
240831 -40 -26.74 -23.34
237070 -40 -26.74 -23.34
235582 -40 -26.74 -23.34
236677 -40 -26.74 -23.34
238930 -40 -26.74 -23.34
235089 -40 -26.74 -23.34
231710 -40 -26.74 -23.34
232823 -40 -26.74 -23.34
231353 -40 -26.74 -23.34
237101 -40 -26.74 -23.34
237230 -40 -26.74 -23.34
236843 -40 -26.74 -23.34
238105 -40 -26.74 -23.34
236733 -40 -26.74 -23.34
240161 -40 -26.74 -23.34
236143 -40 -26.74 -23.34
236995 -40 -26.74 -23.34
235175 -40 -26.74 -23.34
239278 -40 -26.74 -23.34
232280 -40 -26.74 -23.34
234160 -40 -26.74 -23.34
237724 -40 -26.74 -23.34
233856 -40 -26.74 -23.34
236300 -40 -26.74 -23.34
235625 -40 -26.74 -23.34
230418 -40 -26.74 -23.34
234217 -40 -26.74 -23.34
232423 -40 -26.74 -23.34
237382 -40 -26.74 -23.34
137295 -40 -8.31 19.12
144495 -40 -8.31 19.12
135488 -40 -8.31 19.12
140689 -40 -8.31 19.12
135890 -40 -8.31 19.12
138294 -40 -8.31 19.12
140378 -40 -8.31 19.12
138115 -40 -8.31 19.12
140004 -40 -8.31 19.12
134400 -40 -8.31 19.12
137204 -40 -8.31 19.12
139455 -40 -8.31 19.12
139467 -40 -8.31 19.12
140394 -40 -8.31 19.12
138124 -40 -8.31 19.12
137684 -40 -8.31 19.12
136783 -40 -8.31 19.12
141454 -40 -8.31 19.12
141745 -40 -8.31 19.12
134271 -40 -8.31 19.12
142167 -40 -8.31 19.12
137800 -40 -8.31 19.12
141512 -40 -8.31 19.12
143784 -40 -8.31 19.12
141033 -40 -8.31 19.12
138077 -40 -8.31 19.12
139718 -40 -8.31 19.12
139686 -40 -8.31 19.12
137103 -40 -8.31 19.12
140978 -40 -8.31 19.12
140362 -40 -8.31 19.12
139923 -40 -8.31 19.12
137596 -40 -8.31 19.12
143964 -40 -8.31 19.12
137090 -40 -8.31 19.12
136575 -40 -8.31 19.12
136357 -40 -8.31 19.12
139312 -40 -8.31 19.12
137963 -40 -8.31 19.12
188272 -40 -13.48 25.6
195280 -40 -13.48 25.6
193116 -40 -13.48 25.6
191094 -40 -13.48 25.6
192105 -40 -13.48 25.6
193832 -40 -13.48 25.6
190802 -40 -13.48 25.6
196167 -40 -13.48 25.6
191526 -40 -13.48 25.6
196430 -40 -13.48 25.6
193827 -40 -13.48 25.6
190929 -40 -13.48 25.6
194377 -40 -13.48 25.6
189267 -40 -13.48 25.6
194769 -40 -13.48 25.6
193816 -40 -13.48 25.6
196427 -40 -13.48 25.6
189974 -40 -13.48 25.6
196082 -40 -13.48 25.6
190932 -40 -13.48 25.6
191638 -40 -13.48 25.6
193890 -40 -13.48 25.6
192655 -40 -13.48 25.6
196063 -40 -13.48 25.6
193275 -40 -13.48 25.6
194462 -40 -13.48 25.6
191190 -40 -13.48 25.6
189484 -40 -13.48 25.6
192355 -40 -13.48 25.6
196099 -40 -13.48 25.6
193486 -40 -13.48 25.6
192307 -40 -13.48 25.6
191599 -40 -13.48 25.6
190015 -40 -13.48 25.6
194529 -40 -13.48 25.6
192739 -40 -13.48 25.6
190246 -40 -13.48 25.6
190035 -40 -13.48 25.6
191087 -40 -13.48 25.6
190971 -40 1.8 -28.51
184459 -40 1.8 -28.51
187778 -40 1.8 -28.51
188893 -40 1.8 -28.51
189375 -40 1.8 -28.51
190431 -40 1.8 -28.51
187213 -40 1.8 -28.51
188202 -40 1.8 -28.51
190686 -40 1.8 -28.51
191644 -40 1.8 -28.51
188921 -40 1.8 -28.51
191762 -40 1.8 -28.51
188797 -40 1.8 -28.51
191693 -40 1.8 -28.51
188578 -40 1.8 -28.51
192988 -40 1.8 -28.51
189114 -40 1.8 -28.51
188810 -40 1.8 -28.51
190961 -40 1.8 -28.51
193039 -40 1.8 -28.51
194258 -40 1.8 -28.51
189597 -40 1.8 -28.51
189239 -40 1.8 -28.51
188531 -40 1.8 -28.51
191953 -40 1.8 -28.51
192821 -40 1.8 -28.51
194941 -40 1.8 -28.51
190776 -40 1.8 -28.51
192055 -40 1.8 -28.51
193037 -40 1.8 -28.51
190591 -40 1.8 -28.51
192266 -40 1.8 -28.51
188955 -40 1.8 -28.51
190627 -40 1.8 -28.51
187533 -40 1.8 -28.51
188986 -40 1.8 -28.51
191492 -40 1.8 -28.51
189859 -40 1.8 -28.51
193094 -40 1.8 -28.51
150952 -40 -11.65 19.34
153073 -40 -11.65 19.34
152886 -40 -11.65 19.34
144751 -40 -11.65 19.34
148794 -40 -11.65 19.34
154300 -40 -11.65 19.34
151239 -40 -11.65 19.34
147109 -40 -11.65 19.34
147059 -40 -11.65 19.34
152111 -40 -11.65 19.34
149975 -40 -11.65 19.34
153757 -40 -11.65 19.34
151993 -40 -11.65 19.34
147045 -40 -11.65 19.34
153741 -40 -11.65 19.34
151635 -40 -11.65 19.34
149076 -40 -11.65 19.34
146952 -40 -11.65 19.34
153097 -40 -11.65 19.34
149362 -40 -11.65 19.34
151573 -40 -11.65 19.34
152150 -40 -11.65 19.34
152527 -40 -11.65 19.34
150791 -40 -11.65 19.34
149121 -40 -11.65 19.34
151861 -40 -11.65 19.34
149684 -40 -11.65 19.34
152892 -40 -11.65 19.34
150467 -40 -11.65 19.34
153812 -40 -11.65 19.34
147956 -40 -11.65 19.34
150240 -40 -11.65 19.34
152047 -40 -11.65 19.34
151507 -40 -11.65 19.34
150907 -40 -11.65 19.34
149089 -40 -11.65 19.34
152948 -40 -11.65 19.34
151063 -40 -11.65 19.34
149007 -40 -11.65 19.34
121110 -40 -11.73 13.2
119546 -40 -11.73 13.2
117132 -40 -11.73 13.2
118107 -40 -11.73 13.2
117739 -40 -11.73 13.2
113202 -40 -11.73 13.2
121019 -40 -11.73 13.2
119103 -40 -11.73 13.2
116516 -40 -11.73 13.2
119774 -40 -11.73 13.2
114630 -40 -11.73 13.2
115600 -40 -11.73 13.2
117685 -40 -11.73 13.2
113172 -40 -11.73 13.2
120109 -40 -11.73 13.2
116190 -40 -11.73 13.2
116017 -40 -11.73 13.2
115526 -40 -11.73 13.2
118707 -40 -11.73 13.2
112794 -40 -11.73 13.2
116919 -40 -11.73 13.2
118598 -40 -11.73 13.2
120126 -40 -11.73 13.2
116514 -40 -11.73 13.2
117919 -40 -11.73 13.2
115845 -40 -11.73 13.2
118479 -40 -11.73 13.2
121751 -40 -11.73 13.2
118141 -40 -11.73 13.2
114149 -40 -11.73 13.2
114687 -40 -11.73 13.2
121520 -40 -11.73 13.2
119355 -40 -11.73 13.2
118677 -40 -11.73 13.2
117459 -40 -11.73 13.2
118580 -40 -11.73 13.2
113580 -40 -11.73 13.2
119052 -40 -11.73 13.2
115874 -40 -11.73 13.2
195573 -40 -23.3 -17.28
191177 -40 -23.3 -17.28
192775 -40 -23.3 -17.28
196182 -40 -23.3 -17.28
195507 -40 -23.3 -17.28
195120 -40 -23.3 -17.28
190677 -40 -23.3 -17.28
193256 -40 -23.3 -17.28
194058 -40 -23.3 -17.28
195709 -40 -23.3 -17.28
193970 -40 -23.3 -17.28
197678 -40 -23.3 -17.28
191138 -40 -23.3 -17.28
190555 -40 -23.3 -17.28
190613 -40 -23.3 -17.28
191510 -40 -23.3 -17.28
191700 -40 -23.3 -17.28
191513 -40 -23.3 -17.28
190031 -40 -23.3 -17.28
196379 -40 -23.3 -17.28
191682 -40 -23.3 -17.28
193691 -40 -23.3 -17.28
193654 -40 -23.3 -17.28
195928 -40 -23.3 -17.28
193602 -40 -23.3 -17.28
190631 -40 -23.3 -17.28
189566 -40 -23.3 -17.28
192477 -40 -23.3 -17.28
194684 -40 -23.3 -17.28
192857 -40 -23.3 -17.28
189283 -40 -23.3 -17.28
195290 -40 -23.3 -17.28
196458 -40 -23.3 -17.28
193452 -40 -23.3 -17.28
193400 -40 -23.3 -17.28
193743 -40 -23.3 -17.28
195259 -40 -23.3 -17.28
195205 -40 -23.3 -17.28
192360 -40 -23.3 -17.28
177666 -40 -15.01 22.35
178167 -40 -15.01 22.35
182547 -40 -15.01 22.35
177429 -40 -15.01 22.35
182133 -40 -15.01 22.35
175896 -40 -15.01 22.35
177505 -40 -15.01 22.35
179932 -40 -15.01 22.35
175464 -40 -15.01 22.35
179931 -40 -15.01 22.35
175017 -40 -15.01 22.35
181980 -40 -15.01 22.35
182790 -40 -15.01 22.35
179962 -40 -15.01 22.35
180147 -40 -15.01 22.35
183947 -40 -15.01 22.35
179166 -40 -15.01 22.35
175958 -40 -15.01 22.35
175635 -40 -15.01 22.35
176559 -40 -15.01 22.35
178317 -40 -15.01 22.35
180367 -40 -15.01 22.35
178801 -40 -15.01 22.35
176087 -40 -15.01 22.35
180291 -40 -15.01 22.35
183884 -40 -15.01 22.35
178207 -40 -15.01 22.35
179096 -40 -15.01 22.35
182180 -40 -15.01 22.35
176228 -40 -15.01 22.35
182860 -40 -15.01 22.35
176062 -40 -15.01 22.35
182763 -40 -15.01 22.35
180057 -40 -15.01 22.35
182056 -40 -15.01 22.35
182056 -40 -15.01 22.35
186958 -40 -15.01 22.35
180770 -40 -15.01 22.35
179424 -40 -15.01 22.35
