#rtt sig_str x y
153107 -40 -12.32 -19.1
152203 -40 -12.32 -19.1
154547 -40 -12.32 -19.1
154908 -40 -12.32 -19.1
155459 -40 -12.32 -19.1
148844 -40 -12.32 -19.1
150401 -40 -12.32 -19.1
151412 -40 -12.32 -19.1
151685 -40 -12.32 -19.1
156176 -40 -12.32 -19.1
150736 -40 -12.32 -19.1
150803 -40 -12.32 -19.1
152491 -40 -12.32 -19.1
150207 -40 -12.32 -19.1
152102 -40 -12.32 -19.1
149498 -40 -12.32 -19.1
150890 -40 -12.32 -19.1
154044 -40 -12.32 -19.1
153503 -40 -12.32 -19.1
150126 -40 -12.32 -19.1
154024 -40 -12.32 -19.1
151772 -40 -12.32 -19.1
151697 -40 -12.32 -19.1
151421 -40 -12.32 -19.1
150508 -40 -12.32 -19.1
147374 -40 -12.32 -19.1
154953 -40 -12.32 -19.1
149990 -40 -12.32 -19.1
155379 -40 -12.32 -19.1
155971 -40 -12.32 -19.1
151456 -40 -12.32 -19.1
150057 -40 -12.32 -19.1
152037 -40 -12.32 -19.1
153652 -40 -12.32 -19.1
149401 -40 -12.32 -19.1
155982 -40 -12.32 -19.1
150893 -40 -12.32 -19.1
150917 -40 -12.32 -19.1
149406 -40 -12.32 -19.1
139449 -40 1.84 20.66
139053 -40 1.84 20.66
136214 -40 1.84 20.66
141480 -40 1.84 20.66
134074 -40 1.84 20.66
138324 -40 1.84 20.66
137249 -40 1.84 20.66
139605 -40 1.84 20.66
137403 -40 1.84 20.66
140658 -40 1.84 20.66
139962 -40 1.84 20.66
139796 -40 1.84 20.66
137053 -40 1.84 20.66
139066 -40 1.84 20.66
140120 -40 1.84 20.66
137500 -40 1.84 20.66
133706 -40 1.84 20.66
136087 -40 1.84 20.66
133107 -40 1.84 20.66
134573 -40 1.84 20.66
136424 -40 1.84 20.66
139130 -40 1.84 20.66
137371 -40 1.84 20.66
141062 -40 1.84 20.66
137799 -40 1.84 20.66
139614 -40 1.84 20.66
135749 -40 1.84 20.66
136183 -40 1.84 20.66
135239 -40 1.84 20.66
137625 -40 1.84 20.66
138756 -40 1.84 20.66
141858 -40 1.84 20.66
137611 -40 1.84 20.66
139163 -40 1.84 20.66
139441 -40 1.84 20.66
138641 -40 1.84 20.66
145037 -40 1.84 20.66
134412 -40 1.84 20.66
140735 -40 1.84 20.66
199742 -40 -18.51 23.34
197859 -40 -18.51 23.34
198328 -40 -18.51 23.34
201257 -40 -18.51 23.34
195132 -40 -18.51 23.34
192896 -40 -18.51 23.34
201551 -40 -18.51 23.34
193699 -40 -18.51 23.34
197508 -40 -18.51 23.34
197181 -40 -18.51 23.34
200472 -40 -18.51 23.34
199534 -40 -18.51 23.34
198488 -40 -18.51 23.34
198321 -40 -18.51 23.34
198910 -40 -18.51 23.34
197078 -40 -18.51 23.34
199698 -40 -18.51 23.34
201065 -40 -18.51 23.34
199533 -40 -18.51 23.34
199647 -40 -18.51 23.34
202258 -40 -18.51 23.34
196593 -40 -18.51 23.34
198406 -40 -18.51 23.34
195596 -40 -18.51 23.34
197787 -40 -18.51 23.34
206080 -40 -18.51 23.34
197698 -40 -18.51 23.34
195620 -40 -18.51 23.34
198293 -40 -18.51 23.34
196828 -40 -18.51 23.34
200546 -40 -18.51 23.34
198613 -40 -18.51 23.34
201528 -40 -18.51 23.34
197380 -40 -18.51 23.34
198752 -40 -18.51 23.34
197767 -40 -18.51 23.34
199307 -40 -18.51 23.34
200678 -40 -18.51 23.34
200921 -40 -18.51 23.34
216335 -40 -25.93 18.41
213249 -40 -25.93 18.41
211994 -40 -25.93 18.41
213491 -40 -25.93 18.41
216373 -40 -25.93 18.41
212587 -40 -25.93 18.41
213325 -40 -25.93 18.41
213517 -40 -25.93 18.41
212009 -40 -25.93 18.41
214133 -40 -25.93 18.41
215617 -40 -25.93 18.41
212963 -40 -25.93 18.41
211497 -40 -25.93 18.41
211910 -40 -25.93 18.41
216351 -40 -25.93 18.41
211133 -40 -25.93 18.41
209720 -40 -25.93 18.41
211954 -40 -25.93 18.41
216954 -40 -25.93 18.41
208271 -40 -25.93 18.41
215578 -40 -25.93 18.41
213039 -40 -25.93 18.41
213626 -40 -25.93 18.41
211657 -40 -25.93 18.41
212222 -40 -25.93 18.41
211959 -40 -25.93 18.41
212546 -40 -25.93 18.41
213621 -40 -25.93 18.41
207748 -40 -25.93 18.41
215596 -40 -25.93 18.41
215098 -40 -25.93 18.41
212356 -40 -25.93 18.41
214805 -40 -25.93 18.41
210984 -40 -25.93 18.41
204999 -40 -25.93 18.41
209636 -40 -25.93 18.41
208721 -40 -25.93 18.41
210525 -40 -25.93 18.41
215410 -40 -25.93 18.41
115302 -40 17.22 -5.39
119681 -40 17.22 -5.39
121819 -40 17.22 -5.39
121697 -40 17.22 -5.39
118256 -40 17.22 -5.39
118180 -40 17.22 -5.39
120557 -40 17.22 -5.39
122688 -40 17.22 -5.39
122476 -40 17.22 -5.39
124523 -40 17.22 -5.39
122248 -40 17.22 -5.39
124321 -40 17.22 -5.39
121508 -40 17.22 -5.39
122333 -40 17.22 -5.39
121621 -40 17.22 -5.39
120404 -40 17.22 -5.39
119056 -40 17.22 -5.39
125849 -40 17.22 -5.39
120943 -40 17.22 -5.39
121569 -40 17.22 -5.39
123538 -40 17.22 -5.39
123919 -40 17.22 -5.39
124238 -40 17.22 -5.39
122693 -40 17.22 -5.39
122113 -40 17.22 -5.39
118780 -40 17.22 -5.39
119923 -40 17.22 -5.39
117227 -40 17.22 -5.39
113741 -40 17.22 -5.39
120962 -40 17.22 -5.39
119739 -40 17.22 -5.39
119324 -40 17.22 -5.39
121579 -40 17.22 -5.39
124943 -40 17.22 -5.39
118655 -40 17.22 -5.39
120346 -40 17.22 -5.39
122612 -40 17.22 -5.39
124311 -40 17.22 -5.39
119190 -40 17.22 -5.39
169617 -40 9.38 -23.82
172458 -40 9.38 -23.82
166667 -40 9.38 -23.82
172441 -40 9.38 -23.82
170409 -40 9.38 -23.82
166633 -40 9.38 -23.82
169909 -40 9.38 -23.82
171948 -40 9.38 -23.82
168898 -40 9.38 -23.82
175864 -40 9.38 -23.82
171122 -40 9.38 -23.82
171171 -40 9.38 -23.82
175176 -40 9.38 -23.82
167939 -40 9.38 -23.82
172846 -40 9.38 -23.82
170309 -40 9.38 -23.82
170031 -40 9.38 -23.82
176371 -40 9.38 -23.82
172095 -40 9.38 -23.82
166513 -40 9.38 -23.82
168499 -40 9.38 -23.82
170629 -40 9.38 -23.82
172407 -40 9.38 -23.82
171007 -40 9.38 -23.82
172071 -40 9.38 -23.82
170346 -40 9.38 -23.82
165127 -40 9.38 -23.82
167225 -40 9.38 -23.82
174948 -40 9.38 -23.82
170786 -40 9.38 -23.82
171474 -40 9.38 -23.82
172621 -40 9.38 -23.82
167313 -40 9.38 -23.82
168620 -40 9.38 -23.82
170720 -40 9.38 -23.82
173278 -40 9.38 -23.82
168095 -40 9.38 -23.82
173026 -40 9.38 -23.82
170091 -40 9.38 -23.82
123278 -40 8.25 -16.83
124551 -40 8.25 -16.83
122651 -40 8.25 -16.83
127123 -40 8.25 -16.83
123445 -40 8.25 -16.83
125558 -40 8.25 -16.83
125919 -40 8.25 -16.83
118141 -40 8.25 -16.83
124841 -40 8.25 -16.83
124995 -40 8.25 -16.83
119398 -40 8.25 -16.83
119586 -40 8.25 -16.83
121314 -40 8.25 -16.83
126551 -40 8.25 -16.83
129118 -40 8.25 -16.83
124272 -40 8.25 -16.83
121519 -40 8.25 -16.83
122341 -40 8.25 -16.83
126329 -40 8.25 -16.83
123162 -40 8.25 -16.83
124538 -40 8.25 -16.83
125980 -40 8.25 -16.83
129792 -40 8.25 -16.83
128823 -40 8.25 -16.83
122198 -40 8.25 -16.83
128423 -40 8.25 -16.83
122794 -40 8.25 -16.83
126728 -40 8.25 -16.83
121343 -40 8.25 -16.83
122559 -40 8.25 -16.83
124400 -40 8.25 -16.83
127021 -40 8.25 -16.83
124348 -40 8.25 -16.83
120466 -40 8.25 -16.83
123913 -40 8.25 -16.83
121182 -40 8.25 -16.83
126239 -40 8.25 -16.83
122612 -40 8.25 -16.83
123057 -40 8.25 -16.83
58938 -40 4.54 7.79
61360 -40 4.54 7.79
62737 -40 4.54 7.79
59246 -40 4.54 7.79
58018 -40 4.54 7.79
61081 -40 4.54 7.79
64186 -40 4.54 7.79
62103 -40 4.54 7.79
59653 -40 4.54 7.79
63280 -40 4.54 7.79
65069 -40 4.54 7.79
55522 -40 4.54 7.79
61030 -40 4.54 7.79
60772 -40 4.54 7.79
59166 -40 4.54 7.79
59938 -40 4.54 7.79
59763 -40 4.54 7.79
59026 -40 4.54 7.79
57491 -40 4.54 7.79
59830 -40 4.54 7.79
59596 -40 4.54 7.79
56888 -40 4.54 7.79
62158 -40 4.54 7.79
59445 -40 4.54 7.79
57803 -40 4.54 7.79
58112 -40 4.54 7.79
60867 -40 4.54 7.79
57224 -40 4.54 7.79
61731 -40 4.54 7.79
57781 -40 4.54 7.79
63401 -40 4.54 7.79
60843 -40 4.54 7.79
59105 -40 4.54 7.79
61092 -40 4.54 7.79
56777 -40 4.54 7.79
58885 -40 4.54 7.79
63239 -40 4.54 7.79
64635 -40 4.54 7.79
66246 -40 4.54 7.79
237403 -40 -27.66 21.6
228582 -40 -27.66 21.6
227000 -40 -27.66 21.6
239531 -40 -27.66 21.6
236611 -40 -27.66 21.6
233403 -40 -27.66 21.6
234323 -40 -27.66 21.6
239045 -40 -27.66 21.6
235424 -40 -27.66 21.6
232543 -40 -27.66 21.6
239617 -40 -27.66 21.6
234756 -40 -27.66 21.6
236063 -40 -27.66 21.6
234921 -40 -27.66 21.6
236178 -40 -27.66 21.6
232702 -40 -27.66 21.6
240155 -40 -27.66 21.6
230871 -40 -27.66 21.6
232211 -40 -27.66 21.6
231811 -40 -27.66 21.6
234792 -40 -27.66 21.6
237383 -40 -27.66 21.6
235878 -40 -27.66 21.6
231648 -40 -27.66 21.6
233874 -40 -27.66 21.6
233590 -40 -27.66 21.6
234332 -40 -27.66 21.6
231530 -40 -27.66 21.6
226798 -40 -27.66 21.6
236070 -40 -27.66 21.6
238593 -40 -27.66 21.6
234200 -40 -27.66 21.6
233505 -40 -27.66 21.6
236684 -40 -27.66 21.6
231782 -40 -27.66 21.6
235753 -40 -27.66 21.6
236058 -40 -27.66 21.6
234697 -40 -27.66 21.6
233927 -40 -27.66 21.6
193639 -40 -8.53 -27.53
188786 -40 -8.53 -27.53
191806 -40 -8.53 -27.53
191622 -40 -8.53 -27.53
192163 -40 -8.53 -27.53
194444 -40 -8.53 -27.53
190296 -40 -8.53 -27.53
195441 -40 -8.53 -27.53
194059 -40 -8.53 -27.53
188029 -40 -8.53 -27.53
189932 -40 -8.53 -27.53
194468 -40 -8.53 -27.53
192731 -40 -8.53 -27.53
195755 -40 -8.53 -27.53
192687 -40 -8.53 -27.53
189746 -40 -8.53 -27.53
189013 -40 -8.53 -27.53
195264 -40 -8.53 -27.53
193756 -40 -8.53 -27.53
195952 -40 -8.53 -27.53
192128 -40 -8.53 -27.53
190614 -40 -8.53 -27.53
195601 -40 -8.53 -27.53
192621 -40 -8.53 -27.53
191523 -40 -8.53 -27.53
195927 -40 -8.53 -27.53
188193 -40 -8.53 -27.53
196349 -40 -8.53 -27.53
196263 -40 -8.53 -27.53
193189 -40 -8.53 -27.53
191120 -40 -8.53 -27.53
197341 -40 -8.53 -27.53
191652 -40 -8.53 -27.53
194126 -40 -8.53 -27.53
191793 -40 -8.53 -27.53
192282 -40 -8.53 -27.53
189084 -40 -8.53 -27.53
196385 -40 -8.53 -27.53
188754 -40 -8.53 -27.53
