#rtt sig_str x y
180179 -40 9.02 -25.44
182770 -40 9.02 -25.44
181438 -40 9.02 -25.44
177805 -40 9.02 -25.44
179893 -40 9.02 -25.44
175740 -40 9.02 -25.44
183180 -40 9.02 -25.44
182565 -40 9.02 -25.44
181285 -40 9.02 -25.44
179199 -40 9.02 -25.44
178339 -40 9.02 -25.44
176576 -40 9.02 -25.44
178327 -40 9.02 -25.44
179372 -40 9.02 -25.44
179279 -40 9.02 -25.44
179909 -40 9.02 -25.44
179662 -40 9.02 -25.44
182985 -40 9.02 -25.44
178134 -40 9.02 -25.44
178141 -40 9.02 -25.44
180444 -40 9.02 -25.44
185156 -40 9.02 -25.44
178836 -40 9.02 -25.44
182744 -40 9.02 -25.44
181385 -40 9.02 -25.44
176527 -40 9.02 -25.44
181350 -40 9.02 -25.44
176207 -40 9.02 -25.44
177178 -40 9.02 -25.44
176492 -40 9.02 -25.44
183824 -40 9.02 -25.44
179481 -40 9.02 -25.44
180616 -40 9.02 -25.44
178154 -40 9.02 -25.44
184934 -40 9.02 -25.44
177562 -40 9.02 -25.44
179884 -40 9.02 -25.44
178091 -40 9.02 -25.44
185008 -40 9.02 -25.44
25176 -40 0.33 -4.04
21657 -40 0.33 -4.04
23240 -40 0.33 -4.04
28498 -40 0.33 -4.04
25831 -40 0.33 -4.04
31570 -40 0.33 -4.04
27766 -40 0.33 -4.04
26946 -40 0.33 -4.04
28323 -40 0.33 -4.04
27486 -40 0.33 -4.04
27998 -40 0.33 -4.04
27891 -40 0.33 -4.04
24334 -40 0.33 -4.04
26805 -40 0.33 -4.04
26252 -40 0.33 -4.04
28255 -40 0.33 -4.04
27391 -40 0.33 -4.04
28379 -40 0.33 -4.04
27981 -40 0.33 -4.04
24310 -40 0.33 -4.04
28390 -40 0.33 -4.04
26109 -40 0.33 -4.04
25933 -40 0.33 -4.04
29405 -40 0.33 -4.04
29901 -40 0.33 -4.04
26940 -40 0.33 -4.04
26673 -40 0.33 -4.04
25888 -40 0.33 -4.04
24747 -40 0.33 -4.04
25340 -40 0.33 -4.04
27592 -40 0.33 -4.04
27282 -40 0.33 -4.04
25979 -40 0.33 -4.04
27942 -40 0.33 -4.04
27162 -40 0.33 -4.04
26532 -40 0.33 -4.04
24878 -40 0.33 -4.04
29683 -40 0.33 -4.04
26024 -40 0.33 -4.04
176748 -40 22.72 -15.33
183222 -40 22.72 -15.33
183550 -40 22.72 -15.33
181049 -40 22.72 -15.33
182283 -40 22.72 -15.33
185564 -40 22.72 -15.33
181735 -40 22.72 -15.33
180780 -40 22.72 -15.33
182537 -40 22.72 -15.33
183690 -40 22.72 -15.33
181919 -40 22.72 -15.33
185837 -40 22.72 -15.33
187195 -40 22.72 -15.33
187080 -40 22.72 -15.33
181111 -40 22.72 -15.33
183192 -40 22.72 -15.33
181513 -40 22.72 -15.33
179839 -40 22.72 -15.33
180698 -40 22.72 -15.33
185374 -40 22.72 -15.33
178179 -40 22.72 -15.33
179034 -40 22.72 -15.33
187746 -40 22.72 -15.33
187676 -40 22.72 -15.33
182290 -40 22.72 -15.33
177222 -40 22.72 -15.33
176060 -40 22.72 -15.33
182398 -40 22.72 -15.33
178333 -40 22.72 -15.33
185214 -40 22.72 -15.33
181966 -40 22.72 -15.33
182990 -40 22.72 -15.33
188991 -40 22.72 -15.33
183299 -40 22.72 -15.33
179693 -40 22.72 -15.33
187354 -40 22.72 -15.33
183426 -40 22.72 -15.33
182603 -40 22.72 -15.33
181765 -40 22.72 -15.33
205766 -40 -19.09 24.51
205844 -40 -19.09 24.51
210860 -40 -19.09 24.51
207285 -40 -19.09 24.51
210223 -40 -19.09 24.51
205994 -40 -19.09 24.51
210938 -40 -19.09 24.51
207333 -40 -19.09 24.51
203125 -40 -19.09 24.51
210731 -40 -19.09 24.51
207634 -40 -19.09 24.51
209798 -40 -19.09 24.51
207292 -40 -19.09 24.51
206451 -40 -19.09 24.51
205806 -40 -19.09 24.51
203687 -40 -19.09 24.51
205194 -40 -19.09 24.51
206896 -40 -19.09 24.51
206478 -40 -19.09 24.51
205580 -40 -19.09 24.51
212113 -40 -19.09 24.51
207919 -40 -19.09 24.51
206858 -40 -19.09 24.51
204527 -40 -19.09 24.51
207728 -40 -19.09 24.51
211396 -40 -19.09 24.51
204079 -40 -19.09 24.51
203249 -40 -19.09 24.51
210100 -40 -19.09 24.51
203654 -40 -19.09 24.51
210311 -40 -19.09 24.51
205290 -40 -19.09 24.51
207219 -40 -19.09 24.51
206594 -40 -19.09 24.51
208277 -40 -19.09 24.51
203583 -40 -19.09 24.51
206216 -40 -19.09 24.51
212517 -40 -19.09 24.51
207853 -40 -19.09 24.51
182432 -40 21.14 -17.76
182039 -40 21.14 -17.76
182490 -40 21.14 -17.76
187350 -40 21.14 -17.76
182852 -40 21.14 -17.76
186794 -40 21.14 -17.76
182559 -40 21.14 -17.76
184729 -40 21.14 -17.76
183856 -40 21.14 -17.76
185121 -40 21.14 -17.76
181484 -40 21.14 -17.76
182442 -40 21.14 -17.76
186312 -40 21.14 -17.76
185099 -40 21.14 -17.76
182961 -40 21.14 -17.76
180257 -40 21.14 -17.76
185526 -40 21.14 -17.76
186309 -40 21.14 -17.76
185348 -40 21.14 -17.76
180442 -40 21.14 -17.76
187584 -40 21.14 -17.76
189914 -40 21.14 -17.76
181499 -40 21.14 -17.76
182319 -40 21.14 -17.76
186185 -40 21.14 -17.76
175828 -40 21.14 -17.76
183470 -40 21.14 -17.76
182706 -40 21.14 -17.76
182000 -40 21.14 -17.76
186909 -40 21.14 -17.76
185329 -40 21.14 -17.76
182111 -40 21.14 -17.76
185879 -40 21.14 -17.76
185687 -40 21.14 -17.76
187600 -40 21.14 -17.76
186906 -40 21.14 -17.76
183990 -40 21.14 -17.76
182593 -40 21.14 -17.76
184686 -40 21.14 -17.76
219880 -40 15.01 -29.31
222954 -40 15.01 -29.31
222440 -40 15.01 -29.31
220421 -40 15.01 -29.31
219942 -40 15.01 -29.31
220345 -40 15.01 -29.31
223105 -40 15.01 -29.31
217192 -40 15.01 -29.31
220290 -40 15.01 -29.31
219892 -40 15.01 -29.31
216649 -40 15.01 -29.31
218954 -40 15.01 -29.31
218470 -40 15.01 -29.31
215026 -40 15.01 -29.31
214576 -40 15.01 -29.31
219892 -40 15.01 -29.31
219847 -40 15.01 -29.31
219453 -40 15.01 -29.31
219839 -40 15.01 -29.31
219587 -40 15.01 -29.31
219917 -40 15.01 -29.31
217921 -40 15.01 -29.31
217108 -40 15.01 -29.31
215721 -40 15.01 -29.31
219181 -40 15.01 -29.31
220253 -40 15.01 -29.31
221379 -40 15.01 -29.31
222617 -40 15.01 -29.31
217462 -40 15.01 -29.31
217038 -40 15.01 -29.31
218603 -40 15.01 -29.31
216913 -40 15.01 -29.31
219074 -40 15.01 -29.31
216311 -40 15.01 -29.31
223677 -40 15.01 -29.31
217733 -40 15.01 -29.31
224382 -40 15.01 -29.31
219203 -40 15.01 -29.31
217890 -40 15.01 -29.31
71046 -40 9.97 -4.39
71798 -40 9.97 -4.39
68631 -40 9.97 -4.39
73272 -40 9.97 -4.39
70053 -40 9.97 -4.39
71900 -40 9.97 -4.39
71582 -40 9.97 -4.39
70291 -40 9.97 -4.39
70272 -40 9.97 -4.39
71045 -40 9.97 -4.39
73308 -40 9.97 -4.39
73216 -40 9.97 -4.39
68663 -40 9.97 -4.39
75208 -40 9.97 -4.39
73913 -40 9.97 -4.39
68885 -40 9.97 -4.39
67655 -40 9.97 -4.39
74272 -40 9.97 -4.39
74290 -40 9.97 -4.39
76636 -40 9.97 -4.39
72916 -40 9.97 -4.39
73398 -40 9.97 -4.39
70851 -40 9.97 -4.39
70869 -40 9.97 -4.39
78225 -40 9.97 -4.39
77194 -40 9.97 -4.39
73625 -40 9.97 -4.39
69361 -40 9.97 -4.39
68701 -40 9.97 -4.39
72604 -40 9.97 -4.39
76870 -40 9.97 -4.39
71010 -40 9.97 -4.39
71057 -40 9.97 -4.39
70116 -40 9.97 -4.39
65827 -40 9.97 -4.39
75728 -40 9.97 -4.39
70777 -40 9.97 -4.39
72878 -40 9.97 -4.39
72050 -40 9.97 -4.39
196551 -40 29.28 4.15
199167 -40 29.28 4.15
197993 -40 29.28 4.15
199280 -40 29.28 4.15
195987 -40 29.28 4.15
191809 -40 29.28 4.15
196500 -40 29.28 4.15
196846 -40 29.28 4.15
201763 -40 29.28 4.15
197258 -40 29.28 4.15
194181 -40 29.28 4.15
194240 -40 29.28 4.15
200860 -40 29.28 4.15
197577 -40 29.28 4.15
199078 -40 29.28 4.15
196336 -40 29.28 4.15
195690 -40 29.28 4.15
201374 -40 29.28 4.15
197296 -40 29.28 4.15
192171 -40 29.28 4.15
199344 -40 29.28 4.15
197771 -40 29.28 4.15
195305 -40 29.28 4.15
202140 -40 29.28 4.15
197374 -40 29.28 4.15
201379 -40 29.28 4.15
197418 -40 29.28 4.15
200375 -40 29.28 4.15
198146 -40 29.28 4.15
199846 -40 29.28 4.15
200102 -40 29.28 4.15
195839 -40 29.28 4.15
201500 -40 29.28 4.15
199881 -40 29.28 4.15
196150 -40 29.28 4.15
199067 -40 29.28 4.15
196793 -40 29.28 4.15
198744 -40 29.28 4.15
199824 -40 29.28 4.15
169072 -40 -14.58 20.98
173429 -40 -14.58 20.98
172338 -40 -14.58 20.98
172766 -40 -14.58 20.98
165759 -40 -14.58 20.98
167940 -40 -14.58 20.98
170381 -40 -14.58 20.98
172768 -40 -14.58 20.98
170943 -40 -14.58 20.98
169903 -40 -14.58 20.98
171708 -40 -14.58 20.98
174761 -40 -14.58 20.98
172697 -40 -14.58 20.98
165902 -40 -14.58 20.98
168149 -40 -14.58 20.98
171837 -40 -14.58 20.98
170106 -40 -14.58 20.98
170791 -40 -14.58 20.98
169574 -40 -14.58 20.98
167288 -40 -14.58 20.98
166604 -40 -14.58 20.98
174849 -40 -14.58 20.98
175658 -40 -14.58 20.98
169384 -40 -14.58 20.98
172777 -40 -14.58 20.98
172288 -40 -14.58 20.98
176171 -40 -14.58 20.98
166530 -40 -14.58 20.98
170435 -40 -14.58 20.98
174030 -40 -14.58 20.98
170691 -40 -14.58 20.98
166288 -40 -14.58 20.98
170350 -40 -14.58 20.98
175181 -40 -14.58 20.98
167961 -40 -14.58 20.98
169987 -40 -14.58 20.98
171876 -40 -14.58 20.98
175931 -40 -14.58 20.98
165567 -40 -14.58 20.98
271689 -40 -28.31 28.75
270418 -40 -28.31 28.75
269563 -40 -28.31 28.75
271560 -40 -28.31 28.75
270784 -40 -28.31 28.75
269705 -40 -28.31 28.75
265063 -40 -28.31 28.75
269392 -40 -28.31 28.75
270577 -40 -28.31 28.75
267614 -40 -28.31 28.75
271376 -40 -28.31 28.75
269790 -40 -28.31 28.75
266102 -40 -28.31 28.75
272454 -40 -28.31 28.75
271943 -40 -28.31 28.75
267657 -40 -28.31 28.75
272885 -40 -28.31 28.75
270098 -40 -28.31 28.75
269028 -40 -28.31 28.75
267321 -40 -28.31 28.75
270218 -40 -28.31 28.75
268736 -40 -28.31 28.75
266858 -40 -28.31 28.75
268744 -40 -28.31 28.75
265852 -40 -28.31 28.75
269662 -40 -28.31 28.75
274138 -40 -28.31 28.75
265992 -40 -28.31 28.75
265173 -40 -28.31 28.75
273699 -40 -28.31 28.75
269316 -40 -28.31 28.75
267251 -40 -28.31 28.75
271784 -40 -28.31 28.75
269533 -40 -28.31 28.75
270400 -40 -28.31 28.75
268245 -40 -28.31 28.75
270047 -40 -28.31 28.75
271457 -40 -28.31 28.75
268940 -40 -28.31 28.75
