#rtt sig_str x y
165761 -40 -24.15 -4.17
162749 -40 -24.15 -4.17
168603 -40 -24.15 -4.17
162047 -40 -24.15 -4.17
159253 -40 -24.15 -4.17
162810 -40 -24.15 -4.17
163712 -40 -24.15 -4.17
162195 -40 -24.15 -4.17
160679 -40 -24.15 -4.17
161551 -40 -24.15 -4.17
168643 -40 -24.15 -4.17
165150 -40 -24.15 -4.17
158020 -40 -24.15 -4.17
158941 -40 -24.15 -4.17
164575 -40 -24.15 -4.17
161965 -40 -24.15 -4.17
164189 -40 -24.15 -4.17
164437 -40 -24.15 -4.17
168222 -40 -24.15 -4.17
161498 -40 -24.15 -4.17
160962 -40 -24.15 -4.17
158958 -40 -24.15 -4.17
162355 -40 -24.15 -4.17
163319 -40 -24.15 -4.17
159645 -40 -24.15 -4.17
158990 -40 -24.15 -4.17
162625 -40 -24.15 -4.17
165144 -40 -24.15 -4.17
165810 -40 -24.15 -4.17
162296 -40 -24.15 -4.17
158245 -40 -24.15 -4.17
164680 -40 -24.15 -4.17
168071 -40 -24.15 -4.17
164857 -40 -24.15 -4.17
165877 -40 -24.15 -4.17
169663 -40 -24.15 -4.17
161199 -40 -24.15 -4.17
164541 -40 -24.15 -4.17
163494 -40 -24.15 -4.17
106572 -40 15.68 -5.24
113214 -40 15.68 -5.24
109578 -40 15.68 -5.24
108118 -40 15.68 -5.24
110423 -40 15.68 -5.24
111245 -40 15.68 -5.24
104998 -40 15.68 -5.24
111929 -40 15.68 -5.24
106921 -40 15.68 -5.24
115272 -40 15.68 -5.24
112245 -40 15.68 -5.24
108622 -40 15.68 -5.24
105758 -40 15.68 -5.24
110478 -40 15.68 -5.24
105624 -40 15.68 -5.24
109257 -40 15.68 -5.24
111157 -40 15.68 -5.24
110314 -40 15.68 -5.24
112757 -40 15.68 -5.24
111032 -40 15.68 -5.24
110872 -40 15.68 -5.24
112574 -40 15.68 -5.24
109680 -40 15.68 -5.24
108960 -40 15.68 -5.24
107371 -40 15.68 -5.24
111301 -40 15.68 -5.24
110960 -40 15.68 -5.24
109009 -40 15.68 -5.24
107031 -40 15.68 -5.24
107030 -40 15.68 -5.24
109382 -40 15.68 -5.24
111409 -40 15.68 -5.24
110813 -40 15.68 -5.24
109875 -40 15.68 -5.24
105940 -40 15.68 -5.24
107264 -40 15.68 -5.24
106417 -40 15.68 -5.24
113982 -40 15.68 -5.24
109865 -40 15.68 -5.24
136001 -40 -15.19 12.92
130146 -40 -15.19 12.92
128385 -40 -15.19 12.92
134989 -40 -15.19 12.92
133193 -40 -15.19 12.92
131520 -40 -15.19 12.92
135055 -40 -15.19 12.92
133398 -40 -15.19 12.92
134115 -40 -15.19 12.92
131554 -40 -15.19 12.92
135227 -40 -15.19 12.92
133775 -40 -15.19 12.92
132039 -40 -15.19 12.92
132593 -40 -15.19 12.92
133011 -40 -15.19 12.92
135062 -40 -15.19 12.92
134181 -40 -15.19 12.92
135677 -40 -15.19 12.92
136800 -40 -15.19 12.92
133006 -40 -15.19 12.92
137340 -40 -15.19 12.92
133846 -40 -15.19 12.92
131979 -40 -15.19 12.92
133836 -40 -15.19 12.92
133651 -40 -15.19 12.92
135810 -40 -15.19 12.92
132655 -40 -15.19 12.92
132059 -40 -15.19 12.92
134369 -40 -15.19 12.92
134659 -40 -15.19 12.92
133307 -40 -15.19 12.92
132957 -40 -15.19 12.92
139824 -40 -15.19 12.92
136858 -40 -15.19 12.92
134995 -40 -15.19 12.92
135923 -40 -15.19 12.92
135178 -40 -15.19 12.92
131875 -40 -15.19 12.92
128075 -40 -15.19 12.92
176116 -40 -21.72 -14.53
176901 -40 -21.72 -14.53
172133 -40 -21.72 -14.53
173799 -40 -21.72 -14.53
173239 -40 -21.72 -14.53
173252 -40 -21.72 -14.53
176200 -40 -21.72 -14.53
174060 -40 -21.72 -14.53
169239 -40 -21.72 -14.53
174059 -40 -21.72 -14.53
177677 -40 -21.72 -14.53
172547 -40 -21.72 -14.53
174383 -40 -21.72 -14.53
167972 -40 -21.72 -14.53
174701 -40 -21.72 -14.53
175802 -40 -21.72 -14.53
174606 -40 -21.72 -14.53
175639 -40 -21.72 -14.53
175618 -40 -21.72 -14.53
172597 -40 -21.72 -14.53
169478 -40 -21.72 -14.53
175882 -40 -21.72 -14.53
171915 -40 -21.72 -14.53
172736 -40 -21.72 -14.53
171325 -40 -21.72 -14.53
177895 -40 -21.72 -14.53
175801 -40 -21.72 -14.53
172140 -40 -21.72 -14.53
171231 -40 -21.72 -14.53
169956 -40 -21.72 -14.53
174693 -40 -21.72 -14.53
177506 -40 -21.72 -14.53
175608 -40 -21.72 -14.53
173641 -40 -21.72 -14.53
171730 -40 -21.72 -14.53
177342 -40 -21.72 -14.53
174815 -40 -21.72 -14.53
176437 -40 -21.72 -14.53
178175 -40 -21.72 -14.53
99023 -40 -10.11 10.54
95105 -40 -10.11 10.54
95493 -40 -10.11 10.54
97269 -40 -10.11 10.54
104739 -40 -10.11 10.54
102301 -40 -10.11 10.54
94940 -40 -10.11 10.54
96625 -40 -10.11 10.54
98901 -40 -10.11 10.54
97986 -40 -10.11 10.54
94441 -40 -10.11 10.54
94782 -40 -10.11 10.54
93745 -40 -10.11 10.54
97362 -40 -10.11 10.54
102091 -40 -10.11 10.54
95060 -40 -10.11 10.54
94209 -40 -10.11 10.54
98049 -40 -10.11 10.54
97504 -40 -10.11 10.54
99994 -40 -10.11 10.54
96958 -40 -10.11 10.54
97623 -40 -10.11 10.54
101366 -40 -10.11 10.54
93711 -40 -10.11 10.54
97842 -40 -10.11 10.54
93072 -40 -10.11 10.54
97429 -40 -10.11 10.54
94673 -40 -10.11 10.54
98214 -40 -10.11 10.54
96020 -40 -10.11 10.54
93404 -40 -10.11 10.54
99244 -40 -10.11 10.54
95517 -40 -10.11 10.54
98632 -40 -10.11 10.54
97533 -40 -10.11 10.54
100676 -40 -10.11 10.54
98380 -40 -10.11 10.54
95648 -40 -10.11 10.54
99396 -40 -10.11 10.54
244620 -40 -25.02 -27.59
248601 -40 -25.02 -27.59
247715 -40 -25.02 -27.59
249804 -40 -25.02 -27.59
246997 -40 -25.02 -27.59
244017 -40 -25.02 -27.59
249339 -40 -25.02 -27.59
247642 -40 -25.02 -27.59
249865 -40 -25.02 -27.59
247231 -40 -25.02 -27.59
247148 -40 -25.02 -27.59
251657 -40 -25.02 -27.59
248707 -40 -25.02 -27.59
248966 -40 -25.02 -27.59
247277 -40 -25.02 -27.59
249462 -40 -25.02 -27.59
246786 -40 -25.02 -27.59
245209 -40 -25.02 -27.59
248781 -40 -25.02 -27.59
245065 -40 -25.02 -27.59
253912 -40 -25.02 -27.59
245737 -40 -25.02 -27.59
250515 -40 -25.02 -27.59
249572 -40 -25.02 -27.59
248473 -40 -25.02 -27.59
244115 -40 -25.02 -27.59
245920 -40 -25.02 -27.59
251550 -40 -25.02 -27.59
248865 -40 -25.02 -27.59
246590 -40 -25.02 -27.59
252733 -40 -25.02 -27.59
248423 -40 -25.02 -27.59
249605 -40 -25.02 -27.59
248847 -40 -25.02 -27.59
248907 -40 -25.02 -27.59
250259 -40 -25.02 -27.59
246752 -40 -25.02 -27.59
245672 -40 -25.02 -27.59
246175 -40 -25.02 -27.59
167134 -40 10.32 -22.95
166288 -40 10.32 -22.95
166628 -40 10.32 -22.95
170431 -40 10.32 -22.95
165544 -40 10.32 -22.95
167670 -40 10.32 -22.95
166288 -40 10.32 -22.95
169721 -40 10.32 -22.95
167310 -40 10.32 -22.95
172035 -40 10.32 -22.95
168147 -40 10.32 -22.95
165827 -40 10.32 -22.95
171003 -40 10.32 -22.95
167075 -40 10.32 -22.95
168589 -40 10.32 -22.95
167214 -40 10.32 -22.95
166327 -40 10.32 -22.95
170025 -40 10.32 -22.95
164300 -40 10.32 -22.95
165189 -40 10.32 -22.95
169150 -40 10.32 -22.95
165539 -40 10.32 -22.95
170403 -40 10.32 -22.95
167498 -40 10.32 -22.95
170436 -40 10.32 -22.95
164683 -40 10.32 -22.95
167692 -40 10.32 -22.95
168550 -40 10.32 -22.95
170724 -40 10.32 -22.95
165780 -40 10.32 -22.95
164844 -40 10.32 -22.95
169721 -40 10.32 -22.95
169038 -40 10.32 -22.95
167814 -40 10.32 -22.95
172114 -40 10.32 -22.95
167083 -40 10.32 -22.95
164349 -40 10.32 -22.95
168428 -40 10.32 -22.95
167834 -40 10.32 -22.95
229287 -40 18.4 -29.52
230483 -40 18.4 -29.52
237653 -40 18.4 -29.52
238807 -40 18.4 -29.52
229084 -40 18.4 -29.52
231064 -40 18.4 -29.52
231971 -40 18.4 -29.52
233869 -40 18.4 -29.52
231240 -40 18.4 -29.52
232438 -40 18.4 -29.52
229268 -40 18.4 -29.52
234359 -40 18.4 -29.52
234713 -40 18.4 -29.52
232594 -40 18.4 -29.52
233005 -40 18.4 -29.52
233381 -40 18.4 -29.52
233032 -40 18.4 -29.52
229651 -40 18.4 -29.52
231913 -40 18.4 -29.52
229778 -40 18.4 -29.52
234371 -40 18.4 -29.52
227670 -40 18.4 -29.52
231568 -40 18.4 -29.52
234525 -40 18.4 -29.52
230195 -40 18.4 -29.52
231990 -40 18.4 -29.52
233538 -40 18.4 -29.52
229260 -40 18.4 -29.52
229908 -40 18.4 -29.52
232589 -40 18.4 -29.52
231024 -40 18.4 -29.52
232930 -40 18.4 -29.52
234101 -40 18.4 -29.52
235184 -40 18.4 -29.52
235911 -40 18.4 -29.52
232035 -40 18.4 -29.52
231963 -40 18.4 -29.52
235398 -40 18.4 -29.52
235258 -40 18.4 -29.52
273578 -40 28.97 28.83
271702 -40 28.97 28.83
272566 -40 28.97 28.83
273947 -40 28.97 28.83
272073 -40 28.97 28.83
273642 -40 28.97 28.83
270484 -40 28.97 28.83
269122 -40 28.97 28.83
272041 -40 28.97 28.83
273387 -40 28.97 28.83
271763 -40 28.97 28.83
274736 -40 28.97 28.83
277155 -40 28.97 28.83
274021 -40 28.97 28.83
273303 -40 28.97 28.83
272504 -40 28.97 28.83
277549 -40 28.97 28.83
272064 -40 28.97 28.83
273165 -40 28.97 28.83
273839 -40 28.97 28.83
274283 -40 28.97 28.83
273846 -40 28.97 28.83
272117 -40 28.97 28.83
272034 -40 28.97 28.83
274760 -40 28.97 28.83
270903 -40 28.97 28.83
274106 -40 28.97 28.83
269507 -40 28.97 28.83
274698 -40 28.97 28.83
270855 -40 28.97 28.83
274371 -40 28.97 28.83
273325 -40 28.97 28.83
274851 -40 28.97 28.83
270216 -40 28.97 28.83
271974 -40 28.97 28.83
267613 -40 28.97 28.83
272527 -40 28.97 28.83
275163 -40 28.97 28.83
276831 -40 28.97 28.83
69562 -40 8.14 6.2
65938 -40 8.14 6.2
68330 -40 8.14 6.2
69718 -40 8.14 6.2
69910 -40 8.14 6.2
71579 -40 8.14 6.2
69469 -40 8.14 6.2
70589 -40 8.14 6.2
70230 -40 8.14 6.2
68022 -40 8.14 6.2
67291 -40 8.14 6.2
67988 -40 8.14 6.2
70431 -40 8.14 6.2
68134 -40 8.14 6.2
67216 -40 8.14 6.2
66953 -40 8.14 6.2
70572 -40 8.14 6.2
68652 -40 8.14 6.2
63938 -40 8.14 6.2
69752 -40 8.14 6.2
66386 -40 8.14 6.2
66283 -40 8.14 6.2
68413 -40 8.14 6.2
64703 -40 8.14 6.2
66961 -40 8.14 6.2
66092 -40 8.14 6.2
70246 -40 8.14 6.2
69172 -40 8.14 6.2
63858 -40 8.14 6.2
70887 -40 8.14 6.2
66414 -40 8.14 6.2
63663 -40 8.14 6.2
66658 -40 8.14 6.2
67209 -40 8.14 6.2
68907 -40 8.14 6.2
70854 -40 8.14 6.2
72802 -40 8.14 6.2
69585 -40 8.14 6.2
65500 -40 8.14 6.2
