#rtt sig_str x y
157110 -40 5.29 23.25
160779 -40 5.29 23.25
157926 -40 5.29 23.25
159037 -40 5.29 23.25
158582 -40 5.29 23.25
158558 -40 5.29 23.25
159368 -40 5.29 23.25
156098 -40 5.29 23.25
161732 -40 5.29 23.25
157315 -40 5.29 23.25
160640 -40 5.29 23.25
156813 -40 5.29 23.25
159773 -40 5.29 23.25
159401 -40 5.29 23.25
155814 -40 5.29 23.25
163880 -40 5.29 23.25
160034 -40 5.29 23.25
159773 -40 5.29 23.25
156233 -40 5.29 23.25
162586 -40 5.29 23.25
152893 -40 5.29 23.25
156697 -40 5.29 23.25
157209 -40 5.29 23.25
152915 -40 5.29 23.25
160477 -40 5.29 23.25
155714 -40 5.29 23.25
161823 -40 5.29 23.25
156856 -40 5.29 23.25
158688 -40 5.29 23.25
161231 -40 5.29 23.25
160948 -40 5.29 23.25
161169 -40 5.29 23.25
158310 -40 5.29 23.25
159615 -40 5.29 23.25
162476 -40 5.29 23.25
158602 -40 5.29 23.25
158232 -40 5.29 23.25
156701 -40 5.29 23.25
159783 -40 5.29 23.25
237108 -40 23.87 27.27
242591 -40 23.87 27.27
236993 -40 23.87 27.27
244379 -40 23.87 27.27
241774 -40 23.87 27.27
243010 -40 23.87 27.27
239102 -40 23.87 27.27
241551 -40 23.87 27.27
241017 -40 23.87 27.27
245003 -40 23.87 27.27
243797 -40 23.87 27.27
242956 -40 23.87 27.27
240113 -40 23.87 27.27
241044 -40 23.87 27.27
243334 -40 23.87 27.27
236607 -40 23.87 27.27
238759 -40 23.87 27.27
239614 -40 23.87 27.27
238782 -40 23.87 27.27
241390 -40 23.87 27.27
237807 -40 23.87 27.27
239713 -40 23.87 27.27
241058 -40 23.87 27.27
242755 -40 23.87 27.27
240333 -40 23.87 27.27
242882 -40 23.87 27.27
246518 -40 23.87 27.27
243627 -40 23.87 27.27
238248 -40 23.87 27.27
241490 -40 23.87 27.27
240520 -40 23.87 27.27
242435 -40 23.87 27.27
240141 -40 23.87 27.27
240669 -40 23.87 27.27
245037 -40 23.87 27.27
240033 -40 23.87 27.27
243061 -40 23.87 27.27
242612 -40 23.87 27.27
239437 -40 23.87 27.27
135760 -40 18.95 7.29
135643 -40 18.95 7.29
133622 -40 18.95 7.29
133570 -40 18.95 7.29
134305 -40 18.95 7.29
136877 -40 18.95 7.29
128936 -40 18.95 7.29
136667 -40 18.95 7.29
137867 -40 18.95 7.29
135336 -40 18.95 7.29
137895 -40 18.95 7.29
131531 -40 18.95 7.29
135670 -40 18.95 7.29
135102 -40 18.95 7.29
141322 -40 18.95 7.29
131785 -40 18.95 7.29
138635 -40 18.95 7.29
133681 -40 18.95 7.29
131654 -40 18.95 7.29
136600 -40 18.95 7.29
134626 -40 18.95 7.29
136375 -40 18.95 7.29
131172 -40 18.95 7.29
134765 -40 18.95 7.29
136323 -40 18.95 7.29
133206 -40 18.95 7.29
137111 -40 18.95 7.29
136981 -40 18.95 7.29
133332 -40 18.95 7.29
136836 -40 18.95 7.29
134020 -40 18.95 7.29
132486 -40 18.95 7.29
132069 -40 18.95 7.29
134294 -40 18.95 7.29
137825 -40 18.95 7.29
136834 -40 18.95 7.29
137212 -40 18.95 7.29
136975 -40 18.95 7.29
132789 -40 18.95 7.29
193797 -40 -27.85 8.42
189910 -40 -27.85 8.42
196999 -40 -27.85 8.42
194421 -40 -27.85 8.42
195387 -40 -27.85 8.42
193503 -40 -27.85 8.42
198277 -40 -27.85 8.42
192057 -40 -27.85 8.42
193784 -40 -27.85 8.42
192399 -40 -27.85 8.42
194213 -40 -27.85 8.42
195294 -40 -27.85 8.42
196794 -40 -27.85 8.42
195413 -40 -27.85 8.42
194586 -40 -27.85 8.42
194250 -40 -27.85 8.42
195499 -40 -27.85 8.42
195849 -40 -27.85 8.42
192492 -40 -27.85 8.42
193505 -40 -27.85 8.42
195320 -40 -27.85 8.42
191677 -40 -27.85 8.42
193268 -40 -27.85 8.42
194136 -40 -27.85 8.42
191339 -40 -27.85 8.42
194561 -40 -27.85 8.42
192936 -40 -27.85 8.42
198394 -40 -27.85 8.42
198568 -40 -27.85 8.42
193068 -40 -27.85 8.42
195730 -40 -27.85 8.42
197585 -40 -27.85 8.42
191443 -40 -27.85 8.42
195583 -40 -27.85 8.42
193229 -40 -27.85 8.42
194649 -40 -27.85 8.42
196739 -40 -27.85 8.42
191949 -40 -27.85 8.42
194351 -40 -27.85 8.42
196253 -40 11.51 27.03
198837 -40 11.51 27.03
192783 -40 11.51 27.03
197947 -40 11.51 27.03
195692 -40 11.51 27.03
195459 -40 11.51 27.03
197331 -40 11.51 27.03
193103 -40 11.51 27.03
201033 -40 11.51 27.03
195793 -40 11.51 27.03
198474 -40 11.51 27.03
198307 -40 11.51 27.03
200645 -40 11.51 27.03
203350 -40 11.51 27.03
196645 -40 11.51 27.03
190585 -40 11.51 27.03
197932 -40 11.51 27.03
195406 -40 11.51 27.03
195265 -40 11.51 27.03
193240 -40 11.51 27.03
198495 -40 11.51 27.03
198152 -40 11.51 27.03
194621 -40 11.51 27.03
195279 -40 11.51 27.03
198886 -40 11.51 27.03
192754 -40 11.51 27.03
196723 -40 11.51 27.03
199031 -40 11.51 27.03
197841 -40 11.51 27.03
198285 -40 11.51 27.03
198785 -40 11.51 27.03
196376 -40 11.51 27.03
197831 -40 11.51 27.03
195320 -40 11.51 27.03
193299 -40 11.51 27.03
197346 -40 11.51 27.03
194793 -40 11.51 27.03
195985 -40 11.51 27.03
198111 -40 11.51 27.03
88279 -40 -7.28 10.37
85766 -40 -7.28 10.37
83405 -40 -7.28 10.37
81893 -40 -7.28 10.37
84401 -40 -7.28 10.37
85304 -40 -7.28 10.37
80206 -40 -7.28 10.37
85513 -40 -7.28 10.37
80431 -40 -7.28 10.37
82838 -40 -7.28 10.37
84653 -40 -7.28 10.37
83417 -40 -7.28 10.37
81533 -40 -7.28 10.37
84452 -40 -7.28 10.37
80095 -40 -7.28 10.37
82309 -40 -7.28 10.37
81357 -40 -7.28 10.37
81948 -40 -7.28 10.37
86709 -40 -7.28 10.37
82180 -40 -7.28 10.37
77459 -40 -7.28 10.37
84411 -40 -7.28 10.37
85979 -40 -7.28 10.37
86942 -40 -7.28 10.37
84029 -40 -7.28 10.37
86668 -40 -7.28 10.37
90392 -40 -7.28 10.37
87177 -40 -7.28 10.37
85195 -40 -7.28 10.37
81033 -40 -7.28 10.37
81976 -40 -7.28 10.37
85326 -40 -7.28 10.37
87112 -40 -7.28 10.37
82935 -40 -7.28 10.37
81342 -40 -7.28 10.37
82945 -40 -7.28 10.37
85120 -40 -7.28 10.37
80626 -40 -7.28 10.37
74230 -40 -7.28 10.37
178921 -40 1.11 -27.53
182351 -40 1.11 -27.53
187469 -40 1.11 -27.53
185991 -40 1.11 -27.53
183327 -40 1.11 -27.53
179830 -40 1.11 -27.53
184194 -40 1.11 -27.53
182574 -40 1.11 -27.53
186191 -40 1.11 -27.53
190081 -40 1.11 -27.53
185225 -40 1.11 -27.53
189068 -40 1.11 -27.53
187318 -40 1.11 -27.53
183025 -40 1.11 -27.53
189460 -40 1.11 -27.53
185561 -40 1.11 -27.53
180416 -40 1.11 -27.53
188443 -40 1.11 -27.53
182267 -40 1.11 -27.53
180311 -40 1.11 -27.53
186191 -40 1.11 -27.53
182277 -40 1.11 -27.53
182871 -40 1.11 -27.53
181863 -40 1.11 -27.53
182234 -40 1.11 -27.53
183864 -40 1.11 -27.53
184680 -40 1.11 -27.53
180860 -40 1.11 -27.53
183644 -40 1.11 -27.53
189226 -40 1.11 -27.53
181326 -40 1.11 -27.53
179368 -40 1.11 -27.53
180879 -40 1.11 -27.53
184099 -40 1.11 -27.53
179505 -40 1.11 -27.53
182017 -40 1.11 -27.53
183906 -40 1.11 -27.53
185531 -40 1.11 -27.53
188889 -40 1.11 -27.53
150881 -40 9.48 20.5
149260 -40 9.48 20.5
149589 -40 9.48 20.5
151182 -40 9.48 20.5
149355 -40 9.48 20.5
153813 -40 9.48 20.5
153278 -40 9.48 20.5
152224 -40 9.48 20.5
154184 -40 9.48 20.5
150572 -40 9.48 20.5
151711 -40 9.48 20.5
151721 -40 9.48 20.5
150643 -40 9.48 20.5
149882 -40 9.48 20.5
145381 -40 9.48 20.5
153214 -40 9.48 20.5
149074 -40 9.48 20.5
151734 -40 9.48 20.5
151281 -40 9.48 20.5
153514 -40 9.48 20.5
149745 -40 9.48 20.5
147374 -40 9.48 20.5
146890 -40 9.48 20.5
154047 -40 9.48 20.5
147867 -40 9.48 20.5
155892 -40 9.48 20.5
151554 -40 9.48 20.5
149822 -40 9.48 20.5
153678 -40 9.48 20.5
150381 -40 9.48 20.5
151829 -40 9.48 20.5
146758 -40 9.48 20.5
148515 -40 9.48 20.5
148213 -40 9.48 20.5
157374 -40 9.48 20.5
149078 -40 9.48 20.5
148632 -40 9.48 20.5
154102 -40 9.48 20.5
151777 -40 9.48 20.5
178746 -40 -18.37 19
175776 -40 -18.37 19
174618 -40 -18.37 19
176436 -40 -18.37 19
176638 -40 -18.37 19
171483 -40 -18.37 19
174753 -40 -18.37 19
176791 -40 -18.37 19
177995 -40 -18.37 19
177110 -40 -18.37 19
172580 -40 -18.37 19
172198 -40 -18.37 19
175095 -40 -18.37 19
172192 -40 -18.37 19
171902 -40 -18.37 19
182531 -40 -18.37 19
177116 -40 -18.37 19
178050 -40 -18.37 19
180988 -40 -18.37 19
178072 -40 -18.37 19
178189 -40 -18.37 19
172536 -40 -18.37 19
177308 -40 -18.37 19
173509 -40 -18.37 19
170304 -40 -18.37 19
174485 -40 -18.37 19
174171 -40 -18.37 19
175023 -40 -18.37 19
172307 -40 -18.37 19
176674 -40 -18.37 19
176035 -40 -18.37 19
176234 -40 -18.37 19
177629 -40 -18.37 19
173276 -40 -18.37 19
177705 -40 -18.37 19
178828 -40 -18.37 19
172478 -40 -18.37 19
174110 -40 -18.37 19
179691 -40 -18.37 19
137538 -40 -13.66 16.95
143923 -40 -13.66 16.95
147033 -40 -13.66 16.95
143376 -40 -13.66 16.95
145652 -40 -13.66 16.95
142517 -40 -13.66 16.95
145596 -40 -13.66 16.95
146450 -40 -13.66 16.95
146217 -40 -13.66 16.95
145702 -40 -13.66 16.95
143954 -40 -13.66 16.95
147285 -40 -13.66 16.95
144174 -40 -13.66 16.95
145022 -40 -13.66 16.95
144364 -40 -13.66 16.95
140632 -40 -13.66 16.95
144604 -40 -13.66 16.95
143426 -40 -13.66 16.95
142617 -40 -13.66 16.95
145936 -40 -13.66 16.95
148142 -40 -13.66 16.95
143499 -40 -13.66 16.95
145667 -40 -13.66 16.95
143275 -40 -13.66 16.95
145174 -40 -13.66 16.95
144644 -40 -13.66 16.95
145074 -40 -13.66 16.95
145576 -40 -13.66 16.95
141839 -40 -13.66 16.95
142125 -40 -13.66 16.95
146097 -40 -13.66 16.95
142437 -40 -13.66 16.95
139627 -40 -13.66 16.95
144308 -40 -13.66 16.95
148612 -40 -13.66 16.95
145427 -40 -13.66 16.95
142891 -40 -13.66 16.95
148448 -40 -13.66 16.95
145335 -40 -13.66 16.95
