#rtt sig_str x y
217629 -40 -27.08 17.96
218111 -40 -27.08 17.96
217299 -40 -27.08 17.96
223595 -40 -27.08 17.96
215994 -40 -27.08 17.96
218467 -40 -27.08 17.96
218868 -40 -27.08 17.96
218549 -40 -27.08 17.96
214365 -40 -27.08 17.96
218029 -40 -27.08 17.96
219237 -40 -27.08 17.96
216008 -40 -27.08 17.96
216303 -40 -27.08 17.96
213546 -40 -27.08 17.96
211755 -40 -27.08 17.96
218151 -40 -27.08 17.96
215620 -40 -27.08 17.96
214678 -40 -27.08 17.96
221887 -40 -27.08 17.96
217284 -40 -27.08 17.96
215863 -40 -27.08 17.96
216698 -40 -27.08 17.96
215872 -40 -27.08 17.96
217913 -40 -27.08 17.96
220529 -40 -27.08 17.96
218336 -40 -27.08 17.96
213470 -40 -27.08 17.96
217085 -40 -27.08 17.96
217816 -40 -27.08 17.96
218075 -40 -27.08 17.96
217668 -40 -27.08 17.96
212382 -40 -27.08 17.96
217730 -40 -27.08 17.96
213865 -40 -27.08 17.96
220532 -40 -27.08 17.96
214230 -40 -27.08 17.96
217780 -40 -27.08 17.96
216449 -40 -27.08 17.96
215161 -40 -27.08 17.96
112022 -40 -12.66 10.79
112978 -40 -12.66 10.79
107508 -40 -12.66 10.79
109808 -40 -12.66 10.79
113619 -40 -12.66 10.79
107948 -40 -12.66 10.79
111077 -40 -12.66 10.79
112704 -40 -12.66 10.79
113943 -40 -12.66 10.79
112924 -40 -12.66 10.79
110077 -40 -12.66 10.79
112089 -40 -12.66 10.79
109768 -40 -12.66 10.79
113259 -40 -12.66 10.79
113849 -40 -12.66 10.79
107121 -40 -12.66 10.79
112146 -40 -12.66 10.79
108307 -40 -12.66 10.79
111567 -40 -12.66 10.79
107994 -40 -12.66 10.79
110428 -40 -12.66 10.79
113434 -40 -12.66 10.79
111556 -40 -12.66 10.79
110747 -40 -12.66 10.79
115658 -40 -12.66 10.79
112620 -40 -12.66 10.79
111581 -40 -12.66 10.79
110262 -40 -12.66 10.79
108053 -40 -12.66 10.79
107937 -40 -12.66 10.79
109719 -40 -12.66 10.79
114094 -40 -12.66 10.79
111792 -40 -12.66 10.79
111183 -40 -12.66 10.79
110078 -40 -12.66 10.79
105321 -40 -12.66 10.79
114009 -40 -12.66 10.79
112003 -40 -12.66 10.79
109920 -40 -12.66 10.79
203903 -40 13.26 -27.84
207032 -40 13.26 -27.84
202561 -40 13.26 -27.84
204188 -40 13.26 -27.84
211809 -40 13.26 -27.84
202586 -40 13.26 -27.84
209312 -40 13.26 -27.84
206618 -40 13.26 -27.84
201905 -40 13.26 -27.84
209037 -40 13.26 -27.84
201477 -40 13.26 -27.84
205568 -40 13.26 -27.84
210778 -40 13.26 -27.84
206047 -40 13.26 -27.84
205304 -40 13.26 -27.84
203797 -40 13.26 -27.84
208585 -40 13.26 -27.84
202644 -40 13.26 -27.84
207673 -40 13.26 -27.84
206019 -40 13.26 -27.84
206379 -40 13.26 -27.84
206268 -40 13.26 -27.84
209053 -40 13.26 -27.84
203098 -40 13.26 -27.84
206403 -40 13.26 -27.84
205312 -40 13.26 -27.84
208139 -40 13.26 -27.84
205505 -40 13.26 -27.84
206588 -40 13.26 -27.84
203637 -40 13.26 -27.84
206691 -40 13.26 -27.84
206710 -40 13.26 -27.84
208246 -40 13.26 -27.84
209413 -40 13.26 -27.84
202711 -40 13.26 -27.84
204185 -40 13.26 -27.84
209019 -40 13.26 -27.84
208101 -40 13.26 -27.84
205300 -40 13.26 -27.84
263975 -40 -28.71 27.1
262785 -40 -28.71 27.1
258241 -40 -28.71 27.1
256656 -40 -28.71 27.1
265312 -40 -28.71 27.1
265265 -40 -28.71 27.1
263202 -40 -28.71 27.1
264268 -40 -28.71 27.1
260294 -40 -28.71 27.1
261359 -40 -28.71 27.1
262215 -40 -28.71 27.1
261948 -40 -28.71 27.1
258240 -40 -28.71 27.1
263296 -40 -28.71 27.1
262180 -40 -28.71 27.1
261560 -40 -28.71 27.1
264505 -40 -28.71 27.1
264894 -40 -28.71 27.1
265923 -40 -28.71 27.1
261711 -40 -28.71 27.1
259597 -40 -28.71 27.1
259311 -40 -28.71 27.1
265291 -40 -28.71 27.1
266064 -40 -28.71 27.1
264943 -40 -28.71 27.1
259444 -40 -28.71 27.1
262438 -40 -28.71 27.1
261731 -40 -28.71 27.1
264975 -40 -28.71 27.1
258094 -40 -28.71 27.1
264618 -40 -28.71 27.1
265049 -40 -28.71 27.1
263551 -40 -28.71 27.1
263673 -40 -28.71 27.1
263026 -40 -28.71 27.1
265448 -40 -28.71 27.1
259698 -40 -28.71 27.1
262947 -40 -28.71 27.1
256883 -40 -28.71 27.1
147353 -40 -17.65 11.86
143591 -40 -17.65 11.86
141955 -40 -17.65 11.86
140503 -40 -17.65 11.86
142612 -40 -17.65 11.86
146431 -40 -17.65 11.86
143533 -40 -17.65 11.86
145145 -40 -17.65 11.86
142700 -40 -17.65 11.86
145006 -40 -17.65 11.86
144309 -40 -17.65 11.86
142970 -40 -17.65 11.86
138292 -40 -17.65 11.86
142487 -40 -17.65 11.86
146370 -40 -17.65 11.86
141711 -40 -17.65 11.86
138923 -40 -17.65 11.86
141089 -40 -17.65 11.86
141055 -40 -17.65 11.86
141897 -40 -17.65 11.86
140138 -40 -17.65 11.86
140505 -40 -17.65 11.86
144041 -40 -17.65 11.86
141455 -40 -17.65 11.86
148024 -40 -17.65 11.86
138116 -40 -17.65 11.86
144856 -40 -17.65 11.86
143407 -40 -17.65 11.86
138142 -40 -17.65 11.86
141094 -40 -17.65 11.86
138359 -40 -17.65 11.86
138787 -40 -17.65 11.86
146449 -40 -17.65 11.86
143360 -40 -17.65 11.86
143732 -40 -17.65 11.86
141365 -40 -17.65 11.86
142669 -40 -17.65 11.86
147509 -40 -17.65 11.86
141430 -40 -17.65 11.86
224416 -40 -26.96 -20.59
223119 -40 -26.96 -20.59
222524 -40 -26.96 -20.59
228652 -40 -26.96 -20.59
227078 -40 -26.96 -20.59
226079 -40 -26.96 -20.59
226742 -40 -26.96 -20.59
220223 -40 -26.96 -20.59
227710 -40 -26.96 -20.59
228879 -40 -26.96 -20.59
225148 -40 -26.96 -20.59
226771 -40 -26.96 -20.59
228586 -40 -26.96 -20.59
224643 -40 -26.96 -20.59
222774 -40 -26.96 -20.59
225355 -40 -26.96 -20.59
227415 -40 -26.96 -20.59
230911 -40 -26.96 -20.59
230451 -40 -26.96 -20.59
228055 -40 -26.96 -20.59
227386 -40 -26.96 -20.59
221365 -40 -26.96 -20.59
224242 -40 -26.96 -20.59
223645 -40 -26.96 -20.59
230701 -40 -26.96 -20.59
228939 -40 -26.96 -20.59
229379 -40 -26.96 -20.59
224287 -40 -26.96 -20.59
225218 -40 -26.96 -20.59
233651 -40 -26.96 -20.59
227268 -40 -26.96 -20.59
226996 -40 -26.96 -20.59
222128 -40 -26.96 -20.59
229140 -40 -26.96 -20.59
225990 -40 -26.96 -20.59
225686 -40 -26.96 -20.59
230018 -40 -26.96 -20.59
224524 -40 -26.96 -20.59
224215 -40 -26.96 -20.59
161501 -40 -11.87 20.77
162150 -40 -11.87 20.77
162246 -40 -11.87 20.77
158375 -40 -11.87 20.77
161370 -40 -11.87 20.77
162607 -40 -11.87 20.77
159409 -40 -11.87 20.77
160231 -40 -11.87 20.77
161292 -40 -11.87 20.77
159992 -40 -11.87 20.77
160340 -40 -11.87 20.77
159903 -40 -11.87 20.77
160772 -40 -11.87 20.77
157566 -40 -11.87 20.77
162649 -40 -11.87 20.77
162505 -40 -11.87 20.77
159549 -40 -11.87 20.77
161413 -40 -11.87 20.77
159021 -40 -11.87 20.77
165393 -40 -11.87 20.77
163603 -40 -11.87 20.77
157073 -40 -11.87 20.77
155289 -40 -11.87 20.77
161132 -40 -11.87 20.77
163594 -40 -11.87 20.77
165270 -40 -11.87 20.77
158663 -40 -11.87 20.77
160558 -40 -11.87 20.77
161185 -40 -11.87 20.77
161326 -40 -11.87 20.77
158898 -40 -11.87 20.77
160530 -40 -11.87 20.77
158694 -40 -11.87 20.77
156046 -40 -11.87 20.77
161676 -40 -11.87 20.77
159664 -40 -11.87 20.77
155986 -40 -11.87 20.77
159253 -40 -11.87 20.77
158058 -40 -11.87 20.77
93239 -40 9.84 -9.58
95856 -40 9.84 -9.58
88157 -40 9.84 -9.58
92460 -40 9.84 -9.58
89238 -40 9.84 -9.58
92384 -40 9.84 -9.58
89927 -40 9.84 -9.58
93579 -40 9.84 -9.58
86086 -40 9.84 -9.58
90772 -40 9.84 -9.58
90076 -40 9.84 -9.58
89359 -40 9.84 -9.58
87640 -40 9.84 -9.58
94564 -40 9.84 -9.58
91557 -40 9.84 -9.58
90111 -40 9.84 -9.58
91205 -40 9.84 -9.58
94061 -40 9.84 -9.58
95760 -40 9.84 -9.58
90043 -40 9.84 -9.58
91523 -40 9.84 -9.58
90707 -40 9.84 -9.58
91857 -40 9.84 -9.58
92331 -40 9.84 -9.58
93257 -40 9.84 -9.58
94492 -40 9.84 -9.58
89838 -40 9.84 -9.58
87848 -40 9.84 -9.58
87803 -40 9.84 -9.58
91139 -40 9.84 -9.58
91127 -40 9.84 -9.58
86836 -40 9.84 -9.58
91483 -40 9.84 -9.58
92092 -40 9.84 -9.58
90032 -40 9.84 -9.58
92180 -40 9.84 -9.58
87609 -40 9.84 -9.58
92863 -40 9.84 -9.58
89142 -40 9.84 -9.58
148877 -40 -11.52 19.46
150786 -40 -11.52 19.46
149218 -40 -11.52 19.46
149850 -40 -11.52 19.46
151299 -40 -11.52 19.46
150259 -40 -11.52 19.46
154330 -40 -11.52 19.46
152724 -40 -11.52 19.46
148980 -40 -11.52 19.46
148302 -40 -11.52 19.46
152737 -40 -11.52 19.46
154294 -40 -11.52 19.46
149307 -40 -11.52 19.46
149794 -40 -11.52 19.46
145800 -40 -11.52 19.46
150895 -40 -11.52 19.46
148460 -40 -11.52 19.46
148513 -40 -11.52 19.46
151279 -40 -11.52 19.46
147090 -40 -11.52 19.46
155142 -40 -11.52 19.46
148907 -40 -11.52 19.46
148922 -40 -11.52 19.46
152116 -40 -11.52 19.46
148819 -40 -11.52 19.46
146208 -40 -11.52 19.46
153623 -40 -11.52 19.46
148100 -40 -11.52 19.46
144746 -40 -11.52 19.46
148610 -40 -11.52 19.46
149957 -40 -11.52 19.46
154086 -40 -11.52 19.46
153665 -40 -11.52 19.46
149777 -40 -11.52 19.46
150381 -40 -11.52 19.46
152477 -40 -11.52 19.46
153729 -40 -11.52 19.46
150412 -40 -11.52 19.46
153355 -40 -11.52 19.46
134353 -40 5.02 -19.52
135536 -40 5.02 -19.52
131028 -40 5.02 -19.52
131836 -40 5.02 -19.52
137728 -40 5.02 -19.52
135594 -40 5.02 -19.52
135399 -40 5.02 -19.52
132602 -40 5.02 -19.52
134262 -40 5.02 -19.52
131305 -40 5.02 -19.52
133784 -40 5.02 -19.52
131729 -40 5.02 -19.52
139231 -40 5.02 -19.52
132735 -40 5.02 -19.52
134737 -40 5.02 -19.52
137423 -40 5.02 -19.52
135691 -40 5.02 -19.52
139494 -40 5.02 -19.52
135115 -40 5.02 -19.52
130750 -40 5.02 -19.52
133497 -40 5.02 -19.52
137294 -40 5.02 -19.52
139613 -40 5.02 -19.52
133926 -40 5.02 -19.52
131180 -40 5.02 -19.52
135085 -40 5.02 -19.52
131091 -40 5.02 -19.52
131464 -40 5.02 -19.52
136133 -40 5.02 -19.52
133972 -40 5.02 -19.52
134616 -40 5.02 -19.52
133611 -40 5.02 -19.52
136392 -40 5.02 -19.52
135328 -40 5.02 -19.52
132435 -40 5.02 -19.52
133092 -40 5.02 -19.52
134854 -40 5.02 -19.52
134235 -40 5.02 -19.52
139889 -40 5.02 -19.52
