#rtt sig_str x y
147277 -40 -17.5 12.12
140701 -40 -17.5 12.12
142825 -40 -17.5 12.12
145393 -40 -17.5 12.12
143808 -40 -17.5 12.12
145567 -40 -17.5 12.12
143721 -40 -17.5 12.12
140162 -40 -17.5 12.12
143285 -40 -17.5 12.12
135209 -40 -17.5 12.12
145585 -40 -17.5 12.12
137562 -40 -17.5 12.12
140618 -40 -17.5 12.12
144303 -40 -17.5 12.12
140351 -40 -17.5 12.12
144857 -40 -17.5 12.12
137013 -40 -17.5 12.12
139008 -40 -17.5 12.12
143187 -40 -17.5 12.12
142852 -40 -17.5 12.12
143042 -40 -17.5 12.12
139676 -40 -17.5 12.12
139729 -40 -17.5 12.12
145275 -40 -17.5 12.12
143707 -40 -17.5 12.12
144186 -40 -17.5 12.12
145209 -40 -17.5 12.12
145074 -40 -17.5 12.12
144491 -40 -17.5 12.12
136950 -40 -17.5 12.12
143513 -40 -17.5 12.12
140249 -40 -17.5 12.12
144755 -40 -17.5 12.12
140795 -40 -17.5 12.12
142960 -40 -17.5 12.12
139549 -40 -17.5 12.12
137335 -40 -17.5 12.12
140037 -40 -17.5 12.12
143743 -40 -17.5 12.12
88073 -40 -1.1 13.83
94412 -40 -1.1 13.83
90076 -40 -1.1 13.83
96452 -40 -1.1 13.83
94648 -40 -1.1 13.83
93165 -40 -1.1 13.83
92470 -40 -1.1 13.83
93696 -40 -1.1 13.83
92620 -40 -1.1 13.83
91823 -40 -1.1 13.83
90404 -40 -1.1 13.83
91928 -40 -1.1 13.83
93997 -40 -1.1 13.83
87577 -40 -1.1 13.83
97520 -40 -1.1 13.83
90281 -40 -1.1 13.83
96541 -40 -1.1 13.83
89988 -40 -1.1 13.83
93211 -40 -1.1 13.83
95335 -40 -1.1 13.83
94225 -40 -1.1 13.83
91395 -40 -1.1 13.83
87913 -40 -1.1 13.83
91637 -40 -1.1 13.83
93120 -40 -1.1 13.83
95642 -40 -1.1 13.83
89092 -40 -1.1 13.83
90026 -40 -1.1 13.83
95094 -40 -1.1 13.83
97567 -40 -1.1 13.83
92109 -40 -1.1 13.83
93097 -40 -1.1 13.83
89838 -40 -1.1 13.83
96690 -40 -1.1 13.83
90583 -40 -1.1 13.83
91610 -40 -1.1 13.83
91018 -40 -1.1 13.83
99535 -40 -1.1 13.83
94540 -40 -1.1 13.83
62596 -40 -4.77 8.25
60991 -40 -4.77 8.25
61179 -40 -4.77 8.25
64535 -40 -4.77 8.25
64759 -40 -4.77 8.25
64661 -40 -4.77 8.25
64282 -40 -4.77 8.25
62688 -40 -4.77 8.25
65413 -40 -4.77 8.25
61762 -40 -4.77 8.25
61574 -40 -4.77 8.25
62031 -40 -4.77 8.25
65960 -40 -4.77 8.25
62006 -40 -4.77 8.25
56749 -40 -4.77 8.25
63015 -40 -4.77 8.25
67959 -40 -4.77 8.25
59933 -40 -4.77 8.25
64126 -40 -4.77 8.25
64455 -40 -4.77 8.25
60689 -40 -4.77 8.25
67439 -40 -4.77 8.25
67211 -40 -4.77 8.25
61674 -40 -4.77 8.25
62648 -40 -4.77 8.25
62428 -40 -4.77 8.25
68334 -40 -4.77 8.25
67315 -40 -4.77 8.25
68560 -40 -4.77 8.25
65586 -40 -4.77 8.25
67498 -40 -4.77 8.25
62213 -40 -4.77 8.25
60481 -40 -4.77 8.25
61587 -40 -4.77 8.25
65185 -40 -4.77 8.25
68306 -40 -4.77 8.25
64577 -40 -4.77 8.25
61244 -40 -4.77 8.25
61405 -40 -4.77 8.25
183913 -40 21.55 16.8
180214 -40 21.55 16.8
181960 -40 21.55 16.8
183079 -40 21.55 16.8
182840 -40 21.55 16.8
185004 -40 21.55 16.8
183726 -40 21.55 16.8
179273 -40 21.55 16.8
182787 -40 21.55 16.8
184277 -40 21.55 16.8
185444 -40 21.55 16.8
181335 -40 21.55 16.8
177467 -40 21.55 16.8
184967 -40 21.55 16.8
180625 -40 21.55 16.8
184666 -40 21.55 16.8
185612 -40 21.55 16.8
188555 -40 21.55 16.8
182870 -40 21.55 16.8
181327 -40 21.55 16.8
179843 -40 21.55 16.8
181483 -40 21.55 16.8
182517 -40 21.55 16.8
181139 -40 21.55 16.8
181337 -40 21.55 16.8
179154 -40 21.55 16.8
180723 -40 21.55 16.8
185708 -40 21.55 16.8
176701 -40 21.55 16.8
182495 -40 21.55 16.8
189889 -40 21.55 16.8
183403 -40 21.55 16.8
181637 -40 21.55 16.8
184899 -40 21.55 16.8
180100 -40 21.55 16.8
182003 -40 21.55 16.8
178869 -40 21.55 16.8
181673 -40 21.55 16.8
180205 -40 21.55 16.8
193267 -40 -19.73 20.81
188786 -40 -19.73 20.81
194007 -40 -19.73 20.81
194912 -40 -19.73 20.81
187128 -40 -19.73 20.81
193624 -40 -19.73 20.81
194616 -40 -19.73 20.81
191972 -40 -19.73 20.81
195830 -40 -19.73 20.81
184803 -40 -19.73 20.81
187843 -40 -19.73 20.81
189205 -40 -19.73 20.81
189955 -40 -19.73 20.81
188403 -40 -19.73 20.81
194604 -40 -19.73 20.81
190607 -40 -19.73 20.81
190992 -40 -19.73 20.81
188684 -40 -19.73 20.81
190004 -40 -19.73 20.81
189998 -40 -19.73 20.81
196350 -40 -19.73 20.81
191441 -40 -19.73 20.81
193841 -40 -19.73 20.81
190706 -40 -19.73 20.81
191512 -40 -19.73 20.81
195611 -40 -19.73 20.81
188245 -40 -19.73 20.81
190914 -40 -19.73 20.81
188818 -40 -19.73 20.81
184608 -40 -19.73 20.81
193842 -40 -19.73 20.81
191513 -40 -19.73 20.81
188924 -40 -19.73 20.81
194895 -40 -19.73 20.81
191952 -40 -19.73 20.81
190056 -40 -19.73 20.81
191527 -40 -19.73 20.81
191134 -40 -19.73 20.81
192519 -40 -19.73 20.81
172958 -40 -9.67 23.6
174538 -40 -9.67 23.6
172197 -40 -9.67 23.6
169317 -40 -9.67 23.6
172938 -40 -9.67 23.6
173658 -40 -9.67 23.6
171394 -40 -9.67 23.6
169257 -40 -9.67 23.6
166494 -40 -9.67 23.6
170958 -40 -9.67 23.6
171513 -40 -9.67 23.6
173357 -40 -9.67 23.6
168652 -40 -9.67 23.6
164488 -40 -9.67 23.6
170446 -40 -9.67 23.6
168732 -40 -9.67 23.6
173712 -40 -9.67 23.6
170255 -40 -9.67 23.6
171115 -40 -9.67 23.6
169147 -40 -9.67 23.6
173357 -40 -9.67 23.6
169741 -40 -9.67 23.6
165357 -40 -9.67 23.6
170761 -40 -9.67 23.6
167017 -40 -9.67 23.6
169915 -40 -9.67 23.6
169170 -40 -9.67 23.6
170590 -40 -9.67 23.6
172231 -40 -9.67 23.6
168499 -40 -9.67 23.6
170134 -40 -9.67 23.6
167170 -40 -9.67 23.6
171862 -40 -9.67 23.6
172448 -40 -9.67 23.6
169672 -40 -9.67 23.6
170873 -40 -9.67 23.6
170654 -40 -9.67 23.6
170651 -40 -9.67 23.6
165918 -40 -9.67 23.6
137903 -40 -13.77 -15.92
138158 -40 -13.77 -15.92
139867 -40 -13.77 -15.92
143188 -40 -13.77 -15.92
138194 -40 -13.77 -15.92
138970 -40 -13.77 -15.92
139503 -40 -13.77 -15.92
138509 -40 -13.77 -15.92
143165 -40 -13.77 -15.92
141786 -40 -13.77 -15.92
139461 -40 -13.77 -15.92
138611 -40 -13.77 -15.92
138724 -40 -13.77 -15.92
136234 -40 -13.77 -15.92
142968 -40 -13.77 -15.92
145179 -40 -13.77 -15.92
137145 -40 -13.77 -15.92
137535 -40 -13.77 -15.92
139926 -40 -13.77 -15.92
139398 -40 -13.77 -15.92
140748 -40 -13.77 -15.92
140802 -40 -13.77 -15.92
141974 -40 -13.77 -15.92
139362 -40 -13.77 -15.92
136781 -40 -13.77 -15.92
138897 -40 -13.77 -15.92
138686 -40 -13.77 -15.92
136823 -40 -13.77 -15.92
140292 -40 -13.77 -15.92
140854 -40 -13.77 -15.92
140097 -40 -13.77 -15.92
140535 -40 -13.77 -15.92
139612 -40 -13.77 -15.92
144447 -40 -13.77 -15.92
142406 -40 -13.77 -15.92
137897 -40 -13.77 -15.92
142302 -40 -13.77 -15.92
141047 -40 -13.77 -15.92
139077 -40 -13.77 -15.92
212409 -40 11.46 -29.32
209991 -40 11.46 -29.32
215971 -40 11.46 -29.32
211127 -40 11.46 -29.32
208398 -40 11.46 -29.32
215899 -40 11.46 -29.32
212831 -40 11.46 -29.32
214346 -40 11.46 -29.32
211507 -40 11.46 -29.32
207919 -40 11.46 -29.32
212403 -40 11.46 -29.32
214037 -40 11.46 -29.32
212627 -40 11.46 -29.32
212204 -40 11.46 -29.32
209583 -40 11.46 -29.32
210522 -40 11.46 -29.32
208041 -40 11.46 -29.32
209287 -40 11.46 -29.32
209764 -40 11.46 -29.32
205908 -40 11.46 -29.32
208436 -40 11.46 -29.32
209440 -40 11.46 -29.32
210113 -40 11.46 -29.32
209021 -40 11.46 -29.32
206590 -40 11.46 -29.32
211924 -40 11.46 -29.32
215476 -40 11.46 -29.32
210902 -40 11.46 -29.32
208281 -40 11.46 -29.32
212107 -40 11.46 -29.32
205691 -40 11.46 -29.32
206823 -40 11.46 -29.32
209741 -40 11.46 -29.32
215067 -40 11.46 -29.32
207055 -40 11.46 -29.32
211034 -40 11.46 -29.32
208909 -40 11.46 -29.32
206511 -40 11.46 -29.32
208747 -40 11.46 -29.32
115883 -40 -16.78 -2.16
111315 -40 -16.78 -2.16
112198 -40 -16.78 -2.16
111427 -40 -16.78 -2.16
112049 -40 -16.78 -2.16
114715 -40 -16.78 -2.16
113583 -40 -16.78 -2.16
111834 -40 -16.78 -2.16
118484 -40 -16.78 -2.16
112544 -40 -16.78 -2.16
115204 -40 -16.78 -2.16
114517 -40 -16.78 -2.16
109872 -40 -16.78 -2.16
113566 -40 -16.78 -2.16
105355 -40 -16.78 -2.16
113040 -40 -16.78 -2.16
112439 -40 -16.78 -2.16
108729 -40 -16.78 -2.16
113279 -40 -16.78 -2.16
113415 -40 -16.78 -2.16
112054 -40 -16.78 -2.16
110445 -40 -16.78 -2.16
109830 -40 -16.78 -2.16
111137 -40 -16.78 -2.16
111995 -40 -16.78 -2.16
111627 -40 -16.78 -2.16
113162 -40 -16.78 -2.16
110061 -40 -16.78 -2.16
109149 -40 -16.78 -2.16
113550 -40 -16.78 -2.16
111168 -40 -16.78 -2.16
117685 -40 -16.78 -2.16
113157 -40 -16.78 -2.16
111578 -40 -16.78 -2.16
115169 -40 -16.78 -2.16
116568 -40 -16.78 -2.16
112543 -40 -16.78 -2.16
113296 -40 -16.78 -2.16
112465 -40 -16.78 -2.16
166598 -40 18.72 18.14
168515 -40 18.72 18.14
172131 -40 18.72 18.14
176592 -40 18.72 18.14
168147 -40 18.72 18.14
172580 -40 18.72 18.14
174176 -40 18.72 18.14
174281 -40 18.72 18.14
172195 -40 18.72 18.14
174871 -40 18.72 18.14
170996 -40 18.72 18.14
171134 -40 18.72 18.14
172810 -40 18.72 18.14
172921 -40 18.72 18.14
178057 -40 18.72 18.14
172306 -40 18.72 18.14
170363 -40 18.72 18.14
177397 -40 18.72 18.14
174866 -40 18.72 18.14
177537 -40 18.72 18.14
176645 -40 18.72 18.14
175737 -40 18.72 18.14
175438 -40 18.72 18.14
173530 -40 18.72 18.14
177515 -40 18.72 18.14
173388 -40 18.72 18.14
177515 -40 18.72 18.14
176743 -40 18.72 18.14
171242 -40 18.72 18.14
174182 -40 18.72 18.14
173971 -40 18.72 18.14
172069 -40 18.72 18.14
175031 -40 18.72 18.14
171832 -40 18.72 18.14
169950 -40 18.72 18.14
174817 -40 18.72 18.14
169330 -40 18.72 18.14
173174 -40 18.72 18.14
175756 -40 18.72 18.14
