#rtt sig_str x y
68463 -40 1.04 10.15
66869 -40 1.04 10.15
68816 -40 1.04 10.15
67258 -40 1.04 10.15
63490 -40 1.04 10.15
69223 -40 1.04 10.15
72506 -40 1.04 10.15
68508 -40 1.04 10.15
69743 -40 1.04 10.15
73219 -40 1.04 10.15
67051 -40 1.04 10.15
67127 -40 1.04 10.15
69528 -40 1.04 10.15
69278 -40 1.04 10.15
69800 -40 1.04 10.15
70799 -40 1.04 10.15
66224 -40 1.04 10.15
66941 -40 1.04 10.15
70611 -40 1.04 10.15
69230 -40 1.04 10.15
68345 -40 1.04 10.15
65376 -40 1.04 10.15
68027 -40 1.04 10.15
67111 -40 1.04 10.15
66463 -40 1.04 10.15
68630 -40 1.04 10.15
65868 -40 1.04 10.15
67583 -40 1.04 10.15
72413 -40 1.04 10.15
65256 -40 1.04 10.15
67930 -40 1.04 10.15
66824 -40 1.04 10.15
70020 -40 1.04 10.15
63682 -40 1.04 10.15
66764 -40 1.04 10.15
67721 -40 1.04 10.15
69871 -40 1.04 10.15
66863 -40 1.04 10.15
63222 -40 1.04 10.15
218726 -40 26.82 -18.9
218175 -40 26.82 -18.9
221323 -40 26.82 -18.9
217277 -40 26.82 -18.9
218157 -40 26.82 -18.9
217251 -40 26.82 -18.9
217391 -40 26.82 -18.9
216915 -40 26.82 -18.9
216951 -40 26.82 -18.9
217253 -40 26.82 -18.9
221810 -40 26.82 -18.9
220666 -40 26.82 -18.9
220525 -40 26.82 -18.9
223025 -40 26.82 -18.9
222756 -40 26.82 -18.9
219614 -40 26.82 -18.9
216253 -40 26.82 -18.9
218468 -40 26.82 -18.9
220632 -40 26.82 -18.9
219530 -40 26.82 -18.9
221058 -40 26.82 -18.9
215856 -40 26.82 -18.9
218639 -40 26.82 -18.9
218074 -40 26.82 -18.9
216846 -40 26.82 -18.9
219423 -40 26.82 -18.9
215235 -40 26.82 -18.9
220153 -40 26.82 -18.9
219380 -40 26.82 -18.9
219987 -40 26.82 -18.9
220369 -40 26.82 -18.9
214450 -40 26.82 -18.9
216282 -40 26.82 -18.9
216620 -40 26.82 -18.9
222455 -40 26.82 -18.9
217607 -40 26.82 -18.9
221852 -40 26.82 -18.9
219925 -40 26.82 -18.9
218926 -40 26.82 -18.9
160010 -40 15.93 16.9
153958 -40 15.93 16.9
151748 -40 15.93 16.9
151410 -40 15.93 16.9
153913 -40 15.93 16.9
153462 -40 15.93 16.9
152261 -40 15.93 16.9
152884 -40 15.93 16.9
157099 -40 15.93 16.9
154307 -40 15.93 16.9
155532 -40 15.93 16.9
157580 -40 15.93 16.9
159959 -40 15.93 16.9
153309 -40 15.93 16.9
153284 -40 15.93 16.9
156877 -40 15.93 16.9
153229 -40 15.93 16.9
154715 -40 15.93 16.9
153567 -40 15.93 16.9
152915 -40 15.93 16.9
152017 -40 15.93 16.9
156951 -40 15.93 16.9
152255 -40 15.93 16.9
149271 -40 15.93 16.9
154606 -40 15.93 16.9
155873 -40 15.93 16.9
157210 -40 15.93 16.9
153664 -40 15.93 16.9
156305 -40 15.93 16.9
158506 -40 15.93 16.9
159961 -40 15.93 16.9
157017 -40 15.93 16.9
153723 -40 15.93 16.9
149919 -40 15.93 16.9
162550 -40 15.93 16.9
155105 -40 15.93 16.9
152934 -40 15.93 16.9
153184 -40 15.93 16.9
154644 -40 15.93 16.9
95116 -40 -13.06 4.44
90769 -40 -13.06 4.44
93390 -40 -13.06 4.44
94263 -40 -13.06 4.44
93238 -40 -13.06 4.44
94948 -40 -13.06 4.44
91733 -40 -13.06 4.44
92989 -40 -13.06 4.44
93632 -40 -13.06 4.44
90650 -40 -13.06 4.44
95646 -40 -13.06 4.44
93253 -40 -13.06 4.44
88796 -40 -13.06 4.44
89834 -40 -13.06 4.44
88172 -40 -13.06 4.44
86559 -40 -13.06 4.44
93777 -40 -13.06 4.44
94786 -40 -13.06 4.44
91046 -40 -13.06 4.44
94536 -40 -13.06 4.44
91466 -40 -13.06 4.44
93898 -40 -13.06 4.44
94388 -40 -13.06 4.44
92080 -40 -13.06 4.44
92512 -40 -13.06 4.44
91866 -40 -13.06 4.44
98629 -40 -13.06 4.44
91159 -40 -13.06 4.44
92712 -40 -13.06 4.44
89196 -40 -13.06 4.44
90521 -40 -13.06 4.44
95181 -40 -13.06 4.44
94684 -40 -13.06 4.44
94146 -40 -13.06 4.44
93713 -40 -13.06 4.44
89605 -40 -13.06 4.44
92024 -40 -13.06 4.44
95020 -40 -13.06 4.44
90853 -40 -13.06 4.44
117353 -40 -16.74 -3.49
110169 -40 -16.74 -3.49
116029 -40 -16.74 -3.49
116025 -40 -16.74 -3.49
117933 -40 -16.74 -3.49
110090 -40 -16.74 -3.49
112331 -40 -16.74 -3.49
110333 -40 -16.74 -3.49
117685 -40 -16.74 -3.49
114653 -40 -16.74 -3.49
115216 -40 -16.74 -3.49
118988 -40 -16.74 -3.49
114494 -40 -16.74 -3.49
115543 -40 -16.74 -3.49
114607 -40 -16.74 -3.49
115409 -40 -16.74 -3.49
112713 -40 -16.74 -3.49
109712 -40 -16.74 -3.49
112373 -40 -16.74 -3.49
114830 -40 -16.74 -3.49
116060 -40 -16.74 -3.49
114075 -40 -16.74 -3.49
108400 -40 -16.74 -3.49
115594 -40 -16.74 -3.49
114633 -40 -16.74 -3.49
111458 -40 -16.74 -3.49
114685 -40 -16.74 -3.49
114985 -40 -16.74 -3.49
108376 -40 -16.74 -3.49
116100 -40 -16.74 -3.49
116516 -40 -16.74 -3.49
109514 -40 -16.74 -3.49
114476 -40 -16.74 -3.49
113925 -40 -16.74 -3.49
113772 -40 -16.74 -3.49
108820 -40 -16.74 -3.49
115778 -40 -16.74 -3.49
111426 -40 -16.74 -3.49
113537 -40 -16.74 -3.49
146692 -40 11.18 -18.96
148690 -40 11.18 -18.96
145304 -40 11.18 -18.96
146878 -40 11.18 -18.96
145846 -40 11.18 -18.96
147212 -40 11.18 -18.96
150684 -40 11.18 -18.96
150671 -40 11.18 -18.96
146632 -40 11.18 -18.96
148649 -40 11.18 -18.96
148095 -40 11.18 -18.96
145337 -40 11.18 -18.96
145908 -40 11.18 -18.96
145604 -40 11.18 -18.96
150694 -40 11.18 -18.96
146578 -40 11.18 -18.96
152237 -40 11.18 -18.96
147102 -40 11.18 -18.96
151454 -40 11.18 -18.96
149062 -40 11.18 -18.96
148165 -40 11.18 -18.96
147314 -40 11.18 -18.96
146956 -40 11.18 -18.96
147806 -40 11.18 -18.96
151567 -40 11.18 -18.96
149414 -40 11.18 -18.96
147176 -40 11.18 -18.96
150392 -40 11.18 -18.96
147338 -40 11.18 -18.96
144853 -40 11.18 -18.96
147703 -40 11.18 -18.96
151623 -40 11.18 -18.96
143533 -40 11.18 -18.96
149570 -40 11.18 -18.96
145543 -40 11.18 -18.96
144774 -40 11.18 -18.96
145277 -40 11.18 -18.96
147551 -40 11.18 -18.96
146151 -40 11.18 -18.96
205232 -40 -19.97 -24.01
212085 -40 -19.97 -24.01
211315 -40 -19.97 -24.01
205086 -40 -19.97 -24.01
210192 -40 -19.97 -24.01
206778 -40 -19.97 -24.01
207801 -40 -19.97 -24.01
209724 -40 -19.97 -24.01
207918 -40 -19.97 -24.01
207749 -40 -19.97 -24.01
205322 -40 -19.97 -24.01
208314 -40 -19.97 -24.01
205123 -40 -19.97 -24.01
207440 -40 -19.97 -24.01
207739 -40 -19.97 -24.01
211615 -40 -19.97 -24.01
209582 -40 -19.97 -24.01
208492 -40 -19.97 -24.01
205713 -40 -19.97 -24.01
205563 -40 -19.97 -24.01
207736 -40 -19.97 -24.01
210348 -40 -19.97 -24.01
209563 -40 -19.97 -24.01
205462 -40 -19.97 -24.01
205842 -40 -19.97 -24.01
206848 -40 -19.97 -24.01
206918 -40 -19.97 -24.01
209304 -40 -19.97 -24.01
207237 -40 -19.97 -24.01
209125 -40 -19.97 -24.01
212719 -40 -19.97 -24.01
205205 -40 -19.97 -24.01
214278 -40 -19.97 -24.01
207850 -40 -19.97 -24.01
202554 -40 -19.97 -24.01
205245 -40 -19.97 -24.01
206366 -40 -19.97 -24.01
208194 -40 -19.97 -24.01
208119 -40 -19.97 -24.01
120564 -40 -6.45 -16.82
115525 -40 -6.45 -16.82
120114 -40 -6.45 -16.82
116849 -40 -6.45 -16.82
114397 -40 -6.45 -16.82
119481 -40 -6.45 -16.82
116411 -40 -6.45 -16.82
119159 -40 -6.45 -16.82
120015 -40 -6.45 -16.82
122824 -40 -6.45 -16.82
113110 -40 -6.45 -16.82
117183 -40 -6.45 -16.82
120094 -40 -6.45 -16.82
117517 -40 -6.45 -16.82
122292 -40 -6.45 -16.82
121373 -40 -6.45 -16.82
124476 -40 -6.45 -16.82
121788 -40 -6.45 -16.82
127431 -40 -6.45 -16.82
117714 -40 -6.45 -16.82
117266 -40 -6.45 -16.82
118360 -40 -6.45 -16.82
121220 -40 -6.45 -16.82
121177 -40 -6.45 -16.82
120367 -40 -6.45 -16.82
117450 -40 -6.45 -16.82
119378 -40 -6.45 -16.82
117666 -40 -6.45 -16.82
123565 -40 -6.45 -16.82
118268 -40 -6.45 -16.82
119059 -40 -6.45 -16.82
120070 -40 -6.45 -16.82
123112 -40 -6.45 -16.82
120833 -40 -6.45 -16.82
122865 -40 -6.45 -16.82
117146 -40 -6.45 -16.82
122949 -40 -6.45 -16.82
117058 -40 -6.45 -16.82
120367 -40 -6.45 -16.82
142782 -40 7.08 20
143893 -40 7.08 20
141719 -40 7.08 20
141270 -40 7.08 20
142463 -40 7.08 20
138861 -40 7.08 20
141399 -40 7.08 20
141544 -40 7.08 20
140695 -40 7.08 20
141274 -40 7.08 20
140320 -40 7.08 20
140920 -40 7.08 20
141063 -40 7.08 20
141355 -40 7.08 20
141913 -40 7.08 20
145352 -40 7.08 20
141133 -40 7.08 20
136717 -40 7.08 20
141326 -40 7.08 20
133836 -40 7.08 20
139380 -40 7.08 20
141725 -40 7.08 20
141357 -40 7.08 20
140095 -40 7.08 20
143702 -40 7.08 20
140271 -40 7.08 20
144218 -40 7.08 20
142148 -40 7.08 20
138346 -40 7.08 20
141544 -40 7.08 20
141212 -40 7.08 20
142164 -40 7.08 20
141814 -40 7.08 20
142046 -40 7.08 20
142715 -40 7.08 20
141894 -40 7.08 20
143999 -40 7.08 20
143637 -40 7.08 20
140749 -40 7.08 20
44838 -40 -5.29 -4.39
47136 -40 -5.29 -4.39
45128 -40 -5.29 -4.39
43030 -40 -5.29 -4.39
46258 -40 -5.29 -4.39
46941 -40 -5.29 -4.39
45725 -40 -5.29 -4.39
48631 -40 -5.29 -4.39
45708 -40 -5.29 -4.39
43230 -40 -5.29 -4.39
44788 -40 -5.29 -4.39
43232 -40 -5.29 -4.39
42336 -40 -5.29 -4.39
47527 -40 -5.29 -4.39
49212 -40 -5.29 -4.39
48019 -40 -5.29 -4.39
43783 -40 -5.29 -4.39
47950 -40 -5.29 -4.39
39363 -40 -5.29 -4.39
50817 -40 -5.29 -4.39
42473 -40 -5.29 -4.39
46265 -40 -5.29 -4.39
49501 -40 -5.29 -4.39
49588 -40 -5.29 -4.39
43610 -40 -5.29 -4.39
46902 -40 -5.29 -4.39
47557 -40 -5.29 -4.39
44060 -40 -5.29 -4.39
44279 -40 -5.29 -4.39
44610 -40 -5.29 -4.39
44417 -40 -5.29 -4.39
49295 -40 -5.29 -4.39
43794 -40 -5.29 -4.39
47595 -40 -5.29 -4.39
39130 -40 -5.29 -4.39
44953 -40 -5.29 -4.39
46304 -40 -5.29 -4.39
43399 -40 -5.29 -4.39
44963 -40 -5.29 -4.39
