#rtt sig_str x y
199839 -40 27.61 -12.34
204440 -40 27.61 -12.34
202590 -40 27.61 -12.34
205008 -40 27.61 -12.34
200420 -40 27.61 -12.34
201291 -40 27.61 -12.34
200686 -40 27.61 -12.34
205482 -40 27.61 -12.34
201837 -40 27.61 -12.34
203822 -40 27.61 -12.34
201043 -40 27.61 -12.34
201965 -40 27.61 -12.34
198165 -40 27.61 -12.34
204215 -40 27.61 -12.34
203794 -40 27.61 -12.34
199305 -40 27.61 -12.34
201383 -40 27.61 -12.34
202181 -40 27.61 -12.34
206896 -40 27.61 -12.34
200415 -40 27.61 -12.34
200324 -40 27.61 -12.34
202755 -40 27.61 -12.34
199096 -40 27.61 -12.34
201809 -40 27.61 -12.34
198146 -40 27.61 -12.34
201894 -40 27.61 -12.34
201822 -40 27.61 -12.34
203685 -40 27.61 -12.34
198850 -40 27.61 -12.34
205092 -40 27.61 -12.34
205503 -40 27.61 -12.34
200857 -40 27.61 -12.34
198061 -40 27.61 -12.34
199417 -40 27.61 -12.34
202053 -40 27.61 -12.34
200504 -40 27.61 -12.34
202706 -40 27.61 -12.34
202864 -40 27.61 -12.34
201766 -40 27.61 -12.34
193396 -40 11.97 -26.83
193229 -40 11.97 -26.83
196828 -40 11.97 -26.83
197520 -40 11.97 -26.83
193287 -40 11.97 -26.83
198352 -40 11.97 -26.83
196408 -40 11.97 -26.83
191912 -40 11.97 -26.83
192490 -40 11.97 -26.83
197798 -40 11.97 -26.83
198151 -40 11.97 -26.83
196888 -40 11.97 -26.83
200381 -40 11.97 -26.83
198621 -40 11.97 -26.83
201197 -40 11.97 -26.83
196006 -40 11.97 -26.83
196021 -40 11.97 -26.83
195140 -40 11.97 -26.83
196610 -40 11.97 -26.83
193283 -40 11.97 -26.83
196560 -40 11.97 -26.83
192462 -40 11.97 -26.83
194892 -40 11.97 -26.83
198066 -40 11.97 -26.83
196397 -40 11.97 -26.83
197924 -40 11.97 -26.83
193847 -40 11.97 -26.83
192446 -40 11.97 -26.83
196287 -40 11.97 -26.83
196499 -40 11.97 -26.83
193660 -40 11.97 -26.83
203186 -40 11.97 -26.83
196503 -40 11.97 -26.83
197365 -40 11.97 -26.83
195362 -40 11.97 -26.83
196768 -40 11.97 -26.83
194474 -40 11.97 -26.83
196873 -40 11.97 -26.83
195135 -40 11.97 -26.83
219872 -40 30 -10.95
213615 -40 30 -10.95
211674 -40 30 -10.95
214289 -40 30 -10.95
209531 -40 30 -10.95
212502 -40 30 -10.95
210060 -40 30 -10.95
210791 -40 30 -10.95
214462 -40 30 -10.95
207471 -40 30 -10.95
211745 -40 30 -10.95
215842 -40 30 -10.95
211009 -40 30 -10.95
208770 -40 30 -10.95
211000 -40 30 -10.95
211743 -40 30 -10.95
214345 -40 30 -10.95
215297 -40 30 -10.95
212547 -40 30 -10.95
212643 -40 30 -10.95
214284 -40 30 -10.95
215021 -40 30 -10.95
213447 -40 30 -10.95
211384 -40 30 -10.95
213979 -40 30 -10.95
207587 -40 30 -10.95
209036 -40 30 -10.95
213303 -40 30 -10.95
212236 -40 30 -10.95
215149 -40 30 -10.95
212219 -40 30 -10.95
213447 -40 30 -10.95
218122 -40 30 -10.95
209453 -40 30 -10.95
216920 -40 30 -10.95
214858 -40 30 -10.95
213504 -40 30 -10.95
211632 -40 30 -10.95
212836 -40 30 -10.95
224075 -40 -16.8 29.04
226191 -40 -16.8 29.04
228088 -40 -16.8 29.04
225263 -40 -16.8 29.04
227138 -40 -16.8 29.04
221872 -40 -16.8 29.04
225293 -40 -16.8 29.04
221926 -40 -16.8 29.04
218589 -40 -16.8 29.04
229015 -40 -16.8 29.04
226958 -40 -16.8 29.04
223825 -40 -16.8 29.04
226852 -40 -16.8 29.04
221994 -40 -16.8 29.04
220372 -40 -16.8 29.04
218753 -40 -16.8 29.04
223394 -40 -16.8 29.04
224139 -40 -16.8 29.04
222057 -40 -16.8 29.04
223139 -40 -16.8 29.04
221965 -40 -16.8 29.04
228661 -40 -16.8 29.04
227668 -40 -16.8 29.04
217831 -40 -16.8 29.04
219688 -40 -16.8 29.04
225588 -40 -16.8 29.04
225898 -40 -16.8 29.04
225939 -40 -16.8 29.04
221087 -40 -16.8 29.04
221151 -40 -16.8 29.04
225688 -40 -16.8 29.04
221912 -40 -16.8 29.04
223382 -40 -16.8 29.04
224504 -40 -16.8 29.04
227179 -40 -16.8 29.04
224576 -40 -16.8 29.04
221991 -40 -16.8 29.04
222656 -40 -16.8 29.04
220536 -40 -16.8 29.04
56373 -40 -8.34 0.54
56348 -40 -8.34 0.54
56356 -40 -8.34 0.54
53453 -40 -8.34 0.54
54819 -40 -8.34 0.54
55874 -40 -8.34 0.54
55652 -40 -8.34 0.54
53859 -40 -8.34 0.54
51827 -40 -8.34 0.54
52745 -40 -8.34 0.54
56825 -40 -8.34 0.54
57915 -40 -8.34 0.54
51092 -40 -8.34 0.54
58596 -40 -8.34 0.54
57385 -40 -8.34 0.54
58050 -40 -8.34 0.54
58457 -40 -8.34 0.54
54295 -40 -8.34 0.54
53553 -40 -8.34 0.54
52896 -40 -8.34 0.54
57685 -40 -8.34 0.54
55182 -40 -8.34 0.54
59094 -40 -8.34 0.54
56068 -40 -8.34 0.54
50280 -40 -8.34 0.54
56958 -40 -8.34 0.54
53196 -40 -8.34 0.54
55914 -40 -8.34 0.54
53749 -40 -8.34 0.54
55469 -40 -8.34 0.54
53543 -40 -8.34 0.54
56690 -40 -8.34 0.54
54180 -40 -8.34 0.54
55506 -40 -8.34 0.54
52556 -40 -8.34 0.54
55655 -40 -8.34 0.54
57773 -40 -8.34 0.54
53590 -40 -8.34 0.54
54342 -40 -8.34 0.54
149341 -40 14.39 17.23
149129 -40 14.39 17.23
151308 -40 14.39 17.23
144848 -40 14.39 17.23
146839 -40 14.39 17.23
149008 -40 14.39 17.23
152047 -40 14.39 17.23
151570 -40 14.39 17.23
147220 -40 14.39 17.23
149081 -40 14.39 17.23
147305 -40 14.39 17.23
147084 -40 14.39 17.23
143770 -40 14.39 17.23
149608 -40 14.39 17.23
149992 -40 14.39 17.23
146993 -40 14.39 17.23
146272 -40 14.39 17.23
149382 -40 14.39 17.23
151334 -40 14.39 17.23
152920 -40 14.39 17.23
147655 -40 14.39 17.23
151962 -40 14.39 17.23
145162 -40 14.39 17.23
148159 -40 14.39 17.23
148366 -40 14.39 17.23
150874 -40 14.39 17.23
149724 -40 14.39 17.23
149132 -40 14.39 17.23
152819 -40 14.39 17.23
149978 -40 14.39 17.23
150886 -40 14.39 17.23
146178 -40 14.39 17.23
149259 -40 14.39 17.23
148888 -40 14.39 17.23
151824 -40 14.39 17.23
145732 -40 14.39 17.23
145069 -40 14.39 17.23
152869 -40 14.39 17.23
144857 -40 14.39 17.23
204911 -40 29.79 -1.56
199093 -40 29.79 -1.56
199191 -40 29.79 -1.56
196087 -40 29.79 -1.56
201606 -40 29.79 -1.56
200445 -40 29.79 -1.56
200499 -40 29.79 -1.56
200860 -40 29.79 -1.56
193644 -40 29.79 -1.56
204152 -40 29.79 -1.56
203732 -40 29.79 -1.56
198019 -40 29.79 -1.56
201842 -40 29.79 -1.56
197970 -40 29.79 -1.56
198589 -40 29.79 -1.56
198161 -40 29.79 -1.56
200220 -40 29.79 -1.56
196741 -40 29.79 -1.56
201115 -40 29.79 -1.56
199963 -40 29.79 -1.56
197782 -40 29.79 -1.56
196493 -40 29.79 -1.56
202179 -40 29.79 -1.56
199811 -40 29.79 -1.56
195335 -40 29.79 -1.56
200849 -40 29.79 -1.56
201628 -40 29.79 -1.56
199667 -40 29.79 -1.56
197947 -40 29.79 -1.56
200315 -40 29.79 -1.56
198559 -40 29.79 -1.56
202732 -40 29.79 -1.56
194303 -40 29.79 -1.56
197643 -40 29.79 -1.56
200770 -40 29.79 -1.56
198840 -40 29.79 -1.56
204313 -40 29.79 -1.56
196959 -40 29.79 -1.56
203633 -40 29.79 -1.56
89100 -40 -11.02 7.12
86260 -40 -11.02 7.12
88233 -40 -11.02 7.12
86302 -40 -11.02 7.12
90030 -40 -11.02 7.12
89019 -40 -11.02 7.12
93010 -40 -11.02 7.12
89264 -40 -11.02 7.12
88886 -40 -11.02 7.12
88642 -40 -11.02 7.12
89009 -40 -11.02 7.12
88389 -40 -11.02 7.12
87839 -40 -11.02 7.12
87181 -40 -11.02 7.12
85838 -40 -11.02 7.12
84470 -40 -11.02 7.12
88737 -40 -11.02 7.12
86455 -40 -11.02 7.12
88007 -40 -11.02 7.12
89639 -40 -11.02 7.12
86882 -40 -11.02 7.12
86735 -40 -11.02 7.12
89051 -40 -11.02 7.12
86005 -40 -11.02 7.12
84865 -40 -11.02 7.12
89032 -40 -11.02 7.12
90399 -40 -11.02 7.12
88063 -40 -11.02 7.12
87237 -40 -11.02 7.12
82522 -40 -11.02 7.12
84849 -40 -11.02 7.12
85976 -40 -11.02 7.12
89180 -40 -11.02 7.12
87443 -40 -11.02 7.12
89245 -40 -11.02 7.12
87825 -40 -11.02 7.12
87948 -40 -11.02 7.12
89043 -40 -11.02 7.12
88648 -40 -11.02 7.12
171436 -40 -21.81 -13.52
168706 -40 -21.81 -13.52
169360 -40 -21.81 -13.52
170973 -40 -21.81 -13.52
171387 -40 -21.81 -13.52
176719 -40 -21.81 -13.52
170860 -40 -21.81 -13.52
169618 -40 -21.81 -13.52
166626 -40 -21.81 -13.52
174130 -40 -21.81 -13.52
172700 -40 -21.81 -13.52
171197 -40 -21.81 -13.52
170287 -40 -21.81 -13.52
171905 -40 -21.81 -13.52
176084 -40 -21.81 -13.52
170591 -40 -21.81 -13.52
172366 -40 -21.81 -13.52
172733 -40 -21.81 -13.52
168084 -40 -21.81 -13.52
170291 -40 -21.81 -13.52
170812 -40 -21.81 -13.52
172783 -40 -21.81 -13.52
173608 -40 -21.81 -13.52
168464 -40 -21.81 -13.52
171483 -40 -21.81 -13.52
174087 -40 -21.81 -13.52
168876 -40 -21.81 -13.52
175262 -40 -21.81 -13.52
174122 -40 -21.81 -13.52
172305 -40 -21.81 -13.52
171848 -40 -21.81 -13.52
172486 -40 -21.81 -13.52
166599 -40 -21.81 -13.52
168771 -40 -21.81 -13.52
172394 -40 -21.81 -13.52
170786 -40 -21.81 -13.52
173767 -40 -21.81 -13.52
171641 -40 -21.81 -13.52
170906 -40 -21.81 -13.52
52080 -40 -6.96 3.6
53836 -40 -6.96 3.6
50268 -40 -6.96 3.6
53173 -40 -6.96 3.6
52682 -40 -6.96 3.6
56944 -40 -6.96 3.6
52362 -40 -6.96 3.6
54097 -40 -6.96 3.6
53743 -40 -6.96 3.6
52456 -40 -6.96 3.6
53085 -40 -6.96 3.6
49682 -40 -6.96 3.6
53059 -40 -6.96 3.6
51347 -40 -6.96 3.6
52359 -40 -6.96 3.6
55328 -40 -6.96 3.6
49468 -40 -6.96 3.6
50562 -40 -6.96 3.6
51333 -40 -6.96 3.6
50143 -40 -6.96 3.6
53285 -40 -6.96 3.6
51824 -40 -6.96 3.6
51165 -40 -6.96 3.6
59549 -40 -6.96 3.6
48839 -40 -6.96 3.6
52691 -40 -6.96 3.6
56471 -40 -6.96 3.6
53216 -40 -6.96 3.6
54031 -40 -6.96 3.6
51583 -40 -6.96 3.6
54135 -40 -6.96 3.6
49204 -40 -6.96 3.6
55222 -40 -6.96 3.6
49128 -40 -6.96 3.6
54260 -40 -6.96 3.6
51703 -40 -6.96 3.6
54730 -40 -6.96 3.6
51325 -40 -6.96 3.6
49964 -40 -6.96 3.6
