#rtt sig_str x y
167719 -40 22.21 11.77
168552 -40 22.21 11.77
166752 -40 22.21 11.77
165606 -40 22.21 11.77
168486 -40 22.21 11.77
165590 -40 22.21 11.77
169477 -40 22.21 11.77
169990 -40 22.21 11.77
166349 -40 22.21 11.77
169779 -40 22.21 11.77
167644 -40 22.21 11.77
167856 -40 22.21 11.77
163106 -40 22.21 11.77
166050 -40 22.21 11.77
167400 -40 22.21 11.77
166207 -40 22.21 11.77
170109 -40 22.21 11.77
164302 -40 22.21 11.77
168252 -40 22.21 11.77
166027 -40 22.21 11.77
171843 -40 22.21 11.77
167854 -40 22.21 11.77
168763 -40 22.21 11.77
164457 -40 22.21 11.77
168766 -40 22.21 11.77
171023 -40 22.21 11.77
169337 -40 22.21 11.77
165340 -40 22.21 11.77
171485 -40 22.21 11.77
170657 -40 22.21 11.77
165771 -40 22.21 11.77
166120 -40 22.21 11.77
167776 -40 22.21 11.77
168913 -40 22.21 11.77
168729 -40 22.21 11.77
165614 -40 22.21 11.77
168535 -40 22.21 11.77
168681 -40 22.21 11.77
169742 -40 22.21 11.77
40348 -40 4.94 -4.01
43769 -40 4.94 -4.01
41618 -40 4.94 -4.01
46088 -40 4.94 -4.01
47134 -40 4.94 -4.01
43917 -40 4.94 -4.01
43046 -40 4.94 -4.01
41134 -40 4.94 -4.01
46094 -40 4.94 -4.01
42296 -40 4.94 -4.01
44126 -40 4.94 -4.01
42313 -40 4.94 -4.01
40639 -40 4.94 -4.01
38313 -40 4.94 -4.01
43684 -40 4.94 -4.01
45699 -40 4.94 -4.01
36897 -40 4.94 -4.01
44990 -40 4.94 -4.01
44306 -40 4.94 -4.01
39344 -40 4.94 -4.01
45413 -40 4.94 -4.01
42289 -40 4.94 -4.01
41482 -40 4.94 -4.01
37759 -40 4.94 -4.01
42491 -40 4.94 -4.01
45443 -40 4.94 -4.01
46392 -40 4.94 -4.01
45312 -40 4.94 -4.01
46923 -40 4.94 -4.01
42196 -40 4.94 -4.01
41871 -40 4.94 -4.01
43590 -40 4.94 -4.01
42964 -40 4.94 -4.01
44162 -40 4.94 -4.01
42301 -40 4.94 -4.01
38170 -40 4.94 -4.01
41943 -40 4.94 -4.01
40388 -40 4.94 -4.01
44904 -40 4.94 -4.01
182505 -40 -13.27 -24.07
179360 -40 -13.27 -24.07
183660 -40 -13.27 -24.07
182491 -40 -13.27 -24.07
185171 -40 -13.27 -24.07
183527 -40 -13.27 -24.07
181899 -40 -13.27 -24.07
186407 -40 -13.27 -24.07
183194 -40 -13.27 -24.07
184192 -40 -13.27 -24.07
180540 -40 -13.27 -24.07
181350 -40 -13.27 -24.07
183942 -40 -13.27 -24.07
177713 -40 -13.27 -24.07
185887 -40 -13.27 -24.07
183837 -40 -13.27 -24.07
184191 -40 -13.27 -24.07
181426 -40 -13.27 -24.07
180676 -40 -13.27 -24.07
179762 -40 -13.27 -24.07
179640 -40 -13.27 -24.07
184925 -40 -13.27 -24.07
182686 -40 -13.27 -24.07
183610 -40 -13.27 -24.07
180482 -40 -13.27 -24.07
175935 -40 -13.27 -24.07
186421 -40 -13.27 -24.07
185094 -40 -13.27 -24.07
183512 -40 -13.27 -24.07
184565 -40 -13.27 -24.07
180384 -40 -13.27 -24.07
185256 -40 -13.27 -24.07
184387 -40 -13.27 -24.07
186943 -40 -13.27 -24.07
181662 -40 -13.27 -24.07
185049 -40 -13.27 -24.07
183004 -40 -13.27 -24.07
183109 -40 -13.27 -24.07
186825 -40 -13.27 -24.07
184531 -40 -18.85 -19.15
181460 -40 -18.85 -19.15
174403 -40 -18.85 -19.15
183425 -40 -18.85 -19.15
179118 -40 -18.85 -19.15
177895 -40 -18.85 -19.15
178557 -40 -18.85 -19.15
181552 -40 -18.85 -19.15
178444 -40 -18.85 -19.15
181834 -40 -18.85 -19.15
178243 -40 -18.85 -19.15
176530 -40 -18.85 -19.15
176715 -40 -18.85 -19.15
179051 -40 -18.85 -19.15
179438 -40 -18.85 -19.15
176136 -40 -18.85 -19.15
177278 -40 -18.85 -19.15
173007 -40 -18.85 -19.15
177199 -40 -18.85 -19.15
178399 -40 -18.85 -19.15
179208 -40 -18.85 -19.15
178144 -40 -18.85 -19.15
180938 -40 -18.85 -19.15
172620 -40 -18.85 -19.15
177396 -40 -18.85 -19.15
177623 -40 -18.85 -19.15
179828 -40 -18.85 -19.15
180141 -40 -18.85 -19.15
182621 -40 -18.85 -19.15
176855 -40 -18.85 -19.15
179788 -40 -18.85 -19.15
180841 -40 -18.85 -19.15
180840 -40 -18.85 -19.15
175683 -40 -18.85 -19.15
177357 -40 -18.85 -19.15
184332 -40 -18.85 -19.15
173906 -40 -18.85 -19.15
184418 -40 -18.85 -19.15
177034 -40 -18.85 -19.15
143183 -40 -5.33 -20.97
145212 -40 -5.33 -20.97
142097 -40 -5.33 -20.97
144892 -40 -5.33 -20.97
144537 -40 -5.33 -20.97
146035 -40 -5.33 -20.97
144286 -40 -5.33 -20.97
144587 -40 -5.33 -20.97
145999 -40 -5.33 -20.97
142501 -40 -5.33 -20.97
144244 -40 -5.33 -20.97
141282 -40 -5.33 -20.97
142550 -40 -5.33 -20.97
144050 -40 -5.33 -20.97
142237 -40 -5.33 -20.97
141656 -40 -5.33 -20.97
144314 -40 -5.33 -20.97
140526 -40 -5.33 -20.97
143194 -40 -5.33 -20.97
144625 -40 -5.33 -20.97
145370 -40 -5.33 -20.97
147056 -40 -5.33 -20.97
144218 -40 -5.33 -20.97
145746 -40 -5.33 -20.97
142268 -40 -5.33 -20.97
142893 -40 -5.33 -20.97
143864 -40 -5.33 -20.97
143879 -40 -5.33 -20.97
140464 -40 -5.33 -20.97
142264 -40 -5.33 -20.97
142028 -40 -5.33 -20.97
144757 -40 -5.33 -20.97
145183 -40 -5.33 -20.97
148369 -40 -5.33 -20.97
144223 -40 -5.33 -20.97
146981 -40 -5.33 -20.97
142256 -40 -5.33 -20.97
143582 -40 -5.33 -20.97
144184 -40 -5.33 -20.97
184888 -40 -22.96 -14.45
177168 -40 -22.96 -14.45
178346 -40 -22.96 -14.45
179531 -40 -22.96 -14.45
182531 -40 -22.96 -14.45
182007 -40 -22.96 -14.45
179398 -40 -22.96 -14.45
182503 -40 -22.96 -14.45
179687 -40 -22.96 -14.45
183667 -40 -22.96 -14.45
182565 -40 -22.96 -14.45
182393 -40 -22.96 -14.45
181121 -40 -22.96 -14.45
181183 -40 -22.96 -14.45
180560 -40 -22.96 -14.45
180494 -40 -22.96 -14.45
183663 -40 -22.96 -14.45
180080 -40 -22.96 -14.45
183842 -40 -22.96 -14.45
183605 -40 -22.96 -14.45
178848 -40 -22.96 -14.45
184717 -40 -22.96 -14.45
180325 -40 -22.96 -14.45
177461 -40 -22.96 -14.45
183977 -40 -22.96 -14.45
178890 -40 -22.96 -14.45
180145 -40 -22.96 -14.45
180770 -40 -22.96 -14.45
180762 -40 -22.96 -14.45
181873 -40 -22.96 -14.45
181990 -40 -22.96 -14.45
182931 -40 -22.96 -14.45
180550 -40 -22.96 -14.45
179956 -40 -22.96 -14.45
182034 -40 -22.96 -14.45
182241 -40 -22.96 -14.45
178729 -40 -22.96 -14.45
176444 -40 -22.96 -14.45
175669 -40 -22.96 -14.45
86436 -40 11.1 7.26
88989 -40 11.1 7.26
89510 -40 11.1 7.26
90357 -40 11.1 7.26
88484 -40 11.1 7.26
92117 -40 11.1 7.26
84707 -40 11.1 7.26
85589 -40 11.1 7.26
90302 -40 11.1 7.26
87774 -40 11.1 7.26
92933 -40 11.1 7.26
86661 -40 11.1 7.26
86226 -40 11.1 7.26
85584 -40 11.1 7.26
86506 -40 11.1 7.26
86721 -40 11.1 7.26
88974 -40 11.1 7.26
88150 -40 11.1 7.26
85922 -40 11.1 7.26
91461 -40 11.1 7.26
87496 -40 11.1 7.26
88502 -40 11.1 7.26
89870 -40 11.1 7.26
88046 -40 11.1 7.26
91135 -40 11.1 7.26
93696 -40 11.1 7.26
88901 -40 11.1 7.26
87690 -40 11.1 7.26
88481 -40 11.1 7.26
91239 -40 11.1 7.26
86743 -40 11.1 7.26
86819 -40 11.1 7.26
91197 -40 11.1 7.26
87811 -40 11.1 7.26
89488 -40 11.1 7.26
87143 -40 11.1 7.26
93349 -40 11.1 7.26
89883 -40 11.1 7.26
88187 -40 11.1 7.26
133535 -40 -3.74 -19.49
128944 -40 -3.74 -19.49
136673 -40 -3.74 -19.49
133844 -40 -3.74 -19.49
134134 -40 -3.74 -19.49
136716 -40 -3.74 -19.49
132370 -40 -3.74 -19.49
134587 -40 -3.74 -19.49
134994 -40 -3.74 -19.49
131506 -40 -3.74 -19.49
130973 -40 -3.74 -19.49
131824 -40 -3.74 -19.49
131773 -40 -3.74 -19.49
133376 -40 -3.74 -19.49
131472 -40 -3.74 -19.49
131912 -40 -3.74 -19.49
135363 -40 -3.74 -19.49
133257 -40 -3.74 -19.49
132689 -40 -3.74 -19.49
131107 -40 -3.74 -19.49
129444 -40 -3.74 -19.49
129822 -40 -3.74 -19.49
132719 -40 -3.74 -19.49
129519 -40 -3.74 -19.49
133343 -40 -3.74 -19.49
131176 -40 -3.74 -19.49
131396 -40 -3.74 -19.49
132311 -40 -3.74 -19.49
132781 -40 -3.74 -19.49
133773 -40 -3.74 -19.49
130949 -40 -3.74 -19.49
135255 -40 -3.74 -19.49
134676 -40 -3.74 -19.49
134814 -40 -3.74 -19.49
132227 -40 -3.74 -19.49
131363 -40 -3.74 -19.49
131358 -40 -3.74 -19.49
132600 -40 -3.74 -19.49
131274 -40 -3.74 -19.49
96959 -40 3.37 -13.71
93481 -40 3.37 -13.71
89676 -40 3.37 -13.71
94395 -40 3.37 -13.71
89377 -40 3.37 -13.71
93102 -40 3.37 -13.71
94759 -40 3.37 -13.71
98271 -40 3.37 -13.71
95623 -40 3.37 -13.71
93545 -40 3.37 -13.71
91733 -40 3.37 -13.71
90706 -40 3.37 -13.71
97984 -40 3.37 -13.71
92327 -40 3.37 -13.71
94567 -40 3.37 -13.71
94141 -40 3.37 -13.71
97325 -40 3.37 -13.71
93658 -40 3.37 -13.71
96814 -40 3.37 -13.71
97197 -40 3.37 -13.71
94472 -40 3.37 -13.71
89300 -40 3.37 -13.71
94262 -40 3.37 -13.71
91074 -40 3.37 -13.71
94222 -40 3.37 -13.71
92791 -40 3.37 -13.71
94463 -40 3.37 -13.71
92858 -40 3.37 -13.71
97655 -40 3.37 -13.71
91701 -40 3.37 -13.71
94581 -40 3.37 -13.71
93474 -40 3.37 -13.71
90490 -40 3.37 -13.71
92415 -40 3.37 -13.71
93611 -40 3.37 -13.71
92729 -40 3.37 -13.71
97105 -40 3.37 -13.71
93064 -40 3.37 -13.71
93079 -40 3.37 -13.71
120770 -40 -7.98 15.68
117485 -40 -7.98 15.68
120145 -40 -7.98 15.68
115676 -40 -7.98 15.68
117213 -40 -7.98 15.68
119081 -40 -7.98 15.68
116883 -40 -7.98 15.68
117141 -40 -7.98 15.68
117942 -40 -7.98 15.68
117256 -40 -7.98 15.68
119041 -40 -7.98 15.68
117448 -40 -7.98 15.68
116953 -40 -7.98 15.68
120582 -40 -7.98 15.68
118665 -40 -7.98 15.68
120345 -40 -7.98 15.68
116751 -40 -7.98 15.68
121103 -40 -7.98 15.68
119373 -40 -7.98 15.68
119792 -40 -7.98 15.68
123145 -40 -7.98 15.68
118172 -40 -7.98 15.68
118793 -40 -7.98 15.68
119594 -40 -7.98 15.68
109953 -40 -7.98 15.68
117567 -40 -7.98 15.68
120128 -40 -7.98 15.68
112120 -40 -7.98 15.68
117861 -40 -7.98 15.68
116720 -40 -7.98 15.68
115523 -40 -7.98 15.68
115020 -40 -7.98 15.68
119253 -40 -7.98 15.68
123155 -40 -7.98 15.68
118233 -40 -7.98 15.68
120301 -40 -7.98 15.68
119003 -40 -7.98 15.68
116155 -40 -7.98 15.68
116051 -40 -7.98 15.68
