#rtt sig_str x y
116149 -40 -11.53 12.79
114392 -40 -11.53 12.79
115444 -40 -11.53 12.79
117760 -40 -11.53 12.79
117396 -40 -11.53 12.79
116709 -40 -11.53 12.79
118863 -40 -11.53 12.79
112986 -40 -11.53 12.79
118363 -40 -11.53 12.79
115319 -40 -11.53 12.79
112782 -40 -11.53 12.79
112336 -40 -11.53 12.79
110403 -40 -11.53 12.79
116984 -40 -11.53 12.79
116394 -40 -11.53 12.79
117197 -40 -11.53 12.79
113602 -40 -11.53 12.79
116996 -40 -11.53 12.79
114678 -40 -11.53 12.79
111184 -40 -11.53 12.79
113058 -40 -11.53 12.79
114308 -40 -11.53 12.79
116353 -40 -11.53 12.79
113238 -40 -11.53 12.79
111487 -40 -11.53 12.79
114234 -40 -11.53 12.79
121076 -40 -11.53 12.79
115815 -40 -11.53 12.79
112972 -40 -11.53 12.79
116104 -40 -11.53 12.79
107100 -40 -11.53 12.79
111043 -40 -11.53 12.79
114078 -40 -11.53 12.79
118355 -40 -11.53 12.79
114340 -40 -11.53 12.79
117959 -40 -11.53 12.79
114012 -40 -11.53 12.79
113181 -40 -11.53 12.79
115951 -40 -11.53 12.79
87668 -40 1.16 -12.31
79267 -40 1.16 -12.31
80269 -40 1.16 -12.31
79789 -40 1.16 -12.31
85244 -40 1.16 -12.31
82210 -40 1.16 -12.31
81349 -40 1.16 -12.31
80706 -40 1.16 -12.31
83209 -40 1.16 -12.31
80534 -40 1.16 -12.31
81627 -40 1.16 -12.31
83419 -40 1.16 -12.31
85535 -40 1.16 -12.31
78233 -40 1.16 -12.31
83181 -40 1.16 -12.31
83797 -40 1.16 -12.31
84799 -40 1.16 -12.31
87180 -40 1.16 -12.31
81356 -40 1.16 -12.31
78555 -40 1.16 -12.31
85090 -40 1.16 -12.31
82541 -40 1.16 -12.31
78838 -40 1.16 -12.31
79241 -40 1.16 -12.31
81614 -40 1.16 -12.31
84709 -40 1.16 -12.31
83697 -40 1.16 -12.31
83541 -40 1.16 -12.31
78287 -40 1.16 -12.31
82200 -40 1.16 -12.31
81923 -40 1.16 -12.31
80424 -40 1.16 -12.31
83540 -40 1.16 -12.31
85637 -40 1.16 -12.31
83393 -40 1.16 -12.31
83298 -40 1.16 -12.31
80390 -40 1.16 -12.31
82082 -40 1.16 -12.31
80869 -40 1.16 -12.31
110842 -40 16.1 3.56
109999 -40 16.1 3.56
106700 -40 16.1 3.56
110155 -40 16.1 3.56
110489 -40 16.1 3.56
111013 -40 16.1 3.56
107622 -40 16.1 3.56
110458 -40 16.1 3.56
110103 -40 16.1 3.56
106305 -40 16.1 3.56
114528 -40 16.1 3.56
106752 -40 16.1 3.56
111564 -40 16.1 3.56
108397 -40 16.1 3.56
108585 -40 16.1 3.56
105500 -40 16.1 3.56
112995 -40 16.1 3.56
110629 -40 16.1 3.56
108414 -40 16.1 3.56
112885 -40 16.1 3.56
108319 -40 16.1 3.56
109151 -40 16.1 3.56
109993 -40 16.1 3.56
107845 -40 16.1 3.56
108797 -40 16.1 3.56
108935 -40 16.1 3.56
113158 -40 16.1 3.56
108095 -40 16.1 3.56
104425 -40 16.1 3.56
109221 -40 16.1 3.56
109526 -40 16.1 3.56
105870 -40 16.1 3.56
111170 -40 16.1 3.56
108708 -40 16.1 3.56
110199 -40 16.1 3.56
107699 -40 16.1 3.56
111157 -40 16.1 3.56
109252 -40 16.1 3.56
108451 -40 16.1 3.56
195066 -40 17.36 -24.04
194344 -40 17.36 -24.04
197182 -40 17.36 -24.04
197013 -40 17.36 -24.04
199686 -40 17.36 -24.04
197916 -40 17.36 -24.04
204532 -40 17.36 -24.04
195064 -40 17.36 -24.04
194994 -40 17.36 -24.04
195513 -40 17.36 -24.04
204374 -40 17.36 -24.04
191532 -40 17.36 -24.04
196805 -40 17.36 -24.04
199286 -40 17.36 -24.04
199900 -40 17.36 -24.04
194332 -40 17.36 -24.04
198956 -40 17.36 -24.04
195274 -40 17.36 -24.04
198019 -40 17.36 -24.04
198545 -40 17.36 -24.04
198228 -40 17.36 -24.04
200550 -40 17.36 -24.04
199199 -40 17.36 -24.04
199508 -40 17.36 -24.04
194153 -40 17.36 -24.04
200131 -40 17.36 -24.04
199064 -40 17.36 -24.04
196969 -40 17.36 -24.04
198508 -40 17.36 -24.04
195880 -40 17.36 -24.04
193327 -40 17.36 -24.04
195785 -40 17.36 -24.04
194389 -40 17.36 -24.04
192245 -40 17.36 -24.04
199034 -40 17.36 -24.04
198558 -40 17.36 -24.04
197604 -40 17.36 -24.04
201281 -40 17.36 -24.04
199045 -40 17.36 -24.04
212466 -40 22.24 -23.49
212406 -40 22.24 -23.49
214679 -40 22.24 -23.49
213962 -40 22.24 -23.49
217933 -40 22.24 -23.49
215342 -40 22.24 -23.49
218258 -40 22.24 -23.49
215373 -40 22.24 -23.49
217355 -40 22.24 -23.49
213253 -40 22.24 -23.49
217181 -40 22.24 -23.49
211235 -40 22.24 -23.49
214048 -40 22.24 -23.49
218646 -40 22.24 -23.49
216982 -40 22.24 -23.49
219549 -40 22.24 -23.49
219458 -40 22.24 -23.49
217693 -40 22.24 -23.49
217940 -40 22.24 -23.49
218947 -40 22.24 -23.49
215233 -40 22.24 -23.49
214062 -40 22.24 -23.49
216903 -40 22.24 -23.49
213355 -40 22.24 -23.49
213103 -40 22.24 -23.49
216655 -40 22.24 -23.49
216173 -40 22.24 -23.49
216858 -40 22.24 -23.49
218265 -40 22.24 -23.49
212612 -40 22.24 -23.49
215677 -40 22.24 -23.49
216705 -40 22.24 -23.49
217494 -40 22.24 -23.49
213360 -40 22.24 -23.49
214141 -40 22.24 -23.49
216441 -40 22.24 -23.49
207807 -40 22.24 -23.49
217499 -40 22.24 -23.49
217200 -40 22.24 -23.49
164668 -40 -18.73 -16.44
166452 -40 -18.73 -16.44
165827 -40 -18.73 -16.44
170714 -40 -18.73 -16.44
163214 -40 -18.73 -16.44
166080 -40 -18.73 -16.44
165728 -40 -18.73 -16.44
165535 -40 -18.73 -16.44
169902 -40 -18.73 -16.44
167050 -40 -18.73 -16.44
169860 -40 -18.73 -16.44
168571 -40 -18.73 -16.44
161044 -40 -18.73 -16.44
161030 -40 -18.73 -16.44
163574 -40 -18.73 -16.44
165894 -40 -18.73 -16.44
168172 -40 -18.73 -16.44
167719 -40 -18.73 -16.44
164170 -40 -18.73 -16.44
166551 -40 -18.73 -16.44
164652 -40 -18.73 -16.44
163665 -40 -18.73 -16.44
165272 -40 -18.73 -16.44
168965 -40 -18.73 -16.44
173034 -40 -18.73 -16.44
168754 -40 -18.73 -16.44
165692 -40 -18.73 -16.44
171391 -40 -18.73 -16.44
171408 -40 -18.73 -16.44
169333 -40 -18.73 -16.44
166708 -40 -18.73 -16.44
170841 -40 -18.73 -16.44
165624 -40 -18.73 -16.44
166149 -40 -18.73 -16.44
166609 -40 -18.73 -16.44
162793 -40 -18.73 -16.44
167059 -40 -18.73 -16.44
167672 -40 -18.73 -16.44
168547 -40 -18.73 -16.44
135268 -40 -13.83 15.05
136009 -40 -13.83 15.05
133363 -40 -13.83 15.05
138468 -40 -13.83 15.05
133302 -40 -13.83 15.05
132984 -40 -13.83 15.05
136910 -40 -13.83 15.05
135984 -40 -13.83 15.05
136565 -40 -13.83 15.05
141206 -40 -13.83 15.05
136228 -40 -13.83 15.05
137037 -40 -13.83 15.05
132822 -40 -13.83 15.05
134632 -40 -13.83 15.05
135151 -40 -13.83 15.05
134168 -40 -13.83 15.05
134296 -40 -13.83 15.05
139663 -40 -13.83 15.05
138980 -40 -13.83 15.05
138814 -40 -13.83 15.05
133423 -40 -13.83 15.05
135529 -40 -13.83 15.05
143534 -40 -13.83 15.05
133640 -40 -13.83 15.05
139172 -40 -13.83 15.05
138207 -40 -13.83 15.05
134525 -40 -13.83 15.05
132837 -40 -13.83 15.05
133467 -40 -13.83 15.05
133792 -40 -13.83 15.05
138354 -40 -13.83 15.05
134293 -40 -13.83 15.05
134643 -40 -13.83 15.05
142216 -40 -13.83 15.05
137998 -40 -13.83 15.05
137576 -40 -13.83 15.05
136667 -40 -13.83 15.05
140573 -40 -13.83 15.05
139429 -40 -13.83 15.05
124227 -40 -0.23 18.89
122884 -40 -0.23 18.89
124204 -40 -0.23 18.89
124344 -40 -0.23 18.89
124634 -40 -0.23 18.89
126580 -40 -0.23 18.89
131330 -40 -0.23 18.89
125134 -40 -0.23 18.89
124815 -40 -0.23 18.89
126372 -40 -0.23 18.89
124675 -40 -0.23 18.89
125750 -40 -0.23 18.89
130140 -40 -0.23 18.89
123251 -40 -0.23 18.89
126678 -40 -0.23 18.89
122348 -40 -0.23 18.89
125172 -40 -0.23 18.89
124931 -40 -0.23 18.89
127481 -40 -0.23 18.89
125815 -40 -0.23 18.89
127511 -40 -0.23 18.89
125880 -40 -0.23 18.89
123171 -40 -0.23 18.89
127510 -40 -0.23 18.89
128597 -40 -0.23 18.89
125167 -40 -0.23 18.89
126876 -40 -0.23 18.89
124578 -40 -0.23 18.89
127131 -40 -0.23 18.89
125302 -40 -0.23 18.89
126688 -40 -0.23 18.89
128538 -40 -0.23 18.89
121744 -40 -0.23 18.89
124541 -40 -0.23 18.89
121075 -40 -0.23 18.89
126539 -40 -0.23 18.89
128304 -40 -0.23 18.89
125901 -40 -0.23 18.89
124464 -40 -0.23 18.89
101801 -40 14.35 6.78
109046 -40 14.35 6.78
106085 -40 14.35 6.78
106471 -40 14.35 6.78
102129 -40 14.35 6.78
102631 -40 14.35 6.78
103278 -40 14.35 6.78
103923 -40 14.35 6.78
103595 -40 14.35 6.78
108465 -40 14.35 6.78
108070 -40 14.35 6.78
107042 -40 14.35 6.78
104936 -40 14.35 6.78
103652 -40 14.35 6.78
107123 -40 14.35 6.78
105563 -40 14.35 6.78
108035 -40 14.35 6.78
103744 -40 14.35 6.78
104426 -40 14.35 6.78
104595 -40 14.35 6.78
102416 -40 14.35 6.78
103103 -40 14.35 6.78
105397 -40 14.35 6.78
102566 -40 14.35 6.78
105358 -40 14.35 6.78
106531 -40 14.35 6.78
103649 -40 14.35 6.78
99326 -40 14.35 6.78
100275 -40 14.35 6.78
100748 -40 14.35 6.78
104534 -40 14.35 6.78
108296 -40 14.35 6.78
104106 -40 14.35 6.78
106904 -40 14.35 6.78
105344 -40 14.35 6.78
104867 -40 14.35 6.78
106674 -40 14.35 6.78
106007 -40 14.35 6.78
103232 -40 14.35 6.78
134107 -40 -18.31 -6.77
130849 -40 -18.31 -6.77
130660 -40 -18.31 -6.77
128618 -40 -18.31 -6.77
125973 -40 -18.31 -6.77
134928 -40 -18.31 -6.77
129459 -40 -18.31 -6.77
129797 -40 -18.31 -6.77
131584 -40 -18.31 -6.77
129945 -40 -18.31 -6.77
131436 -40 -18.31 -6.77
133555 -40 -18.31 -6.77
128946 -40 -18.31 -6.77
128481 -40 -18.31 -6.77
133100 -40 -18.31 -6.77
130873 -40 -18.31 -6.77
132347 -40 -18.31 -6.77
129702 -40 -18.31 -6.77
129039 -40 -18.31 -6.77
129714 -40 -18.31 -6.77
136333 -40 -18.31 -6.77
128813 -40 -18.31 -6.77
128533 -40 -18.31 -6.77
130666 -40 -18.31 -6.77
129550 -40 -18.31 -6.77
132145 -40 -18.31 -6.77
129156 -40 -18.31 -6.77
130135 -40 -18.31 -6.77
128180 -40 -18.31 -6.77
129627 -40 -18.31 -6.77
129291 -40 -18.31 -6.77
133073 -40 -18.31 -6.77
129013 -40 -18.31 -6.77
128488 -40 -18.31 -6.77
133643 -40 -18.31 -6.77
127935 -40 -18.31 -6.77
123670 -40 -18.31 -6.77
133771 -40 -18.31 -6.77
127454 -40 -18.31 -6.77
