#rtt sig_str x y
33825 -40 -4.46 -1.15
24831 -40 -4.46 -1.15
34668 -40 -4.46 -1.15
26173 -40 -4.46 -1.15
27875 -40 -4.46 -1.15
32554 -40 -4.46 -1.15
35068 -40 -4.46 -1.15
32974 -40 -4.46 -1.15
31149 -40 -4.46 -1.15
32415 -40 -4.46 -1.15
27278 -40 -4.46 -1.15
28289 -40 -4.46 -1.15
34293 -40 -4.46 -1.15
32073 -40 -4.46 -1.15
28007 -40 -4.46 -1.15
28452 -40 -4.46 -1.15
32040 -40 -4.46 -1.15
32665 -40 -4.46 -1.15
28838 -40 -4.46 -1.15
27774 -40 -4.46 -1.15
33613 -40 -4.46 -1.15
30171 -40 -4.46 -1.15
31907 -40 -4.46 -1.15
27560 -40 -4.46 -1.15
33783 -40 -4.46 -1.15
37530 -40 -4.46 -1.15
32817 -40 -4.46 -1.15
31749 -40 -4.46 -1.15
34010 -40 -4.46 -1.15
32131 -40 -4.46 -1.15
29553 -40 -4.46 -1.15
29326 -40 -4.46 -1.15
36176 -40 -4.46 -1.15
31815 -40 -4.46 -1.15
33618 -40 -4.46 -1.15
30705 -40 -4.46 -1.15
33396 -40 -4.46 -1.15
34197 -40 -4.46 -1.15
29973 -40 -4.46 -1.15
207994 -40 18.88 24.9
207669 -40 18.88 24.9
207212 -40 18.88 24.9
211339 -40 18.88 24.9
211308 -40 18.88 24.9
205550 -40 18.88 24.9
208691 -40 18.88 24.9
205928 -40 18.88 24.9
211353 -40 18.88 24.9
207578 -40 18.88 24.9
204333 -40 18.88 24.9
205792 -40 18.88 24.9
209224 -40 18.88 24.9
206344 -40 18.88 24.9
210781 -40 18.88 24.9
209031 -40 18.88 24.9
210130 -40 18.88 24.9
206068 -40 18.88 24.9
207546 -40 18.88 24.9
206267 -40 18.88 24.9
209091 -40 18.88 24.9
207625 -40 18.88 24.9
208732 -40 18.88 24.9
208003 -40 18.88 24.9
203507 -40 18.88 24.9
207959 -40 18.88 24.9
206030 -40 18.88 24.9
209815 -40 18.88 24.9
207306 -40 18.88 24.9
209273 -40 18.88 24.9
208544 -40 18.88 24.9
209519 -40 18.88 24.9
208366 -40 18.88 24.9
211793 -40 18.88 24.9
206963 -40 18.88 24.9
207022 -40 18.88 24.9
208600 -40 18.88 24.9
210356 -40 18.88 24.9
214451 -40 18.88 24.9
94424 -40 14.13 -1.92
93715 -40 14.13 -1.92
93920 -40 14.13 -1.92
96961 -40 14.13 -1.92
91508 -40 14.13 -1.92
90575 -40 14.13 -1.92
95229 -40 14.13 -1.92
92420 -40 14.13 -1.92
94175 -40 14.13 -1.92
93673 -40 14.13 -1.92
93272 -40 14.13 -1.92
98134 -40 14.13 -1.92
94904 -40 14.13 -1.92
97554 -40 14.13 -1.92
96052 -40 14.13 -1.92
94815 -40 14.13 -1.92
92916 -40 14.13 -1.92
98304 -40 14.13 -1.92
94119 -40 14.13 -1.92
94900 -40 14.13 -1.92
95661 -40 14.13 -1.92
93985 -40 14.13 -1.92
95048 -40 14.13 -1.92
98871 -40 14.13 -1.92
95426 -40 14.13 -1.92
91249 -40 14.13 -1.92
94022 -40 14.13 -1.92
96791 -40 14.13 -1.92
100260 -40 14.13 -1.92
94835 -40 14.13 -1.92
96220 -40 14.13 -1.92
97638 -40 14.13 -1.92
93482 -40 14.13 -1.92
96773 -40 14.13 -1.92
97149 -40 14.13 -1.92
93099 -40 14.13 -1.92
93258 -40 14.13 -1.92
92818 -40 14.13 -1.92
91157 -40 14.13 -1.92
154061 -40 22.08 -6.93
157317 -40 22.08 -6.93
156840 -40 22.08 -6.93
158449 -40 22.08 -6.93
151355 -40 22.08 -6.93
157833 -40 22.08 -6.93
151613 -40 22.08 -6.93
154125 -40 22.08 -6.93
152334 -40 22.08 -6.93
156183 -40 22.08 -6.93
150228 -40 22.08 -6.93
151608 -40 22.08 -6.93
154144 -40 22.08 -6.93
155870 -40 22.08 -6.93
157239 -40 22.08 -6.93
157537 -40 22.08 -6.93
149946 -40 22.08 -6.93
152496 -40 22.08 -6.93
151915 -40 22.08 -6.93
155135 -40 22.08 -6.93
154109 -40 22.08 -6.93
152820 -40 22.08 -6.93
154093 -40 22.08 -6.93
156369 -40 22.08 -6.93
153678 -40 22.08 -6.93
150016 -40 22.08 -6.93
155581 -40 22.08 -6.93
152052 -40 22.08 -6.93
156476 -40 22.08 -6.93
154049 -40 22.08 -6.93
154675 -40 22.08 -6.93
155042 -40 22.08 -6.93
156397 -40 22.08 -6.93
151506 -40 22.08 -6.93
155900 -40 22.08 -6.93
156951 -40 22.08 -6.93
158329 -40 22.08 -6.93
152621 -40 22.08 -6.93
155650 -40 22.08 -6.93
91624 -40 -7 -12.37
88645 -40 -7 -12.37
96325 -40 -7 -12.37
93256 -40 -7 -12.37
97212 -40 -7 -12.37
98173 -40 -7 -12.37
95078 -40 -7 -12.37
96316 -40 -7 -12.37
95750 -40 -7 -12.37
96207 -40 -7 -12.37
97680 -40 -7 -12.37
97914 -40 -7 -12.37
96926 -40 -7 -12.37
98122 -40 -7 -12.37
95029 -40 -7 -12.37
100020 -40 -7 -12.37
95505 -40 -7 -12.37
88857 -40 -7 -12.37
96660 -40 -7 -12.37
92055 -40 -7 -12.37
89620 -40 -7 -12.37
94436 -40 -7 -12.37
98212 -40 -7 -12.37
93477 -40 -7 -12.37
97284 -40 -7 -12.37
96065 -40 -7 -12.37
95696 -40 -7 -12.37
92337 -40 -7 -12.37
96849 -40 -7 -12.37
93247 -40 -7 -12.37
97553 -40 -7 -12.37
93641 -40 -7 -12.37
91867 -40 -7 -12.37
99933 -40 -7 -12.37
94714 -40 -7 -12.37
95780 -40 -7 -12.37
95819 -40 -7 -12.37
95830 -40 -7 -12.37
95959 -40 -7 -12.37
236242 -40 28.77 20.46
234580 -40 28.77 20.46
234848 -40 28.77 20.46
233371 -40 28.77 20.46
228986 -40 28.77 20.46
229164 -40 28.77 20.46
236284 -40 28.77 20.46
229263 -40 28.77 20.46
234512 -40 28.77 20.46
235750 -40 28.77 20.46
235280 -40 28.77 20.46
234894 -40 28.77 20.46
237303 -40 28.77 20.46
229878 -40 28.77 20.46
236706 -40 28.77 20.46
235037 -40 28.77 20.46
238309 -40 28.77 20.46
233485 -40 28.77 20.46
237286 -40 28.77 20.46
238645 -40 28.77 20.46
236482 -40 28.77 20.46
233955 -40 28.77 20.46
238272 -40 28.77 20.46
233328 -40 28.77 20.46
232716 -40 28.77 20.46
238828 -40 28.77 20.46
239077 -40 28.77 20.46
237327 -40 28.77 20.46
236348 -40 28.77 20.46
235102 -40 28.77 20.46
238373 -40 28.77 20.46
239363 -40 28.77 20.46
233954 -40 28.77 20.46
233956 -40 28.77 20.46
233682 -40 28.77 20.46
234766 -40 28.77 20.46
234837 -40 28.77 20.46
234728 -40 28.77 20.46
236109 -40 28.77 20.46
215733 -40 23.6 22.72
215115 -40 23.6 22.72
221444 -40 23.6 22.72
215541 -40 23.6 22.72
218005 -40 23.6 22.72
218688 -40 23.6 22.72
218392 -40 23.6 22.72
219532 -40 23.6 22.72
220716 -40 23.6 22.72
215841 -40 23.6 22.72
216756 -40 23.6 22.72
217795 -40 23.6 22.72
217649 -40 23.6 22.72
220518 -40 23.6 22.72
220234 -40 23.6 22.72
216610 -40 23.6 22.72
219085 -40 23.6 22.72
216245 -40 23.6 22.72
222625 -40 23.6 22.72
217486 -40 23.6 22.72
214422 -40 23.6 22.72
218889 -40 23.6 22.72
222474 -40 23.6 22.72
217082 -40 23.6 22.72
219358 -40 23.6 22.72
223833 -40 23.6 22.72
219476 -40 23.6 22.72
216281 -40 23.6 22.72
218849 -40 23.6 22.72
225167 -40 23.6 22.72
218175 -40 23.6 22.72
214924 -40 23.6 22.72
219457 -40 23.6 22.72
220147 -40 23.6 22.72
217729 -40 23.6 22.72
216024 -40 23.6 22.72
222109 -40 23.6 22.72
215183 -40 23.6 22.72
217964 -40 23.6 22.72
126066 -40 -17.42 6.7
120509 -40 -17.42 6.7
129329 -40 -17.42 6.7
119892 -40 -17.42 6.7
126809 -40 -17.42 6.7
123040 -40 -17.42 6.7
128832 -40 -17.42 6.7
121243 -40 -17.42 6.7
124461 -40 -17.42 6.7
121053 -40 -17.42 6.7
121858 -40 -17.42 6.7
124531 -40 -17.42 6.7
127280 -40 -17.42 6.7
122534 -40 -17.42 6.7
126336 -40 -17.42 6.7
120409 -40 -17.42 6.7
129867 -40 -17.42 6.7
127260 -40 -17.42 6.7
121154 -40 -17.42 6.7
117247 -40 -17.42 6.7
127383 -40 -17.42 6.7
124127 -40 -17.42 6.7
128095 -40 -17.42 6.7
124830 -40 -17.42 6.7
126320 -40 -17.42 6.7
122979 -40 -17.42 6.7
123053 -40 -17.42 6.7
122250 -40 -17.42 6.7
125337 -40 -17.42 6.7
122038 -40 -17.42 6.7
127358 -40 -17.42 6.7
122157 -40 -17.42 6.7
122223 -40 -17.42 6.7
122286 -40 -17.42 6.7
127716 -40 -17.42 6.7
123246 -40 -17.42 6.7
123034 -40 -17.42 6.7
122660 -40 -17.42 6.7
125462 -40 -17.42 6.7
105744 -40 14.51 -5.8
105422 -40 14.51 -5.8
104828 -40 14.51 -5.8
106837 -40 14.51 -5.8
103591 -40 14.51 -5.8
102092 -40 14.51 -5.8
102836 -40 14.51 -5.8
106264 -40 14.51 -5.8
104842 -40 14.51 -5.8
103765 -40 14.51 -5.8
104238 -40 14.51 -5.8
103071 -40 14.51 -5.8
100894 -40 14.51 -5.8
102524 -40 14.51 -5.8
107364 -40 14.51 -5.8
103509 -40 14.51 -5.8
106593 -40 14.51 -5.8
104323 -40 14.51 -5.8
100335 -40 14.51 -5.8
102892 -40 14.51 -5.8
105789 -40 14.51 -5.8
104981 -40 14.51 -5.8
106255 -40 14.51 -5.8
99628 -40 14.51 -5.8
100182 -40 14.51 -5.8
108486 -40 14.51 -5.8
109333 -40 14.51 -5.8
103047 -40 14.51 -5.8
105862 -40 14.51 -5.8
102788 -40 14.51 -5.8
99201 -40 14.51 -5.8
106704 -40 14.51 -5.8
104239 -40 14.51 -5.8
103916 -40 14.51 -5.8
101815 -40 14.51 -5.8
105560 -40 14.51 -5.8
102547 -40 14.51 -5.8
99883 -40 14.51 -5.8
98249 -40 14.51 -5.8
85418 -40 9.79 7.92
80767 -40 9.79 7.92
87534 -40 9.79 7.92
88474 -40 9.79 7.92
85255 -40 9.79 7.92
82270 -40 9.79 7.92
83098 -40 9.79 7.92
80878 -40 9.79 7.92
79630 -40 9.79 7.92
84401 -40 9.79 7.92
81794 -40 9.79 7.92
82755 -40 9.79 7.92
84053 -40 9.79 7.92
81797 -40 9.79 7.92
88074 -40 9.79 7.92
80590 -40 9.79 7.92
81935 -40 9.79 7.92
83668 -40 9.79 7.92
83418 -40 9.79 7.92
81676 -40 9.79 7.92
88607 -40 9.79 7.92
83866 -40 9.79 7.92
80897 -40 9.79 7.92
85380 -40 9.79 7.92
86466 -40 9.79 7.92
83329 -40 9.79 7.92
84094 -40 9.79 7.92
85388 -40 9.79 7.92
82526 -40 9.79 7.92
79262 -40 9.79 7.92
79256 -40 9.79 7.92
87278 -40 9.79 7.92
84659 -40 9.79 7.92
85212 -40 9.79 7.92
83505 -40 9.79 7.92
79356 -40 9.79 7.92
86310 -40 9.79 7.92
82987 -40 9.79 7.92
83942 -40 9.79 7.92
