#rtt sig_str x y
189449 -40 21.83 18.03
190203 -40 21.83 18.03
188223 -40 21.83 18.03
187863 -40 21.83 18.03
185550 -40 21.83 18.03
182873 -40 21.83 18.03
190576 -40 21.83 18.03
184378 -40 21.83 18.03
185756 -40 21.83 18.03
183171 -40 21.83 18.03
186548 -40 21.83 18.03
188801 -40 21.83 18.03
186743 -40 21.83 18.03
186202 -40 21.83 18.03
189042 -40 21.83 18.03
190913 -40 21.83 18.03
191824 -40 21.83 18.03
190244 -40 21.83 18.03
184739 -40 21.83 18.03
192730 -40 21.83 18.03
192251 -40 21.83 18.03
190503 -40 21.83 18.03
189717 -40 21.83 18.03
186407 -40 21.83 18.03
187229 -40 21.83 18.03
187395 -40 21.83 18.03
185119 -40 21.83 18.03
193725 -40 21.83 18.03
187794 -40 21.83 18.03
189671 -40 21.83 18.03
184543 -40 21.83 18.03
194523 -40 21.83 18.03
185059 -40 21.83 18.03
190803 -40 21.83 18.03
184739 -40 21.83 18.03
190311 -40 21.83 18.03
186882 -40 21.83 18.03
183740 -40 21.83 18.03
187068 -40 21.83 18.03
108403 -40 -12.91 -9.21
110184 -40 -12.91 -9.21
104144 -40 -12.91 -9.21
105890 -40 -12.91 -9.21
103296 -40 -12.91 -9.21
106625 -40 -12.91 -9.21
99348 -40 -12.91 -9.21
109871 -40 -12.91 -9.21
105896 -40 -12.91 -9.21
106142 -40 -12.91 -9.21
107823 -40 -12.91 -9.21
105111 -40 -12.91 -9.21
104291 -40 -12.91 -9.21
107745 -40 -12.91 -9.21
105065 -40 -12.91 -9.21
103607 -40 -12.91 -9.21
109294 -40 -12.91 -9.21
104551 -40 -12.91 -9.21
104841 -40 -12.91 -9.21
107904 -40 -12.91 -9.21
105965 -40 -12.91 -9.21
107472 -40 -12.91 -9.21
105926 -40 -12.91 -9.21
108883 -40 -12.91 -9.21
104678 -40 -12.91 -9.21
108367 -40 -12.91 -9.21
108873 -40 -12.91 -9.21
103872 -40 -12.91 -9.21
104830 -40 -12.91 -9.21
105360 -40 -12.91 -9.21
103704 -40 -12.91 -9.21
106799 -40 -12.91 -9.21
105224 -40 -12.91 -9.21
106885 -40 -12.91 -9.21
109812 -40 -12.91 -9.21
103599 -40 -12.91 -9.21
99403 -40 -12.91 -9.21
107101 -40 -12.91 -9.21
108996 -40 -12.91 -9.21
254696 -40 -25.61 28.21
252675 -40 -25.61 28.21
255569 -40 -25.61 28.21
249522 -40 -25.61 28.21
258077 -40 -25.61 28.21
252153 -40 -25.61 28.21
249905 -40 -25.61 28.21
254324 -40 -25.61 28.21
255971 -40 -25.61 28.21
258660 -40 -25.61 28.21
251461 -40 -25.61 28.21
250929 -40 -25.61 28.21
252279 -40 -25.61 28.21
253039 -40 -25.61 28.21
254755 -40 -25.61 28.21
258320 -40 -25.61 28.21
256628 -40 -25.61 28.21
257674 -40 -25.61 28.21
252546 -40 -25.61 28.21
255966 -40 -25.61 28.21
252898 -40 -25.61 28.21
253217 -40 -25.61 28.21
252547 -40 -25.61 28.21
257259 -40 -25.61 28.21
256092 -40 -25.61 28.21
253190 -40 -25.61 28.21
251997 -40 -25.61 28.21
255190 -40 -25.61 28.21
253193 -40 -25.61 28.21
256391 -40 -25.61 28.21
249800 -40 -25.61 28.21
251443 -40 -25.61 28.21
251489 -40 -25.61 28.21
250108 -40 -25.61 28.21
251642 -40 -25.61 28.21
253454 -40 -25.61 28.21
257198 -40 -25.61 28.21
250250 -40 -25.61 28.21
253574 -40 -25.61 28.21
101166 -40 15.8 -0.58
105680 -40 15.8 -0.58
110589 -40 15.8 -0.58
105419 -40 15.8 -0.58
113363 -40 15.8 -0.58
100949 -40 15.8 -0.58
106610 -40 15.8 -0.58
105316 -40 15.8 -0.58
103947 -40 15.8 -0.58
106521 -40 15.8 -0.58
104842 -40 15.8 -0.58
106749 -40 15.8 -0.58
107467 -40 15.8 -0.58
104000 -40 15.8 -0.58
107410 -40 15.8 -0.58
106482 -40 15.8 -0.58
106605 -40 15.8 -0.58
103427 -40 15.8 -0.58
97877 -40 15.8 -0.58
105467 -40 15.8 -0.58
107608 -40 15.8 -0.58
104394 -40 15.8 -0.58
107106 -40 15.8 -0.58
107181 -40 15.8 -0.58
103102 -40 15.8 -0.58
100773 -40 15.8 -0.58
108457 -40 15.8 -0.58
103023 -40 15.8 -0.58
106677 -40 15.8 -0.58
104200 -40 15.8 -0.58
109046 -40 15.8 -0.58
104826 -40 15.8 -0.58
110755 -40 15.8 -0.58
104777 -40 15.8 -0.58
107637 -40 15.8 -0.58
105875 -40 15.8 -0.58
100551 -40 15.8 -0.58
105703 -40 15.8 -0.58
99440 -40 15.8 -0.58
67530 -40 -2.84 -10
69963 -40 -2.84 -10
69556 -40 -2.84 -10
67707 -40 -2.84 -10
70126 -40 -2.84 -10
67278 -40 -2.84 -10
69210 -40 -2.84 -10
70102 -40 -2.84 -10
66430 -40 -2.84 -10
68144 -40 -2.84 -10
65540 -40 -2.84 -10
70639 -40 -2.84 -10
66178 -40 -2.84 -10
64927 -40 -2.84 -10
69185 -40 -2.84 -10
74597 -40 -2.84 -10
66632 -40 -2.84 -10
65212 -40 -2.84 -10
71333 -40 -2.84 -10
65717 -40 -2.84 -10
71590 -40 -2.84 -10
65357 -40 -2.84 -10
74672 -40 -2.84 -10
70886 -40 -2.84 -10
65267 -40 -2.84 -10
70945 -40 -2.84 -10
68258 -40 -2.84 -10
71791 -40 -2.84 -10
69141 -40 -2.84 -10
71564 -40 -2.84 -10
74210 -40 -2.84 -10
70188 -40 -2.84 -10
68884 -40 -2.84 -10
66666 -40 -2.84 -10
71447 -40 -2.84 -10
67839 -40 -2.84 -10
69778 -40 -2.84 -10
66866 -40 -2.84 -10
72482 -40 -2.84 -10
70029 -40 2.54 -10.14
72789 -40 2.54 -10.14
69698 -40 2.54 -10.14
68805 -40 2.54 -10.14
70522 -40 2.54 -10.14
69818 -40 2.54 -10.14
70727 -40 2.54 -10.14
72117 -40 2.54 -10.14
68613 -40 2.54 -10.14
66513 -40 2.54 -10.14
70052 -40 2.54 -10.14
69445 -40 2.54 -10.14
67562 -40 2.54 -10.14
66245 -40 2.54 -10.14
67306 -40 2.54 -10.14
71138 -40 2.54 -10.14
70766 -40 2.54 -10.14
72248 -40 2.54 -10.14
72529 -40 2.54 -10.14
72666 -40 2.54 -10.14
69827 -40 2.54 -10.14
71221 -40 2.54 -10.14
68898 -40 2.54 -10.14
73599 -40 2.54 -10.14
67108 -40 2.54 -10.14
72740 -40 2.54 -10.14
70214 -40 2.54 -10.14
67754 -40 2.54 -10.14
70510 -40 2.54 -10.14
72845 -40 2.54 -10.14
73934 -40 2.54 -10.14
67646 -40 2.54 -10.14
71235 -40 2.54 -10.14
66542 -40 2.54 -10.14
69891 -40 2.54 -10.14
66689 -40 2.54 -10.14
69177 -40 2.54 -10.14
71506 -40 2.54 -10.14
71677 -40 2.54 -10.14
168920 -40 13.6 21.28
166900 -40 13.6 21.28
168470 -40 13.6 21.28
171763 -40 13.6 21.28
167526 -40 13.6 21.28
166847 -40 13.6 21.28
164429 -40 13.6 21.28
162477 -40 13.6 21.28
171997 -40 13.6 21.28
168444 -40 13.6 21.28
168029 -40 13.6 21.28
169837 -40 13.6 21.28
169588 -40 13.6 21.28
169581 -40 13.6 21.28
168427 -40 13.6 21.28
173235 -40 13.6 21.28
170782 -40 13.6 21.28
168582 -40 13.6 21.28
171579 -40 13.6 21.28
168206 -40 13.6 21.28
170921 -40 13.6 21.28
167465 -40 13.6 21.28
168738 -40 13.6 21.28
168869 -40 13.6 21.28
168028 -40 13.6 21.28
171125 -40 13.6 21.28
169664 -40 13.6 21.28
168942 -40 13.6 21.28
170803 -40 13.6 21.28
175029 -40 13.6 21.28
169717 -40 13.6 21.28
172001 -40 13.6 21.28
167338 -40 13.6 21.28
165824 -40 13.6 21.28
168170 -40 13.6 21.28
168920 -40 13.6 21.28
166886 -40 13.6 21.28
167525 -40 13.6 21.28
166942 -40 13.6 21.28
193204 -40 20.94 19.9
194876 -40 20.94 19.9
188344 -40 20.94 19.9
192538 -40 20.94 19.9
191480 -40 20.94 19.9
190632 -40 20.94 19.9
192825 -40 20.94 19.9
195004 -40 20.94 19.9
193969 -40 20.94 19.9
195501 -40 20.94 19.9
192607 -40 20.94 19.9
189693 -40 20.94 19.9
193343 -40 20.94 19.9
192705 -40 20.94 19.9
190725 -40 20.94 19.9
196581 -40 20.94 19.9
192751 -40 20.94 19.9
187114 -40 20.94 19.9
197170 -40 20.94 19.9
193153 -40 20.94 19.9
198300 -40 20.94 19.9
195279 -40 20.94 19.9
192470 -40 20.94 19.9
194679 -40 20.94 19.9
191881 -40 20.94 19.9
195360 -40 20.94 19.9
198852 -40 20.94 19.9
189689 -40 20.94 19.9
192841 -40 20.94 19.9
192905 -40 20.94 19.9
191517 -40 20.94 19.9
195161 -40 20.94 19.9
194966 -40 20.94 19.9
193808 -40 20.94 19.9
193231 -40 20.94 19.9
191261 -40 20.94 19.9
186720 -40 20.94 19.9
192492 -40 20.94 19.9
194068 -40 20.94 19.9
128599 -40 16.09 10.27
132909 -40 16.09 10.27
130155 -40 16.09 10.27
132873 -40 16.09 10.27
127350 -40 16.09 10.27
127247 -40 16.09 10.27
125773 -40 16.09 10.27
125632 -40 16.09 10.27
127626 -40 16.09 10.27
125532 -40 16.09 10.27
128277 -40 16.09 10.27
129827 -40 16.09 10.27
129471 -40 16.09 10.27
132119 -40 16.09 10.27
123453 -40 16.09 10.27
122404 -40 16.09 10.27
129179 -40 16.09 10.27
129762 -40 16.09 10.27
126314 -40 16.09 10.27
131055 -40 16.09 10.27
125603 -40 16.09 10.27
124913 -40 16.09 10.27
127439 -40 16.09 10.27
128225 -40 16.09 10.27
130244 -40 16.09 10.27
126556 -40 16.09 10.27
128645 -40 16.09 10.27
128081 -40 16.09 10.27
126869 -40 16.09 10.27
128906 -40 16.09 10.27
124688 -40 16.09 10.27
128673 -40 16.09 10.27
126182 -40 16.09 10.27
122619 -40 16.09 10.27
129225 -40 16.09 10.27
130941 -40 16.09 10.27
130091 -40 16.09 10.27
123660 -40 16.09 10.27
123881 -40 16.09 10.27
184941 -40 -15.48 -22.17
182570 -40 -15.48 -22.17
180721 -40 -15.48 -22.17
182748 -40 -15.48 -22.17
178231 -40 -15.48 -22.17
179301 -40 -15.48 -22.17
179943 -40 -15.48 -22.17
181514 -40 -15.48 -22.17
180356 -40 -15.48 -22.17
178466 -40 -15.48 -22.17
180032 -40 -15.48 -22.17
177982 -40 -15.48 -22.17
182647 -40 -15.48 -22.17
185173 -40 -15.48 -22.17
185784 -40 -15.48 -22.17
184736 -40 -15.48 -22.17
178650 -40 -15.48 -22.17
180078 -40 -15.48 -22.17
175820 -40 -15.48 -22.17
180288 -40 -15.48 -22.17
178743 -40 -15.48 -22.17
180480 -40 -15.48 -22.17
182448 -40 -15.48 -22.17
180184 -40 -15.48 -22.17
180677 -40 -15.48 -22.17
179917 -40 -15.48 -22.17
183421 -40 -15.48 -22.17
180732 -40 -15.48 -22.17
172497 -40 -15.48 -22.17
177194 -40 -15.48 -22.17
177512 -40 -15.48 -22.17
182253 -40 -15.48 -22.17
176886 -40 -15.48 -22.17
180479 -40 -15.48 -22.17
182243 -40 -15.48 -22.17
178345 -40 -15.48 -22.17
183983 -40 -15.48 -22.17
178616 -40 -15.48 -22.17
178456 -40 -15.48 -22.17
