#rtt sig_str x y
179462 -40 8.65 25.02
177894 -40 8.65 25.02
175425 -40 8.65 25.02
176132 -40 8.65 25.02
174511 -40 8.65 25.02
175161 -40 8.65 25.02
177368 -40 8.65 25.02
174766 -40 8.65 25.02
173858 -40 8.65 25.02
178352 -40 8.65 25.02
172816 -40 8.65 25.02
179002 -40 8.65 25.02
180754 -40 8.65 25.02
182546 -40 8.65 25.02
174292 -40 8.65 25.02
178561 -40 8.65 25.02
178639 -40 8.65 25.02
177362 -40 8.65 25.02
178342 -40 8.65 25.02
177775 -40 8.65 25.02
176557 -40 8.65 25.02
173789 -40 8.65 25.02
178318 -40 8.65 25.02
171223 -40 8.65 25.02
174705 -40 8.65 25.02
176899 -40 8.65 25.02
173511 -40 8.65 25.02
174843 -40 8.65 25.02
176422 -40 8.65 25.02
176541 -40 8.65 25.02
174566 -40 8.65 25.02
173093 -40 8.65 25.02
175571 -40 8.65 25.02
180925 -40 8.65 25.02
179916 -40 8.65 25.02
172417 -40 8.65 25.02
174086 -40 8.65 25.02
177551 -40 8.65 25.02
178148 -40 8.65 25.02
122147 -40 -7.16 -16.91
122075 -40 -7.16 -16.91
120807 -40 -7.16 -16.91
120181 -40 -7.16 -16.91
120310 -40 -7.16 -16.91
125352 -40 -7.16 -16.91
122075 -40 -7.16 -16.91
123263 -40 -7.16 -16.91
128738 -40 -7.16 -16.91
118097 -40 -7.16 -16.91
121774 -40 -7.16 -16.91
123789 -40 -7.16 -16.91
117465 -40 -7.16 -16.91
123726 -40 -7.16 -16.91
123783 -40 -7.16 -16.91
124363 -40 -7.16 -16.91
121548 -40 -7.16 -16.91
123015 -40 -7.16 -16.91
122258 -40 -7.16 -16.91
120250 -40 -7.16 -16.91
124932 -40 -7.16 -16.91
118991 -40 -7.16 -16.91
131221 -40 -7.16 -16.91
124334 -40 -7.16 -16.91
125495 -40 -7.16 -16.91
120522 -40 -7.16 -16.91
122564 -40 -7.16 -16.91
118223 -40 -7.16 -16.91
121654 -40 -7.16 -16.91
119758 -40 -7.16 -16.91
119205 -40 -7.16 -16.91
124445 -40 -7.16 -16.91
120894 -40 -7.16 -16.91
125078 -40 -7.16 -16.91
118741 -40 -7.16 -16.91
122969 -40 -7.16 -16.91
122549 -40 -7.16 -16.91
117989 -40 -7.16 -16.91
122403 -40 -7.16 -16.91
74712 -40 9.78 -5.44
76953 -40 9.78 -5.44
73689 -40 9.78 -5.44
74317 -40 9.78 -5.44
76750 -40 9.78 -5.44
72174 -40 9.78 -5.44
71353 -40 9.78 -5.44
80312 -40 9.78 -5.44
78656 -40 9.78 -5.44
74542 -40 9.78 -5.44
78044 -40 9.78 -5.44
74055 -40 9.78 -5.44
72645 -40 9.78 -5.44
71261 -40 9.78 -5.44
72258 -40 9.78 -5.44
79716 -40 9.78 -5.44
74352 -40 9.78 -5.44
70571 -40 9.78 -5.44
76679 -40 9.78 -5.44
72533 -40 9.78 -5.44
76888 -40 9.78 -5.44
75163 -40 9.78 -5.44
70741 -40 9.78 -5.44
78710 -40 9.78 -5.44
71307 -40 9.78 -5.44
76239 -40 9.78 -5.44
75389 -40 9.78 -5.44
74792 -40 9.78 -5.44
72491 -40 9.78 -5.44
76457 -40 9.78 -5.44
73837 -40 9.78 -5.44
68659 -40 9.78 -5.44
76684 -40 9.78 -5.44
74169 -40 9.78 -5.44
69435 -40 9.78 -5.44
71324 -40 9.78 -5.44
75744 -40 9.78 -5.44
73029 -40 9.78 -5.44
74066 -40 9.78 -5.44
147870 -40 -20.18 8.59
149928 -40 -20.18 8.59
145839 -40 -20.18 8.59
143914 -40 -20.18 8.59
142934 -40 -20.18 8.59
146897 -40 -20.18 8.59
145341 -40 -20.18 8.59
147300 -40 -20.18 8.59
149491 -40 -20.18 8.59
144404 -40 -20.18 8.59
145320 -40 -20.18 8.59
145575 -40 -20.18 8.59
144579 -40 -20.18 8.59
144796 -40 -20.18 8.59
147305 -40 -20.18 8.59
149776 -40 -20.18 8.59
144668 -40 -20.18 8.59
142218 -40 -20.18 8.59
145592 -40 -20.18 8.59
144072 -40 -20.18 8.59
146251 -40 -20.18 8.59
148142 -40 -20.18 8.59
144390 -40 -20.18 8.59
148017 -40 -20.18 8.59
146159 -40 -20.18 8.59
141830 -40 -20.18 8.59
148406 -40 -20.18 8.59
145116 -40 -20.18 8.59
143645 -40 -20.18 8.59
153387 -40 -20.18 8.59
145223 -40 -20.18 8.59
148494 -40 -20.18 8.59
152342 -40 -20.18 8.59
144404 -40 -20.18 8.59
148329 -40 -20.18 8.59
146940 -40 -20.18 8.59
147782 -40 -20.18 8.59
142525 -40 -20.18 8.59
145050 -40 -20.18 8.59
202401 -40 27.76 12.39
199019 -40 27.76 12.39
203179 -40 27.76 12.39
199420 -40 27.76 12.39
202096 -40 27.76 12.39
206950 -40 27.76 12.39
201542 -40 27.76 12.39
203349 -40 27.76 12.39
200942 -40 27.76 12.39
199919 -40 27.76 12.39
203800 -40 27.76 12.39
202321 -40 27.76 12.39
204517 -40 27.76 12.39
201404 -40 27.76 12.39
206763 -40 27.76 12.39
200603 -40 27.76 12.39
200894 -40 27.76 12.39
202505 -40 27.76 12.39
199357 -40 27.76 12.39
202202 -40 27.76 12.39
203269 -40 27.76 12.39
198901 -40 27.76 12.39
199794 -40 27.76 12.39
205533 -40 27.76 12.39
206556 -40 27.76 12.39
204065 -40 27.76 12.39
206138 -40 27.76 12.39
209726 -40 27.76 12.39
199435 -40 27.76 12.39
204555 -40 27.76 12.39
196752 -40 27.76 12.39
202871 -40 27.76 12.39
205971 -40 27.76 12.39
202379 -40 27.76 12.39
199011 -40 27.76 12.39
199565 -40 27.76 12.39
202697 -40 27.76 12.39
204957 -40 27.76 12.39
199433 -40 27.76 12.39
73531 -40 -9.2 6.01
72561 -40 -9.2 6.01
75976 -40 -9.2 6.01
74063 -40 -9.2 6.01
74583 -40 -9.2 6.01
73108 -40 -9.2 6.01
69903 -40 -9.2 6.01
68086 -40 -9.2 6.01
73056 -40 -9.2 6.01
70761 -40 -9.2 6.01
71377 -40 -9.2 6.01
69745 -40 -9.2 6.01
72830 -40 -9.2 6.01
71574 -40 -9.2 6.01
72598 -40 -9.2 6.01
77900 -40 -9.2 6.01
72057 -40 -9.2 6.01
72169 -40 -9.2 6.01
73686 -40 -9.2 6.01
71120 -40 -9.2 6.01
73703 -40 -9.2 6.01
77414 -40 -9.2 6.01
70434 -40 -9.2 6.01
74264 -40 -9.2 6.01
71486 -40 -9.2 6.01
67757 -40 -9.2 6.01
72650 -40 -9.2 6.01
66532 -40 -9.2 6.01
73057 -40 -9.2 6.01
73031 -40 -9.2 6.01
74045 -40 -9.2 6.01
73720 -40 -9.2 6.01
75451 -40 -9.2 6.01
71435 -40 -9.2 6.01
75922 -40 -9.2 6.01
71105 -40 -9.2 6.01
72989 -40 -9.2 6.01
69114 -40 -9.2 6.01
76002 -40 -9.2 6.01
256155 -40 29.51 25.65
260810 -40 29.51 25.65
257556 -40 29.51 25.65
264098 -40 29.51 25.65
262115 -40 29.51 25.65
258948 -40 29.51 25.65
257749 -40 29.51 25.65
254346 -40 29.51 25.65
261633 -40 29.51 25.65
267175 -40 29.51 25.65
262919 -40 29.51 25.65
261960 -40 29.51 25.65
263349 -40 29.51 25.65
259775 -40 29.51 25.65
260862 -40 29.51 25.65
258623 -40 29.51 25.65
258905 -40 29.51 25.65
264935 -40 29.51 25.65
260170 -40 29.51 25.65
258643 -40 29.51 25.65
257051 -40 29.51 25.65
259066 -40 29.51 25.65
261229 -40 29.51 25.65
256980 -40 29.51 25.65
260476 -40 29.51 25.65
260926 -40 29.51 25.65
261086 -40 29.51 25.65
259902 -40 29.51 25.65
259302 -40 29.51 25.65
254655 -40 29.51 25.65
258911 -40 29.51 25.65
257050 -40 29.51 25.65
261967 -40 29.51 25.65
261289 -40 29.51 25.65
262769 -40 29.51 25.65
257746 -40 29.51 25.65
261162 -40 29.51 25.65
259772 -40 29.51 25.65
260751 -40 29.51 25.65
131460 -40 -15.9 11.8
130980 -40 -15.9 11.8
132567 -40 -15.9 11.8
132248 -40 -15.9 11.8
132437 -40 -15.9 11.8
125221 -40 -15.9 11.8
130811 -40 -15.9 11.8
128128 -40 -15.9 11.8
130911 -40 -15.9 11.8
130079 -40 -15.9 11.8
133730 -40 -15.9 11.8
135098 -40 -15.9 11.8
131275 -40 -15.9 11.8
132667 -40 -15.9 11.8
128511 -40 -15.9 11.8
130477 -40 -15.9 11.8
133660 -40 -15.9 11.8
129739 -40 -15.9 11.8
132322 -40 -15.9 11.8
131852 -40 -15.9 11.8
129396 -40 -15.9 11.8
129470 -40 -15.9 11.8
132856 -40 -15.9 11.8
131663 -40 -15.9 11.8
132551 -40 -15.9 11.8
132858 -40 -15.9 11.8
130513 -40 -15.9 11.8
134697 -40 -15.9 11.8
133519 -40 -15.9 11.8
131283 -40 -15.9 11.8
134590 -40 -15.9 11.8
129290 -40 -15.9 11.8
128147 -40 -15.9 11.8
131928 -40 -15.9 11.8
131900 -40 -15.9 11.8
129613 -40 -15.9 11.8
130064 -40 -15.9 11.8
129430 -40 -15.9 11.8
135524 -40 -15.9 11.8
191738 -40 5.14 -28.59
186783 -40 5.14 -28.59
195227 -40 5.14 -28.59
192619 -40 5.14 -28.59
197137 -40 5.14 -28.59
190344 -40 5.14 -28.59
189996 -40 5.14 -28.59
189553 -40 5.14 -28.59
192225 -40 5.14 -28.59
193678 -40 5.14 -28.59
195985 -40 5.14 -28.59
196056 -40 5.14 -28.59
195152 -40 5.14 -28.59
191455 -40 5.14 -28.59
193201 -40 5.14 -28.59
189147 -40 5.14 -28.59
196202 -40 5.14 -28.59
192095 -40 5.14 -28.59
195960 -40 5.14 -28.59
190041 -40 5.14 -28.59
196536 -40 5.14 -28.59
191794 -40 5.14 -28.59
190673 -40 5.14 -28.59
192857 -40 5.14 -28.59
187227 -40 5.14 -28.59
193821 -40 5.14 -28.59
193034 -40 5.14 -28.59
195671 -40 5.14 -28.59
195791 -40 5.14 -28.59
190251 -40 5.14 -28.59
194462 -40 5.14 -28.59
196832 -40 5.14 -28.59
193313 -40 5.14 -28.59
198034 -40 5.14 -28.59
198839 -40 5.14 -28.59
192751 -40 5.14 -28.59
192233 -40 5.14 -28.59
194876 -40 5.14 -28.59
188679 -40 5.14 -28.59
44021 -40 -5.6 -3.59
45385 -40 -5.6 -3.59
46248 -40 -5.6 -3.59
40100 -40 -5.6 -3.59
44291 -40 -5.6 -3.59
43508 -40 -5.6 -3.59
50864 -40 -5.6 -3.59
43669 -40 -5.6 -3.59
50161 -40 -5.6 -3.59
47052 -40 -5.6 -3.59
40683 -40 -5.6 -3.59
46840 -40 -5.6 -3.59
45922 -40 -5.6 -3.59
42495 -40 -5.6 -3.59
42423 -40 -5.6 -3.59
48185 -40 -5.6 -3.59
41467 -40 -5.6 -3.59
44748 -40 -5.6 -3.59
42182 -40 -5.6 -3.59
45012 -40 -5.6 -3.59
42106 -40 -5.6 -3.59
44017 -40 -5.6 -3.59
45532 -40 -5.6 -3.59
49456 -40 -5.6 -3.59
42502 -40 -5.6 -3.59
42325 -40 -5.6 -3.59
42482 -40 -5.6 -3.59
49357 -40 -5.6 -3.59
43255 -40 -5.6 -3.59
49418 -40 -5.6 -3.59
45130 -40 -5.6 -3.59
41044 -40 -5.6 -3.59
41639 -40 -5.6 -3.59
44693 -40 -5.6 -3.59
45274 -40 -5.6 -3.59
41631 -40 -5.6 -3.59
45384 -40 -5.6 -3.59
43581 -40 -5.6 -3.59
44509 -40 -5.6 -3.59
