#rtt sig_str x y
206704 -40 -12.84 -28.27
206373 -40 -12.84 -28.27
205704 -40 -12.84 -28.27
204073 -40 -12.84 -28.27
206830 -40 -12.84 -28.27
204223 -40 -12.84 -28.27
211998 -40 -12.84 -28.27
205195 -40 -12.84 -28.27
211668 -40 -12.84 -28.27
208193 -40 -12.84 -28.27
204184 -40 -12.84 -28.27
208569 -40 -12.84 -28.27
203005 -40 -12.84 -28.27
203161 -40 -12.84 -28.27
205596 -40 -12.84 -28.27
209597 -40 -12.84 -28.27
208802 -40 -12.84 -28.27
211933 -40 -12.84 -28.27
204705 -40 -12.84 -28.27
209304 -40 -12.84 -28.27
209741 -40 -12.84 -28.27
206041 -40 -12.84 -28.27
209043 -40 -12.84 -28.27
206941 -40 -12.84 -28.27
205028 -40 -12.84 -28.27
206781 -40 -12.84 -28.27
207466 -40 -12.84 -28.27
206530 -40 -12.84 -28.27
208241 -40 -12.84 -28.27
204525 -40 -12.84 -28.27
205937 -40 -12.84 -28.27
209489 -40 -12.84 -28.27
207688 -40 -12.84 -28.27
211785 -40 -12.84 -28.27
206397 -40 -12.84 -28.27
209357 -40 -12.84 -28.27
204647 -40 -12.84 -28.27
208777 -40 -12.84 -28.27
211911 -40 -12.84 -28.27
198753 -40 27.49 -10.66
200028 -40 27.49 -10.66
192752 -40 27.49 -10.66
197096 -40 27.49 -10.66
195084 -40 27.49 -10.66
194889 -40 27.49 -10.66
196885 -40 27.49 -10.66
196111 -40 27.49 -10.66
191420 -40 27.49 -10.66
199035 -40 27.49 -10.66
192621 -40 27.49 -10.66
194154 -40 27.49 -10.66
199219 -40 27.49 -10.66
198942 -40 27.49 -10.66
194801 -40 27.49 -10.66
195636 -40 27.49 -10.66
197505 -40 27.49 -10.66
199425 -40 27.49 -10.66
195332 -40 27.49 -10.66
195655 -40 27.49 -10.66
199582 -40 27.49 -10.66
192687 -40 27.49 -10.66
199529 -40 27.49 -10.66
198012 -40 27.49 -10.66
195163 -40 27.49 -10.66
201674 -40 27.49 -10.66
196817 -40 27.49 -10.66
199002 -40 27.49 -10.66
192993 -40 27.49 -10.66
194534 -40 27.49 -10.66
189596 -40 27.49 -10.66
196035 -40 27.49 -10.66
193335 -40 27.49 -10.66
204162 -40 27.49 -10.66
194360 -40 27.49 -10.66
195820 -40 27.49 -10.66
196656 -40 27.49 -10.66
197135 -40 27.49 -10.66
194044 -40 27.49 -10.66
118165 -40 16.22 6.69
112836 -40 16.22 6.69
119568 -40 16.22 6.69
115877 -40 16.22 6.69
117101 -40 16.22 6.69
112596 -40 16.22 6.69
118400 -40 16.22 6.69
120332 -40 16.22 6.69
118989 -40 16.22 6.69
117822 -40 16.22 6.69
119088 -40 16.22 6.69
121142 -40 16.22 6.69
115536 -40 16.22 6.69
118580 -40 16.22 6.69
116270 -40 16.22 6.69
120757 -40 16.22 6.69
114775 -40 16.22 6.69
115369 -40 16.22 6.69
115824 -40 16.22 6.69
116898 -40 16.22 6.69
117001 -40 16.22 6.69
119156 -40 16.22 6.69
118193 -40 16.22 6.69
115307 -40 16.22 6.69
122568 -40 16.22 6.69
114808 -40 16.22 6.69
124307 -40 16.22 6.69
114059 -40 16.22 6.69
115056 -40 16.22 6.69
116871 -40 16.22 6.69
118048 -40 16.22 6.69
116221 -40 16.22 6.69
118578 -40 16.22 6.69
118179 -40 16.22 6.69
116988 -40 16.22 6.69
115882 -40 16.22 6.69
117145 -40 16.22 6.69
118617 -40 16.22 6.69
120586 -40 16.22 6.69
209283 -40 29.22 8.79
200719 -40 29.22 8.79
202746 -40 29.22 8.79
206095 -40 29.22 8.79
198616 -40 29.22 8.79
202050 -40 29.22 8.79
202217 -40 29.22 8.79
203122 -40 29.22 8.79
202927 -40 29.22 8.79
203760 -40 29.22 8.79
204919 -40 29.22 8.79
202723 -40 29.22 8.79
200713 -40 29.22 8.79
204691 -40 29.22 8.79
207281 -40 29.22 8.79
206449 -40 29.22 8.79
197552 -40 29.22 8.79
200604 -40 29.22 8.79
207690 -40 29.22 8.79
207139 -40 29.22 8.79
206012 -40 29.22 8.79
202795 -40 29.22 8.79
200482 -40 29.22 8.79
204093 -40 29.22 8.79
206067 -40 29.22 8.79
209310 -40 29.22 8.79
204087 -40 29.22 8.79
203831 -40 29.22 8.79
203804 -40 29.22 8.79
209567 -40 29.22 8.79
201447 -40 29.22 8.79
203327 -40 29.22 8.79
201171 -40 29.22 8.79
199488 -40 29.22 8.79
200990 -40 29.22 8.79
202813 -40 29.22 8.79
204080 -40 29.22 8.79
204651 -40 29.22 8.79
206800 -40 29.22 8.79
135152 -40 -17.51 -9.31
130910 -40 -17.51 -9.31
134340 -40 -17.51 -9.31
129351 -40 -17.51 -9.31
132979 -40 -17.51 -9.31
134569 -40 -17.51 -9.31
135496 -40 -17.51 -9.31
134982 -40 -17.51 -9.31
131020 -40 -17.51 -9.31
134650 -40 -17.51 -9.31
132740 -40 -17.51 -9.31
134328 -40 -17.51 -9.31
134148 -40 -17.51 -9.31
129643 -40 -17.51 -9.31
130783 -40 -17.51 -9.31
134722 -40 -17.51 -9.31
131144 -40 -17.51 -9.31
132468 -40 -17.51 -9.31
135023 -40 -17.51 -9.31
133049 -40 -17.51 -9.31
131705 -40 -17.51 -9.31
131042 -40 -17.51 -9.31
126261 -40 -17.51 -9.31
135084 -40 -17.51 -9.31
132717 -40 -17.51 -9.31
137388 -40 -17.51 -9.31
134700 -40 -17.51 -9.31
134075 -40 -17.51 -9.31
133715 -40 -17.51 -9.31
131188 -40 -17.51 -9.31
127311 -40 -17.51 -9.31
132200 -40 -17.51 -9.31
132149 -40 -17.51 -9.31
131699 -40 -17.51 -9.31
134696 -40 -17.51 -9.31
132289 -40 -17.51 -9.31
133687 -40 -17.51 -9.31
132080 -40 -17.51 -9.31
136371 -40 -17.51 -9.31
181862 -40 -21.79 -16.79
185866 -40 -21.79 -16.79
185535 -40 -21.79 -16.79
185438 -40 -21.79 -16.79
178976 -40 -21.79 -16.79
184330 -40 -21.79 -16.79
185798 -40 -21.79 -16.79
182645 -40 -21.79 -16.79
188761 -40 -21.79 -16.79
187334 -40 -21.79 -16.79
186677 -40 -21.79 -16.79
182996 -40 -21.79 -16.79
181220 -40 -21.79 -16.79
183585 -40 -21.79 -16.79
181312 -40 -21.79 -16.79
179638 -40 -21.79 -16.79
178263 -40 -21.79 -16.79
179462 -40 -21.79 -16.79
184677 -40 -21.79 -16.79
179819 -40 -21.79 -16.79
182036 -40 -21.79 -16.79
181687 -40 -21.79 -16.79
184388 -40 -21.79 -16.79
180870 -40 -21.79 -16.79
184475 -40 -21.79 -16.79
190715 -40 -21.79 -16.79
179168 -40 -21.79 -16.79
187837 -40 -21.79 -16.79
183694 -40 -21.79 -16.79
176570 -40 -21.79 -16.79
187745 -40 -21.79 -16.79
180852 -40 -21.79 -16.79
183343 -40 -21.79 -16.79
183234 -40 -21.79 -16.79
182103 -40 -21.79 -16.79
180268 -40 -21.79 -16.79
182039 -40 -21.79 -16.79
184828 -40 -21.79 -16.79
181769 -40 -21.79 -16.79
232653 -40 24.51 25.09
234570 -40 24.51 25.09
230378 -40 24.51 25.09
237583 -40 24.51 25.09
235428 -40 24.51 25.09
231561 -40 24.51 25.09
240236 -40 24.51 25.09
231877 -40 24.51 25.09
231289 -40 24.51 25.09
230603 -40 24.51 25.09
235026 -40 24.51 25.09
234039 -40 24.51 25.09
230857 -40 24.51 25.09
231044 -40 24.51 25.09
229354 -40 24.51 25.09
235885 -40 24.51 25.09
236065 -40 24.51 25.09
237579 -40 24.51 25.09
231507 -40 24.51 25.09
233937 -40 24.51 25.09
237019 -40 24.51 25.09
234586 -40 24.51 25.09
233322 -40 24.51 25.09
230648 -40 24.51 25.09
234130 -40 24.51 25.09
236058 -40 24.51 25.09
234768 -40 24.51 25.09
233235 -40 24.51 25.09
234866 -40 24.51 25.09
235540 -40 24.51 25.09
232483 -40 24.51 25.09
233273 -40 24.51 25.09
228725 -40 24.51 25.09
229956 -40 24.51 25.09
237257 -40 24.51 25.09
230556 -40 24.51 25.09
235701 -40 24.51 25.09
236119 -40 24.51 25.09
230320 -40 24.51 25.09
242719 -40 -25.89 26.17
243520 -40 -25.89 26.17
248992 -40 -25.89 26.17
247012 -40 -25.89 26.17
246645 -40 -25.89 26.17
250372 -40 -25.89 26.17
247408 -40 -25.89 26.17
245499 -40 -25.89 26.17
244084 -40 -25.89 26.17
244820 -40 -25.89 26.17
245812 -40 -25.89 26.17
245181 -40 -25.89 26.17
245000 -40 -25.89 26.17
242903 -40 -25.89 26.17
248850 -40 -25.89 26.17
246196 -40 -25.89 26.17
246101 -40 -25.89 26.17
248953 -40 -25.89 26.17
244544 -40 -25.89 26.17
243998 -40 -25.89 26.17
245294 -40 -25.89 26.17
249298 -40 -25.89 26.17
247228 -40 -25.89 26.17
248557 -40 -25.89 26.17
244777 -40 -25.89 26.17
242977 -40 -25.89 26.17
243091 -40 -25.89 26.17
244668 -40 -25.89 26.17
245806 -40 -25.89 26.17
247686 -40 -25.89 26.17
248996 -40 -25.89 26.17
246886 -40 -25.89 26.17
245807 -40 -25.89 26.17
249447 -40 -25.89 26.17
244379 -40 -25.89 26.17
248780 -40 -25.89 26.17
246181 -40 -25.89 26.17
239866 -40 -25.89 26.17
244698 -40 -25.89 26.17
215073 -40 -25.48 20.19
216268 -40 -25.48 20.19
216230 -40 -25.48 20.19
216890 -40 -25.48 20.19
219963 -40 -25.48 20.19
219409 -40 -25.48 20.19
217164 -40 -25.48 20.19
218382 -40 -25.48 20.19
215346 -40 -25.48 20.19
213907 -40 -25.48 20.19
215095 -40 -25.48 20.19
210546 -40 -25.48 20.19
217666 -40 -25.48 20.19
217974 -40 -25.48 20.19
214503 -40 -25.48 20.19
217308 -40 -25.48 20.19
215268 -40 -25.48 20.19
221862 -40 -25.48 20.19
216887 -40 -25.48 20.19
218810 -40 -25.48 20.19
216493 -40 -25.48 20.19
219435 -40 -25.48 20.19
210317 -40 -25.48 20.19
217207 -40 -25.48 20.19
214611 -40 -25.48 20.19
216307 -40 -25.48 20.19
220213 -40 -25.48 20.19
213973 -40 -25.48 20.19
215511 -40 -25.48 20.19
216900 -40 -25.48 20.19
216839 -40 -25.48 20.19
217573 -40 -25.48 20.19
214304 -40 -25.48 20.19
218020 -40 -25.48 20.19
216007 -40 -25.48 20.19
215664 -40 -25.48 20.19
215019 -40 -25.48 20.19
220257 -40 -25.48 20.19
213945 -40 -25.48 20.19
155545 -40 2.61 -23.27
155632 -40 2.61 -23.27
157182 -40 2.61 -23.27
160008 -40 2.61 -23.27
156595 -40 2.61 -23.27
157549 -40 2.61 -23.27
151965 -40 2.61 -23.27
157282 -40 2.61 -23.27
155336 -40 2.61 -23.27
159057 -40 2.61 -23.27
161493 -40 2.61 -23.27
155699 -40 2.61 -23.27
158947 -40 2.61 -23.27
159538 -40 2.61 -23.27
152930 -40 2.61 -23.27
156443 -40 2.61 -23.27
157656 -40 2.61 -23.27
153227 -40 2.61 -23.27
157334 -40 2.61 -23.27
157616 -40 2.61 -23.27
154079 -40 2.61 -23.27
157256 -40 2.61 -23.27
159727 -40 2.61 -23.27
152197 -40 2.61 -23.27
156561 -40 2.61 -23.27
157629 -40 2.61 -23.27
154594 -40 2.61 -23.27
159046 -40 2.61 -23.27
152662 -40 2.61 -23.27
157630 -40 2.61 -23.27
151593 -40 2.61 -23.27
159700 -40 2.61 -23.27
158075 -40 2.61 -23.27
155994 -40 2.61 -23.27
157641 -40 2.61 -23.27
159645 -40 2.61 -23.27
155101 -40 2.61 -23.27
155065 -40 2.61 -23.27
155751 -40 2.61 -23.27
