#rtt sig_str x y
226375 -40 21.54 -26.43
226106 -40 21.54 -26.43
230447 -40 21.54 -26.43
226744 -40 21.54 -26.43
229814 -40 21.54 -26.43
226928 -40 21.54 -26.43
232883 -40 21.54 -26.43
230779 -40 21.54 -26.43
228274 -40 21.54 -26.43
227314 -40 21.54 -26.43
231599 -40 21.54 -26.43
221478 -40 21.54 -26.43
228259 -40 21.54 -26.43
229683 -40 21.54 -26.43
230367 -40 21.54 -26.43
226014 -40 21.54 -26.43
223382 -40 21.54 -26.43
230294 -40 21.54 -26.43
227704 -40 21.54 -26.43
225919 -40 21.54 -26.43
226884 -40 21.54 -26.43
226686 -40 21.54 -26.43
229546 -40 21.54 -26.43
225018 -40 21.54 -26.43
228359 -40 21.54 -26.43
225698 -40 21.54 -26.43
226922 -40 21.54 -26.43
227100 -40 21.54 -26.43
226988 -40 21.54 -26.43
228384 -40 21.54 -26.43
228465 -40 21.54 -26.43
223305 -40 21.54 -26.43
227745 -40 21.54 -26.43
222636 -40 21.54 -26.43
229665 -40 21.54 -26.43
226194 -40 21.54 -26.43
228123 -40 21.54 -26.43
228189 -40 21.54 -26.43
224261 -40 21.54 -26.43
62358 -40 -7.64 -4.74
55955 -40 -7.64 -4.74
59904 -40 -7.64 -4.74
60622 -40 -7.64 -4.74
62641 -40 -7.64 -4.74
58917 -40 -7.64 -4.74
59561 -40 -7.64 -4.74
54135 -40 -7.64 -4.74
54492 -40 -7.64 -4.74
57345 -40 -7.64 -4.74
64827 -40 -7.64 -4.74
59661 -40 -7.64 -4.74
58907 -40 -7.64 -4.74
58640 -40 -7.64 -4.74
55375 -40 -7.64 -4.74
60430 -40 -7.64 -4.74
61681 -40 -7.64 -4.74
59944 -40 -7.64 -4.74
55994 -40 -7.64 -4.74
62439 -40 -7.64 -4.74
58856 -40 -7.64 -4.74
62614 -40 -7.64 -4.74
58387 -40 -7.64 -4.74
62995 -40 -7.64 -4.74
63443 -40 -7.64 -4.74
58432 -40 -7.64 -4.74
63202 -40 -7.64 -4.74
59187 -40 -7.64 -4.74
62910 -40 -7.64 -4.74
68446 -40 -7.64 -4.74
55473 -40 -7.64 -4.74
61973 -40 -7.64 -4.74
59371 -40 -7.64 -4.74
61654 -40 -7.64 -4.74
59580 -40 -7.64 -4.74
61239 -40 -7.64 -4.74
63502 -40 -7.64 -4.74
64369 -40 -7.64 -4.74
59999 -40 -7.64 -4.74
71024 -40 3.31 -10.18
62142 -40 3.31 -10.18
68863 -40 3.31 -10.18
74180 -40 3.31 -10.18
63022 -40 3.31 -10.18
70915 -40 3.31 -10.18
70448 -40 3.31 -10.18
70497 -40 3.31 -10.18
71828 -40 3.31 -10.18
72416 -40 3.31 -10.18
73501 -40 3.31 -10.18
73753 -40 3.31 -10.18
70341 -40 3.31 -10.18
67043 -40 3.31 -10.18
71169 -40 3.31 -10.18
70859 -40 3.31 -10.18
72602 -40 3.31 -10.18
72950 -40 3.31 -10.18
68335 -40 3.31 -10.18
71224 -40 3.31 -10.18
71312 -40 3.31 -10.18
75518 -40 3.31 -10.18
72623 -40 3.31 -10.18
68542 -40 3.31 -10.18
73285 -40 3.31 -10.18
69704 -40 3.31 -10.18
68607 -40 3.31 -10.18
72977 -40 3.31 -10.18
69196 -40 3.31 -10.18
69398 -40 3.31 -10.18
70467 -40 3.31 -10.18
71563 -40 3.31 -10.18
70149 -40 3.31 -10.18
71157 -40 3.31 -10.18
70103 -40 3.31 -10.18
71402 -40 3.31 -10.18
71241 -40 3.31 -10.18
69480 -40 3.31 -10.18
75638 -40 3.31 -10.18
210669 -40 27.34 15.24
211544 -40 27.34 15.24
207264 -40 27.34 15.24
207152 -40 27.34 15.24
208252 -40 27.34 15.24
211076 -40 27.34 15.24
210622 -40 27.34 15.24
206801 -40 27.34 15.24
204538 -40 27.34 15.24
209127 -40 27.34 15.24
209240 -40 27.34 15.24
209487 -40 27.34 15.24
206599 -40 27.34 15.24
210842 -40 27.34 15.24
209005 -40 27.34 15.24
204561 -40 27.34 15.24
207767 -40 27.34 15.24
210503 -40 27.34 15.24
210247 -40 27.34 15.24
208050 -40 27.34 15.24
206297 -40 27.34 15.24
204500 -40 27.34 15.24
207670 -40 27.34 15.24
204221 -40 27.34 15.24
204736 -40 27.34 15.24
208454 -40 27.34 15.24
208397 -40 27.34 15.24
207423 -40 27.34 15.24
205302 -40 27.34 15.24
211985 -40 27.34 15.24
210167 -40 27.34 15.24
212728 -40 27.34 15.24
207808 -40 27.34 15.24
212793 -40 27.34 15.24
208694 -40 27.34 15.24
207231 -40 27.34 15.24
206797 -40 27.34 15.24
209539 -40 27.34 15.24
208042 -40 27.34 15.24
133047 -40 14.2 13.91
133781 -40 14.2 13.91
125714 -40 14.2 13.91
135333 -40 14.2 13.91
133010 -40 14.2 13.91
135106 -40 14.2 13.91
125510 -40 14.2 13.91
131190 -40 14.2 13.91
135618 -40 14.2 13.91
134122 -40 14.2 13.91
134072 -40 14.2 13.91
127655 -40 14.2 13.91
130273 -40 14.2 13.91
133807 -40 14.2 13.91
130656 -40 14.2 13.91
130840 -40 14.2 13.91
131566 -40 14.2 13.91
129892 -40 14.2 13.91
131441 -40 14.2 13.91
131936 -40 14.2 13.91
130529 -40 14.2 13.91
133563 -40 14.2 13.91
132141 -40 14.2 13.91
133823 -40 14.2 13.91
132026 -40 14.2 13.91
132316 -40 14.2 13.91
129471 -40 14.2 13.91
133307 -40 14.2 13.91
132120 -40 14.2 13.91
132825 -40 14.2 13.91
127225 -40 14.2 13.91
133598 -40 14.2 13.91
131706 -40 14.2 13.91
132822 -40 14.2 13.91
127979 -40 14.2 13.91
137375 -40 14.2 13.91
133864 -40 14.2 13.91
133906 -40 14.2 13.91
134045 -40 14.2 13.91
139065 -40 18.98 -8.79
143006 -40 18.98 -8.79
138308 -40 18.98 -8.79
137545 -40 18.98 -8.79
141140 -40 18.98 -8.79
143818 -40 18.98 -8.79
143291 -40 18.98 -8.79
138345 -40 18.98 -8.79
138346 -40 18.98 -8.79
138868 -40 18.98 -8.79
138276 -40 18.98 -8.79
140504 -40 18.98 -8.79
143672 -40 18.98 -8.79
137664 -40 18.98 -8.79
136873 -40 18.98 -8.79
143008 -40 18.98 -8.79
140126 -40 18.98 -8.79
141933 -40 18.98 -8.79
142558 -40 18.98 -8.79
140501 -40 18.98 -8.79
139789 -40 18.98 -8.79
138713 -40 18.98 -8.79
142912 -40 18.98 -8.79
142391 -40 18.98 -8.79
136937 -40 18.98 -8.79
143778 -40 18.98 -8.79
137251 -40 18.98 -8.79
140427 -40 18.98 -8.79
142479 -40 18.98 -8.79
137536 -40 18.98 -8.79
145540 -40 18.98 -8.79
137491 -40 18.98 -8.79
134133 -40 18.98 -8.79
138463 -40 18.98 -8.79
135562 -40 18.98 -8.79
141536 -40 18.98 -8.79
138498 -40 18.98 -8.79
138110 -40 18.98 -8.79
141326 -40 18.98 -8.79
165503 -40 -23.94 -2.64
166450 -40 -23.94 -2.64
160436 -40 -23.94 -2.64
160768 -40 -23.94 -2.64
162668 -40 -23.94 -2.64
156571 -40 -23.94 -2.64
162553 -40 -23.94 -2.64
160928 -40 -23.94 -2.64
162687 -40 -23.94 -2.64
157560 -40 -23.94 -2.64
165100 -40 -23.94 -2.64
161311 -40 -23.94 -2.64
162861 -40 -23.94 -2.64
160915 -40 -23.94 -2.64
160291 -40 -23.94 -2.64
156217 -40 -23.94 -2.64
160815 -40 -23.94 -2.64
160847 -40 -23.94 -2.64
163554 -40 -23.94 -2.64
163199 -40 -23.94 -2.64
159834 -40 -23.94 -2.64
159294 -40 -23.94 -2.64
159127 -40 -23.94 -2.64
158142 -40 -23.94 -2.64
163454 -40 -23.94 -2.64
160459 -40 -23.94 -2.64
158628 -40 -23.94 -2.64
157995 -40 -23.94 -2.64
161397 -40 -23.94 -2.64
156796 -40 -23.94 -2.64
158636 -40 -23.94 -2.64
158664 -40 -23.94 -2.64
160040 -40 -23.94 -2.64
160625 -40 -23.94 -2.64
160150 -40 -23.94 -2.64
160917 -40 -23.94 -2.64
157598 -40 -23.94 -2.64
161867 -40 -23.94 -2.64
162936 -40 -23.94 -2.64
191486 -40 25.71 -12.89
185006 -40 25.71 -12.89
187925 -40 25.71 -12.89
190968 -40 25.71 -12.89
194780 -40 25.71 -12.89
193297 -40 25.71 -12.89
190275 -40 25.71 -12.89
192124 -40 25.71 -12.89
192989 -40 25.71 -12.89
193953 -40 25.71 -12.89
192306 -40 25.71 -12.89
188964 -40 25.71 -12.89
191036 -40 25.71 -12.89
192373 -40 25.71 -12.89
194569 -40 25.71 -12.89
189687 -40 25.71 -12.89
191762 -40 25.71 -12.89
192005 -40 25.71 -12.89
192974 -40 25.71 -12.89
193048 -40 25.71 -12.89
187942 -40 25.71 -12.89
194926 -40 25.71 -12.89
191041 -40 25.71 -12.89
191450 -40 25.71 -12.89
189309 -40 25.71 -12.89
188180 -40 25.71 -12.89
189480 -40 25.71 -12.89
190146 -40 25.71 -12.89
187074 -40 25.71 -12.89
195868 -40 25.71 -12.89
193666 -40 25.71 -12.89
187913 -40 25.71 -12.89
189218 -40 25.71 -12.89
187713 -40 25.71 -12.89
191404 -40 25.71 -12.89
191842 -40 25.71 -12.89
195905 -40 25.71 -12.89
187360 -40 25.71 -12.89
189248 -40 25.71 -12.89
115878 -40 6.55 15.96
118006 -40 6.55 15.96
112654 -40 6.55 15.96
115571 -40 6.55 15.96
110716 -40 6.55 15.96
115164 -40 6.55 15.96
115114 -40 6.55 15.96
110432 -40 6.55 15.96
112559 -40 6.55 15.96
116607 -40 6.55 15.96
117444 -40 6.55 15.96
113825 -40 6.55 15.96
109578 -40 6.55 15.96
118999 -40 6.55 15.96
116649 -40 6.55 15.96
116204 -40 6.55 15.96
115533 -40 6.55 15.96
114141 -40 6.55 15.96
118748 -40 6.55 15.96
118950 -40 6.55 15.96
113325 -40 6.55 15.96
116254 -40 6.55 15.96
115369 -40 6.55 15.96
114874 -40 6.55 15.96
114132 -40 6.55 15.96
117423 -40 6.55 15.96
116055 -40 6.55 15.96
114177 -40 6.55 15.96
116411 -40 6.55 15.96
115514 -40 6.55 15.96
114444 -40 6.55 15.96
115811 -40 6.55 15.96
121534 -40 6.55 15.96
110685 -40 6.55 15.96
113000 -40 6.55 15.96
112623 -40 6.55 15.96
116811 -40 6.55 15.96
115541 -40 6.55 15.96
114557 -40 6.55 15.96
130465 -40 5.79 19.63
133337 -40 5.79 19.63
132288 -40 5.79 19.63
135361 -40 5.79 19.63
137801 -40 5.79 19.63
135683 -40 5.79 19.63
134303 -40 5.79 19.63
139641 -40 5.79 19.63
134974 -40 5.79 19.63
134637 -40 5.79 19.63
136851 -40 5.79 19.63
135298 -40 5.79 19.63
137152 -40 5.79 19.63
140460 -40 5.79 19.63
134519 -40 5.79 19.63
139350 -40 5.79 19.63
136734 -40 5.79 19.63
139093 -40 5.79 19.63
138676 -40 5.79 19.63
136418 -40 5.79 19.63
137276 -40 5.79 19.63
137243 -40 5.79 19.63
137992 -40 5.79 19.63
138122 -40 5.79 19.63
132619 -40 5.79 19.63
136194 -40 5.79 19.63
140188 -40 5.79 19.63
133772 -40 5.79 19.63
137260 -40 5.79 19.63
135201 -40 5.79 19.63
138013 -40 5.79 19.63
135546 -40 5.79 19.63
135257 -40 5.79 19.63
133075 -40 5.79 19.63
136463 -40 5.79 19.63
133902 -40 5.79 19.63
135608 -40 5.79 19.63
134751 -40 5.79 19.63
137106 -40 5.79 19.63
