#rtt sig_str x y
123097 -40 -15.09 11.38
127627 -40 -15.09 11.38
125582 -40 -15.09 11.38
122077 -40 -15.09 11.38
129424 -40 -15.09 11.38
128252 -40 -15.09 11.38
128047 -40 -15.09 11.38
126519 -40 -15.09 11.38
122828 -40 -15.09 11.38
125768 -40 -15.09 11.38
123828 -40 -15.09 11.38
126693 -40 -15.09 11.38
125750 -40 -15.09 11.38
124775 -40 -15.09 11.38
125782 -40 -15.09 11.38
127462 -40 -15.09 11.38
127457 -40 -15.09 11.38
130482 -40 -15.09 11.38
124832 -40 -15.09 11.38
127577 -40 -15.09 11.38
128499 -40 -15.09 11.38
127635 -40 -15.09 11.38
127156 -40 -15.09 11.38
125920 -40 -15.09 11.38
127033 -40 -15.09 11.38
129424 -40 -15.09 11.38
125530 -40 -15.09 11.38
126089 -40 -15.09 11.38
127229 -40 -15.09 11.38
124833 -40 -15.09 11.38
125876 -40 -15.09 11.38
123465 -40 -15.09 11.38
122841 -40 -15.09 11.38
127084 -40 -15.09 11.38
127729 -40 -15.09 11.38
122970 -40 -15.09 11.38
123532 -40 -15.09 11.38
126679 -40 -15.09 11.38
120877 -40 -15.09 11.38
68905 -40 -3 10.16
69618 -40 -3 10.16
69690 -40 -3 10.16
66520 -40 -3 10.16
71613 -40 -3 10.16
70410 -40 -3 10.16
69227 -40 -3 10.16
69708 -40 -3 10.16
69331 -40 -3 10.16
67644 -40 -3 10.16
73692 -40 -3 10.16
72137 -40 -3 10.16
70030 -40 -3 10.16
71048 -40 -3 10.16
67460 -40 -3 10.16
72545 -40 -3 10.16
71909 -40 -3 10.16
68587 -40 -3 10.16
70391 -40 -3 10.16
70311 -40 -3 10.16
68387 -40 -3 10.16
69942 -40 -3 10.16
71224 -40 -3 10.16
68830 -40 -3 10.16
69224 -40 -3 10.16
71391 -40 -3 10.16
70908 -40 -3 10.16
67664 -40 -3 10.16
71759 -40 -3 10.16
71389 -40 -3 10.16
73354 -40 -3 10.16
70720 -40 -3 10.16
70087 -40 -3 10.16
74124 -40 -3 10.16
69238 -40 -3 10.16
69130 -40 -3 10.16
71860 -40 -3 10.16
73458 -40 -3 10.16
73888 -40 -3 10.16
170914 -40 -5.34 25.25
170551 -40 -5.34 25.25
175988 -40 -5.34 25.25
174795 -40 -5.34 25.25
167988 -40 -5.34 25.25
168711 -40 -5.34 25.25
172782 -40 -5.34 25.25
170640 -40 -5.34 25.25
171773 -40 -5.34 25.25
171507 -40 -5.34 25.25
170535 -40 -5.34 25.25
168821 -40 -5.34 25.25
170213 -40 -5.34 25.25
172702 -40 -5.34 25.25
174354 -40 -5.34 25.25
171844 -40 -5.34 25.25
167396 -40 -5.34 25.25
170719 -40 -5.34 25.25
179322 -40 -5.34 25.25
170656 -40 -5.34 25.25
169938 -40 -5.34 25.25
175519 -40 -5.34 25.25
167609 -40 -5.34 25.25
172987 -40 -5.34 25.25
175285 -40 -5.34 25.25
176541 -40 -5.34 25.25
171027 -40 -5.34 25.25
172824 -40 -5.34 25.25
172252 -40 -5.34 25.25
173755 -40 -5.34 25.25
170620 -40 -5.34 25.25
166334 -40 -5.34 25.25
173603 -40 -5.34 25.25
169768 -40 -5.34 25.25
168795 -40 -5.34 25.25
174393 -40 -5.34 25.25
174807 -40 -5.34 25.25
172502 -40 -5.34 25.25
169556 -40 -5.34 25.25
184085 -40 -14.38 -23.41
183131 -40 -14.38 -23.41
185434 -40 -14.38 -23.41
187498 -40 -14.38 -23.41
182027 -40 -14.38 -23.41
185926 -40 -14.38 -23.41
184242 -40 -14.38 -23.41
184652 -40 -14.38 -23.41
181010 -40 -14.38 -23.41
185389 -40 -14.38 -23.41
185824 -40 -14.38 -23.41
185228 -40 -14.38 -23.41
181970 -40 -14.38 -23.41
179286 -40 -14.38 -23.41
183430 -40 -14.38 -23.41
185017 -40 -14.38 -23.41
182061 -40 -14.38 -23.41
182891 -40 -14.38 -23.41
180559 -40 -14.38 -23.41
181391 -40 -14.38 -23.41
185130 -40 -14.38 -23.41
185208 -40 -14.38 -23.41
184342 -40 -14.38 -23.41
184158 -40 -14.38 -23.41
182620 -40 -14.38 -23.41
179865 -40 -14.38 -23.41
184635 -40 -14.38 -23.41
187053 -40 -14.38 -23.41
183596 -40 -14.38 -23.41
183079 -40 -14.38 -23.41
179262 -40 -14.38 -23.41
180672 -40 -14.38 -23.41
180996 -40 -14.38 -23.41
182998 -40 -14.38 -23.41
183158 -40 -14.38 -23.41
184067 -40 -14.38 -23.41
184132 -40 -14.38 -23.41
180166 -40 -14.38 -23.41
180131 -40 -14.38 -23.41
183316 -40 22.23 15.06
182049 -40 22.23 15.06
180740 -40 22.23 15.06
181699 -40 22.23 15.06
183926 -40 22.23 15.06
179555 -40 22.23 15.06
178509 -40 22.23 15.06
176154 -40 22.23 15.06
177079 -40 22.23 15.06
177924 -40 22.23 15.06
181632 -40 22.23 15.06
177523 -40 22.23 15.06
182320 -40 22.23 15.06
177351 -40 22.23 15.06
178569 -40 22.23 15.06
179204 -40 22.23 15.06
177086 -40 22.23 15.06
180553 -40 22.23 15.06
178620 -40 22.23 15.06
175486 -40 22.23 15.06
181175 -40 22.23 15.06
175696 -40 22.23 15.06
182305 -40 22.23 15.06
181476 -40 22.23 15.06
178585 -40 22.23 15.06
180856 -40 22.23 15.06
174017 -40 22.23 15.06
178712 -40 22.23 15.06
179333 -40 22.23 15.06
180033 -40 22.23 15.06
179422 -40 22.23 15.06
180638 -40 22.23 15.06
177131 -40 22.23 15.06
182964 -40 22.23 15.06
177566 -40 22.23 15.06
177233 -40 22.23 15.06
181110 -40 22.23 15.06
178387 -40 22.23 15.06
179115 -40 22.23 15.06
136757 -40 -18.9 6.78
129997 -40 -18.9 6.78
133030 -40 -18.9 6.78
134822 -40 -18.9 6.78
133288 -40 -18.9 6.78
126778 -40 -18.9 6.78
130486 -40 -18.9 6.78
133239 -40 -18.9 6.78
129902 -40 -18.9 6.78
132824 -40 -18.9 6.78
133396 -40 -18.9 6.78
134938 -40 -18.9 6.78
134661 -40 -18.9 6.78
135614 -40 -18.9 6.78
135345 -40 -18.9 6.78
138336 -40 -18.9 6.78
138134 -40 -18.9 6.78
132593 -40 -18.9 6.78
136137 -40 -18.9 6.78
132662 -40 -18.9 6.78
135325 -40 -18.9 6.78
135836 -40 -18.9 6.78
133102 -40 -18.9 6.78
132090 -40 -18.9 6.78
137315 -40 -18.9 6.78
137188 -40 -18.9 6.78
133743 -40 -18.9 6.78
132881 -40 -18.9 6.78
136172 -40 -18.9 6.78
136778 -40 -18.9 6.78
136577 -40 -18.9 6.78
136732 -40 -18.9 6.78
128730 -40 -18.9 6.78
132279 -40 -18.9 6.78
133121 -40 -18.9 6.78
136181 -40 -18.9 6.78
132903 -40 -18.9 6.78
136599 -40 -18.9 6.78
131688 -40 -18.9 6.78
240799 -40 -28.83 21.03
240323 -40 -28.83 21.03
240435 -40 -28.83 21.03
242631 -40 -28.83 21.03
239611 -40 -28.83 21.03
236366 -40 -28.83 21.03
235295 -40 -28.83 21.03
233536 -40 -28.83 21.03
238137 -40 -28.83 21.03
241114 -40 -28.83 21.03
239512 -40 -28.83 21.03
238121 -40 -28.83 21.03
237480 -40 -28.83 21.03
232112 -40 -28.83 21.03
241029 -40 -28.83 21.03
238523 -40 -28.83 21.03
240119 -40 -28.83 21.03
236317 -40 -28.83 21.03
241698 -40 -28.83 21.03
242448 -40 -28.83 21.03
240447 -40 -28.83 21.03
238026 -40 -28.83 21.03
235963 -40 -28.83 21.03
237038 -40 -28.83 21.03
236267 -40 -28.83 21.03
234858 -40 -28.83 21.03
237778 -40 -28.83 21.03
237872 -40 -28.83 21.03
237047 -40 -28.83 21.03
242430 -40 -28.83 21.03
236984 -40 -28.83 21.03
234912 -40 -28.83 21.03
241690 -40 -28.83 21.03
234006 -40 -28.83 21.03
238005 -40 -28.83 21.03
237101 -40 -28.83 21.03
239374 -40 -28.83 21.03
240474 -40 -28.83 21.03
239268 -40 -28.83 21.03
238229 -40 27.2 22.79
238226 -40 27.2 22.79
236656 -40 27.2 22.79
243369 -40 27.2 22.79
235042 -40 27.2 22.79
234132 -40 27.2 22.79
235771 -40 27.2 22.79
237912 -40 27.2 22.79
233461 -40 27.2 22.79
235719 -40 27.2 22.79
235728 -40 27.2 22.79
233249 -40 27.2 22.79
237085 -40 27.2 22.79
234127 -40 27.2 22.79
239165 -40 27.2 22.79
237196 -40 27.2 22.79
233119 -40 27.2 22.79
235014 -40 27.2 22.79
238794 -40 27.2 22.79
234082 -40 27.2 22.79
234301 -40 27.2 22.79
237506 -40 27.2 22.79
236334 -40 27.2 22.79
231076 -40 27.2 22.79
239660 -40 27.2 22.79
238263 -40 27.2 22.79
241874 -40 27.2 22.79
235211 -40 27.2 22.79
238743 -40 27.2 22.79
235728 -40 27.2 22.79
240862 -40 27.2 22.79
237659 -40 27.2 22.79
237649 -40 27.2 22.79
236192 -40 27.2 22.79
240510 -40 27.2 22.79
240777 -40 27.2 22.79
232533 -40 27.2 22.79
233522 -40 27.2 22.79
235877 -40 27.2 22.79
201968 -40 10.83 -28.4
203377 -40 10.83 -28.4
205033 -40 10.83 -28.4
196103 -40 10.83 -28.4
204114 -40 10.83 -28.4
201461 -40 10.83 -28.4
198539 -40 10.83 -28.4
197877 -40 10.83 -28.4
201132 -40 10.83 -28.4
202805 -40 10.83 -28.4
204384 -40 10.83 -28.4
201353 -40 10.83 -28.4
199831 -40 10.83 -28.4
205241 -40 10.83 -28.4
202681 -40 10.83 -28.4
203902 -40 10.83 -28.4
198419 -40 10.83 -28.4
202931 -40 10.83 -28.4
204391 -40 10.83 -28.4
205019 -40 10.83 -28.4
201493 -40 10.83 -28.4
204409 -40 10.83 -28.4
206593 -40 10.83 -28.4
202857 -40 10.83 -28.4
204681 -40 10.83 -28.4
202025 -40 10.83 -28.4
203987 -40 10.83 -28.4
204100 -40 10.83 -28.4
203768 -40 10.83 -28.4
204784 -40 10.83 -28.4
201877 -40 10.83 -28.4
195894 -40 10.83 -28.4
200570 -40 10.83 -28.4
207872 -40 10.83 -28.4
202877 -40 10.83 -28.4
204121 -40 10.83 -28.4
203654 -40 10.83 -28.4
200453 -40 10.83 -28.4
201044 -40 10.83 -28.4
125183 -40 -0.8 19.05
127075 -40 -0.8 19.05
128480 -40 -0.8 19.05
127022 -40 -0.8 19.05
127091 -40 -0.8 19.05
129262 -40 -0.8 19.05
125283 -40 -0.8 19.05
127337 -40 -0.8 19.05
124006 -40 -0.8 19.05
121145 -40 -0.8 19.05
122630 -40 -0.8 19.05
128095 -40 -0.8 19.05
127725 -40 -0.8 19.05
127209 -40 -0.8 19.05
124135 -40 -0.8 19.05
123916 -40 -0.8 19.05
127617 -40 -0.8 19.05
123011 -40 -0.8 19.05
125310 -40 -0.8 19.05
127033 -40 -0.8 19.05
127093 -40 -0.8 19.05
127593 -40 -0.8 19.05
129539 -40 -0.8 19.05
127264 -40 -0.8 19.05
125657 -40 -0.8 19.05
125753 -40 -0.8 19.05
127237 -40 -0.8 19.05
123271 -40 -0.8 19.05
123711 -40 -0.8 19.05
125743 -40 -0.8 19.05
127499 -40 -0.8 19.05
130841 -40 -0.8 19.05
126515 -40 -0.8 19.05
121063 -40 -0.8 19.05
124912 -40 -0.8 19.05
126919 -40 -0.8 19.05
125467 -40 -0.8 19.05
125582 -40 -0.8 19.05
126997 -40 -0.8 19.05
