#rtt sig_str x y
222608 -40 -27.69 -18.26
219389 -40 -27.69 -18.26
223045 -40 -27.69 -18.26
218921 -40 -27.69 -18.26
225223 -40 -27.69 -18.26
222168 -40 -27.69 -18.26
220002 -40 -27.69 -18.26
218558 -40 -27.69 -18.26
222787 -40 -27.69 -18.26
224640 -40 -27.69 -18.26
219038 -40 -27.69 -18.26
222561 -40 -27.69 -18.26
222694 -40 -27.69 -18.26
221769 -40 -27.69 -18.26
219675 -40 -27.69 -18.26
216976 -40 -27.69 -18.26
216010 -40 -27.69 -18.26
223851 -40 -27.69 -18.26
220466 -40 -27.69 -18.26
219385 -40 -27.69 -18.26
219629 -40 -27.69 -18.26
222437 -40 -27.69 -18.26
221022 -40 -27.69 -18.26
220351 -40 -27.69 -18.26
225407 -40 -27.69 -18.26
221347 -40 -27.69 -18.26
223490 -40 -27.69 -18.26
221027 -40 -27.69 -18.26
214813 -40 -27.69 -18.26
221200 -40 -27.69 -18.26
225955 -40 -27.69 -18.26
220550 -40 -27.69 -18.26
222710 -40 -27.69 -18.26
221242 -40 -27.69 -18.26
220537 -40 -27.69 -18.26
220298 -40 -27.69 -18.26
218188 -40 -27.69 -18.26
223038 -40 -27.69 -18.26
220879 -40 -27.69 -18.26
117129 -40 16.81 -4.6
117290 -40 16.81 -4.6
118577 -40 16.81 -4.6
114813 -40 16.81 -4.6
112884 -40 16.81 -4.6
114286 -40 16.81 -4.6
120440 -40 16.81 -4.6
117254 -40 16.81 -4.6
111908 -40 16.81 -4.6
118158 -40 16.81 -4.6
120195 -40 16.81 -4.6
114968 -40 16.81 -4.6
117185 -40 16.81 -4.6
117658 -40 16.81 -4.6
117264 -40 16.81 -4.6
121615 -40 16.81 -4.6
114921 -40 16.81 -4.6
114567 -40 16.81 -4.6
118410 -40 16.81 -4.6
118938 -40 16.81 -4.6
119876 -40 16.81 -4.6
116703 -40 16.81 -4.6
117716 -40 16.81 -4.6
116816 -40 16.81 -4.6
117967 -40 16.81 -4.6
118189 -40 16.81 -4.6
117119 -40 16.81 -4.6
118794 -40 16.81 -4.6
114921 -40 16.81 -4.6
115838 -40 16.81 -4.6
111774 -40 16.81 -4.6
111296 -40 16.81 -4.6
112193 -40 16.81 -4.6
117391 -40 16.81 -4.6
120006 -40 16.81 -4.6
112939 -40 16.81 -4.6
114663 -40 16.81 -4.6
117836 -40 16.81 -4.6
117531 -40 16.81 -4.6
162311 -40 -24.44 -4.92
165500 -40 -24.44 -4.92
166300 -40 -24.44 -4.92
166609 -40 -24.44 -4.92
167853 -40 -24.44 -4.92
168676 -40 -24.44 -4.92
164204 -40 -24.44 -4.92
164252 -40 -24.44 -4.92
164387 -40 -24.44 -4.92
163569 -40 -24.44 -4.92
168501 -40 -24.44 -4.92
168542 -40 -24.44 -4.92
166116 -40 -24.44 -4.92
167004 -40 -24.44 -4.92
167272 -40 -24.44 -4.92
168124 -40 -24.44 -4.92
165358 -40 -24.44 -4.92
168516 -40 -24.44 -4.92
161297 -40 -24.44 -4.92
169332 -40 -24.44 -4.92
165080 -40 -24.44 -4.92
164429 -40 -24.44 -4.92
161566 -40 -24.44 -4.92
167308 -40 -24.44 -4.92
166967 -40 -24.44 -4.92
167217 -40 -24.44 -4.92
169083 -40 -24.44 -4.92
163638 -40 -24.44 -4.92
164682 -40 -24.44 -4.92
166445 -40 -24.44 -4.92
166445 -40 -24.44 -4.92
169128 -40 -24.44 -4.92
167235 -40 -24.44 -4.92
164517 -40 -24.44 -4.92
166658 -40 -24.44 -4.92
165028 -40 -24.44 -4.92
160134 -40 -24.44 -4.92
162920 -40 -24.44 -4.92
165147 -40 -24.44 -4.92
58702 -40 7.97 -3.13
54328 -40 7.97 -3.13
60425 -40 7.97 -3.13
59597 -40 7.97 -3.13
55124 -40 7.97 -3.13
53636 -40 7.97 -3.13
57012 -40 7.97 -3.13
56174 -40 7.97 -3.13
52335 -40 7.97 -3.13
59974 -40 7.97 -3.13
57441 -40 7.97 -3.13
59037 -40 7.97 -3.13
59530 -40 7.97 -3.13
53500 -40 7.97 -3.13
51806 -40 7.97 -3.13
55755 -40 7.97 -3.13
53562 -40 7.97 -3.13
57475 -40 7.97 -3.13
55664 -40 7.97 -3.13
55911 -40 7.97 -3.13
61573 -40 7.97 -3.13
56876 -40 7.97 -3.13
53176 -40 7.97 -3.13
59001 -40 7.97 -3.13
63215 -40 7.97 -3.13
56126 -40 7.97 -3.13
54277 -40 7.97 -3.13
58863 -40 7.97 -3.13
59605 -40 7.97 -3.13
53207 -40 7.97 -3.13
58549 -40 7.97 -3.13
53742 -40 7.97 -3.13
61387 -40 7.97 -3.13
58570 -40 7.97 -3.13
56752 -40 7.97 -3.13
57528 -40 7.97 -3.13
57990 -40 7.97 -3.13
57208 -40 7.97 -3.13
52134 -40 7.97 -3.13
247150 -40 -29.17 -23.91
254269 -40 -29.17 -23.91
245562 -40 -29.17 -23.91
254062 -40 -29.17 -23.91
257727 -40 -29.17 -23.91
251206 -40 -29.17 -23.91
248181 -40 -29.17 -23.91
251318 -40 -29.17 -23.91
253032 -40 -29.17 -23.91
248373 -40 -29.17 -23.91
249917 -40 -29.17 -23.91
253973 -40 -29.17 -23.91
253254 -40 -29.17 -23.91
250661 -40 -29.17 -23.91
249045 -40 -29.17 -23.91
253177 -40 -29.17 -23.91
251006 -40 -29.17 -23.91
253520 -40 -29.17 -23.91
250839 -40 -29.17 -23.91
247835 -40 -29.17 -23.91
254230 -40 -29.17 -23.91
250608 -40 -29.17 -23.91
248498 -40 -29.17 -23.91
257405 -40 -29.17 -23.91
248663 -40 -29.17 -23.91
252052 -40 -29.17 -23.91
252698 -40 -29.17 -23.91
255062 -40 -29.17 -23.91
248098 -40 -29.17 -23.91
248080 -40 -29.17 -23.91
250058 -40 -29.17 -23.91
252331 -40 -29.17 -23.91
252265 -40 -29.17 -23.91
253027 -40 -29.17 -23.91
253885 -40 -29.17 -23.91
253510 -40 -29.17 -23.91
253181 -40 -29.17 -23.91
252482 -40 -29.17 -23.91
247814 -40 -29.17 -23.91
205412 -40 26.17 15.67
203219 -40 26.17 15.67
205412 -40 26.17 15.67
200323 -40 26.17 15.67
205602 -40 26.17 15.67
202235 -40 26.17 15.67
202794 -40 26.17 15.67
205197 -40 26.17 15.67
205684 -40 26.17 15.67
200703 -40 26.17 15.67
204099 -40 26.17 15.67
206948 -40 26.17 15.67
203035 -40 26.17 15.67
201670 -40 26.17 15.67
205481 -40 26.17 15.67
204941 -40 26.17 15.67
200172 -40 26.17 15.67
204061 -40 26.17 15.67
201019 -40 26.17 15.67
201729 -40 26.17 15.67
199137 -40 26.17 15.67
208378 -40 26.17 15.67
203682 -40 26.17 15.67
205370 -40 26.17 15.67
202384 -40 26.17 15.67
202873 -40 26.17 15.67
202057 -40 26.17 15.67
205474 -40 26.17 15.67
204494 -40 26.17 15.67
206283 -40 26.17 15.67
205681 -40 26.17 15.67
206821 -40 26.17 15.67
201508 -40 26.17 15.67
205601 -40 26.17 15.67
205637 -40 26.17 15.67
204761 -40 26.17 15.67
205307 -40 26.17 15.67
202087 -40 26.17 15.67
204284 -40 26.17 15.67
76009 -40 -4.41 -9.63
67367 -40 -4.41 -9.63
72146 -40 -4.41 -9.63
69949 -40 -4.41 -9.63
70866 -40 -4.41 -9.63
71332 -40 -4.41 -9.63
68056 -40 -4.41 -9.63
72590 -40 -4.41 -9.63
72811 -40 -4.41 -9.63
73502 -40 -4.41 -9.63
69125 -40 -4.41 -9.63
69017 -40 -4.41 -9.63
70005 -40 -4.41 -9.63
74320 -40 -4.41 -9.63
75298 -40 -4.41 -9.63
72394 -40 -4.41 -9.63
69117 -40 -4.41 -9.63
70115 -40 -4.41 -9.63
70196 -40 -4.41 -9.63
65741 -40 -4.41 -9.63
71269 -40 -4.41 -9.63
72371 -40 -4.41 -9.63
71087 -40 -4.41 -9.63
71374 -40 -4.41 -9.63
71622 -40 -4.41 -9.63
72036 -40 -4.41 -9.63
69559 -40 -4.41 -9.63
71305 -40 -4.41 -9.63
66140 -40 -4.41 -9.63
71021 -40 -4.41 -9.63
74940 -40 -4.41 -9.63
69479 -40 -4.41 -9.63
69145 -40 -4.41 -9.63
68725 -40 -4.41 -9.63
71753 -40 -4.41 -9.63
68094 -40 -4.41 -9.63
72829 -40 -4.41 -9.63
69139 -40 -4.41 -9.63
66633 -40 -4.41 -9.63
104523 -40 -14.82 -5.5
107319 -40 -14.82 -5.5
102235 -40 -14.82 -5.5
105981 -40 -14.82 -5.5
101033 -40 -14.82 -5.5
107931 -40 -14.82 -5.5
106753 -40 -14.82 -5.5
105948 -40 -14.82 -5.5
101154 -40 -14.82 -5.5
105276 -40 -14.82 -5.5
109962 -40 -14.82 -5.5
107989 -40 -14.82 -5.5
110025 -40 -14.82 -5.5
106678 -40 -14.82 -5.5
105331 -40 -14.82 -5.5
98683 -40 -14.82 -5.5
109187 -40 -14.82 -5.5
103954 -40 -14.82 -5.5
108867 -40 -14.82 -5.5
105481 -40 -14.82 -5.5
106469 -40 -14.82 -5.5
107548 -40 -14.82 -5.5
98970 -40 -14.82 -5.5
105530 -40 -14.82 -5.5
103584 -40 -14.82 -5.5
103264 -40 -14.82 -5.5
102729 -40 -14.82 -5.5
108912 -40 -14.82 -5.5
105440 -40 -14.82 -5.5
104717 -40 -14.82 -5.5
102934 -40 -14.82 -5.5
105334 -40 -14.82 -5.5
104331 -40 -14.82 -5.5
104027 -40 -14.82 -5.5
106950 -40 -14.82 -5.5
104306 -40 -14.82 -5.5
106077 -40 -14.82 -5.5
103805 -40 -14.82 -5.5
107198 -40 -14.82 -5.5
178706 -40 -18.61 18.58
168899 -40 -18.61 18.58
175817 -40 -18.61 18.58
175892 -40 -18.61 18.58
176429 -40 -18.61 18.58
177629 -40 -18.61 18.58
177518 -40 -18.61 18.58
175689 -40 -18.61 18.58
179127 -40 -18.61 18.58
173132 -40 -18.61 18.58
176058 -40 -18.61 18.58
178430 -40 -18.61 18.58
176829 -40 -18.61 18.58
175091 -40 -18.61 18.58
176628 -40 -18.61 18.58
178547 -40 -18.61 18.58
177476 -40 -18.61 18.58
176912 -40 -18.61 18.58
176580 -40 -18.61 18.58
172751 -40 -18.61 18.58
177718 -40 -18.61 18.58
172749 -40 -18.61 18.58
180540 -40 -18.61 18.58
172186 -40 -18.61 18.58
175393 -40 -18.61 18.58
174147 -40 -18.61 18.58
174495 -40 -18.61 18.58
176030 -40 -18.61 18.58
173979 -40 -18.61 18.58
176428 -40 -18.61 18.58
177733 -40 -18.61 18.58
173882 -40 -18.61 18.58
175912 -40 -18.61 18.58
180613 -40 -18.61 18.58
174602 -40 -18.61 18.58
176543 -40 -18.61 18.58
171645 -40 -18.61 18.58
175094 -40 -18.61 18.58
175635 -40 -18.61 18.58
109191 -40 -5.11 15.07
106717 -40 -5.11 15.07
107642 -40 -5.11 15.07
107540 -40 -5.11 15.07
102787 -40 -5.11 15.07
106447 -40 -5.11 15.07
106783 -40 -5.11 15.07
103869 -40 -5.11 15.07
105348 -40 -5.11 15.07
102931 -40 -5.11 15.07
107188 -40 -5.11 15.07
107487 -40 -5.11 15.07
106534 -40 -5.11 15.07
105896 -40 -5.11 15.07
106245 -40 -5.11 15.07
106206 -40 -5.11 15.07
108350 -40 -5.11 15.07
105216 -40 -5.11 15.07
106177 -40 -5.11 15.07
101322 -40 -5.11 15.07
101600 -40 -5.11 15.07
106640 -40 -5.11 15.07
105435 -40 -5.11 15.07
106545 -40 -5.11 15.07
109802 -40 -5.11 15.07
107346 -40 -5.11 15.07
105572 -40 -5.11 15.07
102545 -40 -5.11 15.07
104370 -40 -5.11 15.07
107317 -40 -5.11 15.07
105638 -40 -5.11 15.07
102404 -40 -5.11 15.07
109218 -40 -5.11 15.07
103750 -40 -5.11 15.07
104329 -40 -5.11 15.07
110239 -40 -5.11 15.07
104920 -40 -5.11 15.07
107085 -40 -5.11 15.07
101112 -40 -5.11 15.07
