#rtt sig_str x y
30504 -40 -2.52 -3.01
25563 -40 -2.52 -3.01
28241 -40 -2.52 -3.01
27056 -40 -2.52 -3.01
24605 -40 -2.52 -3.01
27155 -40 -2.52 -3.01
25596 -40 -2.52 -3.01
26402 -40 -2.52 -3.01
30052 -40 -2.52 -3.01
29493 -40 -2.52 -3.01
26817 -40 -2.52 -3.01
22253 -40 -2.52 -3.01
26674 -40 -2.52 -3.01
25783 -40 -2.52 -3.01
32279 -40 -2.52 -3.01
22815 -40 -2.52 -3.01
32179 -40 -2.52 -3.01
22242 -40 -2.52 -3.01
27513 -40 -2.52 -3.01
21016 -40 -2.52 -3.01
28031 -40 -2.52 -3.01
28403 -40 -2.52 -3.01
28500 -40 -2.52 -3.01
25997 -40 -2.52 -3.01
25113 -40 -2.52 -3.01
26778 -40 -2.52 -3.01
27103 -40 -2.52 -3.01
23692 -40 -2.52 -3.01
25057 -40 -2.52 -3.01
23863 -40 -2.52 -3.01
22593 -40 -2.52 -3.01
28397 -40 -2.52 -3.01
23852 -40 -2.52 -3.01
29213 -40 -2.52 -3.01
22236 -40 -2.52 -3.01
27115 -40 -2.52 -3.01
24145 -40 -2.52 -3.01
25992 -40 -2.52 -3.01
27859 -40 -2.52 -3.01
101004 -40 -11.5 10.59
109120 -40 -11.5 10.59
101186 -40 -11.5 10.59
101601 -40 -11.5 10.59
104743 -40 -11.5 10.59
101530 -40 -11.5 10.59
103568 -40 -11.5 10.59
104296 -40 -11.5 10.59
105505 -40 -11.5 10.59
102171 -40 -11.5 10.59
104660 -40 -11.5 10.59
98169 -40 -11.5 10.59
101653 -40 -11.5 10.59
106049 -40 -11.5 10.59
107053 -40 -11.5 10.59
105759 -40 -11.5 10.59
105637 -40 -11.5 10.59
102123 -40 -11.5 10.59
103320 -40 -11.5 10.59
106184 -40 -11.5 10.59
105975 -40 -11.5 10.59
108527 -40 -11.5 10.59
105850 -40 -11.5 10.59
104187 -40 -11.5 10.59
105608 -40 -11.5 10.59
102856 -40 -11.5 10.59
100582 -40 -11.5 10.59
110955 -40 -11.5 10.59
103682 -40 -11.5 10.59
106867 -40 -11.5 10.59
104294 -40 -11.5 10.59
99813 -40 -11.5 10.59
107656 -40 -11.5 10.59
108875 -40 -11.5 10.59
108274 -40 -11.5 10.59
103803 -40 -11.5 10.59
104898 -40 -11.5 10.59
100967 -40 -11.5 10.59
100032 -40 -11.5 10.59
148763 -40 -16.11 -15.24
147173 -40 -16.11 -15.24
147355 -40 -16.11 -15.24
148181 -40 -16.11 -15.24
150801 -40 -16.11 -15.24
146928 -40 -16.11 -15.24
144665 -40 -16.11 -15.24
149979 -40 -16.11 -15.24
146181 -40 -16.11 -15.24
146289 -40 -16.11 -15.24
148740 -40 -16.11 -15.24
145588 -40 -16.11 -15.24
147429 -40 -16.11 -15.24
153018 -40 -16.11 -15.24
152423 -40 -16.11 -15.24
145441 -40 -16.11 -15.24
153577 -40 -16.11 -15.24
144526 -40 -16.11 -15.24
148889 -40 -16.11 -15.24
147586 -40 -16.11 -15.24
153228 -40 -16.11 -15.24
150310 -40 -16.11 -15.24
148132 -40 -16.11 -15.24
151090 -40 -16.11 -15.24
147992 -40 -16.11 -15.24
150560 -40 -16.11 -15.24
145048 -40 -16.11 -15.24
147766 -40 -16.11 -15.24
148433 -40 -16.11 -15.24
148936 -40 -16.11 -15.24
149311 -40 -16.11 -15.24
144985 -40 -16.11 -15.24
148415 -40 -16.11 -15.24
146738 -40 -16.11 -15.24
146440 -40 -16.11 -15.24
150344 -40 -16.11 -15.24
146084 -40 -16.11 -15.24
150569 -40 -16.11 -15.24
147486 -40 -16.11 -15.24
206667 -40 -13.36 -28.32
210102 -40 -13.36 -28.32
210388 -40 -13.36 -28.32
202715 -40 -13.36 -28.32
211895 -40 -13.36 -28.32
210228 -40 -13.36 -28.32
207687 -40 -13.36 -28.32
208888 -40 -13.36 -28.32
214417 -40 -13.36 -28.32
207717 -40 -13.36 -28.32
210670 -40 -13.36 -28.32
207829 -40 -13.36 -28.32
208091 -40 -13.36 -28.32
216757 -40 -13.36 -28.32
205076 -40 -13.36 -28.32
208707 -40 -13.36 -28.32
203193 -40 -13.36 -28.32
205327 -40 -13.36 -28.32
205742 -40 -13.36 -28.32
207007 -40 -13.36 -28.32
206175 -40 -13.36 -28.32
211409 -40 -13.36 -28.32
208044 -40 -13.36 -28.32
208847 -40 -13.36 -28.32
211426 -40 -13.36 -28.32
206090 -40 -13.36 -28.32
208133 -40 -13.36 -28.32
211436 -40 -13.36 -28.32
209616 -40 -13.36 -28.32
207250 -40 -13.36 -28.32
210854 -40 -13.36 -28.32
207720 -40 -13.36 -28.32
206905 -40 -13.36 -28.32
208438 -40 -13.36 -28.32
206776 -40 -13.36 -28.32
208206 -40 -13.36 -28.32
211320 -40 -13.36 -28.32
211282 -40 -13.36 -28.32
210954 -40 -13.36 -28.32
148087 -40 19.04 11.77
152442 -40 19.04 11.77
148091 -40 19.04 11.77
149997 -40 19.04 11.77
146697 -40 19.04 11.77
151995 -40 19.04 11.77
145895 -40 19.04 11.77
152306 -40 19.04 11.77
145469 -40 19.04 11.77
150386 -40 19.04 11.77
148407 -40 19.04 11.77
151749 -40 19.04 11.77
150293 -40 19.04 11.77
148690 -40 19.04 11.77
149959 -40 19.04 11.77
144741 -40 19.04 11.77
148256 -40 19.04 11.77
152939 -40 19.04 11.77
144954 -40 19.04 11.77
151331 -40 19.04 11.77
149904 -40 19.04 11.77
146697 -40 19.04 11.77
146925 -40 19.04 11.77
146800 -40 19.04 11.77
147790 -40 19.04 11.77
150205 -40 19.04 11.77
147116 -40 19.04 11.77
144411 -40 19.04 11.77
146835 -40 19.04 11.77
147767 -40 19.04 11.77
149615 -40 19.04 11.77
144980 -40 19.04 11.77
147129 -40 19.04 11.77
151656 -40 19.04 11.77
147388 -40 19.04 11.77
149812 -40 19.04 11.77
147763 -40 19.04 11.77
151935 -40 19.04 11.77
146828 -40 19.04 11.77
157922 -40 -23.32 1.01
151882 -40 -23.32 1.01
158164 -40 -23.32 1.01
158192 -40 -23.32 1.01
151697 -40 -23.32 1.01
156964 -40 -23.32 1.01
151974 -40 -23.32 1.01
155650 -40 -23.32 1.01
156107 -40 -23.32 1.01
151907 -40 -23.32 1.01
159058 -40 -23.32 1.01
154929 -40 -23.32 1.01
157343 -40 -23.32 1.01
158581 -40 -23.32 1.01
158566 -40 -23.32 1.01
151667 -40 -23.32 1.01
157073 -40 -23.32 1.01
157261 -40 -23.32 1.01
155733 -40 -23.32 1.01
151926 -40 -23.32 1.01
153810 -40 -23.32 1.01
155587 -40 -23.32 1.01
155729 -40 -23.32 1.01
155453 -40 -23.32 1.01
153835 -40 -23.32 1.01
159891 -40 -23.32 1.01
158538 -40 -23.32 1.01
157368 -40 -23.32 1.01
153214 -40 -23.32 1.01
156717 -40 -23.32 1.01
158846 -40 -23.32 1.01
157553 -40 -23.32 1.01
155014 -40 -23.32 1.01
154566 -40 -23.32 1.01
153538 -40 -23.32 1.01
154864 -40 -23.32 1.01
155519 -40 -23.32 1.01
147716 -40 -23.32 1.01
153869 -40 -23.32 1.01
62151 -40 7.59 6.29
64169 -40 7.59 6.29
65459 -40 7.59 6.29
63464 -40 7.59 6.29
64064 -40 7.59 6.29
66586 -40 7.59 6.29
65371 -40 7.59 6.29
69768 -40 7.59 6.29
67291 -40 7.59 6.29
64897 -40 7.59 6.29
64081 -40 7.59 6.29
68161 -40 7.59 6.29
67121 -40 7.59 6.29
64968 -40 7.59 6.29
67693 -40 7.59 6.29
68873 -40 7.59 6.29
65669 -40 7.59 6.29
66143 -40 7.59 6.29
59218 -40 7.59 6.29
64984 -40 7.59 6.29
68872 -40 7.59 6.29
65896 -40 7.59 6.29
64285 -40 7.59 6.29
61974 -40 7.59 6.29
64026 -40 7.59 6.29
64389 -40 7.59 6.29
64060 -40 7.59 6.29
60457 -40 7.59 6.29
61745 -40 7.59 6.29
66729 -40 7.59 6.29
64784 -40 7.59 6.29
62966 -40 7.59 6.29
70202 -40 7.59 6.29
66573 -40 7.59 6.29
67990 -40 7.59 6.29
65153 -40 7.59 6.29
66093 -40 7.59 6.29
62562 -40 7.59 6.29
67313 -40 7.59 6.29
131804 -40 -13.39 -13.07
123975 -40 -13.39 -13.07
129228 -40 -13.39 -13.07
126755 -40 -13.39 -13.07
129285 -40 -13.39 -13.07
126519 -40 -13.39 -13.07
122044 -40 -13.39 -13.07
119019 -40 -13.39 -13.07
124883 -40 -13.39 -13.07
123411 -40 -13.39 -13.07
126269 -40 -13.39 -13.07
125389 -40 -13.39 -13.07
121667 -40 -13.39 -13.07
127280 -40 -13.39 -13.07
124020 -40 -13.39 -13.07
120593 -40 -13.39 -13.07
123422 -40 -13.39 -13.07
123247 -40 -13.39 -13.07
122044 -40 -13.39 -13.07
124932 -40 -13.39 -13.07
125214 -40 -13.39 -13.07
125969 -40 -13.39 -13.07
123337 -40 -13.39 -13.07
120992 -40 -13.39 -13.07
121674 -40 -13.39 -13.07
127506 -40 -13.39 -13.07
122006 -40 -13.39 -13.07
119853 -40 -13.39 -13.07
125424 -40 -13.39 -13.07
125643 -40 -13.39 -13.07
124701 -40 -13.39 -13.07
125752 -40 -13.39 -13.07
126184 -40 -13.39 -13.07
121964 -40 -13.39 -13.07
126563 -40 -13.39 -13.07
128997 -40 -13.39 -13.07
128159 -40 -13.39 -13.07
127504 -40 -13.39 -13.07
122112 -40 -13.39 -13.07
166269 -40 10.93 22.13
165937 -40 10.93 22.13
165890 -40 10.93 22.13
165101 -40 10.93 22.13
166637 -40 10.93 22.13
165607 -40 10.93 22.13
165322 -40 10.93 22.13
161587 -40 10.93 22.13
162770 -40 10.93 22.13
169074 -40 10.93 22.13
163312 -40 10.93 22.13
166084 -40 10.93 22.13
173130 -40 10.93 22.13
169478 -40 10.93 22.13
161598 -40 10.93 22.13
162729 -40 10.93 22.13
163164 -40 10.93 22.13
168167 -40 10.93 22.13
168618 -40 10.93 22.13
168771 -40 10.93 22.13
162937 -40 10.93 22.13
163759 -40 10.93 22.13
167407 -40 10.93 22.13
166055 -40 10.93 22.13
168249 -40 10.93 22.13
156361 -40 10.93 22.13
165670 -40 10.93 22.13
161080 -40 10.93 22.13
168908 -40 10.93 22.13
164222 -40 10.93 22.13
166282 -40 10.93 22.13
165459 -40 10.93 22.13
163055 -40 10.93 22.13
163809 -40 10.93 22.13
164370 -40 10.93 22.13
160325 -40 10.93 22.13
165749 -40 10.93 22.13
168314 -40 10.93 22.13
168542 -40 10.93 22.13
213742 -40 10.74 29.7
212448 -40 10.74 29.7
209560 -40 10.74 29.7
209481 -40 10.74 29.7
210266 -40 10.74 29.7
211349 -40 10.74 29.7
207626 -40 10.74 29.7
207747 -40 10.74 29.7
208615 -40 10.74 29.7
210992 -40 10.74 29.7
204583 -40 10.74 29.7
213668 -40 10.74 29.7
208413 -40 10.74 29.7
210156 -40 10.74 29.7
211050 -40 10.74 29.7
206463 -40 10.74 29.7
212310 -40 10.74 29.7
207380 -40 10.74 29.7
216827 -40 10.74 29.7
212436 -40 10.74 29.7
210634 -40 10.74 29.7
208110 -40 10.74 29.7
211385 -40 10.74 29.7
211468 -40 10.74 29.7
215369 -40 10.74 29.7
213110 -40 10.74 29.7
209456 -40 10.74 29.7
213563 -40 10.74 29.7
211454 -40 10.74 29.7
212859 -40 10.74 29.7
208513 -40 10.74 29.7
212307 -40 10.74 29.7
207998 -40 10.74 29.7
212892 -40 10.74 29.7
207047 -40 10.74 29.7
212496 -40 10.74 29.7
213030 -40 10.74 29.7
208632 -40 10.74 29.7
212642 -40 10.74 29.7
