#rtt sig_str x y
183203 -40 13.71 -24.75
183602 -40 13.71 -24.75
187495 -40 13.71 -24.75
188678 -40 13.71 -24.75
189614 -40 13.71 -24.75
179478 -40 13.71 -24.75
182763 -40 13.71 -24.75
185007 -40 13.71 -24.75
189999 -40 13.71 -24.75
187083 -40 13.71 -24.75
185080 -40 13.71 -24.75
190401 -40 13.71 -24.75
192400 -40 13.71 -24.75
188837 -40 13.71 -24.75
188802 -40 13.71 -24.75
186339 -40 13.71 -24.75
190941 -40 13.71 -24.75
188112 -40 13.71 -24.75
188415 -40 13.71 -24.75
189638 -40 13.71 -24.75
184297 -40 13.71 -24.75
184697 -40 13.71 -24.75
190084 -40 13.71 -24.75
182893 -40 13.71 -24.75
189107 -40 13.71 -24.75
185497 -40 13.71 -24.75
183914 -40 13.71 -24.75
186495 -40 13.71 -24.75
189716 -40 13.71 -24.75
191939 -40 13.71 -24.75
188464 -40 13.71 -24.75
192479 -40 13.71 -24.75
191113 -40 13.71 -24.75
186151 -40 13.71 -24.75
191151 -40 13.71 -24.75
191126 -40 13.71 -24.75
185109 -40 13.71 -24.75
193112 -40 13.71 -24.75
189530 -40 13.71 -24.75
97671 -40 6.1 13.01
96339 -40 6.1 13.01
95232 -40 6.1 13.01
94109 -40 6.1 13.01
94121 -40 6.1 13.01
97399 -40 6.1 13.01
96766 -40 6.1 13.01
99161 -40 6.1 13.01
97730 -40 6.1 13.01
100254 -40 6.1 13.01
95657 -40 6.1 13.01
96276 -40 6.1 13.01
95143 -40 6.1 13.01
96162 -40 6.1 13.01
96794 -40 6.1 13.01
96224 -40 6.1 13.01
100762 -40 6.1 13.01
97658 -40 6.1 13.01
91084 -40 6.1 13.01
97860 -40 6.1 13.01
95311 -40 6.1 13.01
96577 -40 6.1 13.01
95891 -40 6.1 13.01
100702 -40 6.1 13.01
91290 -40 6.1 13.01
93519 -40 6.1 13.01
96536 -40 6.1 13.01
101934 -40 6.1 13.01
94362 -40 6.1 13.01
95945 -40 6.1 13.01
95833 -40 6.1 13.01
92310 -40 6.1 13.01
100181 -40 6.1 13.01
92075 -40 6.1 13.01
93058 -40 6.1 13.01
95903 -40 6.1 13.01
92919 -40 6.1 13.01
96290 -40 6.1 13.01
98240 -40 6.1 13.01
219610 -40 27.14 19.49
229893 -40 27.14 19.49
225887 -40 27.14 19.49
227181 -40 27.14 19.49
225038 -40 27.14 19.49
223295 -40 27.14 19.49
222429 -40 27.14 19.49
227643 -40 27.14 19.49
223775 -40 27.14 19.49
223341 -40 27.14 19.49
225119 -40 27.14 19.49
220404 -40 27.14 19.49
222162 -40 27.14 19.49
222946 -40 27.14 19.49
223434 -40 27.14 19.49
226017 -40 27.14 19.49
223957 -40 27.14 19.49
223670 -40 27.14 19.49
218840 -40 27.14 19.49
225954 -40 27.14 19.49
222534 -40 27.14 19.49
225299 -40 27.14 19.49
223560 -40 27.14 19.49
224166 -40 27.14 19.49
215280 -40 27.14 19.49
224826 -40 27.14 19.49
220153 -40 27.14 19.49
219946 -40 27.14 19.49
223395 -40 27.14 19.49
221478 -40 27.14 19.49
219011 -40 27.14 19.49
226280 -40 27.14 19.49
226032 -40 27.14 19.49
223381 -40 27.14 19.49
223903 -40 27.14 19.49
224466 -40 27.14 19.49
223964 -40 27.14 19.49
220777 -40 27.14 19.49
223142 -40 27.14 19.49
204531 -40 -21.41 21.79
207690 -40 -21.41 21.79
205561 -40 -21.41 21.79
198727 -40 -21.41 21.79
204375 -40 -21.41 21.79
201435 -40 -21.41 21.79
205335 -40 -21.41 21.79
198915 -40 -21.41 21.79
202607 -40 -21.41 21.79
199292 -40 -21.41 21.79
206663 -40 -21.41 21.79
205646 -40 -21.41 21.79
203895 -40 -21.41 21.79
202998 -40 -21.41 21.79
204505 -40 -21.41 21.79
206022 -40 -21.41 21.79
199848 -40 -21.41 21.79
202806 -40 -21.41 21.79
204277 -40 -21.41 21.79
207238 -40 -21.41 21.79
208352 -40 -21.41 21.79
200490 -40 -21.41 21.79
204681 -40 -21.41 21.79
199428 -40 -21.41 21.79
201309 -40 -21.41 21.79
200701 -40 -21.41 21.79
205176 -40 -21.41 21.79
203937 -40 -21.41 21.79
206575 -40 -21.41 21.79
203681 -40 -21.41 21.79
203675 -40 -21.41 21.79
202277 -40 -21.41 21.79
205953 -40 -21.41 21.79
209804 -40 -21.41 21.79
200436 -40 -21.41 21.79
204518 -40 -21.41 21.79
206032 -40 -21.41 21.79
201901 -40 -21.41 21.79
206970 -40 -21.41 21.79
204776 -40 18.44 -24.53
204515 -40 18.44 -24.53
202362 -40 18.44 -24.53
201031 -40 18.44 -24.53
204512 -40 18.44 -24.53
209123 -40 18.44 -24.53
206885 -40 18.44 -24.53
201805 -40 18.44 -24.53
206068 -40 18.44 -24.53
208530 -40 18.44 -24.53
202303 -40 18.44 -24.53
204459 -40 18.44 -24.53
208653 -40 18.44 -24.53
202540 -40 18.44 -24.53
205351 -40 18.44 -24.53
203398 -40 18.44 -24.53
203770 -40 18.44 -24.53
203909 -40 18.44 -24.53
205627 -40 18.44 -24.53
198735 -40 18.44 -24.53
204557 -40 18.44 -24.53
204401 -40 18.44 -24.53
206230 -40 18.44 -24.53
205502 -40 18.44 -24.53
208047 -40 18.44 -24.53
207391 -40 18.44 -24.53
202813 -40 18.44 -24.53
205300 -40 18.44 -24.53
203512 -40 18.44 -24.53
199815 -40 18.44 -24.53
206251 -40 18.44 -24.53
201293 -40 18.44 -24.53
201424 -40 18.44 -24.53
203056 -40 18.44 -24.53
210713 -40 18.44 -24.53
204981 -40 18.44 -24.53
204478 -40 18.44 -24.53
205148 -40 18.44 -24.53
205578 -40 18.44 -24.53
178660 -40 -8.21 25.29
175539 -40 -8.21 25.29
176390 -40 -8.21 25.29
176590 -40 -8.21 25.29
178885 -40 -8.21 25.29
180653 -40 -8.21 25.29
175362 -40 -8.21 25.29
178280 -40 -8.21 25.29
178806 -40 -8.21 25.29
181170 -40 -8.21 25.29
178640 -40 -8.21 25.29
179891 -40 -8.21 25.29
174964 -40 -8.21 25.29
176816 -40 -8.21 25.29
180586 -40 -8.21 25.29
176546 -40 -8.21 25.29
180484 -40 -8.21 25.29
182505 -40 -8.21 25.29
180673 -40 -8.21 25.29
175376 -40 -8.21 25.29
178208 -40 -8.21 25.29
176621 -40 -8.21 25.29
176712 -40 -8.21 25.29
174246 -40 -8.21 25.29
175095 -40 -8.21 25.29
175467 -40 -8.21 25.29
177908 -40 -8.21 25.29
175177 -40 -8.21 25.29
178645 -40 -8.21 25.29
179106 -40 -8.21 25.29
177006 -40 -8.21 25.29
175762 -40 -8.21 25.29
176541 -40 -8.21 25.29
176440 -40 -8.21 25.29
180924 -40 -8.21 25.29
176896 -40 -8.21 25.29
177905 -40 -8.21 25.29
181235 -40 -8.21 25.29
180436 -40 -8.21 25.29
123064 -40 -18.81 -0.7
129745 -40 -18.81 -0.7
130357 -40 -18.81 -0.7
126485 -40 -18.81 -0.7
127231 -40 -18.81 -0.7
127652 -40 -18.81 -0.7
124222 -40 -18.81 -0.7
123480 -40 -18.81 -0.7
125712 -40 -18.81 -0.7
130045 -40 -18.81 -0.7
126036 -40 -18.81 -0.7
123604 -40 -18.81 -0.7
125007 -40 -18.81 -0.7
128226 -40 -18.81 -0.7
121807 -40 -18.81 -0.7
124425 -40 -18.81 -0.7
124817 -40 -18.81 -0.7
120669 -40 -18.81 -0.7
123232 -40 -18.81 -0.7
127273 -40 -18.81 -0.7
123935 -40 -18.81 -0.7
126865 -40 -18.81 -0.7
128362 -40 -18.81 -0.7
123208 -40 -18.81 -0.7
126613 -40 -18.81 -0.7
125131 -40 -18.81 -0.7
127306 -40 -18.81 -0.7
126175 -40 -18.81 -0.7
127297 -40 -18.81 -0.7
125229 -40 -18.81 -0.7
127881 -40 -18.81 -0.7
126892 -40 -18.81 -0.7
128629 -40 -18.81 -0.7
123779 -40 -18.81 -0.7
125177 -40 -18.81 -0.7
126622 -40 -18.81 -0.7
124610 -40 -18.81 -0.7
125735 -40 -18.81 -0.7
126231 -40 -18.81 -0.7
103311 -40 -14.45 -5.32
99969 -40 -14.45 -5.32
104072 -40 -14.45 -5.32
101798 -40 -14.45 -5.32
101964 -40 -14.45 -5.32
103777 -40 -14.45 -5.32
104785 -40 -14.45 -5.32
105498 -40 -14.45 -5.32
104759 -40 -14.45 -5.32
103002 -40 -14.45 -5.32
108186 -40 -14.45 -5.32
103804 -40 -14.45 -5.32
103316 -40 -14.45 -5.32
105866 -40 -14.45 -5.32
100986 -40 -14.45 -5.32
102260 -40 -14.45 -5.32
101872 -40 -14.45 -5.32
96137 -40 -14.45 -5.32
103938 -40 -14.45 -5.32
101098 -40 -14.45 -5.32
102125 -40 -14.45 -5.32
105557 -40 -14.45 -5.32
101441 -40 -14.45 -5.32
102713 -40 -14.45 -5.32
99888 -40 -14.45 -5.32
104674 -40 -14.45 -5.32
102952 -40 -14.45 -5.32
103500 -40 -14.45 -5.32
99879 -40 -14.45 -5.32
100119 -40 -14.45 -5.32
104677 -40 -14.45 -5.32
105115 -40 -14.45 -5.32
104999 -40 -14.45 -5.32
102192 -40 -14.45 -5.32
104118 -40 -14.45 -5.32
101201 -40 -14.45 -5.32
103202 -40 -14.45 -5.32
104327 -40 -14.45 -5.32
102786 -40 -14.45 -5.32
133014 -40 7.79 18.32
131943 -40 7.79 18.32
133670 -40 7.79 18.32
133658 -40 7.79 18.32
130306 -40 7.79 18.32
133162 -40 7.79 18.32
134008 -40 7.79 18.32
124146 -40 7.79 18.32
132803 -40 7.79 18.32
131120 -40 7.79 18.32
130572 -40 7.79 18.32
130864 -40 7.79 18.32
130770 -40 7.79 18.32
132377 -40 7.79 18.32
130904 -40 7.79 18.32
134227 -40 7.79 18.32
129979 -40 7.79 18.32
133860 -40 7.79 18.32
134462 -40 7.79 18.32
132556 -40 7.79 18.32
132741 -40 7.79 18.32
138233 -40 7.79 18.32
134090 -40 7.79 18.32
132553 -40 7.79 18.32
130468 -40 7.79 18.32
131101 -40 7.79 18.32
133568 -40 7.79 18.32
131475 -40 7.79 18.32
133737 -40 7.79 18.32
135337 -40 7.79 18.32
137622 -40 7.79 18.32
133511 -40 7.79 18.32
134025 -40 7.79 18.32
133077 -40 7.79 18.32
132312 -40 7.79 18.32
133036 -40 7.79 18.32
131849 -40 7.79 18.32
131766 -40 7.79 18.32
131620 -40 7.79 18.32
242127 -40 -28.05 24.64
251814 -40 -28.05 24.64
248172 -40 -28.05 24.64
253112 -40 -28.05 24.64
248927 -40 -28.05 24.64
245721 -40 -28.05 24.64
251843 -40 -28.05 24.64
249916 -40 -28.05 24.64
248639 -40 -28.05 24.64
250424 -40 -28.05 24.64
249936 -40 -28.05 24.64
244537 -40 -28.05 24.64
247059 -40 -28.05 24.64
250554 -40 -28.05 24.64
247139 -40 -28.05 24.64
249443 -40 -28.05 24.64
244068 -40 -28.05 24.64
248353 -40 -28.05 24.64
251306 -40 -28.05 24.64
244962 -40 -28.05 24.64
249019 -40 -28.05 24.64
249954 -40 -28.05 24.64
251571 -40 -28.05 24.64
249453 -40 -28.05 24.64
248429 -40 -28.05 24.64
250347 -40 -28.05 24.64
247431 -40 -28.05 24.64
250259 -40 -28.05 24.64
252002 -40 -28.05 24.64
248734 -40 -28.05 24.64
255135 -40 -28.05 24.64
251618 -40 -28.05 24.64
250593 -40 -28.05 24.64
250093 -40 -28.05 24.64
249155 -40 -28.05 24.64
250610 -40 -28.05 24.64
248364 -40 -28.05 24.64
250117 -40 -28.05 24.64
245389 -40 -28.05 24.64
