#rtt sig_str x y
227526 -40 26.67 -21.65
225879 -40 26.67 -21.65
229066 -40 26.67 -21.65
230177 -40 26.67 -21.65
226296 -40 26.67 -21.65
230633 -40 26.67 -21.65
229143 -40 26.67 -21.65
231625 -40 26.67 -21.65
229557 -40 26.67 -21.65
231455 -40 26.67 -21.65
231251 -40 26.67 -21.65
227743 -40 26.67 -21.65
228320 -40 26.67 -21.65
229655 -40 26.67 -21.65
228407 -40 26.67 -21.65
226702 -40 26.67 -21.65
228416 -40 26.67 -21.65
232108 -40 26.67 -21.65
229783 -40 26.67 -21.65
228942 -40 26.67 -21.65
228319 -40 26.67 -21.65
228928 -40 26.67 -21.65
228773 -40 26.67 -21.65
230346 -40 26.67 -21.65
224694 -40 26.67 -21.65
230147 -40 26.67 -21.65
232347 -40 26.67 -21.65
224320 -40 26.67 -21.65
231649 -40 26.67 -21.65
234991 -40 26.67 -21.65
227845 -40 26.67 -21.65
227365 -40 26.67 -21.65
227286 -40 26.67 -21.65
223961 -40 26.67 -21.65
227232 -40 26.67 -21.65
226828 -40 26.67 -21.65
228083 -40 26.67 -21.65
227347 -40 26.67 -21.65
231578 -40 26.67 -21.65
15592 -40 -2.15 1.45
16350 -40 -2.15 1.45
15517 -40 -2.15 1.45
14639 -40 -2.15 1.45
20063 -40 -2.15 1.45
17551 -40 -2.15 1.45
18017 -40 -2.15 1.45
14104 -40 -2.15 1.45
20310 -40 -2.15 1.45
19550 -40 -2.15 1.45
14283 -40 -2.15 1.45
16606 -40 -2.15 1.45
23933 -40 -2.15 1.45
18457 -40 -2.15 1.45
21196 -40 -2.15 1.45
16474 -40 -2.15 1.45
17178 -40 -2.15 1.45
13958 -40 -2.15 1.45
16389 -40 -2.15 1.45
22745 -40 -2.15 1.45
16152 -40 -2.15 1.45
17187 -40 -2.15 1.45
19020 -40 -2.15 1.45
13168 -40 -2.15 1.45
16486 -40 -2.15 1.45
12434 -40 -2.15 1.45
16598 -40 -2.15 1.45
17182 -40 -2.15 1.45
18800 -40 -2.15 1.45
17744 -40 -2.15 1.45
17182 -40 -2.15 1.45
18063 -40 -2.15 1.45
14201 -40 -2.15 1.45
15378 -40 -2.15 1.45
17739 -40 -2.15 1.45
12410 -40 -2.15 1.45
18409 -40 -2.15 1.45
17845 -40 -2.15 1.45
17661 -40 -2.15 1.45
161074 -40 -18.44 15.38
160562 -40 -18.44 15.38
157021 -40 -18.44 15.38
158058 -40 -18.44 15.38
161644 -40 -18.44 15.38
158043 -40 -18.44 15.38
163084 -40 -18.44 15.38
160363 -40 -18.44 15.38
162304 -40 -18.44 15.38
155709 -40 -18.44 15.38
161384 -40 -18.44 15.38
159120 -40 -18.44 15.38
157033 -40 -18.44 15.38
165378 -40 -18.44 15.38
160569 -40 -18.44 15.38
161633 -40 -18.44 15.38
161525 -40 -18.44 15.38
162670 -40 -18.44 15.38
162043 -40 -18.44 15.38
159871 -40 -18.44 15.38
163670 -40 -18.44 15.38
157258 -40 -18.44 15.38
156227 -40 -18.44 15.38
159705 -40 -18.44 15.38
162732 -40 -18.44 15.38
157538 -40 -18.44 15.38
160572 -40 -18.44 15.38
159685 -40 -18.44 15.38
154984 -40 -18.44 15.38
159439 -40 -18.44 15.38
159832 -40 -18.44 15.38
161542 -40 -18.44 15.38
159003 -40 -18.44 15.38
160001 -40 -18.44 15.38
157141 -40 -18.44 15.38
159843 -40 -18.44 15.38
163160 -40 -18.44 15.38
159566 -40 -18.44 15.38
160153 -40 -18.44 15.38
85582 -40 4.91 -11.42
84950 -40 4.91 -11.42
84149 -40 4.91 -11.42
79406 -40 4.91 -11.42
82037 -40 4.91 -11.42
83103 -40 4.91 -11.42
78142 -40 4.91 -11.42
82886 -40 4.91 -11.42
82855 -40 4.91 -11.42
84522 -40 4.91 -11.42
85554 -40 4.91 -11.42
81407 -40 4.91 -11.42
77508 -40 4.91 -11.42
86468 -40 4.91 -11.42
83080 -40 4.91 -11.42
85916 -40 4.91 -11.42
78820 -40 4.91 -11.42
83312 -40 4.91 -11.42
83859 -40 4.91 -11.42
84901 -40 4.91 -11.42
79469 -40 4.91 -11.42
81007 -40 4.91 -11.42
83856 -40 4.91 -11.42
84897 -40 4.91 -11.42
82496 -40 4.91 -11.42
85059 -40 4.91 -11.42
82908 -40 4.91 -11.42
83842 -40 4.91 -11.42
85402 -40 4.91 -11.42
82653 -40 4.91 -11.42
82422 -40 4.91 -11.42
77774 -40 4.91 -11.42
77443 -40 4.91 -11.42
87401 -40 4.91 -11.42
88714 -40 4.91 -11.42
78849 -40 4.91 -11.42
83897 -40 4.91 -11.42
85461 -40 4.91 -11.42
85410 -40 4.91 -11.42
147723 -40 7.21 21.49
150079 -40 7.21 21.49
156565 -40 7.21 21.49
149907 -40 7.21 21.49
150320 -40 7.21 21.49
150513 -40 7.21 21.49
150546 -40 7.21 21.49
151945 -40 7.21 21.49
148037 -40 7.21 21.49
148830 -40 7.21 21.49
151114 -40 7.21 21.49
152893 -40 7.21 21.49
152740 -40 7.21 21.49
148984 -40 7.21 21.49
153103 -40 7.21 21.49
146912 -40 7.21 21.49
153211 -40 7.21 21.49
153567 -40 7.21 21.49
149384 -40 7.21 21.49
148965 -40 7.21 21.49
149146 -40 7.21 21.49
148734 -40 7.21 21.49
154063 -40 7.21 21.49
149875 -40 7.21 21.49
152251 -40 7.21 21.49
151820 -40 7.21 21.49
152947 -40 7.21 21.49
150950 -40 7.21 21.49
152503 -40 7.21 21.49
149634 -40 7.21 21.49
154931 -40 7.21 21.49
151019 -40 7.21 21.49
151788 -40 7.21 21.49
149108 -40 7.21 21.49
149021 -40 7.21 21.49
151673 -40 7.21 21.49
151988 -40 7.21 21.49
153246 -40 7.21 21.49
151455 -40 7.21 21.49
189493 -40 11.06 -25.99
187973 -40 11.06 -25.99
185837 -40 11.06 -25.99
191211 -40 11.06 -25.99
189881 -40 11.06 -25.99
188181 -40 11.06 -25.99
187080 -40 11.06 -25.99
190814 -40 11.06 -25.99
189689 -40 11.06 -25.99
185704 -40 11.06 -25.99
185281 -40 11.06 -25.99
187558 -40 11.06 -25.99
187365 -40 11.06 -25.99
188310 -40 11.06 -25.99
185237 -40 11.06 -25.99
190266 -40 11.06 -25.99
190865 -40 11.06 -25.99
191681 -40 11.06 -25.99
188190 -40 11.06 -25.99
193114 -40 11.06 -25.99
192720 -40 11.06 -25.99
181079 -40 11.06 -25.99
186619 -40 11.06 -25.99
186311 -40 11.06 -25.99
186847 -40 11.06 -25.99
187763 -40 11.06 -25.99
191688 -40 11.06 -25.99
188818 -40 11.06 -25.99
187573 -40 11.06 -25.99
185511 -40 11.06 -25.99
183089 -40 11.06 -25.99
184702 -40 11.06 -25.99
186616 -40 11.06 -25.99
192534 -40 11.06 -25.99
188087 -40 11.06 -25.99
185271 -40 11.06 -25.99
187572 -40 11.06 -25.99
191430 -40 11.06 -25.99
186730 -40 11.06 -25.99
164492 -40 -23.8 7.48
169009 -40 -23.8 7.48
169943 -40 -23.8 7.48
160735 -40 -23.8 7.48
171985 -40 -23.8 7.48
168526 -40 -23.8 7.48
163913 -40 -23.8 7.48
168820 -40 -23.8 7.48
169039 -40 -23.8 7.48
167013 -40 -23.8 7.48
165249 -40 -23.8 7.48
166570 -40 -23.8 7.48
169460 -40 -23.8 7.48
164080 -40 -23.8 7.48
168781 -40 -23.8 7.48
162075 -40 -23.8 7.48
166280 -40 -23.8 7.48
168037 -40 -23.8 7.48
165942 -40 -23.8 7.48
163502 -40 -23.8 7.48
167324 -40 -23.8 7.48
169693 -40 -23.8 7.48
168108 -40 -23.8 7.48
171402 -40 -23.8 7.48
168452 -40 -23.8 7.48
166867 -40 -23.8 7.48
171515 -40 -23.8 7.48
161663 -40 -23.8 7.48
166506 -40 -23.8 7.48
163582 -40 -23.8 7.48
166726 -40 -23.8 7.48
162262 -40 -23.8 7.48
167916 -40 -23.8 7.48
172815 -40 -23.8 7.48
163849 -40 -23.8 7.48
165580 -40 -23.8 7.48
167110 -40 -23.8 7.48
169126 -40 -23.8 7.48
169912 -40 -23.8 7.48
114077 -40 14.73 7.79
109284 -40 14.73 7.79
115666 -40 14.73 7.79
115990 -40 14.73 7.79
111121 -40 14.73 7.79
113541 -40 14.73 7.79
110200 -40 14.73 7.79
110140 -40 14.73 7.79
112366 -40 14.73 7.79
112556 -40 14.73 7.79
113854 -40 14.73 7.79
110050 -40 14.73 7.79
113932 -40 14.73 7.79
112692 -40 14.73 7.79
111407 -40 14.73 7.79
111858 -40 14.73 7.79
104593 -40 14.73 7.79
112879 -40 14.73 7.79
108680 -40 14.73 7.79
114222 -40 14.73 7.79
112861 -40 14.73 7.79
112565 -40 14.73 7.79
113234 -40 14.73 7.79
112765 -40 14.73 7.79
111464 -40 14.73 7.79
106758 -40 14.73 7.79
113054 -40 14.73 7.79
109386 -40 14.73 7.79
111917 -40 14.73 7.79
114687 -40 14.73 7.79
112021 -40 14.73 7.79
112216 -40 14.73 7.79
113015 -40 14.73 7.79
112333 -40 14.73 7.79
111407 -40 14.73 7.79
111938 -40 14.73 7.79
113448 -40 14.73 7.79
110381 -40 14.73 7.79
111939 -40 14.73 7.79
175119 -40 -13.08 -22.27
176689 -40 -13.08 -22.27
173051 -40 -13.08 -22.27
169452 -40 -13.08 -22.27
172765 -40 -13.08 -22.27
172178 -40 -13.08 -22.27
173181 -40 -13.08 -22.27
171679 -40 -13.08 -22.27
170965 -40 -13.08 -22.27
168917 -40 -13.08 -22.27
169092 -40 -13.08 -22.27
172031 -40 -13.08 -22.27
171348 -40 -13.08 -22.27
175347 -40 -13.08 -22.27
174025 -40 -13.08 -22.27
168513 -40 -13.08 -22.27
171907 -40 -13.08 -22.27
174349 -40 -13.08 -22.27
169559 -40 -13.08 -22.27
178017 -40 -13.08 -22.27
169674 -40 -13.08 -22.27
171778 -40 -13.08 -22.27
175215 -40 -13.08 -22.27
173078 -40 -13.08 -22.27
174638 -40 -13.08 -22.27
169879 -40 -13.08 -22.27
173567 -40 -13.08 -22.27
178783 -40 -13.08 -22.27
172339 -40 -13.08 -22.27
173657 -40 -13.08 -22.27
172915 -40 -13.08 -22.27
170746 -40 -13.08 -22.27
170931 -40 -13.08 -22.27
171993 -40 -13.08 -22.27
172176 -40 -13.08 -22.27
169868 -40 -13.08 -22.27
173386 -40 -13.08 -22.27
173134 -40 -13.08 -22.27
171181 -40 -13.08 -22.27
125410 -40 15.21 -11.65
124545 -40 15.21 -11.65
122783 -40 15.21 -11.65
127498 -40 15.21 -11.65
132433 -40 15.21 -11.65
125472 -40 15.21 -11.65
126717 -40 15.21 -11.65
124928 -40 15.21 -11.65
125286 -40 15.21 -11.65
129475 -40 15.21 -11.65
126765 -40 15.21 -11.65
126411 -40 15.21 -11.65
126806 -40 15.21 -11.65
127841 -40 15.21 -11.65
129684 -40 15.21 -11.65
124383 -40 15.21 -11.65
130977 -40 15.21 -11.65
122310 -40 15.21 -11.65
127065 -40 15.21 -11.65
128608 -40 15.21 -11.65
128487 -40 15.21 -11.65
124739 -40 15.21 -11.65
126835 -40 15.21 -11.65
127473 -40 15.21 -11.65
128953 -40 15.21 -11.65
135971 -40 15.21 -11.65
130086 -40 15.21 -11.65
127020 -40 15.21 -11.65
129994 -40 15.21 -11.65
129268 -40 15.21 -11.65
127806 -40 15.21 -11.65
130088 -40 15.21 -11.65
127836 -40 15.21 -11.65
125320 -40 15.21 -11.65
126276 -40 15.21 -11.65
126797 -40 15.21 -11.65
132816 -40 15.21 -11.65
124378 -40 15.21 -11.65
130093 -40 15.21 -11.65
