#rtt sig_str x y
166225 -40 -6.91 23.82
161379 -40 -6.91 23.82
165759 -40 -6.91 23.82
163748 -40 -6.91 23.82
165241 -40 -6.91 23.82
162744 -40 -6.91 23.82
164687 -40 -6.91 23.82
167661 -40 -6.91 23.82
167476 -40 -6.91 23.82
164113 -40 -6.91 23.82
168094 -40 -6.91 23.82
166755 -40 -6.91 23.82
163692 -40 -6.91 23.82
162126 -40 -6.91 23.82
164972 -40 -6.91 23.82
168588 -40 -6.91 23.82
164626 -40 -6.91 23.82
166333 -40 -6.91 23.82
159980 -40 -6.91 23.82
162840 -40 -6.91 23.82
165374 -40 -6.91 23.82
163039 -40 -6.91 23.82
164690 -40 -6.91 23.82
165446 -40 -6.91 23.82
165084 -40 -6.91 23.82
161941 -40 -6.91 23.82
165556 -40 -6.91 23.82
167589 -40 -6.91 23.82
163892 -40 -6.91 23.82
166813 -40 -6.91 23.82
166322 -40 -6.91 23.82
165749 -40 -6.91 23.82
164858 -40 -6.91 23.82
169027 -40 -6.91 23.82
171259 -40 -6.91 23.82
163271 -40 -6.91 23.82
169901 -40 -6.91 23.82
161069 -40 -6.91 23.82
163330 -40 -6.91 23.82
223577 -40 21.59 24.79
218852 -40 21.59 24.79
220867 -40 21.59 24.79
219320 -40 21.59 24.79
219963 -40 21.59 24.79
221938 -40 21.59 24.79
215592 -40 21.59 24.79
218858 -40 21.59 24.79
220341 -40 21.59 24.79
219886 -40 21.59 24.79
219161 -40 21.59 24.79
214839 -40 21.59 24.79
218026 -40 21.59 24.79
222915 -40 21.59 24.79
223943 -40 21.59 24.79
222365 -40 21.59 24.79
221246 -40 21.59 24.79
222701 -40 21.59 24.79
213944 -40 21.59 24.79
219961 -40 21.59 24.79
221796 -40 21.59 24.79
219231 -40 21.59 24.79
220270 -40 21.59 24.79
221372 -40 21.59 24.79
221701 -40 21.59 24.79
223652 -40 21.59 24.79
220541 -40 21.59 24.79
215420 -40 21.59 24.79
224459 -40 21.59 24.79
222613 -40 21.59 24.79
216083 -40 21.59 24.79
218409 -40 21.59 24.79
218109 -40 21.59 24.79
220216 -40 21.59 24.79
220649 -40 21.59 24.79
218083 -40 21.59 24.79
220109 -40 21.59 24.79
218908 -40 21.59 24.79
219336 -40 21.59 24.79
237614 -40 26.66 23.79
239003 -40 26.66 23.79
236479 -40 26.66 23.79
235524 -40 26.66 23.79
239829 -40 26.66 23.79
237946 -40 26.66 23.79
233711 -40 26.66 23.79
233472 -40 26.66 23.79
237875 -40 26.66 23.79
241386 -40 26.66 23.79
236368 -40 26.66 23.79
240978 -40 26.66 23.79
237895 -40 26.66 23.79
236517 -40 26.66 23.79
236362 -40 26.66 23.79
238387 -40 26.66 23.79
238608 -40 26.66 23.79
240002 -40 26.66 23.79
232206 -40 26.66 23.79
235677 -40 26.66 23.79
243882 -40 26.66 23.79
240908 -40 26.66 23.79
238647 -40 26.66 23.79
236228 -40 26.66 23.79
238423 -40 26.66 23.79
233585 -40 26.66 23.79
237771 -40 26.66 23.79
236693 -40 26.66 23.79
238600 -40 26.66 23.79
237157 -40 26.66 23.79
237688 -40 26.66 23.79
238264 -40 26.66 23.79
235862 -40 26.66 23.79
237531 -40 26.66 23.79
234451 -40 26.66 23.79
242548 -40 26.66 23.79
234144 -40 26.66 23.79
238039 -40 26.66 23.79
239534 -40 26.66 23.79
88521 -40 12.17 -5.86
92707 -40 12.17 -5.86
91656 -40 12.17 -5.86
91543 -40 12.17 -5.86
90761 -40 12.17 -5.86
89819 -40 12.17 -5.86
92016 -40 12.17 -5.86
85445 -40 12.17 -5.86
92326 -40 12.17 -5.86
94091 -40 12.17 -5.86
94249 -40 12.17 -5.86
90822 -40 12.17 -5.86
91596 -40 12.17 -5.86
89103 -40 12.17 -5.86
93912 -40 12.17 -5.86
95106 -40 12.17 -5.86
90482 -40 12.17 -5.86
92830 -40 12.17 -5.86
95049 -40 12.17 -5.86
90073 -40 12.17 -5.86
86560 -40 12.17 -5.86
86839 -40 12.17 -5.86
94612 -40 12.17 -5.86
91178 -40 12.17 -5.86
87556 -40 12.17 -5.86
89512 -40 12.17 -5.86
88416 -40 12.17 -5.86
91595 -40 12.17 -5.86
89570 -40 12.17 -5.86
88530 -40 12.17 -5.86
90028 -40 12.17 -5.86
87524 -40 12.17 -5.86
87546 -40 12.17 -5.86
92506 -40 12.17 -5.86
90106 -40 12.17 -5.86
88620 -40 12.17 -5.86
90757 -40 12.17 -5.86
88932 -40 12.17 -5.86
86767 -40 12.17 -5.86
171139 -40 8.02 24.34
174656 -40 8.02 24.34
166067 -40 8.02 24.34
167737 -40 8.02 24.34
174563 -40 8.02 24.34
168684 -40 8.02 24.34
170184 -40 8.02 24.34
174711 -40 8.02 24.34
170104 -40 8.02 24.34
170161 -40 8.02 24.34
173639 -40 8.02 24.34
171598 -40 8.02 24.34
173329 -40 8.02 24.34
164573 -40 8.02 24.34
171205 -40 8.02 24.34
173072 -40 8.02 24.34
165396 -40 8.02 24.34
170827 -40 8.02 24.34
175183 -40 8.02 24.34
172473 -40 8.02 24.34
172932 -40 8.02 24.34
170666 -40 8.02 24.34
172151 -40 8.02 24.34
172364 -40 8.02 24.34
167032 -40 8.02 24.34
173524 -40 8.02 24.34
168473 -40 8.02 24.34
171536 -40 8.02 24.34
176679 -40 8.02 24.34
169638 -40 8.02 24.34
171235 -40 8.02 24.34
172880 -40 8.02 24.34
170285 -40 8.02 24.34
171846 -40 8.02 24.34
175029 -40 8.02 24.34
172410 -40 8.02 24.34
170818 -40 8.02 24.34
170306 -40 8.02 24.34
168050 -40 8.02 24.34
44104 -40 6.36 1.48
50964 -40 6.36 1.48
44631 -40 6.36 1.48
44310 -40 6.36 1.48
43373 -40 6.36 1.48
41775 -40 6.36 1.48
47184 -40 6.36 1.48
46019 -40 6.36 1.48
43575 -40 6.36 1.48
43469 -40 6.36 1.48
44592 -40 6.36 1.48
39446 -40 6.36 1.48
45649 -40 6.36 1.48
46066 -40 6.36 1.48
44566 -40 6.36 1.48
52651 -40 6.36 1.48
41519 -40 6.36 1.48
47026 -40 6.36 1.48
41756 -40 6.36 1.48
36937 -40 6.36 1.48
44203 -40 6.36 1.48
40690 -40 6.36 1.48
40727 -40 6.36 1.48
41755 -40 6.36 1.48
44310 -40 6.36 1.48
46214 -40 6.36 1.48
44853 -40 6.36 1.48
45757 -40 6.36 1.48
43986 -40 6.36 1.48
45890 -40 6.36 1.48
40667 -40 6.36 1.48
42181 -40 6.36 1.48
44954 -40 6.36 1.48
44577 -40 6.36 1.48
41412 -40 6.36 1.48
44151 -40 6.36 1.48
46985 -40 6.36 1.48
44917 -40 6.36 1.48
47018 -40 6.36 1.48
180486 -40 -18 -20.38
181346 -40 -18 -20.38
178155 -40 -18 -20.38
179234 -40 -18 -20.38
179619 -40 -18 -20.38
182872 -40 -18 -20.38
182215 -40 -18 -20.38
182689 -40 -18 -20.38
183763 -40 -18 -20.38
179148 -40 -18 -20.38
182531 -40 -18 -20.38
181394 -40 -18 -20.38
180251 -40 -18 -20.38
181816 -40 -18 -20.38
184874 -40 -18 -20.38
183082 -40 -18 -20.38
181992 -40 -18 -20.38
182685 -40 -18 -20.38
183788 -40 -18 -20.38
179496 -40 -18 -20.38
176780 -40 -18 -20.38
179010 -40 -18 -20.38
178689 -40 -18 -20.38
180067 -40 -18 -20.38
182354 -40 -18 -20.38
181216 -40 -18 -20.38
181865 -40 -18 -20.38
181112 -40 -18 -20.38
184519 -40 -18 -20.38
185225 -40 -18 -20.38
178542 -40 -18 -20.38
182444 -40 -18 -20.38
182768 -40 -18 -20.38
177910 -40 -18 -20.38
179255 -40 -18 -20.38
178053 -40 -18 -20.38
186094 -40 -18 -20.38
182648 -40 -18 -20.38
180109 -40 -18 -20.38
151305 -40 -6.76 -21.76
152900 -40 -6.76 -21.76
154476 -40 -6.76 -21.76
156139 -40 -6.76 -21.76
147135 -40 -6.76 -21.76
150648 -40 -6.76 -21.76
151452 -40 -6.76 -21.76
152210 -40 -6.76 -21.76
151650 -40 -6.76 -21.76
153496 -40 -6.76 -21.76
155972 -40 -6.76 -21.76
153262 -40 -6.76 -21.76
154065 -40 -6.76 -21.76
154791 -40 -6.76 -21.76
155307 -40 -6.76 -21.76
148888 -40 -6.76 -21.76
152579 -40 -6.76 -21.76
152862 -40 -6.76 -21.76
149188 -40 -6.76 -21.76
151826 -40 -6.76 -21.76
152852 -40 -6.76 -21.76
153185 -40 -6.76 -21.76
149423 -40 -6.76 -21.76
150130 -40 -6.76 -21.76
152876 -40 -6.76 -21.76
150197 -40 -6.76 -21.76
151882 -40 -6.76 -21.76
147098 -40 -6.76 -21.76
153232 -40 -6.76 -21.76
149206 -40 -6.76 -21.76
148275 -40 -6.76 -21.76
151369 -40 -6.76 -21.76
155077 -40 -6.76 -21.76
150841 -40 -6.76 -21.76
154589 -40 -6.76 -21.76
156287 -40 -6.76 -21.76
154100 -40 -6.76 -21.76
151242 -40 -6.76 -21.76
151455 -40 -6.76 -21.76
166137 -40 -14.46 19.74
162181 -40 -14.46 19.74
165185 -40 -14.46 19.74
163223 -40 -14.46 19.74
160363 -40 -14.46 19.74
164179 -40 -14.46 19.74
161390 -40 -14.46 19.74
161804 -40 -14.46 19.74
161104 -40 -14.46 19.74
163455 -40 -14.46 19.74
164913 -40 -14.46 19.74
162862 -40 -14.46 19.74
165349 -40 -14.46 19.74
165912 -40 -14.46 19.74
165496 -40 -14.46 19.74
169469 -40 -14.46 19.74
160341 -40 -14.46 19.74
167932 -40 -14.46 19.74
164441 -40 -14.46 19.74
164998 -40 -14.46 19.74
157333 -40 -14.46 19.74
163379 -40 -14.46 19.74
167659 -40 -14.46 19.74
163028 -40 -14.46 19.74
156040 -40 -14.46 19.74
163646 -40 -14.46 19.74
165551 -40 -14.46 19.74
164731 -40 -14.46 19.74
166835 -40 -14.46 19.74
163696 -40 -14.46 19.74
166115 -40 -14.46 19.74
165066 -40 -14.46 19.74
163409 -40 -14.46 19.74
163546 -40 -14.46 19.74
162703 -40 -14.46 19.74
163093 -40 -14.46 19.74
161757 -40 -14.46 19.74
164381 -40 -14.46 19.74
162412 -40 -14.46 19.74
212102 -40 -25.53 18.27
208106 -40 -25.53 18.27
213097 -40 -25.53 18.27
210791 -40 -25.53 18.27
209190 -40 -25.53 18.27
209552 -40 -25.53 18.27
203979 -40 -25.53 18.27
205250 -40 -25.53 18.27
207445 -40 -25.53 18.27
209081 -40 -25.53 18.27
209661 -40 -25.53 18.27
211346 -40 -25.53 18.27
215430 -40 -25.53 18.27
211674 -40 -25.53 18.27
211181 -40 -25.53 18.27
214959 -40 -25.53 18.27
211950 -40 -25.53 18.27
205914 -40 -25.53 18.27
209612 -40 -25.53 18.27
209812 -40 -25.53 18.27
211448 -40 -25.53 18.27
207329 -40 -25.53 18.27
212577 -40 -25.53 18.27
209562 -40 -25.53 18.27
214044 -40 -25.53 18.27
208881 -40 -25.53 18.27
210559 -40 -25.53 18.27
210647 -40 -25.53 18.27
211443 -40 -25.53 18.27
211839 -40 -25.53 18.27
205852 -40 -25.53 18.27
205042 -40 -25.53 18.27
209300 -40 -25.53 18.27
210604 -40 -25.53 18.27
210496 -40 -25.53 18.27
209496 -40 -25.53 18.27
205971 -40 -25.53 18.27
207941 -40 -25.53 18.27
210942 -40 -25.53 18.27
