#rtt sig_str x y
196675 -40 2.81 -29.66
198423 -40 2.81 -29.66
194000 -40 2.81 -29.66
196595 -40 2.81 -29.66
198058 -40 2.81 -29.66
201025 -40 2.81 -29.66
200335 -40 2.81 -29.66
198627 -40 2.81 -29.66
195343 -40 2.81 -29.66
198204 -40 2.81 -29.66
200612 -40 2.81 -29.66
202000 -40 2.81 -29.66
197416 -40 2.81 -29.66
199028 -40 2.81 -29.66
195921 -40 2.81 -29.66
199457 -40 2.81 -29.66
198642 -40 2.81 -29.66
198624 -40 2.81 -29.66
199325 -40 2.81 -29.66
200028 -40 2.81 -29.66
201492 -40 2.81 -29.66
194885 -40 2.81 -29.66
196574 -40 2.81 -29.66
195949 -40 2.81 -29.66
198861 -40 2.81 -29.66
199711 -40 2.81 -29.66
198343 -40 2.81 -29.66
197556 -40 2.81 -29.66
199238 -40 2.81 -29.66
200440 -40 2.81 -29.66
196491 -40 2.81 -29.66
201024 -40 2.81 -29.66
199221 -40 2.81 -29.66
202483 -40 2.81 -29.66
197191 -40 2.81 -29.66
198621 -40 2.81 -29.66
198018 -40 2.81 -29.66
196207 -40 2.81 -29.66
198307 -40 2.81 -29.66
168435 -40 17.88 18.6
172338 -40 17.88 18.6
171117 -40 17.88 18.6
170768 -40 17.88 18.6
170491 -40 17.88 18.6
169889 -40 17.88 18.6
174828 -40 17.88 18.6
171605 -40 17.88 18.6
169098 -40 17.88 18.6
175750 -40 17.88 18.6
169374 -40 17.88 18.6
177204 -40 17.88 18.6
170469 -40 17.88 18.6
175863 -40 17.88 18.6
169172 -40 17.88 18.6
171160 -40 17.88 18.6
170775 -40 17.88 18.6
171126 -40 17.88 18.6
172787 -40 17.88 18.6
173496 -40 17.88 18.6
170777 -40 17.88 18.6
173930 -40 17.88 18.6
169736 -40 17.88 18.6
170194 -40 17.88 18.6
172505 -40 17.88 18.6
168330 -40 17.88 18.6
170052 -40 17.88 18.6
171571 -40 17.88 18.6
173884 -40 17.88 18.6
166025 -40 17.88 18.6
170733 -40 17.88 18.6
173396 -40 17.88 18.6
170826 -40 17.88 18.6
174472 -40 17.88 18.6
169348 -40 17.88 18.6
176260 -40 17.88 18.6
171536 -40 17.88 18.6
173036 -40 17.88 18.6
176986 -40 17.88 18.6
139800 -40 19.23 -7.99
135601 -40 19.23 -7.99
137086 -40 19.23 -7.99
143045 -40 19.23 -7.99
142073 -40 19.23 -7.99
135617 -40 19.23 -7.99
139405 -40 19.23 -7.99
136095 -40 19.23 -7.99
135728 -40 19.23 -7.99
140173 -40 19.23 -7.99
140549 -40 19.23 -7.99
138039 -40 19.23 -7.99
136522 -40 19.23 -7.99
138808 -40 19.23 -7.99
139374 -40 19.23 -7.99
140045 -40 19.23 -7.99
143213 -40 19.23 -7.99
139125 -40 19.23 -7.99
139349 -40 19.23 -7.99
138890 -40 19.23 -7.99
144997 -40 19.23 -7.99
141486 -40 19.23 -7.99
138683 -40 19.23 -7.99
135930 -40 19.23 -7.99
137965 -40 19.23 -7.99
139908 -40 19.23 -7.99
137534 -40 19.23 -7.99
141464 -40 19.23 -7.99
132510 -40 19.23 -7.99
138257 -40 19.23 -7.99
142616 -40 19.23 -7.99
138692 -40 19.23 -7.99
140680 -40 19.23 -7.99
142044 -40 19.23 -7.99
141211 -40 19.23 -7.99
139443 -40 19.23 -7.99
141971 -40 19.23 -7.99
138088 -40 19.23 -7.99
138575 -40 19.23 -7.99
196958 -40 -22.68 19.72
202226 -40 -22.68 19.72
202830 -40 -22.68 19.72
200283 -40 -22.68 19.72
203257 -40 -22.68 19.72
198284 -40 -22.68 19.72
204213 -40 -22.68 19.72
199717 -40 -22.68 19.72
198954 -40 -22.68 19.72
203905 -40 -22.68 19.72
202280 -40 -22.68 19.72
201092 -40 -22.68 19.72
203998 -40 -22.68 19.72
199422 -40 -22.68 19.72
205544 -40 -22.68 19.72
197758 -40 -22.68 19.72
200614 -40 -22.68 19.72
199389 -40 -22.68 19.72
199562 -40 -22.68 19.72
199396 -40 -22.68 19.72
199655 -40 -22.68 19.72
200936 -40 -22.68 19.72
199236 -40 -22.68 19.72
200269 -40 -22.68 19.72
202720 -40 -22.68 19.72
203625 -40 -22.68 19.72
206069 -40 -22.68 19.72
200891 -40 -22.68 19.72
204114 -40 -22.68 19.72
199939 -40 -22.68 19.72
200442 -40 -22.68 19.72
199007 -40 -22.68 19.72
200011 -40 -22.68 19.72
200777 -40 -22.68 19.72
195353 -40 -22.68 19.72
198295 -40 -22.68 19.72
202972 -40 -22.68 19.72
197862 -40 -22.68 19.72
202315 -40 -22.68 19.72
57067 -40 6.12 6.18
60008 -40 6.12 6.18
57987 -40 6.12 6.18
58074 -40 6.12 6.18
54322 -40 6.12 6.18
59724 -40 6.12 6.18
54853 -40 6.12 6.18
56165 -40 6.12 6.18
53661 -40 6.12 6.18
53273 -40 6.12 6.18
63697 -40 6.12 6.18
60030 -40 6.12 6.18
57514 -40 6.12 6.18
58461 -40 6.12 6.18
58549 -40 6.12 6.18
58039 -40 6.12 6.18
58644 -40 6.12 6.18
59224 -40 6.12 6.18
60491 -40 6.12 6.18
61842 -40 6.12 6.18
57094 -40 6.12 6.18
63140 -40 6.12 6.18
59999 -40 6.12 6.18
56723 -40 6.12 6.18
59036 -40 6.12 6.18
60962 -40 6.12 6.18
57719 -40 6.12 6.18
56330 -40 6.12 6.18
60525 -40 6.12 6.18
55725 -40 6.12 6.18
56742 -40 6.12 6.18
57633 -40 6.12 6.18
57106 -40 6.12 6.18
60652 -40 6.12 6.18
56681 -40 6.12 6.18
57365 -40 6.12 6.18
57630 -40 6.12 6.18
60437 -40 6.12 6.18
58404 -40 6.12 6.18
38869 -40 1.53 -5.4
36098 -40 1.53 -5.4
36566 -40 1.53 -5.4
38745 -40 1.53 -5.4
40762 -40 1.53 -5.4
33623 -40 1.53 -5.4
34386 -40 1.53 -5.4
36474 -40 1.53 -5.4
41153 -40 1.53 -5.4
37659 -40 1.53 -5.4
35124 -40 1.53 -5.4
38112 -40 1.53 -5.4
37168 -40 1.53 -5.4
40153 -40 1.53 -5.4
38079 -40 1.53 -5.4
35152 -40 1.53 -5.4
34906 -40 1.53 -5.4
35102 -40 1.53 -5.4
32872 -40 1.53 -5.4
30431 -40 1.53 -5.4
34011 -40 1.53 -5.4
34035 -40 1.53 -5.4
39488 -40 1.53 -5.4
36364 -40 1.53 -5.4
37748 -40 1.53 -5.4
37484 -40 1.53 -5.4
34299 -40 1.53 -5.4
35406 -40 1.53 -5.4
36708 -40 1.53 -5.4
42318 -40 1.53 -5.4
37866 -40 1.53 -5.4
41094 -40 1.53 -5.4
42427 -40 1.53 -5.4
33656 -40 1.53 -5.4
39225 -40 1.53 -5.4
38453 -40 1.53 -5.4
35680 -40 1.53 -5.4
37501 -40 1.53 -5.4
33533 -40 1.53 -5.4
114203 -40 -2.17 -16.33
111244 -40 -2.17 -16.33
104754 -40 -2.17 -16.33
110623 -40 -2.17 -16.33
111263 -40 -2.17 -16.33
110156 -40 -2.17 -16.33
108067 -40 -2.17 -16.33
106671 -40 -2.17 -16.33
106932 -40 -2.17 -16.33
109895 -40 -2.17 -16.33
106695 -40 -2.17 -16.33
109788 -40 -2.17 -16.33
107532 -40 -2.17 -16.33
109162 -40 -2.17 -16.33
110287 -40 -2.17 -16.33
108009 -40 -2.17 -16.33
109499 -40 -2.17 -16.33
107939 -40 -2.17 -16.33
109342 -40 -2.17 -16.33
109400 -40 -2.17 -16.33
111701 -40 -2.17 -16.33
104538 -40 -2.17 -16.33
107439 -40 -2.17 -16.33
112522 -40 -2.17 -16.33
108636 -40 -2.17 -16.33
110761 -40 -2.17 -16.33
105426 -40 -2.17 -16.33
108430 -40 -2.17 -16.33
106802 -40 -2.17 -16.33
107170 -40 -2.17 -16.33
109391 -40 -2.17 -16.33
113184 -40 -2.17 -16.33
111279 -40 -2.17 -16.33
110414 -40 -2.17 -16.33
108352 -40 -2.17 -16.33
107725 -40 -2.17 -16.33
106123 -40 -2.17 -16.33
109088 -40 -2.17 -16.33
109662 -40 -2.17 -16.33
79182 -40 -1.71 11.52
78209 -40 -1.71 11.52
75009 -40 -1.71 11.52
77101 -40 -1.71 11.52
81381 -40 -1.71 11.52
79170 -40 -1.71 11.52
79005 -40 -1.71 11.52
78311 -40 -1.71 11.52
76404 -40 -1.71 11.52
72878 -40 -1.71 11.52
79936 -40 -1.71 11.52
78263 -40 -1.71 11.52
76050 -40 -1.71 11.52
75815 -40 -1.71 11.52
76639 -40 -1.71 11.52
76755 -40 -1.71 11.52
76048 -40 -1.71 11.52
79584 -40 -1.71 11.52
72575 -40 -1.71 11.52
73920 -40 -1.71 11.52
77793 -40 -1.71 11.52
82331 -40 -1.71 11.52
79117 -40 -1.71 11.52
80115 -40 -1.71 11.52
78159 -40 -1.71 11.52
79642 -40 -1.71 11.52
79065 -40 -1.71 11.52
79796 -40 -1.71 11.52
73092 -40 -1.71 11.52
77954 -40 -1.71 11.52
79948 -40 -1.71 11.52
75766 -40 -1.71 11.52
78915 -40 -1.71 11.52
73027 -40 -1.71 11.52
76663 -40 -1.71 11.52
78081 -40 -1.71 11.52
73507 -40 -1.71 11.52
79781 -40 -1.71 11.52
77747 -40 -1.71 11.52
111163 -40 7.96 -15.16
114137 -40 7.96 -15.16
114092 -40 7.96 -15.16
109134 -40 7.96 -15.16
119255 -40 7.96 -15.16
115110 -40 7.96 -15.16
113410 -40 7.96 -15.16
116720 -40 7.96 -15.16
110877 -40 7.96 -15.16
111449 -40 7.96 -15.16
114700 -40 7.96 -15.16
110639 -40 7.96 -15.16
114755 -40 7.96 -15.16
116748 -40 7.96 -15.16
112652 -40 7.96 -15.16
117413 -40 7.96 -15.16
115498 -40 7.96 -15.16
112937 -40 7.96 -15.16
111312 -40 7.96 -15.16
116843 -40 7.96 -15.16
110772 -40 7.96 -15.16
112924 -40 7.96 -15.16
119865 -40 7.96 -15.16
115692 -40 7.96 -15.16
114361 -40 7.96 -15.16
114089 -40 7.96 -15.16
116362 -40 7.96 -15.16
113042 -40 7.96 -15.16
109021 -40 7.96 -15.16
116326 -40 7.96 -15.16
113578 -40 7.96 -15.16
111301 -40 7.96 -15.16
110308 -40 7.96 -15.16
113567 -40 7.96 -15.16
114393 -40 7.96 -15.16
111828 -40 7.96 -15.16
116194 -40 7.96 -15.16
113782 -40 7.96 -15.16
118028 -40 7.96 -15.16
239095 -40 25.54 25.73
239922 -40 25.54 25.73
245141 -40 25.54 25.73
239318 -40 25.54 25.73
237988 -40 25.54 25.73
240059 -40 25.54 25.73
238061 -40 25.54 25.73
244725 -40 25.54 25.73
242180 -40 25.54 25.73
238493 -40 25.54 25.73
237042 -40 25.54 25.73
244743 -40 25.54 25.73
242583 -40 25.54 25.73
242935 -40 25.54 25.73
239723 -40 25.54 25.73
242191 -40 25.54 25.73
244973 -40 25.54 25.73
242802 -40 25.54 25.73
237142 -40 25.54 25.73
243489 -40 25.54 25.73
242940 -40 25.54 25.73
242594 -40 25.54 25.73
240970 -40 25.54 25.73
237872 -40 25.54 25.73
238213 -40 25.54 25.73
244162 -40 25.54 25.73
242782 -40 25.54 25.73
244411 -40 25.54 25.73
242176 -40 25.54 25.73
245203 -40 25.54 25.73
240508 -40 25.54 25.73
241882 -40 25.54 25.73
242383 -40 25.54 25.73
241281 -40 25.54 25.73
240716 -40 25.54 25.73
236460 -40 25.54 25.73
246403 -40 25.54 25.73
239688 -40 25.54 25.73
241367 -40 25.54 25.73
