#rtt sig_str x y
68105 -40 -5.54 8.64
66779 -40 -5.54 8.64
66263 -40 -5.54 8.64
66131 -40 -5.54 8.64
66817 -40 -5.54 8.64
69618 -40 -5.54 8.64
65889 -40 -5.54 8.64
69809 -40 -5.54 8.64
70591 -40 -5.54 8.64
72305 -40 -5.54 8.64
65733 -40 -5.54 8.64
67908 -40 -5.54 8.64
71514 -40 -5.54 8.64
69582 -40 -5.54 8.64
72296 -40 -5.54 8.64
68042 -40 -5.54 8.64
68976 -40 -5.54 8.64
70986 -40 -5.54 8.64
65458 -40 -5.54 8.64
70764 -40 -5.54 8.64
64476 -40 -5.54 8.64
65893 -40 -5.54 8.64
67711 -40 -5.54 8.64
68014 -40 -5.54 8.64
66609 -40 -5.54 8.64
72565 -40 -5.54 8.64
67336 -40 -5.54 8.64
71237 -40 -5.54 8.64
69661 -40 -5.54 8.64
68228 -40 -5.54 8.64
66049 -40 -5.54 8.64
72625 -40 -5.54 8.64
66700 -40 -5.54 8.64
71125 -40 -5.54 8.64
67935 -40 -5.54 8.64
69932 -40 -5.54 8.64
64274 -40 -5.54 8.64
67098 -40 -5.54 8.64
66942 -40 -5.54 8.64
242769 -40 -26.68 -23.27
237827 -40 -26.68 -23.27
236117 -40 -26.68 -23.27
230916 -40 -26.68 -23.27
232984 -40 -26.68 -23.27
235840 -40 -26.68 -23.27
232523 -40 -26.68 -23.27
238339 -40 -26.68 -23.27
238604 -40 -26.68 -23.27
237151 -40 -26.68 -23.27
235120 -40 -26.68 -23.27
243932 -40 -26.68 -23.27
233831 -40 -26.68 -23.27
234843 -40 -26.68 -23.27
233402 -40 -26.68 -23.27
235329 -40 -26.68 -23.27
237662 -40 -26.68 -23.27
240469 -40 -26.68 -23.27
232264 -40 -26.68 -23.27
240123 -40 -26.68 -23.27
235111 -40 -26.68 -23.27
234609 -40 -26.68 -23.27
240914 -40 -26.68 -23.27
236951 -40 -26.68 -23.27
240162 -40 -26.68 -23.27
233930 -40 -26.68 -23.27
235596 -40 -26.68 -23.27
235404 -40 -26.68 -23.27
233481 -40 -26.68 -23.27
235511 -40 -26.68 -23.27
235154 -40 -26.68 -23.27
237023 -40 -26.68 -23.27
236698 -40 -26.68 -23.27
235877 -40 -26.68 -23.27
236942 -40 -26.68 -23.27
235633 -40 -26.68 -23.27
236189 -40 -26.68 -23.27
231812 -40 -26.68 -23.27
237014 -40 -26.68 -23.27
136677 -40 17.32 12.3
141258 -40 17.32 12.3
141386 -40 17.32 12.3
147182 -40 17.32 12.3
145367 -40 17.32 12.3
144735 -40 17.32 12.3
141198 -40 17.32 12.3
143945 -40 17.32 12.3
140819 -40 17.32 12.3
141789 -40 17.32 12.3
140020 -40 17.32 12.3
142245 -40 17.32 12.3
142817 -40 17.32 12.3
141649 -40 17.32 12.3
140065 -40 17.32 12.3
143766 -40 17.32 12.3
140281 -40 17.32 12.3
140273 -40 17.32 12.3
142754 -40 17.32 12.3
140656 -40 17.32 12.3
145528 -40 17.32 12.3
144568 -40 17.32 12.3
134067 -40 17.32 12.3
137304 -40 17.32 12.3
144143 -40 17.32 12.3
143652 -40 17.32 12.3
139582 -40 17.32 12.3
141902 -40 17.32 12.3
141810 -40 17.32 12.3
143806 -40 17.32 12.3
143557 -40 17.32 12.3
141005 -40 17.32 12.3
142008 -40 17.32 12.3
141290 -40 17.32 12.3
142492 -40 17.32 12.3
142826 -40 17.32 12.3
141114 -40 17.32 12.3
146326 -40 17.32 12.3
140222 -40 17.32 12.3
163733 -40 -12.76 -21.3
161987 -40 -12.76 -21.3
168646 -40 -12.76 -21.3
165847 -40 -12.76 -21.3
160427 -40 -12.76 -21.3
168320 -40 -12.76 -21.3
163964 -40 -12.76 -21.3
165181 -40 -12.76 -21.3
166421 -40 -12.76 -21.3
169339 -40 -12.76 -21.3
166523 -40 -12.76 -21.3
167594 -40 -12.76 -21.3
163589 -40 -12.76 -21.3
161495 -40 -12.76 -21.3
168578 -40 -12.76 -21.3
165119 -40 -12.76 -21.3
161477 -40 -12.76 -21.3
167733 -40 -12.76 -21.3
164152 -40 -12.76 -21.3
168833 -40 -12.76 -21.3
166323 -40 -12.76 -21.3
168073 -40 -12.76 -21.3
167485 -40 -12.76 -21.3
166418 -40 -12.76 -21.3
168439 -40 -12.76 -21.3
163684 -40 -12.76 -21.3
167751 -40 -12.76 -21.3
165730 -40 -12.76 -21.3
165011 -40 -12.76 -21.3
164201 -40 -12.76 -21.3
166746 -40 -12.76 -21.3
163677 -40 -12.76 -21.3
161055 -40 -12.76 -21.3
166201 -40 -12.76 -21.3
164532 -40 -12.76 -21.3
161539 -40 -12.76 -21.3
161245 -40 -12.76 -21.3
165278 -40 -12.76 -21.3
166743 -40 -12.76 -21.3
38720 -40 -2.98 5.17
39160 -40 -2.98 5.17
38558 -40 -2.98 5.17
40017 -40 -2.98 5.17
39777 -40 -2.98 5.17
37207 -40 -2.98 5.17
39512 -40 -2.98 5.17
38554 -40 -2.98 5.17
40623 -40 -2.98 5.17
40752 -40 -2.98 5.17
44296 -40 -2.98 5.17
41180 -40 -2.98 5.17
43047 -40 -2.98 5.17
38475 -40 -2.98 5.17
39312 -40 -2.98 5.17
37724 -40 -2.98 5.17
40816 -40 -2.98 5.17
45020 -40 -2.98 5.17
38312 -40 -2.98 5.17
37294 -40 -2.98 5.17
37676 -40 -2.98 5.17
34451 -40 -2.98 5.17
38002 -40 -2.98 5.17
38040 -40 -2.98 5.17
37979 -40 -2.98 5.17
33982 -40 -2.98 5.17
37056 -40 -2.98 5.17
39618 -40 -2.98 5.17
39102 -40 -2.98 5.17
40062 -40 -2.98 5.17
40841 -40 -2.98 5.17
38911 -40 -2.98 5.17
41051 -40 -2.98 5.17
39420 -40 -2.98 5.17
43653 -40 -2.98 5.17
39094 -40 -2.98 5.17
42796 -40 -2.98 5.17
41070 -40 -2.98 5.17
43515 -40 -2.98 5.17
167309 -40 -11.77 -21.96
167842 -40 -11.77 -21.96
166225 -40 -11.77 -21.96
172925 -40 -11.77 -21.96
168491 -40 -11.77 -21.96
169218 -40 -11.77 -21.96
164534 -40 -11.77 -21.96
167053 -40 -11.77 -21.96
165423 -40 -11.77 -21.96
166657 -40 -11.77 -21.96
167059 -40 -11.77 -21.96
164087 -40 -11.77 -21.96
166961 -40 -11.77 -21.96
164041 -40 -11.77 -21.96
164603 -40 -11.77 -21.96
165704 -40 -11.77 -21.96
169060 -40 -11.77 -21.96
164039 -40 -11.77 -21.96
163448 -40 -11.77 -21.96
165884 -40 -11.77 -21.96
162109 -40 -11.77 -21.96
163569 -40 -11.77 -21.96
164009 -40 -11.77 -21.96
164819 -40 -11.77 -21.96
165734 -40 -11.77 -21.96
163846 -40 -11.77 -21.96
167067 -40 -11.77 -21.96
167190 -40 -11.77 -21.96
165127 -40 -11.77 -21.96
166731 -40 -11.77 -21.96
166097 -40 -11.77 -21.96
164746 -40 -11.77 -21.96
168665 -40 -11.77 -21.96
170425 -40 -11.77 -21.96
163507 -40 -11.77 -21.96
165394 -40 -11.77 -21.96
165608 -40 -11.77 -21.96
170107 -40 -11.77 -21.96
164827 -40 -11.77 -21.96
132926 -40 1.58 -19.72
132782 -40 1.58 -19.72
127402 -40 1.58 -19.72
133044 -40 1.58 -19.72
134227 -40 1.58 -19.72
130221 -40 1.58 -19.72
133491 -40 1.58 -19.72
127743 -40 1.58 -19.72
130457 -40 1.58 -19.72
131866 -40 1.58 -19.72
127246 -40 1.58 -19.72
127979 -40 1.58 -19.72
135489 -40 1.58 -19.72
129318 -40 1.58 -19.72
127223 -40 1.58 -19.72
131476 -40 1.58 -19.72
134075 -40 1.58 -19.72
132606 -40 1.58 -19.72
130032 -40 1.58 -19.72
133438 -40 1.58 -19.72
130247 -40 1.58 -19.72
133164 -40 1.58 -19.72
134704 -40 1.58 -19.72
133102 -40 1.58 -19.72
128994 -40 1.58 -19.72
136718 -40 1.58 -19.72
128738 -40 1.58 -19.72
128720 -40 1.58 -19.72
130302 -40 1.58 -19.72
127605 -40 1.58 -19.72
131783 -40 1.58 -19.72
133593 -40 1.58 -19.72
136154 -40 1.58 -19.72
133794 -40 1.58 -19.72
136036 -40 1.58 -19.72
133178 -40 1.58 -19.72
130546 -40 1.58 -19.72
132756 -40 1.58 -19.72
130811 -40 1.58 -19.72
172935 -40 7.43 24.73
171522 -40 7.43 24.73
173600 -40 7.43 24.73
167476 -40 7.43 24.73
173473 -40 7.43 24.73
168705 -40 7.43 24.73
171815 -40 7.43 24.73
171721 -40 7.43 24.73
172739 -40 7.43 24.73
173745 -40 7.43 24.73
170269 -40 7.43 24.73
171130 -40 7.43 24.73
172400 -40 7.43 24.73
167977 -40 7.43 24.73
170275 -40 7.43 24.73
171047 -40 7.43 24.73
173257 -40 7.43 24.73
169003 -40 7.43 24.73
172434 -40 7.43 24.73
174606 -40 7.43 24.73
170808 -40 7.43 24.73
170628 -40 7.43 24.73
173430 -40 7.43 24.73
166759 -40 7.43 24.73
173586 -40 7.43 24.73
173088 -40 7.43 24.73
171954 -40 7.43 24.73
170126 -40 7.43 24.73
175993 -40 7.43 24.73
167493 -40 7.43 24.73
172026 -40 7.43 24.73
173523 -40 7.43 24.73
173412 -40 7.43 24.73
172638 -40 7.43 24.73
168970 -40 7.43 24.73
166526 -40 7.43 24.73
173915 -40 7.43 24.73
169702 -40 7.43 24.73
173428 -40 7.43 24.73
193363 -40 16.61 -23.88
199933 -40 16.61 -23.88
194848 -40 16.61 -23.88
196774 -40 16.61 -23.88
191951 -40 16.61 -23.88
194503 -40 16.61 -23.88
197088 -40 16.61 -23.88
191827 -40 16.61 -23.88
197152 -40 16.61 -23.88
192449 -40 16.61 -23.88
189563 -40 16.61 -23.88
190484 -40 16.61 -23.88
197491 -40 16.61 -23.88
192861 -40 16.61 -23.88
192546 -40 16.61 -23.88
194758 -40 16.61 -23.88
192330 -40 16.61 -23.88
192711 -40 16.61 -23.88
192897 -40 16.61 -23.88
189771 -40 16.61 -23.88
196765 -40 16.61 -23.88
197658 -40 16.61 -23.88
196879 -40 16.61 -23.88
189401 -40 16.61 -23.88
191247 -40 16.61 -23.88
195531 -40 16.61 -23.88
194226 -40 16.61 -23.88
195077 -40 16.61 -23.88
194001 -40 16.61 -23.88
191154 -40 16.61 -23.88
187367 -40 16.61 -23.88
197047 -40 16.61 -23.88
194898 -40 16.61 -23.88
195099 -40 16.61 -23.88
188000 -40 16.61 -23.88
193280 -40 16.61 -23.88
198835 -40 16.61 -23.88
199341 -40 16.61 -23.88
196208 -40 16.61 -23.88
69389 -40 11.18 0
71411 -40 11.18 0
75921 -40 11.18 0
73829 -40 11.18 0
73130 -40 11.18 0
76163 -40 11.18 0
76284 -40 11.18 0
77656 -40 11.18 0
75521 -40 11.18 0
72008 -40 11.18 0
77661 -40 11.18 0
76948 -40 11.18 0
75687 -40 11.18 0
75013 -40 11.18 0
75056 -40 11.18 0
75843 -40 11.18 0
73082 -40 11.18 0
72993 -40 11.18 0
76745 -40 11.18 0
73401 -40 11.18 0
73451 -40 11.18 0
74953 -40 11.18 0
75068 -40 11.18 0
80851 -40 11.18 0
75467 -40 11.18 0
78552 -40 11.18 0
74993 -40 11.18 0
76088 -40 11.18 0
75856 -40 11.18 0
78694 -40 11.18 0
80626 -40 11.18 0
75480 -40 11.18 0
72349 -40 11.18 0
73452 -40 11.18 0
81551 -40 11.18 0
78397 -40 11.18 0
71510 -40 11.18 0
69791 -40 11.18 0
73568 -40 11.18 0
