#rtt sig_str x y
119505 -40 -14.95 10.84
121539 -40 -14.95 10.84
124137 -40 -14.95 10.84
128175 -40 -14.95 10.84
121418 -40 -14.95 10.84
121332 -40 -14.95 10.84
124144 -40 -14.95 10.84
126976 -40 -14.95 10.84
123577 -40 -14.95 10.84
126561 -40 -14.95 10.84
123389 -40 -14.95 10.84
126929 -40 -14.95 10.84
121205 -40 -14.95 10.84
124650 -40 -14.95 10.84
120592 -40 -14.95 10.84
123435 -40 -14.95 10.84
124265 -40 -14.95 10.84
122573 -40 -14.95 10.84
117859 -40 -14.95 10.84
122730 -40 -14.95 10.84
128574 -40 -14.95 10.84
121884 -40 -14.95 10.84
123694 -40 -14.95 10.84
122455 -40 -14.95 10.84
119896 -40 -14.95 10.84
122277 -40 -14.95 10.84
122467 -40 -14.95 10.84
124238 -40 -14.95 10.84
124887 -40 -14.95 10.84
127171 -40 -14.95 10.84
124846 -40 -14.95 10.84
124820 -40 -14.95 10.84
119097 -40 -14.95 10.84
128431 -40 -14.95 10.84
127399 -40 -14.95 10.84
123051 -40 -14.95 10.84
129887 -40 -14.95 10.84
123978 -40 -14.95 10.84
125268 -40 -14.95 10.84
196166 -40 -27.24 -10.74
191415 -40 -27.24 -10.74
194727 -40 -27.24 -10.74
197223 -40 -27.24 -10.74
190983 -40 -27.24 -10.74
193891 -40 -27.24 -10.74
194881 -40 -27.24 -10.74
196792 -40 -27.24 -10.74
190750 -40 -27.24 -10.74
195964 -40 -27.24 -10.74
192108 -40 -27.24 -10.74
198101 -40 -27.24 -10.74
196434 -40 -27.24 -10.74
196794 -40 -27.24 -10.74
198323 -40 -27.24 -10.74
194018 -40 -27.24 -10.74
196897 -40 -27.24 -10.74
198406 -40 -27.24 -10.74
192947 -40 -27.24 -10.74
195006 -40 -27.24 -10.74
192176 -40 -27.24 -10.74
197499 -40 -27.24 -10.74
199209 -40 -27.24 -10.74
196584 -40 -27.24 -10.74
194563 -40 -27.24 -10.74
197661 -40 -27.24 -10.74
192814 -40 -27.24 -10.74
198790 -40 -27.24 -10.74
193405 -40 -27.24 -10.74
192771 -40 -27.24 -10.74
194159 -40 -27.24 -10.74
195887 -40 -27.24 -10.74
196708 -40 -27.24 -10.74
198496 -40 -27.24 -10.74
194007 -40 -27.24 -10.74
200021 -40 -27.24 -10.74
196925 -40 -27.24 -10.74
191719 -40 -27.24 -10.74
199559 -40 -27.24 -10.74
155624 -40 10.61 -20.68
155549 -40 10.61 -20.68
151990 -40 10.61 -20.68
156596 -40 10.61 -20.68
151488 -40 10.61 -20.68
158117 -40 10.61 -20.68
159080 -40 10.61 -20.68
153676 -40 10.61 -20.68
157575 -40 10.61 -20.68
155012 -40 10.61 -20.68
157571 -40 10.61 -20.68
151658 -40 10.61 -20.68
154351 -40 10.61 -20.68
155432 -40 10.61 -20.68
158289 -40 10.61 -20.68
155157 -40 10.61 -20.68
158030 -40 10.61 -20.68
155513 -40 10.61 -20.68
160715 -40 10.61 -20.68
154628 -40 10.61 -20.68
156744 -40 10.61 -20.68
152280 -40 10.61 -20.68
155376 -40 10.61 -20.68
155356 -40 10.61 -20.68
161666 -40 10.61 -20.68
155570 -40 10.61 -20.68
155223 -40 10.61 -20.68
154131 -40 10.61 -20.68
160125 -40 10.61 -20.68
157028 -40 10.61 -20.68
156134 -40 10.61 -20.68
156346 -40 10.61 -20.68
152440 -40 10.61 -20.68
157945 -40 10.61 -20.68
154013 -40 10.61 -20.68
150263 -40 10.61 -20.68
154045 -40 10.61 -20.68
153388 -40 10.61 -20.68
157723 -40 10.61 -20.68
184282 -40 -27.4 6.04
188201 -40 -27.4 6.04
186812 -40 -27.4 6.04
188920 -40 -27.4 6.04
184372 -40 -27.4 6.04
189355 -40 -27.4 6.04
186911 -40 -27.4 6.04
187499 -40 -27.4 6.04
189896 -40 -27.4 6.04
184329 -40 -27.4 6.04
187009 -40 -27.4 6.04
186568 -40 -27.4 6.04
189944 -40 -27.4 6.04
188242 -40 -27.4 6.04
183929 -40 -27.4 6.04
183711 -40 -27.4 6.04
186712 -40 -27.4 6.04
189031 -40 -27.4 6.04
189241 -40 -27.4 6.04
185031 -40 -27.4 6.04
184511 -40 -27.4 6.04
184203 -40 -27.4 6.04
190949 -40 -27.4 6.04
187613 -40 -27.4 6.04
187447 -40 -27.4 6.04
190401 -40 -27.4 6.04
192969 -40 -27.4 6.04
184663 -40 -27.4 6.04
183652 -40 -27.4 6.04
190195 -40 -27.4 6.04
181622 -40 -27.4 6.04
185693 -40 -27.4 6.04
185354 -40 -27.4 6.04
185295 -40 -27.4 6.04
188298 -40 -27.4 6.04
189165 -40 -27.4 6.04
190686 -40 -27.4 6.04
187718 -40 -27.4 6.04
188690 -40 -27.4 6.04
228605 -40 -23.02 25.47
226756 -40 -23.02 25.47
229294 -40 -23.02 25.47
230058 -40 -23.02 25.47
228247 -40 -23.02 25.47
227910 -40 -23.02 25.47
229055 -40 -23.02 25.47
225734 -40 -23.02 25.47
230318 -40 -23.02 25.47
228861 -40 -23.02 25.47
226021 -40 -23.02 25.47
230306 -40 -23.02 25.47
229938 -40 -23.02 25.47
231230 -40 -23.02 25.47
234023 -40 -23.02 25.47
224643 -40 -23.02 25.47
234824 -40 -23.02 25.47
228710 -40 -23.02 25.47
230688 -40 -23.02 25.47
226495 -40 -23.02 25.47
226715 -40 -23.02 25.47
229259 -40 -23.02 25.47
224059 -40 -23.02 25.47
230483 -40 -23.02 25.47
226985 -40 -23.02 25.47
229309 -40 -23.02 25.47
231942 -40 -23.02 25.47
229657 -40 -23.02 25.47
225765 -40 -23.02 25.47
226726 -40 -23.02 25.47
229875 -40 -23.02 25.47
222494 -40 -23.02 25.47
227161 -40 -23.02 25.47
233868 -40 -23.02 25.47
226325 -40 -23.02 25.47
228443 -40 -23.02 25.47
227034 -40 -23.02 25.47
229066 -40 -23.02 25.47
231801 -40 -23.02 25.47
122532 -40 6.23 17.27
122612 -40 6.23 17.27
122488 -40 6.23 17.27
122513 -40 6.23 17.27
126830 -40 6.23 17.27
117743 -40 6.23 17.27
124007 -40 6.23 17.27
116278 -40 6.23 17.27
123555 -40 6.23 17.27
127176 -40 6.23 17.27
118057 -40 6.23 17.27
126326 -40 6.23 17.27
125322 -40 6.23 17.27
118091 -40 6.23 17.27
122398 -40 6.23 17.27
120109 -40 6.23 17.27
118823 -40 6.23 17.27
119913 -40 6.23 17.27
118318 -40 6.23 17.27
124249 -40 6.23 17.27
120825 -40 6.23 17.27
121444 -40 6.23 17.27
120082 -40 6.23 17.27
120935 -40 6.23 17.27
122690 -40 6.23 17.27
123044 -40 6.23 17.27
125188 -40 6.23 17.27
118640 -40 6.23 17.27
122891 -40 6.23 17.27
121060 -40 6.23 17.27
121913 -40 6.23 17.27
117639 -40 6.23 17.27
125379 -40 6.23 17.27
124715 -40 6.23 17.27
116188 -40 6.23 17.27
120997 -40 6.23 17.27
121208 -40 6.23 17.27
120541 -40 6.23 17.27
122859 -40 6.23 17.27
165212 -40 -18.55 15.83
163688 -40 -18.55 15.83
160717 -40 -18.55 15.83
161215 -40 -18.55 15.83
162449 -40 -18.55 15.83
166571 -40 -18.55 15.83
158993 -40 -18.55 15.83
160706 -40 -18.55 15.83
163665 -40 -18.55 15.83
157369 -40 -18.55 15.83
167524 -40 -18.55 15.83
168487 -40 -18.55 15.83
161381 -40 -18.55 15.83
161663 -40 -18.55 15.83
164708 -40 -18.55 15.83
160142 -40 -18.55 15.83
163616 -40 -18.55 15.83
162629 -40 -18.55 15.83
162688 -40 -18.55 15.83
163712 -40 -18.55 15.83
165496 -40 -18.55 15.83
161424 -40 -18.55 15.83
163415 -40 -18.55 15.83
167367 -40 -18.55 15.83
162118 -40 -18.55 15.83
160930 -40 -18.55 15.83
162400 -40 -18.55 15.83
161755 -40 -18.55 15.83
166840 -40 -18.55 15.83
164467 -40 -18.55 15.83
165933 -40 -18.55 15.83
163417 -40 -18.55 15.83
164087 -40 -18.55 15.83
160896 -40 -18.55 15.83
164100 -40 -18.55 15.83
162950 -40 -18.55 15.83
160240 -40 -18.55 15.83
165870 -40 -18.55 15.83
163468 -40 -18.55 15.83
106157 -40 10.11 12.18
99908 -40 10.11 12.18
103303 -40 10.11 12.18
104244 -40 10.11 12.18
108891 -40 10.11 12.18
104579 -40 10.11 12.18
109962 -40 10.11 12.18
107018 -40 10.11 12.18
112016 -40 10.11 12.18
107744 -40 10.11 12.18
105650 -40 10.11 12.18
108672 -40 10.11 12.18
102439 -40 10.11 12.18
102745 -40 10.11 12.18
107146 -40 10.11 12.18
110240 -40 10.11 12.18
103062 -40 10.11 12.18
109012 -40 10.11 12.18
103833 -40 10.11 12.18
102005 -40 10.11 12.18
103471 -40 10.11 12.18
103726 -40 10.11 12.18
106373 -40 10.11 12.18
105974 -40 10.11 12.18
106887 -40 10.11 12.18
109067 -40 10.11 12.18
104680 -40 10.11 12.18
107427 -40 10.11 12.18
103286 -40 10.11 12.18
107310 -40 10.11 12.18
102314 -40 10.11 12.18
103178 -40 10.11 12.18
110314 -40 10.11 12.18
107144 -40 10.11 12.18
104478 -40 10.11 12.18
103875 -40 10.11 12.18
105984 -40 10.11 12.18
105377 -40 10.11 12.18
103771 -40 10.11 12.18
213085 -40 25.05 20.04
211520 -40 25.05 20.04
210711 -40 25.05 20.04
211613 -40 25.05 20.04
218377 -40 25.05 20.04
213568 -40 25.05 20.04
212283 -40 25.05 20.04
207304 -40 25.05 20.04
213332 -40 25.05 20.04
213045 -40 25.05 20.04
210150 -40 25.05 20.04
211715 -40 25.05 20.04
206716 -40 25.05 20.04
217488 -40 25.05 20.04
211991 -40 25.05 20.04
215919 -40 25.05 20.04
211728 -40 25.05 20.04
216416 -40 25.05 20.04
210412 -40 25.05 20.04
216038 -40 25.05 20.04
212136 -40 25.05 20.04
215908 -40 25.05 20.04
216375 -40 25.05 20.04
209845 -40 25.05 20.04
212985 -40 25.05 20.04
213952 -40 25.05 20.04
214821 -40 25.05 20.04
211460 -40 25.05 20.04
217174 -40 25.05 20.04
214838 -40 25.05 20.04
214667 -40 25.05 20.04
212546 -40 25.05 20.04
217162 -40 25.05 20.04
213994 -40 25.05 20.04
216153 -40 25.05 20.04
209346 -40 25.05 20.04
217693 -40 25.05 20.04
214433 -40 25.05 20.04
214917 -40 25.05 20.04
124529 -40 -4.87 18.12
125055 -40 -4.87 18.12
127583 -40 -4.87 18.12
124533 -40 -4.87 18.12
126357 -40 -4.87 18.12
124879 -40 -4.87 18.12
123710 -40 -4.87 18.12
127303 -40 -4.87 18.12
126509 -40 -4.87 18.12
120407 -40 -4.87 18.12
128133 -40 -4.87 18.12
121359 -40 -4.87 18.12
125587 -40 -4.87 18.12
128846 -40 -4.87 18.12
125171 -40 -4.87 18.12
122002 -40 -4.87 18.12
124223 -40 -4.87 18.12
126317 -40 -4.87 18.12
126203 -40 -4.87 18.12
124318 -40 -4.87 18.12
130167 -40 -4.87 18.12
123599 -40 -4.87 18.12
126196 -40 -4.87 18.12
126892 -40 -4.87 18.12
127311 -40 -4.87 18.12
121615 -40 -4.87 18.12
128813 -40 -4.87 18.12
123682 -40 -4.87 18.12
124692 -40 -4.87 18.12
127590 -40 -4.87 18.12
119881 -40 -4.87 18.12
129027 -40 -4.87 18.12
129156 -40 -4.87 18.12
124434 -40 -4.87 18.12
126367 -40 -4.87 18.12
124356 -40 -4.87 18.12
124391 -40 -4.87 18.12
123265 -40 -4.87 18.12
132790 -40 -4.87 18.12
