#rtt sig_str x y
130791 -40 -7.53 17.8
128087 -40 -7.53 17.8
129645 -40 -7.53 17.8
129771 -40 -7.53 17.8
125834 -40 -7.53 17.8
131665 -40 -7.53 17.8
133667 -40 -7.53 17.8
129043 -40 -7.53 17.8
133225 -40 -7.53 17.8
126281 -40 -7.53 17.8
133153 -40 -7.53 17.8
129703 -40 -7.53 17.8
127970 -40 -7.53 17.8
130611 -40 -7.53 17.8
127619 -40 -7.53 17.8
131913 -40 -7.53 17.8
126789 -40 -7.53 17.8
132741 -40 -7.53 17.8
127816 -40 -7.53 17.8
131250 -40 -7.53 17.8
132374 -40 -7.53 17.8
128194 -40 -7.53 17.8
128907 -40 -7.53 17.8
129933 -40 -7.53 17.8
129893 -40 -7.53 17.8
130093 -40 -7.53 17.8
130810 -40 -7.53 17.8
133705 -40 -7.53 17.8
131581 -40 -7.53 17.8
126723 -40 -7.53 17.8
131269 -40 -7.53 17.8
128947 -40 -7.53 17.8
131932 -40 -7.53 17.8
134050 -40 -7.53 17.8
132465 -40 -7.53 17.8
125874 -40 -7.53 17.8
125611 -40 -7.53 17.8
130838 -40 -7.53 17.8
130617 -40 -7.53 17.8
220386 -40 27.05 -19
222434 -40 27.05 -19
221738 -40 27.05 -19
222054 -40 27.05 -19
218311 -40 27.05 -19
223575 -40 27.05 -19
223952 -40 27.05 -19
224516 -40 27.05 -19
216933 -40 27.05 -19
217643 -40 27.05 -19
219041 -40 27.05 -19
215817 -40 27.05 -19
222583 -40 27.05 -19
219732 -40 27.05 -19
217334 -40 27.05 -19
218190 -40 27.05 -19
222618 -40 27.05 -19
220440 -40 27.05 -19
219176 -40 27.05 -19
220939 -40 27.05 -19
219797 -40 27.05 -19
216212 -40 27.05 -19
217144 -40 27.05 -19
221429 -40 27.05 -19
219372 -40 27.05 -19
221539 -40 27.05 -19
220031 -40 27.05 -19
220631 -40 27.05 -19
218918 -40 27.05 -19
222774 -40 27.05 -19
219433 -40 27.05 -19
220533 -40 27.05 -19
221865 -40 27.05 -19
221441 -40 27.05 -19
219007 -40 27.05 -19
220608 -40 27.05 -19
220814 -40 27.05 -19
219949 -40 27.05 -19
217385 -40 27.05 -19
141858 -40 13.92 16.78
141874 -40 13.92 16.78
146031 -40 13.92 16.78
144784 -40 13.92 16.78
144703 -40 13.92 16.78
142626 -40 13.92 16.78
145426 -40 13.92 16.78
138964 -40 13.92 16.78
143978 -40 13.92 16.78
147418 -40 13.92 16.78
145734 -40 13.92 16.78
147298 -40 13.92 16.78
148033 -40 13.92 16.78
145517 -40 13.92 16.78
146490 -40 13.92 16.78
147464 -40 13.92 16.78
142416 -40 13.92 16.78
145331 -40 13.92 16.78
146999 -40 13.92 16.78
145373 -40 13.92 16.78
146648 -40 13.92 16.78
149565 -40 13.92 16.78
146717 -40 13.92 16.78
143865 -40 13.92 16.78
143096 -40 13.92 16.78
147818 -40 13.92 16.78
148891 -40 13.92 16.78
146024 -40 13.92 16.78
144864 -40 13.92 16.78
145846 -40 13.92 16.78
146794 -40 13.92 16.78
145315 -40 13.92 16.78
145488 -40 13.92 16.78
144972 -40 13.92 16.78
141824 -40 13.92 16.78
148369 -40 13.92 16.78
150758 -40 13.92 16.78
140584 -40 13.92 16.78
141884 -40 13.92 16.78
53836 -40 5.92 5.81
55588 -40 5.92 5.81
58070 -40 5.92 5.81
49269 -40 5.92 5.81
54775 -40 5.92 5.81
57951 -40 5.92 5.81
54899 -40 5.92 5.81
56539 -40 5.92 5.81
56281 -40 5.92 5.81
53844 -40 5.92 5.81
57348 -40 5.92 5.81
55047 -40 5.92 5.81
58150 -40 5.92 5.81
55078 -40 5.92 5.81
57731 -40 5.92 5.81
52271 -40 5.92 5.81
55495 -40 5.92 5.81
57029 -40 5.92 5.81
54767 -40 5.92 5.81
55351 -40 5.92 5.81
54538 -40 5.92 5.81
55865 -40 5.92 5.81
57539 -40 5.92 5.81
54617 -40 5.92 5.81
56767 -40 5.92 5.81
57641 -40 5.92 5.81
54026 -40 5.92 5.81
54440 -40 5.92 5.81
52909 -40 5.92 5.81
53480 -40 5.92 5.81
59444 -40 5.92 5.81
58561 -40 5.92 5.81
55061 -40 5.92 5.81
50799 -40 5.92 5.81
55832 -40 5.92 5.81
54077 -40 5.92 5.81
55137 -40 5.92 5.81
53183 -40 5.92 5.81
56709 -40 5.92 5.81
144374 -40 -20.64 -3.25
139353 -40 -20.64 -3.25
142969 -40 -20.64 -3.25
136936 -40 -20.64 -3.25
139188 -40 -20.64 -3.25
140672 -40 -20.64 -3.25
144366 -40 -20.64 -3.25
135324 -40 -20.64 -3.25
140041 -40 -20.64 -3.25
139512 -40 -20.64 -3.25
143903 -40 -20.64 -3.25
134441 -40 -20.64 -3.25
135885 -40 -20.64 -3.25
141125 -40 -20.64 -3.25
138812 -40 -20.64 -3.25
138744 -40 -20.64 -3.25
137787 -40 -20.64 -3.25
140625 -40 -20.64 -3.25
141329 -40 -20.64 -3.25
142644 -40 -20.64 -3.25
142483 -40 -20.64 -3.25
144300 -40 -20.64 -3.25
137313 -40 -20.64 -3.25
137622 -40 -20.64 -3.25
135583 -40 -20.64 -3.25
143766 -40 -20.64 -3.25
140098 -40 -20.64 -3.25
140650 -40 -20.64 -3.25
139261 -40 -20.64 -3.25
143092 -40 -20.64 -3.25
141072 -40 -20.64 -3.25
141540 -40 -20.64 -3.25
141901 -40 -20.64 -3.25
138861 -40 -20.64 -3.25
145113 -40 -20.64 -3.25
141873 -40 -20.64 -3.25
136522 -40 -20.64 -3.25
140826 -40 -20.64 -3.25
135495 -40 -20.64 -3.25
215040 -40 -20.64 -24.01
209214 -40 -20.64 -24.01
209338 -40 -20.64 -24.01
214881 -40 -20.64 -24.01
209078 -40 -20.64 -24.01
211356 -40 -20.64 -24.01
208903 -40 -20.64 -24.01
209825 -40 -20.64 -24.01
211663 -40 -20.64 -24.01
208549 -40 -20.64 -24.01
210105 -40 -20.64 -24.01
212139 -40 -20.64 -24.01
208662 -40 -20.64 -24.01
211123 -40 -20.64 -24.01
214165 -40 -20.64 -24.01
210712 -40 -20.64 -24.01
212292 -40 -20.64 -24.01
213702 -40 -20.64 -24.01
211484 -40 -20.64 -24.01
214535 -40 -20.64 -24.01
214033 -40 -20.64 -24.01
209052 -40 -20.64 -24.01
208295 -40 -20.64 -24.01
209652 -40 -20.64 -24.01
211159 -40 -20.64 -24.01
209904 -40 -20.64 -24.01
212530 -40 -20.64 -24.01
208729 -40 -20.64 -24.01
211688 -40 -20.64 -24.01
210819 -40 -20.64 -24.01
210175 -40 -20.64 -24.01
210652 -40 -20.64 -24.01
207703 -40 -20.64 -24.01
208226 -40 -20.64 -24.01
210892 -40 -20.64 -24.01
209509 -40 -20.64 -24.01
213580 -40 -20.64 -24.01
211820 -40 -20.64 -24.01
211804 -40 -20.64 -24.01
177278 -40 -26.52 -2.45
182907 -40 -26.52 -2.45
178563 -40 -26.52 -2.45
175781 -40 -26.52 -2.45
177599 -40 -26.52 -2.45
177364 -40 -26.52 -2.45
179600 -40 -26.52 -2.45
179432 -40 -26.52 -2.45
179335 -40 -26.52 -2.45
175315 -40 -26.52 -2.45
175458 -40 -26.52 -2.45
180162 -40 -26.52 -2.45
177638 -40 -26.52 -2.45
180726 -40 -26.52 -2.45
175738 -40 -26.52 -2.45
176342 -40 -26.52 -2.45
177375 -40 -26.52 -2.45
176226 -40 -26.52 -2.45
176213 -40 -26.52 -2.45
172443 -40 -26.52 -2.45
176616 -40 -26.52 -2.45
177864 -40 -26.52 -2.45
178924 -40 -26.52 -2.45
180497 -40 -26.52 -2.45
177838 -40 -26.52 -2.45
178745 -40 -26.52 -2.45
179531 -40 -26.52 -2.45
178897 -40 -26.52 -2.45
179867 -40 -26.52 -2.45
182307 -40 -26.52 -2.45
180853 -40 -26.52 -2.45
178152 -40 -26.52 -2.45
176957 -40 -26.52 -2.45
182819 -40 -26.52 -2.45
173830 -40 -26.52 -2.45
172706 -40 -26.52 -2.45
179064 -40 -26.52 -2.45
182251 -40 -26.52 -2.45
180001 -40 -26.52 -2.45
161811 -40 21.97 -9.98
158470 -40 21.97 -9.98
162348 -40 21.97 -9.98
161475 -40 21.97 -9.98
162141 -40 21.97 -9.98
159098 -40 21.97 -9.98
157901 -40 21.97 -9.98
161465 -40 21.97 -9.98
161715 -40 21.97 -9.98
156728 -40 21.97 -9.98
158775 -40 21.97 -9.98
159721 -40 21.97 -9.98
162366 -40 21.97 -9.98
162404 -40 21.97 -9.98
163705 -40 21.97 -9.98
160452 -40 21.97 -9.98
161950 -40 21.97 -9.98
163339 -40 21.97 -9.98
161345 -40 21.97 -9.98
157032 -40 21.97 -9.98
163486 -40 21.97 -9.98
163753 -40 21.97 -9.98
161191 -40 21.97 -9.98
163590 -40 21.97 -9.98
163033 -40 21.97 -9.98
160892 -40 21.97 -9.98
158718 -40 21.97 -9.98
161676 -40 21.97 -9.98
164248 -40 21.97 -9.98
166713 -40 21.97 -9.98
164167 -40 21.97 -9.98
161858 -40 21.97 -9.98
164766 -40 21.97 -9.98
161904 -40 21.97 -9.98
157554 -40 21.97 -9.98
162022 -40 21.97 -9.98
160254 -40 21.97 -9.98
162813 -40 21.97 -9.98
164902 -40 21.97 -9.98
148454 -40 6.07 -21.43
150237 -40 6.07 -21.43
145427 -40 6.07 -21.43
150715 -40 6.07 -21.43
150530 -40 6.07 -21.43
148154 -40 6.07 -21.43
148262 -40 6.07 -21.43
144548 -40 6.07 -21.43
147249 -40 6.07 -21.43
146221 -40 6.07 -21.43
150007 -40 6.07 -21.43
143968 -40 6.07 -21.43
147345 -40 6.07 -21.43
147137 -40 6.07 -21.43
151407 -40 6.07 -21.43
149571 -40 6.07 -21.43
151203 -40 6.07 -21.43
148750 -40 6.07 -21.43
150242 -40 6.07 -21.43
152295 -40 6.07 -21.43
151299 -40 6.07 -21.43
150004 -40 6.07 -21.43
148242 -40 6.07 -21.43
145442 -40 6.07 -21.43
152593 -40 6.07 -21.43
150072 -40 6.07 -21.43
148139 -40 6.07 -21.43
148541 -40 6.07 -21.43
152010 -40 6.07 -21.43
153145 -40 6.07 -21.43
155762 -40 6.07 -21.43
146517 -40 6.07 -21.43
144275 -40 6.07 -21.43
145997 -40 6.07 -21.43
148115 -40 6.07 -21.43
142989 -40 6.07 -21.43
148362 -40 6.07 -21.43
148439 -40 6.07 -21.43
152284 -40 6.07 -21.43
99348 -40 12.49 9.05
103621 -40 12.49 9.05
99866 -40 12.49 9.05
104748 -40 12.49 9.05
103261 -40 12.49 9.05
102243 -40 12.49 9.05
101615 -40 12.49 9.05
105872 -40 12.49 9.05
99887 -40 12.49 9.05
100393 -40 12.49 9.05
106210 -40 12.49 9.05
105174 -40 12.49 9.05
98261 -40 12.49 9.05
107174 -40 12.49 9.05
101326 -40 12.49 9.05
104411 -40 12.49 9.05
105624 -40 12.49 9.05
102787 -40 12.49 9.05
103166 -40 12.49 9.05
100513 -40 12.49 9.05
102843 -40 12.49 9.05
101850 -40 12.49 9.05
104179 -40 12.49 9.05
98256 -40 12.49 9.05
101812 -40 12.49 9.05
102234 -40 12.49 9.05
105599 -40 12.49 9.05
99240 -40 12.49 9.05
102670 -40 12.49 9.05
104336 -40 12.49 9.05
101343 -40 12.49 9.05
104235 -40 12.49 9.05
98640 -40 12.49 9.05
104105 -40 12.49 9.05
104394 -40 12.49 9.05
101877 -40 12.49 9.05
105931 -40 12.49 9.05
103329 -40 12.49 9.05
106715 -40 12.49 9.05
