#rtt sig_str x y
152214 -40 -23.1 -0.19
152075 -40 -23.1 -0.19
153267 -40 -23.1 -0.19
155061 -40 -23.1 -0.19
154083 -40 -23.1 -0.19
154309 -40 -23.1 -0.19
154434 -40 -23.1 -0.19
152813 -40 -23.1 -0.19
153230 -40 -23.1 -0.19
155574 -40 -23.1 -0.19
158238 -40 -23.1 -0.19
152543 -40 -23.1 -0.19
153319 -40 -23.1 -0.19
156961 -40 -23.1 -0.19
150599 -40 -23.1 -0.19
156128 -40 -23.1 -0.19
154800 -40 -23.1 -0.19
154157 -40 -23.1 -0.19
153694 -40 -23.1 -0.19
154157 -40 -23.1 -0.19
158582 -40 -23.1 -0.19
155638 -40 -23.1 -0.19
154944 -40 -23.1 -0.19
150926 -40 -23.1 -0.19
156747 -40 -23.1 -0.19
154450 -40 -23.1 -0.19
155386 -40 -23.1 -0.19
160420 -40 -23.1 -0.19
159733 -40 -23.1 -0.19
156883 -40 -23.1 -0.19
156633 -40 -23.1 -0.19
154918 -40 -23.1 -0.19
155046 -40 -23.1 -0.19
160104 -40 -23.1 -0.19
156002 -40 -23.1 -0.19
154469 -40 -23.1 -0.19
149397 -40 -23.1 -0.19
153505 -40 -23.1 -0.19
154808 -40 -23.1 -0.19
167522 -40 6.55 -23.83
166057 -40 6.55 -23.83
165231 -40 6.55 -23.83
164169 -40 6.55 -23.83
166943 -40 6.55 -23.83
166317 -40 6.55 -23.83
164406 -40 6.55 -23.83
164531 -40 6.55 -23.83
161881 -40 6.55 -23.83
164706 -40 6.55 -23.83
167349 -40 6.55 -23.83
162660 -40 6.55 -23.83
162715 -40 6.55 -23.83
164245 -40 6.55 -23.83
167142 -40 6.55 -23.83
161511 -40 6.55 -23.83
164642 -40 6.55 -23.83
167149 -40 6.55 -23.83
164527 -40 6.55 -23.83
166530 -40 6.55 -23.83
163841 -40 6.55 -23.83
168014 -40 6.55 -23.83
163377 -40 6.55 -23.83
165020 -40 6.55 -23.83
162682 -40 6.55 -23.83
162240 -40 6.55 -23.83
168501 -40 6.55 -23.83
165531 -40 6.55 -23.83
161076 -40 6.55 -23.83
162433 -40 6.55 -23.83
162926 -40 6.55 -23.83
166734 -40 6.55 -23.83
162638 -40 6.55 -23.83
168054 -40 6.55 -23.83
163161 -40 6.55 -23.83
170100 -40 6.55 -23.83
161184 -40 6.55 -23.83
166801 -40 6.55 -23.83
162522 -40 6.55 -23.83
202930 -40 -22 -21.08
200369 -40 -22 -21.08
204290 -40 -22 -21.08
204833 -40 -22 -21.08
197635 -40 -22 -21.08
203740 -40 -22 -21.08
205612 -40 -22 -21.08
207529 -40 -22 -21.08
203312 -40 -22 -21.08
201778 -40 -22 -21.08
208761 -40 -22 -21.08
203511 -40 -22 -21.08
205806 -40 -22 -21.08
205531 -40 -22 -21.08
200064 -40 -22 -21.08
202173 -40 -22 -21.08
202705 -40 -22 -21.08
203590 -40 -22 -21.08
204542 -40 -22 -21.08
202672 -40 -22 -21.08
206143 -40 -22 -21.08
201544 -40 -22 -21.08
203782 -40 -22 -21.08
204884 -40 -22 -21.08
202420 -40 -22 -21.08
203630 -40 -22 -21.08
205809 -40 -22 -21.08
200422 -40 -22 -21.08
202871 -40 -22 -21.08
201840 -40 -22 -21.08
203944 -40 -22 -21.08
202187 -40 -22 -21.08
203205 -40 -22 -21.08
201852 -40 -22 -21.08
202140 -40 -22 -21.08
201157 -40 -22 -21.08
198366 -40 -22 -21.08
202186 -40 -22 -21.08
202456 -40 -22 -21.08
165120 -40 -15.57 -19.68
166235 -40 -15.57 -19.68
169418 -40 -15.57 -19.68
170780 -40 -15.57 -19.68
171761 -40 -15.57 -19.68
165108 -40 -15.57 -19.68
163633 -40 -15.57 -19.68
166290 -40 -15.57 -19.68
167807 -40 -15.57 -19.68
166277 -40 -15.57 -19.68
164823 -40 -15.57 -19.68
165830 -40 -15.57 -19.68
165564 -40 -15.57 -19.68
169433 -40 -15.57 -19.68
160941 -40 -15.57 -19.68
168451 -40 -15.57 -19.68
171384 -40 -15.57 -19.68
166877 -40 -15.57 -19.68
165214 -40 -15.57 -19.68
166625 -40 -15.57 -19.68
167819 -40 -15.57 -19.68
167288 -40 -15.57 -19.68
166436 -40 -15.57 -19.68
170051 -40 -15.57 -19.68
169110 -40 -15.57 -19.68
168024 -40 -15.57 -19.68
166090 -40 -15.57 -19.68
167351 -40 -15.57 -19.68
167846 -40 -15.57 -19.68
166458 -40 -15.57 -19.68
168826 -40 -15.57 -19.68
168655 -40 -15.57 -19.68
167852 -40 -15.57 -19.68
174647 -40 -15.57 -19.68
169777 -40 -15.57 -19.68
164783 -40 -15.57 -19.68
166447 -40 -15.57 -19.68
170196 -40 -15.57 -19.68
167883 -40 -15.57 -19.68
144386 -40 -10.37 18.67
140109 -40 -10.37 18.67
137569 -40 -10.37 18.67
144683 -40 -10.37 18.67
142488 -40 -10.37 18.67
144587 -40 -10.37 18.67
139177 -40 -10.37 18.67
143061 -40 -10.37 18.67
138959 -40 -10.37 18.67
143664 -40 -10.37 18.67
139023 -40 -10.37 18.67
138065 -40 -10.37 18.67
137665 -40 -10.37 18.67
140102 -40 -10.37 18.67
144836 -40 -10.37 18.67
142200 -40 -10.37 18.67
141087 -40 -10.37 18.67
147560 -40 -10.37 18.67
146326 -40 -10.37 18.67
144402 -40 -10.37 18.67
139372 -40 -10.37 18.67
139968 -40 -10.37 18.67
142654 -40 -10.37 18.67
141508 -40 -10.37 18.67
140529 -40 -10.37 18.67
144380 -40 -10.37 18.67
144685 -40 -10.37 18.67
140560 -40 -10.37 18.67
142456 -40 -10.37 18.67
142033 -40 -10.37 18.67
140897 -40 -10.37 18.67
143388 -40 -10.37 18.67
140606 -40 -10.37 18.67
142283 -40 -10.37 18.67
140289 -40 -10.37 18.67
146554 -40 -10.37 18.67
138780 -40 -10.37 18.67
143674 -40 -10.37 18.67
147994 -40 -10.37 18.67
221995 -40 21.55 -25.52
223285 -40 21.55 -25.52
219426 -40 21.55 -25.52
230947 -40 21.55 -25.52
222549 -40 21.55 -25.52
220953 -40 21.55 -25.52
221320 -40 21.55 -25.52
223955 -40 21.55 -25.52
224012 -40 21.55 -25.52
220386 -40 21.55 -25.52
224059 -40 21.55 -25.52
222293 -40 21.55 -25.52
217824 -40 21.55 -25.52
221136 -40 21.55 -25.52
220327 -40 21.55 -25.52
226920 -40 21.55 -25.52
226141 -40 21.55 -25.52
219450 -40 21.55 -25.52
223735 -40 21.55 -25.52
222483 -40 21.55 -25.52
216723 -40 21.55 -25.52
221604 -40 21.55 -25.52
222904 -40 21.55 -25.52
222677 -40 21.55 -25.52
227175 -40 21.55 -25.52
223617 -40 21.55 -25.52
225796 -40 21.55 -25.52
222178 -40 21.55 -25.52
221936 -40 21.55 -25.52
223879 -40 21.55 -25.52
222421 -40 21.55 -25.52
221188 -40 21.55 -25.52
221566 -40 21.55 -25.52
223938 -40 21.55 -25.52
226034 -40 21.55 -25.52
224148 -40 21.55 -25.52
220013 -40 21.55 -25.52
222843 -40 21.55 -25.52
224749 -40 21.55 -25.52
189503 -40 9.97 -27.3
193098 -40 9.97 -27.3
190793 -40 9.97 -27.3
188343 -40 9.97 -27.3
191304 -40 9.97 -27.3
191464 -40 9.97 -27.3
193489 -40 9.97 -27.3
196072 -40 9.97 -27.3
194184 -40 9.97 -27.3
194318 -40 9.97 -27.3
185395 -40 9.97 -27.3
191423 -40 9.97 -27.3
194701 -40 9.97 -27.3
194482 -40 9.97 -27.3
196270 -40 9.97 -27.3
188784 -40 9.97 -27.3
192062 -40 9.97 -27.3
196009 -40 9.97 -27.3
195844 -40 9.97 -27.3
196413 -40 9.97 -27.3
195137 -40 9.97 -27.3
203561 -40 9.97 -27.3
191377 -40 9.97 -27.3
193920 -40 9.97 -27.3
192426 -40 9.97 -27.3
198779 -40 9.97 -27.3
194658 -40 9.97 -27.3
195393 -40 9.97 -27.3
190012 -40 9.97 -27.3
193641 -40 9.97 -27.3
193637 -40 9.97 -27.3
197241 -40 9.97 -27.3
197139 -40 9.97 -27.3
196053 -40 9.97 -27.3
192508 -40 9.97 -27.3
191384 -40 9.97 -27.3
190723 -40 9.97 -27.3
194576 -40 9.97 -27.3
197694 -40 9.97 -27.3
47581 -40 2.47 6.73
48079 -40 2.47 6.73
47629 -40 2.47 6.73
47896 -40 2.47 6.73
50345 -40 2.47 6.73
49706 -40 2.47 6.73
50348 -40 2.47 6.73
44337 -40 2.47 6.73
46059 -40 2.47 6.73
50122 -40 2.47 6.73
52210 -40 2.47 6.73
46931 -40 2.47 6.73
50011 -40 2.47 6.73
49886 -40 2.47 6.73
47375 -40 2.47 6.73
46950 -40 2.47 6.73
49261 -40 2.47 6.73
47431 -40 2.47 6.73
45293 -40 2.47 6.73
50842 -40 2.47 6.73
45662 -40 2.47 6.73
46009 -40 2.47 6.73
45768 -40 2.47 6.73
47029 -40 2.47 6.73
49258 -40 2.47 6.73
47157 -40 2.47 6.73
46730 -40 2.47 6.73
50133 -40 2.47 6.73
52074 -40 2.47 6.73
45587 -40 2.47 6.73
46841 -40 2.47 6.73
49708 -40 2.47 6.73
48659 -40 2.47 6.73
48593 -40 2.47 6.73
47476 -40 2.47 6.73
49852 -40 2.47 6.73
48947 -40 2.47 6.73
47335 -40 2.47 6.73
44436 -40 2.47 6.73
192704 -40 -28.26 5.69
192057 -40 -28.26 5.69
192015 -40 -28.26 5.69
197063 -40 -28.26 5.69
191123 -40 -28.26 5.69
192446 -40 -28.26 5.69
189265 -40 -28.26 5.69
195323 -40 -28.26 5.69
193435 -40 -28.26 5.69
188373 -40 -28.26 5.69
194642 -40 -28.26 5.69
191781 -40 -28.26 5.69
194613 -40 -28.26 5.69
191252 -40 -28.26 5.69
193638 -40 -28.26 5.69
192798 -40 -28.26 5.69
194782 -40 -28.26 5.69
188778 -40 -28.26 5.69
188284 -40 -28.26 5.69
192900 -40 -28.26 5.69
191617 -40 -28.26 5.69
192879 -40 -28.26 5.69
195855 -40 -28.26 5.69
194989 -40 -28.26 5.69
191022 -40 -28.26 5.69
194574 -40 -28.26 5.69
196652 -40 -28.26 5.69
191006 -40 -28.26 5.69
195247 -40 -28.26 5.69
190037 -40 -28.26 5.69
189627 -40 -28.26 5.69
191633 -40 -28.26 5.69
191414 -40 -28.26 5.69
189596 -40 -28.26 5.69
189641 -40 -28.26 5.69
190057 -40 -28.26 5.69
191050 -40 -28.26 5.69
197002 -40 -28.26 5.69
194800 -40 -28.26 5.69
137517 -40 14.03 -14.97
134544 -40 14.03 -14.97
131941 -40 14.03 -14.97
137825 -40 14.03 -14.97
136674 -40 14.03 -14.97
132468 -40 14.03 -14.97
136840 -40 14.03 -14.97
136542 -40 14.03 -14.97
136836 -40 14.03 -14.97
137821 -40 14.03 -14.97
137686 -40 14.03 -14.97
139202 -40 14.03 -14.97
135446 -40 14.03 -14.97
135610 -40 14.03 -14.97
134227 -40 14.03 -14.97
130236 -40 14.03 -14.97
139137 -40 14.03 -14.97
138741 -40 14.03 -14.97
140764 -40 14.03 -14.97
135402 -40 14.03 -14.97
138790 -40 14.03 -14.97
137814 -40 14.03 -14.97
137563 -40 14.03 -14.97
134545 -40 14.03 -14.97
136733 -40 14.03 -14.97
138351 -40 14.03 -14.97
139272 -40 14.03 -14.97
136390 -40 14.03 -14.97
136846 -40 14.03 -14.97
131831 -40 14.03 -14.97
138269 -40 14.03 -14.97
133949 -40 14.03 -14.97
138084 -40 14.03 -14.97
131529 -40 14.03 -14.97
138845 -40 14.03 -14.97
139348 -40 14.03 -14.97
137224 -40 14.03 -14.97
139650 -40 14.03 -14.97
132990 -40 14.03 -14.97
