#rtt sig_str x y
134801 -40 20.09 -4.05
138096 -40 20.09 -4.05
139366 -40 20.09 -4.05
136812 -40 20.09 -4.05
137711 -40 20.09 -4.05
136262 -40 20.09 -4.05
134542 -40 20.09 -4.05
131602 -40 20.09 -4.05
134122 -40 20.09 -4.05
140896 -40 20.09 -4.05
136686 -40 20.09 -4.05
136899 -40 20.09 -4.05
138606 -40 20.09 -4.05
134548 -40 20.09 -4.05
138088 -40 20.09 -4.05
136528 -40 20.09 -4.05
133668 -40 20.09 -4.05
139315 -40 20.09 -4.05
138958 -40 20.09 -4.05
136213 -40 20.09 -4.05
134864 -40 20.09 -4.05
130645 -40 20.09 -4.05
140512 -40 20.09 -4.05
139013 -40 20.09 -4.05
142644 -40 20.09 -4.05
136590 -40 20.09 -4.05
139254 -40 20.09 -4.05
134185 -40 20.09 -4.05
137228 -40 20.09 -4.05
129885 -40 20.09 -4.05
135263 -40 20.09 -4.05
135955 -40 20.09 -4.05
141814 -40 20.09 -4.05
141161 -40 20.09 -4.05
134014 -40 20.09 -4.05
136450 -40 20.09 -4.05
136678 -40 20.09 -4.05
134683 -40 20.09 -4.05
136994 -40 20.09 -4.05
246984 -40 -23.72 -28.1
250125 -40 -23.72 -28.1
246585 -40 -23.72 -28.1
251127 -40 -23.72 -28.1
243736 -40 -23.72 -28.1
245339 -40 -23.72 -28.1
250198 -40 -23.72 -28.1
242738 -40 -23.72 -28.1
242136 -40 -23.72 -28.1
245126 -40 -23.72 -28.1
244656 -40 -23.72 -28.1
248862 -40 -23.72 -28.1
250560 -40 -23.72 -28.1
247274 -40 -23.72 -28.1
244872 -40 -23.72 -28.1
244576 -40 -23.72 -28.1
245690 -40 -23.72 -28.1
246524 -40 -23.72 -28.1
245603 -40 -23.72 -28.1
245193 -40 -23.72 -28.1
250534 -40 -23.72 -28.1
244753 -40 -23.72 -28.1
241066 -40 -23.72 -28.1
248653 -40 -23.72 -28.1
244957 -40 -23.72 -28.1
241560 -40 -23.72 -28.1
247294 -40 -23.72 -28.1
245120 -40 -23.72 -28.1
243897 -40 -23.72 -28.1
245183 -40 -23.72 -28.1
247921 -40 -23.72 -28.1
243295 -40 -23.72 -28.1
247568 -40 -23.72 -28.1
241586 -40 -23.72 -28.1
242053 -40 -23.72 -28.1
243487 -40 -23.72 -28.1
246114 -40 -23.72 -28.1
239836 -40 -23.72 -28.1
247764 -40 -23.72 -28.1
112651 -40 14.68 7.67
109734 -40 14.68 7.67
108371 -40 14.68 7.67
113854 -40 14.68 7.67
116878 -40 14.68 7.67
110197 -40 14.68 7.67
110261 -40 14.68 7.67
106728 -40 14.68 7.67
108474 -40 14.68 7.67
106188 -40 14.68 7.67
113733 -40 14.68 7.67
107060 -40 14.68 7.67
112267 -40 14.68 7.67
112898 -40 14.68 7.67
112165 -40 14.68 7.67
107297 -40 14.68 7.67
109546 -40 14.68 7.67
105665 -40 14.68 7.67
109427 -40 14.68 7.67
111799 -40 14.68 7.67
113517 -40 14.68 7.67
111269 -40 14.68 7.67
113671 -40 14.68 7.67
105490 -40 14.68 7.67
112475 -40 14.68 7.67
108368 -40 14.68 7.67
112194 -40 14.68 7.67
110852 -40 14.68 7.67
110874 -40 14.68 7.67
107601 -40 14.68 7.67
111881 -40 14.68 7.67
110019 -40 14.68 7.67
111608 -40 14.68 7.67
108621 -40 14.68 7.67
113107 -40 14.68 7.67
111598 -40 14.68 7.67
109010 -40 14.68 7.67
110122 -40 14.68 7.67
111899 -40 14.68 7.67
136176 -40 -8.37 -18.94
135285 -40 -8.37 -18.94
137158 -40 -8.37 -18.94
141521 -40 -8.37 -18.94
138278 -40 -8.37 -18.94
138540 -40 -8.37 -18.94
140588 -40 -8.37 -18.94
140470 -40 -8.37 -18.94
136418 -40 -8.37 -18.94
134808 -40 -8.37 -18.94
137992 -40 -8.37 -18.94
139893 -40 -8.37 -18.94
135472 -40 -8.37 -18.94
142299 -40 -8.37 -18.94
139069 -40 -8.37 -18.94
138273 -40 -8.37 -18.94
137844 -40 -8.37 -18.94
141250 -40 -8.37 -18.94
139991 -40 -8.37 -18.94
137142 -40 -8.37 -18.94
139390 -40 -8.37 -18.94
135420 -40 -8.37 -18.94
138780 -40 -8.37 -18.94
136196 -40 -8.37 -18.94
136454 -40 -8.37 -18.94
137975 -40 -8.37 -18.94
141080 -40 -8.37 -18.94
140569 -40 -8.37 -18.94
143132 -40 -8.37 -18.94
137465 -40 -8.37 -18.94
137910 -40 -8.37 -18.94
137157 -40 -8.37 -18.94
136885 -40 -8.37 -18.94
139691 -40 -8.37 -18.94
143107 -40 -8.37 -18.94
145322 -40 -8.37 -18.94
143578 -40 -8.37 -18.94
134366 -40 -8.37 -18.94
137742 -40 -8.37 -18.94
99585 -40 -8.44 -12.22
100491 -40 -8.44 -12.22
100322 -40 -8.44 -12.22
95379 -40 -8.44 -12.22
98939 -40 -8.44 -12.22
102496 -40 -8.44 -12.22
97040 -40 -8.44 -12.22
101683 -40 -8.44 -12.22
95722 -40 -8.44 -12.22
96813 -40 -8.44 -12.22
94447 -40 -8.44 -12.22
96039 -40 -8.44 -12.22
99982 -40 -8.44 -12.22
98463 -40 -8.44 -12.22
95354 -40 -8.44 -12.22
97023 -40 -8.44 -12.22
99003 -40 -8.44 -12.22
102160 -40 -8.44 -12.22
103145 -40 -8.44 -12.22
98788 -40 -8.44 -12.22
94602 -40 -8.44 -12.22
94932 -40 -8.44 -12.22
101796 -40 -8.44 -12.22
99199 -40 -8.44 -12.22
101049 -40 -8.44 -12.22
101389 -40 -8.44 -12.22
102267 -40 -8.44 -12.22
98551 -40 -8.44 -12.22
103113 -40 -8.44 -12.22
102951 -40 -8.44 -12.22
101407 -40 -8.44 -12.22
102713 -40 -8.44 -12.22
96478 -40 -8.44 -12.22
102559 -40 -8.44 -12.22
100321 -40 -8.44 -12.22
99331 -40 -8.44 -12.22
97304 -40 -8.44 -12.22
101678 -40 -8.44 -12.22
95643 -40 -8.44 -12.22
104039 -40 6.56 -14.58
107652 -40 6.56 -14.58
108647 -40 6.56 -14.58
104261 -40 6.56 -14.58
106128 -40 6.56 -14.58
105490 -40 6.56 -14.58
107940 -40 6.56 -14.58
105965 -40 6.56 -14.58
112903 -40 6.56 -14.58
107634 -40 6.56 -14.58
108505 -40 6.56 -14.58
103250 -40 6.56 -14.58
104665 -40 6.56 -14.58
107015 -40 6.56 -14.58
102860 -40 6.56 -14.58
104889 -40 6.56 -14.58
113158 -40 6.56 -14.58
106323 -40 6.56 -14.58
106610 -40 6.56 -14.58
106610 -40 6.56 -14.58
107358 -40 6.56 -14.58
104777 -40 6.56 -14.58
106189 -40 6.56 -14.58
108429 -40 6.56 -14.58
108757 -40 6.56 -14.58
107557 -40 6.56 -14.58
107909 -40 6.56 -14.58
106061 -40 6.56 -14.58
108185 -40 6.56 -14.58
106586 -40 6.56 -14.58
104310 -40 6.56 -14.58
108253 -40 6.56 -14.58
106813 -40 6.56 -14.58
108446 -40 6.56 -14.58
105087 -40 6.56 -14.58
106833 -40 6.56 -14.58
105996 -40 6.56 -14.58
106195 -40 6.56 -14.58
105969 -40 6.56 -14.58
82393 -40 -6.37 10.8
86539 -40 -6.37 10.8
82079 -40 -6.37 10.8
87895 -40 -6.37 10.8
83741 -40 -6.37 10.8
83832 -40 -6.37 10.8
84386 -40 -6.37 10.8
82450 -40 -6.37 10.8
84414 -40 -6.37 10.8
80510 -40 -6.37 10.8
86424 -40 -6.37 10.8
84774 -40 -6.37 10.8
82695 -40 -6.37 10.8
84104 -40 -6.37 10.8
84171 -40 -6.37 10.8
80987 -40 -6.37 10.8
83530 -40 -6.37 10.8
84381 -40 -6.37 10.8
84330 -40 -6.37 10.8
80119 -40 -6.37 10.8
86900 -40 -6.37 10.8
80847 -40 -6.37 10.8
83653 -40 -6.37 10.8
84863 -40 -6.37 10.8
85628 -40 -6.37 10.8
82230 -40 -6.37 10.8
82420 -40 -6.37 10.8
81212 -40 -6.37 10.8
80455 -40 -6.37 10.8
81460 -40 -6.37 10.8
80483 -40 -6.37 10.8
81027 -40 -6.37 10.8
82419 -40 -6.37 10.8
84507 -40 -6.37 10.8
84298 -40 -6.37 10.8
80324 -40 -6.37 10.8
78125 -40 -6.37 10.8
84211 -40 -6.37 10.8
81448 -40 -6.37 10.8
91452 -40 -5.46 -13.05
97779 -40 -5.46 -13.05
97068 -40 -5.46 -13.05
93187 -40 -5.46 -13.05
94797 -40 -5.46 -13.05
92045 -40 -5.46 -13.05
89986 -40 -5.46 -13.05
92998 -40 -5.46 -13.05
97601 -40 -5.46 -13.05
97763 -40 -5.46 -13.05
94703 -40 -5.46 -13.05
98836 -40 -5.46 -13.05
94158 -40 -5.46 -13.05
97144 -40 -5.46 -13.05
96146 -40 -5.46 -13.05
96361 -40 -5.46 -13.05
93924 -40 -5.46 -13.05
96218 -40 -5.46 -13.05
97590 -40 -5.46 -13.05
96847 -40 -5.46 -13.05
93320 -40 -5.46 -13.05
95241 -40 -5.46 -13.05
92736 -40 -5.46 -13.05
97518 -40 -5.46 -13.05
93533 -40 -5.46 -13.05
89126 -40 -5.46 -13.05
98428 -40 -5.46 -13.05
90514 -40 -5.46 -13.05
94793 -40 -5.46 -13.05
91927 -40 -5.46 -13.05
97158 -40 -5.46 -13.05
95089 -40 -5.46 -13.05
92702 -40 -5.46 -13.05
94975 -40 -5.46 -13.05
92662 -40 -5.46 -13.05
94399 -40 -5.46 -13.05
96389 -40 -5.46 -13.05
97226 -40 -5.46 -13.05
92146 -40 -5.46 -13.05
169988 -40 0.59 25.01
167385 -40 0.59 25.01
163830 -40 0.59 25.01
171207 -40 0.59 25.01
164449 -40 0.59 25.01
164692 -40 0.59 25.01
164773 -40 0.59 25.01
166873 -40 0.59 25.01
164868 -40 0.59 25.01
168212 -40 0.59 25.01
166959 -40 0.59 25.01
170384 -40 0.59 25.01
170408 -40 0.59 25.01
167495 -40 0.59 25.01
163779 -40 0.59 25.01
169169 -40 0.59 25.01
166085 -40 0.59 25.01
167335 -40 0.59 25.01
170328 -40 0.59 25.01
168339 -40 0.59 25.01
167273 -40 0.59 25.01
165972 -40 0.59 25.01
168110 -40 0.59 25.01
173374 -40 0.59 25.01
167756 -40 0.59 25.01
165686 -40 0.59 25.01
164954 -40 0.59 25.01
170093 -40 0.59 25.01
165611 -40 0.59 25.01
165715 -40 0.59 25.01
169609 -40 0.59 25.01
166246 -40 0.59 25.01
166180 -40 0.59 25.01
167346 -40 0.59 25.01
168262 -40 0.59 25.01
169774 -40 0.59 25.01
166112 -40 0.59 25.01
164668 -40 0.59 25.01
163203 -40 0.59 25.01
144748 -40 12.61 -17.52
146459 -40 12.61 -17.52
146157 -40 12.61 -17.52
139629 -40 12.61 -17.52
140585 -40 12.61 -17.52
139448 -40 12.61 -17.52
142441 -40 12.61 -17.52
143890 -40 12.61 -17.52
145818 -40 12.61 -17.52
144605 -40 12.61 -17.52
147053 -40 12.61 -17.52
146754 -40 12.61 -17.52
149647 -40 12.61 -17.52
141110 -40 12.61 -17.52
142914 -40 12.61 -17.52
145489 -40 12.61 -17.52
144595 -40 12.61 -17.52
144257 -40 12.61 -17.52
142333 -40 12.61 -17.52
146399 -40 12.61 -17.52
144573 -40 12.61 -17.52
145308 -40 12.61 -17.52
143856 -40 12.61 -17.52
141237 -40 12.61 -17.52
146632 -40 12.61 -17.52
141060 -40 12.61 -17.52
144613 -40 12.61 -17.52
145166 -40 12.61 -17.52
144072 -40 12.61 -17.52
145263 -40 12.61 -17.52
139297 -40 12.61 -17.52
140301 -40 12.61 -17.52
142038 -40 12.61 -17.52
144205 -40 12.61 -17.52
138436 -40 12.61 -17.52
141211 -40 12.61 -17.52
142457 -40 12.61 -17.52
144284 -40 12.61 -17.52
145875 -40 12.61 -17.52
