#rtt sig_str x y
214565 -40 29.35 -11.73
208889 -40 29.35 -11.73
215229 -40 29.35 -11.73
213120 -40 29.35 -11.73
213109 -40 29.35 -11.73
214397 -40 29.35 -11.73
211675 -40 29.35 -11.73
210471 -40 29.35 -11.73
211017 -40 29.35 -11.73
212324 -40 29.35 -11.73
209812 -40 29.35 -11.73
210474 -40 29.35 -11.73
211253 -40 29.35 -11.73
209320 -40 29.35 -11.73
215104 -40 29.35 -11.73
210039 -40 29.35 -11.73
214106 -40 29.35 -11.73
211020 -40 29.35 -11.73
211581 -40 29.35 -11.73
207535 -40 29.35 -11.73
210783 -40 29.35 -11.73
212275 -40 29.35 -11.73
208693 -40 29.35 -11.73
209215 -40 29.35 -11.73
209090 -40 29.35 -11.73
207518 -40 29.35 -11.73
206942 -40 29.35 -11.73
208576 -40 29.35 -11.73
209652 -40 29.35 -11.73
206804 -40 29.35 -11.73
213159 -40 29.35 -11.73
209943 -40 29.35 -11.73
211594 -40 29.35 -11.73
211783 -40 29.35 -11.73
209653 -40 29.35 -11.73
209415 -40 29.35 -11.73
210815 -40 29.35 -11.73
211382 -40 29.35 -11.73
210573 -40 29.35 -11.73
68659 -40 2.97 10.29
68912 -40 2.97 10.29
74607 -40 2.97 10.29
74638 -40 2.97 10.29
72994 -40 2.97 10.29
73559 -40 2.97 10.29
68970 -40 2.97 10.29
69295 -40 2.97 10.29
69725 -40 2.97 10.29
70159 -40 2.97 10.29
71053 -40 2.97 10.29
69305 -40 2.97 10.29
68356 -40 2.97 10.29
72510 -40 2.97 10.29
64907 -40 2.97 10.29
73646 -40 2.97 10.29
75635 -40 2.97 10.29
75145 -40 2.97 10.29
74956 -40 2.97 10.29
72587 -40 2.97 10.29
68438 -40 2.97 10.29
72484 -40 2.97 10.29
66108 -40 2.97 10.29
71642 -40 2.97 10.29
73010 -40 2.97 10.29
70275 -40 2.97 10.29
68899 -40 2.97 10.29
69003 -40 2.97 10.29
68939 -40 2.97 10.29
71002 -40 2.97 10.29
70079 -40 2.97 10.29
73855 -40 2.97 10.29
73041 -40 2.97 10.29
71478 -40 2.97 10.29
73891 -40 2.97 10.29
74846 -40 2.97 10.29
70465 -40 2.97 10.29
70678 -40 2.97 10.29
72225 -40 2.97 10.29
96397 -40 -13.12 -4.79
92329 -40 -13.12 -4.79
90679 -40 -13.12 -4.79
92273 -40 -13.12 -4.79
92527 -40 -13.12 -4.79
90239 -40 -13.12 -4.79
91107 -40 -13.12 -4.79
95339 -40 -13.12 -4.79
92986 -40 -13.12 -4.79
92158 -40 -13.12 -4.79
88839 -40 -13.12 -4.79
87991 -40 -13.12 -4.79
93796 -40 -13.12 -4.79
88591 -40 -13.12 -4.79
87863 -40 -13.12 -4.79
94206 -40 -13.12 -4.79
94776 -40 -13.12 -4.79
91374 -40 -13.12 -4.79
92658 -40 -13.12 -4.79
91606 -40 -13.12 -4.79
97575 -40 -13.12 -4.79
94472 -40 -13.12 -4.79
92499 -40 -13.12 -4.79
92460 -40 -13.12 -4.79
95685 -40 -13.12 -4.79
91088 -40 -13.12 -4.79
94292 -40 -13.12 -4.79
97059 -40 -13.12 -4.79
94402 -40 -13.12 -4.79
93621 -40 -13.12 -4.79
94755 -40 -13.12 -4.79
93485 -40 -13.12 -4.79
97624 -40 -13.12 -4.79
91571 -40 -13.12 -4.79
97123 -40 -13.12 -4.79
94256 -40 -13.12 -4.79
97341 -40 -13.12 -4.79
90846 -40 -13.12 -4.79
94770 -40 -13.12 -4.79
244556 -40 -25.37 27.44
248239 -40 -25.37 27.44
249822 -40 -25.37 27.44
254543 -40 -25.37 27.44
245723 -40 -25.37 27.44
247065 -40 -25.37 27.44
253320 -40 -25.37 27.44
247399 -40 -25.37 27.44
249777 -40 -25.37 27.44
251832 -40 -25.37 27.44
247331 -40 -25.37 27.44
245513 -40 -25.37 27.44
251325 -40 -25.37 27.44
248497 -40 -25.37 27.44
251115 -40 -25.37 27.44
250803 -40 -25.37 27.44
250729 -40 -25.37 27.44
249512 -40 -25.37 27.44
245392 -40 -25.37 27.44
249667 -40 -25.37 27.44
252587 -40 -25.37 27.44
255463 -40 -25.37 27.44
253022 -40 -25.37 27.44
243018 -40 -25.37 27.44
248266 -40 -25.37 27.44
253498 -40 -25.37 27.44
247177 -40 -25.37 27.44
246234 -40 -25.37 27.44
247838 -40 -25.37 27.44
248832 -40 -25.37 27.44
252009 -40 -25.37 27.44
249344 -40 -25.37 27.44
248191 -40 -25.37 27.44
247331 -40 -25.37 27.44
252763 -40 -25.37 27.44
253352 -40 -25.37 27.44
252403 -40 -25.37 27.44
245490 -40 -25.37 27.44
246838 -40 -25.37 27.44
169561 -40 -3.33 24.88
165148 -40 -3.33 24.88
169629 -40 -3.33 24.88
167801 -40 -3.33 24.88
166339 -40 -3.33 24.88
167508 -40 -3.33 24.88
170085 -40 -3.33 24.88
166946 -40 -3.33 24.88
172365 -40 -3.33 24.88
173387 -40 -3.33 24.88
167593 -40 -3.33 24.88
170065 -40 -3.33 24.88
168893 -40 -3.33 24.88
166081 -40 -3.33 24.88
164376 -40 -3.33 24.88
170143 -40 -3.33 24.88
164902 -40 -3.33 24.88
167504 -40 -3.33 24.88
168011 -40 -3.33 24.88
169749 -40 -3.33 24.88
169021 -40 -3.33 24.88
169985 -40 -3.33 24.88
166350 -40 -3.33 24.88
168302 -40 -3.33 24.88
172488 -40 -3.33 24.88
167071 -40 -3.33 24.88
168098 -40 -3.33 24.88
174379 -40 -3.33 24.88
163252 -40 -3.33 24.88
171512 -40 -3.33 24.88
168474 -40 -3.33 24.88
165527 -40 -3.33 24.88
168547 -40 -3.33 24.88
161628 -40 -3.33 24.88
163373 -40 -3.33 24.88
170563 -40 -3.33 24.88
163666 -40 -3.33 24.88
171198 -40 -3.33 24.88
166902 -40 -3.33 24.88
13242 -40 -1.63 -1.15
16770 -40 -1.63 -1.15
10904 -40 -1.63 -1.15
12048 -40 -1.63 -1.15
15859 -40 -1.63 -1.15
13148 -40 -1.63 -1.15
15358 -40 -1.63 -1.15
10973 -40 -1.63 -1.15
13558 -40 -1.63 -1.15
14217 -40 -1.63 -1.15
10245 -40 -1.63 -1.15
9849 -40 -1.63 -1.15
11160 -40 -1.63 -1.15
12718 -40 -1.63 -1.15
11767 -40 -1.63 -1.15
13314 -40 -1.63 -1.15
7544 -40 -1.63 -1.15
18121 -40 -1.63 -1.15
14677 -40 -1.63 -1.15
10776 -40 -1.63 -1.15
15523 -40 -1.63 -1.15
19213 -40 -1.63 -1.15
14836 -40 -1.63 -1.15
11110 -40 -1.63 -1.15
15509 -40 -1.63 -1.15
12217 -40 -1.63 -1.15
10834 -40 -1.63 -1.15
11541 -40 -1.63 -1.15
12259 -40 -1.63 -1.15
14322 -40 -1.63 -1.15
15362 -40 -1.63 -1.15
11904 -40 -1.63 -1.15
12765 -40 -1.63 -1.15
15109 -40 -1.63 -1.15
12665 -40 -1.63 -1.15
14559 -40 -1.63 -1.15
14508 -40 -1.63 -1.15
13620 -40 -1.63 -1.15
8894 -40 -1.63 -1.15
200173 -40 -27.09 13.18
199168 -40 -27.09 13.18
201105 -40 -27.09 13.18
200613 -40 -27.09 13.18
203552 -40 -27.09 13.18
205396 -40 -27.09 13.18
197503 -40 -27.09 13.18
203758 -40 -27.09 13.18
198693 -40 -27.09 13.18
198159 -40 -27.09 13.18
197123 -40 -27.09 13.18
201784 -40 -27.09 13.18
202588 -40 -27.09 13.18
197773 -40 -27.09 13.18
203165 -40 -27.09 13.18
204149 -40 -27.09 13.18
202706 -40 -27.09 13.18
200310 -40 -27.09 13.18
201792 -40 -27.09 13.18
201674 -40 -27.09 13.18
200279 -40 -27.09 13.18
198263 -40 -27.09 13.18
203960 -40 -27.09 13.18
201196 -40 -27.09 13.18
202831 -40 -27.09 13.18
201904 -40 -27.09 13.18
196537 -40 -27.09 13.18
201142 -40 -27.09 13.18
203854 -40 -27.09 13.18
196613 -40 -27.09 13.18
199643 -40 -27.09 13.18
200548 -40 -27.09 13.18
200480 -40 -27.09 13.18
202042 -40 -27.09 13.18
206074 -40 -27.09 13.18
202374 -40 -27.09 13.18
202929 -40 -27.09 13.18
200758 -40 -27.09 13.18
203703 -40 -27.09 13.18
149658 -40 -20.2 -8.08
144200 -40 -20.2 -8.08
147562 -40 -20.2 -8.08
146087 -40 -20.2 -8.08
147087 -40 -20.2 -8.08
145966 -40 -20.2 -8.08
145238 -40 -20.2 -8.08
142596 -40 -20.2 -8.08
140763 -40 -20.2 -8.08
144564 -40 -20.2 -8.08
140358 -40 -20.2 -8.08
143683 -40 -20.2 -8.08
145980 -40 -20.2 -8.08
143341 -40 -20.2 -8.08
145619 -40 -20.2 -8.08
145039 -40 -20.2 -8.08
144653 -40 -20.2 -8.08
146670 -40 -20.2 -8.08
150209 -40 -20.2 -8.08
146044 -40 -20.2 -8.08
147525 -40 -20.2 -8.08
146283 -40 -20.2 -8.08
145084 -40 -20.2 -8.08
147598 -40 -20.2 -8.08
148235 -40 -20.2 -8.08
146975 -40 -20.2 -8.08
144177 -40 -20.2 -8.08
139623 -40 -20.2 -8.08
144272 -40 -20.2 -8.08
143042 -40 -20.2 -8.08
144462 -40 -20.2 -8.08
146894 -40 -20.2 -8.08
144583 -40 -20.2 -8.08
147640 -40 -20.2 -8.08
145281 -40 -20.2 -8.08
146061 -40 -20.2 -8.08
146252 -40 -20.2 -8.08
148267 -40 -20.2 -8.08
138772 -40 -20.2 -8.08
235659 -40 -23.05 -26.57
236030 -40 -23.05 -26.57
237091 -40 -23.05 -26.57
234457 -40 -23.05 -26.57
232866 -40 -23.05 -26.57
236670 -40 -23.05 -26.57
232368 -40 -23.05 -26.57
239754 -40 -23.05 -26.57
233214 -40 -23.05 -26.57
236842 -40 -23.05 -26.57
236357 -40 -23.05 -26.57
239609 -40 -23.05 -26.57
233896 -40 -23.05 -26.57
232810 -40 -23.05 -26.57
235337 -40 -23.05 -26.57
228520 -40 -23.05 -26.57
235297 -40 -23.05 -26.57
232984 -40 -23.05 -26.57
230295 -40 -23.05 -26.57
233820 -40 -23.05 -26.57
233008 -40 -23.05 -26.57
236892 -40 -23.05 -26.57
238357 -40 -23.05 -26.57
236150 -40 -23.05 -26.57
228553 -40 -23.05 -26.57
234209 -40 -23.05 -26.57
234403 -40 -23.05 -26.57
232234 -40 -23.05 -26.57
236258 -40 -23.05 -26.57
235151 -40 -23.05 -26.57
232884 -40 -23.05 -26.57
233138 -40 -23.05 -26.57
234547 -40 -23.05 -26.57
234492 -40 -23.05 -26.57
232577 -40 -23.05 -26.57
234633 -40 -23.05 -26.57
237921 -40 -23.05 -26.57
229193 -40 -23.05 -26.57
237885 -40 -23.05 -26.57
121504 -40 7.64 -16.88
124629 -40 7.64 -16.88
120748 -40 7.64 -16.88
128855 -40 7.64 -16.88
119184 -40 7.64 -16.88
125040 -40 7.64 -16.88
118385 -40 7.64 -16.88
126654 -40 7.64 -16.88
119703 -40 7.64 -16.88
123317 -40 7.64 -16.88
123343 -40 7.64 -16.88
123791 -40 7.64 -16.88
125104 -40 7.64 -16.88
124605 -40 7.64 -16.88
119806 -40 7.64 -16.88
121591 -40 7.64 -16.88
120785 -40 7.64 -16.88
123812 -40 7.64 -16.88
125597 -40 7.64 -16.88
120526 -40 7.64 -16.88
116376 -40 7.64 -16.88
125517 -40 7.64 -16.88
120263 -40 7.64 -16.88
122768 -40 7.64 -16.88
126036 -40 7.64 -16.88
120166 -40 7.64 -16.88
122626 -40 7.64 -16.88
122288 -40 7.64 -16.88
123983 -40 7.64 -16.88
122608 -40 7.64 -16.88
124547 -40 7.64 -16.88
124193 -40 7.64 -16.88
126176 -40 7.64 -16.88
124068 -40 7.64 -16.88
126113 -40 7.64 -16.88
122516 -40 7.64 -16.88
121113 -40 7.64 -16.88
124574 -40 7.64 -16.88
126650 -40 7.64 -16.88
