#rtt sig_str x y
148088 -40 17.03 -14.52
145598 -40 17.03 -14.52
148646 -40 17.03 -14.52
145829 -40 17.03 -14.52
148563 -40 17.03 -14.52
147900 -40 17.03 -14.52
153722 -40 17.03 -14.52
155501 -40 17.03 -14.52
146664 -40 17.03 -14.52
146478 -40 17.03 -14.52
146553 -40 17.03 -14.52
147532 -40 17.03 -14.52
144339 -40 17.03 -14.52
145670 -40 17.03 -14.52
148969 -40 17.03 -14.52
153249 -40 17.03 -14.52
153807 -40 17.03 -14.52
150580 -40 17.03 -14.52
144922 -40 17.03 -14.52
147119 -40 17.03 -14.52
150066 -40 17.03 -14.52
151131 -40 17.03 -14.52
147243 -40 17.03 -14.52
150790 -40 17.03 -14.52
153091 -40 17.03 -14.52
152005 -40 17.03 -14.52
152782 -40 17.03 -14.52
147019 -40 17.03 -14.52
149660 -40 17.03 -14.52
148369 -40 17.03 -14.52
146713 -40 17.03 -14.52
147941 -40 17.03 -14.52
151522 -40 17.03 -14.52
144927 -40 17.03 -14.52
145611 -40 17.03 -14.52
147920 -40 17.03 -14.52
143888 -40 17.03 -14.52
151975 -40 17.03 -14.52
147837 -40 17.03 -14.52
94597 -40 8.09 11.05
89021 -40 8.09 11.05
87615 -40 8.09 11.05
91211 -40 8.09 11.05
87484 -40 8.09 11.05
88489 -40 8.09 11.05
93857 -40 8.09 11.05
91800 -40 8.09 11.05
85318 -40 8.09 11.05
92141 -40 8.09 11.05
90193 -40 8.09 11.05
90803 -40 8.09 11.05
87407 -40 8.09 11.05
90172 -40 8.09 11.05
93426 -40 8.09 11.05
91561 -40 8.09 11.05
89181 -40 8.09 11.05
87462 -40 8.09 11.05
98617 -40 8.09 11.05
89383 -40 8.09 11.05
92299 -40 8.09 11.05
94462 -40 8.09 11.05
91280 -40 8.09 11.05
86884 -40 8.09 11.05
94652 -40 8.09 11.05
94450 -40 8.09 11.05
90969 -40 8.09 11.05
89618 -40 8.09 11.05
90889 -40 8.09 11.05
88873 -40 8.09 11.05
89445 -40 8.09 11.05
94956 -40 8.09 11.05
89102 -40 8.09 11.05
87759 -40 8.09 11.05
93595 -40 8.09 11.05
92933 -40 8.09 11.05
88116 -40 8.09 11.05
93517 -40 8.09 11.05
90428 -40 8.09 11.05
190644 -40 -15.06 25.04
195770 -40 -15.06 25.04
192150 -40 -15.06 25.04
194312 -40 -15.06 25.04
191079 -40 -15.06 25.04
195049 -40 -15.06 25.04
197224 -40 -15.06 25.04
196780 -40 -15.06 25.04
199042 -40 -15.06 25.04
196094 -40 -15.06 25.04
197319 -40 -15.06 25.04
191911 -40 -15.06 25.04
196901 -40 -15.06 25.04
192274 -40 -15.06 25.04
196177 -40 -15.06 25.04
192065 -40 -15.06 25.04
194801 -40 -15.06 25.04
199285 -40 -15.06 25.04
192232 -40 -15.06 25.04
194246 -40 -15.06 25.04
193649 -40 -15.06 25.04
190725 -40 -15.06 25.04
191240 -40 -15.06 25.04
194604 -40 -15.06 25.04
191429 -40 -15.06 25.04
197571 -40 -15.06 25.04
194858 -40 -15.06 25.04
193032 -40 -15.06 25.04
195524 -40 -15.06 25.04
191801 -40 -15.06 25.04
192641 -40 -15.06 25.04
198168 -40 -15.06 25.04
195607 -40 -15.06 25.04
193698 -40 -15.06 25.04
195666 -40 -15.06 25.04
196360 -40 -15.06 25.04
196545 -40 -15.06 25.04
194031 -40 -15.06 25.04
196114 -40 -15.06 25.04
159260 -40 15.49 -17.71
152139 -40 15.49 -17.71
159183 -40 15.49 -17.71
155485 -40 15.49 -17.71
157014 -40 15.49 -17.71
161865 -40 15.49 -17.71
156061 -40 15.49 -17.71
155682 -40 15.49 -17.71
155783 -40 15.49 -17.71
157060 -40 15.49 -17.71
157949 -40 15.49 -17.71
149976 -40 15.49 -17.71
160838 -40 15.49 -17.71
153379 -40 15.49 -17.71
158367 -40 15.49 -17.71
156844 -40 15.49 -17.71
156853 -40 15.49 -17.71
159511 -40 15.49 -17.71
159083 -40 15.49 -17.71
152040 -40 15.49 -17.71
149239 -40 15.49 -17.71
155540 -40 15.49 -17.71
157987 -40 15.49 -17.71
156240 -40 15.49 -17.71
158766 -40 15.49 -17.71
155002 -40 15.49 -17.71
156980 -40 15.49 -17.71
155523 -40 15.49 -17.71
158396 -40 15.49 -17.71
160487 -40 15.49 -17.71
156397 -40 15.49 -17.71
164300 -40 15.49 -17.71
155373 -40 15.49 -17.71
154197 -40 15.49 -17.71
159518 -40 15.49 -17.71
157464 -40 15.49 -17.71
158253 -40 15.49 -17.71
157251 -40 15.49 -17.71
152373 -40 15.49 -17.71
209155 -40 -11.22 29.39
212306 -40 -11.22 29.39
209943 -40 -11.22 29.39
206988 -40 -11.22 29.39
206780 -40 -11.22 29.39
211072 -40 -11.22 29.39
212611 -40 -11.22 29.39
209962 -40 -11.22 29.39
207957 -40 -11.22 29.39
204381 -40 -11.22 29.39
209268 -40 -11.22 29.39
207131 -40 -11.22 29.39
209541 -40 -11.22 29.39
207250 -40 -11.22 29.39
210300 -40 -11.22 29.39
210137 -40 -11.22 29.39
205863 -40 -11.22 29.39
211127 -40 -11.22 29.39
207481 -40 -11.22 29.39
208026 -40 -11.22 29.39
209549 -40 -11.22 29.39
206065 -40 -11.22 29.39
210904 -40 -11.22 29.39
214112 -40 -11.22 29.39
208987 -40 -11.22 29.39
214396 -40 -11.22 29.39
208071 -40 -11.22 29.39
204833 -40 -11.22 29.39
212414 -40 -11.22 29.39
215206 -40 -11.22 29.39
208991 -40 -11.22 29.39
208216 -40 -11.22 29.39
214964 -40 -11.22 29.39
206627 -40 -11.22 29.39
207856 -40 -11.22 29.39
206281 -40 -11.22 29.39
210306 -40 -11.22 29.39
206456 -40 -11.22 29.39
208968 -40 -11.22 29.39
192565 -40 26.24 13.13
200128 -40 26.24 13.13
194526 -40 26.24 13.13
193413 -40 26.24 13.13
194947 -40 26.24 13.13
193738 -40 26.24 13.13
199286 -40 26.24 13.13
196370 -40 26.24 13.13
195727 -40 26.24 13.13
196449 -40 26.24 13.13
198511 -40 26.24 13.13
197091 -40 26.24 13.13
193481 -40 26.24 13.13
195040 -40 26.24 13.13
197008 -40 26.24 13.13
193812 -40 26.24 13.13
191533 -40 26.24 13.13
199191 -40 26.24 13.13
193240 -40 26.24 13.13
193123 -40 26.24 13.13
200895 -40 26.24 13.13
194034 -40 26.24 13.13
197051 -40 26.24 13.13
198341 -40 26.24 13.13
196828 -40 26.24 13.13
194210 -40 26.24 13.13
198835 -40 26.24 13.13
200673 -40 26.24 13.13
196211 -40 26.24 13.13
196443 -40 26.24 13.13
196948 -40 26.24 13.13
195381 -40 26.24 13.13
196062 -40 26.24 13.13
196809 -40 26.24 13.13
194525 -40 26.24 13.13
193686 -40 26.24 13.13
195067 -40 26.24 13.13
192714 -40 26.24 13.13
192084 -40 26.24 13.13
249229 -40 -27.43 -24.75
250496 -40 -27.43 -24.75
246749 -40 -27.43 -24.75
249414 -40 -27.43 -24.75
246185 -40 -27.43 -24.75
247633 -40 -27.43 -24.75
249123 -40 -27.43 -24.75
245780 -40 -27.43 -24.75
244121 -40 -27.43 -24.75
246896 -40 -27.43 -24.75
244720 -40 -27.43 -24.75
246318 -40 -27.43 -24.75
246467 -40 -27.43 -24.75
246032 -40 -27.43 -24.75
244935 -40 -27.43 -24.75
249258 -40 -27.43 -24.75
244396 -40 -27.43 -24.75
242593 -40 -27.43 -24.75
249712 -40 -27.43 -24.75
242869 -40 -27.43 -24.75
251262 -40 -27.43 -24.75
244200 -40 -27.43 -24.75
244552 -40 -27.43 -24.75
242642 -40 -27.43 -24.75
247336 -40 -27.43 -24.75
240056 -40 -27.43 -24.75
246789 -40 -27.43 -24.75
250354 -40 -27.43 -24.75
243586 -40 -27.43 -24.75
249552 -40 -27.43 -24.75
247807 -40 -27.43 -24.75
250236 -40 -27.43 -24.75
240446 -40 -27.43 -24.75
248225 -40 -27.43 -24.75
243875 -40 -27.43 -24.75
242157 -40 -27.43 -24.75
246593 -40 -27.43 -24.75
247655 -40 -27.43 -24.75
251280 -40 -27.43 -24.75
52656 -40 -3.55 -6.36
47366 -40 -3.55 -6.36
49952 -40 -3.55 -6.36
42456 -40 -3.55 -6.36
46549 -40 -3.55 -6.36
47781 -40 -3.55 -6.36
45170 -40 -3.55 -6.36
52902 -40 -3.55 -6.36
47882 -40 -3.55 -6.36
48620 -40 -3.55 -6.36
54443 -40 -3.55 -6.36
47333 -40 -3.55 -6.36
47417 -40 -3.55 -6.36
48824 -40 -3.55 -6.36
46918 -40 -3.55 -6.36
48644 -40 -3.55 -6.36
52646 -40 -3.55 -6.36
52204 -40 -3.55 -6.36
47189 -40 -3.55 -6.36
45876 -40 -3.55 -6.36
49594 -40 -3.55 -6.36
48912 -40 -3.55 -6.36
50440 -40 -3.55 -6.36
49627 -40 -3.55 -6.36
48403 -40 -3.55 -6.36
44039 -40 -3.55 -6.36
46721 -40 -3.55 -6.36
48433 -40 -3.55 -6.36
52247 -40 -3.55 -6.36
46836 -40 -3.55 -6.36
45195 -40 -3.55 -6.36
50966 -40 -3.55 -6.36
45371 -40 -3.55 -6.36
48574 -40 -3.55 -6.36
48961 -40 -3.55 -6.36
47904 -40 -3.55 -6.36
46602 -40 -3.55 -6.36
48066 -40 -3.55 -6.36
48967 -40 -3.55 -6.36
237651 -40 24.77 -27
246939 -40 24.77 -27
247970 -40 24.77 -27
243573 -40 24.77 -27
242624 -40 24.77 -27
243396 -40 24.77 -27
249391 -40 24.77 -27
244940 -40 24.77 -27
244732 -40 24.77 -27
246884 -40 24.77 -27
247385 -40 24.77 -27
238438 -40 24.77 -27
245919 -40 24.77 -27
243705 -40 24.77 -27
242584 -40 24.77 -27
245863 -40 24.77 -27
245430 -40 24.77 -27
248150 -40 24.77 -27
242055 -40 24.77 -27
244696 -40 24.77 -27
247834 -40 24.77 -27
245337 -40 24.77 -27
242999 -40 24.77 -27
244076 -40 24.77 -27
243253 -40 24.77 -27
248967 -40 24.77 -27
245875 -40 24.77 -27
241691 -40 24.77 -27
243290 -40 24.77 -27
243989 -40 24.77 -27
245719 -40 24.77 -27
242842 -40 24.77 -27
246999 -40 24.77 -27
244603 -40 24.77 -27
244900 -40 24.77 -27
244532 -40 24.77 -27
251238 -40 24.77 -27
238164 -40 24.77 -27
250960 -40 24.77 -27
105150 -40 -2.7 -16.24
109442 -40 -2.7 -16.24
115052 -40 -2.7 -16.24
107644 -40 -2.7 -16.24
107744 -40 -2.7 -16.24
110572 -40 -2.7 -16.24
113130 -40 -2.7 -16.24
110441 -40 -2.7 -16.24
107427 -40 -2.7 -16.24
110637 -40 -2.7 -16.24
110464 -40 -2.7 -16.24
107056 -40 -2.7 -16.24
108814 -40 -2.7 -16.24
106388 -40 -2.7 -16.24
103043 -40 -2.7 -16.24
111957 -40 -2.7 -16.24
109752 -40 -2.7 -16.24
113161 -40 -2.7 -16.24
115149 -40 -2.7 -16.24
109178 -40 -2.7 -16.24
109578 -40 -2.7 -16.24
105371 -40 -2.7 -16.24
111646 -40 -2.7 -16.24
106269 -40 -2.7 -16.24
109943 -40 -2.7 -16.24
107708 -40 -2.7 -16.24
111894 -40 -2.7 -16.24
108015 -40 -2.7 -16.24
109007 -40 -2.7 -16.24
107769 -40 -2.7 -16.24
108649 -40 -2.7 -16.24
110220 -40 -2.7 -16.24
110579 -40 -2.7 -16.24
111059 -40 -2.7 -16.24
109417 -40 -2.7 -16.24
110775 -40 -2.7 -16.24
106315 -40 -2.7 -16.24
110160 -40 -2.7 -16.24
105014 -40 -2.7 -16.24
