#rtt sig_str x y
205601 -40 -23.19 21.11
207575 -40 -23.19 21.11
212628 -40 -23.19 21.11
209149 -40 -23.19 21.11
210736 -40 -23.19 21.11
207974 -40 -23.19 21.11
205751 -40 -23.19 21.11
207178 -40 -23.19 21.11
207667 -40 -23.19 21.11
207461 -40 -23.19 21.11
207251 -40 -23.19 21.11
209902 -40 -23.19 21.11
207725 -40 -23.19 21.11
211942 -40 -23.19 21.11
209229 -40 -23.19 21.11
208605 -40 -23.19 21.11
208652 -40 -23.19 21.11
210608 -40 -23.19 21.11
206584 -40 -23.19 21.11
202541 -40 -23.19 21.11
210879 -40 -23.19 21.11
211436 -40 -23.19 21.11
207271 -40 -23.19 21.11
210089 -40 -23.19 21.11
210131 -40 -23.19 21.11
212903 -40 -23.19 21.11
208784 -40 -23.19 21.11
209274 -40 -23.19 21.11
204766 -40 -23.19 21.11
210183 -40 -23.19 21.11
203223 -40 -23.19 21.11
208224 -40 -23.19 21.11
210471 -40 -23.19 21.11
213322 -40 -23.19 21.11
210846 -40 -23.19 21.11
206246 -40 -23.19 21.11
212692 -40 -23.19 21.11
212876 -40 -23.19 21.11
213795 -40 -23.19 21.11
252859 -40 28.47 24.58
255711 -40 28.47 24.58
252334 -40 28.47 24.58
251167 -40 28.47 24.58
253130 -40 28.47 24.58
250657 -40 28.47 24.58
252119 -40 28.47 24.58
247918 -40 28.47 24.58
252956 -40 28.47 24.58
254433 -40 28.47 24.58
249089 -40 28.47 24.58
252097 -40 28.47 24.58
249261 -40 28.47 24.58
248417 -40 28.47 24.58
248795 -40 28.47 24.58
252480 -40 28.47 24.58
249394 -40 28.47 24.58
248056 -40 28.47 24.58
245137 -40 28.47 24.58
246601 -40 28.47 24.58
253513 -40 28.47 24.58
254439 -40 28.47 24.58
251099 -40 28.47 24.58
250525 -40 28.47 24.58
249758 -40 28.47 24.58
251777 -40 28.47 24.58
250747 -40 28.47 24.58
248676 -40 28.47 24.58
249827 -40 28.47 24.58
249393 -40 28.47 24.58
250894 -40 28.47 24.58
248844 -40 28.47 24.58
251947 -40 28.47 24.58
246663 -40 28.47 24.58
251908 -40 28.47 24.58
250594 -40 28.47 24.58
250492 -40 28.47 24.58
253012 -40 28.47 24.58
250739 -40 28.47 24.58
157263 -40 13.73 19.41
158061 -40 13.73 19.41
159092 -40 13.73 19.41
154304 -40 13.73 19.41
159647 -40 13.73 19.41
158834 -40 13.73 19.41
159627 -40 13.73 19.41
154943 -40 13.73 19.41
160527 -40 13.73 19.41
161051 -40 13.73 19.41
164342 -40 13.73 19.41
158058 -40 13.73 19.41
154057 -40 13.73 19.41
158040 -40 13.73 19.41
162087 -40 13.73 19.41
161238 -40 13.73 19.41
155539 -40 13.73 19.41
156644 -40 13.73 19.41
159744 -40 13.73 19.41
158288 -40 13.73 19.41
158316 -40 13.73 19.41
160074 -40 13.73 19.41
157728 -40 13.73 19.41
157756 -40 13.73 19.41
159806 -40 13.73 19.41
160509 -40 13.73 19.41
155146 -40 13.73 19.41
152601 -40 13.73 19.41
156079 -40 13.73 19.41
156902 -40 13.73 19.41
157585 -40 13.73 19.41
162173 -40 13.73 19.41
165024 -40 13.73 19.41
160886 -40 13.73 19.41
163405 -40 13.73 19.41
158404 -40 13.73 19.41
159773 -40 13.73 19.41
159364 -40 13.73 19.41
156853 -40 13.73 19.41
78699 -40 -8.91 -7.68
79134 -40 -8.91 -7.68
76895 -40 -8.91 -7.68
78803 -40 -8.91 -7.68
81444 -40 -8.91 -7.68
76234 -40 -8.91 -7.68
77129 -40 -8.91 -7.68
80131 -40 -8.91 -7.68
76520 -40 -8.91 -7.68
77995 -40 -8.91 -7.68
80579 -40 -8.91 -7.68
77707 -40 -8.91 -7.68
73857 -40 -8.91 -7.68
77053 -40 -8.91 -7.68
79632 -40 -8.91 -7.68
77787 -40 -8.91 -7.68
74371 -40 -8.91 -7.68
81018 -40 -8.91 -7.68
81044 -40 -8.91 -7.68
77295 -40 -8.91 -7.68
78486 -40 -8.91 -7.68
74701 -40 -8.91 -7.68
80138 -40 -8.91 -7.68
78615 -40 -8.91 -7.68
75852 -40 -8.91 -7.68
80556 -40 -8.91 -7.68
76806 -40 -8.91 -7.68
77711 -40 -8.91 -7.68
80478 -40 -8.91 -7.68
82696 -40 -8.91 -7.68
76216 -40 -8.91 -7.68
78474 -40 -8.91 -7.68
82315 -40 -8.91 -7.68
79059 -40 -8.91 -7.68
77960 -40 -8.91 -7.68
78676 -40 -8.91 -7.68
81276 -40 -8.91 -7.68
79578 -40 -8.91 -7.68
82949 -40 -8.91 -7.68
210134 -40 12.46 28.7
209873 -40 12.46 28.7
210418 -40 12.46 28.7
212741 -40 12.46 28.7
210659 -40 12.46 28.7
207724 -40 12.46 28.7
210665 -40 12.46 28.7
207579 -40 12.46 28.7
208115 -40 12.46 28.7
207637 -40 12.46 28.7
211176 -40 12.46 28.7
205944 -40 12.46 28.7
204618 -40 12.46 28.7
207015 -40 12.46 28.7
208508 -40 12.46 28.7
210668 -40 12.46 28.7
205959 -40 12.46 28.7
208051 -40 12.46 28.7
208848 -40 12.46 28.7
212390 -40 12.46 28.7
209973 -40 12.46 28.7
212550 -40 12.46 28.7
209297 -40 12.46 28.7
212609 -40 12.46 28.7
210049 -40 12.46 28.7
209233 -40 12.46 28.7
208244 -40 12.46 28.7
205782 -40 12.46 28.7
209591 -40 12.46 28.7
209089 -40 12.46 28.7
213983 -40 12.46 28.7
206863 -40 12.46 28.7
209026 -40 12.46 28.7
217400 -40 12.46 28.7
211127 -40 12.46 28.7
211398 -40 12.46 28.7
208842 -40 12.46 28.7
208996 -40 12.46 28.7
207120 -40 12.46 28.7
209216 -40 17.98 25.99
207287 -40 17.98 25.99
209829 -40 17.98 25.99
205180 -40 17.98 25.99
213479 -40 17.98 25.99
208658 -40 17.98 25.99
211258 -40 17.98 25.99
214595 -40 17.98 25.99
208876 -40 17.98 25.99
209689 -40 17.98 25.99
212540 -40 17.98 25.99
208144 -40 17.98 25.99
214300 -40 17.98 25.99
212212 -40 17.98 25.99
212165 -40 17.98 25.99
200775 -40 17.98 25.99
206460 -40 17.98 25.99
215239 -40 17.98 25.99
212377 -40 17.98 25.99
210138 -40 17.98 25.99
210081 -40 17.98 25.99
211171 -40 17.98 25.99
215341 -40 17.98 25.99
209442 -40 17.98 25.99
207289 -40 17.98 25.99
209946 -40 17.98 25.99
212556 -40 17.98 25.99
212930 -40 17.98 25.99
211682 -40 17.98 25.99
210607 -40 17.98 25.99
206641 -40 17.98 25.99
215751 -40 17.98 25.99
209017 -40 17.98 25.99
207329 -40 17.98 25.99
212682 -40 17.98 25.99
214266 -40 17.98 25.99
208995 -40 17.98 25.99
203793 -40 17.98 25.99
216855 -40 17.98 25.99
75153 -40 8.74 -6.27
72825 -40 8.74 -6.27
74487 -40 8.74 -6.27
69237 -40 8.74 -6.27
69385 -40 8.74 -6.27
68632 -40 8.74 -6.27
70810 -40 8.74 -6.27
69947 -40 8.74 -6.27
68491 -40 8.74 -6.27
72290 -40 8.74 -6.27
69373 -40 8.74 -6.27
77784 -40 8.74 -6.27
73671 -40 8.74 -6.27
69290 -40 8.74 -6.27
77466 -40 8.74 -6.27
72710 -40 8.74 -6.27
70317 -40 8.74 -6.27
70760 -40 8.74 -6.27
73187 -40 8.74 -6.27
72824 -40 8.74 -6.27
68068 -40 8.74 -6.27
71215 -40 8.74 -6.27
70251 -40 8.74 -6.27
73123 -40 8.74 -6.27
67551 -40 8.74 -6.27
72748 -40 8.74 -6.27
74784 -40 8.74 -6.27
67364 -40 8.74 -6.27
73911 -40 8.74 -6.27
68397 -40 8.74 -6.27
67536 -40 8.74 -6.27
70849 -40 8.74 -6.27
76078 -40 8.74 -6.27
69871 -40 8.74 -6.27
70586 -40 8.74 -6.27
71922 -40 8.74 -6.27
71663 -40 8.74 -6.27
71269 -40 8.74 -6.27
72951 -40 8.74 -6.27
85828 -40 -5.12 -11.61
86910 -40 -5.12 -11.61
82847 -40 -5.12 -11.61
82998 -40 -5.12 -11.61
79367 -40 -5.12 -11.61
86920 -40 -5.12 -11.61
86790 -40 -5.12 -11.61
85081 -40 -5.12 -11.61
81319 -40 -5.12 -11.61
83701 -40 -5.12 -11.61
83067 -40 -5.12 -11.61
85347 -40 -5.12 -11.61
86174 -40 -5.12 -11.61
87057 -40 -5.12 -11.61
88841 -40 -5.12 -11.61
83397 -40 -5.12 -11.61
84038 -40 -5.12 -11.61
83827 -40 -5.12 -11.61
82078 -40 -5.12 -11.61
84126 -40 -5.12 -11.61
81329 -40 -5.12 -11.61
86801 -40 -5.12 -11.61
81309 -40 -5.12 -11.61
84486 -40 -5.12 -11.61
79059 -40 -5.12 -11.61
86177 -40 -5.12 -11.61
81079 -40 -5.12 -11.61
84069 -40 -5.12 -11.61
88575 -40 -5.12 -11.61
81842 -40 -5.12 -11.61
81869 -40 -5.12 -11.61
87578 -40 -5.12 -11.61
85665 -40 -5.12 -11.61
81008 -40 -5.12 -11.61
84009 -40 -5.12 -11.61
81816 -40 -5.12 -11.61
81534 -40 -5.12 -11.61
86414 -40 -5.12 -11.61
86572 -40 -5.12 -11.61
136103 -40 12.36 -16.17
131562 -40 12.36 -16.17
135662 -40 12.36 -16.17
131370 -40 12.36 -16.17
133658 -40 12.36 -16.17
140127 -40 12.36 -16.17
136635 -40 12.36 -16.17
133451 -40 12.36 -16.17
134526 -40 12.36 -16.17
138788 -40 12.36 -16.17
140009 -40 12.36 -16.17
135430 -40 12.36 -16.17
134065 -40 12.36 -16.17
137443 -40 12.36 -16.17
135746 -40 12.36 -16.17
140593 -40 12.36 -16.17
138673 -40 12.36 -16.17
140410 -40 12.36 -16.17
135966 -40 12.36 -16.17
134221 -40 12.36 -16.17
134913 -40 12.36 -16.17
132203 -40 12.36 -16.17
139217 -40 12.36 -16.17
133612 -40 12.36 -16.17
134394 -40 12.36 -16.17
138766 -40 12.36 -16.17
134285 -40 12.36 -16.17
134526 -40 12.36 -16.17
137612 -40 12.36 -16.17
131378 -40 12.36 -16.17
132889 -40 12.36 -16.17
133697 -40 12.36 -16.17
134204 -40 12.36 -16.17
132321 -40 12.36 -16.17
131021 -40 12.36 -16.17
137333 -40 12.36 -16.17
136810 -40 12.36 -16.17
134159 -40 12.36 -16.17
132817 -40 12.36 -16.17
113646 -40 -15.2 8.07
116109 -40 -15.2 8.07
114833 -40 -15.2 8.07
115968 -40 -15.2 8.07
114689 -40 -15.2 8.07
120098 -40 -15.2 8.07
114173 -40 -15.2 8.07
112716 -40 -15.2 8.07
114411 -40 -15.2 8.07
114292 -40 -15.2 8.07
118290 -40 -15.2 8.07
109788 -40 -15.2 8.07
116051 -40 -15.2 8.07
113429 -40 -15.2 8.07
118079 -40 -15.2 8.07
116041 -40 -15.2 8.07
111534 -40 -15.2 8.07
116199 -40 -15.2 8.07
117990 -40 -15.2 8.07
114885 -40 -15.2 8.07
112021 -40 -15.2 8.07
111187 -40 -15.2 8.07
114768 -40 -15.2 8.07
116396 -40 -15.2 8.07
116320 -40 -15.2 8.07
113670 -40 -15.2 8.07
115447 -40 -15.2 8.07
112867 -40 -15.2 8.07
113587 -40 -15.2 8.07
117948 -40 -15.2 8.07
117897 -40 -15.2 8.07
114331 -40 -15.2 8.07
113741 -40 -15.2 8.07
112417 -40 -15.2 8.07
113556 -40 -15.2 8.07
117840 -40 -15.2 8.07
113047 -40 -15.2 8.07
111562 -40 -15.2 8.07
115302 -40 -15.2 8.07
