#rtt sig_str x y
195925 -40 -28.96 -4.41
193862 -40 -28.96 -4.41
192971 -40 -28.96 -4.41
192875 -40 -28.96 -4.41
192901 -40 -28.96 -4.41
189095 -40 -28.96 -4.41
194746 -40 -28.96 -4.41
193860 -40 -28.96 -4.41
195415 -40 -28.96 -4.41
195648 -40 -28.96 -4.41
190964 -40 -28.96 -4.41
193407 -40 -28.96 -4.41
200312 -40 -28.96 -4.41
197383 -40 -28.96 -4.41
192855 -40 -28.96 -4.41
194201 -40 -28.96 -4.41
195272 -40 -28.96 -4.41
195190 -40 -28.96 -4.41
196484 -40 -28.96 -4.41
198237 -40 -28.96 -4.41
193969 -40 -28.96 -4.41
195359 -40 -28.96 -4.41
192800 -40 -28.96 -4.41
194773 -40 -28.96 -4.41
196124 -40 -28.96 -4.41
199167 -40 -28.96 -4.41
199058 -40 -28.96 -4.41
197145 -40 -28.96 -4.41
195516 -40 -28.96 -4.41
193807 -40 -28.96 -4.41
199138 -40 -28.96 -4.41
194560 -40 -28.96 -4.41
195698 -40 -28.96 -4.41
188765 -40 -28.96 -4.41
197915 -40 -28.96 -4.41
196611 -40 -28.96 -4.41
191140 -40 -28.96 -4.41
197113 -40 -28.96 -4.41
198298 -40 -28.96 -4.41
186129 -40 23.5 -14.01
186214 -40 23.5 -14.01
181700 -40 23.5 -14.01
182120 -40 23.5 -14.01
178443 -40 23.5 -14.01
184522 -40 23.5 -14.01
180688 -40 23.5 -14.01
182646 -40 23.5 -14.01
181921 -40 23.5 -14.01
180170 -40 23.5 -14.01
182772 -40 23.5 -14.01
183115 -40 23.5 -14.01
185029 -40 23.5 -14.01
181269 -40 23.5 -14.01
179884 -40 23.5 -14.01
177659 -40 23.5 -14.01
175537 -40 23.5 -14.01
181908 -40 23.5 -14.01
184279 -40 23.5 -14.01
187017 -40 23.5 -14.01
184285 -40 23.5 -14.01
179528 -40 23.5 -14.01
188786 -40 23.5 -14.01
182971 -40 23.5 -14.01
184322 -40 23.5 -14.01
181548 -40 23.5 -14.01
183598 -40 23.5 -14.01
181841 -40 23.5 -14.01
181031 -40 23.5 -14.01
178081 -40 23.5 -14.01
184773 -40 23.5 -14.01
184110 -40 23.5 -14.01
183140 -40 23.5 -14.01
180454 -40 23.5 -14.01
182797 -40 23.5 -14.01
182852 -40 23.5 -14.01
178324 -40 23.5 -14.01
182617 -40 23.5 -14.01
183466 -40 23.5 -14.01
114201 -40 -12.91 11.63
116702 -40 -12.91 11.63
115463 -40 -12.91 11.63
114086 -40 -12.91 11.63
116574 -40 -12.91 11.63
114991 -40 -12.91 11.63
117957 -40 -12.91 11.63
114745 -40 -12.91 11.63
117583 -40 -12.91 11.63
115190 -40 -12.91 11.63
115860 -40 -12.91 11.63
115666 -40 -12.91 11.63
113831 -40 -12.91 11.63
112562 -40 -12.91 11.63
118696 -40 -12.91 11.63
116112 -40 -12.91 11.63
117460 -40 -12.91 11.63
117212 -40 -12.91 11.63
116179 -40 -12.91 11.63
114697 -40 -12.91 11.63
118111 -40 -12.91 11.63
117975 -40 -12.91 11.63
111200 -40 -12.91 11.63
119662 -40 -12.91 11.63
114704 -40 -12.91 11.63
117804 -40 -12.91 11.63
115904 -40 -12.91 11.63
116120 -40 -12.91 11.63
117987 -40 -12.91 11.63
111424 -40 -12.91 11.63
114337 -40 -12.91 11.63
115395 -40 -12.91 11.63
117547 -40 -12.91 11.63
114059 -40 -12.91 11.63
117328 -40 -12.91 11.63
118945 -40 -12.91 11.63
117984 -40 -12.91 11.63
122196 -40 -12.91 11.63
116505 -40 -12.91 11.63
177041 -40 -12.06 -23.51
168568 -40 -12.06 -23.51
176935 -40 -12.06 -23.51
172564 -40 -12.06 -23.51
178180 -40 -12.06 -23.51
175513 -40 -12.06 -23.51
177669 -40 -12.06 -23.51
179587 -40 -12.06 -23.51
173678 -40 -12.06 -23.51
176669 -40 -12.06 -23.51
179441 -40 -12.06 -23.51
175587 -40 -12.06 -23.51
172474 -40 -12.06 -23.51
177671 -40 -12.06 -23.51
175833 -40 -12.06 -23.51
179880 -40 -12.06 -23.51
178459 -40 -12.06 -23.51
173307 -40 -12.06 -23.51
179663 -40 -12.06 -23.51
173072 -40 -12.06 -23.51
176194 -40 -12.06 -23.51
173708 -40 -12.06 -23.51
180492 -40 -12.06 -23.51
178461 -40 -12.06 -23.51
176784 -40 -12.06 -23.51
179022 -40 -12.06 -23.51
177805 -40 -12.06 -23.51
178481 -40 -12.06 -23.51
180273 -40 -12.06 -23.51
172734 -40 -12.06 -23.51
174300 -40 -12.06 -23.51
174022 -40 -12.06 -23.51
175951 -40 -12.06 -23.51
176268 -40 -12.06 -23.51
176053 -40 -12.06 -23.51
179215 -40 -12.06 -23.51
173541 -40 -12.06 -23.51
179101 -40 -12.06 -23.51
181336 -40 -12.06 -23.51
220394 -40 17.53 27.8
218500 -40 17.53 27.8
220605 -40 17.53 27.8
221227 -40 17.53 27.8
216425 -40 17.53 27.8
219404 -40 17.53 27.8
215257 -40 17.53 27.8
212709 -40 17.53 27.8
218194 -40 17.53 27.8
218964 -40 17.53 27.8
219532 -40 17.53 27.8
221703 -40 17.53 27.8
214259 -40 17.53 27.8
221141 -40 17.53 27.8
218752 -40 17.53 27.8
225401 -40 17.53 27.8
214079 -40 17.53 27.8
219958 -40 17.53 27.8
217395 -40 17.53 27.8
222919 -40 17.53 27.8
219943 -40 17.53 27.8
219257 -40 17.53 27.8
219199 -40 17.53 27.8
221510 -40 17.53 27.8
220076 -40 17.53 27.8
216276 -40 17.53 27.8
218353 -40 17.53 27.8
218938 -40 17.53 27.8
225178 -40 17.53 27.8
221337 -40 17.53 27.8
219737 -40 17.53 27.8
214625 -40 17.53 27.8
221221 -40 17.53 27.8
218189 -40 17.53 27.8
219567 -40 17.53 27.8
221374 -40 17.53 27.8
218270 -40 17.53 27.8
215595 -40 17.53 27.8
218689 -40 17.53 27.8
80989 -40 -10.53 -6.22
79316 -40 -10.53 -6.22
84033 -40 -10.53 -6.22
82037 -40 -10.53 -6.22
76701 -40 -10.53 -6.22
86785 -40 -10.53 -6.22
79568 -40 -10.53 -6.22
78535 -40 -10.53 -6.22
80405 -40 -10.53 -6.22
88675 -40 -10.53 -6.22
79498 -40 -10.53 -6.22
75704 -40 -10.53 -6.22
81353 -40 -10.53 -6.22
85005 -40 -10.53 -6.22
79641 -40 -10.53 -6.22
80307 -40 -10.53 -6.22
81224 -40 -10.53 -6.22
78526 -40 -10.53 -6.22
80634 -40 -10.53 -6.22
79139 -40 -10.53 -6.22
81706 -40 -10.53 -6.22
80876 -40 -10.53 -6.22
84527 -40 -10.53 -6.22
83966 -40 -10.53 -6.22
89301 -40 -10.53 -6.22
81867 -40 -10.53 -6.22
75766 -40 -10.53 -6.22
80354 -40 -10.53 -6.22
83717 -40 -10.53 -6.22
84686 -40 -10.53 -6.22
77620 -40 -10.53 -6.22
80831 -40 -10.53 -6.22
83637 -40 -10.53 -6.22
80369 -40 -10.53 -6.22
80815 -40 -10.53 -6.22
80179 -40 -10.53 -6.22
80009 -40 -10.53 -6.22
81062 -40 -10.53 -6.22
80835 -40 -10.53 -6.22
154583 -40 21.89 -1.23
147517 -40 21.89 -1.23
145316 -40 21.89 -1.23
148203 -40 21.89 -1.23
147042 -40 21.89 -1.23
144400 -40 21.89 -1.23
144425 -40 21.89 -1.23
146250 -40 21.89 -1.23
144388 -40 21.89 -1.23
147470 -40 21.89 -1.23
145698 -40 21.89 -1.23
145654 -40 21.89 -1.23
141258 -40 21.89 -1.23
147015 -40 21.89 -1.23
146380 -40 21.89 -1.23
145172 -40 21.89 -1.23
145194 -40 21.89 -1.23
145062 -40 21.89 -1.23
145123 -40 21.89 -1.23
145020 -40 21.89 -1.23
149150 -40 21.89 -1.23
148526 -40 21.89 -1.23
146956 -40 21.89 -1.23
150597 -40 21.89 -1.23
149777 -40 21.89 -1.23
150104 -40 21.89 -1.23
143504 -40 21.89 -1.23
147053 -40 21.89 -1.23
150662 -40 21.89 -1.23
145514 -40 21.89 -1.23
147170 -40 21.89 -1.23
144619 -40 21.89 -1.23
150060 -40 21.89 -1.23
147264 -40 21.89 -1.23
145094 -40 21.89 -1.23
150494 -40 21.89 -1.23
146355 -40 21.89 -1.23
152220 -40 21.89 -1.23
146332 -40 21.89 -1.23
99590 -40 -3.15 14.83
102524 -40 -3.15 14.83
106110 -40 -3.15 14.83
103216 -40 -3.15 14.83
102525 -40 -3.15 14.83
99069 -40 -3.15 14.83
101273 -40 -3.15 14.83
99047 -40 -3.15 14.83
103475 -40 -3.15 14.83
103862 -40 -3.15 14.83
99366 -40 -3.15 14.83
106422 -40 -3.15 14.83
103388 -40 -3.15 14.83
104836 -40 -3.15 14.83
102656 -40 -3.15 14.83
102158 -40 -3.15 14.83
95668 -40 -3.15 14.83
102352 -40 -3.15 14.83
102558 -40 -3.15 14.83
98201 -40 -3.15 14.83
97815 -40 -3.15 14.83
106364 -40 -3.15 14.83
98827 -40 -3.15 14.83
107366 -40 -3.15 14.83
100515 -40 -3.15 14.83
104935 -40 -3.15 14.83
100722 -40 -3.15 14.83
103465 -40 -3.15 14.83
106525 -40 -3.15 14.83
102140 -40 -3.15 14.83
103611 -40 -3.15 14.83
101648 -40 -3.15 14.83
103850 -40 -3.15 14.83
102000 -40 -3.15 14.83
100379 -40 -3.15 14.83
104841 -40 -3.15 14.83
102140 -40 -3.15 14.83
97668 -40 -3.15 14.83
99395 -40 -3.15 14.83
29319 -40 2.89 -2.88
25026 -40 2.89 -2.88
28989 -40 2.89 -2.88
30391 -40 2.89 -2.88
28644 -40 2.89 -2.88
24594 -40 2.89 -2.88
28807 -40 2.89 -2.88
25322 -40 2.89 -2.88
28280 -40 2.89 -2.88
26253 -40 2.89 -2.88
28953 -40 2.89 -2.88
28306 -40 2.89 -2.88
25594 -40 2.89 -2.88
28416 -40 2.89 -2.88
25399 -40 2.89 -2.88
27640 -40 2.89 -2.88
29608 -40 2.89 -2.88
32137 -40 2.89 -2.88
23151 -40 2.89 -2.88
23965 -40 2.89 -2.88
26175 -40 2.89 -2.88
25815 -40 2.89 -2.88
29847 -40 2.89 -2.88
28167 -40 2.89 -2.88
27604 -40 2.89 -2.88
25839 -40 2.89 -2.88
24702 -40 2.89 -2.88
30250 -40 2.89 -2.88
29389 -40 2.89 -2.88
24478 -40 2.89 -2.88
25782 -40 2.89 -2.88
28362 -40 2.89 -2.88
29048 -40 2.89 -2.88
24437 -40 2.89 -2.88
27045 -40 2.89 -2.88
33080 -40 2.89 -2.88
24571 -40 2.89 -2.88
30698 -40 2.89 -2.88
25466 -40 2.89 -2.88
85023 -40 -8.57 9.08
86223 -40 -8.57 9.08
86952 -40 -8.57 9.08
79355 -40 -8.57 9.08
81083 -40 -8.57 9.08
77373 -40 -8.57 9.08
85772 -40 -8.57 9.08
83523 -40 -8.57 9.08
84768 -40 -8.57 9.08
85732 -40 -8.57 9.08
82902 -40 -8.57 9.08
81184 -40 -8.57 9.08
86778 -40 -8.57 9.08
84443 -40 -8.57 9.08
83418 -40 -8.57 9.08
83392 -40 -8.57 9.08
80463 -40 -8.57 9.08
83813 -40 -8.57 9.08
83322 -40 -8.57 9.08
85271 -40 -8.57 9.08
84454 -40 -8.57 9.08
83373 -40 -8.57 9.08
83498 -40 -8.57 9.08
82427 -40 -8.57 9.08
83085 -40 -8.57 9.08
88386 -40 -8.57 9.08
83059 -40 -8.57 9.08
84057 -40 -8.57 9.08
83437 -40 -8.57 9.08
85736 -40 -8.57 9.08
82308 -40 -8.57 9.08
84723 -40 -8.57 9.08
78365 -40 -8.57 9.08
81831 -40 -8.57 9.08
86421 -40 -8.57 9.08
79966 -40 -8.57 9.08
83173 -40 -8.57 9.08
82852 -40 -8.57 9.08
85513 -40 -8.57 9.08
