#rtt sig_str x y
84409 -40 -11.94 -1.58
81949 -40 -11.94 -1.58
82684 -40 -11.94 -1.58
78158 -40 -11.94 -1.58
84882 -40 -11.94 -1.58
81961 -40 -11.94 -1.58
80946 -40 -11.94 -1.58
78795 -40 -11.94 -1.58
85517 -40 -11.94 -1.58
77727 -40 -11.94 -1.58
80445 -40 -11.94 -1.58
81130 -40 -11.94 -1.58
78528 -40 -11.94 -1.58
83325 -40 -11.94 -1.58
83620 -40 -11.94 -1.58
79189 -40 -11.94 -1.58
84551 -40 -11.94 -1.58
78589 -40 -11.94 -1.58
79403 -40 -11.94 -1.58
79193 -40 -11.94 -1.58
84196 -40 -11.94 -1.58
84124 -40 -11.94 -1.58
84128 -40 -11.94 -1.58
81452 -40 -11.94 -1.58
80686 -40 -11.94 -1.58
77358 -40 -11.94 -1.58
82777 -40 -11.94 -1.58
78823 -40 -11.94 -1.58
80926 -40 -11.94 -1.58
77173 -40 -11.94 -1.58
76980 -40 -11.94 -1.58
75454 -40 -11.94 -1.58
77175 -40 -11.94 -1.58
81935 -40 -11.94 -1.58
74283 -40 -11.94 -1.58
82243 -40 -11.94 -1.58
81720 -40 -11.94 -1.58
78026 -40 -11.94 -1.58
79225 -40 -11.94 -1.58
143982 -40 -15.18 15.69
145806 -40 -15.18 15.69
142263 -40 -15.18 15.69
140664 -40 -15.18 15.69
146513 -40 -15.18 15.69
147368 -40 -15.18 15.69
146289 -40 -15.18 15.69
145213 -40 -15.18 15.69
148014 -40 -15.18 15.69
140704 -40 -15.18 15.69
148059 -40 -15.18 15.69
144391 -40 -15.18 15.69
145276 -40 -15.18 15.69
149363 -40 -15.18 15.69
144804 -40 -15.18 15.69
141992 -40 -15.18 15.69
144309 -40 -15.18 15.69
147803 -40 -15.18 15.69
144778 -40 -15.18 15.69
141708 -40 -15.18 15.69
146173 -40 -15.18 15.69
147796 -40 -15.18 15.69
145100 -40 -15.18 15.69
146784 -40 -15.18 15.69
145494 -40 -15.18 15.69
146195 -40 -15.18 15.69
146806 -40 -15.18 15.69
143928 -40 -15.18 15.69
145868 -40 -15.18 15.69
142121 -40 -15.18 15.69
146061 -40 -15.18 15.69
145125 -40 -15.18 15.69
146851 -40 -15.18 15.69
145939 -40 -15.18 15.69
143211 -40 -15.18 15.69
144532 -40 -15.18 15.69
139582 -40 -15.18 15.69
145479 -40 -15.18 15.69
145933 -40 -15.18 15.69
207973 -40 25.58 -18.35
207224 -40 25.58 -18.35
210490 -40 25.58 -18.35
213630 -40 25.58 -18.35
211943 -40 25.58 -18.35
212262 -40 25.58 -18.35
215289 -40 25.58 -18.35
205257 -40 25.58 -18.35
207876 -40 25.58 -18.35
211813 -40 25.58 -18.35
207874 -40 25.58 -18.35
210218 -40 25.58 -18.35
211358 -40 25.58 -18.35
209323 -40 25.58 -18.35
210970 -40 25.58 -18.35
208971 -40 25.58 -18.35
209513 -40 25.58 -18.35
209152 -40 25.58 -18.35
209840 -40 25.58 -18.35
207130 -40 25.58 -18.35
211565 -40 25.58 -18.35
211187 -40 25.58 -18.35
212457 -40 25.58 -18.35
205702 -40 25.58 -18.35
212089 -40 25.58 -18.35
205053 -40 25.58 -18.35
210686 -40 25.58 -18.35
214898 -40 25.58 -18.35
213750 -40 25.58 -18.35
213747 -40 25.58 -18.35
211949 -40 25.58 -18.35
207388 -40 25.58 -18.35
207715 -40 25.58 -18.35
210250 -40 25.58 -18.35
207092 -40 25.58 -18.35
212874 -40 25.58 -18.35
216329 -40 25.58 -18.35
211241 -40 25.58 -18.35
206955 -40 25.58 -18.35
189609 -40 23.5 15.76
191601 -40 23.5 15.76
184112 -40 23.5 15.76
184322 -40 23.5 15.76
190701 -40 23.5 15.76
189368 -40 23.5 15.76
191797 -40 23.5 15.76
192280 -40 23.5 15.76
190631 -40 23.5 15.76
189567 -40 23.5 15.76
189078 -40 23.5 15.76
184880 -40 23.5 15.76
190050 -40 23.5 15.76
187460 -40 23.5 15.76
188850 -40 23.5 15.76
184755 -40 23.5 15.76
193073 -40 23.5 15.76
185345 -40 23.5 15.76
186010 -40 23.5 15.76
191613 -40 23.5 15.76
190258 -40 23.5 15.76
185693 -40 23.5 15.76
185691 -40 23.5 15.76
189567 -40 23.5 15.76
186308 -40 23.5 15.76
194691 -40 23.5 15.76
188002 -40 23.5 15.76
192280 -40 23.5 15.76
190154 -40 23.5 15.76
188873 -40 23.5 15.76
190133 -40 23.5 15.76
187064 -40 23.5 15.76
190574 -40 23.5 15.76
189823 -40 23.5 15.76
186628 -40 23.5 15.76
191096 -40 23.5 15.76
196254 -40 23.5 15.76
190171 -40 23.5 15.76
190205 -40 23.5 15.76
100000 -40 11 -10.86
102868 -40 11 -10.86
102768 -40 11 -10.86
103617 -40 11 -10.86
96395 -40 11 -10.86
104976 -40 11 -10.86
104312 -40 11 -10.86
98106 -40 11 -10.86
102818 -40 11 -10.86
108807 -40 11 -10.86
105745 -40 11 -10.86
103068 -40 11 -10.86
100230 -40 11 -10.86
100375 -40 11 -10.86
100814 -40 11 -10.86
102769 -40 11 -10.86
105570 -40 11 -10.86
105835 -40 11 -10.86
99396 -40 11 -10.86
101653 -40 11 -10.86
102233 -40 11 -10.86
102497 -40 11 -10.86
103472 -40 11 -10.86
101848 -40 11 -10.86
107698 -40 11 -10.86
103916 -40 11 -10.86
99029 -40 11 -10.86
103181 -40 11 -10.86
98663 -40 11 -10.86
100267 -40 11 -10.86
101879 -40 11 -10.86
101017 -40 11 -10.86
101682 -40 11 -10.86
104973 -40 11 -10.86
101448 -40 11 -10.86
103665 -40 11 -10.86
102145 -40 11 -10.86
103769 -40 11 -10.86
102870 -40 11 -10.86
193651 -40 4.01 -27.84
191576 -40 4.01 -27.84
191361 -40 4.01 -27.84
186836 -40 4.01 -27.84
187561 -40 4.01 -27.84
183575 -40 4.01 -27.84
185989 -40 4.01 -27.84
189627 -40 4.01 -27.84
182408 -40 4.01 -27.84
188425 -40 4.01 -27.84
184195 -40 4.01 -27.84
191851 -40 4.01 -27.84
187270 -40 4.01 -27.84
186067 -40 4.01 -27.84
182480 -40 4.01 -27.84
184937 -40 4.01 -27.84
188488 -40 4.01 -27.84
190428 -40 4.01 -27.84
188036 -40 4.01 -27.84
189842 -40 4.01 -27.84
187130 -40 4.01 -27.84
181775 -40 4.01 -27.84
188588 -40 4.01 -27.84
188317 -40 4.01 -27.84
189066 -40 4.01 -27.84
187703 -40 4.01 -27.84
188799 -40 4.01 -27.84
187273 -40 4.01 -27.84
186155 -40 4.01 -27.84
187832 -40 4.01 -27.84
188419 -40 4.01 -27.84
183704 -40 4.01 -27.84
185233 -40 4.01 -27.84
190029 -40 4.01 -27.84
189196 -40 4.01 -27.84
185870 -40 4.01 -27.84
191803 -40 4.01 -27.84
186742 -40 4.01 -27.84
190506 -40 4.01 -27.84
96592 -40 2.82 14.39
97225 -40 2.82 14.39
99168 -40 2.82 14.39
96345 -40 2.82 14.39
100653 -40 2.82 14.39
99326 -40 2.82 14.39
97470 -40 2.82 14.39
101909 -40 2.82 14.39
97137 -40 2.82 14.39
100639 -40 2.82 14.39
97951 -40 2.82 14.39
94446 -40 2.82 14.39
98044 -40 2.82 14.39
97208 -40 2.82 14.39
96020 -40 2.82 14.39
97440 -40 2.82 14.39
99357 -40 2.82 14.39
92652 -40 2.82 14.39
97098 -40 2.82 14.39
96311 -40 2.82 14.39
100707 -40 2.82 14.39
95874 -40 2.82 14.39
99762 -40 2.82 14.39
98621 -40 2.82 14.39
102989 -40 2.82 14.39
99997 -40 2.82 14.39
100065 -40 2.82 14.39
96905 -40 2.82 14.39
99240 -40 2.82 14.39
95096 -40 2.82 14.39
94814 -40 2.82 14.39
97927 -40 2.82 14.39
96297 -40 2.82 14.39
97048 -40 2.82 14.39
98635 -40 2.82 14.39
97080 -40 2.82 14.39
94007 -40 2.82 14.39
89195 -40 2.82 14.39
95141 -40 2.82 14.39
169490 -40 -17.38 -19.01
171425 -40 -17.38 -19.01
171638 -40 -17.38 -19.01
175776 -40 -17.38 -19.01
173656 -40 -17.38 -19.01
173049 -40 -17.38 -19.01
171350 -40 -17.38 -19.01
171862 -40 -17.38 -19.01
173169 -40 -17.38 -19.01
172901 -40 -17.38 -19.01
171517 -40 -17.38 -19.01
169445 -40 -17.38 -19.01
170829 -40 -17.38 -19.01
168568 -40 -17.38 -19.01
175408 -40 -17.38 -19.01
172722 -40 -17.38 -19.01
172494 -40 -17.38 -19.01
169111 -40 -17.38 -19.01
171805 -40 -17.38 -19.01
172477 -40 -17.38 -19.01
168129 -40 -17.38 -19.01
169297 -40 -17.38 -19.01
173522 -40 -17.38 -19.01
171996 -40 -17.38 -19.01
174683 -40 -17.38 -19.01
174343 -40 -17.38 -19.01
170597 -40 -17.38 -19.01
171946 -40 -17.38 -19.01
172638 -40 -17.38 -19.01
170851 -40 -17.38 -19.01
177361 -40 -17.38 -19.01
171830 -40 -17.38 -19.01
170396 -40 -17.38 -19.01
175879 -40 -17.38 -19.01
172614 -40 -17.38 -19.01
170753 -40 -17.38 -19.01
171944 -40 -17.38 -19.01
167617 -40 -17.38 -19.01
168983 -40 -17.38 -19.01
172085 -40 16.19 20.27
172584 -40 16.19 20.27
171744 -40 16.19 20.27
171228 -40 16.19 20.27
174713 -40 16.19 20.27
173085 -40 16.19 20.27
171224 -40 16.19 20.27
174087 -40 16.19 20.27
172375 -40 16.19 20.27
171852 -40 16.19 20.27
173239 -40 16.19 20.27
173075 -40 16.19 20.27
170962 -40 16.19 20.27
172677 -40 16.19 20.27
174369 -40 16.19 20.27
174298 -40 16.19 20.27
172659 -40 16.19 20.27
167400 -40 16.19 20.27
170373 -40 16.19 20.27
173830 -40 16.19 20.27
172544 -40 16.19 20.27
171203 -40 16.19 20.27
180383 -40 16.19 20.27
175006 -40 16.19 20.27
174737 -40 16.19 20.27
175808 -40 16.19 20.27
175015 -40 16.19 20.27
169938 -40 16.19 20.27
174210 -40 16.19 20.27
174419 -40 16.19 20.27
174755 -40 16.19 20.27
174815 -40 16.19 20.27
169206 -40 16.19 20.27
174649 -40 16.19 20.27
175293 -40 16.19 20.27
171101 -40 16.19 20.27
174465 -40 16.19 20.27
172330 -40 16.19 20.27
170473 -40 16.19 20.27
228653 -40 23.78 24.94
233465 -40 23.78 24.94
232986 -40 23.78 24.94
230346 -40 23.78 24.94
228077 -40 23.78 24.94
229212 -40 23.78 24.94
232701 -40 23.78 24.94
231104 -40 23.78 24.94
224690 -40 23.78 24.94
231087 -40 23.78 24.94
228701 -40 23.78 24.94
228685 -40 23.78 24.94
234064 -40 23.78 24.94
226957 -40 23.78 24.94
226422 -40 23.78 24.94
229277 -40 23.78 24.94
230243 -40 23.78 24.94
236132 -40 23.78 24.94
231606 -40 23.78 24.94
226420 -40 23.78 24.94
236464 -40 23.78 24.94
229564 -40 23.78 24.94
232750 -40 23.78 24.94
228852 -40 23.78 24.94
231243 -40 23.78 24.94
230079 -40 23.78 24.94
231285 -40 23.78 24.94
233231 -40 23.78 24.94
230501 -40 23.78 24.94
229137 -40 23.78 24.94
231397 -40 23.78 24.94
229365 -40 23.78 24.94
228965 -40 23.78 24.94
227425 -40 23.78 24.94
227695 -40 23.78 24.94
231856 -40 23.78 24.94
229618 -40 23.78 24.94
227110 -40 23.78 24.94
232559 -40 23.78 24.94
