#rtt sig_str x y
149330 -40 -0.32 -22.25
149525 -40 -0.32 -22.25
148987 -40 -0.32 -22.25
147510 -40 -0.32 -22.25
149156 -40 -0.32 -22.25
148088 -40 -0.32 -22.25
150543 -40 -0.32 -22.25
149078 -40 -0.32 -22.25
148495 -40 -0.32 -22.25
149586 -40 -0.32 -22.25
147255 -40 -0.32 -22.25
150850 -40 -0.32 -22.25
143382 -40 -0.32 -22.25
148499 -40 -0.32 -22.25
150281 -40 -0.32 -22.25
145883 -40 -0.32 -22.25
149852 -40 -0.32 -22.25
147865 -40 -0.32 -22.25
150231 -40 -0.32 -22.25
148452 -40 -0.32 -22.25
145980 -40 -0.32 -22.25
146456 -40 -0.32 -22.25
150304 -40 -0.32 -22.25
150311 -40 -0.32 -22.25
142902 -40 -0.32 -22.25
148878 -40 -0.32 -22.25
147379 -40 -0.32 -22.25
150602 -40 -0.32 -22.25
152399 -40 -0.32 -22.25
149522 -40 -0.32 -22.25
146806 -40 -0.32 -22.25
150049 -40 -0.32 -22.25
148079 -40 -0.32 -22.25
149328 -40 -0.32 -22.25
147729 -40 -0.32 -22.25
149187 -40 -0.32 -22.25
149701 -40 -0.32 -22.25
147444 -40 -0.32 -22.25
142265 -40 -0.32 -22.25
201831 -40 -16.32 -25.54
201561 -40 -16.32 -25.54
204021 -40 -16.32 -25.54
195064 -40 -16.32 -25.54
202387 -40 -16.32 -25.54
199707 -40 -16.32 -25.54
204175 -40 -16.32 -25.54
203168 -40 -16.32 -25.54
203605 -40 -16.32 -25.54
202549 -40 -16.32 -25.54
206214 -40 -16.32 -25.54
198501 -40 -16.32 -25.54
201707 -40 -16.32 -25.54
199951 -40 -16.32 -25.54
200700 -40 -16.32 -25.54
198068 -40 -16.32 -25.54
197904 -40 -16.32 -25.54
204996 -40 -16.32 -25.54
196300 -40 -16.32 -25.54
201722 -40 -16.32 -25.54
201040 -40 -16.32 -25.54
202874 -40 -16.32 -25.54
204400 -40 -16.32 -25.54
202206 -40 -16.32 -25.54
200725 -40 -16.32 -25.54
197767 -40 -16.32 -25.54
201966 -40 -16.32 -25.54
200785 -40 -16.32 -25.54
204612 -40 -16.32 -25.54
200541 -40 -16.32 -25.54
201527 -40 -16.32 -25.54
201761 -40 -16.32 -25.54
202639 -40 -16.32 -25.54
201212 -40 -16.32 -25.54
202250 -40 -16.32 -25.54
205699 -40 -16.32 -25.54
204075 -40 -16.32 -25.54
202096 -40 -16.32 -25.54
203117 -40 -16.32 -25.54
107528 -40 -14.67 6.6
105779 -40 -14.67 6.6
109767 -40 -14.67 6.6
109625 -40 -14.67 6.6
111254 -40 -14.67 6.6
104070 -40 -14.67 6.6
106283 -40 -14.67 6.6
109847 -40 -14.67 6.6
106068 -40 -14.67 6.6
107305 -40 -14.67 6.6
108619 -40 -14.67 6.6
107508 -40 -14.67 6.6
110831 -40 -14.67 6.6
109953 -40 -14.67 6.6
106172 -40 -14.67 6.6
108747 -40 -14.67 6.6
110014 -40 -14.67 6.6
111198 -40 -14.67 6.6
105232 -40 -14.67 6.6
108652 -40 -14.67 6.6
105891 -40 -14.67 6.6
103999 -40 -14.67 6.6
103378 -40 -14.67 6.6
106695 -40 -14.67 6.6
110243 -40 -14.67 6.6
107175 -40 -14.67 6.6
107389 -40 -14.67 6.6
108718 -40 -14.67 6.6
105876 -40 -14.67 6.6
109384 -40 -14.67 6.6
106158 -40 -14.67 6.6
107257 -40 -14.67 6.6
104283 -40 -14.67 6.6
105971 -40 -14.67 6.6
104399 -40 -14.67 6.6
112685 -40 -14.67 6.6
101901 -40 -14.67 6.6
108415 -40 -14.67 6.6
104347 -40 -14.67 6.6
193001 -40 -6.22 -28.72
194673 -40 -6.22 -28.72
199268 -40 -6.22 -28.72
193140 -40 -6.22 -28.72
196820 -40 -6.22 -28.72
192767 -40 -6.22 -28.72
192489 -40 -6.22 -28.72
195656 -40 -6.22 -28.72
195280 -40 -6.22 -28.72
197430 -40 -6.22 -28.72
192289 -40 -6.22 -28.72
194097 -40 -6.22 -28.72
194241 -40 -6.22 -28.72
197814 -40 -6.22 -28.72
196690 -40 -6.22 -28.72
191822 -40 -6.22 -28.72
199069 -40 -6.22 -28.72
198508 -40 -6.22 -28.72
196849 -40 -6.22 -28.72
194972 -40 -6.22 -28.72
197358 -40 -6.22 -28.72
196549 -40 -6.22 -28.72
196529 -40 -6.22 -28.72
192720 -40 -6.22 -28.72
195733 -40 -6.22 -28.72
195223 -40 -6.22 -28.72
199835 -40 -6.22 -28.72
194937 -40 -6.22 -28.72
195517 -40 -6.22 -28.72
199627 -40 -6.22 -28.72
195826 -40 -6.22 -28.72
195349 -40 -6.22 -28.72
194736 -40 -6.22 -28.72
195581 -40 -6.22 -28.72
193090 -40 -6.22 -28.72
191530 -40 -6.22 -28.72
199390 -40 -6.22 -28.72
192357 -40 -6.22 -28.72
197408 -40 -6.22 -28.72
148563 -40 -7.36 -20.87
146622 -40 -7.36 -20.87
147906 -40 -7.36 -20.87
144599 -40 -7.36 -20.87
148483 -40 -7.36 -20.87
141991 -40 -7.36 -20.87
146392 -40 -7.36 -20.87
144298 -40 -7.36 -20.87
151749 -40 -7.36 -20.87
143802 -40 -7.36 -20.87
147747 -40 -7.36 -20.87
149571 -40 -7.36 -20.87
148993 -40 -7.36 -20.87
145418 -40 -7.36 -20.87
149637 -40 -7.36 -20.87
146521 -40 -7.36 -20.87
150945 -40 -7.36 -20.87
142029 -40 -7.36 -20.87
152578 -40 -7.36 -20.87
148838 -40 -7.36 -20.87
150602 -40 -7.36 -20.87
146951 -40 -7.36 -20.87
149938 -40 -7.36 -20.87
146583 -40 -7.36 -20.87
148293 -40 -7.36 -20.87
145608 -40 -7.36 -20.87
148492 -40 -7.36 -20.87
141434 -40 -7.36 -20.87
146373 -40 -7.36 -20.87
143191 -40 -7.36 -20.87
145552 -40 -7.36 -20.87
149501 -40 -7.36 -20.87
147416 -40 -7.36 -20.87
143591 -40 -7.36 -20.87
146338 -40 -7.36 -20.87
146822 -40 -7.36 -20.87
144764 -40 -7.36 -20.87
145314 -40 -7.36 -20.87
147036 -40 -7.36 -20.87
269246 -40 29.8 27.29
269709 -40 29.8 27.29
264878 -40 29.8 27.29
267006 -40 29.8 27.29
268055 -40 29.8 27.29
266546 -40 29.8 27.29
265341 -40 29.8 27.29
270391 -40 29.8 27.29
265654 -40 29.8 27.29
270976 -40 29.8 27.29
274196 -40 29.8 27.29
267202 -40 29.8 27.29
268683 -40 29.8 27.29
267808 -40 29.8 27.29
271315 -40 29.8 27.29
272368 -40 29.8 27.29
268058 -40 29.8 27.29
270729 -40 29.8 27.29
265832 -40 29.8 27.29
269458 -40 29.8 27.29
267802 -40 29.8 27.29
269188 -40 29.8 27.29
269237 -40 29.8 27.29
265984 -40 29.8 27.29
266621 -40 29.8 27.29
269901 -40 29.8 27.29
268103 -40 29.8 27.29
268672 -40 29.8 27.29
272326 -40 29.8 27.29
268582 -40 29.8 27.29
270557 -40 29.8 27.29
265766 -40 29.8 27.29
273414 -40 29.8 27.29
269795 -40 29.8 27.29
266295 -40 29.8 27.29
265983 -40 29.8 27.29
273274 -40 29.8 27.29
270140 -40 29.8 27.29
267346 -40 29.8 27.29
129210 -40 -5.51 18.28
123363 -40 -5.51 18.28
130919 -40 -5.51 18.28
127247 -40 -5.51 18.28
125896 -40 -5.51 18.28
124554 -40 -5.51 18.28
127227 -40 -5.51 18.28
129312 -40 -5.51 18.28
129036 -40 -5.51 18.28
125431 -40 -5.51 18.28
128136 -40 -5.51 18.28
127502 -40 -5.51 18.28
132086 -40 -5.51 18.28
128030 -40 -5.51 18.28
125809 -40 -5.51 18.28
125504 -40 -5.51 18.28
127821 -40 -5.51 18.28
127651 -40 -5.51 18.28
130398 -40 -5.51 18.28
127272 -40 -5.51 18.28
126949 -40 -5.51 18.28
129110 -40 -5.51 18.28
129807 -40 -5.51 18.28
128138 -40 -5.51 18.28
130808 -40 -5.51 18.28
127419 -40 -5.51 18.28
121807 -40 -5.51 18.28
126638 -40 -5.51 18.28
129944 -40 -5.51 18.28
124452 -40 -5.51 18.28
130525 -40 -5.51 18.28
129426 -40 -5.51 18.28
125030 -40 -5.51 18.28
131089 -40 -5.51 18.28
127044 -40 -5.51 18.28
125641 -40 -5.51 18.28
128282 -40 -5.51 18.28
133159 -40 -5.51 18.28
127935 -40 -5.51 18.28
155680 -40 16.32 -15.35
147135 -40 16.32 -15.35
149654 -40 16.32 -15.35
154320 -40 16.32 -15.35
147226 -40 16.32 -15.35
141462 -40 16.32 -15.35
149053 -40 16.32 -15.35
148108 -40 16.32 -15.35
149691 -40 16.32 -15.35
148116 -40 16.32 -15.35
152560 -40 16.32 -15.35
151949 -40 16.32 -15.35
150842 -40 16.32 -15.35
149531 -40 16.32 -15.35
149114 -40 16.32 -15.35
150195 -40 16.32 -15.35
149532 -40 16.32 -15.35
150266 -40 16.32 -15.35
147712 -40 16.32 -15.35
145136 -40 16.32 -15.35
146776 -40 16.32 -15.35
153497 -40 16.32 -15.35
148310 -40 16.32 -15.35
148308 -40 16.32 -15.35
148730 -40 16.32 -15.35
150429 -40 16.32 -15.35
143150 -40 16.32 -15.35
153492 -40 16.32 -15.35
151697 -40 16.32 -15.35
145773 -40 16.32 -15.35
148562 -40 16.32 -15.35
147693 -40 16.32 -15.35
148325 -40 16.32 -15.35
152990 -40 16.32 -15.35
148188 -40 16.32 -15.35
148634 -40 16.32 -15.35
153232 -40 16.32 -15.35
147801 -40 16.32 -15.35
148282 -40 16.32 -15.35
128758 -40 15.63 -10.49
127425 -40 15.63 -10.49
124463 -40 15.63 -10.49
130124 -40 15.63 -10.49
126861 -40 15.63 -10.49
122494 -40 15.63 -10.49
126924 -40 15.63 -10.49
122128 -40 15.63 -10.49
122580 -40 15.63 -10.49
124165 -40 15.63 -10.49
123498 -40 15.63 -10.49
130256 -40 15.63 -10.49
131968 -40 15.63 -10.49
126123 -40 15.63 -10.49
124573 -40 15.63 -10.49
125190 -40 15.63 -10.49
125230 -40 15.63 -10.49
127759 -40 15.63 -10.49
126877 -40 15.63 -10.49
122216 -40 15.63 -10.49
129133 -40 15.63 -10.49
126770 -40 15.63 -10.49
124043 -40 15.63 -10.49
124600 -40 15.63 -10.49
127086 -40 15.63 -10.49
127106 -40 15.63 -10.49
127203 -40 15.63 -10.49
129526 -40 15.63 -10.49
125244 -40 15.63 -10.49
125360 -40 15.63 -10.49
123763 -40 15.63 -10.49
127417 -40 15.63 -10.49
126479 -40 15.63 -10.49
129434 -40 15.63 -10.49
127861 -40 15.63 -10.49
122061 -40 15.63 -10.49
121577 -40 15.63 -10.49
123946 -40 15.63 -10.49
122266 -40 15.63 -10.49
77498 -40 -11.4 -3.64
82923 -40 -11.4 -3.64
78557 -40 -11.4 -3.64
79590 -40 -11.4 -3.64
80005 -40 -11.4 -3.64
75280 -40 -11.4 -3.64
81697 -40 -11.4 -3.64
80912 -40 -11.4 -3.64
77512 -40 -11.4 -3.64
79630 -40 -11.4 -3.64
77399 -40 -11.4 -3.64
77225 -40 -11.4 -3.64
77883 -40 -11.4 -3.64
78068 -40 -11.4 -3.64
79790 -40 -11.4 -3.64
79520 -40 -11.4 -3.64
85433 -40 -11.4 -3.64
76617 -40 -11.4 -3.64
76165 -40 -11.4 -3.64
80920 -40 -11.4 -3.64
79852 -40 -11.4 -3.64
81006 -40 -11.4 -3.64
80996 -40 -11.4 -3.64
82285 -40 -11.4 -3.64
79299 -40 -11.4 -3.64
75797 -40 -11.4 -3.64
78052 -40 -11.4 -3.64
82672 -40 -11.4 -3.64
81444 -40 -11.4 -3.64
81885 -40 -11.4 -3.64
80914 -40 -11.4 -3.64
82621 -40 -11.4 -3.64
77648 -40 -11.4 -3.64
82615 -40 -11.4 -3.64
75031 -40 -11.4 -3.64
77164 -40 -11.4 -3.64
78777 -40 -11.4 -3.64
83797 -40 -11.4 -3.64
84155 -40 -11.4 -3.64
