#rtt sig_str x y
96138 -40 10.55 -10.38
96930 -40 10.55 -10.38
98512 -40 10.55 -10.38
95567 -40 10.55 -10.38
95377 -40 10.55 -10.38
97410 -40 10.55 -10.38
101128 -40 10.55 -10.38
103815 -40 10.55 -10.38
100660 -40 10.55 -10.38
96530 -40 10.55 -10.38
103708 -40 10.55 -10.38
93164 -40 10.55 -10.38
100682 -40 10.55 -10.38
101267 -40 10.55 -10.38
97396 -40 10.55 -10.38
99053 -40 10.55 -10.38
95824 -40 10.55 -10.38
94072 -40 10.55 -10.38
98230 -40 10.55 -10.38
100085 -40 10.55 -10.38
94406 -40 10.55 -10.38
99310 -40 10.55 -10.38
93562 -40 10.55 -10.38
103221 -40 10.55 -10.38
100549 -40 10.55 -10.38
98781 -40 10.55 -10.38
101461 -40 10.55 -10.38
98165 -40 10.55 -10.38
99625 -40 10.55 -10.38
95681 -40 10.55 -10.38
98884 -40 10.55 -10.38
101045 -40 10.55 -10.38
97788 -40 10.55 -10.38
96970 -40 10.55 -10.38
100267 -40 10.55 -10.38
98586 -40 10.55 -10.38
102030 -40 10.55 -10.38
98616 -40 10.55 -10.38
98449 -40 10.55 -10.38
185150 -40 -27.32 0.55
183170 -40 -27.32 0.55
176148 -40 -27.32 0.55
178729 -40 -27.32 0.55
184258 -40 -27.32 0.55
183070 -40 -27.32 0.55
183356 -40 -27.32 0.55
183040 -40 -27.32 0.55
180469 -40 -27.32 0.55
181553 -40 -27.32 0.55
182485 -40 -27.32 0.55
182815 -40 -27.32 0.55
181272 -40 -27.32 0.55
183182 -40 -27.32 0.55
182909 -40 -27.32 0.55
179229 -40 -27.32 0.55
181713 -40 -27.32 0.55
184009 -40 -27.32 0.55
180271 -40 -27.32 0.55
181707 -40 -27.32 0.55
185515 -40 -27.32 0.55
184256 -40 -27.32 0.55
179530 -40 -27.32 0.55
182313 -40 -27.32 0.55
183282 -40 -27.32 0.55
181742 -40 -27.32 0.55
181519 -40 -27.32 0.55
183943 -40 -27.32 0.55
183404 -40 -27.32 0.55
184631 -40 -27.32 0.55
183239 -40 -27.32 0.55
179876 -40 -27.32 0.55
179387 -40 -27.32 0.55
182349 -40 -27.32 0.55
183783 -40 -27.32 0.55
182806 -40 -27.32 0.55
179112 -40 -27.32 0.55
184233 -40 -27.32 0.55
183801 -40 -27.32 0.55
190866 -40 -9.4 26.57
186099 -40 -9.4 26.57
190499 -40 -9.4 26.57
190665 -40 -9.4 26.57
185470 -40 -9.4 26.57
192882 -40 -9.4 26.57
193812 -40 -9.4 26.57
185588 -40 -9.4 26.57
184853 -40 -9.4 26.57
187160 -40 -9.4 26.57
183111 -40 -9.4 26.57
189181 -40 -9.4 26.57
189472 -40 -9.4 26.57
190174 -40 -9.4 26.57
190317 -40 -9.4 26.57
185798 -40 -9.4 26.57
189292 -40 -9.4 26.57
184586 -40 -9.4 26.57
188025 -40 -9.4 26.57
182934 -40 -9.4 26.57
187362 -40 -9.4 26.57
189711 -40 -9.4 26.57
187632 -40 -9.4 26.57
185071 -40 -9.4 26.57
186821 -40 -9.4 26.57
188846 -40 -9.4 26.57
187792 -40 -9.4 26.57
187622 -40 -9.4 26.57
187076 -40 -9.4 26.57
186595 -40 -9.4 26.57
189371 -40 -9.4 26.57
188693 -40 -9.4 26.57
187644 -40 -9.4 26.57
186497 -40 -9.4 26.57
183874 -40 -9.4 26.57
188472 -40 -9.4 26.57
187249 -40 -9.4 26.57
184347 -40 -9.4 26.57
184795 -40 -9.4 26.57
60693 -40 8.64 2.87
58307 -40 8.64 2.87
58331 -40 8.64 2.87
58792 -40 8.64 2.87
59745 -40 8.64 2.87
63390 -40 8.64 2.87
63474 -40 8.64 2.87
61043 -40 8.64 2.87
60727 -40 8.64 2.87
61398 -40 8.64 2.87
63465 -40 8.64 2.87
57808 -40 8.64 2.87
61844 -40 8.64 2.87
64240 -40 8.64 2.87
59721 -40 8.64 2.87
62641 -40 8.64 2.87
60374 -40 8.64 2.87
61298 -40 8.64 2.87
59438 -40 8.64 2.87
61450 -40 8.64 2.87
61809 -40 8.64 2.87
57616 -40 8.64 2.87
60764 -40 8.64 2.87
57939 -40 8.64 2.87
58830 -40 8.64 2.87
61975 -40 8.64 2.87
61826 -40 8.64 2.87
61384 -40 8.64 2.87
59265 -40 8.64 2.87
63029 -40 8.64 2.87
60088 -40 8.64 2.87
58587 -40 8.64 2.87
64232 -40 8.64 2.87
59828 -40 8.64 2.87
62208 -40 8.64 2.87
56191 -40 8.64 2.87
57865 -40 8.64 2.87
56915 -40 8.64 2.87
61028 -40 8.64 2.87
202650 -40 -12.95 27.54
204222 -40 -12.95 27.54
198468 -40 -12.95 27.54
200863 -40 -12.95 27.54
197061 -40 -12.95 27.54
201180 -40 -12.95 27.54
203641 -40 -12.95 27.54
203944 -40 -12.95 27.54
204811 -40 -12.95 27.54
206964 -40 -12.95 27.54
203971 -40 -12.95 27.54
205675 -40 -12.95 27.54
200830 -40 -12.95 27.54
199627 -40 -12.95 27.54
203751 -40 -12.95 27.54
204559 -40 -12.95 27.54
203659 -40 -12.95 27.54
208014 -40 -12.95 27.54
203310 -40 -12.95 27.54
201533 -40 -12.95 27.54
200835 -40 -12.95 27.54
203725 -40 -12.95 27.54
202919 -40 -12.95 27.54
204958 -40 -12.95 27.54
206698 -40 -12.95 27.54
203708 -40 -12.95 27.54
201658 -40 -12.95 27.54
206846 -40 -12.95 27.54
200578 -40 -12.95 27.54
203192 -40 -12.95 27.54
200019 -40 -12.95 27.54
203549 -40 -12.95 27.54
202225 -40 -12.95 27.54
207438 -40 -12.95 27.54
201955 -40 -12.95 27.54
203989 -40 -12.95 27.54
201163 -40 -12.95 27.54
202659 -40 -12.95 27.54
196169 -40 -12.95 27.54
177589 -40 26.96 0.78
181117 -40 26.96 0.78
181561 -40 26.96 0.78
178954 -40 26.96 0.78
179614 -40 26.96 0.78
182079 -40 26.96 0.78
177548 -40 26.96 0.78
180976 -40 26.96 0.78
180997 -40 26.96 0.78
179924 -40 26.96 0.78
182597 -40 26.96 0.78
183176 -40 26.96 0.78
178198 -40 26.96 0.78
179188 -40 26.96 0.78
184126 -40 26.96 0.78
180594 -40 26.96 0.78
185802 -40 26.96 0.78
179436 -40 26.96 0.78
179379 -40 26.96 0.78
186235 -40 26.96 0.78
178429 -40 26.96 0.78
182404 -40 26.96 0.78
176813 -40 26.96 0.78
183206 -40 26.96 0.78
179913 -40 26.96 0.78
183454 -40 26.96 0.78
180991 -40 26.96 0.78
176187 -40 26.96 0.78
177596 -40 26.96 0.78
183126 -40 26.96 0.78
182949 -40 26.96 0.78
178993 -40 26.96 0.78
175850 -40 26.96 0.78
179491 -40 26.96 0.78
179712 -40 26.96 0.78
179232 -40 26.96 0.78
181309 -40 26.96 0.78
176191 -40 26.96 0.78
178355 -40 26.96 0.78
189551 -40 -20.54 19.57
190840 -40 -20.54 19.57
190438 -40 -20.54 19.57
184388 -40 -20.54 19.57
186952 -40 -20.54 19.57
191096 -40 -20.54 19.57
189930 -40 -20.54 19.57
188264 -40 -20.54 19.57
191335 -40 -20.54 19.57
192114 -40 -20.54 19.57
184706 -40 -20.54 19.57
187375 -40 -20.54 19.57
190808 -40 -20.54 19.57
191576 -40 -20.54 19.57
185951 -40 -20.54 19.57
188536 -40 -20.54 19.57
187362 -40 -20.54 19.57
185603 -40 -20.54 19.57
190160 -40 -20.54 19.57
188498 -40 -20.54 19.57
189922 -40 -20.54 19.57
188141 -40 -20.54 19.57
189659 -40 -20.54 19.57
189975 -40 -20.54 19.57
188159 -40 -20.54 19.57
188372 -40 -20.54 19.57
189846 -40 -20.54 19.57
188629 -40 -20.54 19.57
185924 -40 -20.54 19.57
187564 -40 -20.54 19.57
189172 -40 -20.54 19.57
190707 -40 -20.54 19.57
188978 -40 -20.54 19.57
190181 -40 -20.54 19.57
190921 -40 -20.54 19.57
186194 -40 -20.54 19.57
190934 -40 -20.54 19.57
186870 -40 -20.54 19.57
190102 -40 -20.54 19.57
48518 -40 -6.72 2.51
46874 -40 -6.72 2.51
43865 -40 -6.72 2.51
46342 -40 -6.72 2.51
48682 -40 -6.72 2.51
50245 -40 -6.72 2.51
50265 -40 -6.72 2.51
49024 -40 -6.72 2.51
44519 -40 -6.72 2.51
46703 -40 -6.72 2.51
41476 -40 -6.72 2.51
41832 -40 -6.72 2.51
46724 -40 -6.72 2.51
48059 -40 -6.72 2.51
43437 -40 -6.72 2.51
46585 -40 -6.72 2.51
49205 -40 -6.72 2.51
48671 -40 -6.72 2.51
45561 -40 -6.72 2.51
44204 -40 -6.72 2.51
48183 -40 -6.72 2.51
48341 -40 -6.72 2.51
50614 -40 -6.72 2.51
47965 -40 -6.72 2.51
47581 -40 -6.72 2.51
45910 -40 -6.72 2.51
42076 -40 -6.72 2.51
46870 -40 -6.72 2.51
55067 -40 -6.72 2.51
46961 -40 -6.72 2.51
45516 -40 -6.72 2.51
47339 -40 -6.72 2.51
48529 -40 -6.72 2.51
47364 -40 -6.72 2.51
44227 -40 -6.72 2.51
47730 -40 -6.72 2.51
48686 -40 -6.72 2.51
42017 -40 -6.72 2.51
42347 -40 -6.72 2.51
121357 -40 5.4 17.43
122467 -40 5.4 17.43
118972 -40 5.4 17.43
122464 -40 5.4 17.43
122742 -40 5.4 17.43
121030 -40 5.4 17.43
121689 -40 5.4 17.43
121468 -40 5.4 17.43
121586 -40 5.4 17.43
119688 -40 5.4 17.43
122504 -40 5.4 17.43
121972 -40 5.4 17.43
124656 -40 5.4 17.43
116636 -40 5.4 17.43
117559 -40 5.4 17.43
122616 -40 5.4 17.43
120184 -40 5.4 17.43
122396 -40 5.4 17.43
119505 -40 5.4 17.43
121096 -40 5.4 17.43
122325 -40 5.4 17.43
121980 -40 5.4 17.43
121411 -40 5.4 17.43
125267 -40 5.4 17.43
124866 -40 5.4 17.43
121585 -40 5.4 17.43
122170 -40 5.4 17.43
121331 -40 5.4 17.43
118399 -40 5.4 17.43
119436 -40 5.4 17.43
124117 -40 5.4 17.43
121239 -40 5.4 17.43
124201 -40 5.4 17.43
126908 -40 5.4 17.43
123630 -40 5.4 17.43
119749 -40 5.4 17.43
122161 -40 5.4 17.43
118201 -40 5.4 17.43
119455 -40 5.4 17.43
135019 -40 -0.73 20.28
134495 -40 -0.73 20.28
136243 -40 -0.73 20.28
136508 -40 -0.73 20.28
129757 -40 -0.73 20.28
139431 -40 -0.73 20.28
137082 -40 -0.73 20.28
131484 -40 -0.73 20.28
131894 -40 -0.73 20.28
136936 -40 -0.73 20.28
131622 -40 -0.73 20.28
132005 -40 -0.73 20.28
135282 -40 -0.73 20.28
132662 -40 -0.73 20.28
136725 -40 -0.73 20.28
133399 -40 -0.73 20.28
134911 -40 -0.73 20.28
135792 -40 -0.73 20.28
138706 -40 -0.73 20.28
138971 -40 -0.73 20.28
132824 -40 -0.73 20.28
135146 -40 -0.73 20.28
134812 -40 -0.73 20.28
138294 -40 -0.73 20.28
133794 -40 -0.73 20.28
135020 -40 -0.73 20.28
136910 -40 -0.73 20.28
134494 -40 -0.73 20.28
134216 -40 -0.73 20.28
131927 -40 -0.73 20.28
137633 -40 -0.73 20.28
136435 -40 -0.73 20.28
135679 -40 -0.73 20.28
134497 -40 -0.73 20.28
132566 -40 -0.73 20.28
136037 -40 -0.73 20.28
135159 -40 -0.73 20.28
139056 -40 -0.73 20.28
135203 -40 -0.73 20.28
