#rtt sig_str x y
182001 -40 19.39 19.41
188304 -40 19.39 19.41
183198 -40 19.39 19.41
183558 -40 19.39 19.41
190522 -40 19.39 19.41
186059 -40 19.39 19.41
179741 -40 19.39 19.41
182044 -40 19.39 19.41
186163 -40 19.39 19.41
188994 -40 19.39 19.41
178934 -40 19.39 19.41
181716 -40 19.39 19.41
181563 -40 19.39 19.41
176606 -40 19.39 19.41
186965 -40 19.39 19.41
181582 -40 19.39 19.41
186672 -40 19.39 19.41
179657 -40 19.39 19.41
185338 -40 19.39 19.41
182910 -40 19.39 19.41
185868 -40 19.39 19.41
182649 -40 19.39 19.41
178368 -40 19.39 19.41
184059 -40 19.39 19.41
181680 -40 19.39 19.41
185816 -40 19.39 19.41
178788 -40 19.39 19.41
187534 -40 19.39 19.41
185048 -40 19.39 19.41
184513 -40 19.39 19.41
182255 -40 19.39 19.41
181985 -40 19.39 19.41
181465 -40 19.39 19.41
185717 -40 19.39 19.41
183904 -40 19.39 19.41
185610 -40 19.39 19.41
181107 -40 19.39 19.41
184481 -40 19.39 19.41
183668 -40 19.39 19.41
236364 -40 -28.44 -21.23
236224 -40 -28.44 -21.23
240316 -40 -28.44 -21.23
234023 -40 -28.44 -21.23
238241 -40 -28.44 -21.23
237641 -40 -28.44 -21.23
237918 -40 -28.44 -21.23
238122 -40 -28.44 -21.23
232720 -40 -28.44 -21.23
236167 -40 -28.44 -21.23
238529 -40 -28.44 -21.23
235951 -40 -28.44 -21.23
233385 -40 -28.44 -21.23
241816 -40 -28.44 -21.23
239527 -40 -28.44 -21.23
238292 -40 -28.44 -21.23
235198 -40 -28.44 -21.23
239594 -40 -28.44 -21.23
238159 -40 -28.44 -21.23
238594 -40 -28.44 -21.23
239535 -40 -28.44 -21.23
234675 -40 -28.44 -21.23
234761 -40 -28.44 -21.23
236976 -40 -28.44 -21.23
236734 -40 -28.44 -21.23
233724 -40 -28.44 -21.23
233606 -40 -28.44 -21.23
232760 -40 -28.44 -21.23
234945 -40 -28.44 -21.23
234195 -40 -28.44 -21.23
235869 -40 -28.44 -21.23
237714 -40 -28.44 -21.23
239816 -40 -28.44 -21.23
234628 -40 -28.44 -21.23
236005 -40 -28.44 -21.23
239148 -40 -28.44 -21.23
235493 -40 -28.44 -21.23
239086 -40 -28.44 -21.23
236077 -40 -28.44 -21.23
117286 -40 -17.36 -4.76
121482 -40 -17.36 -4.76
117898 -40 -17.36 -4.76
120569 -40 -17.36 -4.76
120844 -40 -17.36 -4.76
119990 -40 -17.36 -4.76
114041 -40 -17.36 -4.76
116478 -40 -17.36 -4.76
118229 -40 -17.36 -4.76
120338 -40 -17.36 -4.76
120199 -40 -17.36 -4.76
122883 -40 -17.36 -4.76
123822 -40 -17.36 -4.76
119777 -40 -17.36 -4.76
121312 -40 -17.36 -4.76
118568 -40 -17.36 -4.76
117994 -40 -17.36 -4.76
119871 -40 -17.36 -4.76
118220 -40 -17.36 -4.76
115676 -40 -17.36 -4.76
120699 -40 -17.36 -4.76
120517 -40 -17.36 -4.76
120660 -40 -17.36 -4.76
118339 -40 -17.36 -4.76
118198 -40 -17.36 -4.76
121282 -40 -17.36 -4.76
119000 -40 -17.36 -4.76
116542 -40 -17.36 -4.76
118869 -40 -17.36 -4.76
118777 -40 -17.36 -4.76
119249 -40 -17.36 -4.76
116265 -40 -17.36 -4.76
117177 -40 -17.36 -4.76
124336 -40 -17.36 -4.76
118996 -40 -17.36 -4.76
120872 -40 -17.36 -4.76
116739 -40 -17.36 -4.76
118913 -40 -17.36 -4.76
117759 -40 -17.36 -4.76
140711 -40 7.11 19.67
139174 -40 7.11 19.67
138875 -40 7.11 19.67
136712 -40 7.11 19.67
140394 -40 7.11 19.67
138406 -40 7.11 19.67
140943 -40 7.11 19.67
140557 -40 7.11 19.67
137152 -40 7.11 19.67
142251 -40 7.11 19.67
141359 -40 7.11 19.67
141655 -40 7.11 19.67
141718 -40 7.11 19.67
141175 -40 7.11 19.67
134534 -40 7.11 19.67
134439 -40 7.11 19.67
140645 -40 7.11 19.67
135197 -40 7.11 19.67
140485 -40 7.11 19.67
138419 -40 7.11 19.67
141883 -40 7.11 19.67
137649 -40 7.11 19.67
139788 -40 7.11 19.67
141744 -40 7.11 19.67
138623 -40 7.11 19.67
142800 -40 7.11 19.67
144260 -40 7.11 19.67
143303 -40 7.11 19.67
136764 -40 7.11 19.67
141865 -40 7.11 19.67
142090 -40 7.11 19.67
139472 -40 7.11 19.67
141422 -40 7.11 19.67
136923 -40 7.11 19.67
141184 -40 7.11 19.67
139022 -40 7.11 19.67
145692 -40 7.11 19.67
143684 -40 7.11 19.67
141811 -40 7.11 19.67
171201 -40 -24.11 8.11
165153 -40 -24.11 8.11
171426 -40 -24.11 8.11
169394 -40 -24.11 8.11
167535 -40 -24.11 8.11
166356 -40 -24.11 8.11
169823 -40 -24.11 8.11
166278 -40 -24.11 8.11
167793 -40 -24.11 8.11
170734 -40 -24.11 8.11
167076 -40 -24.11 8.11
169531 -40 -24.11 8.11
173308 -40 -24.11 8.11
167186 -40 -24.11 8.11
172092 -40 -24.11 8.11
173287 -40 -24.11 8.11
166176 -40 -24.11 8.11
164362 -40 -24.11 8.11
172028 -40 -24.11 8.11
171650 -40 -24.11 8.11
169820 -40 -24.11 8.11
166754 -40 -24.11 8.11
168549 -40 -24.11 8.11
169140 -40 -24.11 8.11
171456 -40 -24.11 8.11
164084 -40 -24.11 8.11
167786 -40 -24.11 8.11
169133 -40 -24.11 8.11
167035 -40 -24.11 8.11
167804 -40 -24.11 8.11
168702 -40 -24.11 8.11
166274 -40 -24.11 8.11
168211 -40 -24.11 8.11
173663 -40 -24.11 8.11
167952 -40 -24.11 8.11
173358 -40 -24.11 8.11
164781 -40 -24.11 8.11
171663 -40 -24.11 8.11
165996 -40 -24.11 8.11
47327 -40 7.21 -1.6
46510 -40 7.21 -1.6
45767 -40 7.21 -1.6
48006 -40 7.21 -1.6
50100 -40 7.21 -1.6
45203 -40 7.21 -1.6
48772 -40 7.21 -1.6
50960 -40 7.21 -1.6
47892 -40 7.21 -1.6
47056 -40 7.21 -1.6
51559 -40 7.21 -1.6
48390 -40 7.21 -1.6
51049 -40 7.21 -1.6
51966 -40 7.21 -1.6
45215 -40 7.21 -1.6
50544 -40 7.21 -1.6
49282 -40 7.21 -1.6
46389 -40 7.21 -1.6
50644 -40 7.21 -1.6
46672 -40 7.21 -1.6
51627 -40 7.21 -1.6
49302 -40 7.21 -1.6
45225 -40 7.21 -1.6
51002 -40 7.21 -1.6
45814 -40 7.21 -1.6
50406 -40 7.21 -1.6
53120 -40 7.21 -1.6
49485 -40 7.21 -1.6
45973 -40 7.21 -1.6
54269 -40 7.21 -1.6
48775 -40 7.21 -1.6
49745 -40 7.21 -1.6
48899 -40 7.21 -1.6
50668 -40 7.21 -1.6
51564 -40 7.21 -1.6
51736 -40 7.21 -1.6
57447 -40 7.21 -1.6
49963 -40 7.21 -1.6
51485 -40 7.21 -1.6
227110 -40 -26.77 20.16
223900 -40 -26.77 20.16
229107 -40 -26.77 20.16
224559 -40 -26.77 20.16
221113 -40 -26.77 20.16
223713 -40 -26.77 20.16
222901 -40 -26.77 20.16
223858 -40 -26.77 20.16
224262 -40 -26.77 20.16
224441 -40 -26.77 20.16
226419 -40 -26.77 20.16
226003 -40 -26.77 20.16
221392 -40 -26.77 20.16
217396 -40 -26.77 20.16
218834 -40 -26.77 20.16
222415 -40 -26.77 20.16
224608 -40 -26.77 20.16
221051 -40 -26.77 20.16
223961 -40 -26.77 20.16
224781 -40 -26.77 20.16
224798 -40 -26.77 20.16
223976 -40 -26.77 20.16
224085 -40 -26.77 20.16
226258 -40 -26.77 20.16
223412 -40 -26.77 20.16
221393 -40 -26.77 20.16
223745 -40 -26.77 20.16
221065 -40 -26.77 20.16
220674 -40 -26.77 20.16
224474 -40 -26.77 20.16
226170 -40 -26.77 20.16
225452 -40 -26.77 20.16
223455 -40 -26.77 20.16
220163 -40 -26.77 20.16
224748 -40 -26.77 20.16
223006 -40 -26.77 20.16
224593 -40 -26.77 20.16
223092 -40 -26.77 20.16
221952 -40 -26.77 20.16
263647 -40 27.64 -28.06
264286 -40 27.64 -28.06
262955 -40 27.64 -28.06
260816 -40 27.64 -28.06
263121 -40 27.64 -28.06
263191 -40 27.64 -28.06
265664 -40 27.64 -28.06
261323 -40 27.64 -28.06
264611 -40 27.64 -28.06
261750 -40 27.64 -28.06
263440 -40 27.64 -28.06
262435 -40 27.64 -28.06
263888 -40 27.64 -28.06
259705 -40 27.64 -28.06
262615 -40 27.64 -28.06
262429 -40 27.64 -28.06
262182 -40 27.64 -28.06
261220 -40 27.64 -28.06
264671 -40 27.64 -28.06
260442 -40 27.64 -28.06
264604 -40 27.64 -28.06
259497 -40 27.64 -28.06
269025 -40 27.64 -28.06
261092 -40 27.64 -28.06
264666 -40 27.64 -28.06
263106 -40 27.64 -28.06
261295 -40 27.64 -28.06
262815 -40 27.64 -28.06
259902 -40 27.64 -28.06
259648 -40 27.64 -28.06
263958 -40 27.64 -28.06
265482 -40 27.64 -28.06
261044 -40 27.64 -28.06
263046 -40 27.64 -28.06
265947 -40 27.64 -28.06
267121 -40 27.64 -28.06
261296 -40 27.64 -28.06
263478 -40 27.64 -28.06
262065 -40 27.64 -28.06
257618 -40 28.83 -25.71
259821 -40 28.83 -25.71
255875 -40 28.83 -25.71
255624 -40 28.83 -25.71
255242 -40 28.83 -25.71
259444 -40 28.83 -25.71
257516 -40 28.83 -25.71
254643 -40 28.83 -25.71
260049 -40 28.83 -25.71
260185 -40 28.83 -25.71
257358 -40 28.83 -25.71
261138 -40 28.83 -25.71
254444 -40 28.83 -25.71
261435 -40 28.83 -25.71
255523 -40 28.83 -25.71
252147 -40 28.83 -25.71
253271 -40 28.83 -25.71
262155 -40 28.83 -25.71
261970 -40 28.83 -25.71
258081 -40 28.83 -25.71
254996 -40 28.83 -25.71
255548 -40 28.83 -25.71
256325 -40 28.83 -25.71
256805 -40 28.83 -25.71
258260 -40 28.83 -25.71
261110 -40 28.83 -25.71
254823 -40 28.83 -25.71
256754 -40 28.83 -25.71
259195 -40 28.83 -25.71
262473 -40 28.83 -25.71
260226 -40 28.83 -25.71
256821 -40 28.83 -25.71
254864 -40 28.83 -25.71
262479 -40 28.83 -25.71
255973 -40 28.83 -25.71
255981 -40 28.83 -25.71
258846 -40 28.83 -25.71
257474 -40 28.83 -25.71
260978 -40 28.83 -25.71
111282 -40 1.27 -16.96
110433 -40 1.27 -16.96
112186 -40 1.27 -16.96
120088 -40 1.27 -16.96
115818 -40 1.27 -16.96
115527 -40 1.27 -16.96
110420 -40 1.27 -16.96
114378 -40 1.27 -16.96
111158 -40 1.27 -16.96
112939 -40 1.27 -16.96
115661 -40 1.27 -16.96
110612 -40 1.27 -16.96
114373 -40 1.27 -16.96
115791 -40 1.27 -16.96
113390 -40 1.27 -16.96
110861 -40 1.27 -16.96
113688 -40 1.27 -16.96
112330 -40 1.27 -16.96
109536 -40 1.27 -16.96
117768 -40 1.27 -16.96
111527 -40 1.27 -16.96
112854 -40 1.27 -16.96
113890 -40 1.27 -16.96
110794 -40 1.27 -16.96
115878 -40 1.27 -16.96
111625 -40 1.27 -16.96
113059 -40 1.27 -16.96
118275 -40 1.27 -16.96
114406 -40 1.27 -16.96
116692 -40 1.27 -16.96
111966 -40 1.27 -16.96
114271 -40 1.27 -16.96
113206 -40 1.27 -16.96
110118 -40 1.27 -16.96
115475 -40 1.27 -16.96
114678 -40 1.27 -16.96
114343 -40 1.27 -16.96
114921 -40 1.27 -16.96
111980 -40 1.27 -16.96
