#rtt sig_str x y
155660 -40 20.8 10.73
150065 -40 20.8 10.73
155490 -40 20.8 10.73
157463 -40 20.8 10.73
154549 -40 20.8 10.73
155180 -40 20.8 10.73
155061 -40 20.8 10.73
158768 -40 20.8 10.73
151688 -40 20.8 10.73
151407 -40 20.8 10.73
162502 -40 20.8 10.73
158172 -40 20.8 10.73
154305 -40 20.8 10.73
155833 -40 20.8 10.73
156548 -40 20.8 10.73
153867 -40 20.8 10.73
155593 -40 20.8 10.73
152519 -40 20.8 10.73
159605 -40 20.8 10.73
160306 -40 20.8 10.73
155121 -40 20.8 10.73
151909 -40 20.8 10.73
155253 -40 20.8 10.73
153324 -40 20.8 10.73
155688 -40 20.8 10.73
155654 -40 20.8 10.73
156598 -40 20.8 10.73
155006 -40 20.8 10.73
160752 -40 20.8 10.73
156696 -40 20.8 10.73
152797 -40 20.8 10.73
156179 -40 20.8 10.73
156709 -40 20.8 10.73
159342 -40 20.8 10.73
155611 -40 20.8 10.73
158236 -40 20.8 10.73
155383 -40 20.8 10.73
153999 -40 20.8 10.73
156035 -40 20.8 10.73
138114 -40 3.67 20.78
142708 -40 3.67 20.78
144249 -40 3.67 20.78
145320 -40 3.67 20.78
139879 -40 3.67 20.78
142162 -40 3.67 20.78
143777 -40 3.67 20.78
147155 -40 3.67 20.78
138209 -40 3.67 20.78
140012 -40 3.67 20.78
144175 -40 3.67 20.78
137078 -40 3.67 20.78
141082 -40 3.67 20.78
139165 -40 3.67 20.78
137992 -40 3.67 20.78
144828 -40 3.67 20.78
138950 -40 3.67 20.78
136762 -40 3.67 20.78
139504 -40 3.67 20.78
137835 -40 3.67 20.78
143684 -40 3.67 20.78
141495 -40 3.67 20.78
141109 -40 3.67 20.78
137952 -40 3.67 20.78
139078 -40 3.67 20.78
136041 -40 3.67 20.78
137659 -40 3.67 20.78
142995 -40 3.67 20.78
144580 -40 3.67 20.78
145382 -40 3.67 20.78
139098 -40 3.67 20.78
137716 -40 3.67 20.78
141072 -40 3.67 20.78
142888 -40 3.67 20.78
144299 -40 3.67 20.78
144691 -40 3.67 20.78
144162 -40 3.67 20.78
140144 -40 3.67 20.78
135722 -40 3.67 20.78
192781 -40 -2.71 -27.97
188168 -40 -2.71 -27.97
189558 -40 -2.71 -27.97
190260 -40 -2.71 -27.97
187286 -40 -2.71 -27.97
185677 -40 -2.71 -27.97
186058 -40 -2.71 -27.97
188701 -40 -2.71 -27.97
188200 -40 -2.71 -27.97
184886 -40 -2.71 -27.97
188817 -40 -2.71 -27.97
186782 -40 -2.71 -27.97
180106 -40 -2.71 -27.97
190343 -40 -2.71 -27.97
184436 -40 -2.71 -27.97
187593 -40 -2.71 -27.97
183984 -40 -2.71 -27.97
187352 -40 -2.71 -27.97
192485 -40 -2.71 -27.97
186427 -40 -2.71 -27.97
188673 -40 -2.71 -27.97
187501 -40 -2.71 -27.97
187212 -40 -2.71 -27.97
188743 -40 -2.71 -27.97
187229 -40 -2.71 -27.97
189721 -40 -2.71 -27.97
188116 -40 -2.71 -27.97
187214 -40 -2.71 -27.97
187700 -40 -2.71 -27.97
189162 -40 -2.71 -27.97
189091 -40 -2.71 -27.97
190156 -40 -2.71 -27.97
187441 -40 -2.71 -27.97
187426 -40 -2.71 -27.97
188922 -40 -2.71 -27.97
187195 -40 -2.71 -27.97
186782 -40 -2.71 -27.97
192541 -40 -2.71 -27.97
188657 -40 -2.71 -27.97
127584 -40 -8.87 16.46
120650 -40 -8.87 16.46
123788 -40 -8.87 16.46
126084 -40 -8.87 16.46
128977 -40 -8.87 16.46
130696 -40 -8.87 16.46
121847 -40 -8.87 16.46
120499 -40 -8.87 16.46
121429 -40 -8.87 16.46
125096 -40 -8.87 16.46
121360 -40 -8.87 16.46
123771 -40 -8.87 16.46
123706 -40 -8.87 16.46
125785 -40 -8.87 16.46
122209 -40 -8.87 16.46
122817 -40 -8.87 16.46
121364 -40 -8.87 16.46
125878 -40 -8.87 16.46
123427 -40 -8.87 16.46
123107 -40 -8.87 16.46
128033 -40 -8.87 16.46
128075 -40 -8.87 16.46
123397 -40 -8.87 16.46
127873 -40 -8.87 16.46
124865 -40 -8.87 16.46
129679 -40 -8.87 16.46
121285 -40 -8.87 16.46
122669 -40 -8.87 16.46
125567 -40 -8.87 16.46
125778 -40 -8.87 16.46
125513 -40 -8.87 16.46
123292 -40 -8.87 16.46
121403 -40 -8.87 16.46
123292 -40 -8.87 16.46
121832 -40 -8.87 16.46
125961 -40 -8.87 16.46
126504 -40 -8.87 16.46
119235 -40 -8.87 16.46
124557 -40 -8.87 16.46
93845 -40 5.15 13.46
94336 -40 5.15 13.46
95643 -40 5.15 13.46
97160 -40 5.15 13.46
97654 -40 5.15 13.46
94026 -40 5.15 13.46
96434 -40 5.15 13.46
95391 -40 5.15 13.46
96053 -40 5.15 13.46
97082 -40 5.15 13.46
94897 -40 5.15 13.46
97954 -40 5.15 13.46
94660 -40 5.15 13.46
95734 -40 5.15 13.46
89479 -40 5.15 13.46
94990 -40 5.15 13.46
100215 -40 5.15 13.46
98178 -40 5.15 13.46
93059 -40 5.15 13.46
95442 -40 5.15 13.46
93429 -40 5.15 13.46
97283 -40 5.15 13.46
94959 -40 5.15 13.46
98560 -40 5.15 13.46
97682 -40 5.15 13.46
101012 -40 5.15 13.46
96732 -40 5.15 13.46
93114 -40 5.15 13.46
91889 -40 5.15 13.46
92507 -40 5.15 13.46
98360 -40 5.15 13.46
93401 -40 5.15 13.46
94643 -40 5.15 13.46
96839 -40 5.15 13.46
91529 -40 5.15 13.46
95642 -40 5.15 13.46
99578 -40 5.15 13.46
98003 -40 5.15 13.46
99373 -40 5.15 13.46
20476 -40 2.15 -2.83
23366 -40 2.15 -2.83
19634 -40 2.15 -2.83
22703 -40 2.15 -2.83
20335 -40 2.15 -2.83
21817 -40 2.15 -2.83
21567 -40 2.15 -2.83
24654 -40 2.15 -2.83
21793 -40 2.15 -2.83
23522 -40 2.15 -2.83
25330 -40 2.15 -2.83
19788 -40 2.15 -2.83
22465 -40 2.15 -2.83
18362 -40 2.15 -2.83
23653 -40 2.15 -2.83
22541 -40 2.15 -2.83
22220 -40 2.15 -2.83
27118 -40 2.15 -2.83
20117 -40 2.15 -2.83
24986 -40 2.15 -2.83
25765 -40 2.15 -2.83
27825 -40 2.15 -2.83
24251 -40 2.15 -2.83
23004 -40 2.15 -2.83
26299 -40 2.15 -2.83
24919 -40 2.15 -2.83
26930 -40 2.15 -2.83
22907 -40 2.15 -2.83
23666 -40 2.15 -2.83
21472 -40 2.15 -2.83
23743 -40 2.15 -2.83
15103 -40 2.15 -2.83
23004 -40 2.15 -2.83
26342 -40 2.15 -2.83
23644 -40 2.15 -2.83
26461 -40 2.15 -2.83
20496 -40 2.15 -2.83
26132 -40 2.15 -2.83
25570 -40 2.15 -2.83
134148 -40 19.65 -0.68
133734 -40 19.65 -0.68
128590 -40 19.65 -0.68
128894 -40 19.65 -0.68
129574 -40 19.65 -0.68
128435 -40 19.65 -0.68
130319 -40 19.65 -0.68
128337 -40 19.65 -0.68
129490 -40 19.65 -0.68
128938 -40 19.65 -0.68
134777 -40 19.65 -0.68
129094 -40 19.65 -0.68
130008 -40 19.65 -0.68
130662 -40 19.65 -0.68
128363 -40 19.65 -0.68
130100 -40 19.65 -0.68
130204 -40 19.65 -0.68
130607 -40 19.65 -0.68
136191 -40 19.65 -0.68
131562 -40 19.65 -0.68
136857 -40 19.65 -0.68
130359 -40 19.65 -0.68
134066 -40 19.65 -0.68
134233 -40 19.65 -0.68
131940 -40 19.65 -0.68
134027 -40 19.65 -0.68
132030 -40 19.65 -0.68
132631 -40 19.65 -0.68
130757 -40 19.65 -0.68
129167 -40 19.65 -0.68
130559 -40 19.65 -0.68
130166 -40 19.65 -0.68
132212 -40 19.65 -0.68
137664 -40 19.65 -0.68
129831 -40 19.65 -0.68
131858 -40 19.65 -0.68
133463 -40 19.65 -0.68
129504 -40 19.65 -0.68
131659 -40 19.65 -0.68
176987 -40 -14.13 22.36
177828 -40 -14.13 22.36
177928 -40 -14.13 22.36
172488 -40 -14.13 22.36
173140 -40 -14.13 22.36
182381 -40 -14.13 22.36
178473 -40 -14.13 22.36
175564 -40 -14.13 22.36
176405 -40 -14.13 22.36
179789 -40 -14.13 22.36
178586 -40 -14.13 22.36
176083 -40 -14.13 22.36
178104 -40 -14.13 22.36
177484 -40 -14.13 22.36
173635 -40 -14.13 22.36
175709 -40 -14.13 22.36
177924 -40 -14.13 22.36
177582 -40 -14.13 22.36
179852 -40 -14.13 22.36
176016 -40 -14.13 22.36
179626 -40 -14.13 22.36
175782 -40 -14.13 22.36
175446 -40 -14.13 22.36
176757 -40 -14.13 22.36
175442 -40 -14.13 22.36
177752 -40 -14.13 22.36
181507 -40 -14.13 22.36
174145 -40 -14.13 22.36
180841 -40 -14.13 22.36
176651 -40 -14.13 22.36
180596 -40 -14.13 22.36
174646 -40 -14.13 22.36
176319 -40 -14.13 22.36
175480 -40 -14.13 22.36
170196 -40 -14.13 22.36
180853 -40 -14.13 22.36
180076 -40 -14.13 22.36
174732 -40 -14.13 22.36
184647 -40 -14.13 22.36
93064 -40 -1.3 14.14
90896 -40 -1.3 14.14
95017 -40 -1.3 14.14
88670 -40 -1.3 14.14
95332 -40 -1.3 14.14
97532 -40 -1.3 14.14
92534 -40 -1.3 14.14
96926 -40 -1.3 14.14
94166 -40 -1.3 14.14
100278 -40 -1.3 14.14
99799 -40 -1.3 14.14
95917 -40 -1.3 14.14
100365 -40 -1.3 14.14
91298 -40 -1.3 14.14
93195 -40 -1.3 14.14
92386 -40 -1.3 14.14
93850 -40 -1.3 14.14
92317 -40 -1.3 14.14
92641 -40 -1.3 14.14
89462 -40 -1.3 14.14
95649 -40 -1.3 14.14
95188 -40 -1.3 14.14
92697 -40 -1.3 14.14
94139 -40 -1.3 14.14
94886 -40 -1.3 14.14
96185 -40 -1.3 14.14
97588 -40 -1.3 14.14
93155 -40 -1.3 14.14
97823 -40 -1.3 14.14
94344 -40 -1.3 14.14
92747 -40 -1.3 14.14
98783 -40 -1.3 14.14
95922 -40 -1.3 14.14
98137 -40 -1.3 14.14
93797 -40 -1.3 14.14
101289 -40 -1.3 14.14
94412 -40 -1.3 14.14
97947 -40 -1.3 14.14
98246 -40 -1.3 14.14
73500 -40 -9.13 5.93
75622 -40 -9.13 5.93
71892 -40 -9.13 5.93
71080 -40 -9.13 5.93
71538 -40 -9.13 5.93
75629 -40 -9.13 5.93
71245 -40 -9.13 5.93
74457 -40 -9.13 5.93
76546 -40 -9.13 5.93
70880 -40 -9.13 5.93
74066 -40 -9.13 5.93
72564 -40 -9.13 5.93
75649 -40 -9.13 5.93
70135 -40 -9.13 5.93
74929 -40 -9.13 5.93
72141 -40 -9.13 5.93
69493 -40 -9.13 5.93
75972 -40 -9.13 5.93
75521 -40 -9.13 5.93
72430 -40 -9.13 5.93
75561 -40 -9.13 5.93
72304 -40 -9.13 5.93
73184 -40 -9.13 5.93
74206 -40 -9.13 5.93
75405 -40 -9.13 5.93
74168 -40 -9.13 5.93
70516 -40 -9.13 5.93
73800 -40 -9.13 5.93
71543 -40 -9.13 5.93
72692 -40 -9.13 5.93
76163 -40 -9.13 5.93
71467 -40 -9.13 5.93
71906 -40 -9.13 5.93
69972 -40 -9.13 5.93
74855 -40 -9.13 5.93
75205 -40 -9.13 5.93
75144 -40 -9.13 5.93
76171 -40 -9.13 5.93
72132 -40 -9.13 5.93
