#rtt sig_str x y
127339 -40 -4.79 -18.37
122832 -40 -4.79 -18.37
128145 -40 -4.79 -18.37
124587 -40 -4.79 -18.37
126511 -40 -4.79 -18.37
125038 -40 -4.79 -18.37
124845 -40 -4.79 -18.37
122590 -40 -4.79 -18.37
126801 -40 -4.79 -18.37
127320 -40 -4.79 -18.37
125555 -40 -4.79 -18.37
124110 -40 -4.79 -18.37
125917 -40 -4.79 -18.37
129995 -40 -4.79 -18.37
125743 -40 -4.79 -18.37
125502 -40 -4.79 -18.37
124122 -40 -4.79 -18.37
128333 -40 -4.79 -18.37
126019 -40 -4.79 -18.37
131257 -40 -4.79 -18.37
130497 -40 -4.79 -18.37
127703 -40 -4.79 -18.37
123349 -40 -4.79 -18.37
126249 -40 -4.79 -18.37
126236 -40 -4.79 -18.37
126943 -40 -4.79 -18.37
128013 -40 -4.79 -18.37
124682 -40 -4.79 -18.37
126850 -40 -4.79 -18.37
126859 -40 -4.79 -18.37
129886 -40 -4.79 -18.37
124721 -40 -4.79 -18.37
123920 -40 -4.79 -18.37
122116 -40 -4.79 -18.37
122186 -40 -4.79 -18.37
127247 -40 -4.79 -18.37
123322 -40 -4.79 -18.37
126054 -40 -4.79 -18.37
127956 -40 -4.79 -18.37
209377 -40 -8.21 -29.85
203580 -40 -8.21 -29.85
203113 -40 -8.21 -29.85
208321 -40 -8.21 -29.85
207909 -40 -8.21 -29.85
209334 -40 -8.21 -29.85
207939 -40 -8.21 -29.85
204792 -40 -8.21 -29.85
203722 -40 -8.21 -29.85
206266 -40 -8.21 -29.85
208712 -40 -8.21 -29.85
208829 -40 -8.21 -29.85
204975 -40 -8.21 -29.85
207868 -40 -8.21 -29.85
203646 -40 -8.21 -29.85
206921 -40 -8.21 -29.85
204847 -40 -8.21 -29.85
206331 -40 -8.21 -29.85
203543 -40 -8.21 -29.85
208550 -40 -8.21 -29.85
209469 -40 -8.21 -29.85
207804 -40 -8.21 -29.85
208478 -40 -8.21 -29.85
205762 -40 -8.21 -29.85
206478 -40 -8.21 -29.85
205136 -40 -8.21 -29.85
206189 -40 -8.21 -29.85
207075 -40 -8.21 -29.85
205606 -40 -8.21 -29.85
201959 -40 -8.21 -29.85
210878 -40 -8.21 -29.85
207505 -40 -8.21 -29.85
207357 -40 -8.21 -29.85
205348 -40 -8.21 -29.85
205285 -40 -8.21 -29.85
203806 -40 -8.21 -29.85
207953 -40 -8.21 -29.85
203508 -40 -8.21 -29.85
211347 -40 -8.21 -29.85
237318 -40 -18.91 29.5
236353 -40 -18.91 29.5
233455 -40 -18.91 29.5
234958 -40 -18.91 29.5
232270 -40 -18.91 29.5
232382 -40 -18.91 29.5
231812 -40 -18.91 29.5
234488 -40 -18.91 29.5
237192 -40 -18.91 29.5
235244 -40 -18.91 29.5
235946 -40 -18.91 29.5
238308 -40 -18.91 29.5
230061 -40 -18.91 29.5
234448 -40 -18.91 29.5
231889 -40 -18.91 29.5
235378 -40 -18.91 29.5
238660 -40 -18.91 29.5
236663 -40 -18.91 29.5
231562 -40 -18.91 29.5
232622 -40 -18.91 29.5
230648 -40 -18.91 29.5
236397 -40 -18.91 29.5
240165 -40 -18.91 29.5
231345 -40 -18.91 29.5
239514 -40 -18.91 29.5
235319 -40 -18.91 29.5
231052 -40 -18.91 29.5
233509 -40 -18.91 29.5
239281 -40 -18.91 29.5
230852 -40 -18.91 29.5
233867 -40 -18.91 29.5
233945 -40 -18.91 29.5
235706 -40 -18.91 29.5
230978 -40 -18.91 29.5
233703 -40 -18.91 29.5
234363 -40 -18.91 29.5
234533 -40 -18.91 29.5
239037 -40 -18.91 29.5
231403 -40 -18.91 29.5
106818 -40 1.1 -15.83
103807 -40 1.1 -15.83
105200 -40 1.1 -15.83
110605 -40 1.1 -15.83
111303 -40 1.1 -15.83
107493 -40 1.1 -15.83
105477 -40 1.1 -15.83
106042 -40 1.1 -15.83
105932 -40 1.1 -15.83
106307 -40 1.1 -15.83
109422 -40 1.1 -15.83
109258 -40 1.1 -15.83
106437 -40 1.1 -15.83
102908 -40 1.1 -15.83
107900 -40 1.1 -15.83
107045 -40 1.1 -15.83
103173 -40 1.1 -15.83
105194 -40 1.1 -15.83
105207 -40 1.1 -15.83
108762 -40 1.1 -15.83
110334 -40 1.1 -15.83
105359 -40 1.1 -15.83
103272 -40 1.1 -15.83
106387 -40 1.1 -15.83
106349 -40 1.1 -15.83
109572 -40 1.1 -15.83
99318 -40 1.1 -15.83
106419 -40 1.1 -15.83
106383 -40 1.1 -15.83
101317 -40 1.1 -15.83
105879 -40 1.1 -15.83
108876 -40 1.1 -15.83
108805 -40 1.1 -15.83
104939 -40 1.1 -15.83
105982 -40 1.1 -15.83
106901 -40 1.1 -15.83
106400 -40 1.1 -15.83
106599 -40 1.1 -15.83
110398 -40 1.1 -15.83
226124 -40 -29.49 -16.98
225132 -40 -29.49 -16.98
227262 -40 -29.49 -16.98
227123 -40 -29.49 -16.98
227248 -40 -29.49 -16.98
227894 -40 -29.49 -16.98
230294 -40 -29.49 -16.98
227514 -40 -29.49 -16.98
226776 -40 -29.49 -16.98
229660 -40 -29.49 -16.98
230385 -40 -29.49 -16.98
227541 -40 -29.49 -16.98
227528 -40 -29.49 -16.98
231502 -40 -29.49 -16.98
226168 -40 -29.49 -16.98
228043 -40 -29.49 -16.98
226555 -40 -29.49 -16.98
226754 -40 -29.49 -16.98
224883 -40 -29.49 -16.98
230055 -40 -29.49 -16.98
228760 -40 -29.49 -16.98
225647 -40 -29.49 -16.98
218794 -40 -29.49 -16.98
224139 -40 -29.49 -16.98
228636 -40 -29.49 -16.98
230968 -40 -29.49 -16.98
224571 -40 -29.49 -16.98
225634 -40 -29.49 -16.98
226758 -40 -29.49 -16.98
229533 -40 -29.49 -16.98
225014 -40 -29.49 -16.98
225137 -40 -29.49 -16.98
233377 -40 -29.49 -16.98
227755 -40 -29.49 -16.98
225459 -40 -29.49 -16.98
225086 -40 -29.49 -16.98
228173 -40 -29.49 -16.98
226654 -40 -29.49 -16.98
229676 -40 -29.49 -16.98
210936 -40 28.14 -15.43
215778 -40 28.14 -15.43
211912 -40 28.14 -15.43
214091 -40 28.14 -15.43
212253 -40 28.14 -15.43
214688 -40 28.14 -15.43
211677 -40 28.14 -15.43
217171 -40 28.14 -15.43
216169 -40 28.14 -15.43
214112 -40 28.14 -15.43
211854 -40 28.14 -15.43
211038 -40 28.14 -15.43
211637 -40 28.14 -15.43
210891 -40 28.14 -15.43
212767 -40 28.14 -15.43
213959 -40 28.14 -15.43
213637 -40 28.14 -15.43
215015 -40 28.14 -15.43
213652 -40 28.14 -15.43
219642 -40 28.14 -15.43
213569 -40 28.14 -15.43
211919 -40 28.14 -15.43
215052 -40 28.14 -15.43
211209 -40 28.14 -15.43
212117 -40 28.14 -15.43
208864 -40 28.14 -15.43
217267 -40 28.14 -15.43
209603 -40 28.14 -15.43
215753 -40 28.14 -15.43
212351 -40 28.14 -15.43
214803 -40 28.14 -15.43
214386 -40 28.14 -15.43
216635 -40 28.14 -15.43
219241 -40 28.14 -15.43
209890 -40 28.14 -15.43
213605 -40 28.14 -15.43
212671 -40 28.14 -15.43
215607 -40 28.14 -15.43
218264 -40 28.14 -15.43
122542 -40 18.09 -3.34
122567 -40 18.09 -3.34
121060 -40 18.09 -3.34
127217 -40 18.09 -3.34
119342 -40 18.09 -3.34
122263 -40 18.09 -3.34
127330 -40 18.09 -3.34
121595 -40 18.09 -3.34
122335 -40 18.09 -3.34
125334 -40 18.09 -3.34
122741 -40 18.09 -3.34
125312 -40 18.09 -3.34
123033 -40 18.09 -3.34
122830 -40 18.09 -3.34
121233 -40 18.09 -3.34
124019 -40 18.09 -3.34
122819 -40 18.09 -3.34
130630 -40 18.09 -3.34
123560 -40 18.09 -3.34
120011 -40 18.09 -3.34
122400 -40 18.09 -3.34
122607 -40 18.09 -3.34
118642 -40 18.09 -3.34
118882 -40 18.09 -3.34
123609 -40 18.09 -3.34
122047 -40 18.09 -3.34
122398 -40 18.09 -3.34
125065 -40 18.09 -3.34
121292 -40 18.09 -3.34
123293 -40 18.09 -3.34
119542 -40 18.09 -3.34
121451 -40 18.09 -3.34
124077 -40 18.09 -3.34
123353 -40 18.09 -3.34
117309 -40 18.09 -3.34
121323 -40 18.09 -3.34
124656 -40 18.09 -3.34
124443 -40 18.09 -3.34
122221 -40 18.09 -3.34
101365 -40 15.44 -0.11
103429 -40 15.44 -0.11
100916 -40 15.44 -0.11
103407 -40 15.44 -0.11
97316 -40 15.44 -0.11
107160 -40 15.44 -0.11
105303 -40 15.44 -0.11
103946 -40 15.44 -0.11
100075 -40 15.44 -0.11
100313 -40 15.44 -0.11
105448 -40 15.44 -0.11
105997 -40 15.44 -0.11
103489 -40 15.44 -0.11
103381 -40 15.44 -0.11
102636 -40 15.44 -0.11
101092 -40 15.44 -0.11
98259 -40 15.44 -0.11
101417 -40 15.44 -0.11
105081 -40 15.44 -0.11
102642 -40 15.44 -0.11
105694 -40 15.44 -0.11
101016 -40 15.44 -0.11
109177 -40 15.44 -0.11
103326 -40 15.44 -0.11
98517 -40 15.44 -0.11
103876 -40 15.44 -0.11
107381 -40 15.44 -0.11
103272 -40 15.44 -0.11
103072 -40 15.44 -0.11
104652 -40 15.44 -0.11
105861 -40 15.44 -0.11
104473 -40 15.44 -0.11
99748 -40 15.44 -0.11
102291 -40 15.44 -0.11
111101 -40 15.44 -0.11
104599 -40 15.44 -0.11
102316 -40 15.44 -0.11
104468 -40 15.44 -0.11
103892 -40 15.44 -0.11
86259 -40 10.29 -7.15
81396 -40 10.29 -7.15
84081 -40 10.29 -7.15
82504 -40 10.29 -7.15
86351 -40 10.29 -7.15
79473 -40 10.29 -7.15
85402 -40 10.29 -7.15
78178 -40 10.29 -7.15
81320 -40 10.29 -7.15
85531 -40 10.29 -7.15
84472 -40 10.29 -7.15
81262 -40 10.29 -7.15
86814 -40 10.29 -7.15
84153 -40 10.29 -7.15
81400 -40 10.29 -7.15
81679 -40 10.29 -7.15
84055 -40 10.29 -7.15
84631 -40 10.29 -7.15
83161 -40 10.29 -7.15
81370 -40 10.29 -7.15
86330 -40 10.29 -7.15
83499 -40 10.29 -7.15
82215 -40 10.29 -7.15
83456 -40 10.29 -7.15
86210 -40 10.29 -7.15
84687 -40 10.29 -7.15
84255 -40 10.29 -7.15
82596 -40 10.29 -7.15
84205 -40 10.29 -7.15
83635 -40 10.29 -7.15
82625 -40 10.29 -7.15
81501 -40 10.29 -7.15
84731 -40 10.29 -7.15
87905 -40 10.29 -7.15
84917 -40 10.29 -7.15
84508 -40 10.29 -7.15
80263 -40 10.29 -7.15
78275 -40 10.29 -7.15
81766 -40 10.29 -7.15
196586 -40 -28.23 -9.38
193829 -40 -28.23 -9.38
203619 -40 -28.23 -9.38
201178 -40 -28.23 -9.38
196459 -40 -28.23 -9.38
199761 -40 -28.23 -9.38
196315 -40 -28.23 -9.38
193985 -40 -28.23 -9.38
197263 -40 -28.23 -9.38
196155 -40 -28.23 -9.38
193305 -40 -28.23 -9.38
199044 -40 -28.23 -9.38
192495 -40 -28.23 -9.38
197341 -40 -28.23 -9.38
197456 -40 -28.23 -9.38
200039 -40 -28.23 -9.38
195270 -40 -28.23 -9.38
199149 -40 -28.23 -9.38
201095 -40 -28.23 -9.38
195661 -40 -28.23 -9.38
195930 -40 -28.23 -9.38
199081 -40 -28.23 -9.38
201003 -40 -28.23 -9.38
198517 -40 -28.23 -9.38
198476 -40 -28.23 -9.38
198531 -40 -28.23 -9.38
199284 -40 -28.23 -9.38
203525 -40 -28.23 -9.38
195899 -40 -28.23 -9.38
198771 -40 -28.23 -9.38
195964 -40 -28.23 -9.38
196163 -40 -28.23 -9.38
201713 -40 -28.23 -9.38
197623 -40 -28.23 -9.38
198364 -40 -28.23 -9.38
198985 -40 -28.23 -9.38
194757 -40 -28.23 -9.38
196365 -40 -28.23 -9.38
201971 -40 -28.23 -9.38
