#rtt sig_str x y
183342 -40 -24.42 11.71
182869 -40 -24.42 11.71
182331 -40 -24.42 11.71
180662 -40 -24.42 11.71
181608 -40 -24.42 11.71
178750 -40 -24.42 11.71
178491 -40 -24.42 11.71
177679 -40 -24.42 11.71
178646 -40 -24.42 11.71
188050 -40 -24.42 11.71
179526 -40 -24.42 11.71
180723 -40 -24.42 11.71
179355 -40 -24.42 11.71
180430 -40 -24.42 11.71
177251 -40 -24.42 11.71
180533 -40 -24.42 11.71
180960 -40 -24.42 11.71
181961 -40 -24.42 11.71
180532 -40 -24.42 11.71
180666 -40 -24.42 11.71
176254 -40 -24.42 11.71
177947 -40 -24.42 11.71
180368 -40 -24.42 11.71
174746 -40 -24.42 11.71
180069 -40 -24.42 11.71
182359 -40 -24.42 11.71
179540 -40 -24.42 11.71
178854 -40 -24.42 11.71
187775 -40 -24.42 11.71
176568 -40 -24.42 11.71
178190 -40 -24.42 11.71
177852 -40 -24.42 11.71
176875 -40 -24.42 11.71
175029 -40 -24.42 11.71
180005 -40 -24.42 11.71
181213 -40 -24.42 11.71
180751 -40 -24.42 11.71
180075 -40 -24.42 11.71
179748 -40 -24.42 11.71
274729 -40 28.3 28.73
265457 -40 28.3 28.73
270157 -40 28.3 28.73
270751 -40 28.3 28.73
269719 -40 28.3 28.73
269035 -40 28.3 28.73
268504 -40 28.3 28.73
268869 -40 28.3 28.73
269392 -40 28.3 28.73
267469 -40 28.3 28.73
264437 -40 28.3 28.73
269502 -40 28.3 28.73
266977 -40 28.3 28.73
264022 -40 28.3 28.73
267542 -40 28.3 28.73
268556 -40 28.3 28.73
269810 -40 28.3 28.73
273209 -40 28.3 28.73
268455 -40 28.3 28.73
267577 -40 28.3 28.73
271005 -40 28.3 28.73
271658 -40 28.3 28.73
270435 -40 28.3 28.73
265373 -40 28.3 28.73
271705 -40 28.3 28.73
271454 -40 28.3 28.73
262319 -40 28.3 28.73
272057 -40 28.3 28.73
268567 -40 28.3 28.73
277003 -40 28.3 28.73
270633 -40 28.3 28.73
269274 -40 28.3 28.73
263478 -40 28.3 28.73
271943 -40 28.3 28.73
263537 -40 28.3 28.73
269420 -40 28.3 28.73
266008 -40 28.3 28.73
269481 -40 28.3 28.73
270085 -40 28.3 28.73
102902 -40 -0.97 -15.13
101860 -40 -0.97 -15.13
103808 -40 -0.97 -15.13
99925 -40 -0.97 -15.13
103670 -40 -0.97 -15.13
101392 -40 -0.97 -15.13
102845 -40 -0.97 -15.13
104222 -40 -0.97 -15.13
101309 -40 -0.97 -15.13
103105 -40 -0.97 -15.13
92598 -40 -0.97 -15.13
103896 -40 -0.97 -15.13
107297 -40 -0.97 -15.13
100882 -40 -0.97 -15.13
100734 -40 -0.97 -15.13
102535 -40 -0.97 -15.13
95590 -40 -0.97 -15.13
98971 -40 -0.97 -15.13
102061 -40 -0.97 -15.13
97674 -40 -0.97 -15.13
100542 -40 -0.97 -15.13
97151 -40 -0.97 -15.13
100709 -40 -0.97 -15.13
99601 -40 -0.97 -15.13
99902 -40 -0.97 -15.13
105301 -40 -0.97 -15.13
100353 -40 -0.97 -15.13
101172 -40 -0.97 -15.13
101879 -40 -0.97 -15.13
105028 -40 -0.97 -15.13
100629 -40 -0.97 -15.13
101998 -40 -0.97 -15.13
104037 -40 -0.97 -15.13
103468 -40 -0.97 -15.13
98177 -40 -0.97 -15.13
98034 -40 -0.97 -15.13
98368 -40 -0.97 -15.13
99356 -40 -0.97 -15.13
101303 -40 -0.97 -15.13
213064 -40 -15.45 29.01
221887 -40 -15.45 29.01
216435 -40 -15.45 29.01
220238 -40 -15.45 29.01
218277 -40 -15.45 29.01
220908 -40 -15.45 29.01
217350 -40 -15.45 29.01
219048 -40 -15.45 29.01
218886 -40 -15.45 29.01
220058 -40 -15.45 29.01
224085 -40 -15.45 29.01
218381 -40 -15.45 29.01
221805 -40 -15.45 29.01
217712 -40 -15.45 29.01
222069 -40 -15.45 29.01
221180 -40 -15.45 29.01
220278 -40 -15.45 29.01
221699 -40 -15.45 29.01
219299 -40 -15.45 29.01
220890 -40 -15.45 29.01
218930 -40 -15.45 29.01
219561 -40 -15.45 29.01
220165 -40 -15.45 29.01
218507 -40 -15.45 29.01
220715 -40 -15.45 29.01
221049 -40 -15.45 29.01
220441 -40 -15.45 29.01
223726 -40 -15.45 29.01
218230 -40 -15.45 29.01
221235 -40 -15.45 29.01
219157 -40 -15.45 29.01
217482 -40 -15.45 29.01
217423 -40 -15.45 29.01
219260 -40 -15.45 29.01
221510 -40 -15.45 29.01
220983 -40 -15.45 29.01
219377 -40 -15.45 29.01
221533 -40 -15.45 29.01
219794 -40 -15.45 29.01
86854 -40 1.87 13.41
88763 -40 1.87 13.41
85772 -40 1.87 13.41
89327 -40 1.87 13.41
95970 -40 1.87 13.41
86040 -40 1.87 13.41
93087 -40 1.87 13.41
84137 -40 1.87 13.41
90992 -40 1.87 13.41
85645 -40 1.87 13.41
89141 -40 1.87 13.41
89321 -40 1.87 13.41
86897 -40 1.87 13.41
89125 -40 1.87 13.41
88831 -40 1.87 13.41
90822 -40 1.87 13.41
89667 -40 1.87 13.41
90350 -40 1.87 13.41
85643 -40 1.87 13.41
91583 -40 1.87 13.41
93782 -40 1.87 13.41
94671 -40 1.87 13.41
94226 -40 1.87 13.41
91789 -40 1.87 13.41
89793 -40 1.87 13.41
87639 -40 1.87 13.41
90581 -40 1.87 13.41
86642 -40 1.87 13.41
93711 -40 1.87 13.41
95204 -40 1.87 13.41
91590 -40 1.87 13.41
91814 -40 1.87 13.41
93219 -40 1.87 13.41
82685 -40 1.87 13.41
92876 -40 1.87 13.41
87532 -40 1.87 13.41
87420 -40 1.87 13.41
89646 -40 1.87 13.41
88131 -40 1.87 13.41
88449 -40 -12.87 1.66
86234 -40 -12.87 1.66
87169 -40 -12.87 1.66
84147 -40 -12.87 1.66
90948 -40 -12.87 1.66
90046 -40 -12.87 1.66
90149 -40 -12.87 1.66
85855 -40 -12.87 1.66
90057 -40 -12.87 1.66
87136 -40 -12.87 1.66
88588 -40 -12.87 1.66
88820 -40 -12.87 1.66
89916 -40 -12.87 1.66
89014 -40 -12.87 1.66
87145 -40 -12.87 1.66
87866 -40 -12.87 1.66
89341 -40 -12.87 1.66
92998 -40 -12.87 1.66
89074 -40 -12.87 1.66
87346 -40 -12.87 1.66
84950 -40 -12.87 1.66
82358 -40 -12.87 1.66
90194 -40 -12.87 1.66
79762 -40 -12.87 1.66
81541 -40 -12.87 1.66
88422 -40 -12.87 1.66
85456 -40 -12.87 1.66
86798 -40 -12.87 1.66
85131 -40 -12.87 1.66
83041 -40 -12.87 1.66
91627 -40 -12.87 1.66
82944 -40 -12.87 1.66
86180 -40 -12.87 1.66
86169 -40 -12.87 1.66
90593 -40 -12.87 1.66
83808 -40 -12.87 1.66
90402 -40 -12.87 1.66
85383 -40 -12.87 1.66
91503 -40 -12.87 1.66
166685 -40 21.76 -11.3
165124 -40 21.76 -11.3
162712 -40 21.76 -11.3
161860 -40 21.76 -11.3
164620 -40 21.76 -11.3
166068 -40 21.76 -11.3
163253 -40 21.76 -11.3
163826 -40 21.76 -11.3
162398 -40 21.76 -11.3
163453 -40 21.76 -11.3
168359 -40 21.76 -11.3
165719 -40 21.76 -11.3
164760 -40 21.76 -11.3
159910 -40 21.76 -11.3
160421 -40 21.76 -11.3
168903 -40 21.76 -11.3
160696 -40 21.76 -11.3
165520 -40 21.76 -11.3
166215 -40 21.76 -11.3
163903 -40 21.76 -11.3
162776 -40 21.76 -11.3
164069 -40 21.76 -11.3
164516 -40 21.76 -11.3
165394 -40 21.76 -11.3
161802 -40 21.76 -11.3
166087 -40 21.76 -11.3
162846 -40 21.76 -11.3
162194 -40 21.76 -11.3
163684 -40 21.76 -11.3
162212 -40 21.76 -11.3
161529 -40 21.76 -11.3
161982 -40 21.76 -11.3
164847 -40 21.76 -11.3
164570 -40 21.76 -11.3
163165 -40 21.76 -11.3
164631 -40 21.76 -11.3
166300 -40 21.76 -11.3
163176 -40 21.76 -11.3
162929 -40 21.76 -11.3
217838 -40 -27.54 -16.92
216617 -40 -27.54 -16.92
216826 -40 -27.54 -16.92
214658 -40 -27.54 -16.92
216604 -40 -27.54 -16.92
215884 -40 -27.54 -16.92
214797 -40 -27.54 -16.92
221040 -40 -27.54 -16.92
215162 -40 -27.54 -16.92
214436 -40 -27.54 -16.92
213052 -40 -27.54 -16.92
217087 -40 -27.54 -16.92
211794 -40 -27.54 -16.92
212287 -40 -27.54 -16.92
216607 -40 -27.54 -16.92
215254 -40 -27.54 -16.92
212775 -40 -27.54 -16.92
218443 -40 -27.54 -16.92
213194 -40 -27.54 -16.92
215362 -40 -27.54 -16.92
215456 -40 -27.54 -16.92
208922 -40 -27.54 -16.92
215537 -40 -27.54 -16.92
215866 -40 -27.54 -16.92
218755 -40 -27.54 -16.92
214594 -40 -27.54 -16.92
220568 -40 -27.54 -16.92
213152 -40 -27.54 -16.92
215739 -40 -27.54 -16.92
217615 -40 -27.54 -16.92
214901 -40 -27.54 -16.92
215380 -40 -27.54 -16.92
215859 -40 -27.54 -16.92
212779 -40 -27.54 -16.92
213026 -40 -27.54 -16.92
221797 -40 -27.54 -16.92
215144 -40 -27.54 -16.92
219724 -40 -27.54 -16.92
214231 -40 -27.54 -16.92
171197 -40 -23.5 11.09
173062 -40 -23.5 11.09
174263 -40 -23.5 11.09
171785 -40 -23.5 11.09
168915 -40 -23.5 11.09
175899 -40 -23.5 11.09
175199 -40 -23.5 11.09
169659 -40 -23.5 11.09
175590 -40 -23.5 11.09
175920 -40 -23.5 11.09
169577 -40 -23.5 11.09
171936 -40 -23.5 11.09
171586 -40 -23.5 11.09
178270 -40 -23.5 11.09
174184 -40 -23.5 11.09
175416 -40 -23.5 11.09
175285 -40 -23.5 11.09
174637 -40 -23.5 11.09
171802 -40 -23.5 11.09
170447 -40 -23.5 11.09
173367 -40 -23.5 11.09
172470 -40 -23.5 11.09
165746 -40 -23.5 11.09
175679 -40 -23.5 11.09
172434 -40 -23.5 11.09
175768 -40 -23.5 11.09
172577 -40 -23.5 11.09
170657 -40 -23.5 11.09
172074 -40 -23.5 11.09
171744 -40 -23.5 11.09
171920 -40 -23.5 11.09
174167 -40 -23.5 11.09
169162 -40 -23.5 11.09
171227 -40 -23.5 11.09
176533 -40 -23.5 11.09
171197 -40 -23.5 11.09
172875 -40 -23.5 11.09
168157 -40 -23.5 11.09
173244 -40 -23.5 11.09
132068 -40 16.03 -11.41
132364 -40 16.03 -11.41
128793 -40 16.03 -11.41
131733 -40 16.03 -11.41
134935 -40 16.03 -11.41
132590 -40 16.03 -11.41
126394 -40 16.03 -11.41
134035 -40 16.03 -11.41
130383 -40 16.03 -11.41
132039 -40 16.03 -11.41
131451 -40 16.03 -11.41
136075 -40 16.03 -11.41
129800 -40 16.03 -11.41
135560 -40 16.03 -11.41
130982 -40 16.03 -11.41
133025 -40 16.03 -11.41
130029 -40 16.03 -11.41
128907 -40 16.03 -11.41
133168 -40 16.03 -11.41
127718 -40 16.03 -11.41
127596 -40 16.03 -11.41
131147 -40 16.03 -11.41
133541 -40 16.03 -11.41
131536 -40 16.03 -11.41
131719 -40 16.03 -11.41
126648 -40 16.03 -11.41
130293 -40 16.03 -11.41
132354 -40 16.03 -11.41
130684 -40 16.03 -11.41
132616 -40 16.03 -11.41
131555 -40 16.03 -11.41
130451 -40 16.03 -11.41
132436 -40 16.03 -11.41
131788 -40 16.03 -11.41
129218 -40 16.03 -11.41
129496 -40 16.03 -11.41
132639 -40 16.03 -11.41
135918 -40 16.03 -11.41
130198 -40 16.03 -11.41
