#rtt sig_str x y
257230 -40 29.06 -24.25
253080 -40 29.06 -24.25
251585 -40 29.06 -24.25
251189 -40 29.06 -24.25
251881 -40 29.06 -24.25
251812 -40 29.06 -24.25
250280 -40 29.06 -24.25
251289 -40 29.06 -24.25
252130 -40 29.06 -24.25
258143 -40 29.06 -24.25
257000 -40 29.06 -24.25
253337 -40 29.06 -24.25
251028 -40 29.06 -24.25
252945 -40 29.06 -24.25
252064 -40 29.06 -24.25
247196 -40 29.06 -24.25
252837 -40 29.06 -24.25
254243 -40 29.06 -24.25
253246 -40 29.06 -24.25
253643 -40 29.06 -24.25
256411 -40 29.06 -24.25
252652 -40 29.06 -24.25
246713 -40 29.06 -24.25
254593 -40 29.06 -24.25
253287 -40 29.06 -24.25
251134 -40 29.06 -24.25
251652 -40 29.06 -24.25
248645 -40 29.06 -24.25
249053 -40 29.06 -24.25
254109 -40 29.06 -24.25
250080 -40 29.06 -24.25
252741 -40 29.06 -24.25
252984 -40 29.06 -24.25
255334 -40 29.06 -24.25
252191 -40 29.06 -24.25
254953 -40 29.06 -24.25
254223 -40 29.06 -24.25
250593 -40 29.06 -24.25
253351 -40 29.06 -24.25
148521 -40 -10 19.91
148080 -40 -10 19.91
148763 -40 -10 19.91
147604 -40 -10 19.91
151056 -40 -10 19.91
147114 -40 -10 19.91
150964 -40 -10 19.91
148361 -40 -10 19.91
147213 -40 -10 19.91
150541 -40 -10 19.91
144228 -40 -10 19.91
146992 -40 -10 19.91
146282 -40 -10 19.91
150747 -40 -10 19.91
148520 -40 -10 19.91
150338 -40 -10 19.91
149983 -40 -10 19.91
149308 -40 -10 19.91
145062 -40 -10 19.91
149654 -40 -10 19.91
141753 -40 -10 19.91
147695 -40 -10 19.91
147869 -40 -10 19.91
148661 -40 -10 19.91
146485 -40 -10 19.91
149473 -40 -10 19.91
149173 -40 -10 19.91
150883 -40 -10 19.91
150099 -40 -10 19.91
147077 -40 -10 19.91
147948 -40 -10 19.91
149378 -40 -10 19.91
149956 -40 -10 19.91
143579 -40 -10 19.91
151014 -40 -10 19.91
153295 -40 -10 19.91
145694 -40 -10 19.91
147611 -40 -10 19.91
152504 -40 -10 19.91
82991 -40 10.42 -5.22
77408 -40 10.42 -5.22
78528 -40 10.42 -5.22
79078 -40 10.42 -5.22
75573 -40 10.42 -5.22
78104 -40 10.42 -5.22
77397 -40 10.42 -5.22
79616 -40 10.42 -5.22
74688 -40 10.42 -5.22
74395 -40 10.42 -5.22
78119 -40 10.42 -5.22
75393 -40 10.42 -5.22
77898 -40 10.42 -5.22
76872 -40 10.42 -5.22
79458 -40 10.42 -5.22
79766 -40 10.42 -5.22
77373 -40 10.42 -5.22
72699 -40 10.42 -5.22
75436 -40 10.42 -5.22
77574 -40 10.42 -5.22
77179 -40 10.42 -5.22
74987 -40 10.42 -5.22
78688 -40 10.42 -5.22
77785 -40 10.42 -5.22
76551 -40 10.42 -5.22
82780 -40 10.42 -5.22
79636 -40 10.42 -5.22
80284 -40 10.42 -5.22
77364 -40 10.42 -5.22
80564 -40 10.42 -5.22
79137 -40 10.42 -5.22
77539 -40 10.42 -5.22
71920 -40 10.42 -5.22
75368 -40 10.42 -5.22
80284 -40 10.42 -5.22
75042 -40 10.42 -5.22
76625 -40 10.42 -5.22
81230 -40 10.42 -5.22
77654 -40 10.42 -5.22
123475 -40 -18.22 5.97
124211 -40 -18.22 5.97
130391 -40 -18.22 5.97
127747 -40 -18.22 5.97
131812 -40 -18.22 5.97
128629 -40 -18.22 5.97
128405 -40 -18.22 5.97
128130 -40 -18.22 5.97
128325 -40 -18.22 5.97
128150 -40 -18.22 5.97
125946 -40 -18.22 5.97
128081 -40 -18.22 5.97
131733 -40 -18.22 5.97
128133 -40 -18.22 5.97
127652 -40 -18.22 5.97
127654 -40 -18.22 5.97
125558 -40 -18.22 5.97
129369 -40 -18.22 5.97
127537 -40 -18.22 5.97
125222 -40 -18.22 5.97
127627 -40 -18.22 5.97
126287 -40 -18.22 5.97
129902 -40 -18.22 5.97
124684 -40 -18.22 5.97
128119 -40 -18.22 5.97
130398 -40 -18.22 5.97
124491 -40 -18.22 5.97
129576 -40 -18.22 5.97
127093 -40 -18.22 5.97
130534 -40 -18.22 5.97
128909 -40 -18.22 5.97
129798 -40 -18.22 5.97
123855 -40 -18.22 5.97
127574 -40 -18.22 5.97
124961 -40 -18.22 5.97
131518 -40 -18.22 5.97
124397 -40 -18.22 5.97
128961 -40 -18.22 5.97
124085 -40 -18.22 5.97
138595 -40 -8.73 -19.1
145513 -40 -8.73 -19.1
142758 -40 -8.73 -19.1
140758 -40 -8.73 -19.1
137966 -40 -8.73 -19.1
139872 -40 -8.73 -19.1
143456 -40 -8.73 -19.1
140032 -40 -8.73 -19.1
139123 -40 -8.73 -19.1
136414 -40 -8.73 -19.1
136313 -40 -8.73 -19.1
144474 -40 -8.73 -19.1
140695 -40 -8.73 -19.1
140569 -40 -8.73 -19.1
141125 -40 -8.73 -19.1
143894 -40 -8.73 -19.1
139109 -40 -8.73 -19.1
142638 -40 -8.73 -19.1
138337 -40 -8.73 -19.1
142174 -40 -8.73 -19.1
141125 -40 -8.73 -19.1
143868 -40 -8.73 -19.1
139457 -40 -8.73 -19.1
140191 -40 -8.73 -19.1
140934 -40 -8.73 -19.1
141312 -40 -8.73 -19.1
142712 -40 -8.73 -19.1
136518 -40 -8.73 -19.1
136715 -40 -8.73 -19.1
142105 -40 -8.73 -19.1
135910 -40 -8.73 -19.1
140812 -40 -8.73 -19.1
137705 -40 -8.73 -19.1
138706 -40 -8.73 -19.1
143757 -40 -8.73 -19.1
137779 -40 -8.73 -19.1
139521 -40 -8.73 -19.1
141504 -40 -8.73 -19.1
139513 -40 -8.73 -19.1
156850 -40 18.81 -13.88
157223 -40 18.81 -13.88
151503 -40 18.81 -13.88
153613 -40 18.81 -13.88
154909 -40 18.81 -13.88
157449 -40 18.81 -13.88
153793 -40 18.81 -13.88
157526 -40 18.81 -13.88
149621 -40 18.81 -13.88
153799 -40 18.81 -13.88
152403 -40 18.81 -13.88
155130 -40 18.81 -13.88
153574 -40 18.81 -13.88
153471 -40 18.81 -13.88
154364 -40 18.81 -13.88
159995 -40 18.81 -13.88
155749 -40 18.81 -13.88
153855 -40 18.81 -13.88
156049 -40 18.81 -13.88
154516 -40 18.81 -13.88
157947 -40 18.81 -13.88
158129 -40 18.81 -13.88
155257 -40 18.81 -13.88
157330 -40 18.81 -13.88
156186 -40 18.81 -13.88
161196 -40 18.81 -13.88
160080 -40 18.81 -13.88
153045 -40 18.81 -13.88
155466 -40 18.81 -13.88
159477 -40 18.81 -13.88
159265 -40 18.81 -13.88
155830 -40 18.81 -13.88
155067 -40 18.81 -13.88
159874 -40 18.81 -13.88
153917 -40 18.81 -13.88
158866 -40 18.81 -13.88
154048 -40 18.81 -13.88
151907 -40 18.81 -13.88
157540 -40 18.81 -13.88
206169 -40 -15.13 27.49
208410 -40 -15.13 27.49
205510 -40 -15.13 27.49
213572 -40 -15.13 27.49
208649 -40 -15.13 27.49
213398 -40 -15.13 27.49
211222 -40 -15.13 27.49
210463 -40 -15.13 27.49
208790 -40 -15.13 27.49
212633 -40 -15.13 27.49
209380 -40 -15.13 27.49
208609 -40 -15.13 27.49
207605 -40 -15.13 27.49
209801 -40 -15.13 27.49
207128 -40 -15.13 27.49
214287 -40 -15.13 27.49
211579 -40 -15.13 27.49
207254 -40 -15.13 27.49
208308 -40 -15.13 27.49
209054 -40 -15.13 27.49
211747 -40 -15.13 27.49
209075 -40 -15.13 27.49
208519 -40 -15.13 27.49
210118 -40 -15.13 27.49
214653 -40 -15.13 27.49
209628 -40 -15.13 27.49
215012 -40 -15.13 27.49
208619 -40 -15.13 27.49
207441 -40 -15.13 27.49
207958 -40 -15.13 27.49
209048 -40 -15.13 27.49
210676 -40 -15.13 27.49
209122 -40 -15.13 27.49
208181 -40 -15.13 27.49
208133 -40 -15.13 27.49
206318 -40 -15.13 27.49
209922 -40 -15.13 27.49
209568 -40 -15.13 27.49
206048 -40 -15.13 27.49
166678 -40 -2.48 -24.23
165178 -40 -2.48 -24.23
161324 -40 -2.48 -24.23
163464 -40 -2.48 -24.23
168697 -40 -2.48 -24.23
160920 -40 -2.48 -24.23
164431 -40 -2.48 -24.23
162152 -40 -2.48 -24.23
161695 -40 -2.48 -24.23
162654 -40 -2.48 -24.23
162109 -40 -2.48 -24.23
163135 -40 -2.48 -24.23
163194 -40 -2.48 -24.23
162617 -40 -2.48 -24.23
161785 -40 -2.48 -24.23
163290 -40 -2.48 -24.23
161237 -40 -2.48 -24.23
162637 -40 -2.48 -24.23
163209 -40 -2.48 -24.23
163157 -40 -2.48 -24.23
160202 -40 -2.48 -24.23
164704 -40 -2.48 -24.23
162736 -40 -2.48 -24.23
158414 -40 -2.48 -24.23
163298 -40 -2.48 -24.23
161454 -40 -2.48 -24.23
159936 -40 -2.48 -24.23
157788 -40 -2.48 -24.23
161547 -40 -2.48 -24.23
164671 -40 -2.48 -24.23
155589 -40 -2.48 -24.23
164500 -40 -2.48 -24.23
163846 -40 -2.48 -24.23
164687 -40 -2.48 -24.23
162155 -40 -2.48 -24.23
160949 -40 -2.48 -24.23
164018 -40 -2.48 -24.23
163667 -40 -2.48 -24.23
160351 -40 -2.48 -24.23
148590 -40 22.64 3.87
148609 -40 22.64 3.87
155145 -40 22.64 3.87
150464 -40 22.64 3.87
154215 -40 22.64 3.87
149910 -40 22.64 3.87
153109 -40 22.64 3.87
157318 -40 22.64 3.87
153141 -40 22.64 3.87
152942 -40 22.64 3.87
158351 -40 22.64 3.87
155428 -40 22.64 3.87
154300 -40 22.64 3.87
155345 -40 22.64 3.87
150384 -40 22.64 3.87
151039 -40 22.64 3.87
147666 -40 22.64 3.87
152754 -40 22.64 3.87
152920 -40 22.64 3.87
153668 -40 22.64 3.87
154462 -40 22.64 3.87
149814 -40 22.64 3.87
154942 -40 22.64 3.87
152039 -40 22.64 3.87
155225 -40 22.64 3.87
149838 -40 22.64 3.87
152125 -40 22.64 3.87
151864 -40 22.64 3.87
155609 -40 22.64 3.87
156020 -40 22.64 3.87
153586 -40 22.64 3.87
151088 -40 22.64 3.87
154670 -40 22.64 3.87
155790 -40 22.64 3.87
152033 -40 22.64 3.87
154048 -40 22.64 3.87
153878 -40 22.64 3.87
150712 -40 22.64 3.87
151191 -40 22.64 3.87
127847 -40 -6.5 18.6
130177 -40 -6.5 18.6
127999 -40 -6.5 18.6
132087 -40 -6.5 18.6
131373 -40 -6.5 18.6
130360 -40 -6.5 18.6
125848 -40 -6.5 18.6
136563 -40 -6.5 18.6
132450 -40 -6.5 18.6
134080 -40 -6.5 18.6
130616 -40 -6.5 18.6
129316 -40 -6.5 18.6
134945 -40 -6.5 18.6
130863 -40 -6.5 18.6
128596 -40 -6.5 18.6
126915 -40 -6.5 18.6
131384 -40 -6.5 18.6
132160 -40 -6.5 18.6
131535 -40 -6.5 18.6
134751 -40 -6.5 18.6
131577 -40 -6.5 18.6
131157 -40 -6.5 18.6
128676 -40 -6.5 18.6
134436 -40 -6.5 18.6
130016 -40 -6.5 18.6
128472 -40 -6.5 18.6
133227 -40 -6.5 18.6
135448 -40 -6.5 18.6
128178 -40 -6.5 18.6
128759 -40 -6.5 18.6
129880 -40 -6.5 18.6
137991 -40 -6.5 18.6
130298 -40 -6.5 18.6
132890 -40 -6.5 18.6
134347 -40 -6.5 18.6
130506 -40 -6.5 18.6
129119 -40 -6.5 18.6
133020 -40 -6.5 18.6
132497 -40 -6.5 18.6
