#rtt sig_str x y
171767 -40 -24.76 6.72
168976 -40 -24.76 6.72
170437 -40 -24.76 6.72
172288 -40 -24.76 6.72
169977 -40 -24.76 6.72
168955 -40 -24.76 6.72
174912 -40 -24.76 6.72
170060 -40 -24.76 6.72
174642 -40 -24.76 6.72
170661 -40 -24.76 6.72
170685 -40 -24.76 6.72
169681 -40 -24.76 6.72
168599 -40 -24.76 6.72
169658 -40 -24.76 6.72
171044 -40 -24.76 6.72
171739 -40 -24.76 6.72
170179 -40 -24.76 6.72
170748 -40 -24.76 6.72
170073 -40 -24.76 6.72
166876 -40 -24.76 6.72
168517 -40 -24.76 6.72
172578 -40 -24.76 6.72
171272 -40 -24.76 6.72
173547 -40 -24.76 6.72
172758 -40 -24.76 6.72
171060 -40 -24.76 6.72
172237 -40 -24.76 6.72
171240 -40 -24.76 6.72
168331 -40 -24.76 6.72
168527 -40 -24.76 6.72
176923 -40 -24.76 6.72
175444 -40 -24.76 6.72
168496 -40 -24.76 6.72
168510 -40 -24.76 6.72
171173 -40 -24.76 6.72
167443 -40 -24.76 6.72
169638 -40 -24.76 6.72
166172 -40 -24.76 6.72
174168 -40 -24.76 6.72
126493 -40 -16.17 9.47
124057 -40 -16.17 9.47
126494 -40 -16.17 9.47
120933 -40 -16.17 9.47
124949 -40 -16.17 9.47
126383 -40 -16.17 9.47
120951 -40 -16.17 9.47
126112 -40 -16.17 9.47
124610 -40 -16.17 9.47
127479 -40 -16.17 9.47
124442 -40 -16.17 9.47
128311 -40 -16.17 9.47
119872 -40 -16.17 9.47
123292 -40 -16.17 9.47
122861 -40 -16.17 9.47
125606 -40 -16.17 9.47
122865 -40 -16.17 9.47
123499 -40 -16.17 9.47
121543 -40 -16.17 9.47
122692 -40 -16.17 9.47
124004 -40 -16.17 9.47
125069 -40 -16.17 9.47
121929 -40 -16.17 9.47
126400 -40 -16.17 9.47
124952 -40 -16.17 9.47
122476 -40 -16.17 9.47
127893 -40 -16.17 9.47
120784 -40 -16.17 9.47
125561 -40 -16.17 9.47
120611 -40 -16.17 9.47
123533 -40 -16.17 9.47
123722 -40 -16.17 9.47
126285 -40 -16.17 9.47
127048 -40 -16.17 9.47
125918 -40 -16.17 9.47
129046 -40 -16.17 9.47
123188 -40 -16.17 9.47
127454 -40 -16.17 9.47
123324 -40 -16.17 9.47
192525 -40 -5.34 28.23
185343 -40 -5.34 28.23
193595 -40 -5.34 28.23
193047 -40 -5.34 28.23
188686 -40 -5.34 28.23
188941 -40 -5.34 28.23
195327 -40 -5.34 28.23
191357 -40 -5.34 28.23
190853 -40 -5.34 28.23
193412 -40 -5.34 28.23
192876 -40 -5.34 28.23
195106 -40 -5.34 28.23
194772 -40 -5.34 28.23
194789 -40 -5.34 28.23
197025 -40 -5.34 28.23
187044 -40 -5.34 28.23
189421 -40 -5.34 28.23
188837 -40 -5.34 28.23
190002 -40 -5.34 28.23
192718 -40 -5.34 28.23
194165 -40 -5.34 28.23
194424 -40 -5.34 28.23
190653 -40 -5.34 28.23
192188 -40 -5.34 28.23
190985 -40 -5.34 28.23
190638 -40 -5.34 28.23
188411 -40 -5.34 28.23
185597 -40 -5.34 28.23
188710 -40 -5.34 28.23
198671 -40 -5.34 28.23
188740 -40 -5.34 28.23
190437 -40 -5.34 28.23
187040 -40 -5.34 28.23
191493 -40 -5.34 28.23
187227 -40 -5.34 28.23
193106 -40 -5.34 28.23
190987 -40 -5.34 28.23
196230 -40 -5.34 28.23
192822 -40 -5.34 28.23
114141 -40 -11.35 12.15
113231 -40 -11.35 12.15
112361 -40 -11.35 12.15
112239 -40 -11.35 12.15
113435 -40 -11.35 12.15
107440 -40 -11.35 12.15
110741 -40 -11.35 12.15
116237 -40 -11.35 12.15
109197 -40 -11.35 12.15
112970 -40 -11.35 12.15
111170 -40 -11.35 12.15
112488 -40 -11.35 12.15
110137 -40 -11.35 12.15
111501 -40 -11.35 12.15
107783 -40 -11.35 12.15
111692 -40 -11.35 12.15
112692 -40 -11.35 12.15
112572 -40 -11.35 12.15
108033 -40 -11.35 12.15
110800 -40 -11.35 12.15
109400 -40 -11.35 12.15
109846 -40 -11.35 12.15
111624 -40 -11.35 12.15
107891 -40 -11.35 12.15
108048 -40 -11.35 12.15
110636 -40 -11.35 12.15
109155 -40 -11.35 12.15
105598 -40 -11.35 12.15
110120 -40 -11.35 12.15
112406 -40 -11.35 12.15
113912 -40 -11.35 12.15
113396 -40 -11.35 12.15
115490 -40 -11.35 12.15
112038 -40 -11.35 12.15
112809 -40 -11.35 12.15
113476 -40 -11.35 12.15
109860 -40 -11.35 12.15
104754 -40 -11.35 12.15
109137 -40 -11.35 12.15
119761 -40 3.96 18.38
123814 -40 3.96 18.38
130870 -40 3.96 18.38
120645 -40 3.96 18.38
127520 -40 3.96 18.38
123774 -40 3.96 18.38
124724 -40 3.96 18.38
125377 -40 3.96 18.38
127706 -40 3.96 18.38
122406 -40 3.96 18.38
126349 -40 3.96 18.38
124883 -40 3.96 18.38
122443 -40 3.96 18.38
126112 -40 3.96 18.38
125683 -40 3.96 18.38
125279 -40 3.96 18.38
125523 -40 3.96 18.38
126914 -40 3.96 18.38
126523 -40 3.96 18.38
129422 -40 3.96 18.38
122919 -40 3.96 18.38
125840 -40 3.96 18.38
128617 -40 3.96 18.38
126701 -40 3.96 18.38
127401 -40 3.96 18.38
121297 -40 3.96 18.38
124804 -40 3.96 18.38
128240 -40 3.96 18.38
126893 -40 3.96 18.38
122708 -40 3.96 18.38
120376 -40 3.96 18.38
127209 -40 3.96 18.38
128781 -40 3.96 18.38
123686 -40 3.96 18.38
122641 -40 3.96 18.38
127379 -40 3.96 18.38
125209 -40 3.96 18.38
125928 -40 3.96 18.38
123024 -40 3.96 18.38
181400 -40 2.7 26.23
176877 -40 2.7 26.23
176788 -40 2.7 26.23
174665 -40 2.7 26.23
176813 -40 2.7 26.23
179779 -40 2.7 26.23
172881 -40 2.7 26.23
179377 -40 2.7 26.23
169182 -40 2.7 26.23
172217 -40 2.7 26.23
177989 -40 2.7 26.23
173612 -40 2.7 26.23
171855 -40 2.7 26.23
177316 -40 2.7 26.23
170564 -40 2.7 26.23
179285 -40 2.7 26.23
176195 -40 2.7 26.23
179712 -40 2.7 26.23
175453 -40 2.7 26.23
175569 -40 2.7 26.23
178676 -40 2.7 26.23
172930 -40 2.7 26.23
176136 -40 2.7 26.23
177891 -40 2.7 26.23
174496 -40 2.7 26.23
174115 -40 2.7 26.23
179012 -40 2.7 26.23
181055 -40 2.7 26.23
176726 -40 2.7 26.23
175027 -40 2.7 26.23
177210 -40 2.7 26.23
174323 -40 2.7 26.23
178281 -40 2.7 26.23
170503 -40 2.7 26.23
175674 -40 2.7 26.23
176418 -40 2.7 26.23
177296 -40 2.7 26.23
176217 -40 2.7 26.23
177076 -40 2.7 26.23
122795 -40 18.43 -0.79
121250 -40 18.43 -0.79
119229 -40 18.43 -0.79
120151 -40 18.43 -0.79
124613 -40 18.43 -0.79
124255 -40 18.43 -0.79
120236 -40 18.43 -0.79
125133 -40 18.43 -0.79
120690 -40 18.43 -0.79
118425 -40 18.43 -0.79
123260 -40 18.43 -0.79
126239 -40 18.43 -0.79
119918 -40 18.43 -0.79
126659 -40 18.43 -0.79
123755 -40 18.43 -0.79
119431 -40 18.43 -0.79
123296 -40 18.43 -0.79
122825 -40 18.43 -0.79
121071 -40 18.43 -0.79
122261 -40 18.43 -0.79
120492 -40 18.43 -0.79
121605 -40 18.43 -0.79
125844 -40 18.43 -0.79
123341 -40 18.43 -0.79
117418 -40 18.43 -0.79
126000 -40 18.43 -0.79
124329 -40 18.43 -0.79
122625 -40 18.43 -0.79
125461 -40 18.43 -0.79
121934 -40 18.43 -0.79
125174 -40 18.43 -0.79
122656 -40 18.43 -0.79
119491 -40 18.43 -0.79
126089 -40 18.43 -0.79
121118 -40 18.43 -0.79
129509 -40 18.43 -0.79
120060 -40 18.43 -0.79
123424 -40 18.43 -0.79
121769 -40 18.43 -0.79
170654 -40 25.09 -2.93
168575 -40 25.09 -2.93
164270 -40 25.09 -2.93
169025 -40 25.09 -2.93
166167 -40 25.09 -2.93
165632 -40 25.09 -2.93
167270 -40 25.09 -2.93
169025 -40 25.09 -2.93
169276 -40 25.09 -2.93
167705 -40 25.09 -2.93
166901 -40 25.09 -2.93
169323 -40 25.09 -2.93
167363 -40 25.09 -2.93
171150 -40 25.09 -2.93
166856 -40 25.09 -2.93
171055 -40 25.09 -2.93
168514 -40 25.09 -2.93
172612 -40 25.09 -2.93
167075 -40 25.09 -2.93
166045 -40 25.09 -2.93
165903 -40 25.09 -2.93
170530 -40 25.09 -2.93
169817 -40 25.09 -2.93
167976 -40 25.09 -2.93
173673 -40 25.09 -2.93
165234 -40 25.09 -2.93
174044 -40 25.09 -2.93
169425 -40 25.09 -2.93
169693 -40 25.09 -2.93
167796 -40 25.09 -2.93
167819 -40 25.09 -2.93
168973 -40 25.09 -2.93
167439 -40 25.09 -2.93
168995 -40 25.09 -2.93
167262 -40 25.09 -2.93
170018 -40 25.09 -2.93
169326 -40 25.09 -2.93
171197 -40 25.09 -2.93
168185 -40 25.09 -2.93
63306 -40 1.33 9.39
66179 -40 1.33 9.39
62284 -40 1.33 9.39
66912 -40 1.33 9.39
60675 -40 1.33 9.39
59089 -40 1.33 9.39
59653 -40 1.33 9.39
65940 -40 1.33 9.39
61389 -40 1.33 9.39
54930 -40 1.33 9.39
60991 -40 1.33 9.39
63309 -40 1.33 9.39
63837 -40 1.33 9.39
67996 -40 1.33 9.39
62437 -40 1.33 9.39
60797 -40 1.33 9.39
64083 -40 1.33 9.39
63749 -40 1.33 9.39
62863 -40 1.33 9.39
62545 -40 1.33 9.39
60713 -40 1.33 9.39
63220 -40 1.33 9.39
64338 -40 1.33 9.39
68824 -40 1.33 9.39
66646 -40 1.33 9.39
61358 -40 1.33 9.39
60950 -40 1.33 9.39
59323 -40 1.33 9.39
63526 -40 1.33 9.39
66985 -40 1.33 9.39
62596 -40 1.33 9.39
57355 -40 1.33 9.39
67078 -40 1.33 9.39
67181 -40 1.33 9.39
60588 -40 1.33 9.39
62008 -40 1.33 9.39
65138 -40 1.33 9.39
63621 -40 1.33 9.39
64207 -40 1.33 9.39
70473 -40 -4.52 -9.96
69210 -40 -4.52 -9.96
76941 -40 -4.52 -9.96
71439 -40 -4.52 -9.96
73415 -40 -4.52 -9.96
74638 -40 -4.52 -9.96
69454 -40 -4.52 -9.96
74114 -40 -4.52 -9.96
74210 -40 -4.52 -9.96
71782 -40 -4.52 -9.96
72219 -40 -4.52 -9.96
73866 -40 -4.52 -9.96
73222 -40 -4.52 -9.96
68825 -40 -4.52 -9.96
74892 -40 -4.52 -9.96
70695 -40 -4.52 -9.96
77986 -40 -4.52 -9.96
69725 -40 -4.52 -9.96
71350 -40 -4.52 -9.96
71917 -40 -4.52 -9.96
73564 -40 -4.52 -9.96
75454 -40 -4.52 -9.96
69346 -40 -4.52 -9.96
72837 -40 -4.52 -9.96
72723 -40 -4.52 -9.96
74708 -40 -4.52 -9.96
74980 -40 -4.52 -9.96
72775 -40 -4.52 -9.96
74390 -40 -4.52 -9.96
77018 -40 -4.52 -9.96
75128 -40 -4.52 -9.96
78397 -40 -4.52 -9.96
72087 -40 -4.52 -9.96
68132 -40 -4.52 -9.96
67279 -40 -4.52 -9.96
76426 -40 -4.52 -9.96
72835 -40 -4.52 -9.96
73267 -40 -4.52 -9.96
72045 -40 -4.52 -9.96
