#rtt sig_str x y
139255 -40 -8.09 20.01
144713 -40 -8.09 20.01
144693 -40 -8.09 20.01
145082 -40 -8.09 20.01
138644 -40 -8.09 20.01
141889 -40 -8.09 20.01
143441 -40 -8.09 20.01
141893 -40 -8.09 20.01
145894 -40 -8.09 20.01
142231 -40 -8.09 20.01
147634 -40 -8.09 20.01
141836 -40 -8.09 20.01
144461 -40 -8.09 20.01
141874 -40 -8.09 20.01
147106 -40 -8.09 20.01
146173 -40 -8.09 20.01
141479 -40 -8.09 20.01
146384 -40 -8.09 20.01
142006 -40 -8.09 20.01
146471 -40 -8.09 20.01
149008 -40 -8.09 20.01
141521 -40 -8.09 20.01
138065 -40 -8.09 20.01
147287 -40 -8.09 20.01
140993 -40 -8.09 20.01
145290 -40 -8.09 20.01
141324 -40 -8.09 20.01
145782 -40 -8.09 20.01
141647 -40 -8.09 20.01
144780 -40 -8.09 20.01
139932 -40 -8.09 20.01
138954 -40 -8.09 20.01
141393 -40 -8.09 20.01
140416 -40 -8.09 20.01
144124 -40 -8.09 20.01
142815 -40 -8.09 20.01
148374 -40 -8.09 20.01
140505 -40 -8.09 20.01
145004 -40 -8.09 20.01
155892 -40 -2.93 23.49
157965 -40 -2.93 23.49
160139 -40 -2.93 23.49
158451 -40 -2.93 23.49
157507 -40 -2.93 23.49
161644 -40 -2.93 23.49
156745 -40 -2.93 23.49
159754 -40 -2.93 23.49
157620 -40 -2.93 23.49
157495 -40 -2.93 23.49
159504 -40 -2.93 23.49
159756 -40 -2.93 23.49
158845 -40 -2.93 23.49
159624 -40 -2.93 23.49
159720 -40 -2.93 23.49
157574 -40 -2.93 23.49
157379 -40 -2.93 23.49
156464 -40 -2.93 23.49
159062 -40 -2.93 23.49
159588 -40 -2.93 23.49
158352 -40 -2.93 23.49
156754 -40 -2.93 23.49
158485 -40 -2.93 23.49
155937 -40 -2.93 23.49
160263 -40 -2.93 23.49
159879 -40 -2.93 23.49
156539 -40 -2.93 23.49
157142 -40 -2.93 23.49
156275 -40 -2.93 23.49
154597 -40 -2.93 23.49
154544 -40 -2.93 23.49
156763 -40 -2.93 23.49
157973 -40 -2.93 23.49
160548 -40 -2.93 23.49
155201 -40 -2.93 23.49
159474 -40 -2.93 23.49
152589 -40 -2.93 23.49
153094 -40 -2.93 23.49
155490 -40 -2.93 23.49
185138 -40 -0.24 27.75
185496 -40 -0.24 27.75
183105 -40 -0.24 27.75
185216 -40 -0.24 27.75
189578 -40 -0.24 27.75
183376 -40 -0.24 27.75
186684 -40 -0.24 27.75
185300 -40 -0.24 27.75
183419 -40 -0.24 27.75
186496 -40 -0.24 27.75
186823 -40 -0.24 27.75
181263 -40 -0.24 27.75
188195 -40 -0.24 27.75
186353 -40 -0.24 27.75
188498 -40 -0.24 27.75
184365 -40 -0.24 27.75
181182 -40 -0.24 27.75
183178 -40 -0.24 27.75
180285 -40 -0.24 27.75
183009 -40 -0.24 27.75
187311 -40 -0.24 27.75
183324 -40 -0.24 27.75
184191 -40 -0.24 27.75
180382 -40 -0.24 27.75
183260 -40 -0.24 27.75
185378 -40 -0.24 27.75
183224 -40 -0.24 27.75
187049 -40 -0.24 27.75
184906 -40 -0.24 27.75
185747 -40 -0.24 27.75
190115 -40 -0.24 27.75
189889 -40 -0.24 27.75
189707 -40 -0.24 27.75
185016 -40 -0.24 27.75
183772 -40 -0.24 27.75
189419 -40 -0.24 27.75
183674 -40 -0.24 27.75
186036 -40 -0.24 27.75
187976 -40 -0.24 27.75
255390 -40 -25.47 27.91
252383 -40 -25.47 27.91
248703 -40 -25.47 27.91
253290 -40 -25.47 27.91
250318 -40 -25.47 27.91
251269 -40 -25.47 27.91
252386 -40 -25.47 27.91
250919 -40 -25.47 27.91
252058 -40 -25.47 27.91
254874 -40 -25.47 27.91
252616 -40 -25.47 27.91
251795 -40 -25.47 27.91
250111 -40 -25.47 27.91
254622 -40 -25.47 27.91
251916 -40 -25.47 27.91
252991 -40 -25.47 27.91
252176 -40 -25.47 27.91
254282 -40 -25.47 27.91
253780 -40 -25.47 27.91
252071 -40 -25.47 27.91
252231 -40 -25.47 27.91
249740 -40 -25.47 27.91
250753 -40 -25.47 27.91
249545 -40 -25.47 27.91
253271 -40 -25.47 27.91
247898 -40 -25.47 27.91
247452 -40 -25.47 27.91
247893 -40 -25.47 27.91
251149 -40 -25.47 27.91
254157 -40 -25.47 27.91
256056 -40 -25.47 27.91
254747 -40 -25.47 27.91
248963 -40 -25.47 27.91
252736 -40 -25.47 27.91
250802 -40 -25.47 27.91
249585 -40 -25.47 27.91
256801 -40 -25.47 27.91
248063 -40 -25.47 27.91
251774 -40 -25.47 27.91
29693 -40 4.31 2.26
29598 -40 4.31 2.26
31408 -40 4.31 2.26
33068 -40 4.31 2.26
31492 -40 4.31 2.26
36677 -40 4.31 2.26
35247 -40 4.31 2.26
32505 -40 4.31 2.26
33172 -40 4.31 2.26
32991 -40 4.31 2.26
36350 -40 4.31 2.26
31196 -40 4.31 2.26
31818 -40 4.31 2.26
35039 -40 4.31 2.26
38656 -40 4.31 2.26
34588 -40 4.31 2.26
33153 -40 4.31 2.26
33539 -40 4.31 2.26
35921 -40 4.31 2.26
30041 -40 4.31 2.26
33650 -40 4.31 2.26
31386 -40 4.31 2.26
31946 -40 4.31 2.26
32248 -40 4.31 2.26
31092 -40 4.31 2.26
30723 -40 4.31 2.26
33643 -40 4.31 2.26
30811 -40 4.31 2.26
35903 -40 4.31 2.26
34966 -40 4.31 2.26
33780 -40 4.31 2.26
35182 -40 4.31 2.26
34183 -40 4.31 2.26
30380 -40 4.31 2.26
33783 -40 4.31 2.26
32353 -40 4.31 2.26
30170 -40 4.31 2.26
28604 -40 4.31 2.26
33449 -40 4.31 2.26
148966 -40 -12.62 -17.61
143933 -40 -12.62 -17.61
145133 -40 -12.62 -17.61
145943 -40 -12.62 -17.61
144757 -40 -12.62 -17.61
143553 -40 -12.62 -17.61
147013 -40 -12.62 -17.61
144273 -40 -12.62 -17.61
143282 -40 -12.62 -17.61
145721 -40 -12.62 -17.61
146436 -40 -12.62 -17.61
143477 -40 -12.62 -17.61
141768 -40 -12.62 -17.61
146248 -40 -12.62 -17.61
144395 -40 -12.62 -17.61
144934 -40 -12.62 -17.61
146429 -40 -12.62 -17.61
145673 -40 -12.62 -17.61
141112 -40 -12.62 -17.61
141559 -40 -12.62 -17.61
145531 -40 -12.62 -17.61
145391 -40 -12.62 -17.61
147794 -40 -12.62 -17.61
148217 -40 -12.62 -17.61
143079 -40 -12.62 -17.61
144694 -40 -12.62 -17.61
144362 -40 -12.62 -17.61
147163 -40 -12.62 -17.61
146619 -40 -12.62 -17.61
149250 -40 -12.62 -17.61
145432 -40 -12.62 -17.61
145633 -40 -12.62 -17.61
144401 -40 -12.62 -17.61
141620 -40 -12.62 -17.61
146558 -40 -12.62 -17.61
148852 -40 -12.62 -17.61
146750 -40 -12.62 -17.61
141610 -40 -12.62 -17.61
147493 -40 -12.62 -17.61
160360 -40 -11.47 21.29
160608 -40 -11.47 21.29
163638 -40 -11.47 21.29
161347 -40 -11.47 21.29
155985 -40 -11.47 21.29
156899 -40 -11.47 21.29
156903 -40 -11.47 21.29
161478 -40 -11.47 21.29
165757 -40 -11.47 21.29
163612 -40 -11.47 21.29
158889 -40 -11.47 21.29
159911 -40 -11.47 21.29
161371 -40 -11.47 21.29
159144 -40 -11.47 21.29
161793 -40 -11.47 21.29
161781 -40 -11.47 21.29
159500 -40 -11.47 21.29
164529 -40 -11.47 21.29
155945 -40 -11.47 21.29
163316 -40 -11.47 21.29
161718 -40 -11.47 21.29
162720 -40 -11.47 21.29
159742 -40 -11.47 21.29
161434 -40 -11.47 21.29
159938 -40 -11.47 21.29
167534 -40 -11.47 21.29
161143 -40 -11.47 21.29
165248 -40 -11.47 21.29
162701 -40 -11.47 21.29
165355 -40 -11.47 21.29
160839 -40 -11.47 21.29
159504 -40 -11.47 21.29
159380 -40 -11.47 21.29
161781 -40 -11.47 21.29
161529 -40 -11.47 21.29
164338 -40 -11.47 21.29
162817 -40 -11.47 21.29
158584 -40 -11.47 21.29
161316 -40 -11.47 21.29
77266 -40 -7.51 -9.02
75361 -40 -7.51 -9.02
78037 -40 -7.51 -9.02
77682 -40 -7.51 -9.02
83763 -40 -7.51 -9.02
80208 -40 -7.51 -9.02
79614 -40 -7.51 -9.02
77743 -40 -7.51 -9.02
80861 -40 -7.51 -9.02
84030 -40 -7.51 -9.02
73398 -40 -7.51 -9.02
76317 -40 -7.51 -9.02
79895 -40 -7.51 -9.02
78092 -40 -7.51 -9.02
78866 -40 -7.51 -9.02
77961 -40 -7.51 -9.02
80123 -40 -7.51 -9.02
81436 -40 -7.51 -9.02
79897 -40 -7.51 -9.02
78388 -40 -7.51 -9.02
81565 -40 -7.51 -9.02
83756 -40 -7.51 -9.02
76564 -40 -7.51 -9.02
74530 -40 -7.51 -9.02
78535 -40 -7.51 -9.02
72923 -40 -7.51 -9.02
78522 -40 -7.51 -9.02
78508 -40 -7.51 -9.02
77285 -40 -7.51 -9.02
80008 -40 -7.51 -9.02
78021 -40 -7.51 -9.02
75292 -40 -7.51 -9.02
73677 -40 -7.51 -9.02
77490 -40 -7.51 -9.02
79236 -40 -7.51 -9.02
80099 -40 -7.51 -9.02
75074 -40 -7.51 -9.02
77146 -40 -7.51 -9.02
77892 -40 -7.51 -9.02
170090 -40 18.95 -17.06
170618 -40 18.95 -17.06
170357 -40 18.95 -17.06
168687 -40 18.95 -17.06
170244 -40 18.95 -17.06
171742 -40 18.95 -17.06
167279 -40 18.95 -17.06
164988 -40 18.95 -17.06
167974 -40 18.95 -17.06
173797 -40 18.95 -17.06
167784 -40 18.95 -17.06
168188 -40 18.95 -17.06
173952 -40 18.95 -17.06
169635 -40 18.95 -17.06
169165 -40 18.95 -17.06
167359 -40 18.95 -17.06
171060 -40 18.95 -17.06
169899 -40 18.95 -17.06
171578 -40 18.95 -17.06
166063 -40 18.95 -17.06
166621 -40 18.95 -17.06
166348 -40 18.95 -17.06
165427 -40 18.95 -17.06
170589 -40 18.95 -17.06
169139 -40 18.95 -17.06
170289 -40 18.95 -17.06
172727 -40 18.95 -17.06
172216 -40 18.95 -17.06
165208 -40 18.95 -17.06
171549 -40 18.95 -17.06
170229 -40 18.95 -17.06
170836 -40 18.95 -17.06
169690 -40 18.95 -17.06
172705 -40 18.95 -17.06
168864 -40 18.95 -17.06
169144 -40 18.95 -17.06
169122 -40 18.95 -17.06
172415 -40 18.95 -17.06
170746 -40 18.95 -17.06
196924 -40 28.13 -6.18
194099 -40 28.13 -6.18
193437 -40 28.13 -6.18
193165 -40 28.13 -6.18
196234 -40 28.13 -6.18
188016 -40 28.13 -6.18
191906 -40 28.13 -6.18
188057 -40 28.13 -6.18
195198 -40 28.13 -6.18
195794 -40 28.13 -6.18
191839 -40 28.13 -6.18
192897 -40 28.13 -6.18
194563 -40 28.13 -6.18
194147 -40 28.13 -6.18
194205 -40 28.13 -6.18
188774 -40 28.13 -6.18
188074 -40 28.13 -6.18
192120 -40 28.13 -6.18
192065 -40 28.13 -6.18
192155 -40 28.13 -6.18
189148 -40 28.13 -6.18
187753 -40 28.13 -6.18
186721 -40 28.13 -6.18
192525 -40 28.13 -6.18
191744 -40 28.13 -6.18
193938 -40 28.13 -6.18
191256 -40 28.13 -6.18
188144 -40 28.13 -6.18
192367 -40 28.13 -6.18
188292 -40 28.13 -6.18
188936 -40 28.13 -6.18
192755 -40 28.13 -6.18
197410 -40 28.13 -6.18
193417 -40 28.13 -6.18
189369 -40 28.13 -6.18
191769 -40 28.13 -6.18
190392 -40 28.13 -6.18
201158 -40 28.13 -6.18
192354 -40 28.13 -6.18
