#rtt sig_str x y
210950 -40 25.45 18.28
212480 -40 25.45 18.28
212539 -40 25.45 18.28
211457 -40 25.45 18.28
204399 -40 25.45 18.28
210767 -40 25.45 18.28
213558 -40 25.45 18.28
209202 -40 25.45 18.28
207222 -40 25.45 18.28
212360 -40 25.45 18.28
209070 -40 25.45 18.28
209187 -40 25.45 18.28
207304 -40 25.45 18.28
208443 -40 25.45 18.28
211427 -40 25.45 18.28
207581 -40 25.45 18.28
208546 -40 25.45 18.28
210246 -40 25.45 18.28
211953 -40 25.45 18.28
206320 -40 25.45 18.28
208874 -40 25.45 18.28
209466 -40 25.45 18.28
209433 -40 25.45 18.28
207063 -40 25.45 18.28
209917 -40 25.45 18.28
209843 -40 25.45 18.28
209282 -40 25.45 18.28
205213 -40 25.45 18.28
207819 -40 25.45 18.28
209923 -40 25.45 18.28
210305 -40 25.45 18.28
203626 -40 25.45 18.28
211175 -40 25.45 18.28
209100 -40 25.45 18.28
209269 -40 25.45 18.28
207404 -40 25.45 18.28
205912 -40 25.45 18.28
208758 -40 25.45 18.28
208452 -40 25.45 18.28
146927 -40 -20.53 8.25
146601 -40 -20.53 8.25
148570 -40 -20.53 8.25
147923 -40 -20.53 8.25
144506 -40 -20.53 8.25
146511 -40 -20.53 8.25
148504 -40 -20.53 8.25
151036 -40 -20.53 8.25
144056 -40 -20.53 8.25
148640 -40 -20.53 8.25
149049 -40 -20.53 8.25
143526 -40 -20.53 8.25
143196 -40 -20.53 8.25
144603 -40 -20.53 8.25
146954 -40 -20.53 8.25
146842 -40 -20.53 8.25
147647 -40 -20.53 8.25
147995 -40 -20.53 8.25
143142 -40 -20.53 8.25
145167 -40 -20.53 8.25
144422 -40 -20.53 8.25
144915 -40 -20.53 8.25
141283 -40 -20.53 8.25
149794 -40 -20.53 8.25
146208 -40 -20.53 8.25
146454 -40 -20.53 8.25
148487 -40 -20.53 8.25
154482 -40 -20.53 8.25
142263 -40 -20.53 8.25
147200 -40 -20.53 8.25
146930 -40 -20.53 8.25
149123 -40 -20.53 8.25
149759 -40 -20.53 8.25
151745 -40 -20.53 8.25
148608 -40 -20.53 8.25
144696 -40 -20.53 8.25
148149 -40 -20.53 8.25
143274 -40 -20.53 8.25
146885 -40 -20.53 8.25
239019 -40 22.02 28.75
235656 -40 22.02 28.75
238923 -40 22.02 28.75
239643 -40 22.02 28.75
241150 -40 22.02 28.75
241233 -40 22.02 28.75
238399 -40 22.02 28.75
242782 -40 22.02 28.75
243501 -40 22.02 28.75
240491 -40 22.02 28.75
240470 -40 22.02 28.75
244423 -40 22.02 28.75
243209 -40 22.02 28.75
244302 -40 22.02 28.75
241384 -40 22.02 28.75
239179 -40 22.02 28.75
243105 -40 22.02 28.75
244505 -40 22.02 28.75
242986 -40 22.02 28.75
239194 -40 22.02 28.75
240919 -40 22.02 28.75
240627 -40 22.02 28.75
241748 -40 22.02 28.75
239534 -40 22.02 28.75
243938 -40 22.02 28.75
244605 -40 22.02 28.75
241683 -40 22.02 28.75
243278 -40 22.02 28.75
239034 -40 22.02 28.75
245696 -40 22.02 28.75
242145 -40 22.02 28.75
237839 -40 22.02 28.75
238332 -40 22.02 28.75
236797 -40 22.02 28.75
238166 -40 22.02 28.75
244829 -40 22.02 28.75
240537 -40 22.02 28.75
236566 -40 22.02 28.75
246794 -40 22.02 28.75
171546 -40 -24.95 -6.13
175081 -40 -24.95 -6.13
173555 -40 -24.95 -6.13
170173 -40 -24.95 -6.13
173413 -40 -24.95 -6.13
173559 -40 -24.95 -6.13
172944 -40 -24.95 -6.13
168260 -40 -24.95 -6.13
171888 -40 -24.95 -6.13
172578 -40 -24.95 -6.13
173003 -40 -24.95 -6.13
171891 -40 -24.95 -6.13
170990 -40 -24.95 -6.13
171836 -40 -24.95 -6.13
173643 -40 -24.95 -6.13
169997 -40 -24.95 -6.13
172972 -40 -24.95 -6.13
165900 -40 -24.95 -6.13
173524 -40 -24.95 -6.13
171385 -40 -24.95 -6.13
167915 -40 -24.95 -6.13
171231 -40 -24.95 -6.13
167495 -40 -24.95 -6.13
172817 -40 -24.95 -6.13
169109 -40 -24.95 -6.13
170568 -40 -24.95 -6.13
168581 -40 -24.95 -6.13
174573 -40 -24.95 -6.13
173097 -40 -24.95 -6.13
170599 -40 -24.95 -6.13
170597 -40 -24.95 -6.13
172603 -40 -24.95 -6.13
174328 -40 -24.95 -6.13
167809 -40 -24.95 -6.13
167049 -40 -24.95 -6.13
171369 -40 -24.95 -6.13
169670 -40 -24.95 -6.13
165515 -40 -24.95 -6.13
173767 -40 -24.95 -6.13
80098 -40 4.42 11.92
82283 -40 4.42 11.92
82754 -40 4.42 11.92
87968 -40 4.42 11.92
89520 -40 4.42 11.92
87601 -40 4.42 11.92
85453 -40 4.42 11.92
83923 -40 4.42 11.92
79088 -40 4.42 11.92
86449 -40 4.42 11.92
86557 -40 4.42 11.92
87953 -40 4.42 11.92
80751 -40 4.42 11.92
83496 -40 4.42 11.92
82988 -40 4.42 11.92
86286 -40 4.42 11.92
87356 -40 4.42 11.92
84259 -40 4.42 11.92
78885 -40 4.42 11.92
88270 -40 4.42 11.92
87710 -40 4.42 11.92
84870 -40 4.42 11.92
88059 -40 4.42 11.92
85725 -40 4.42 11.92
81974 -40 4.42 11.92
85366 -40 4.42 11.92
84895 -40 4.42 11.92
86378 -40 4.42 11.92
80778 -40 4.42 11.92
83727 -40 4.42 11.92
86947 -40 4.42 11.92
85865 -40 4.42 11.92
86927 -40 4.42 11.92
83220 -40 4.42 11.92
83929 -40 4.42 11.92
81119 -40 4.42 11.92
85431 -40 4.42 11.92
86630 -40 4.42 11.92
83477 -40 4.42 11.92
196463 -40 -13.09 26.48
199251 -40 -13.09 26.48
194886 -40 -13.09 26.48
200803 -40 -13.09 26.48
196283 -40 -13.09 26.48
199239 -40 -13.09 26.48
198893 -40 -13.09 26.48
199256 -40 -13.09 26.48
196259 -40 -13.09 26.48
200115 -40 -13.09 26.48
194996 -40 -13.09 26.48
195191 -40 -13.09 26.48
200654 -40 -13.09 26.48
196461 -40 -13.09 26.48
195380 -40 -13.09 26.48
197913 -40 -13.09 26.48
197502 -40 -13.09 26.48
194842 -40 -13.09 26.48
192747 -40 -13.09 26.48
201457 -40 -13.09 26.48
193857 -40 -13.09 26.48
195470 -40 -13.09 26.48
196458 -40 -13.09 26.48
203221 -40 -13.09 26.48
200133 -40 -13.09 26.48
196139 -40 -13.09 26.48
199812 -40 -13.09 26.48
198062 -40 -13.09 26.48
198145 -40 -13.09 26.48
192193 -40 -13.09 26.48
196446 -40 -13.09 26.48
198694 -40 -13.09 26.48
197532 -40 -13.09 26.48
198474 -40 -13.09 26.48
193879 -40 -13.09 26.48
198632 -40 -13.09 26.48
197079 -40 -13.09 26.48
194082 -40 -13.09 26.48
194189 -40 -13.09 26.48
151554 -40 -14.63 -18.01
150443 -40 -14.63 -18.01
156463 -40 -14.63 -18.01
155351 -40 -14.63 -18.01
154857 -40 -14.63 -18.01
155546 -40 -14.63 -18.01
154551 -40 -14.63 -18.01
155502 -40 -14.63 -18.01
155173 -40 -14.63 -18.01
153017 -40 -14.63 -18.01
158397 -40 -14.63 -18.01
159394 -40 -14.63 -18.01
156331 -40 -14.63 -18.01
152607 -40 -14.63 -18.01
151703 -40 -14.63 -18.01
158542 -40 -14.63 -18.01
152223 -40 -14.63 -18.01
152569 -40 -14.63 -18.01
155624 -40 -14.63 -18.01
155428 -40 -14.63 -18.01
155767 -40 -14.63 -18.01
155472 -40 -14.63 -18.01
153820 -40 -14.63 -18.01
154129 -40 -14.63 -18.01
157984 -40 -14.63 -18.01
153243 -40 -14.63 -18.01
148804 -40 -14.63 -18.01
155130 -40 -14.63 -18.01
150484 -40 -14.63 -18.01
151459 -40 -14.63 -18.01
155962 -40 -14.63 -18.01
151867 -40 -14.63 -18.01
152313 -40 -14.63 -18.01
155308 -40 -14.63 -18.01
158348 -40 -14.63 -18.01
147205 -40 -14.63 -18.01
151727 -40 -14.63 -18.01
154158 -40 -14.63 -18.01
153843 -40 -14.63 -18.01
31713 -40 3.84 1.77
31705 -40 3.84 1.77
27269 -40 3.84 1.77
26930 -40 3.84 1.77
26445 -40 3.84 1.77
31836 -40 3.84 1.77
34765 -40 3.84 1.77
31154 -40 3.84 1.77
22871 -40 3.84 1.77
27305 -40 3.84 1.77
28956 -40 3.84 1.77
27258 -40 3.84 1.77
33465 -40 3.84 1.77
27529 -40 3.84 1.77
32960 -40 3.84 1.77
20990 -40 3.84 1.77
31127 -40 3.84 1.77
28917 -40 3.84 1.77
28468 -40 3.84 1.77
28419 -40 3.84 1.77
30786 -40 3.84 1.77
25760 -40 3.84 1.77
28218 -40 3.84 1.77
27743 -40 3.84 1.77
28567 -40 3.84 1.77
24211 -40 3.84 1.77
29336 -40 3.84 1.77
26622 -40 3.84 1.77
23162 -40 3.84 1.77
29452 -40 3.84 1.77
29518 -40 3.84 1.77
29329 -40 3.84 1.77
29823 -40 3.84 1.77
29716 -40 3.84 1.77
26240 -40 3.84 1.77
28117 -40 3.84 1.77
32069 -40 3.84 1.77
28374 -40 3.84 1.77
29006 -40 3.84 1.77
180291 -40 -16.81 20.55
177398 -40 -16.81 20.55
180840 -40 -16.81 20.55
178702 -40 -16.81 20.55
176067 -40 -16.81 20.55
174598 -40 -16.81 20.55
174525 -40 -16.81 20.55
175576 -40 -16.81 20.55
176071 -40 -16.81 20.55
177936 -40 -16.81 20.55
182464 -40 -16.81 20.55
176316 -40 -16.81 20.55
176372 -40 -16.81 20.55
174552 -40 -16.81 20.55
176878 -40 -16.81 20.55
178713 -40 -16.81 20.55
177118 -40 -16.81 20.55
175625 -40 -16.81 20.55
177299 -40 -16.81 20.55
175605 -40 -16.81 20.55
178529 -40 -16.81 20.55
175690 -40 -16.81 20.55
178180 -40 -16.81 20.55
174940 -40 -16.81 20.55
178856 -40 -16.81 20.55
178544 -40 -16.81 20.55
178924 -40 -16.81 20.55
175353 -40 -16.81 20.55
176851 -40 -16.81 20.55
179526 -40 -16.81 20.55
176092 -40 -16.81 20.55
175210 -40 -16.81 20.55
177695 -40 -16.81 20.55
178701 -40 -16.81 20.55
180115 -40 -16.81 20.55
175314 -40 -16.81 20.55
179333 -40 -16.81 20.55
178608 -40 -16.81 20.55
181156 -40 -16.81 20.55
193520 -40 8.92 -26.79
186971 -40 8.92 -26.79
185925 -40 8.92 -26.79
195027 -40 8.92 -26.79
189157 -40 8.92 -26.79
188989 -40 8.92 -26.79
188975 -40 8.92 -26.79
184598 -40 8.92 -26.79
185709 -40 8.92 -26.79
187586 -40 8.92 -26.79
188205 -40 8.92 -26.79
189337 -40 8.92 -26.79
187883 -40 8.92 -26.79
188714 -40 8.92 -26.79
188943 -40 8.92 -26.79
185965 -40 8.92 -26.79
192039 -40 8.92 -26.79
188819 -40 8.92 -26.79
188021 -40 8.92 -26.79
189817 -40 8.92 -26.79
187551 -40 8.92 -26.79
187208 -40 8.92 -26.79
191373 -40 8.92 -26.79
186784 -40 8.92 -26.79
188329 -40 8.92 -26.79
195200 -40 8.92 -26.79
185068 -40 8.92 -26.79
190270 -40 8.92 -26.79
190323 -40 8.92 -26.79
184724 -40 8.92 -26.79
185820 -40 8.92 -26.79
188528 -40 8.92 -26.79
185675 -40 8.92 -26.79
187168 -40 8.92 -26.79
188009 -40 8.92 -26.79
185653 -40 8.92 -26.79
189211 -40 8.92 -26.79
186847 -40 8.92 -26.79
191808 -40 8.92 -26.79
