#rtt sig_str x y
140228 -40 -11.95 16.48
136805 -40 -11.95 16.48
135811 -40 -11.95 16.48
136796 -40 -11.95 16.48
139668 -40 -11.95 16.48
138363 -40 -11.95 16.48
135403 -40 -11.95 16.48
134393 -40 -11.95 16.48
132980 -40 -11.95 16.48
133784 -40 -11.95 16.48
138611 -40 -11.95 16.48
135365 -40 -11.95 16.48
136522 -40 -11.95 16.48
134791 -40 -11.95 16.48
139108 -40 -11.95 16.48
130955 -40 -11.95 16.48
136705 -40 -11.95 16.48
138365 -40 -11.95 16.48
134539 -40 -11.95 16.48
135256 -40 -11.95 16.48
137937 -40 -11.95 16.48
132063 -40 -11.95 16.48
142923 -40 -11.95 16.48
139810 -40 -11.95 16.48
134649 -40 -11.95 16.48
138940 -40 -11.95 16.48
136614 -40 -11.95 16.48
135955 -40 -11.95 16.48
138246 -40 -11.95 16.48
140886 -40 -11.95 16.48
135700 -40 -11.95 16.48
139512 -40 -11.95 16.48
133567 -40 -11.95 16.48
137201 -40 -11.95 16.48
131391 -40 -11.95 16.48
135761 -40 -11.95 16.48
137550 -40 -11.95 16.48
134983 -40 -11.95 16.48
136286 -40 -11.95 16.48
157999 -40 -18.79 13.71
155973 -40 -18.79 13.71
158094 -40 -18.79 13.71
154352 -40 -18.79 13.71
157199 -40 -18.79 13.71
155507 -40 -18.79 13.71
160718 -40 -18.79 13.71
155806 -40 -18.79 13.71
154415 -40 -18.79 13.71
156530 -40 -18.79 13.71
154950 -40 -18.79 13.71
158202 -40 -18.79 13.71
154367 -40 -18.79 13.71
157960 -40 -18.79 13.71
156167 -40 -18.79 13.71
155247 -40 -18.79 13.71
157065 -40 -18.79 13.71
155591 -40 -18.79 13.71
156310 -40 -18.79 13.71
157626 -40 -18.79 13.71
156139 -40 -18.79 13.71
156889 -40 -18.79 13.71
157466 -40 -18.79 13.71
154271 -40 -18.79 13.71
153867 -40 -18.79 13.71
161067 -40 -18.79 13.71
154665 -40 -18.79 13.71
158773 -40 -18.79 13.71
154121 -40 -18.79 13.71
158544 -40 -18.79 13.71
155763 -40 -18.79 13.71
154835 -40 -18.79 13.71
155310 -40 -18.79 13.71
156677 -40 -18.79 13.71
151788 -40 -18.79 13.71
151454 -40 -18.79 13.71
154224 -40 -18.79 13.71
155043 -40 -18.79 13.71
151224 -40 -18.79 13.71
85453 -40 -10.61 7.9
86849 -40 -10.61 7.9
89982 -40 -10.61 7.9
90655 -40 -10.61 7.9
87971 -40 -10.61 7.9
83662 -40 -10.61 7.9
92464 -40 -10.61 7.9
87106 -40 -10.61 7.9
89288 -40 -10.61 7.9
89076 -40 -10.61 7.9
91951 -40 -10.61 7.9
86560 -40 -10.61 7.9
89801 -40 -10.61 7.9
90224 -40 -10.61 7.9
90857 -40 -10.61 7.9
88034 -40 -10.61 7.9
85878 -40 -10.61 7.9
86530 -40 -10.61 7.9
83353 -40 -10.61 7.9
86808 -40 -10.61 7.9
89544 -40 -10.61 7.9
89053 -40 -10.61 7.9
88060 -40 -10.61 7.9
86068 -40 -10.61 7.9
90507 -40 -10.61 7.9
84052 -40 -10.61 7.9
88141 -40 -10.61 7.9
89427 -40 -10.61 7.9
89975 -40 -10.61 7.9
84753 -40 -10.61 7.9
85471 -40 -10.61 7.9
92427 -40 -10.61 7.9
84571 -40 -10.61 7.9
91413 -40 -10.61 7.9
94062 -40 -10.61 7.9
90683 -40 -10.61 7.9
84467 -40 -10.61 7.9
87786 -40 -10.61 7.9
88644 -40 -10.61 7.9
116167 -40 9.95 14.47
119118 -40 9.95 14.47
112997 -40 9.95 14.47
110286 -40 9.95 14.47
123542 -40 9.95 14.47
112515 -40 9.95 14.47
120389 -40 9.95 14.47
117703 -40 9.95 14.47
117417 -40 9.95 14.47
115452 -40 9.95 14.47
115304 -40 9.95 14.47
117894 -40 9.95 14.47
120488 -40 9.95 14.47
118681 -40 9.95 14.47
118262 -40 9.95 14.47
115484 -40 9.95 14.47
121939 -40 9.95 14.47
115058 -40 9.95 14.47
116754 -40 9.95 14.47
118441 -40 9.95 14.47
118418 -40 9.95 14.47
118202 -40 9.95 14.47
117457 -40 9.95 14.47
111492 -40 9.95 14.47
113512 -40 9.95 14.47
121216 -40 9.95 14.47
115497 -40 9.95 14.47
114523 -40 9.95 14.47
122039 -40 9.95 14.47
115436 -40 9.95 14.47
118501 -40 9.95 14.47
116313 -40 9.95 14.47
114676 -40 9.95 14.47
115611 -40 9.95 14.47
121749 -40 9.95 14.47
117688 -40 9.95 14.47
114570 -40 9.95 14.47
112840 -40 9.95 14.47
115180 -40 9.95 14.47
105261 -40 4.02 14.91
104626 -40 4.02 14.91
104646 -40 4.02 14.91
104226 -40 4.02 14.91
103942 -40 4.02 14.91
104684 -40 4.02 14.91
106034 -40 4.02 14.91
100294 -40 4.02 14.91
101564 -40 4.02 14.91
105892 -40 4.02 14.91
102292 -40 4.02 14.91
102938 -40 4.02 14.91
102976 -40 4.02 14.91
98468 -40 4.02 14.91
106014 -40 4.02 14.91
104775 -40 4.02 14.91
103131 -40 4.02 14.91
101330 -40 4.02 14.91
98986 -40 4.02 14.91
102370 -40 4.02 14.91
106031 -40 4.02 14.91
105865 -40 4.02 14.91
99237 -40 4.02 14.91
99335 -40 4.02 14.91
100515 -40 4.02 14.91
104942 -40 4.02 14.91
106461 -40 4.02 14.91
102549 -40 4.02 14.91
103956 -40 4.02 14.91
107957 -40 4.02 14.91
102734 -40 4.02 14.91
107418 -40 4.02 14.91
101485 -40 4.02 14.91
100515 -40 4.02 14.91
98890 -40 4.02 14.91
103509 -40 4.02 14.91
102117 -40 4.02 14.91
103725 -40 4.02 14.91
96814 -40 4.02 14.91
41235 -40 -6.11 1.82
46398 -40 -6.11 1.82
41981 -40 -6.11 1.82
42779 -40 -6.11 1.82
42406 -40 -6.11 1.82
42327 -40 -6.11 1.82
45361 -40 -6.11 1.82
45538 -40 -6.11 1.82
40554 -40 -6.11 1.82
42627 -40 -6.11 1.82
42927 -40 -6.11 1.82
40547 -40 -6.11 1.82
37406 -40 -6.11 1.82
42215 -40 -6.11 1.82
42013 -40 -6.11 1.82
44723 -40 -6.11 1.82
41827 -40 -6.11 1.82
40105 -40 -6.11 1.82
44024 -40 -6.11 1.82
42691 -40 -6.11 1.82
42563 -40 -6.11 1.82
43573 -40 -6.11 1.82
40996 -40 -6.11 1.82
44752 -40 -6.11 1.82
39896 -40 -6.11 1.82
45782 -40 -6.11 1.82
42312 -40 -6.11 1.82
41175 -40 -6.11 1.82
46382 -40 -6.11 1.82
42210 -40 -6.11 1.82
43409 -40 -6.11 1.82
40932 -40 -6.11 1.82
39671 -40 -6.11 1.82
42864 -40 -6.11 1.82
43394 -40 -6.11 1.82
41688 -40 -6.11 1.82
41150 -40 -6.11 1.82
41347 -40 -6.11 1.82
41867 -40 -6.11 1.82
182689 -40 -7.24 25.87
179061 -40 -7.24 25.87
173498 -40 -7.24 25.87
179244 -40 -7.24 25.87
179240 -40 -7.24 25.87
176978 -40 -7.24 25.87
179046 -40 -7.24 25.87
177163 -40 -7.24 25.87
180445 -40 -7.24 25.87
173376 -40 -7.24 25.87
176037 -40 -7.24 25.87
184481 -40 -7.24 25.87
178963 -40 -7.24 25.87
178803 -40 -7.24 25.87
181791 -40 -7.24 25.87
179657 -40 -7.24 25.87
179955 -40 -7.24 25.87
179965 -40 -7.24 25.87
177491 -40 -7.24 25.87
179938 -40 -7.24 25.87
184426 -40 -7.24 25.87
176301 -40 -7.24 25.87
178037 -40 -7.24 25.87
182416 -40 -7.24 25.87
184022 -40 -7.24 25.87
179097 -40 -7.24 25.87
175050 -40 -7.24 25.87
181253 -40 -7.24 25.87
179992 -40 -7.24 25.87
180506 -40 -7.24 25.87
178827 -40 -7.24 25.87
179078 -40 -7.24 25.87
179385 -40 -7.24 25.87
180552 -40 -7.24 25.87
185130 -40 -7.24 25.87
175415 -40 -7.24 25.87
177437 -40 -7.24 25.87
176274 -40 -7.24 25.87
182138 -40 -7.24 25.87
212564 -40 -29.37 12.26
212440 -40 -29.37 12.26
214576 -40 -29.37 12.26
212158 -40 -29.37 12.26
213817 -40 -29.37 12.26
214512 -40 -29.37 12.26
211893 -40 -29.37 12.26
211001 -40 -29.37 12.26
213275 -40 -29.37 12.26
211180 -40 -29.37 12.26
209856 -40 -29.37 12.26
210032 -40 -29.37 12.26
215465 -40 -29.37 12.26
213275 -40 -29.37 12.26
210569 -40 -29.37 12.26
209337 -40 -29.37 12.26
208726 -40 -29.37 12.26
215804 -40 -29.37 12.26
210502 -40 -29.37 12.26
208185 -40 -29.37 12.26
211661 -40 -29.37 12.26
207064 -40 -29.37 12.26
211735 -40 -29.37 12.26
216334 -40 -29.37 12.26
211751 -40 -29.37 12.26
212673 -40 -29.37 12.26
216128 -40 -29.37 12.26
208481 -40 -29.37 12.26
212105 -40 -29.37 12.26
213711 -40 -29.37 12.26
211977 -40 -29.37 12.26
209450 -40 -29.37 12.26
214384 -40 -29.37 12.26
209098 -40 -29.37 12.26
215345 -40 -29.37 12.26
215302 -40 -29.37 12.26
210951 -40 -29.37 12.26
211705 -40 -29.37 12.26
213450 -40 -29.37 12.26
204157 -40 -19.78 23.69
206928 -40 -19.78 23.69
210272 -40 -19.78 23.69
202920 -40 -19.78 23.69
210332 -40 -19.78 23.69
205666 -40 -19.78 23.69
203226 -40 -19.78 23.69
208171 -40 -19.78 23.69
212144 -40 -19.78 23.69
201292 -40 -19.78 23.69
202711 -40 -19.78 23.69
201304 -40 -19.78 23.69
204079 -40 -19.78 23.69
207602 -40 -19.78 23.69
207623 -40 -19.78 23.69
204540 -40 -19.78 23.69
208609 -40 -19.78 23.69
205268 -40 -19.78 23.69
205334 -40 -19.78 23.69
204822 -40 -19.78 23.69
204635 -40 -19.78 23.69
206742 -40 -19.78 23.69
207170 -40 -19.78 23.69
209323 -40 -19.78 23.69
203538 -40 -19.78 23.69
206245 -40 -19.78 23.69
205395 -40 -19.78 23.69
208790 -40 -19.78 23.69
206768 -40 -19.78 23.69
208769 -40 -19.78 23.69
204280 -40 -19.78 23.69
205058 -40 -19.78 23.69
208231 -40 -19.78 23.69
205204 -40 -19.78 23.69
206820 -40 -19.78 23.69
205126 -40 -19.78 23.69
201751 -40 -19.78 23.69
202489 -40 -19.78 23.69
202296 -40 -19.78 23.69
208261 -40 -22.6 21.78
208434 -40 -22.6 21.78
207866 -40 -22.6 21.78
211703 -40 -22.6 21.78
208028 -40 -22.6 21.78
208311 -40 -22.6 21.78
207899 -40 -22.6 21.78
205706 -40 -22.6 21.78
213517 -40 -22.6 21.78
211023 -40 -22.6 21.78
206284 -40 -22.6 21.78
210959 -40 -22.6 21.78
212276 -40 -22.6 21.78
208406 -40 -22.6 21.78
211282 -40 -22.6 21.78
210309 -40 -22.6 21.78
213270 -40 -22.6 21.78
211466 -40 -22.6 21.78
210114 -40 -22.6 21.78
207488 -40 -22.6 21.78
211178 -40 -22.6 21.78
209097 -40 -22.6 21.78
208492 -40 -22.6 21.78
211542 -40 -22.6 21.78
213279 -40 -22.6 21.78
210745 -40 -22.6 21.78
209487 -40 -22.6 21.78
205703 -40 -22.6 21.78
208494 -40 -22.6 21.78
207550 -40 -22.6 21.78
209206 -40 -22.6 21.78
211438 -40 -22.6 21.78
205479 -40 -22.6 21.78
206348 -40 -22.6 21.78
205041 -40 -22.6 21.78
208633 -40 -22.6 21.78
206670 -40 -22.6 21.78
212084 -40 -22.6 21.78
207296 -40 -22.6 21.78
