#rtt sig_str x y
194327 -40 19.47 21.75
189894 -40 19.47 21.75
189820 -40 19.47 21.75
190274 -40 19.47 21.75
195788 -40 19.47 21.75
194440 -40 19.47 21.75
195653 -40 19.47 21.75
198528 -40 19.47 21.75
195479 -40 19.47 21.75
192047 -40 19.47 21.75
195563 -40 19.47 21.75
193724 -40 19.47 21.75
195865 -40 19.47 21.75
199221 -40 19.47 21.75
193966 -40 19.47 21.75
192416 -40 19.47 21.75
196076 -40 19.47 21.75
193885 -40 19.47 21.75
195052 -40 19.47 21.75
192250 -40 19.47 21.75
192041 -40 19.47 21.75
195037 -40 19.47 21.75
196857 -40 19.47 21.75
197139 -40 19.47 21.75
190979 -40 19.47 21.75
194187 -40 19.47 21.75
195125 -40 19.47 21.75
193901 -40 19.47 21.75
194921 -40 19.47 21.75
191842 -40 19.47 21.75
196203 -40 19.47 21.75
192045 -40 19.47 21.75
200540 -40 19.47 21.75
195285 -40 19.47 21.75
196550 -40 19.47 21.75
195339 -40 19.47 21.75
197181 -40 19.47 21.75
199208 -40 19.47 21.75
196023 -40 19.47 21.75
217268 -40 -19.12 -25.85
212703 -40 -19.12 -25.85
215421 -40 -19.12 -25.85
214283 -40 -19.12 -25.85
217394 -40 -19.12 -25.85
215298 -40 -19.12 -25.85
212865 -40 -19.12 -25.85
214442 -40 -19.12 -25.85
214296 -40 -19.12 -25.85
217350 -40 -19.12 -25.85
214644 -40 -19.12 -25.85
213450 -40 -19.12 -25.85
211907 -40 -19.12 -25.85
215953 -40 -19.12 -25.85
214554 -40 -19.12 -25.85
222135 -40 -19.12 -25.85
211825 -40 -19.12 -25.85
211934 -40 -19.12 -25.85
217592 -40 -19.12 -25.85
220448 -40 -19.12 -25.85
218865 -40 -19.12 -25.85
212031 -40 -19.12 -25.85
212910 -40 -19.12 -25.85
214503 -40 -19.12 -25.85
217607 -40 -19.12 -25.85
215196 -40 -19.12 -25.85
216034 -40 -19.12 -25.85
214569 -40 -19.12 -25.85
213849 -40 -19.12 -25.85
212438 -40 -19.12 -25.85
220427 -40 -19.12 -25.85
216716 -40 -19.12 -25.85
214699 -40 -19.12 -25.85
219057 -40 -19.12 -25.85
214513 -40 -19.12 -25.85
215234 -40 -19.12 -25.85
214721 -40 -19.12 -25.85
214381 -40 -19.12 -25.85
214286 -40 -19.12 -25.85
152933 -40 22.64 2.54
154267 -40 22.64 2.54
152255 -40 22.64 2.54
154646 -40 22.64 2.54
148657 -40 22.64 2.54
153816 -40 22.64 2.54
154256 -40 22.64 2.54
150523 -40 22.64 2.54
150058 -40 22.64 2.54
154373 -40 22.64 2.54
150688 -40 22.64 2.54
147670 -40 22.64 2.54
151737 -40 22.64 2.54
149085 -40 22.64 2.54
149852 -40 22.64 2.54
154373 -40 22.64 2.54
150761 -40 22.64 2.54
153031 -40 22.64 2.54
152090 -40 22.64 2.54
152109 -40 22.64 2.54
153151 -40 22.64 2.54
152167 -40 22.64 2.54
150399 -40 22.64 2.54
153229 -40 22.64 2.54
157421 -40 22.64 2.54
148285 -40 22.64 2.54
151657 -40 22.64 2.54
151308 -40 22.64 2.54
153076 -40 22.64 2.54
148797 -40 22.64 2.54
148769 -40 22.64 2.54
146664 -40 22.64 2.54
149399 -40 22.64 2.54
152821 -40 22.64 2.54
154544 -40 22.64 2.54
152953 -40 22.64 2.54
151730 -40 22.64 2.54
152918 -40 22.64 2.54
155803 -40 22.64 2.54
188337 -40 27.9 3.26
190995 -40 27.9 3.26
186806 -40 27.9 3.26
187980 -40 27.9 3.26
190513 -40 27.9 3.26
188065 -40 27.9 3.26
184570 -40 27.9 3.26
185998 -40 27.9 3.26
189819 -40 27.9 3.26
185087 -40 27.9 3.26
188657 -40 27.9 3.26
185793 -40 27.9 3.26
182839 -40 27.9 3.26
184165 -40 27.9 3.26
189571 -40 27.9 3.26
192655 -40 27.9 3.26
188354 -40 27.9 3.26
183877 -40 27.9 3.26
188539 -40 27.9 3.26
188744 -40 27.9 3.26
181707 -40 27.9 3.26
184617 -40 27.9 3.26
190670 -40 27.9 3.26
191035 -40 27.9 3.26
182925 -40 27.9 3.26
191788 -40 27.9 3.26
193833 -40 27.9 3.26
188028 -40 27.9 3.26
185561 -40 27.9 3.26
188096 -40 27.9 3.26
190057 -40 27.9 3.26
186433 -40 27.9 3.26
184281 -40 27.9 3.26
188946 -40 27.9 3.26
186219 -40 27.9 3.26
189120 -40 27.9 3.26
189086 -40 27.9 3.26
183719 -40 27.9 3.26
185484 -40 27.9 3.26
225436 -40 -29.79 -15.76
220205 -40 -29.79 -15.76
220598 -40 -29.79 -15.76
222417 -40 -29.79 -15.76
222176 -40 -29.79 -15.76
225455 -40 -29.79 -15.76
225304 -40 -29.79 -15.76
221545 -40 -29.79 -15.76
223651 -40 -29.79 -15.76
227581 -40 -29.79 -15.76
221683 -40 -29.79 -15.76
225968 -40 -29.79 -15.76
223516 -40 -29.79 -15.76
226891 -40 -29.79 -15.76
222255 -40 -29.79 -15.76
222856 -40 -29.79 -15.76
226761 -40 -29.79 -15.76
222077 -40 -29.79 -15.76
220597 -40 -29.79 -15.76
224333 -40 -29.79 -15.76
228214 -40 -29.79 -15.76
222825 -40 -29.79 -15.76
222776 -40 -29.79 -15.76
221995 -40 -29.79 -15.76
226679 -40 -29.79 -15.76
221965 -40 -29.79 -15.76
219494 -40 -29.79 -15.76
223872 -40 -29.79 -15.76
225797 -40 -29.79 -15.76
228353 -40 -29.79 -15.76
229098 -40 -29.79 -15.76
221815 -40 -29.79 -15.76
228077 -40 -29.79 -15.76
228425 -40 -29.79 -15.76
223181 -40 -29.79 -15.76
221870 -40 -29.79 -15.76
226004 -40 -29.79 -15.76
223264 -40 -29.79 -15.76
224837 -40 -29.79 -15.76
184494 -40 25.42 11.15
187563 -40 25.42 11.15
186283 -40 25.42 11.15
186445 -40 25.42 11.15
182887 -40 25.42 11.15
184906 -40 25.42 11.15
183461 -40 25.42 11.15
186347 -40 25.42 11.15
189235 -40 25.42 11.15
182564 -40 25.42 11.15
186530 -40 25.42 11.15
187433 -40 25.42 11.15
183301 -40 25.42 11.15
187754 -40 25.42 11.15
185524 -40 25.42 11.15
185154 -40 25.42 11.15
188294 -40 25.42 11.15
187771 -40 25.42 11.15
184668 -40 25.42 11.15
182621 -40 25.42 11.15
185419 -40 25.42 11.15
178658 -40 25.42 11.15
179172 -40 25.42 11.15
183836 -40 25.42 11.15
181701 -40 25.42 11.15
183900 -40 25.42 11.15
183401 -40 25.42 11.15
181834 -40 25.42 11.15
185614 -40 25.42 11.15
185610 -40 25.42 11.15
185972 -40 25.42 11.15
176851 -40 25.42 11.15
180415 -40 25.42 11.15
180624 -40 25.42 11.15
181296 -40 25.42 11.15
183343 -40 25.42 11.15
184938 -40 25.42 11.15
189420 -40 25.42 11.15
184843 -40 25.42 11.15
181497 -40 7.77 26.27
185443 -40 7.77 26.27
181129 -40 7.77 26.27
186328 -40 7.77 26.27
183796 -40 7.77 26.27
183641 -40 7.77 26.27
184266 -40 7.77 26.27
181533 -40 7.77 26.27
181788 -40 7.77 26.27
178336 -40 7.77 26.27
175622 -40 7.77 26.27
183560 -40 7.77 26.27
180763 -40 7.77 26.27
182330 -40 7.77 26.27
182396 -40 7.77 26.27
179067 -40 7.77 26.27
182232 -40 7.77 26.27
183204 -40 7.77 26.27
184634 -40 7.77 26.27
182940 -40 7.77 26.27
185178 -40 7.77 26.27
183918 -40 7.77 26.27
181223 -40 7.77 26.27
180746 -40 7.77 26.27
180700 -40 7.77 26.27
184607 -40 7.77 26.27
181237 -40 7.77 26.27
181372 -40 7.77 26.27
181996 -40 7.77 26.27
181767 -40 7.77 26.27
182530 -40 7.77 26.27
182502 -40 7.77 26.27
184417 -40 7.77 26.27
185171 -40 7.77 26.27
182952 -40 7.77 26.27
184699 -40 7.77 26.27
182557 -40 7.77 26.27
180735 -40 7.77 26.27
177365 -40 7.77 26.27
80639 -40 -11.74 -1.92
74509 -40 -11.74 -1.92
76632 -40 -11.74 -1.92
75471 -40 -11.74 -1.92
77343 -40 -11.74 -1.92
79763 -40 -11.74 -1.92
80211 -40 -11.74 -1.92
77840 -40 -11.74 -1.92
80275 -40 -11.74 -1.92
76551 -40 -11.74 -1.92
81730 -40 -11.74 -1.92
80969 -40 -11.74 -1.92
80260 -40 -11.74 -1.92
80395 -40 -11.74 -1.92
82834 -40 -11.74 -1.92
83268 -40 -11.74 -1.92
81548 -40 -11.74 -1.92
77801 -40 -11.74 -1.92
80526 -40 -11.74 -1.92
78433 -40 -11.74 -1.92
75456 -40 -11.74 -1.92
81506 -40 -11.74 -1.92
80101 -40 -11.74 -1.92
86958 -40 -11.74 -1.92
73430 -40 -11.74 -1.92
79888 -40 -11.74 -1.92
74369 -40 -11.74 -1.92
76764 -40 -11.74 -1.92
75645 -40 -11.74 -1.92
81628 -40 -11.74 -1.92
81628 -40 -11.74 -1.92
81008 -40 -11.74 -1.92
79452 -40 -11.74 -1.92
84311 -40 -11.74 -1.92
81605 -40 -11.74 -1.92
79325 -40 -11.74 -1.92
77831 -40 -11.74 -1.92
75826 -40 -11.74 -1.92
75911 -40 -11.74 -1.92
179225 -40 -9.55 26
180968 -40 -9.55 26
183862 -40 -9.55 26
184801 -40 -9.55 26
183742 -40 -9.55 26
185090 -40 -9.55 26
185804 -40 -9.55 26
185564 -40 -9.55 26
184318 -40 -9.55 26
183567 -40 -9.55 26
179335 -40 -9.55 26
186124 -40 -9.55 26
184140 -40 -9.55 26
183608 -40 -9.55 26
186923 -40 -9.55 26
179752 -40 -9.55 26
184426 -40 -9.55 26
185138 -40 -9.55 26
183899 -40 -9.55 26
181369 -40 -9.55 26
183423 -40 -9.55 26
180694 -40 -9.55 26
186172 -40 -9.55 26
183692 -40 -9.55 26
182810 -40 -9.55 26
189721 -40 -9.55 26
183963 -40 -9.55 26
185948 -40 -9.55 26
189580 -40 -9.55 26
183230 -40 -9.55 26
182515 -40 -9.55 26
185694 -40 -9.55 26
184015 -40 -9.55 26
186126 -40 -9.55 26
182809 -40 -9.55 26
181920 -40 -9.55 26
185539 -40 -9.55 26
186480 -40 -9.55 26
182561 -40 -9.55 26
185936 -40 -21.56 -17.7
184709 -40 -21.56 -17.7
184895 -40 -21.56 -17.7
185719 -40 -21.56 -17.7
182385 -40 -21.56 -17.7
186046 -40 -21.56 -17.7
184868 -40 -21.56 -17.7
185997 -40 -21.56 -17.7
185838 -40 -21.56 -17.7
187460 -40 -21.56 -17.7
186398 -40 -21.56 -17.7
189191 -40 -21.56 -17.7
185391 -40 -21.56 -17.7
187621 -40 -21.56 -17.7
183049 -40 -21.56 -17.7
188057 -40 -21.56 -17.7
186623 -40 -21.56 -17.7
182814 -40 -21.56 -17.7
185664 -40 -21.56 -17.7
186212 -40 -21.56 -17.7
182693 -40 -21.56 -17.7
186937 -40 -21.56 -17.7
185926 -40 -21.56 -17.7
184874 -40 -21.56 -17.7
183076 -40 -21.56 -17.7
188240 -40 -21.56 -17.7
188044 -40 -21.56 -17.7
190327 -40 -21.56 -17.7
186045 -40 -21.56 -17.7
183520 -40 -21.56 -17.7
183678 -40 -21.56 -17.7
180273 -40 -21.56 -17.7
186996 -40 -21.56 -17.7
183687 -40 -21.56 -17.7
187934 -40 -21.56 -17.7
188124 -40 -21.56 -17.7
184468 -40 -21.56 -17.7
187277 -40 -21.56 -17.7
180524 -40 -21.56 -17.7
