#rtt sig_str x y
189332 -40 -27.98 2.54
186281 -40 -27.98 2.54
183600 -40 -27.98 2.54
184540 -40 -27.98 2.54
188917 -40 -27.98 2.54
187783 -40 -27.98 2.54
190678 -40 -27.98 2.54
188352 -40 -27.98 2.54
190619 -40 -27.98 2.54
191605 -40 -27.98 2.54
185390 -40 -27.98 2.54
189396 -40 -27.98 2.54
187098 -40 -27.98 2.54
189385 -40 -27.98 2.54
180976 -40 -27.98 2.54
190920 -40 -27.98 2.54
191437 -40 -27.98 2.54
187273 -40 -27.98 2.54
189216 -40 -27.98 2.54
192893 -40 -27.98 2.54
191934 -40 -27.98 2.54
186578 -40 -27.98 2.54
190624 -40 -27.98 2.54
186197 -40 -27.98 2.54
185105 -40 -27.98 2.54
192819 -40 -27.98 2.54
185094 -40 -27.98 2.54
181798 -40 -27.98 2.54
189555 -40 -27.98 2.54
187611 -40 -27.98 2.54
188091 -40 -27.98 2.54
186109 -40 -27.98 2.54
183383 -40 -27.98 2.54
188135 -40 -27.98 2.54
185385 -40 -27.98 2.54
190927 -40 -27.98 2.54
185178 -40 -27.98 2.54
183911 -40 -27.98 2.54
183898 -40 -27.98 2.54
17590 -40 -0.65 -1.99
13870 -40 -0.65 -1.99
11336 -40 -0.65 -1.99
13790 -40 -0.65 -1.99
10780 -40 -0.65 -1.99
15394 -40 -0.65 -1.99
15507 -40 -0.65 -1.99
12779 -40 -0.65 -1.99
11573 -40 -0.65 -1.99
13289 -40 -0.65 -1.99
14949 -40 -0.65 -1.99
13008 -40 -0.65 -1.99
13092 -40 -0.65 -1.99
12681 -40 -0.65 -1.99
14222 -40 -0.65 -1.99
17025 -40 -0.65 -1.99
11226 -40 -0.65 -1.99
11111 -40 -0.65 -1.99
14558 -40 -0.65 -1.99
16587 -40 -0.65 -1.99
15584 -40 -0.65 -1.99
12269 -40 -0.65 -1.99
11062 -40 -0.65 -1.99
8900 -40 -0.65 -1.99
12898 -40 -0.65 -1.99
13536 -40 -0.65 -1.99
14904 -40 -0.65 -1.99
13312 -40 -0.65 -1.99
9832 -40 -0.65 -1.99
14992 -40 -0.65 -1.99
10229 -40 -0.65 -1.99
13367 -40 -0.65 -1.99
15866 -40 -0.65 -1.99
14932 -40 -0.65 -1.99
15239 -40 -0.65 -1.99
11872 -40 -0.65 -1.99
15653 -40 -0.65 -1.99
12101 -40 -0.65 -1.99
12769 -40 -0.65 -1.99
143454 -40 20.77 -2.9
139475 -40 20.77 -2.9
140581 -40 20.77 -2.9
141764 -40 20.77 -2.9
142612 -40 20.77 -2.9
140829 -40 20.77 -2.9
143192 -40 20.77 -2.9
138170 -40 20.77 -2.9
137712 -40 20.77 -2.9
138651 -40 20.77 -2.9
140697 -40 20.77 -2.9
141643 -40 20.77 -2.9
135580 -40 20.77 -2.9
141638 -40 20.77 -2.9
140948 -40 20.77 -2.9
143220 -40 20.77 -2.9
141531 -40 20.77 -2.9
135412 -40 20.77 -2.9
141299 -40 20.77 -2.9
137490 -40 20.77 -2.9
137806 -40 20.77 -2.9
144827 -40 20.77 -2.9
143661 -40 20.77 -2.9
142236 -40 20.77 -2.9
140453 -40 20.77 -2.9
138037 -40 20.77 -2.9
138101 -40 20.77 -2.9
138405 -40 20.77 -2.9
141610 -40 20.77 -2.9
135315 -40 20.77 -2.9
139814 -40 20.77 -2.9
138553 -40 20.77 -2.9
135824 -40 20.77 -2.9
141385 -40 20.77 -2.9
140464 -40 20.77 -2.9
140972 -40 20.77 -2.9
142809 -40 20.77 -2.9
142190 -40 20.77 -2.9
140594 -40 20.77 -2.9
88514 -40 -5.32 12.55
92579 -40 -5.32 12.55
91142 -40 -5.32 12.55
89374 -40 -5.32 12.55
90936 -40 -5.32 12.55
90558 -40 -5.32 12.55
88678 -40 -5.32 12.55
88676 -40 -5.32 12.55
93612 -40 -5.32 12.55
92341 -40 -5.32 12.55
95819 -40 -5.32 12.55
89976 -40 -5.32 12.55
90895 -40 -5.32 12.55
93502 -40 -5.32 12.55
93430 -40 -5.32 12.55
96040 -40 -5.32 12.55
87921 -40 -5.32 12.55
93058 -40 -5.32 12.55
91477 -40 -5.32 12.55
90205 -40 -5.32 12.55
88929 -40 -5.32 12.55
92324 -40 -5.32 12.55
86488 -40 -5.32 12.55
95935 -40 -5.32 12.55
88355 -40 -5.32 12.55
92669 -40 -5.32 12.55
92919 -40 -5.32 12.55
92290 -40 -5.32 12.55
88808 -40 -5.32 12.55
92410 -40 -5.32 12.55
89004 -40 -5.32 12.55
94243 -40 -5.32 12.55
87667 -40 -5.32 12.55
88322 -40 -5.32 12.55
89749 -40 -5.32 12.55
90191 -40 -5.32 12.55
90461 -40 -5.32 12.55
91361 -40 -5.32 12.55
87057 -40 -5.32 12.55
161068 -40 7.89 23.19
164685 -40 7.89 23.19
159166 -40 7.89 23.19
162737 -40 7.89 23.19
163267 -40 7.89 23.19
163852 -40 7.89 23.19
164676 -40 7.89 23.19
162321 -40 7.89 23.19
164036 -40 7.89 23.19
163600 -40 7.89 23.19
164410 -40 7.89 23.19
164718 -40 7.89 23.19
160689 -40 7.89 23.19
163068 -40 7.89 23.19
167121 -40 7.89 23.19
166328 -40 7.89 23.19
165204 -40 7.89 23.19
161512 -40 7.89 23.19
163962 -40 7.89 23.19
161138 -40 7.89 23.19
163314 -40 7.89 23.19
162603 -40 7.89 23.19
164178 -40 7.89 23.19
160667 -40 7.89 23.19
168367 -40 7.89 23.19
162591 -40 7.89 23.19
163267 -40 7.89 23.19
164332 -40 7.89 23.19
164079 -40 7.89 23.19
157884 -40 7.89 23.19
160789 -40 7.89 23.19
160343 -40 7.89 23.19
167450 -40 7.89 23.19
164877 -40 7.89 23.19
163771 -40 7.89 23.19
165451 -40 7.89 23.19
163569 -40 7.89 23.19
164642 -40 7.89 23.19
162267 -40 7.89 23.19
121464 -40 -12.55 -13.03
119342 -40 -12.55 -13.03
119239 -40 -12.55 -13.03
123524 -40 -12.55 -13.03
123052 -40 -12.55 -13.03
122347 -40 -12.55 -13.03
122152 -40 -12.55 -13.03
123041 -40 -12.55 -13.03
121679 -40 -12.55 -13.03
122459 -40 -12.55 -13.03
120756 -40 -12.55 -13.03
123408 -40 -12.55 -13.03
119753 -40 -12.55 -13.03
119989 -40 -12.55 -13.03
121083 -40 -12.55 -13.03
117094 -40 -12.55 -13.03
121042 -40 -12.55 -13.03
119260 -40 -12.55 -13.03
122061 -40 -12.55 -13.03
118011 -40 -12.55 -13.03
119184 -40 -12.55 -13.03
120619 -40 -12.55 -13.03
124140 -40 -12.55 -13.03
120111 -40 -12.55 -13.03
113841 -40 -12.55 -13.03
126233 -40 -12.55 -13.03
120175 -40 -12.55 -13.03
115829 -40 -12.55 -13.03
117245 -40 -12.55 -13.03
124035 -40 -12.55 -13.03
126058 -40 -12.55 -13.03
116600 -40 -12.55 -13.03
119627 -40 -12.55 -13.03
120786 -40 -12.55 -13.03
122014 -40 -12.55 -13.03
123474 -40 -12.55 -13.03
121141 -40 -12.55 -13.03
122792 -40 -12.55 -13.03
122775 -40 -12.55 -13.03
24364 -40 2.57 2.28
23244 -40 2.57 2.28
23860 -40 2.57 2.28
23615 -40 2.57 2.28
22273 -40 2.57 2.28
22012 -40 2.57 2.28
15859 -40 2.57 2.28
20602 -40 2.57 2.28
21470 -40 2.57 2.28
19737 -40 2.57 2.28
21499 -40 2.57 2.28
19128 -40 2.57 2.28
23804 -40 2.57 2.28
25201 -40 2.57 2.28
24325 -40 2.57 2.28
27472 -40 2.57 2.28
25847 -40 2.57 2.28
16280 -40 2.57 2.28
18942 -40 2.57 2.28
25021 -40 2.57 2.28
24912 -40 2.57 2.28
22204 -40 2.57 2.28
21501 -40 2.57 2.28
19391 -40 2.57 2.28
21852 -40 2.57 2.28
19376 -40 2.57 2.28
23537 -40 2.57 2.28
19403 -40 2.57 2.28
25938 -40 2.57 2.28
20184 -40 2.57 2.28
23634 -40 2.57 2.28
19840 -40 2.57 2.28
22979 -40 2.57 2.28
25477 -40 2.57 2.28
23425 -40 2.57 2.28
24975 -40 2.57 2.28
23465 -40 2.57 2.28
24445 -40 2.57 2.28
25342 -40 2.57 2.28
123839 -40 -16.31 -7.05
122377 -40 -16.31 -7.05
117313 -40 -16.31 -7.05
118203 -40 -16.31 -7.05
118263 -40 -16.31 -7.05
118634 -40 -16.31 -7.05
120559 -40 -16.31 -7.05
119561 -40 -16.31 -7.05
118628 -40 -16.31 -7.05
122538 -40 -16.31 -7.05
119266 -40 -16.31 -7.05
114892 -40 -16.31 -7.05
117765 -40 -16.31 -7.05
114805 -40 -16.31 -7.05
119285 -40 -16.31 -7.05
122058 -40 -16.31 -7.05
120651 -40 -16.31 -7.05
117894 -40 -16.31 -7.05
118207 -40 -16.31 -7.05
120633 -40 -16.31 -7.05
121752 -40 -16.31 -7.05
116198 -40 -16.31 -7.05
117951 -40 -16.31 -7.05
115644 -40 -16.31 -7.05
117342 -40 -16.31 -7.05
119372 -40 -16.31 -7.05
119162 -40 -16.31 -7.05
119683 -40 -16.31 -7.05
122980 -40 -16.31 -7.05
118042 -40 -16.31 -7.05
117837 -40 -16.31 -7.05
120687 -40 -16.31 -7.05
114242 -40 -16.31 -7.05
118511 -40 -16.31 -7.05
116987 -40 -16.31 -7.05
121863 -40 -16.31 -7.05
116790 -40 -16.31 -7.05
119622 -40 -16.31 -7.05
117312 -40 -16.31 -7.05
213872 -40 -15.59 -28.39
216550 -40 -15.59 -28.39
216868 -40 -15.59 -28.39
212245 -40 -15.59 -28.39
212342 -40 -15.59 -28.39
215732 -40 -15.59 -28.39
217569 -40 -15.59 -28.39
217347 -40 -15.59 -28.39
214729 -40 -15.59 -28.39
215670 -40 -15.59 -28.39
216579 -40 -15.59 -28.39
215707 -40 -15.59 -28.39
214602 -40 -15.59 -28.39
212388 -40 -15.59 -28.39
218403 -40 -15.59 -28.39
219126 -40 -15.59 -28.39
217516 -40 -15.59 -28.39
216404 -40 -15.59 -28.39
216879 -40 -15.59 -28.39
214871 -40 -15.59 -28.39
215565 -40 -15.59 -28.39
214372 -40 -15.59 -28.39
219029 -40 -15.59 -28.39
214639 -40 -15.59 -28.39
216743 -40 -15.59 -28.39
212284 -40 -15.59 -28.39
217020 -40 -15.59 -28.39
211360 -40 -15.59 -28.39
216785 -40 -15.59 -28.39
221205 -40 -15.59 -28.39
211515 -40 -15.59 -28.39
215986 -40 -15.59 -28.39
221020 -40 -15.59 -28.39
211718 -40 -15.59 -28.39
217248 -40 -15.59 -28.39
218050 -40 -15.59 -28.39
217565 -40 -15.59 -28.39
218082 -40 -15.59 -28.39
220858 -40 -15.59 -28.39
259821 -40 27.21 -28.38
259048 -40 27.21 -28.38
260546 -40 27.21 -28.38
260524 -40 27.21 -28.38
263337 -40 27.21 -28.38
262484 -40 27.21 -28.38
261602 -40 27.21 -28.38
265313 -40 27.21 -28.38
263521 -40 27.21 -28.38
260811 -40 27.21 -28.38
265236 -40 27.21 -28.38
259672 -40 27.21 -28.38
262420 -40 27.21 -28.38
263510 -40 27.21 -28.38
262585 -40 27.21 -28.38
259559 -40 27.21 -28.38
263152 -40 27.21 -28.38
261777 -40 27.21 -28.38
257176 -40 27.21 -28.38
265290 -40 27.21 -28.38
258508 -40 27.21 -28.38
262000 -40 27.21 -28.38
259864 -40 27.21 -28.38
263282 -40 27.21 -28.38
261277 -40 27.21 -28.38
263844 -40 27.21 -28.38
264015 -40 27.21 -28.38
264596 -40 27.21 -28.38
260463 -40 27.21 -28.38
259825 -40 27.21 -28.38
261255 -40 27.21 -28.38
265115 -40 27.21 -28.38
261745 -40 27.21 -28.38
259744 -40 27.21 -28.38
261347 -40 27.21 -28.38
262717 -40 27.21 -28.38
265816 -40 27.21 -28.38
261436 -40 27.21 -28.38
256807 -40 27.21 -28.38
