#rtt sig_str x y
23814 -40 3.24 -0.84
21782 -40 3.24 -0.84
18818 -40 3.24 -0.84
22411 -40 3.24 -0.84
17002 -40 3.24 -0.84
21238 -40 3.24 -0.84
21137 -40 3.24 -0.84
23163 -40 3.24 -0.84
20858 -40 3.24 -0.84
25223 -40 3.24 -0.84
20675 -40 3.24 -0.84
20317 -40 3.24 -0.84
24488 -40 3.24 -0.84
23278 -40 3.24 -0.84
19603 -40 3.24 -0.84
24453 -40 3.24 -0.84
24791 -40 3.24 -0.84
26811 -40 3.24 -0.84
24865 -40 3.24 -0.84
26501 -40 3.24 -0.84
18799 -40 3.24 -0.84
23436 -40 3.24 -0.84
23796 -40 3.24 -0.84
21452 -40 3.24 -0.84
23006 -40 3.24 -0.84
22075 -40 3.24 -0.84
23751 -40 3.24 -0.84
19442 -40 3.24 -0.84
23238 -40 3.24 -0.84
20369 -40 3.24 -0.84
21556 -40 3.24 -0.84
17513 -40 3.24 -0.84
27101 -40 3.24 -0.84
27201 -40 3.24 -0.84
21685 -40 3.24 -0.84
23746 -40 3.24 -0.84
26285 -40 3.24 -0.84
26774 -40 3.24 -0.84
21624 -40 3.24 -0.84
195107 -40 -6.23 -28.93
199490 -40 -6.23 -28.93
199960 -40 -6.23 -28.93
196093 -40 -6.23 -28.93
199337 -40 -6.23 -28.93
199207 -40 -6.23 -28.93
199684 -40 -6.23 -28.93
200837 -40 -6.23 -28.93
192896 -40 -6.23 -28.93
193612 -40 -6.23 -28.93
198417 -40 -6.23 -28.93
198165 -40 -6.23 -28.93
195153 -40 -6.23 -28.93
197492 -40 -6.23 -28.93
201387 -40 -6.23 -28.93
203501 -40 -6.23 -28.93
200213 -40 -6.23 -28.93
196918 -40 -6.23 -28.93
193128 -40 -6.23 -28.93
197756 -40 -6.23 -28.93
198543 -40 -6.23 -28.93
200202 -40 -6.23 -28.93
199609 -40 -6.23 -28.93
195222 -40 -6.23 -28.93
194823 -40 -6.23 -28.93
195016 -40 -6.23 -28.93
197644 -40 -6.23 -28.93
191463 -40 -6.23 -28.93
195976 -40 -6.23 -28.93
196718 -40 -6.23 -28.93
198878 -40 -6.23 -28.93
201349 -40 -6.23 -28.93
195259 -40 -6.23 -28.93
199716 -40 -6.23 -28.93
196368 -40 -6.23 -28.93
195781 -40 -6.23 -28.93
199206 -40 -6.23 -28.93
199252 -40 -6.23 -28.93
194860 -40 -6.23 -28.93
249287 -40 -27.12 -25.7
254686 -40 -27.12 -25.7
249834 -40 -27.12 -25.7
250055 -40 -27.12 -25.7
245224 -40 -27.12 -25.7
249979 -40 -27.12 -25.7
250475 -40 -27.12 -25.7
246795 -40 -27.12 -25.7
244702 -40 -27.12 -25.7
243793 -40 -27.12 -25.7
250007 -40 -27.12 -25.7
251065 -40 -27.12 -25.7
247527 -40 -27.12 -25.7
252903 -40 -27.12 -25.7
248367 -40 -27.12 -25.7
250310 -40 -27.12 -25.7
252269 -40 -27.12 -25.7
251426 -40 -27.12 -25.7
246750 -40 -27.12 -25.7
244986 -40 -27.12 -25.7
254503 -40 -27.12 -25.7
248563 -40 -27.12 -25.7
247100 -40 -27.12 -25.7
251054 -40 -27.12 -25.7
248232 -40 -27.12 -25.7
248549 -40 -27.12 -25.7
253457 -40 -27.12 -25.7
251548 -40 -27.12 -25.7
253566 -40 -27.12 -25.7
248206 -40 -27.12 -25.7
253739 -40 -27.12 -25.7
249311 -40 -27.12 -25.7
250818 -40 -27.12 -25.7
251789 -40 -27.12 -25.7
247043 -40 -27.12 -25.7
249257 -40 -27.12 -25.7
252702 -40 -27.12 -25.7
248328 -40 -27.12 -25.7
249782 -40 -27.12 -25.7
130998 -40 1.54 19.31
128067 -40 1.54 19.31
130868 -40 1.54 19.31
130302 -40 1.54 19.31
124508 -40 1.54 19.31
128867 -40 1.54 19.31
125223 -40 1.54 19.31
127654 -40 1.54 19.31
130012 -40 1.54 19.31
132064 -40 1.54 19.31
126798 -40 1.54 19.31
131450 -40 1.54 19.31
122247 -40 1.54 19.31
130097 -40 1.54 19.31
128599 -40 1.54 19.31
131732 -40 1.54 19.31
128871 -40 1.54 19.31
130289 -40 1.54 19.31
126523 -40 1.54 19.31
128533 -40 1.54 19.31
128292 -40 1.54 19.31
125740 -40 1.54 19.31
130698 -40 1.54 19.31
129052 -40 1.54 19.31
127135 -40 1.54 19.31
126367 -40 1.54 19.31
129069 -40 1.54 19.31
129601 -40 1.54 19.31
126822 -40 1.54 19.31
127218 -40 1.54 19.31
131852 -40 1.54 19.31
128426 -40 1.54 19.31
131133 -40 1.54 19.31
127134 -40 1.54 19.31
127126 -40 1.54 19.31
125685 -40 1.54 19.31
130646 -40 1.54 19.31
132197 -40 1.54 19.31
129007 -40 1.54 19.31
166866 -40 -20.82 14.83
168446 -40 -20.82 14.83
169101 -40 -20.82 14.83
172434 -40 -20.82 14.83
170678 -40 -20.82 14.83
170448 -40 -20.82 14.83
170848 -40 -20.82 14.83
168967 -40 -20.82 14.83
169905 -40 -20.82 14.83
169964 -40 -20.82 14.83
172904 -40 -20.82 14.83
172212 -40 -20.82 14.83
163886 -40 -20.82 14.83
166908 -40 -20.82 14.83
174928 -40 -20.82 14.83
171745 -40 -20.82 14.83
171057 -40 -20.82 14.83
175189 -40 -20.82 14.83
171390 -40 -20.82 14.83
173466 -40 -20.82 14.83
170718 -40 -20.82 14.83
168273 -40 -20.82 14.83
173013 -40 -20.82 14.83
170397 -40 -20.82 14.83
168174 -40 -20.82 14.83
171702 -40 -20.82 14.83
170071 -40 -20.82 14.83
167770 -40 -20.82 14.83
171994 -40 -20.82 14.83
169996 -40 -20.82 14.83
167596 -40 -20.82 14.83
171283 -40 -20.82 14.83
163510 -40 -20.82 14.83
170077 -40 -20.82 14.83
171244 -40 -20.82 14.83
169463 -40 -20.82 14.83
172283 -40 -20.82 14.83
166898 -40 -20.82 14.83
169167 -40 -20.82 14.83
115234 -40 0 17.14
117269 -40 0 17.14
116661 -40 0 17.14
111423 -40 0 17.14
110763 -40 0 17.14
112273 -40 0 17.14
111989 -40 0 17.14
112518 -40 0 17.14
115224 -40 0 17.14
111734 -40 0 17.14
118960 -40 0 17.14
113625 -40 0 17.14
114639 -40 0 17.14
112106 -40 0 17.14
113390 -40 0 17.14
112498 -40 0 17.14
115499 -40 0 17.14
114938 -40 0 17.14
113794 -40 0 17.14
111503 -40 0 17.14
116122 -40 0 17.14
114521 -40 0 17.14
113436 -40 0 17.14
113144 -40 0 17.14
112837 -40 0 17.14
114187 -40 0 17.14
113098 -40 0 17.14
113604 -40 0 17.14
109353 -40 0 17.14
113901 -40 0 17.14
116833 -40 0 17.14
113279 -40 0 17.14
111670 -40 0 17.14
113089 -40 0 17.14
114243 -40 0 17.14
113946 -40 0 17.14
115378 -40 0 17.14
116800 -40 0 17.14
111261 -40 0 17.14
139461 -40 -14.64 14.66
137033 -40 -14.64 14.66
137120 -40 -14.64 14.66
142127 -40 -14.64 14.66
136922 -40 -14.64 14.66
141088 -40 -14.64 14.66
140670 -40 -14.64 14.66
134269 -40 -14.64 14.66
133341 -40 -14.64 14.66
140494 -40 -14.64 14.66
140722 -40 -14.64 14.66
135188 -40 -14.64 14.66
142831 -40 -14.64 14.66
142582 -40 -14.64 14.66
137139 -40 -14.64 14.66
136765 -40 -14.64 14.66
134510 -40 -14.64 14.66
139007 -40 -14.64 14.66
135735 -40 -14.64 14.66
139872 -40 -14.64 14.66
134352 -40 -14.64 14.66
137253 -40 -14.64 14.66
145136 -40 -14.64 14.66
140100 -40 -14.64 14.66
137615 -40 -14.64 14.66
137900 -40 -14.64 14.66
139557 -40 -14.64 14.66
140530 -40 -14.64 14.66
140522 -40 -14.64 14.66
138675 -40 -14.64 14.66
136224 -40 -14.64 14.66
139650 -40 -14.64 14.66
140354 -40 -14.64 14.66
132572 -40 -14.64 14.66
138825 -40 -14.64 14.66
139208 -40 -14.64 14.66
135502 -40 -14.64 14.66
139279 -40 -14.64 14.66
137929 -40 -14.64 14.66
98475 -40 2.59 14.5
95372 -40 2.59 14.5
98422 -40 2.59 14.5
102149 -40 2.59 14.5
100002 -40 2.59 14.5
95094 -40 2.59 14.5
97556 -40 2.59 14.5
99947 -40 2.59 14.5
99798 -40 2.59 14.5
97883 -40 2.59 14.5
100626 -40 2.59 14.5
99910 -40 2.59 14.5
99309 -40 2.59 14.5
98191 -40 2.59 14.5
95575 -40 2.59 14.5
96875 -40 2.59 14.5
96758 -40 2.59 14.5
97621 -40 2.59 14.5
97846 -40 2.59 14.5
102845 -40 2.59 14.5
100232 -40 2.59 14.5
101580 -40 2.59 14.5
98598 -40 2.59 14.5
96488 -40 2.59 14.5
101787 -40 2.59 14.5
98529 -40 2.59 14.5
100582 -40 2.59 14.5
97534 -40 2.59 14.5
97656 -40 2.59 14.5
97699 -40 2.59 14.5
95247 -40 2.59 14.5
99395 -40 2.59 14.5
100452 -40 2.59 14.5
99697 -40 2.59 14.5
99706 -40 2.59 14.5
96750 -40 2.59 14.5
100001 -40 2.59 14.5
97592 -40 2.59 14.5
97020 -40 2.59 14.5
160741 -40 2.9 24.07
162791 -40 2.9 24.07
161079 -40 2.9 24.07
160203 -40 2.9 24.07
161043 -40 2.9 24.07
157251 -40 2.9 24.07
154441 -40 2.9 24.07
162661 -40 2.9 24.07
163082 -40 2.9 24.07
161229 -40 2.9 24.07
164881 -40 2.9 24.07
163534 -40 2.9 24.07
162919 -40 2.9 24.07
160005 -40 2.9 24.07
161719 -40 2.9 24.07
161815 -40 2.9 24.07
161199 -40 2.9 24.07
161332 -40 2.9 24.07
159649 -40 2.9 24.07
163881 -40 2.9 24.07
158747 -40 2.9 24.07
161115 -40 2.9 24.07
159177 -40 2.9 24.07
160806 -40 2.9 24.07
163702 -40 2.9 24.07
162872 -40 2.9 24.07
166153 -40 2.9 24.07
165650 -40 2.9 24.07
163526 -40 2.9 24.07
163264 -40 2.9 24.07
156995 -40 2.9 24.07
163128 -40 2.9 24.07
162177 -40 2.9 24.07
161202 -40 2.9 24.07
160445 -40 2.9 24.07
165323 -40 2.9 24.07
162936 -40 2.9 24.07
159644 -40 2.9 24.07
164047 -40 2.9 24.07
168700 -40 -16.46 -19.09
172568 -40 -16.46 -19.09
171688 -40 -16.46 -19.09
166587 -40 -16.46 -19.09
168741 -40 -16.46 -19.09
165618 -40 -16.46 -19.09
165960 -40 -16.46 -19.09
170046 -40 -16.46 -19.09
167338 -40 -16.46 -19.09
166364 -40 -16.46 -19.09
167048 -40 -16.46 -19.09
165856 -40 -16.46 -19.09
169568 -40 -16.46 -19.09
172305 -40 -16.46 -19.09
165734 -40 -16.46 -19.09
167595 -40 -16.46 -19.09
176815 -40 -16.46 -19.09
164292 -40 -16.46 -19.09
170070 -40 -16.46 -19.09
165706 -40 -16.46 -19.09
169447 -40 -16.46 -19.09
166577 -40 -16.46 -19.09
170159 -40 -16.46 -19.09
170143 -40 -16.46 -19.09
161099 -40 -16.46 -19.09
168367 -40 -16.46 -19.09
163475 -40 -16.46 -19.09
173668 -40 -16.46 -19.09
171864 -40 -16.46 -19.09
170431 -40 -16.46 -19.09
169355 -40 -16.46 -19.09
167160 -40 -16.46 -19.09
166415 -40 -16.46 -19.09
166001 -40 -16.46 -19.09
164515 -40 -16.46 -19.09
172054 -40 -16.46 -19.09
166234 -40 -16.46 -19.09
167912 -40 -16.46 -19.09
167923 -40 -16.46 -19.09
