#rtt sig_str x y
119485 -40 -7.26 16.32
123615 -40 -7.26 16.32
122559 -40 -7.26 16.32
118734 -40 -7.26 16.32
117918 -40 -7.26 16.32
117842 -40 -7.26 16.32
119287 -40 -7.26 16.32
119218 -40 -7.26 16.32
120303 -40 -7.26 16.32
117499 -40 -7.26 16.32
118426 -40 -7.26 16.32
116569 -40 -7.26 16.32
121791 -40 -7.26 16.32
114338 -40 -7.26 16.32
120854 -40 -7.26 16.32
117011 -40 -7.26 16.32
118568 -40 -7.26 16.32
120783 -40 -7.26 16.32
117386 -40 -7.26 16.32
117778 -40 -7.26 16.32
116691 -40 -7.26 16.32
121189 -40 -7.26 16.32
118484 -40 -7.26 16.32
119954 -40 -7.26 16.32
119442 -40 -7.26 16.32
118684 -40 -7.26 16.32
121933 -40 -7.26 16.32
118100 -40 -7.26 16.32
118579 -40 -7.26 16.32
117586 -40 -7.26 16.32
119580 -40 -7.26 16.32
121254 -40 -7.26 16.32
118002 -40 -7.26 16.32
116357 -40 -7.26 16.32
122264 -40 -7.26 16.32
115940 -40 -7.26 16.32
116995 -40 -7.26 16.32
119237 -40 -7.26 16.32
123961 -40 -7.26 16.32
33099 -40 4.03 3.11
34784 -40 4.03 3.11
32305 -40 4.03 3.11
35384 -40 4.03 3.11
31615 -40 4.03 3.11
32771 -40 4.03 3.11
32019 -40 4.03 3.11
37500 -40 4.03 3.11
35133 -40 4.03 3.11
32253 -40 4.03 3.11
37742 -40 4.03 3.11
34003 -40 4.03 3.11
33867 -40 4.03 3.11
31963 -40 4.03 3.11
36865 -40 4.03 3.11
31368 -40 4.03 3.11
35163 -40 4.03 3.11
33530 -40 4.03 3.11
35484 -40 4.03 3.11
36578 -40 4.03 3.11
32084 -40 4.03 3.11
36475 -40 4.03 3.11
27415 -40 4.03 3.11
32735 -40 4.03 3.11
34248 -40 4.03 3.11
33569 -40 4.03 3.11
29734 -40 4.03 3.11
31659 -40 4.03 3.11
31472 -40 4.03 3.11
34298 -40 4.03 3.11
33886 -40 4.03 3.11
36492 -40 4.03 3.11
30781 -40 4.03 3.11
35183 -40 4.03 3.11
33675 -40 4.03 3.11
32659 -40 4.03 3.11
37741 -40 4.03 3.11
38288 -40 4.03 3.11
34501 -40 4.03 3.11
150053 -40 5.74 21.76
150941 -40 5.74 21.76
150371 -40 5.74 21.76
147253 -40 5.74 21.76
152846 -40 5.74 21.76
149789 -40 5.74 21.76
150637 -40 5.74 21.76
151595 -40 5.74 21.76
152788 -40 5.74 21.76
149176 -40 5.74 21.76
151973 -40 5.74 21.76
154133 -40 5.74 21.76
146485 -40 5.74 21.76
150206 -40 5.74 21.76
147417 -40 5.74 21.76
152378 -40 5.74 21.76
149163 -40 5.74 21.76
148212 -40 5.74 21.76
146582 -40 5.74 21.76
149202 -40 5.74 21.76
150021 -40 5.74 21.76
147178 -40 5.74 21.76
146472 -40 5.74 21.76
155059 -40 5.74 21.76
151759 -40 5.74 21.76
149004 -40 5.74 21.76
151607 -40 5.74 21.76
150129 -40 5.74 21.76
146625 -40 5.74 21.76
151820 -40 5.74 21.76
148338 -40 5.74 21.76
148454 -40 5.74 21.76
153981 -40 5.74 21.76
147433 -40 5.74 21.76
145071 -40 5.74 21.76
151384 -40 5.74 21.76
151289 -40 5.74 21.76
149425 -40 5.74 21.76
149750 -40 5.74 21.76
75062 -40 -3.01 -10.5
70358 -40 -3.01 -10.5
75632 -40 -3.01 -10.5
75564 -40 -3.01 -10.5
73497 -40 -3.01 -10.5
74332 -40 -3.01 -10.5
73170 -40 -3.01 -10.5
75888 -40 -3.01 -10.5
73227 -40 -3.01 -10.5
74810 -40 -3.01 -10.5
76905 -40 -3.01 -10.5
70400 -40 -3.01 -10.5
78409 -40 -3.01 -10.5
75293 -40 -3.01 -10.5
73004 -40 -3.01 -10.5
71681 -40 -3.01 -10.5
72856 -40 -3.01 -10.5
75277 -40 -3.01 -10.5
71265 -40 -3.01 -10.5
70915 -40 -3.01 -10.5
75238 -40 -3.01 -10.5
72203 -40 -3.01 -10.5
72509 -40 -3.01 -10.5
79403 -40 -3.01 -10.5
76131 -40 -3.01 -10.5
74088 -40 -3.01 -10.5
66260 -40 -3.01 -10.5
75738 -40 -3.01 -10.5
70870 -40 -3.01 -10.5
74343 -40 -3.01 -10.5
71139 -40 -3.01 -10.5
72705 -40 -3.01 -10.5
76777 -40 -3.01 -10.5
71899 -40 -3.01 -10.5
76242 -40 -3.01 -10.5
72569 -40 -3.01 -10.5
75755 -40 -3.01 -10.5
74127 -40 -3.01 -10.5
74428 -40 -3.01 -10.5
54117 -40 -2.58 6.93
49250 -40 -2.58 6.93
48382 -40 -2.58 6.93
48779 -40 -2.58 6.93
45648 -40 -2.58 6.93
49602 -40 -2.58 6.93
53619 -40 -2.58 6.93
49412 -40 -2.58 6.93
48615 -40 -2.58 6.93
47604 -40 -2.58 6.93
54371 -40 -2.58 6.93
52191 -40 -2.58 6.93
48293 -40 -2.58 6.93
54682 -40 -2.58 6.93
47699 -40 -2.58 6.93
51370 -40 -2.58 6.93
51890 -40 -2.58 6.93
47209 -40 -2.58 6.93
51696 -40 -2.58 6.93
46545 -40 -2.58 6.93
46860 -40 -2.58 6.93
49122 -40 -2.58 6.93
54032 -40 -2.58 6.93
45344 -40 -2.58 6.93
43532 -40 -2.58 6.93
50149 -40 -2.58 6.93
48935 -40 -2.58 6.93
47636 -40 -2.58 6.93
50120 -40 -2.58 6.93
49531 -40 -2.58 6.93
50686 -40 -2.58 6.93
44319 -40 -2.58 6.93
47748 -40 -2.58 6.93
51305 -40 -2.58 6.93
49109 -40 -2.58 6.93
48643 -40 -2.58 6.93
50489 -40 -2.58 6.93
46981 -40 -2.58 6.93
48248 -40 -2.58 6.93
164015 -40 -11.3 21.83
169173 -40 -11.3 21.83
169936 -40 -11.3 21.83
163606 -40 -11.3 21.83
162360 -40 -11.3 21.83
162148 -40 -11.3 21.83
166533 -40 -11.3 21.83
162107 -40 -11.3 21.83
166715 -40 -11.3 21.83
164480 -40 -11.3 21.83
168070 -40 -11.3 21.83
162927 -40 -11.3 21.83
164186 -40 -11.3 21.83
168522 -40 -11.3 21.83
163867 -40 -11.3 21.83
162987 -40 -11.3 21.83
160726 -40 -11.3 21.83
165306 -40 -11.3 21.83
166488 -40 -11.3 21.83
163098 -40 -11.3 21.83
164789 -40 -11.3 21.83
163668 -40 -11.3 21.83
167268 -40 -11.3 21.83
166256 -40 -11.3 21.83
166094 -40 -11.3 21.83
162890 -40 -11.3 21.83
167418 -40 -11.3 21.83
163559 -40 -11.3 21.83
164171 -40 -11.3 21.83
164512 -40 -11.3 21.83
161675 -40 -11.3 21.83
167495 -40 -11.3 21.83
163916 -40 -11.3 21.83
162141 -40 -11.3 21.83
162734 -40 -11.3 21.83
163330 -40 -11.3 21.83
160850 -40 -11.3 21.83
164696 -40 -11.3 21.83
164840 -40 -11.3 21.83
115453 -40 -11.2 13.05
120239 -40 -11.2 13.05
113040 -40 -11.2 13.05
113722 -40 -11.2 13.05
105679 -40 -11.2 13.05
115057 -40 -11.2 13.05
114500 -40 -11.2 13.05
115171 -40 -11.2 13.05
114624 -40 -11.2 13.05
118947 -40 -11.2 13.05
114004 -40 -11.2 13.05
119370 -40 -11.2 13.05
113900 -40 -11.2 13.05
113440 -40 -11.2 13.05
113635 -40 -11.2 13.05
116447 -40 -11.2 13.05
114932 -40 -11.2 13.05
113259 -40 -11.2 13.05
115316 -40 -11.2 13.05
115973 -40 -11.2 13.05
110494 -40 -11.2 13.05
117362 -40 -11.2 13.05
117132 -40 -11.2 13.05
113260 -40 -11.2 13.05
116483 -40 -11.2 13.05
112972 -40 -11.2 13.05
117229 -40 -11.2 13.05
121209 -40 -11.2 13.05
114644 -40 -11.2 13.05
112831 -40 -11.2 13.05
114285 -40 -11.2 13.05
116473 -40 -11.2 13.05
116352 -40 -11.2 13.05
113101 -40 -11.2 13.05
111553 -40 -11.2 13.05
115042 -40 -11.2 13.05
116110 -40 -11.2 13.05
115490 -40 -11.2 13.05
114329 -40 -11.2 13.05
188048 -40 -12.31 26.1
194724 -40 -12.31 26.1
194247 -40 -12.31 26.1
191263 -40 -12.31 26.1
194553 -40 -12.31 26.1
191487 -40 -12.31 26.1
189682 -40 -12.31 26.1
191537 -40 -12.31 26.1
194625 -40 -12.31 26.1
190644 -40 -12.31 26.1
191541 -40 -12.31 26.1
196161 -40 -12.31 26.1
190657 -40 -12.31 26.1
194121 -40 -12.31 26.1
191097 -40 -12.31 26.1
194088 -40 -12.31 26.1
189944 -40 -12.31 26.1
188426 -40 -12.31 26.1
192912 -40 -12.31 26.1
194032 -40 -12.31 26.1
194263 -40 -12.31 26.1
191995 -40 -12.31 26.1
192135 -40 -12.31 26.1
190058 -40 -12.31 26.1
198428 -40 -12.31 26.1
192417 -40 -12.31 26.1
192972 -40 -12.31 26.1
197851 -40 -12.31 26.1
197136 -40 -12.31 26.1
191905 -40 -12.31 26.1
193417 -40 -12.31 26.1
196207 -40 -12.31 26.1
198165 -40 -12.31 26.1
192733 -40 -12.31 26.1
191523 -40 -12.31 26.1
193758 -40 -12.31 26.1
194243 -40 -12.31 26.1
189997 -40 -12.31 26.1
196753 -40 -12.31 26.1
135227 -40 1.85 19.92
133925 -40 1.85 19.92
133927 -40 1.85 19.92
134355 -40 1.85 19.92
133112 -40 1.85 19.92
129306 -40 1.85 19.92
130872 -40 1.85 19.92
139158 -40 1.85 19.92
134447 -40 1.85 19.92
128902 -40 1.85 19.92
136367 -40 1.85 19.92
131277 -40 1.85 19.92
132007 -40 1.85 19.92
131374 -40 1.85 19.92
138731 -40 1.85 19.92
135508 -40 1.85 19.92
132866 -40 1.85 19.92
139331 -40 1.85 19.92
137784 -40 1.85 19.92
139555 -40 1.85 19.92
132191 -40 1.85 19.92
133523 -40 1.85 19.92
135289 -40 1.85 19.92
132878 -40 1.85 19.92
132604 -40 1.85 19.92
134980 -40 1.85 19.92
137100 -40 1.85 19.92
134519 -40 1.85 19.92
138212 -40 1.85 19.92
130771 -40 1.85 19.92
133899 -40 1.85 19.92
132665 -40 1.85 19.92
131193 -40 1.85 19.92
131525 -40 1.85 19.92
135772 -40 1.85 19.92
135209 -40 1.85 19.92
139197 -40 1.85 19.92
132494 -40 1.85 19.92
130121 -40 1.85 19.92
38619 -40 -6.23 1.36
39303 -40 -6.23 1.36
44491 -40 -6.23 1.36
44278 -40 -6.23 1.36
44056 -40 -6.23 1.36
42745 -40 -6.23 1.36
44625 -40 -6.23 1.36
42449 -40 -6.23 1.36
40189 -40 -6.23 1.36
41468 -40 -6.23 1.36
42605 -40 -6.23 1.36
38977 -40 -6.23 1.36
38723 -40 -6.23 1.36
43643 -40 -6.23 1.36
38233 -40 -6.23 1.36
42017 -40 -6.23 1.36
41869 -40 -6.23 1.36
42187 -40 -6.23 1.36
39692 -40 -6.23 1.36
44058 -40 -6.23 1.36
50683 -40 -6.23 1.36
39973 -40 -6.23 1.36
44109 -40 -6.23 1.36
40449 -40 -6.23 1.36
45441 -40 -6.23 1.36
39989 -40 -6.23 1.36
39410 -40 -6.23 1.36
43117 -40 -6.23 1.36
45777 -40 -6.23 1.36
42822 -40 -6.23 1.36
41203 -40 -6.23 1.36
41449 -40 -6.23 1.36
42554 -40 -6.23 1.36
42251 -40 -6.23 1.36
41486 -40 -6.23 1.36
44266 -40 -6.23 1.36
43947 -40 -6.23 1.36
41317 -40 -6.23 1.36
45524 -40 -6.23 1.36
