#rtt sig_str x y
182705 -40 -16.88 22.16
188904 -40 -16.88 22.16
180448 -40 -16.88 22.16
184444 -40 -16.88 22.16
186951 -40 -16.88 22.16
179476 -40 -16.88 22.16
186948 -40 -16.88 22.16
185047 -40 -16.88 22.16
188366 -40 -16.88 22.16
183387 -40 -16.88 22.16
185059 -40 -16.88 22.16
191235 -40 -16.88 22.16
179727 -40 -16.88 22.16
184581 -40 -16.88 22.16
186655 -40 -16.88 22.16
188827 -40 -16.88 22.16
184817 -40 -16.88 22.16
185797 -40 -16.88 22.16
183453 -40 -16.88 22.16
181708 -40 -16.88 22.16
188010 -40 -16.88 22.16
185580 -40 -16.88 22.16
187517 -40 -16.88 22.16
188032 -40 -16.88 22.16
184020 -40 -16.88 22.16
189056 -40 -16.88 22.16
184834 -40 -16.88 22.16
186413 -40 -16.88 22.16
184027 -40 -16.88 22.16
187078 -40 -16.88 22.16
189472 -40 -16.88 22.16
183863 -40 -16.88 22.16
183171 -40 -16.88 22.16
181257 -40 -16.88 22.16
185419 -40 -16.88 22.16
182479 -40 -16.88 22.16
181582 -40 -16.88 22.16
182604 -40 -16.88 22.16
183224 -40 -16.88 22.16
196143 -40 -28.12 9.88
196712 -40 -28.12 9.88
200200 -40 -28.12 9.88
200703 -40 -28.12 9.88
199287 -40 -28.12 9.88
198046 -40 -28.12 9.88
201289 -40 -28.12 9.88
198521 -40 -28.12 9.88
199646 -40 -28.12 9.88
200759 -40 -28.12 9.88
198948 -40 -28.12 9.88
196241 -40 -28.12 9.88
201163 -40 -28.12 9.88
197922 -40 -28.12 9.88
198466 -40 -28.12 9.88
199609 -40 -28.12 9.88
198594 -40 -28.12 9.88
195873 -40 -28.12 9.88
201870 -40 -28.12 9.88
202821 -40 -28.12 9.88
196064 -40 -28.12 9.88
195610 -40 -28.12 9.88
200488 -40 -28.12 9.88
193836 -40 -28.12 9.88
198893 -40 -28.12 9.88
197737 -40 -28.12 9.88
195339 -40 -28.12 9.88
200319 -40 -28.12 9.88
198108 -40 -28.12 9.88
203846 -40 -28.12 9.88
202633 -40 -28.12 9.88
197997 -40 -28.12 9.88
196547 -40 -28.12 9.88
204091 -40 -28.12 9.88
198067 -40 -28.12 9.88
198151 -40 -28.12 9.88
196056 -40 -28.12 9.88
199188 -40 -28.12 9.88
200859 -40 -28.12 9.88
96761 -40 -12.77 -7.45
95000 -40 -12.77 -7.45
100077 -40 -12.77 -7.45
98850 -40 -12.77 -7.45
99406 -40 -12.77 -7.45
96417 -40 -12.77 -7.45
97958 -40 -12.77 -7.45
97282 -40 -12.77 -7.45
103430 -40 -12.77 -7.45
98208 -40 -12.77 -7.45
98763 -40 -12.77 -7.45
96288 -40 -12.77 -7.45
97537 -40 -12.77 -7.45
95642 -40 -12.77 -7.45
98124 -40 -12.77 -7.45
95088 -40 -12.77 -7.45
98070 -40 -12.77 -7.45
98928 -40 -12.77 -7.45
100043 -40 -12.77 -7.45
99275 -40 -12.77 -7.45
99304 -40 -12.77 -7.45
97514 -40 -12.77 -7.45
96635 -40 -12.77 -7.45
99464 -40 -12.77 -7.45
98887 -40 -12.77 -7.45
97979 -40 -12.77 -7.45
97624 -40 -12.77 -7.45
98452 -40 -12.77 -7.45
97640 -40 -12.77 -7.45
100819 -40 -12.77 -7.45
103823 -40 -12.77 -7.45
95426 -40 -12.77 -7.45
99572 -40 -12.77 -7.45
95980 -40 -12.77 -7.45
98855 -40 -12.77 -7.45
99966 -40 -12.77 -7.45
93085 -40 -12.77 -7.45
96643 -40 -12.77 -7.45
97550 -40 -12.77 -7.45
137530 -40 -19.64 -4.8
133302 -40 -19.64 -4.8
137447 -40 -19.64 -4.8
131828 -40 -19.64 -4.8
132987 -40 -19.64 -4.8
131297 -40 -19.64 -4.8
135882 -40 -19.64 -4.8
132311 -40 -19.64 -4.8
134887 -40 -19.64 -4.8
136639 -40 -19.64 -4.8
133283 -40 -19.64 -4.8
136291 -40 -19.64 -4.8
139810 -40 -19.64 -4.8
134698 -40 -19.64 -4.8
133009 -40 -19.64 -4.8
135066 -40 -19.64 -4.8
136005 -40 -19.64 -4.8
135703 -40 -19.64 -4.8
132799 -40 -19.64 -4.8
135841 -40 -19.64 -4.8
136133 -40 -19.64 -4.8
132419 -40 -19.64 -4.8
132846 -40 -19.64 -4.8
131653 -40 -19.64 -4.8
140464 -40 -19.64 -4.8
136140 -40 -19.64 -4.8
141621 -40 -19.64 -4.8
135901 -40 -19.64 -4.8
135793 -40 -19.64 -4.8
129798 -40 -19.64 -4.8
136421 -40 -19.64 -4.8
132611 -40 -19.64 -4.8
133528 -40 -19.64 -4.8
137236 -40 -19.64 -4.8
132199 -40 -19.64 -4.8
133451 -40 -19.64 -4.8
138248 -40 -19.64 -4.8
136567 -40 -19.64 -4.8
133236 -40 -19.64 -4.8
85110 -40 -11.8 4.22
87001 -40 -11.8 4.22
81672 -40 -11.8 4.22
83499 -40 -11.8 4.22
78481 -40 -11.8 4.22
80603 -40 -11.8 4.22
81245 -40 -11.8 4.22
83655 -40 -11.8 4.22
82992 -40 -11.8 4.22
82234 -40 -11.8 4.22
79309 -40 -11.8 4.22
86291 -40 -11.8 4.22
82143 -40 -11.8 4.22
83134 -40 -11.8 4.22
84310 -40 -11.8 4.22
85220 -40 -11.8 4.22
83250 -40 -11.8 4.22
87587 -40 -11.8 4.22
83201 -40 -11.8 4.22
85446 -40 -11.8 4.22
84760 -40 -11.8 4.22
78399 -40 -11.8 4.22
85039 -40 -11.8 4.22
83185 -40 -11.8 4.22
90554 -40 -11.8 4.22
85802 -40 -11.8 4.22
86525 -40 -11.8 4.22
86390 -40 -11.8 4.22
85232 -40 -11.8 4.22
83944 -40 -11.8 4.22
82979 -40 -11.8 4.22
86397 -40 -11.8 4.22
82708 -40 -11.8 4.22
86727 -40 -11.8 4.22
80130 -40 -11.8 4.22
75832 -40 -11.8 4.22
79152 -40 -11.8 4.22
81209 -40 -11.8 4.22
83467 -40 -11.8 4.22
143303 -40 -20.23 8.52
144925 -40 -20.23 8.52
146626 -40 -20.23 8.52
146711 -40 -20.23 8.52
140274 -40 -20.23 8.52
142825 -40 -20.23 8.52
153142 -40 -20.23 8.52
147755 -40 -20.23 8.52
141234 -40 -20.23 8.52
150154 -40 -20.23 8.52
141446 -40 -20.23 8.52
148381 -40 -20.23 8.52
149229 -40 -20.23 8.52
146009 -40 -20.23 8.52
149818 -40 -20.23 8.52
146736 -40 -20.23 8.52
145789 -40 -20.23 8.52
149254 -40 -20.23 8.52
144007 -40 -20.23 8.52
147431 -40 -20.23 8.52
146125 -40 -20.23 8.52
144965 -40 -20.23 8.52
143951 -40 -20.23 8.52
149388 -40 -20.23 8.52
143840 -40 -20.23 8.52
146954 -40 -20.23 8.52
149264 -40 -20.23 8.52
147650 -40 -20.23 8.52
144100 -40 -20.23 8.52
145981 -40 -20.23 8.52
147844 -40 -20.23 8.52
144674 -40 -20.23 8.52
149043 -40 -20.23 8.52
147459 -40 -20.23 8.52
148367 -40 -20.23 8.52
149525 -40 -20.23 8.52
143446 -40 -20.23 8.52
144104 -40 -20.23 8.52
149773 -40 -20.23 8.52
166913 -40 11.96 -22.96
172997 -40 11.96 -22.96
175153 -40 11.96 -22.96
174564 -40 11.96 -22.96
171559 -40 11.96 -22.96
178620 -40 11.96 -22.96
174553 -40 11.96 -22.96
174497 -40 11.96 -22.96
175489 -40 11.96 -22.96
171236 -40 11.96 -22.96
172136 -40 11.96 -22.96
169514 -40 11.96 -22.96
170439 -40 11.96 -22.96
172298 -40 11.96 -22.96
171024 -40 11.96 -22.96
171979 -40 11.96 -22.96
174392 -40 11.96 -22.96
172321 -40 11.96 -22.96
173370 -40 11.96 -22.96
169113 -40 11.96 -22.96
170434 -40 11.96 -22.96
172967 -40 11.96 -22.96
173604 -40 11.96 -22.96
172361 -40 11.96 -22.96
176053 -40 11.96 -22.96
166166 -40 11.96 -22.96
174532 -40 11.96 -22.96
174229 -40 11.96 -22.96
171432 -40 11.96 -22.96
172012 -40 11.96 -22.96
177003 -40 11.96 -22.96
174167 -40 11.96 -22.96
167335 -40 11.96 -22.96
172738 -40 11.96 -22.96
169206 -40 11.96 -22.96
171626 -40 11.96 -22.96
171924 -40 11.96 -22.96
175455 -40 11.96 -22.96
168418 -40 11.96 -22.96
210852 -40 16.29 27.24
211459 -40 16.29 27.24
210483 -40 16.29 27.24
214034 -40 16.29 27.24
208367 -40 16.29 27.24
213462 -40 16.29 27.24
213077 -40 16.29 27.24
209682 -40 16.29 27.24
210310 -40 16.29 27.24
212331 -40 16.29 27.24
212218 -40 16.29 27.24
211693 -40 16.29 27.24
212114 -40 16.29 27.24
215604 -40 16.29 27.24
213684 -40 16.29 27.24
212256 -40 16.29 27.24
216186 -40 16.29 27.24
212703 -40 16.29 27.24
210674 -40 16.29 27.24
214471 -40 16.29 27.24
213207 -40 16.29 27.24
213479 -40 16.29 27.24
211379 -40 16.29 27.24
211506 -40 16.29 27.24
212712 -40 16.29 27.24
211760 -40 16.29 27.24
213577 -40 16.29 27.24
213299 -40 16.29 27.24
212632 -40 16.29 27.24
212920 -40 16.29 27.24
213565 -40 16.29 27.24
212113 -40 16.29 27.24
212549 -40 16.29 27.24
211626 -40 16.29 27.24
209838 -40 16.29 27.24
210742 -40 16.29 27.24
211048 -40 16.29 27.24
212105 -40 16.29 27.24
212119 -40 16.29 27.24
14039 -40 0.87 -2.55
16033 -40 0.87 -2.55
18477 -40 0.87 -2.55
17871 -40 0.87 -2.55
17575 -40 0.87 -2.55
19523 -40 0.87 -2.55
18893 -40 0.87 -2.55
14679 -40 0.87 -2.55
13618 -40 0.87 -2.55
18725 -40 0.87 -2.55
19368 -40 0.87 -2.55
19373 -40 0.87 -2.55
14334 -40 0.87 -2.55
18383 -40 0.87 -2.55
11795 -40 0.87 -2.55
20416 -40 0.87 -2.55
16126 -40 0.87 -2.55
15878 -40 0.87 -2.55
20139 -40 0.87 -2.55
14776 -40 0.87 -2.55
14793 -40 0.87 -2.55
14574 -40 0.87 -2.55
20972 -40 0.87 -2.55
16802 -40 0.87 -2.55
18627 -40 0.87 -2.55
18225 -40 0.87 -2.55
16883 -40 0.87 -2.55
15487 -40 0.87 -2.55
16980 -40 0.87 -2.55
18854 -40 0.87 -2.55
17830 -40 0.87 -2.55
20653 -40 0.87 -2.55
22264 -40 0.87 -2.55
18610 -40 0.87 -2.55
15558 -40 0.87 -2.55
14054 -40 0.87 -2.55
18505 -40 0.87 -2.55
18522 -40 0.87 -2.55
17178 -40 0.87 -2.55
150619 -40 -15.85 16.2
151579 -40 -15.85 16.2
152144 -40 -15.85 16.2
151572 -40 -15.85 16.2
153543 -40 -15.85 16.2
147444 -40 -15.85 16.2
150714 -40 -15.85 16.2
149448 -40 -15.85 16.2
150554 -40 -15.85 16.2
147452 -40 -15.85 16.2
148972 -40 -15.85 16.2
152119 -40 -15.85 16.2
150380 -40 -15.85 16.2
150693 -40 -15.85 16.2
146793 -40 -15.85 16.2
149252 -40 -15.85 16.2
149626 -40 -15.85 16.2
148038 -40 -15.85 16.2
150920 -40 -15.85 16.2
151432 -40 -15.85 16.2
150426 -40 -15.85 16.2
151767 -40 -15.85 16.2
150439 -40 -15.85 16.2
153154 -40 -15.85 16.2
150030 -40 -15.85 16.2
145093 -40 -15.85 16.2
155510 -40 -15.85 16.2
148138 -40 -15.85 16.2
155749 -40 -15.85 16.2
156986 -40 -15.85 16.2
151597 -40 -15.85 16.2
149791 -40 -15.85 16.2
150652 -40 -15.85 16.2
154321 -40 -15.85 16.2
153485 -40 -15.85 16.2
151524 -40 -15.85 16.2
146236 -40 -15.85 16.2
149438 -40 -15.85 16.2
152850 -40 -15.85 16.2
