#rtt sig_str x y
184952 -40 -20.75 -18.28
182089 -40 -20.75 -18.28
182932 -40 -20.75 -18.28
186390 -40 -20.75 -18.28
181928 -40 -20.75 -18.28
184531 -40 -20.75 -18.28
185272 -40 -20.75 -18.28
183778 -40 -20.75 -18.28
180724 -40 -20.75 -18.28
183169 -40 -20.75 -18.28
182548 -40 -20.75 -18.28
183324 -40 -20.75 -18.28
188668 -40 -20.75 -18.28
184950 -40 -20.75 -18.28
184227 -40 -20.75 -18.28
187673 -40 -20.75 -18.28
186169 -40 -20.75 -18.28
182178 -40 -20.75 -18.28
185983 -40 -20.75 -18.28
183540 -40 -20.75 -18.28
180471 -40 -20.75 -18.28
184602 -40 -20.75 -18.28
179488 -40 -20.75 -18.28
185924 -40 -20.75 -18.28
185562 -40 -20.75 -18.28
181217 -40 -20.75 -18.28
190418 -40 -20.75 -18.28
189489 -40 -20.75 -18.28
186344 -40 -20.75 -18.28
185004 -40 -20.75 -18.28
181744 -40 -20.75 -18.28
185916 -40 -20.75 -18.28
185041 -40 -20.75 -18.28
184032 -40 -20.75 -18.28
187525 -40 -20.75 -18.28
183275 -40 -20.75 -18.28
184110 -40 -20.75 -18.28
183857 -40 -20.75 -18.28
183479 -40 -20.75 -18.28
171810 -40 -21.98 -13.7
174152 -40 -21.98 -13.7
171560 -40 -21.98 -13.7
170767 -40 -21.98 -13.7
172475 -40 -21.98 -13.7
173779 -40 -21.98 -13.7
177199 -40 -21.98 -13.7
171537 -40 -21.98 -13.7
172635 -40 -21.98 -13.7
171435 -40 -21.98 -13.7
177582 -40 -21.98 -13.7
176119 -40 -21.98 -13.7
176008 -40 -21.98 -13.7
174334 -40 -21.98 -13.7
178359 -40 -21.98 -13.7
169761 -40 -21.98 -13.7
174985 -40 -21.98 -13.7
176726 -40 -21.98 -13.7
171715 -40 -21.98 -13.7
176762 -40 -21.98 -13.7
179201 -40 -21.98 -13.7
177133 -40 -21.98 -13.7
175064 -40 -21.98 -13.7
170145 -40 -21.98 -13.7
170962 -40 -21.98 -13.7
173127 -40 -21.98 -13.7
171908 -40 -21.98 -13.7
173811 -40 -21.98 -13.7
172867 -40 -21.98 -13.7
175183 -40 -21.98 -13.7
171755 -40 -21.98 -13.7
178970 -40 -21.98 -13.7
171829 -40 -21.98 -13.7
175751 -40 -21.98 -13.7
175049 -40 -21.98 -13.7
168527 -40 -21.98 -13.7
172580 -40 -21.98 -13.7
171350 -40 -21.98 -13.7
175371 -40 -21.98 -13.7
116685 -40 -8.24 -15.07
115576 -40 -8.24 -15.07
109840 -40 -8.24 -15.07
113091 -40 -8.24 -15.07
115354 -40 -8.24 -15.07
115601 -40 -8.24 -15.07
117036 -40 -8.24 -15.07
113192 -40 -8.24 -15.07
111892 -40 -8.24 -15.07
112939 -40 -8.24 -15.07
112485 -40 -8.24 -15.07
111384 -40 -8.24 -15.07
114786 -40 -8.24 -15.07
114970 -40 -8.24 -15.07
112001 -40 -8.24 -15.07
113221 -40 -8.24 -15.07
116001 -40 -8.24 -15.07
111672 -40 -8.24 -15.07
113469 -40 -8.24 -15.07
115822 -40 -8.24 -15.07
116498 -40 -8.24 -15.07
115200 -40 -8.24 -15.07
116728 -40 -8.24 -15.07
117350 -40 -8.24 -15.07
116406 -40 -8.24 -15.07
113763 -40 -8.24 -15.07
117296 -40 -8.24 -15.07
117687 -40 -8.24 -15.07
115988 -40 -8.24 -15.07
114381 -40 -8.24 -15.07
115229 -40 -8.24 -15.07
112481 -40 -8.24 -15.07
114671 -40 -8.24 -15.07
114275 -40 -8.24 -15.07
114845 -40 -8.24 -15.07
116367 -40 -8.24 -15.07
115113 -40 -8.24 -15.07
112099 -40 -8.24 -15.07
112213 -40 -8.24 -15.07
98961 -40 10.75 -10.38
101208 -40 10.75 -10.38
98068 -40 10.75 -10.38
97700 -40 10.75 -10.38
99261 -40 10.75 -10.38
99912 -40 10.75 -10.38
99463 -40 10.75 -10.38
102584 -40 10.75 -10.38
100299 -40 10.75 -10.38
100528 -40 10.75 -10.38
98419 -40 10.75 -10.38
98865 -40 10.75 -10.38
99763 -40 10.75 -10.38
106471 -40 10.75 -10.38
100175 -40 10.75 -10.38
100816 -40 10.75 -10.38
99640 -40 10.75 -10.38
96977 -40 10.75 -10.38
101959 -40 10.75 -10.38
97600 -40 10.75 -10.38
96618 -40 10.75 -10.38
103114 -40 10.75 -10.38
102028 -40 10.75 -10.38
99767 -40 10.75 -10.38
101120 -40 10.75 -10.38
96448 -40 10.75 -10.38
101071 -40 10.75 -10.38
98656 -40 10.75 -10.38
99521 -40 10.75 -10.38
99980 -40 10.75 -10.38
97123 -40 10.75 -10.38
99342 -40 10.75 -10.38
99701 -40 10.75 -10.38
98815 -40 10.75 -10.38
98575 -40 10.75 -10.38
97040 -40 10.75 -10.38
100073 -40 10.75 -10.38
100215 -40 10.75 -10.38
95360 -40 10.75 -10.38
200075 -40 -18.34 24.29
200538 -40 -18.34 24.29
201352 -40 -18.34 24.29
206352 -40 -18.34 24.29
200565 -40 -18.34 24.29
206859 -40 -18.34 24.29
202931 -40 -18.34 24.29
206251 -40 -18.34 24.29
197730 -40 -18.34 24.29
198905 -40 -18.34 24.29
201960 -40 -18.34 24.29
203079 -40 -18.34 24.29
200339 -40 -18.34 24.29
202948 -40 -18.34 24.29
203200 -40 -18.34 24.29
198643 -40 -18.34 24.29
203397 -40 -18.34 24.29
198014 -40 -18.34 24.29
201582 -40 -18.34 24.29
199041 -40 -18.34 24.29
202343 -40 -18.34 24.29
201114 -40 -18.34 24.29
205005 -40 -18.34 24.29
202416 -40 -18.34 24.29
205220 -40 -18.34 24.29
206873 -40 -18.34 24.29
206357 -40 -18.34 24.29
204995 -40 -18.34 24.29
203906 -40 -18.34 24.29
210403 -40 -18.34 24.29
201276 -40 -18.34 24.29
204029 -40 -18.34 24.29
202159 -40 -18.34 24.29
203743 -40 -18.34 24.29
202073 -40 -18.34 24.29
200588 -40 -18.34 24.29
201413 -40 -18.34 24.29
201984 -40 -18.34 24.29
204167 -40 -18.34 24.29
193870 -40 -14.93 25.3
191873 -40 -14.93 25.3
195713 -40 -14.93 25.3
200259 -40 -14.93 25.3
198020 -40 -14.93 25.3
194052 -40 -14.93 25.3
197957 -40 -14.93 25.3
198323 -40 -14.93 25.3
197035 -40 -14.93 25.3
198246 -40 -14.93 25.3
196513 -40 -14.93 25.3
195993 -40 -14.93 25.3
198350 -40 -14.93 25.3
197273 -40 -14.93 25.3
201074 -40 -14.93 25.3
197548 -40 -14.93 25.3
194404 -40 -14.93 25.3
200623 -40 -14.93 25.3
195157 -40 -14.93 25.3
190724 -40 -14.93 25.3
197515 -40 -14.93 25.3
196423 -40 -14.93 25.3
198147 -40 -14.93 25.3
195310 -40 -14.93 25.3
194804 -40 -14.93 25.3
194496 -40 -14.93 25.3
194699 -40 -14.93 25.3
196174 -40 -14.93 25.3
201776 -40 -14.93 25.3
194027 -40 -14.93 25.3
191332 -40 -14.93 25.3
194318 -40 -14.93 25.3
196908 -40 -14.93 25.3
193577 -40 -14.93 25.3
196084 -40 -14.93 25.3
201424 -40 -14.93 25.3
193322 -40 -14.93 25.3
193992 -40 -14.93 25.3
196165 -40 -14.93 25.3
202879 -40 15.51 27
208217 -40 15.51 27
207197 -40 15.51 27
205840 -40 15.51 27
208597 -40 15.51 27
207321 -40 15.51 27
212488 -40 15.51 27
208456 -40 15.51 27
213421 -40 15.51 27
206854 -40 15.51 27
201187 -40 15.51 27
204809 -40 15.51 27
207130 -40 15.51 27
205828 -40 15.51 27
207742 -40 15.51 27
208432 -40 15.51 27
208832 -40 15.51 27
206913 -40 15.51 27
206719 -40 15.51 27
208994 -40 15.51 27
210180 -40 15.51 27
208579 -40 15.51 27
208221 -40 15.51 27
206096 -40 15.51 27
202945 -40 15.51 27
210130 -40 15.51 27
209970 -40 15.51 27
206158 -40 15.51 27
204115 -40 15.51 27
205501 -40 15.51 27
208447 -40 15.51 27
207209 -40 15.51 27
208969 -40 15.51 27
210215 -40 15.51 27
208468 -40 15.51 27
206844 -40 15.51 27
208340 -40 15.51 27
208421 -40 15.51 27
211391 -40 15.51 27
125477 -40 3.46 -19.11
126981 -40 3.46 -19.11
128675 -40 3.46 -19.11
133166 -40 3.46 -19.11
128866 -40 3.46 -19.11
128204 -40 3.46 -19.11
126182 -40 3.46 -19.11
133296 -40 3.46 -19.11
128649 -40 3.46 -19.11
131343 -40 3.46 -19.11
129833 -40 3.46 -19.11
129908 -40 3.46 -19.11
123713 -40 3.46 -19.11
133015 -40 3.46 -19.11
128484 -40 3.46 -19.11
130586 -40 3.46 -19.11
126311 -40 3.46 -19.11
132194 -40 3.46 -19.11
132922 -40 3.46 -19.11
129631 -40 3.46 -19.11
126090 -40 3.46 -19.11
128099 -40 3.46 -19.11
133545 -40 3.46 -19.11
131005 -40 3.46 -19.11
130773 -40 3.46 -19.11
130631 -40 3.46 -19.11
129900 -40 3.46 -19.11
125881 -40 3.46 -19.11
130977 -40 3.46 -19.11
129808 -40 3.46 -19.11
129960 -40 3.46 -19.11
131849 -40 3.46 -19.11
128080 -40 3.46 -19.11
124591 -40 3.46 -19.11
131733 -40 3.46 -19.11
127829 -40 3.46 -19.11
128272 -40 3.46 -19.11
130860 -40 3.46 -19.11
125947 -40 3.46 -19.11
198314 -40 0.89 -29.55
197712 -40 0.89 -29.55
198523 -40 0.89 -29.55
198713 -40 0.89 -29.55
196313 -40 0.89 -29.55
194263 -40 0.89 -29.55
194256 -40 0.89 -29.55
198644 -40 0.89 -29.55
198126 -40 0.89 -29.55
196052 -40 0.89 -29.55
198713 -40 0.89 -29.55
199286 -40 0.89 -29.55
202553 -40 0.89 -29.55
198530 -40 0.89 -29.55
193845 -40 0.89 -29.55
197381 -40 0.89 -29.55
191955 -40 0.89 -29.55
195468 -40 0.89 -29.55
197403 -40 0.89 -29.55
197192 -40 0.89 -29.55
196118 -40 0.89 -29.55
194280 -40 0.89 -29.55
199883 -40 0.89 -29.55
200310 -40 0.89 -29.55
186951 -40 0.89 -29.55
198018 -40 0.89 -29.55
201541 -40 0.89 -29.55
201348 -40 0.89 -29.55
200980 -40 0.89 -29.55
198186 -40 0.89 -29.55
197671 -40 0.89 -29.55
195654 -40 0.89 -29.55
199115 -40 0.89 -29.55
193022 -40 0.89 -29.55
197540 -40 0.89 -29.55
195113 -40 0.89 -29.55
195674 -40 0.89 -29.55
196803 -40 0.89 -29.55
199258 -40 0.89 -29.55
69592 -40 -1.93 10.77
73758 -40 -1.93 10.77
70919 -40 -1.93 10.77
72530 -40 -1.93 10.77
73349 -40 -1.93 10.77
75900 -40 -1.93 10.77
73695 -40 -1.93 10.77
74702 -40 -1.93 10.77
66680 -40 -1.93 10.77
73492 -40 -1.93 10.77
75701 -40 -1.93 10.77
69637 -40 -1.93 10.77
72497 -40 -1.93 10.77
75296 -40 -1.93 10.77
73435 -40 -1.93 10.77
72627 -40 -1.93 10.77
73585 -40 -1.93 10.77
73481 -40 -1.93 10.77
70468 -40 -1.93 10.77
69343 -40 -1.93 10.77
73580 -40 -1.93 10.77
78621 -40 -1.93 10.77
74008 -40 -1.93 10.77
71075 -40 -1.93 10.77
71121 -40 -1.93 10.77
73415 -40 -1.93 10.77
67818 -40 -1.93 10.77
76590 -40 -1.93 10.77
69568 -40 -1.93 10.77
70258 -40 -1.93 10.77
74782 -40 -1.93 10.77
70572 -40 -1.93 10.77
71729 -40 -1.93 10.77
74855 -40 -1.93 10.77
75557 -40 -1.93 10.77
73256 -40 -1.93 10.77
73610 -40 -1.93 10.77
73165 -40 -1.93 10.77
71308 -40 -1.93 10.77
