#rtt sig_str x y
102701 -40 2.75 15.09
101885 -40 2.75 15.09
103675 -40 2.75 15.09
105415 -40 2.75 15.09
97823 -40 2.75 15.09
101551 -40 2.75 15.09
104135 -40 2.75 15.09
101893 -40 2.75 15.09
102577 -40 2.75 15.09
103404 -40 2.75 15.09
101438 -40 2.75 15.09
105279 -40 2.75 15.09
97220 -40 2.75 15.09
104912 -40 2.75 15.09
99195 -40 2.75 15.09
99444 -40 2.75 15.09
96150 -40 2.75 15.09
100971 -40 2.75 15.09
103783 -40 2.75 15.09
103184 -40 2.75 15.09
103894 -40 2.75 15.09
106661 -40 2.75 15.09
104548 -40 2.75 15.09
99216 -40 2.75 15.09
100993 -40 2.75 15.09
98045 -40 2.75 15.09
100128 -40 2.75 15.09
100461 -40 2.75 15.09
99531 -40 2.75 15.09
99497 -40 2.75 15.09
99606 -40 2.75 15.09
104641 -40 2.75 15.09
103672 -40 2.75 15.09
105578 -40 2.75 15.09
99315 -40 2.75 15.09
101753 -40 2.75 15.09
105139 -40 2.75 15.09
103063 -40 2.75 15.09
106770 -40 2.75 15.09
224861 -40 21.54 27.09
227239 -40 21.54 27.09
234815 -40 21.54 27.09
227305 -40 21.54 27.09
228397 -40 21.54 27.09
235066 -40 21.54 27.09
237419 -40 21.54 27.09
231923 -40 21.54 27.09
231634 -40 21.54 27.09
228144 -40 21.54 27.09
232870 -40 21.54 27.09
233381 -40 21.54 27.09
228506 -40 21.54 27.09
232149 -40 21.54 27.09
228858 -40 21.54 27.09
230231 -40 21.54 27.09
231300 -40 21.54 27.09
227840 -40 21.54 27.09
228813 -40 21.54 27.09
232242 -40 21.54 27.09
233817 -40 21.54 27.09
228764 -40 21.54 27.09
228736 -40 21.54 27.09
232530 -40 21.54 27.09
230979 -40 21.54 27.09
228511 -40 21.54 27.09
231379 -40 21.54 27.09
228018 -40 21.54 27.09
226232 -40 21.54 27.09
229519 -40 21.54 27.09
228367 -40 21.54 27.09
230154 -40 21.54 27.09
228304 -40 21.54 27.09
228350 -40 21.54 27.09
226013 -40 21.54 27.09
234983 -40 21.54 27.09
230584 -40 21.54 27.09
228885 -40 21.54 27.09
230245 -40 21.54 27.09
90123 -40 11.16 7.26
85499 -40 11.16 7.26
88356 -40 11.16 7.26
92176 -40 11.16 7.26
84876 -40 11.16 7.26
91302 -40 11.16 7.26
89713 -40 11.16 7.26
90883 -40 11.16 7.26
90922 -40 11.16 7.26
89998 -40 11.16 7.26
84806 -40 11.16 7.26
95204 -40 11.16 7.26
85989 -40 11.16 7.26
85354 -40 11.16 7.26
86552 -40 11.16 7.26
90352 -40 11.16 7.26
88107 -40 11.16 7.26
89913 -40 11.16 7.26
94046 -40 11.16 7.26
94688 -40 11.16 7.26
93874 -40 11.16 7.26
91022 -40 11.16 7.26
89293 -40 11.16 7.26
89599 -40 11.16 7.26
90836 -40 11.16 7.26
87557 -40 11.16 7.26
91117 -40 11.16 7.26
91179 -40 11.16 7.26
88160 -40 11.16 7.26
88835 -40 11.16 7.26
87971 -40 11.16 7.26
92046 -40 11.16 7.26
87330 -40 11.16 7.26
87721 -40 11.16 7.26
90628 -40 11.16 7.26
91192 -40 11.16 7.26
87896 -40 11.16 7.26
85799 -40 11.16 7.26
86820 -40 11.16 7.26
154200 -40 -10.11 20.39
149825 -40 -10.11 20.39
155564 -40 -10.11 20.39
154594 -40 -10.11 20.39
149335 -40 -10.11 20.39
154848 -40 -10.11 20.39
154054 -40 -10.11 20.39
151498 -40 -10.11 20.39
156072 -40 -10.11 20.39
155811 -40 -10.11 20.39
155347 -40 -10.11 20.39
151706 -40 -10.11 20.39
148333 -40 -10.11 20.39
150934 -40 -10.11 20.39
150699 -40 -10.11 20.39
146169 -40 -10.11 20.39
152785 -40 -10.11 20.39
151212 -40 -10.11 20.39
153502 -40 -10.11 20.39
148828 -40 -10.11 20.39
153481 -40 -10.11 20.39
152248 -40 -10.11 20.39
154598 -40 -10.11 20.39
152889 -40 -10.11 20.39
150737 -40 -10.11 20.39
149927 -40 -10.11 20.39
154260 -40 -10.11 20.39
152676 -40 -10.11 20.39
149263 -40 -10.11 20.39
153180 -40 -10.11 20.39
154283 -40 -10.11 20.39
151300 -40 -10.11 20.39
153323 -40 -10.11 20.39
150167 -40 -10.11 20.39
154362 -40 -10.11 20.39
151648 -40 -10.11 20.39
152097 -40 -10.11 20.39
151339 -40 -10.11 20.39
156174 -40 -10.11 20.39
208151 -40 -26.4 17.42
209787 -40 -26.4 17.42
209109 -40 -26.4 17.42
209851 -40 -26.4 17.42
215004 -40 -26.4 17.42
212821 -40 -26.4 17.42
209855 -40 -26.4 17.42
214032 -40 -26.4 17.42
212161 -40 -26.4 17.42
212546 -40 -26.4 17.42
210166 -40 -26.4 17.42
212281 -40 -26.4 17.42
208760 -40 -26.4 17.42
211409 -40 -26.4 17.42
209110 -40 -26.4 17.42
206647 -40 -26.4 17.42
205734 -40 -26.4 17.42
213015 -40 -26.4 17.42
208570 -40 -26.4 17.42
207522 -40 -26.4 17.42
208888 -40 -26.4 17.42
211312 -40 -26.4 17.42
209911 -40 -26.4 17.42
210689 -40 -26.4 17.42
217924 -40 -26.4 17.42
209702 -40 -26.4 17.42
207769 -40 -26.4 17.42
210287 -40 -26.4 17.42
214190 -40 -26.4 17.42
212860 -40 -26.4 17.42
211732 -40 -26.4 17.42
209178 -40 -26.4 17.42
212790 -40 -26.4 17.42
211537 -40 -26.4 17.42
211621 -40 -26.4 17.42
210773 -40 -26.4 17.42
210151 -40 -26.4 17.42
207936 -40 -26.4 17.42
211616 -40 -26.4 17.42
149350 -40 -6.82 -21.1
144882 -40 -6.82 -21.1
144867 -40 -6.82 -21.1
151190 -40 -6.82 -21.1
151767 -40 -6.82 -21.1
153872 -40 -6.82 -21.1
151969 -40 -6.82 -21.1
148213 -40 -6.82 -21.1
145076 -40 -6.82 -21.1
142692 -40 -6.82 -21.1
148394 -40 -6.82 -21.1
146579 -40 -6.82 -21.1
150020 -40 -6.82 -21.1
146650 -40 -6.82 -21.1
149908 -40 -6.82 -21.1
144071 -40 -6.82 -21.1
150557 -40 -6.82 -21.1
146196 -40 -6.82 -21.1
150618 -40 -6.82 -21.1
151870 -40 -6.82 -21.1
150066 -40 -6.82 -21.1
145845 -40 -6.82 -21.1
153041 -40 -6.82 -21.1
153252 -40 -6.82 -21.1
148940 -40 -6.82 -21.1
144694 -40 -6.82 -21.1
149128 -40 -6.82 -21.1
149591 -40 -6.82 -21.1
147013 -40 -6.82 -21.1
150216 -40 -6.82 -21.1
146681 -40 -6.82 -21.1
146107 -40 -6.82 -21.1
147265 -40 -6.82 -21.1
151331 -40 -6.82 -21.1
150151 -40 -6.82 -21.1
153214 -40 -6.82 -21.1
148290 -40 -6.82 -21.1
150891 -40 -6.82 -21.1
147671 -40 -6.82 -21.1
155116 -40 -17.21 15.37
154544 -40 -17.21 15.37
154159 -40 -17.21 15.37
153125 -40 -17.21 15.37
156746 -40 -17.21 15.37
153324 -40 -17.21 15.37
159281 -40 -17.21 15.37
152642 -40 -17.21 15.37
152134 -40 -17.21 15.37
156818 -40 -17.21 15.37
153834 -40 -17.21 15.37
154642 -40 -17.21 15.37
157661 -40 -17.21 15.37
152013 -40 -17.21 15.37
155155 -40 -17.21 15.37
153974 -40 -17.21 15.37
154227 -40 -17.21 15.37
151951 -40 -17.21 15.37
147226 -40 -17.21 15.37
154024 -40 -17.21 15.37
151337 -40 -17.21 15.37
148904 -40 -17.21 15.37
158533 -40 -17.21 15.37
151373 -40 -17.21 15.37
157584 -40 -17.21 15.37
151160 -40 -17.21 15.37
154206 -40 -17.21 15.37
157247 -40 -17.21 15.37
156787 -40 -17.21 15.37
150417 -40 -17.21 15.37
151656 -40 -17.21 15.37
154937 -40 -17.21 15.37
150608 -40 -17.21 15.37
151493 -40 -17.21 15.37
155069 -40 -17.21 15.37
151620 -40 -17.21 15.37
152885 -40 -17.21 15.37
157505 -40 -17.21 15.37
158311 -40 -17.21 15.37
238138 -40 25.95 25.13
244795 -40 25.95 25.13
242768 -40 25.95 25.13
239234 -40 25.95 25.13
238831 -40 25.95 25.13
240469 -40 25.95 25.13
239784 -40 25.95 25.13
237730 -40 25.95 25.13
243246 -40 25.95 25.13
241228 -40 25.95 25.13
240216 -40 25.95 25.13
239157 -40 25.95 25.13
244100 -40 25.95 25.13
243578 -40 25.95 25.13
240585 -40 25.95 25.13
238717 -40 25.95 25.13
244418 -40 25.95 25.13
239435 -40 25.95 25.13
240697 -40 25.95 25.13
242995 -40 25.95 25.13
240663 -40 25.95 25.13
238600 -40 25.95 25.13
245684 -40 25.95 25.13
240891 -40 25.95 25.13
235196 -40 25.95 25.13
239580 -40 25.95 25.13
237371 -40 25.95 25.13
237939 -40 25.95 25.13
238180 -40 25.95 25.13
241650 -40 25.95 25.13
240145 -40 25.95 25.13
241033 -40 25.95 25.13
243332 -40 25.95 25.13
240071 -40 25.95 25.13
239621 -40 25.95 25.13
240013 -40 25.95 25.13
241156 -40 25.95 25.13
238538 -40 25.95 25.13
243332 -40 25.95 25.13
156152 -40 13.37 19.76
161451 -40 13.37 19.76
159919 -40 13.37 19.76
161186 -40 13.37 19.76
154646 -40 13.37 19.76
158532 -40 13.37 19.76
154663 -40 13.37 19.76
161111 -40 13.37 19.76
153134 -40 13.37 19.76
159650 -40 13.37 19.76
158335 -40 13.37 19.76
155519 -40 13.37 19.76
160730 -40 13.37 19.76
156572 -40 13.37 19.76
164216 -40 13.37 19.76
156091 -40 13.37 19.76
152890 -40 13.37 19.76
159279 -40 13.37 19.76
161225 -40 13.37 19.76
159332 -40 13.37 19.76
156164 -40 13.37 19.76
161141 -40 13.37 19.76
160590 -40 13.37 19.76
161664 -40 13.37 19.76
159919 -40 13.37 19.76
162585 -40 13.37 19.76
161600 -40 13.37 19.76
158280 -40 13.37 19.76
157779 -40 13.37 19.76
156361 -40 13.37 19.76
161736 -40 13.37 19.76
161767 -40 13.37 19.76
159284 -40 13.37 19.76
160162 -40 13.37 19.76
159621 -40 13.37 19.76
157099 -40 13.37 19.76
159010 -40 13.37 19.76
160549 -40 13.37 19.76
158709 -40 13.37 19.76
184928 -40 -27.19 0.89
180501 -40 -27.19 0.89
184503 -40 -27.19 0.89
183291 -40 -27.19 0.89
184626 -40 -27.19 0.89
183687 -40 -27.19 0.89
180903 -40 -27.19 0.89
182634 -40 -27.19 0.89
183088 -40 -27.19 0.89
184157 -40 -27.19 0.89
179906 -40 -27.19 0.89
177030 -40 -27.19 0.89
180667 -40 -27.19 0.89
182270 -40 -27.19 0.89
183318 -40 -27.19 0.89
181684 -40 -27.19 0.89
183531 -40 -27.19 0.89
178983 -40 -27.19 0.89
178773 -40 -27.19 0.89
183447 -40 -27.19 0.89
184543 -40 -27.19 0.89
185747 -40 -27.19 0.89
185823 -40 -27.19 0.89
180923 -40 -27.19 0.89
179487 -40 -27.19 0.89
181977 -40 -27.19 0.89
179407 -40 -27.19 0.89
180835 -40 -27.19 0.89
182296 -40 -27.19 0.89
180241 -40 -27.19 0.89
187144 -40 -27.19 0.89
184025 -40 -27.19 0.89
181107 -40 -27.19 0.89
185283 -40 -27.19 0.89
182067 -40 -27.19 0.89
177766 -40 -27.19 0.89
180925 -40 -27.19 0.89
183869 -40 -27.19 0.89
180455 -40 -27.19 0.89
