#rtt sig_str x y
100866 -40 -14.44 -5.73
106534 -40 -14.44 -5.73
98702 -40 -14.44 -5.73
105839 -40 -14.44 -5.73
105061 -40 -14.44 -5.73
105233 -40 -14.44 -5.73
100568 -40 -14.44 -5.73
101558 -40 -14.44 -5.73
101959 -40 -14.44 -5.73
101720 -40 -14.44 -5.73
105358 -40 -14.44 -5.73
100463 -40 -14.44 -5.73
103283 -40 -14.44 -5.73
101800 -40 -14.44 -5.73
105077 -40 -14.44 -5.73
102740 -40 -14.44 -5.73
105291 -40 -14.44 -5.73
101162 -40 -14.44 -5.73
102514 -40 -14.44 -5.73
104387 -40 -14.44 -5.73
94641 -40 -14.44 -5.73
105050 -40 -14.44 -5.73
101391 -40 -14.44 -5.73
101854 -40 -14.44 -5.73
101438 -40 -14.44 -5.73
105241 -40 -14.44 -5.73
104771 -40 -14.44 -5.73
103462 -40 -14.44 -5.73
102490 -40 -14.44 -5.73
107170 -40 -14.44 -5.73
103298 -40 -14.44 -5.73
105681 -40 -14.44 -5.73
100725 -40 -14.44 -5.73
100301 -40 -14.44 -5.73
103828 -40 -14.44 -5.73
104412 -40 -14.44 -5.73
104087 -40 -14.44 -5.73
103645 -40 -14.44 -5.73
105456 -40 -14.44 -5.73
211888 -40 -27.4 16.24
211371 -40 -27.4 16.24
213544 -40 -27.4 16.24
209487 -40 -27.4 16.24
211460 -40 -27.4 16.24
212681 -40 -27.4 16.24
217673 -40 -27.4 16.24
211771 -40 -27.4 16.24
212435 -40 -27.4 16.24
211092 -40 -27.4 16.24
212237 -40 -27.4 16.24
213831 -40 -27.4 16.24
215894 -40 -27.4 16.24
217477 -40 -27.4 16.24
214736 -40 -27.4 16.24
216739 -40 -27.4 16.24
214269 -40 -27.4 16.24
215637 -40 -27.4 16.24
213481 -40 -27.4 16.24
207467 -40 -27.4 16.24
214187 -40 -27.4 16.24
213470 -40 -27.4 16.24
215618 -40 -27.4 16.24
209690 -40 -27.4 16.24
214513 -40 -27.4 16.24
216239 -40 -27.4 16.24
216217 -40 -27.4 16.24
211815 -40 -27.4 16.24
213500 -40 -27.4 16.24
211752 -40 -27.4 16.24
210698 -40 -27.4 16.24
212140 -40 -27.4 16.24
213321 -40 -27.4 16.24
210075 -40 -27.4 16.24
212966 -40 -27.4 16.24
216075 -40 -27.4 16.24
210790 -40 -27.4 16.24
218298 -40 -27.4 16.24
211825 -40 -27.4 16.24
139436 -40 4.92 -21.17
142893 -40 4.92 -21.17
147031 -40 4.92 -21.17
146788 -40 4.92 -21.17
146162 -40 4.92 -21.17
146367 -40 4.92 -21.17
145062 -40 4.92 -21.17
145538 -40 4.92 -21.17
143893 -40 4.92 -21.17
146346 -40 4.92 -21.17
144350 -40 4.92 -21.17
148885 -40 4.92 -21.17
145406 -40 4.92 -21.17
143696 -40 4.92 -21.17
139216 -40 4.92 -21.17
146582 -40 4.92 -21.17
144226 -40 4.92 -21.17
144889 -40 4.92 -21.17
146674 -40 4.92 -21.17
147563 -40 4.92 -21.17
142364 -40 4.92 -21.17
145584 -40 4.92 -21.17
143223 -40 4.92 -21.17
140085 -40 4.92 -21.17
143465 -40 4.92 -21.17
146113 -40 4.92 -21.17
144696 -40 4.92 -21.17
145623 -40 4.92 -21.17
143626 -40 4.92 -21.17
139054 -40 4.92 -21.17
144817 -40 4.92 -21.17
146066 -40 4.92 -21.17
147804 -40 4.92 -21.17
149311 -40 4.92 -21.17
144402 -40 4.92 -21.17
147036 -40 4.92 -21.17
146781 -40 4.92 -21.17
146373 -40 4.92 -21.17
143443 -40 4.92 -21.17
156498 -40 -23.25 2.16
157338 -40 -23.25 2.16
153096 -40 -23.25 2.16
157031 -40 -23.25 2.16
153293 -40 -23.25 2.16
153205 -40 -23.25 2.16
153650 -40 -23.25 2.16
153288 -40 -23.25 2.16
155559 -40 -23.25 2.16
154950 -40 -23.25 2.16
159729 -40 -23.25 2.16
153458 -40 -23.25 2.16
155186 -40 -23.25 2.16
157526 -40 -23.25 2.16
153905 -40 -23.25 2.16
154502 -40 -23.25 2.16
158613 -40 -23.25 2.16
156746 -40 -23.25 2.16
156306 -40 -23.25 2.16
153153 -40 -23.25 2.16
158635 -40 -23.25 2.16
156996 -40 -23.25 2.16
160167 -40 -23.25 2.16
157712 -40 -23.25 2.16
159424 -40 -23.25 2.16
159468 -40 -23.25 2.16
154445 -40 -23.25 2.16
152441 -40 -23.25 2.16
156668 -40 -23.25 2.16
155751 -40 -23.25 2.16
159394 -40 -23.25 2.16
156290 -40 -23.25 2.16
151004 -40 -23.25 2.16
156584 -40 -23.25 2.16
157732 -40 -23.25 2.16
154443 -40 -23.25 2.16
151000 -40 -23.25 2.16
158356 -40 -23.25 2.16
158915 -40 -23.25 2.16
180724 -40 6.65 -26.29
183812 -40 6.65 -26.29
181750 -40 6.65 -26.29
179334 -40 6.65 -26.29
183712 -40 6.65 -26.29
183241 -40 6.65 -26.29
180489 -40 6.65 -26.29
177703 -40 6.65 -26.29
173591 -40 6.65 -26.29
176291 -40 6.65 -26.29
180331 -40 6.65 -26.29
178425 -40 6.65 -26.29
175781 -40 6.65 -26.29
178264 -40 6.65 -26.29
182892 -40 6.65 -26.29
184754 -40 6.65 -26.29
182929 -40 6.65 -26.29
181532 -40 6.65 -26.29
176549 -40 6.65 -26.29
176669 -40 6.65 -26.29
186434 -40 6.65 -26.29
182752 -40 6.65 -26.29
181036 -40 6.65 -26.29
184082 -40 6.65 -26.29
185321 -40 6.65 -26.29
181045 -40 6.65 -26.29
182542 -40 6.65 -26.29
180858 -40 6.65 -26.29
190179 -40 6.65 -26.29
180924 -40 6.65 -26.29
180638 -40 6.65 -26.29
185960 -40 6.65 -26.29
179199 -40 6.65 -26.29
177281 -40 6.65 -26.29
180270 -40 6.65 -26.29
182340 -40 6.65 -26.29
180249 -40 6.65 -26.29
182248 -40 6.65 -26.29
182031 -40 6.65 -26.29
94856 -40 -12.22 -7.86
100953 -40 -12.22 -7.86
99469 -40 -12.22 -7.86
98834 -40 -12.22 -7.86
100463 -40 -12.22 -7.86
97408 -40 -12.22 -7.86
98856 -40 -12.22 -7.86
98538 -40 -12.22 -7.86
101446 -40 -12.22 -7.86
96520 -40 -12.22 -7.86
95112 -40 -12.22 -7.86
97087 -40 -12.22 -7.86
93188 -40 -12.22 -7.86
95505 -40 -12.22 -7.86
94516 -40 -12.22 -7.86
98645 -40 -12.22 -7.86
93979 -40 -12.22 -7.86
96093 -40 -12.22 -7.86
93639 -40 -12.22 -7.86
95023 -40 -12.22 -7.86
97478 -40 -12.22 -7.86
98075 -40 -12.22 -7.86
95162 -40 -12.22 -7.86
98842 -40 -12.22 -7.86
97233 -40 -12.22 -7.86
98153 -40 -12.22 -7.86
99252 -40 -12.22 -7.86
98448 -40 -12.22 -7.86
95260 -40 -12.22 -7.86
97404 -40 -12.22 -7.86
95747 -40 -12.22 -7.86
96668 -40 -12.22 -7.86
101456 -40 -12.22 -7.86
100616 -40 -12.22 -7.86
100752 -40 -12.22 -7.86
99002 -40 -12.22 -7.86
98683 -40 -12.22 -7.86
92987 -40 -12.22 -7.86
94167 -40 -12.22 -7.86
140004 -40 18.44 -10.64
141998 -40 18.44 -10.64
143029 -40 18.44 -10.64
141931 -40 18.44 -10.64
147291 -40 18.44 -10.64
148391 -40 18.44 -10.64
140069 -40 18.44 -10.64
139565 -40 18.44 -10.64
139585 -40 18.44 -10.64
144228 -40 18.44 -10.64
141446 -40 18.44 -10.64
140918 -40 18.44 -10.64
144670 -40 18.44 -10.64
139903 -40 18.44 -10.64
145419 -40 18.44 -10.64
140586 -40 18.44 -10.64
142682 -40 18.44 -10.64
138609 -40 18.44 -10.64
143696 -40 18.44 -10.64
142682 -40 18.44 -10.64
142506 -40 18.44 -10.64
139755 -40 18.44 -10.64
141988 -40 18.44 -10.64
137850 -40 18.44 -10.64
137960 -40 18.44 -10.64
145352 -40 18.44 -10.64
138738 -40 18.44 -10.64
140710 -40 18.44 -10.64
139612 -40 18.44 -10.64
142701 -40 18.44 -10.64
139883 -40 18.44 -10.64
143425 -40 18.44 -10.64
140690 -40 18.44 -10.64
139578 -40 18.44 -10.64
139888 -40 18.44 -10.64
141936 -40 18.44 -10.64
145852 -40 18.44 -10.64
141077 -40 18.44 -10.64
144456 -40 18.44 -10.64
183272 -40 -24.31 -11.45
182330 -40 -24.31 -11.45
178962 -40 -24.31 -11.45
176498 -40 -24.31 -11.45
178408 -40 -24.31 -11.45
179541 -40 -24.31 -11.45
181178 -40 -24.31 -11.45
178148 -40 -24.31 -11.45
177919 -40 -24.31 -11.45
178102 -40 -24.31 -11.45
179084 -40 -24.31 -11.45
180076 -40 -24.31 -11.45
174751 -40 -24.31 -11.45
180661 -40 -24.31 -11.45
181140 -40 -24.31 -11.45
174917 -40 -24.31 -11.45
180236 -40 -24.31 -11.45
179941 -40 -24.31 -11.45
183041 -40 -24.31 -11.45
179953 -40 -24.31 -11.45
183356 -40 -24.31 -11.45
175465 -40 -24.31 -11.45
182329 -40 -24.31 -11.45
181705 -40 -24.31 -11.45
177414 -40 -24.31 -11.45
180461 -40 -24.31 -11.45
181633 -40 -24.31 -11.45
177324 -40 -24.31 -11.45
179728 -40 -24.31 -11.45
176099 -40 -24.31 -11.45
178569 -40 -24.31 -11.45
178130 -40 -24.31 -11.45
177880 -40 -24.31 -11.45
176607 -40 -24.31 -11.45
179833 -40 -24.31 -11.45
177583 -40 -24.31 -11.45
180196 -40 -24.31 -11.45
181142 -40 -24.31 -11.45
178842 -40 -24.31 -11.45
81104 -40 12.01 2.57
85072 -40 12.01 2.57
77363 -40 12.01 2.57
85001 -40 12.01 2.57
86959 -40 12.01 2.57
84153 -40 12.01 2.57
79790 -40 12.01 2.57
84358 -40 12.01 2.57
81979 -40 12.01 2.57
83365 -40 12.01 2.57
79604 -40 12.01 2.57
80579 -40 12.01 2.57
82868 -40 12.01 2.57
78754 -40 12.01 2.57
83341 -40 12.01 2.57
80532 -40 12.01 2.57
84838 -40 12.01 2.57
82242 -40 12.01 2.57
81124 -40 12.01 2.57
83647 -40 12.01 2.57
80675 -40 12.01 2.57
79382 -40 12.01 2.57
79279 -40 12.01 2.57
81567 -40 12.01 2.57
84426 -40 12.01 2.57
81010 -40 12.01 2.57
79302 -40 12.01 2.57
79487 -40 12.01 2.57
84498 -40 12.01 2.57
84263 -40 12.01 2.57
80594 -40 12.01 2.57
81015 -40 12.01 2.57
79187 -40 12.01 2.57
83675 -40 12.01 2.57
79098 -40 12.01 2.57
82240 -40 12.01 2.57
79025 -40 12.01 2.57
82294 -40 12.01 2.57
82404 -40 12.01 2.57
188502 -40 25.98 10.58
184903 -40 25.98 10.58
189715 -40 25.98 10.58
188532 -40 25.98 10.58
183934 -40 25.98 10.58
186192 -40 25.98 10.58
188379 -40 25.98 10.58
187318 -40 25.98 10.58
181972 -40 25.98 10.58
182869 -40 25.98 10.58
183150 -40 25.98 10.58
187252 -40 25.98 10.58
190211 -40 25.98 10.58
185677 -40 25.98 10.58
184371 -40 25.98 10.58
189911 -40 25.98 10.58
189892 -40 25.98 10.58
187229 -40 25.98 10.58
181514 -40 25.98 10.58
186310 -40 25.98 10.58
181854 -40 25.98 10.58
180951 -40 25.98 10.58
186771 -40 25.98 10.58
188106 -40 25.98 10.58
186563 -40 25.98 10.58
189964 -40 25.98 10.58
184899 -40 25.98 10.58
188688 -40 25.98 10.58
185480 -40 25.98 10.58
187109 -40 25.98 10.58
183898 -40 25.98 10.58
192857 -40 25.98 10.58
184237 -40 25.98 10.58
191178 -40 25.98 10.58
186594 -40 25.98 10.58
186379 -40 25.98 10.58
181558 -40 25.98 10.58
186233 -40 25.98 10.58
188833 -40 25.98 10.58
