#rtt sig_str x y
91858 -40 -12.23 -5.91
85602 -40 -12.23 -5.91
87281 -40 -12.23 -5.91
87328 -40 -12.23 -5.91
90297 -40 -12.23 -5.91
92384 -40 -12.23 -5.91
88741 -40 -12.23 -5.91
89342 -40 -12.23 -5.91
88994 -40 -12.23 -5.91
88741 -40 -12.23 -5.91
89253 -40 -12.23 -5.91
96463 -40 -12.23 -5.91
88330 -40 -12.23 -5.91
87919 -40 -12.23 -5.91
88955 -40 -12.23 -5.91
91059 -40 -12.23 -5.91
88085 -40 -12.23 -5.91
86340 -40 -12.23 -5.91
95341 -40 -12.23 -5.91
91631 -40 -12.23 -5.91
92566 -40 -12.23 -5.91
88021 -40 -12.23 -5.91
85023 -40 -12.23 -5.91
92189 -40 -12.23 -5.91
91867 -40 -12.23 -5.91
90675 -40 -12.23 -5.91
90881 -40 -12.23 -5.91
89267 -40 -12.23 -5.91
89002 -40 -12.23 -5.91
89429 -40 -12.23 -5.91
91100 -40 -12.23 -5.91
98338 -40 -12.23 -5.91
94671 -40 -12.23 -5.91
93810 -40 -12.23 -5.91
85438 -40 -12.23 -5.91
90035 -40 -12.23 -5.91
86429 -40 -12.23 -5.91
92220 -40 -12.23 -5.91
88266 -40 -12.23 -5.91
128662 -40 18.55 5.75
126027 -40 18.55 5.75
132819 -40 18.55 5.75
128900 -40 18.55 5.75
129936 -40 18.55 5.75
131881 -40 18.55 5.75
126265 -40 18.55 5.75
135836 -40 18.55 5.75
132424 -40 18.55 5.75
126660 -40 18.55 5.75
132315 -40 18.55 5.75
130037 -40 18.55 5.75
129762 -40 18.55 5.75
129362 -40 18.55 5.75
127741 -40 18.55 5.75
131933 -40 18.55 5.75
128211 -40 18.55 5.75
129783 -40 18.55 5.75
125157 -40 18.55 5.75
132763 -40 18.55 5.75
128063 -40 18.55 5.75
134905 -40 18.55 5.75
130313 -40 18.55 5.75
129931 -40 18.55 5.75
131488 -40 18.55 5.75
125336 -40 18.55 5.75
132445 -40 18.55 5.75
126320 -40 18.55 5.75
129520 -40 18.55 5.75
129094 -40 18.55 5.75
134542 -40 18.55 5.75
130504 -40 18.55 5.75
126100 -40 18.55 5.75
135085 -40 18.55 5.75
127569 -40 18.55 5.75
128323 -40 18.55 5.75
127126 -40 18.55 5.75
130777 -40 18.55 5.75
127567 -40 18.55 5.75
147883 -40 -8.99 -20.3
149379 -40 -8.99 -20.3
150963 -40 -8.99 -20.3
150979 -40 -8.99 -20.3
146506 -40 -8.99 -20.3
150708 -40 -8.99 -20.3
148869 -40 -8.99 -20.3
147981 -40 -8.99 -20.3
144780 -40 -8.99 -20.3
150724 -40 -8.99 -20.3
151635 -40 -8.99 -20.3
146818 -40 -8.99 -20.3
147210 -40 -8.99 -20.3
151515 -40 -8.99 -20.3
147051 -40 -8.99 -20.3
149438 -40 -8.99 -20.3
144532 -40 -8.99 -20.3
146653 -40 -8.99 -20.3
148937 -40 -8.99 -20.3
152234 -40 -8.99 -20.3
149058 -40 -8.99 -20.3
148074 -40 -8.99 -20.3
151521 -40 -8.99 -20.3
146588 -40 -8.99 -20.3
147824 -40 -8.99 -20.3
148591 -40 -8.99 -20.3
151381 -40 -8.99 -20.3
145603 -40 -8.99 -20.3
151264 -40 -8.99 -20.3
148255 -40 -8.99 -20.3
148030 -40 -8.99 -20.3
147694 -40 -8.99 -20.3
148009 -40 -8.99 -20.3
147596 -40 -8.99 -20.3
145109 -40 -8.99 -20.3
145954 -40 -8.99 -20.3
147795 -40 -8.99 -20.3
144402 -40 -8.99 -20.3
146672 -40 -8.99 -20.3
185103 -40 17.37 21.62
183356 -40 17.37 21.62
185235 -40 17.37 21.62
184529 -40 17.37 21.62
184701 -40 17.37 21.62
183906 -40 17.37 21.62
183272 -40 17.37 21.62
182549 -40 17.37 21.62
181181 -40 17.37 21.62
185661 -40 17.37 21.62
185361 -40 17.37 21.62
187830 -40 17.37 21.62
178350 -40 17.37 21.62
189526 -40 17.37 21.62
186483 -40 17.37 21.62
178890 -40 17.37 21.62
183613 -40 17.37 21.62
187274 -40 17.37 21.62
184156 -40 17.37 21.62
185122 -40 17.37 21.62
182606 -40 17.37 21.62
184711 -40 17.37 21.62
183200 -40 17.37 21.62
182898 -40 17.37 21.62
182803 -40 17.37 21.62
180364 -40 17.37 21.62
182711 -40 17.37 21.62
186814 -40 17.37 21.62
185776 -40 17.37 21.62
183729 -40 17.37 21.62
179143 -40 17.37 21.62
183771 -40 17.37 21.62
182029 -40 17.37 21.62
181408 -40 17.37 21.62
187521 -40 17.37 21.62
184675 -40 17.37 21.62
183136 -40 17.37 21.62
184987 -40 17.37 21.62
184124 -40 17.37 21.62
144077 -40 3.68 -21.42
144683 -40 3.68 -21.42
146904 -40 3.68 -21.42
144922 -40 3.68 -21.42
145750 -40 3.68 -21.42
142764 -40 3.68 -21.42
142380 -40 3.68 -21.42
146590 -40 3.68 -21.42
147851 -40 3.68 -21.42
147111 -40 3.68 -21.42
140242 -40 3.68 -21.42
141980 -40 3.68 -21.42
145937 -40 3.68 -21.42
145522 -40 3.68 -21.42
147291 -40 3.68 -21.42
148646 -40 3.68 -21.42
147282 -40 3.68 -21.42
146321 -40 3.68 -21.42
146485 -40 3.68 -21.42
146798 -40 3.68 -21.42
147773 -40 3.68 -21.42
143459 -40 3.68 -21.42
148825 -40 3.68 -21.42
147245 -40 3.68 -21.42
140628 -40 3.68 -21.42
146468 -40 3.68 -21.42
146744 -40 3.68 -21.42
145174 -40 3.68 -21.42
149006 -40 3.68 -21.42
144215 -40 3.68 -21.42
146028 -40 3.68 -21.42
146769 -40 3.68 -21.42
141962 -40 3.68 -21.42
143595 -40 3.68 -21.42
147481 -40 3.68 -21.42
145540 -40 3.68 -21.42
151447 -40 3.68 -21.42
145137 -40 3.68 -21.42
146684 -40 3.68 -21.42
133192 -40 -14.79 -13.12
133930 -40 -14.79 -13.12
129080 -40 -14.79 -13.12
127615 -40 -14.79 -13.12
139076 -40 -14.79 -13.12
130356 -40 -14.79 -13.12
131037 -40 -14.79 -13.12
133936 -40 -14.79 -13.12
132532 -40 -14.79 -13.12
135714 -40 -14.79 -13.12
130456 -40 -14.79 -13.12
130442 -40 -14.79 -13.12
130506 -40 -14.79 -13.12
134889 -40 -14.79 -13.12
138635 -40 -14.79 -13.12
132218 -40 -14.79 -13.12
132586 -40 -14.79 -13.12
132768 -40 -14.79 -13.12
135266 -40 -14.79 -13.12
131517 -40 -14.79 -13.12
127876 -40 -14.79 -13.12
129806 -40 -14.79 -13.12
134476 -40 -14.79 -13.12
131820 -40 -14.79 -13.12
130124 -40 -14.79 -13.12
131229 -40 -14.79 -13.12
133346 -40 -14.79 -13.12
133023 -40 -14.79 -13.12
134497 -40 -14.79 -13.12
136352 -40 -14.79 -13.12
133325 -40 -14.79 -13.12
128797 -40 -14.79 -13.12
127966 -40 -14.79 -13.12
134384 -40 -14.79 -13.12
135246 -40 -14.79 -13.12
130323 -40 -14.79 -13.12
131374 -40 -14.79 -13.12
132012 -40 -14.79 -13.12
137640 -40 -14.79 -13.12
170834 -40 -23.71 9.86
170272 -40 -23.71 9.86
175324 -40 -23.71 9.86
168672 -40 -23.71 9.86
175659 -40 -23.71 9.86
170056 -40 -23.71 9.86
171172 -40 -23.71 9.86
173377 -40 -23.71 9.86
162964 -40 -23.71 9.86
172006 -40 -23.71 9.86
172964 -40 -23.71 9.86
175107 -40 -23.71 9.86
170004 -40 -23.71 9.86
171163 -40 -23.71 9.86
169806 -40 -23.71 9.86
176925 -40 -23.71 9.86
169964 -40 -23.71 9.86
167413 -40 -23.71 9.86
173312 -40 -23.71 9.86
173539 -40 -23.71 9.86
170803 -40 -23.71 9.86
173431 -40 -23.71 9.86
171221 -40 -23.71 9.86
170832 -40 -23.71 9.86
173929 -40 -23.71 9.86
166857 -40 -23.71 9.86
173282 -40 -23.71 9.86
172312 -40 -23.71 9.86
169560 -40 -23.71 9.86
170815 -40 -23.71 9.86
169308 -40 -23.71 9.86
167157 -40 -23.71 9.86
172381 -40 -23.71 9.86
171498 -40 -23.71 9.86
169385 -40 -23.71 9.86
168766 -40 -23.71 9.86
171957 -40 -23.71 9.86
171125 -40 -23.71 9.86
167422 -40 -23.71 9.86
209797 -40 -26.5 -15
200380 -40 -26.5 -15
204825 -40 -26.5 -15
203064 -40 -26.5 -15
199817 -40 -26.5 -15
206813 -40 -26.5 -15
205326 -40 -26.5 -15
203224 -40 -26.5 -15
202875 -40 -26.5 -15
199317 -40 -26.5 -15
199807 -40 -26.5 -15
206423 -40 -26.5 -15
202290 -40 -26.5 -15
201615 -40 -26.5 -15
203498 -40 -26.5 -15
202061 -40 -26.5 -15
202941 -40 -26.5 -15
202382 -40 -26.5 -15
200988 -40 -26.5 -15
201103 -40 -26.5 -15
200175 -40 -26.5 -15
204076 -40 -26.5 -15
202803 -40 -26.5 -15
208050 -40 -26.5 -15
202898 -40 -26.5 -15
203043 -40 -26.5 -15
200932 -40 -26.5 -15
206688 -40 -26.5 -15
203339 -40 -26.5 -15
202380 -40 -26.5 -15
202452 -40 -26.5 -15
201028 -40 -26.5 -15
201948 -40 -26.5 -15
207150 -40 -26.5 -15
201556 -40 -26.5 -15
202602 -40 -26.5 -15
204778 -40 -26.5 -15
206215 -40 -26.5 -15
204433 -40 -26.5 -15
86381 -40 10.4 7.6
85444 -40 10.4 7.6
91857 -40 10.4 7.6
90335 -40 10.4 7.6
84409 -40 10.4 7.6
87412 -40 10.4 7.6
90974 -40 10.4 7.6
89144 -40 10.4 7.6
89959 -40 10.4 7.6
83327 -40 10.4 7.6
90460 -40 10.4 7.6
84838 -40 10.4 7.6
84096 -40 10.4 7.6
87156 -40 10.4 7.6
84000 -40 10.4 7.6
85560 -40 10.4 7.6
86940 -40 10.4 7.6
87055 -40 10.4 7.6
82893 -40 10.4 7.6
87041 -40 10.4 7.6
85863 -40 10.4 7.6
84621 -40 10.4 7.6
90962 -40 10.4 7.6
84481 -40 10.4 7.6
89017 -40 10.4 7.6
83137 -40 10.4 7.6
87074 -40 10.4 7.6
86033 -40 10.4 7.6
85518 -40 10.4 7.6
85664 -40 10.4 7.6
88064 -40 10.4 7.6
84816 -40 10.4 7.6
83607 -40 10.4 7.6
86816 -40 10.4 7.6
87011 -40 10.4 7.6
84506 -40 10.4 7.6
89031 -40 10.4 7.6
85094 -40 10.4 7.6
87603 -40 10.4 7.6
184447 -40 11.87 -24.38
184198 -40 11.87 -24.38
177758 -40 11.87 -24.38
177919 -40 11.87 -24.38
181375 -40 11.87 -24.38
186571 -40 11.87 -24.38
183999 -40 11.87 -24.38
177307 -40 11.87 -24.38
181165 -40 11.87 -24.38
179482 -40 11.87 -24.38
182557 -40 11.87 -24.38
179746 -40 11.87 -24.38
184824 -40 11.87 -24.38
177698 -40 11.87 -24.38
183660 -40 11.87 -24.38
184294 -40 11.87 -24.38
181126 -40 11.87 -24.38
184716 -40 11.87 -24.38
178483 -40 11.87 -24.38
183609 -40 11.87 -24.38
178644 -40 11.87 -24.38
186061 -40 11.87 -24.38
183915 -40 11.87 -24.38
174909 -40 11.87 -24.38
180269 -40 11.87 -24.38
181485 -40 11.87 -24.38
177871 -40 11.87 -24.38
178687 -40 11.87 -24.38
181909 -40 11.87 -24.38
178698 -40 11.87 -24.38
179490 -40 11.87 -24.38
184204 -40 11.87 -24.38
182752 -40 11.87 -24.38
180720 -40 11.87 -24.38
179902 -40 11.87 -24.38
179722 -40 11.87 -24.38
179045 -40 11.87 -24.38
176978 -40 11.87 -24.38
179546 -40 11.87 -24.38
