#rtt sig_str x y
183924 -40 25.65 9.46
181642 -40 25.65 9.46
182095 -40 25.65 9.46
183724 -40 25.65 9.46
179845 -40 25.65 9.46
178478 -40 25.65 9.46
185125 -40 25.65 9.46
181823 -40 25.65 9.46
183705 -40 25.65 9.46
185048 -40 25.65 9.46
182382 -40 25.65 9.46
181679 -40 25.65 9.46
187075 -40 25.65 9.46
180873 -40 25.65 9.46
178126 -40 25.65 9.46
181469 -40 25.65 9.46
183251 -40 25.65 9.46
178274 -40 25.65 9.46
184501 -40 25.65 9.46
180439 -40 25.65 9.46
184039 -40 25.65 9.46
183135 -40 25.65 9.46
183131 -40 25.65 9.46
183370 -40 25.65 9.46
178866 -40 25.65 9.46
186227 -40 25.65 9.46
182848 -40 25.65 9.46
180392 -40 25.65 9.46
183871 -40 25.65 9.46
185121 -40 25.65 9.46
186937 -40 25.65 9.46
183387 -40 25.65 9.46
177280 -40 25.65 9.46
184817 -40 25.65 9.46
180517 -40 25.65 9.46
183151 -40 25.65 9.46
176176 -40 25.65 9.46
179780 -40 25.65 9.46
183503 -40 25.65 9.46
225718 -40 22.35 -25.02
220967 -40 22.35 -25.02
220349 -40 22.35 -25.02
220689 -40 22.35 -25.02
223507 -40 22.35 -25.02
218715 -40 22.35 -25.02
224738 -40 22.35 -25.02
219854 -40 22.35 -25.02
223248 -40 22.35 -25.02
227302 -40 22.35 -25.02
222048 -40 22.35 -25.02
224149 -40 22.35 -25.02
226745 -40 22.35 -25.02
226591 -40 22.35 -25.02
222658 -40 22.35 -25.02
223916 -40 22.35 -25.02
221868 -40 22.35 -25.02
222060 -40 22.35 -25.02
223723 -40 22.35 -25.02
222876 -40 22.35 -25.02
220547 -40 22.35 -25.02
223510 -40 22.35 -25.02
224215 -40 22.35 -25.02
220428 -40 22.35 -25.02
220655 -40 22.35 -25.02
224786 -40 22.35 -25.02
220623 -40 22.35 -25.02
222748 -40 22.35 -25.02
225611 -40 22.35 -25.02
222471 -40 22.35 -25.02
222685 -40 22.35 -25.02
223686 -40 22.35 -25.02
221656 -40 22.35 -25.02
225514 -40 22.35 -25.02
223636 -40 22.35 -25.02
221144 -40 22.35 -25.02
218988 -40 22.35 -25.02
225004 -40 22.35 -25.02
220896 -40 22.35 -25.02
151959 -40 5.08 -22.47
155173 -40 5.08 -22.47
157973 -40 5.08 -22.47
151518 -40 5.08 -22.47
156539 -40 5.08 -22.47
153556 -40 5.08 -22.47
154483 -40 5.08 -22.47
154723 -40 5.08 -22.47
149517 -40 5.08 -22.47
155205 -40 5.08 -22.47
156780 -40 5.08 -22.47
154010 -40 5.08 -22.47
152292 -40 5.08 -22.47
155630 -40 5.08 -22.47
151114 -40 5.08 -22.47
154625 -40 5.08 -22.47
149679 -40 5.08 -22.47
156531 -40 5.08 -22.47
154027 -40 5.08 -22.47
157973 -40 5.08 -22.47
153499 -40 5.08 -22.47
153323 -40 5.08 -22.47
152612 -40 5.08 -22.47
157085 -40 5.08 -22.47
153336 -40 5.08 -22.47
152912 -40 5.08 -22.47
152717 -40 5.08 -22.47
147405 -40 5.08 -22.47
155110 -40 5.08 -22.47
152699 -40 5.08 -22.47
157236 -40 5.08 -22.47
156165 -40 5.08 -22.47
152271 -40 5.08 -22.47
157776 -40 5.08 -22.47
153280 -40 5.08 -22.47
155441 -40 5.08 -22.47
147700 -40 5.08 -22.47
154073 -40 5.08 -22.47
151511 -40 5.08 -22.47
210616 -40 24.31 -19.77
214509 -40 24.31 -19.77
208562 -40 24.31 -19.77
205966 -40 24.31 -19.77
206650 -40 24.31 -19.77
209627 -40 24.31 -19.77
209314 -40 24.31 -19.77
207167 -40 24.31 -19.77
207238 -40 24.31 -19.77
206911 -40 24.31 -19.77
208853 -40 24.31 -19.77
207715 -40 24.31 -19.77
210413 -40 24.31 -19.77
209577 -40 24.31 -19.77
209365 -40 24.31 -19.77
208316 -40 24.31 -19.77
207913 -40 24.31 -19.77
209407 -40 24.31 -19.77
209697 -40 24.31 -19.77
206449 -40 24.31 -19.77
208554 -40 24.31 -19.77
205932 -40 24.31 -19.77
208410 -40 24.31 -19.77
210700 -40 24.31 -19.77
210702 -40 24.31 -19.77
204635 -40 24.31 -19.77
208479 -40 24.31 -19.77
211246 -40 24.31 -19.77
207324 -40 24.31 -19.77
212274 -40 24.31 -19.77
206439 -40 24.31 -19.77
206755 -40 24.31 -19.77
210383 -40 24.31 -19.77
206407 -40 24.31 -19.77
206134 -40 24.31 -19.77
207947 -40 24.31 -19.77
209412 -40 24.31 -19.77
208546 -40 24.31 -19.77
211644 -40 24.31 -19.77
165417 -40 -10.99 21.7
160030 -40 -10.99 21.7
161863 -40 -10.99 21.7
159381 -40 -10.99 21.7
161820 -40 -10.99 21.7
159650 -40 -10.99 21.7
156330 -40 -10.99 21.7
158138 -40 -10.99 21.7
160295 -40 -10.99 21.7
162679 -40 -10.99 21.7
162446 -40 -10.99 21.7
164161 -40 -10.99 21.7
161830 -40 -10.99 21.7
160233 -40 -10.99 21.7
161591 -40 -10.99 21.7
164361 -40 -10.99 21.7
166248 -40 -10.99 21.7
159833 -40 -10.99 21.7
158248 -40 -10.99 21.7
157032 -40 -10.99 21.7
167495 -40 -10.99 21.7
161940 -40 -10.99 21.7
160669 -40 -10.99 21.7
165919 -40 -10.99 21.7
163920 -40 -10.99 21.7
165633 -40 -10.99 21.7
164289 -40 -10.99 21.7
158247 -40 -10.99 21.7
162605 -40 -10.99 21.7
166189 -40 -10.99 21.7
164887 -40 -10.99 21.7
160526 -40 -10.99 21.7
162423 -40 -10.99 21.7
166227 -40 -10.99 21.7
160133 -40 -10.99 21.7
164704 -40 -10.99 21.7
161777 -40 -10.99 21.7
167197 -40 -10.99 21.7
158011 -40 -10.99 21.7
230426 -40 -21.12 -28.06
232758 -40 -21.12 -28.06
234205 -40 -21.12 -28.06
231175 -40 -21.12 -28.06
236973 -40 -21.12 -28.06
232934 -40 -21.12 -28.06
229823 -40 -21.12 -28.06
234441 -40 -21.12 -28.06
232570 -40 -21.12 -28.06
234390 -40 -21.12 -28.06
234609 -40 -21.12 -28.06
235769 -40 -21.12 -28.06
231571 -40 -21.12 -28.06
236849 -40 -21.12 -28.06
233799 -40 -21.12 -28.06
232068 -40 -21.12 -28.06
233440 -40 -21.12 -28.06
232610 -40 -21.12 -28.06
236760 -40 -21.12 -28.06
236013 -40 -21.12 -28.06
235386 -40 -21.12 -28.06
234389 -40 -21.12 -28.06
234705 -40 -21.12 -28.06
232129 -40 -21.12 -28.06
232239 -40 -21.12 -28.06
231591 -40 -21.12 -28.06
235979 -40 -21.12 -28.06
231296 -40 -21.12 -28.06
226431 -40 -21.12 -28.06
234777 -40 -21.12 -28.06
233145 -40 -21.12 -28.06
233143 -40 -21.12 -28.06
233625 -40 -21.12 -28.06
238414 -40 -21.12 -28.06
234603 -40 -21.12 -28.06
233872 -40 -21.12 -28.06
230057 -40 -21.12 -28.06
232230 -40 -21.12 -28.06
230423 -40 -21.12 -28.06
156673 -40 21.58 -9.51
155540 -40 21.58 -9.51
159614 -40 21.58 -9.51
161208 -40 21.58 -9.51
155537 -40 21.58 -9.51
159998 -40 21.58 -9.51
155978 -40 21.58 -9.51
155835 -40 21.58 -9.51
159433 -40 21.58 -9.51
157733 -40 21.58 -9.51
160543 -40 21.58 -9.51
155620 -40 21.58 -9.51
154627 -40 21.58 -9.51
157683 -40 21.58 -9.51
157267 -40 21.58 -9.51
163554 -40 21.58 -9.51
152911 -40 21.58 -9.51
155008 -40 21.58 -9.51
156619 -40 21.58 -9.51
157500 -40 21.58 -9.51
157879 -40 21.58 -9.51
158017 -40 21.58 -9.51
159814 -40 21.58 -9.51
156117 -40 21.58 -9.51
158416 -40 21.58 -9.51
156371 -40 21.58 -9.51
154632 -40 21.58 -9.51
158329 -40 21.58 -9.51
156755 -40 21.58 -9.51
155783 -40 21.58 -9.51
157376 -40 21.58 -9.51
155102 -40 21.58 -9.51
158088 -40 21.58 -9.51
155933 -40 21.58 -9.51
155200 -40 21.58 -9.51
151703 -40 21.58 -9.51
158999 -40 21.58 -9.51
153577 -40 21.58 -9.51
160196 -40 21.58 -9.51
54130 -40 -3.98 -6.68
48186 -40 -3.98 -6.68
52773 -40 -3.98 -6.68
54270 -40 -3.98 -6.68
54131 -40 -3.98 -6.68
50881 -40 -3.98 -6.68
46835 -40 -3.98 -6.68
48602 -40 -3.98 -6.68
46334 -40 -3.98 -6.68
48821 -40 -3.98 -6.68
52429 -40 -3.98 -6.68
50834 -40 -3.98 -6.68
52163 -40 -3.98 -6.68
51535 -40 -3.98 -6.68
52794 -40 -3.98 -6.68
55983 -40 -3.98 -6.68
45814 -40 -3.98 -6.68
53938 -40 -3.98 -6.68
50909 -40 -3.98 -6.68
50698 -40 -3.98 -6.68
52105 -40 -3.98 -6.68
49312 -40 -3.98 -6.68
53769 -40 -3.98 -6.68
50982 -40 -3.98 -6.68
55417 -40 -3.98 -6.68
51466 -40 -3.98 -6.68
51084 -40 -3.98 -6.68
51678 -40 -3.98 -6.68
49193 -40 -3.98 -6.68
52201 -40 -3.98 -6.68
50934 -40 -3.98 -6.68
47767 -40 -3.98 -6.68
50167 -40 -3.98 -6.68
57351 -40 -3.98 -6.68
50423 -40 -3.98 -6.68
52741 -40 -3.98 -6.68
53972 -40 -3.98 -6.68
49903 -40 -3.98 -6.68
52236 -40 -3.98 -6.68
147647 -40 -0.39 -22.38
155098 -40 -0.39 -22.38
149479 -40 -0.39 -22.38
148440 -40 -0.39 -22.38
155913 -40 -0.39 -22.38
151148 -40 -0.39 -22.38
147468 -40 -0.39 -22.38
149649 -40 -0.39 -22.38
155461 -40 -0.39 -22.38
152482 -40 -0.39 -22.38
151234 -40 -0.39 -22.38
145395 -40 -0.39 -22.38
150662 -40 -0.39 -22.38
143604 -40 -0.39 -22.38
149363 -40 -0.39 -22.38
148344 -40 -0.39 -22.38
145029 -40 -0.39 -22.38
151549 -40 -0.39 -22.38
147708 -40 -0.39 -22.38
155787 -40 -0.39 -22.38
147632 -40 -0.39 -22.38
148467 -40 -0.39 -22.38
147838 -40 -0.39 -22.38
149620 -40 -0.39 -22.38
148995 -40 -0.39 -22.38
149940 -40 -0.39 -22.38
152579 -40 -0.39 -22.38
149016 -40 -0.39 -22.38
149063 -40 -0.39 -22.38
145892 -40 -0.39 -22.38
146274 -40 -0.39 -22.38
151183 -40 -0.39 -22.38
150116 -40 -0.39 -22.38
145910 -40 -0.39 -22.38
147698 -40 -0.39 -22.38
151780 -40 -0.39 -22.38
150709 -40 -0.39 -22.38
141485 -40 -0.39 -22.38
148026 -40 -0.39 -22.38
113148 -40 -2.85 -16.81
115139 -40 -2.85 -16.81
112717 -40 -2.85 -16.81
116174 -40 -2.85 -16.81
113822 -40 -2.85 -16.81
118107 -40 -2.85 -16.81
113562 -40 -2.85 -16.81
109189 -40 -2.85 -16.81
113726 -40 -2.85 -16.81
114024 -40 -2.85 -16.81
109779 -40 -2.85 -16.81
113080 -40 -2.85 -16.81
112181 -40 -2.85 -16.81
114205 -40 -2.85 -16.81
112885 -40 -2.85 -16.81
115839 -40 -2.85 -16.81
109565 -40 -2.85 -16.81
119072 -40 -2.85 -16.81
114514 -40 -2.85 -16.81
116347 -40 -2.85 -16.81
112120 -40 -2.85 -16.81
118396 -40 -2.85 -16.81
115405 -40 -2.85 -16.81
115290 -40 -2.85 -16.81
113340 -40 -2.85 -16.81
117428 -40 -2.85 -16.81
112906 -40 -2.85 -16.81
114119 -40 -2.85 -16.81
118964 -40 -2.85 -16.81
112039 -40 -2.85 -16.81
111661 -40 -2.85 -16.81
109708 -40 -2.85 -16.81
115773 -40 -2.85 -16.81
110244 -40 -2.85 -16.81
116831 -40 -2.85 -16.81
115913 -40 -2.85 -16.81
111184 -40 -2.85 -16.81
111931 -40 -2.85 -16.81
115349 -40 -2.85 -16.81
