#rtt sig_str x y
162517 -40 -18.87 15.55
163004 -40 -18.87 15.55
162637 -40 -18.87 15.55
161067 -40 -18.87 15.55
164621 -40 -18.87 15.55
164009 -40 -18.87 15.55
164466 -40 -18.87 15.55
159198 -40 -18.87 15.55
163393 -40 -18.87 15.55
162797 -40 -18.87 15.55
165917 -40 -18.87 15.55
161102 -40 -18.87 15.55
159481 -40 -18.87 15.55
159064 -40 -18.87 15.55
163290 -40 -18.87 15.55
164817 -40 -18.87 15.55
163937 -40 -18.87 15.55
162510 -40 -18.87 15.55
159047 -40 -18.87 15.55
162479 -40 -18.87 15.55
161322 -40 -18.87 15.55
165478 -40 -18.87 15.55
165661 -40 -18.87 15.55
169857 -40 -18.87 15.55
157958 -40 -18.87 15.55
162950 -40 -18.87 15.55
165481 -40 -18.87 15.55
164358 -40 -18.87 15.55
158834 -40 -18.87 15.55
164295 -40 -18.87 15.55
160486 -40 -18.87 15.55
164464 -40 -18.87 15.55
161797 -40 -18.87 15.55
163181 -40 -18.87 15.55
162936 -40 -18.87 15.55
165578 -40 -18.87 15.55
165034 -40 -18.87 15.55
162595 -40 -18.87 15.55
168039 -40 -18.87 15.55
165258 -40 -6.81 -23.96
167622 -40 -6.81 -23.96
166456 -40 -6.81 -23.96
169469 -40 -6.81 -23.96
165786 -40 -6.81 -23.96
163408 -40 -6.81 -23.96
167529 -40 -6.81 -23.96
163976 -40 -6.81 -23.96
166900 -40 -6.81 -23.96
165072 -40 -6.81 -23.96
169110 -40 -6.81 -23.96
167092 -40 -6.81 -23.96
162812 -40 -6.81 -23.96
169694 -40 -6.81 -23.96
168172 -40 -6.81 -23.96
163660 -40 -6.81 -23.96
168187 -40 -6.81 -23.96
164353 -40 -6.81 -23.96
172755 -40 -6.81 -23.96
165277 -40 -6.81 -23.96
162812 -40 -6.81 -23.96
170418 -40 -6.81 -23.96
169603 -40 -6.81 -23.96
164232 -40 -6.81 -23.96
165976 -40 -6.81 -23.96
163605 -40 -6.81 -23.96
164957 -40 -6.81 -23.96
165286 -40 -6.81 -23.96
169724 -40 -6.81 -23.96
170805 -40 -6.81 -23.96
164479 -40 -6.81 -23.96
168403 -40 -6.81 -23.96
165253 -40 -6.81 -23.96
166899 -40 -6.81 -23.96
164028 -40 -6.81 -23.96
167405 -40 -6.81 -23.96
164684 -40 -6.81 -23.96
165487 -40 -6.81 -23.96
164917 -40 -6.81 -23.96
157872 -40 19.92 12.78
160668 -40 19.92 12.78
153870 -40 19.92 12.78
156918 -40 19.92 12.78
157725 -40 19.92 12.78
163392 -40 19.92 12.78
156909 -40 19.92 12.78
158959 -40 19.92 12.78
162064 -40 19.92 12.78
157172 -40 19.92 12.78
160126 -40 19.92 12.78
157444 -40 19.92 12.78
158041 -40 19.92 12.78
158656 -40 19.92 12.78
156373 -40 19.92 12.78
160494 -40 19.92 12.78
156164 -40 19.92 12.78
159143 -40 19.92 12.78
160959 -40 19.92 12.78
157258 -40 19.92 12.78
155537 -40 19.92 12.78
154244 -40 19.92 12.78
156189 -40 19.92 12.78
156204 -40 19.92 12.78
160950 -40 19.92 12.78
157947 -40 19.92 12.78
156051 -40 19.92 12.78
154401 -40 19.92 12.78
153819 -40 19.92 12.78
159644 -40 19.92 12.78
159761 -40 19.92 12.78
158329 -40 19.92 12.78
153172 -40 19.92 12.78
158334 -40 19.92 12.78
164540 -40 19.92 12.78
154422 -40 19.92 12.78
158694 -40 19.92 12.78
158228 -40 19.92 12.78
158073 -40 19.92 12.78
179300 -40 -18.08 -19.83
179579 -40 -18.08 -19.83
180164 -40 -18.08 -19.83
183767 -40 -18.08 -19.83
175225 -40 -18.08 -19.83
181497 -40 -18.08 -19.83
178298 -40 -18.08 -19.83
175108 -40 -18.08 -19.83
181296 -40 -18.08 -19.83
178026 -40 -18.08 -19.83
179440 -40 -18.08 -19.83
178567 -40 -18.08 -19.83
186103 -40 -18.08 -19.83
179486 -40 -18.08 -19.83
179664 -40 -18.08 -19.83
173376 -40 -18.08 -19.83
181038 -40 -18.08 -19.83
179876 -40 -18.08 -19.83
178301 -40 -18.08 -19.83
183563 -40 -18.08 -19.83
181449 -40 -18.08 -19.83
179910 -40 -18.08 -19.83
181967 -40 -18.08 -19.83
176042 -40 -18.08 -19.83
179410 -40 -18.08 -19.83
181475 -40 -18.08 -19.83
180506 -40 -18.08 -19.83
178546 -40 -18.08 -19.83
177006 -40 -18.08 -19.83
177229 -40 -18.08 -19.83
177574 -40 -18.08 -19.83
175027 -40 -18.08 -19.83
181497 -40 -18.08 -19.83
179019 -40 -18.08 -19.83
178842 -40 -18.08 -19.83
176081 -40 -18.08 -19.83
177657 -40 -18.08 -19.83
175888 -40 -18.08 -19.83
179052 -40 -18.08 -19.83
198671 -40 25 15.8
197417 -40 25 15.8
197139 -40 25 15.8
200862 -40 25 15.8
197216 -40 25 15.8
200775 -40 25 15.8
196235 -40 25 15.8
194156 -40 25 15.8
196822 -40 25 15.8
194761 -40 25 15.8
202819 -40 25 15.8
200474 -40 25 15.8
196702 -40 25 15.8
196742 -40 25 15.8
197297 -40 25 15.8
194137 -40 25 15.8
198570 -40 25 15.8
199490 -40 25 15.8
197777 -40 25 15.8
200302 -40 25 15.8
196880 -40 25 15.8
200134 -40 25 15.8
199249 -40 25 15.8
195072 -40 25 15.8
194103 -40 25 15.8
195117 -40 25 15.8
196298 -40 25 15.8
194545 -40 25 15.8
200179 -40 25 15.8
198597 -40 25 15.8
200951 -40 25 15.8
197142 -40 25 15.8
198943 -40 25 15.8
200742 -40 25 15.8
200089 -40 25 15.8
201458 -40 25 15.8
197388 -40 25 15.8
199122 -40 25 15.8
196635 -40 25 15.8
163230 -40 17.3 -18.14
173844 -40 17.3 -18.14
168422 -40 17.3 -18.14
164846 -40 17.3 -18.14
162828 -40 17.3 -18.14
161909 -40 17.3 -18.14
166588 -40 17.3 -18.14
167974 -40 17.3 -18.14
171759 -40 17.3 -18.14
172865 -40 17.3 -18.14
162424 -40 17.3 -18.14
167730 -40 17.3 -18.14
168978 -40 17.3 -18.14
167469 -40 17.3 -18.14
172725 -40 17.3 -18.14
169686 -40 17.3 -18.14
170840 -40 17.3 -18.14
166812 -40 17.3 -18.14
168323 -40 17.3 -18.14
166736 -40 17.3 -18.14
168480 -40 17.3 -18.14
166142 -40 17.3 -18.14
165622 -40 17.3 -18.14
166694 -40 17.3 -18.14
166992 -40 17.3 -18.14
166351 -40 17.3 -18.14
165482 -40 17.3 -18.14
166082 -40 17.3 -18.14
166293 -40 17.3 -18.14
171343 -40 17.3 -18.14
169173 -40 17.3 -18.14
164860 -40 17.3 -18.14
169080 -40 17.3 -18.14
164395 -40 17.3 -18.14
167755 -40 17.3 -18.14
169004 -40 17.3 -18.14
166216 -40 17.3 -18.14
167197 -40 17.3 -18.14
167252 -40 17.3 -18.14
123876 -40 13.36 -12.45
120097 -40 13.36 -12.45
120340 -40 13.36 -12.45
117363 -40 13.36 -12.45
121574 -40 13.36 -12.45
118606 -40 13.36 -12.45
117671 -40 13.36 -12.45
123600 -40 13.36 -12.45
118221 -40 13.36 -12.45
120826 -40 13.36 -12.45
124159 -40 13.36 -12.45
118463 -40 13.36 -12.45
124278 -40 13.36 -12.45
121485 -40 13.36 -12.45
118709 -40 13.36 -12.45
124496 -40 13.36 -12.45
124414 -40 13.36 -12.45
120527 -40 13.36 -12.45
118991 -40 13.36 -12.45
122411 -40 13.36 -12.45
119749 -40 13.36 -12.45
117236 -40 13.36 -12.45
120711 -40 13.36 -12.45
127575 -40 13.36 -12.45
119583 -40 13.36 -12.45
120061 -40 13.36 -12.45
123869 -40 13.36 -12.45
122421 -40 13.36 -12.45
125563 -40 13.36 -12.45
119261 -40 13.36 -12.45
119255 -40 13.36 -12.45
124132 -40 13.36 -12.45
119347 -40 13.36 -12.45
124037 -40 13.36 -12.45
120303 -40 13.36 -12.45
123687 -40 13.36 -12.45
121487 -40 13.36 -12.45
123755 -40 13.36 -12.45
119525 -40 13.36 -12.45
205523 -40 29.75 -7.65
207188 -40 29.75 -7.65
206233 -40 29.75 -7.65
200651 -40 29.75 -7.65
206085 -40 29.75 -7.65
202962 -40 29.75 -7.65
210827 -40 29.75 -7.65
205596 -40 29.75 -7.65
201091 -40 29.75 -7.65
201820 -40 29.75 -7.65
202030 -40 29.75 -7.65
206023 -40 29.75 -7.65
206700 -40 29.75 -7.65
205082 -40 29.75 -7.65
209529 -40 29.75 -7.65
206366 -40 29.75 -7.65
207035 -40 29.75 -7.65
209418 -40 29.75 -7.65
206183 -40 29.75 -7.65
209199 -40 29.75 -7.65
202946 -40 29.75 -7.65
205527 -40 29.75 -7.65
204046 -40 29.75 -7.65
201290 -40 29.75 -7.65
204094 -40 29.75 -7.65
203863 -40 29.75 -7.65
201642 -40 29.75 -7.65
204969 -40 29.75 -7.65
207032 -40 29.75 -7.65
205975 -40 29.75 -7.65
208926 -40 29.75 -7.65
205938 -40 29.75 -7.65
205672 -40 29.75 -7.65
206779 -40 29.75 -7.65
207387 -40 29.75 -7.65
206055 -40 29.75 -7.65
207409 -40 29.75 -7.65
202145 -40 29.75 -7.65
202620 -40 29.75 -7.65
160552 -40 20.73 -12.45
160531 -40 20.73 -12.45
162313 -40 20.73 -12.45
165065 -40 20.73 -12.45
161811 -40 20.73 -12.45
157085 -40 20.73 -12.45
160174 -40 20.73 -12.45
162032 -40 20.73 -12.45
161904 -40 20.73 -12.45
159423 -40 20.73 -12.45
161851 -40 20.73 -12.45
163973 -40 20.73 -12.45
157382 -40 20.73 -12.45
162909 -40 20.73 -12.45
158930 -40 20.73 -12.45
160073 -40 20.73 -12.45
160142 -40 20.73 -12.45
163510 -40 20.73 -12.45
158117 -40 20.73 -12.45
159104 -40 20.73 -12.45
163693 -40 20.73 -12.45
159008 -40 20.73 -12.45
159063 -40 20.73 -12.45
162155 -40 20.73 -12.45
167379 -40 20.73 -12.45
163908 -40 20.73 -12.45
162577 -40 20.73 -12.45
161013 -40 20.73 -12.45
161409 -40 20.73 -12.45
158518 -40 20.73 -12.45
159962 -40 20.73 -12.45
162968 -40 20.73 -12.45
158653 -40 20.73 -12.45
159746 -40 20.73 -12.45
159957 -40 20.73 -12.45
160592 -40 20.73 -12.45
163630 -40 20.73 -12.45
162209 -40 20.73 -12.45
159564 -40 20.73 -12.45
196029 -40 -15.98 24.77
199886 -40 -15.98 24.77
200046 -40 -15.98 24.77
192118 -40 -15.98 24.77
192803 -40 -15.98 24.77
196153 -40 -15.98 24.77
198794 -40 -15.98 24.77
196587 -40 -15.98 24.77
198604 -40 -15.98 24.77
193737 -40 -15.98 24.77
195346 -40 -15.98 24.77
192817 -40 -15.98 24.77
200636 -40 -15.98 24.77
197416 -40 -15.98 24.77
195081 -40 -15.98 24.77
201068 -40 -15.98 24.77
195011 -40 -15.98 24.77
194924 -40 -15.98 24.77
192879 -40 -15.98 24.77
198502 -40 -15.98 24.77
194603 -40 -15.98 24.77
195979 -40 -15.98 24.77
199208 -40 -15.98 24.77
197825 -40 -15.98 24.77
198384 -40 -15.98 24.77
196286 -40 -15.98 24.77
200612 -40 -15.98 24.77
198766 -40 -15.98 24.77
196301 -40 -15.98 24.77
198901 -40 -15.98 24.77
198168 -40 -15.98 24.77
197772 -40 -15.98 24.77
199002 -40 -15.98 24.77
199762 -40 -15.98 24.77
195898 -40 -15.98 24.77
194250 -40 -15.98 24.77
193699 -40 -15.98 24.77
197804 -40 -15.98 24.77
195275 -40 -15.98 24.77
