#rtt sig_str x y
250913 -40 -23.6 29.86
254924 -40 -23.6 29.86
256152 -40 -23.6 29.86
255983 -40 -23.6 29.86
254845 -40 -23.6 29.86
253971 -40 -23.6 29.86
251558 -40 -23.6 29.86
251917 -40 -23.6 29.86
249945 -40 -23.6 29.86
249623 -40 -23.6 29.86
251644 -40 -23.6 29.86
251562 -40 -23.6 29.86
255164 -40 -23.6 29.86
251145 -40 -23.6 29.86
251658 -40 -23.6 29.86
252836 -40 -23.6 29.86
248742 -40 -23.6 29.86
254883 -40 -23.6 29.86
260284 -40 -23.6 29.86
247023 -40 -23.6 29.86
255533 -40 -23.6 29.86
250111 -40 -23.6 29.86
253092 -40 -23.6 29.86
255941 -40 -23.6 29.86
256816 -40 -23.6 29.86
252625 -40 -23.6 29.86
250369 -40 -23.6 29.86
257145 -40 -23.6 29.86
254677 -40 -23.6 29.86
253159 -40 -23.6 29.86
249886 -40 -23.6 29.86
253992 -40 -23.6 29.86
257048 -40 -23.6 29.86
251008 -40 -23.6 29.86
251433 -40 -23.6 29.86
251907 -40 -23.6 29.86
254024 -40 -23.6 29.86
247637 -40 -23.6 29.86
255764 -40 -23.6 29.86
78567 -40 11.06 -5.27
85175 -40 11.06 -5.27
80719 -40 11.06 -5.27
75963 -40 11.06 -5.27
79367 -40 11.06 -5.27
78366 -40 11.06 -5.27
81959 -40 11.06 -5.27
78874 -40 11.06 -5.27
76081 -40 11.06 -5.27
82456 -40 11.06 -5.27
83665 -40 11.06 -5.27
84015 -40 11.06 -5.27
81895 -40 11.06 -5.27
78270 -40 11.06 -5.27
86431 -40 11.06 -5.27
84575 -40 11.06 -5.27
81157 -40 11.06 -5.27
84807 -40 11.06 -5.27
81346 -40 11.06 -5.27
83066 -40 11.06 -5.27
83757 -40 11.06 -5.27
84465 -40 11.06 -5.27
83020 -40 11.06 -5.27
79912 -40 11.06 -5.27
85359 -40 11.06 -5.27
79132 -40 11.06 -5.27
86062 -40 11.06 -5.27
85779 -40 11.06 -5.27
82605 -40 11.06 -5.27
83585 -40 11.06 -5.27
85094 -40 11.06 -5.27
85368 -40 11.06 -5.27
79709 -40 11.06 -5.27
80134 -40 11.06 -5.27
73613 -40 11.06 -5.27
83360 -40 11.06 -5.27
79524 -40 11.06 -5.27
84008 -40 11.06 -5.27
79313 -40 11.06 -5.27
170689 -40 2.1 -25.73
172388 -40 2.1 -25.73
176732 -40 2.1 -25.73
170697 -40 2.1 -25.73
172628 -40 2.1 -25.73
171821 -40 2.1 -25.73
170811 -40 2.1 -25.73
174592 -40 2.1 -25.73
173277 -40 2.1 -25.73
169381 -40 2.1 -25.73
171488 -40 2.1 -25.73
178950 -40 2.1 -25.73
170549 -40 2.1 -25.73
167579 -40 2.1 -25.73
168541 -40 2.1 -25.73
172160 -40 2.1 -25.73
170608 -40 2.1 -25.73
178686 -40 2.1 -25.73
169815 -40 2.1 -25.73
172703 -40 2.1 -25.73
168678 -40 2.1 -25.73
172325 -40 2.1 -25.73
171140 -40 2.1 -25.73
168227 -40 2.1 -25.73
171355 -40 2.1 -25.73
172038 -40 2.1 -25.73
174717 -40 2.1 -25.73
176624 -40 2.1 -25.73
172558 -40 2.1 -25.73
171481 -40 2.1 -25.73
175687 -40 2.1 -25.73
170954 -40 2.1 -25.73
169960 -40 2.1 -25.73
173482 -40 2.1 -25.73
172103 -40 2.1 -25.73
174753 -40 2.1 -25.73
167131 -40 2.1 -25.73
170470 -40 2.1 -25.73
169346 -40 2.1 -25.73
77811 -40 -7.85 8.9
76154 -40 -7.85 8.9
79147 -40 -7.85 8.9
77838 -40 -7.85 8.9
76646 -40 -7.85 8.9
83348 -40 -7.85 8.9
81888 -40 -7.85 8.9
79189 -40 -7.85 8.9
75670 -40 -7.85 8.9
79877 -40 -7.85 8.9
77682 -40 -7.85 8.9
77822 -40 -7.85 8.9
78436 -40 -7.85 8.9
79830 -40 -7.85 8.9
75921 -40 -7.85 8.9
81451 -40 -7.85 8.9
80359 -40 -7.85 8.9
83889 -40 -7.85 8.9
74466 -40 -7.85 8.9
75733 -40 -7.85 8.9
80189 -40 -7.85 8.9
77743 -40 -7.85 8.9
79973 -40 -7.85 8.9
74695 -40 -7.85 8.9
74723 -40 -7.85 8.9
78095 -40 -7.85 8.9
77660 -40 -7.85 8.9
84620 -40 -7.85 8.9
80199 -40 -7.85 8.9
79042 -40 -7.85 8.9
80650 -40 -7.85 8.9
83265 -40 -7.85 8.9
77805 -40 -7.85 8.9
81570 -40 -7.85 8.9
82497 -40 -7.85 8.9
78843 -40 -7.85 8.9
80021 -40 -7.85 8.9
79138 -40 -7.85 8.9
80407 -40 -7.85 8.9
197445 -40 -5.24 -28.78
199534 -40 -5.24 -28.78
199307 -40 -5.24 -28.78
196555 -40 -5.24 -28.78
194951 -40 -5.24 -28.78
191740 -40 -5.24 -28.78
194016 -40 -5.24 -28.78
200248 -40 -5.24 -28.78
193185 -40 -5.24 -28.78
198389 -40 -5.24 -28.78
197248 -40 -5.24 -28.78
195993 -40 -5.24 -28.78
192869 -40 -5.24 -28.78
194525 -40 -5.24 -28.78
193580 -40 -5.24 -28.78
192952 -40 -5.24 -28.78
194039 -40 -5.24 -28.78
196512 -40 -5.24 -28.78
193926 -40 -5.24 -28.78
194468 -40 -5.24 -28.78
191680 -40 -5.24 -28.78
198048 -40 -5.24 -28.78
192838 -40 -5.24 -28.78
190228 -40 -5.24 -28.78
190814 -40 -5.24 -28.78
197902 -40 -5.24 -28.78
195429 -40 -5.24 -28.78
194150 -40 -5.24 -28.78
190853 -40 -5.24 -28.78
198591 -40 -5.24 -28.78
193269 -40 -5.24 -28.78
190649 -40 -5.24 -28.78
195694 -40 -5.24 -28.78
197433 -40 -5.24 -28.78
195827 -40 -5.24 -28.78
198232 -40 -5.24 -28.78
203758 -40 -5.24 -28.78
195342 -40 -5.24 -28.78
199497 -40 -5.24 -28.78
67680 -40 5.27 8.56
67904 -40 5.27 8.56
66641 -40 5.27 8.56
65571 -40 5.27 8.56
68196 -40 5.27 8.56
67047 -40 5.27 8.56
69516 -40 5.27 8.56
66955 -40 5.27 8.56
65403 -40 5.27 8.56
65537 -40 5.27 8.56
67985 -40 5.27 8.56
73593 -40 5.27 8.56
68466 -40 5.27 8.56
73919 -40 5.27 8.56
63651 -40 5.27 8.56
67685 -40 5.27 8.56
65831 -40 5.27 8.56
67669 -40 5.27 8.56
68443 -40 5.27 8.56
62878 -40 5.27 8.56
64839 -40 5.27 8.56
67164 -40 5.27 8.56
66052 -40 5.27 8.56
73550 -40 5.27 8.56
67359 -40 5.27 8.56
70469 -40 5.27 8.56
68213 -40 5.27 8.56
62300 -40 5.27 8.56
65018 -40 5.27 8.56
64311 -40 5.27 8.56
72870 -40 5.27 8.56
66527 -40 5.27 8.56
67478 -40 5.27 8.56
62820 -40 5.27 8.56
68782 -40 5.27 8.56
68944 -40 5.27 8.56
62308 -40 5.27 8.56
67471 -40 5.27 8.56
60122 -40 5.27 8.56
193795 -40 12.97 26.7
196580 -40 12.97 26.7
198053 -40 12.97 26.7
197543 -40 12.97 26.7
196895 -40 12.97 26.7
201388 -40 12.97 26.7
200040 -40 12.97 26.7
201508 -40 12.97 26.7
197519 -40 12.97 26.7
199757 -40 12.97 26.7
198044 -40 12.97 26.7
196274 -40 12.97 26.7
200399 -40 12.97 26.7
198170 -40 12.97 26.7
192246 -40 12.97 26.7
197837 -40 12.97 26.7
193915 -40 12.97 26.7
198572 -40 12.97 26.7
195395 -40 12.97 26.7
193795 -40 12.97 26.7
189393 -40 12.97 26.7
196457 -40 12.97 26.7
199188 -40 12.97 26.7
200592 -40 12.97 26.7
196166 -40 12.97 26.7
195701 -40 12.97 26.7
195117 -40 12.97 26.7
199560 -40 12.97 26.7
197474 -40 12.97 26.7
189996 -40 12.97 26.7
197826 -40 12.97 26.7
199525 -40 12.97 26.7
194903 -40 12.97 26.7
196179 -40 12.97 26.7
198668 -40 12.97 26.7
199513 -40 12.97 26.7
194524 -40 12.97 26.7
201616 -40 12.97 26.7
194006 -40 12.97 26.7
195931 -40 -19.6 22.17
200326 -40 -19.6 22.17
194879 -40 -19.6 22.17
198083 -40 -19.6 22.17
198195 -40 -19.6 22.17
198774 -40 -19.6 22.17
198508 -40 -19.6 22.17
195550 -40 -19.6 22.17
194286 -40 -19.6 22.17
195866 -40 -19.6 22.17
198733 -40 -19.6 22.17
198590 -40 -19.6 22.17
197877 -40 -19.6 22.17
196780 -40 -19.6 22.17
200979 -40 -19.6 22.17
199936 -40 -19.6 22.17
200994 -40 -19.6 22.17
199490 -40 -19.6 22.17
195494 -40 -19.6 22.17
199435 -40 -19.6 22.17
197579 -40 -19.6 22.17
198581 -40 -19.6 22.17
194752 -40 -19.6 22.17
195207 -40 -19.6 22.17
199015 -40 -19.6 22.17
196827 -40 -19.6 22.17
198458 -40 -19.6 22.17
201069 -40 -19.6 22.17
197121 -40 -19.6 22.17
200592 -40 -19.6 22.17
198305 -40 -19.6 22.17
195754 -40 -19.6 22.17
199457 -40 -19.6 22.17
198662 -40 -19.6 22.17
194327 -40 -19.6 22.17
197050 -40 -19.6 22.17
195434 -40 -19.6 22.17
197348 -40 -19.6 22.17
195785 -40 -19.6 22.17
264181 -40 -26 29.47
259465 -40 -26 29.47
258897 -40 -26 29.47
260376 -40 -26 29.47
261456 -40 -26 29.47
266121 -40 -26 29.47
261986 -40 -26 29.47
259849 -40 -26 29.47
263885 -40 -26 29.47
265345 -40 -26 29.47
259843 -40 -26 29.47
265710 -40 -26 29.47
261681 -40 -26 29.47
263070 -40 -26 29.47
261922 -40 -26 29.47
259571 -40 -26 29.47
262530 -40 -26 29.47
261419 -40 -26 29.47
264059 -40 -26 29.47
264347 -40 -26 29.47
258382 -40 -26 29.47
263354 -40 -26 29.47
264909 -40 -26 29.47
263446 -40 -26 29.47
263285 -40 -26 29.47
268092 -40 -26 29.47
262390 -40 -26 29.47
260592 -40 -26 29.47
263843 -40 -26 29.47
263148 -40 -26 29.47
262479 -40 -26 29.47
261774 -40 -26 29.47
261549 -40 -26 29.47
259853 -40 -26 29.47
258584 -40 -26 29.47
264977 -40 -26 29.47
265974 -40 -26 29.47
261153 -40 -26 29.47
264593 -40 -26 29.47
100969 -40 0.04 14.9
97982 -40 0.04 14.9
99826 -40 0.04 14.9
101541 -40 0.04 14.9
100868 -40 0.04 14.9
101739 -40 0.04 14.9
99076 -40 0.04 14.9
97233 -40 0.04 14.9
103176 -40 0.04 14.9
101500 -40 0.04 14.9
103646 -40 0.04 14.9
97836 -40 0.04 14.9
101176 -40 0.04 14.9
103179 -40 0.04 14.9
104032 -40 0.04 14.9
101696 -40 0.04 14.9
98564 -40 0.04 14.9
94500 -40 0.04 14.9
98606 -40 0.04 14.9
98124 -40 0.04 14.9
103293 -40 0.04 14.9
99869 -40 0.04 14.9
96193 -40 0.04 14.9
102124 -40 0.04 14.9
101063 -40 0.04 14.9
101383 -40 0.04 14.9
98160 -40 0.04 14.9
102007 -40 0.04 14.9
93937 -40 0.04 14.9
97335 -40 0.04 14.9
98307 -40 0.04 14.9
101838 -40 0.04 14.9
99855 -40 0.04 14.9
103536 -40 0.04 14.9
97378 -40 0.04 14.9
97134 -40 0.04 14.9
98865 -40 0.04 14.9
102886 -40 0.04 14.9
100456 -40 0.04 14.9
