#rtt sig_str x y
91784 -40 8.56 -11.68
97693 -40 8.56 -11.68
101172 -40 8.56 -11.68
94172 -40 8.56 -11.68
96624 -40 8.56 -11.68
98564 -40 8.56 -11.68
96828 -40 8.56 -11.68
94246 -40 8.56 -11.68
98081 -40 8.56 -11.68
99407 -40 8.56 -11.68
99369 -40 8.56 -11.68
97894 -40 8.56 -11.68
97661 -40 8.56 -11.68
96355 -40 8.56 -11.68
94470 -40 8.56 -11.68
92952 -40 8.56 -11.68
99014 -40 8.56 -11.68
97864 -40 8.56 -11.68
98145 -40 8.56 -11.68
97261 -40 8.56 -11.68
93438 -40 8.56 -11.68
96876 -40 8.56 -11.68
98530 -40 8.56 -11.68
93794 -40 8.56 -11.68
100407 -40 8.56 -11.68
92211 -40 8.56 -11.68
98686 -40 8.56 -11.68
93669 -40 8.56 -11.68
97871 -40 8.56 -11.68
96022 -40 8.56 -11.68
97005 -40 8.56 -11.68
95776 -40 8.56 -11.68
95725 -40 8.56 -11.68
97018 -40 8.56 -11.68
93239 -40 8.56 -11.68
94780 -40 8.56 -11.68
96112 -40 8.56 -11.68
98053 -40 8.56 -11.68
98854 -40 8.56 -11.68
47638 -40 2.32 6.47
44188 -40 2.32 6.47
50444 -40 2.32 6.47
46420 -40 2.32 6.47
48682 -40 2.32 6.47
42714 -40 2.32 6.47
47265 -40 2.32 6.47
45488 -40 2.32 6.47
44392 -40 2.32 6.47
46510 -40 2.32 6.47
49292 -40 2.32 6.47
46053 -40 2.32 6.47
46667 -40 2.32 6.47
46587 -40 2.32 6.47
42802 -40 2.32 6.47
48262 -40 2.32 6.47
45761 -40 2.32 6.47
48544 -40 2.32 6.47
47394 -40 2.32 6.47
47723 -40 2.32 6.47
43477 -40 2.32 6.47
46092 -40 2.32 6.47
42383 -40 2.32 6.47
45691 -40 2.32 6.47
46429 -40 2.32 6.47
50306 -40 2.32 6.47
46891 -40 2.32 6.47
48879 -40 2.32 6.47
44872 -40 2.32 6.47
47039 -40 2.32 6.47
45556 -40 2.32 6.47
47311 -40 2.32 6.47
49424 -40 2.32 6.47
44011 -40 2.32 6.47
46189 -40 2.32 6.47
42917 -40 2.32 6.47
47935 -40 2.32 6.47
45506 -40 2.32 6.47
47061 -40 2.32 6.47
130332 -40 0.71 -19.6
128153 -40 0.71 -19.6
129335 -40 0.71 -19.6
130231 -40 0.71 -19.6
129098 -40 0.71 -19.6
136077 -40 0.71 -19.6
129557 -40 0.71 -19.6
132060 -40 0.71 -19.6
133572 -40 0.71 -19.6
126890 -40 0.71 -19.6
131647 -40 0.71 -19.6
128533 -40 0.71 -19.6
133053 -40 0.71 -19.6
129616 -40 0.71 -19.6
130567 -40 0.71 -19.6
128734 -40 0.71 -19.6
129940 -40 0.71 -19.6
131753 -40 0.71 -19.6
131091 -40 0.71 -19.6
130532 -40 0.71 -19.6
129013 -40 0.71 -19.6
129701 -40 0.71 -19.6
131132 -40 0.71 -19.6
131230 -40 0.71 -19.6
131904 -40 0.71 -19.6
133758 -40 0.71 -19.6
130037 -40 0.71 -19.6
132589 -40 0.71 -19.6
133156 -40 0.71 -19.6
135676 -40 0.71 -19.6
130534 -40 0.71 -19.6
130417 -40 0.71 -19.6
133507 -40 0.71 -19.6
128060 -40 0.71 -19.6
135472 -40 0.71 -19.6
132900 -40 0.71 -19.6
133245 -40 0.71 -19.6
129923 -40 0.71 -19.6
134308 -40 0.71 -19.6
43064 -40 6.62 1.12
45971 -40 6.62 1.12
42211 -40 6.62 1.12
45578 -40 6.62 1.12
43594 -40 6.62 1.12
45605 -40 6.62 1.12
44403 -40 6.62 1.12
44670 -40 6.62 1.12
45941 -40 6.62 1.12
48379 -40 6.62 1.12
40932 -40 6.62 1.12
44019 -40 6.62 1.12
44591 -40 6.62 1.12
49453 -40 6.62 1.12
44952 -40 6.62 1.12
49885 -40 6.62 1.12
43668 -40 6.62 1.12
41412 -40 6.62 1.12
42036 -40 6.62 1.12
49397 -40 6.62 1.12
44680 -40 6.62 1.12
43972 -40 6.62 1.12
47198 -40 6.62 1.12
45708 -40 6.62 1.12
45370 -40 6.62 1.12
46863 -40 6.62 1.12
43349 -40 6.62 1.12
40108 -40 6.62 1.12
40524 -40 6.62 1.12
45270 -40 6.62 1.12
45579 -40 6.62 1.12
42542 -40 6.62 1.12
45336 -40 6.62 1.12
46111 -40 6.62 1.12
44271 -40 6.62 1.12
48074 -40 6.62 1.12
43785 -40 6.62 1.12
41630 -40 6.62 1.12
43830 -40 6.62 1.12
78246 -40 -0.42 -11.44
74135 -40 -0.42 -11.44
72554 -40 -0.42 -11.44
77565 -40 -0.42 -11.44
79304 -40 -0.42 -11.44
76542 -40 -0.42 -11.44
79901 -40 -0.42 -11.44
75978 -40 -0.42 -11.44
76572 -40 -0.42 -11.44
78937 -40 -0.42 -11.44
79054 -40 -0.42 -11.44
80471 -40 -0.42 -11.44
72953 -40 -0.42 -11.44
77996 -40 -0.42 -11.44
76162 -40 -0.42 -11.44
76920 -40 -0.42 -11.44
77185 -40 -0.42 -11.44
77766 -40 -0.42 -11.44
70834 -40 -0.42 -11.44
74816 -40 -0.42 -11.44
78078 -40 -0.42 -11.44
81312 -40 -0.42 -11.44
76879 -40 -0.42 -11.44
74192 -40 -0.42 -11.44
76895 -40 -0.42 -11.44
77615 -40 -0.42 -11.44
73969 -40 -0.42 -11.44
75853 -40 -0.42 -11.44
74897 -40 -0.42 -11.44
75046 -40 -0.42 -11.44
76666 -40 -0.42 -11.44
76304 -40 -0.42 -11.44
76694 -40 -0.42 -11.44
77160 -40 -0.42 -11.44
78534 -40 -0.42 -11.44
80327 -40 -0.42 -11.44
74523 -40 -0.42 -11.44
78174 -40 -0.42 -11.44
73925 -40 -0.42 -11.44
202651 -40 -17.14 -24.85
199660 -40 -17.14 -24.85
200086 -40 -17.14 -24.85
203886 -40 -17.14 -24.85
202024 -40 -17.14 -24.85
204475 -40 -17.14 -24.85
196800 -40 -17.14 -24.85
203205 -40 -17.14 -24.85
202848 -40 -17.14 -24.85
201195 -40 -17.14 -24.85
204196 -40 -17.14 -24.85
208779 -40 -17.14 -24.85
199435 -40 -17.14 -24.85
200468 -40 -17.14 -24.85
205834 -40 -17.14 -24.85
203812 -40 -17.14 -24.85
204948 -40 -17.14 -24.85
199571 -40 -17.14 -24.85
204663 -40 -17.14 -24.85
202098 -40 -17.14 -24.85
199002 -40 -17.14 -24.85
205569 -40 -17.14 -24.85
204439 -40 -17.14 -24.85
198910 -40 -17.14 -24.85
199662 -40 -17.14 -24.85
200127 -40 -17.14 -24.85
206521 -40 -17.14 -24.85
202107 -40 -17.14 -24.85
202758 -40 -17.14 -24.85
199190 -40 -17.14 -24.85
199111 -40 -17.14 -24.85
197895 -40 -17.14 -24.85
197518 -40 -17.14 -24.85
204680 -40 -17.14 -24.85
206848 -40 -17.14 -24.85
200067 -40 -17.14 -24.85
203064 -40 -17.14 -24.85
200035 -40 -17.14 -24.85
199607 -40 -17.14 -24.85
178297 -40 -15.36 21.97
181494 -40 -15.36 21.97
176594 -40 -15.36 21.97
183198 -40 -15.36 21.97
172333 -40 -15.36 21.97
176885 -40 -15.36 21.97
179165 -40 -15.36 21.97
179258 -40 -15.36 21.97
182937 -40 -15.36 21.97
174274 -40 -15.36 21.97
176085 -40 -15.36 21.97
175326 -40 -15.36 21.97
179155 -40 -15.36 21.97
180781 -40 -15.36 21.97
177772 -40 -15.36 21.97
174061 -40 -15.36 21.97
178506 -40 -15.36 21.97
182295 -40 -15.36 21.97
176706 -40 -15.36 21.97
176855 -40 -15.36 21.97
179528 -40 -15.36 21.97
178328 -40 -15.36 21.97
181824 -40 -15.36 21.97
180706 -40 -15.36 21.97
174689 -40 -15.36 21.97
177090 -40 -15.36 21.97
181616 -40 -15.36 21.97
176803 -40 -15.36 21.97
179324 -40 -15.36 21.97
184054 -40 -15.36 21.97
178900 -40 -15.36 21.97
180105 -40 -15.36 21.97
181007 -40 -15.36 21.97
178690 -40 -15.36 21.97
177747 -40 -15.36 21.97
180261 -40 -15.36 21.97
181103 -40 -15.36 21.97
178886 -40 -15.36 21.97
180919 -40 -15.36 21.97
30262 -40 4.33 -1.32
30231 -40 4.33 -1.32
31931 -40 4.33 -1.32
29799 -40 4.33 -1.32
27949 -40 4.33 -1.32
27682 -40 4.33 -1.32
33254 -40 4.33 -1.32
25952 -40 4.33 -1.32
29966 -40 4.33 -1.32
31234 -40 4.33 -1.32
30038 -40 4.33 -1.32
26589 -40 4.33 -1.32
31051 -40 4.33 -1.32
28532 -40 4.33 -1.32
29445 -40 4.33 -1.32
27347 -40 4.33 -1.32
37081 -40 4.33 -1.32
31387 -40 4.33 -1.32
27187 -40 4.33 -1.32
27026 -40 4.33 -1.32
33696 -40 4.33 -1.32
31624 -40 4.33 -1.32
32309 -40 4.33 -1.32
29048 -40 4.33 -1.32
28885 -40 4.33 -1.32
32568 -40 4.33 -1.32
24255 -40 4.33 -1.32
30536 -40 4.33 -1.32
27981 -40 4.33 -1.32
27486 -40 4.33 -1.32
28619 -40 4.33 -1.32
31967 -40 4.33 -1.32
31275 -40 4.33 -1.32
32825 -40 4.33 -1.32
29422 -40 4.33 -1.32
28726 -40 4.33 -1.32
31480 -40 4.33 -1.32
29393 -40 4.33 -1.32
30179 -40 4.33 -1.32
169656 -40 16.36 19.97
172185 -40 16.36 19.97
173662 -40 16.36 19.97
170689 -40 16.36 19.97
171267 -40 16.36 19.97
171156 -40 16.36 19.97
168846 -40 16.36 19.97
177067 -40 16.36 19.97
176244 -40 16.36 19.97
171478 -40 16.36 19.97
167304 -40 16.36 19.97
171620 -40 16.36 19.97
175270 -40 16.36 19.97
171407 -40 16.36 19.97
171823 -40 16.36 19.97
170405 -40 16.36 19.97
170239 -40 16.36 19.97
170963 -40 16.36 19.97
174469 -40 16.36 19.97
171814 -40 16.36 19.97
169884 -40 16.36 19.97
173422 -40 16.36 19.97
175893 -40 16.36 19.97
169344 -40 16.36 19.97
172569 -40 16.36 19.97
173014 -40 16.36 19.97
174088 -40 16.36 19.97
171861 -40 16.36 19.97
173586 -40 16.36 19.97
176637 -40 16.36 19.97
171556 -40 16.36 19.97
175065 -40 16.36 19.97
173096 -40 16.36 19.97
168128 -40 16.36 19.97
173196 -40 16.36 19.97
173661 -40 16.36 19.97
167683 -40 16.36 19.97
171245 -40 16.36 19.97
171858 -40 16.36 19.97
195830 -40 -11.36 27.43
197033 -40 -11.36 27.43
195063 -40 -11.36 27.43
195492 -40 -11.36 27.43
199130 -40 -11.36 27.43
199261 -40 -11.36 27.43
197468 -40 -11.36 27.43
199164 -40 -11.36 27.43
196242 -40 -11.36 27.43
201417 -40 -11.36 27.43
199987 -40 -11.36 27.43
198685 -40 -11.36 27.43
204120 -40 -11.36 27.43
195723 -40 -11.36 27.43
201368 -40 -11.36 27.43
199863 -40 -11.36 27.43
196925 -40 -11.36 27.43
196384 -40 -11.36 27.43
196112 -40 -11.36 27.43
198937 -40 -11.36 27.43
197442 -40 -11.36 27.43
199107 -40 -11.36 27.43
198880 -40 -11.36 27.43
200016 -40 -11.36 27.43
201159 -40 -11.36 27.43
203365 -40 -11.36 27.43
194690 -40 -11.36 27.43
196531 -40 -11.36 27.43
199575 -40 -11.36 27.43
195891 -40 -11.36 27.43
198608 -40 -11.36 27.43
198414 -40 -11.36 27.43
196726 -40 -11.36 27.43
201948 -40 -11.36 27.43
198290 -40 -11.36 27.43
196525 -40 -11.36 27.43
198898 -40 -11.36 27.43
199170 -40 -11.36 27.43
197102 -40 -11.36 27.43
