#rtt sig_str x y
124625 -40 -17.87 -4.76
119431 -40 -17.87 -4.76
124294 -40 -17.87 -4.76
118529 -40 -17.87 -4.76
124184 -40 -17.87 -4.76
121744 -40 -17.87 -4.76
122309 -40 -17.87 -4.76
127731 -40 -17.87 -4.76
123882 -40 -17.87 -4.76
123799 -40 -17.87 -4.76
121345 -40 -17.87 -4.76
125583 -40 -17.87 -4.76
125584 -40 -17.87 -4.76
127514 -40 -17.87 -4.76
122905 -40 -17.87 -4.76
124396 -40 -17.87 -4.76
125107 -40 -17.87 -4.76
124509 -40 -17.87 -4.76
127517 -40 -17.87 -4.76
127679 -40 -17.87 -4.76
122133 -40 -17.87 -4.76
125196 -40 -17.87 -4.76
121081 -40 -17.87 -4.76
122312 -40 -17.87 -4.76
124819 -40 -17.87 -4.76
126947 -40 -17.87 -4.76
120654 -40 -17.87 -4.76
128177 -40 -17.87 -4.76
124248 -40 -17.87 -4.76
125576 -40 -17.87 -4.76
119169 -40 -17.87 -4.76
129679 -40 -17.87 -4.76
119678 -40 -17.87 -4.76
123593 -40 -17.87 -4.76
120845 -40 -17.87 -4.76
126228 -40 -17.87 -4.76
119297 -40 -17.87 -4.76
120851 -40 -17.87 -4.76
127947 -40 -17.87 -4.76
206220 -40 17.08 25.9
203289 -40 17.08 25.9
207139 -40 17.08 25.9
207674 -40 17.08 25.9
213303 -40 17.08 25.9
207368 -40 17.08 25.9
202741 -40 17.08 25.9
205387 -40 17.08 25.9
203401 -40 17.08 25.9
205059 -40 17.08 25.9
202370 -40 17.08 25.9
203175 -40 17.08 25.9
206982 -40 17.08 25.9
205012 -40 17.08 25.9
206141 -40 17.08 25.9
203411 -40 17.08 25.9
203281 -40 17.08 25.9
209326 -40 17.08 25.9
201539 -40 17.08 25.9
209484 -40 17.08 25.9
207051 -40 17.08 25.9
207472 -40 17.08 25.9
208453 -40 17.08 25.9
210447 -40 17.08 25.9
205327 -40 17.08 25.9
206072 -40 17.08 25.9
205248 -40 17.08 25.9
210454 -40 17.08 25.9
206769 -40 17.08 25.9
204389 -40 17.08 25.9
204456 -40 17.08 25.9
202000 -40 17.08 25.9
207535 -40 17.08 25.9
206119 -40 17.08 25.9
210322 -40 17.08 25.9
208942 -40 17.08 25.9
212668 -40 17.08 25.9
209621 -40 17.08 25.9
211618 -40 17.08 25.9
210968 -40 21.64 -23.42
212780 -40 21.64 -23.42
211636 -40 21.64 -23.42
216617 -40 21.64 -23.42
212240 -40 21.64 -23.42
212692 -40 21.64 -23.42
212565 -40 21.64 -23.42
213591 -40 21.64 -23.42
214421 -40 21.64 -23.42
211302 -40 21.64 -23.42
215637 -40 21.64 -23.42
214430 -40 21.64 -23.42
213386 -40 21.64 -23.42
211921 -40 21.64 -23.42
214063 -40 21.64 -23.42
213825 -40 21.64 -23.42
210587 -40 21.64 -23.42
217506 -40 21.64 -23.42
214469 -40 21.64 -23.42
209061 -40 21.64 -23.42
211961 -40 21.64 -23.42
212732 -40 21.64 -23.42
215226 -40 21.64 -23.42
212809 -40 21.64 -23.42
211682 -40 21.64 -23.42
211957 -40 21.64 -23.42
211413 -40 21.64 -23.42
209505 -40 21.64 -23.42
215242 -40 21.64 -23.42
209391 -40 21.64 -23.42
217242 -40 21.64 -23.42
213258 -40 21.64 -23.42
211656 -40 21.64 -23.42
214221 -40 21.64 -23.42
213861 -40 21.64 -23.42
212198 -40 21.64 -23.42
211705 -40 21.64 -23.42
215913 -40 21.64 -23.42
217069 -40 21.64 -23.42
76656 -40 -10.38 3.09
72791 -40 -10.38 3.09
71563 -40 -10.38 3.09
69264 -40 -10.38 3.09
71346 -40 -10.38 3.09
69566 -40 -10.38 3.09
70965 -40 -10.38 3.09
70479 -40 -10.38 3.09
72605 -40 -10.38 3.09
76634 -40 -10.38 3.09
74109 -40 -10.38 3.09
74207 -40 -10.38 3.09
71001 -40 -10.38 3.09
67479 -40 -10.38 3.09
72977 -40 -10.38 3.09
71979 -40 -10.38 3.09
76551 -40 -10.38 3.09
70610 -40 -10.38 3.09
68511 -40 -10.38 3.09
75752 -40 -10.38 3.09
75512 -40 -10.38 3.09
72065 -40 -10.38 3.09
72134 -40 -10.38 3.09
74229 -40 -10.38 3.09
73009 -40 -10.38 3.09
76716 -40 -10.38 3.09
70197 -40 -10.38 3.09
69391 -40 -10.38 3.09
70610 -40 -10.38 3.09
70271 -40 -10.38 3.09
72437 -40 -10.38 3.09
75482 -40 -10.38 3.09
67440 -40 -10.38 3.09
71988 -40 -10.38 3.09
67380 -40 -10.38 3.09
71985 -40 -10.38 3.09
74583 -40 -10.38 3.09
72726 -40 -10.38 3.09
72880 -40 -10.38 3.09
123425 -40 -15.07 11.35
128669 -40 -15.07 11.35
126809 -40 -15.07 11.35
125454 -40 -15.07 11.35
125549 -40 -15.07 11.35
126362 -40 -15.07 11.35
127512 -40 -15.07 11.35
120870 -40 -15.07 11.35
129529 -40 -15.07 11.35
122059 -40 -15.07 11.35
129268 -40 -15.07 11.35
128671 -40 -15.07 11.35
122494 -40 -15.07 11.35
128990 -40 -15.07 11.35
125781 -40 -15.07 11.35
124103 -40 -15.07 11.35
128150 -40 -15.07 11.35
126415 -40 -15.07 11.35
126564 -40 -15.07 11.35
122568 -40 -15.07 11.35
125805 -40 -15.07 11.35
124659 -40 -15.07 11.35
124322 -40 -15.07 11.35
126544 -40 -15.07 11.35
122296 -40 -15.07 11.35
130321 -40 -15.07 11.35
124129 -40 -15.07 11.35
124403 -40 -15.07 11.35
130309 -40 -15.07 11.35
122392 -40 -15.07 11.35
123957 -40 -15.07 11.35
127031 -40 -15.07 11.35
125603 -40 -15.07 11.35
121093 -40 -15.07 11.35
122789 -40 -15.07 11.35
126045 -40 -15.07 11.35
122262 -40 -15.07 11.35
123554 -40 -15.07 11.35
121846 -40 -15.07 11.35
189764 -40 18.62 20.9
186206 -40 18.62 20.9
183125 -40 18.62 20.9
189111 -40 18.62 20.9
188038 -40 18.62 20.9
186873 -40 18.62 20.9
189280 -40 18.62 20.9
189001 -40 18.62 20.9
186722 -40 18.62 20.9
186335 -40 18.62 20.9
184923 -40 18.62 20.9
188227 -40 18.62 20.9
185022 -40 18.62 20.9
185524 -40 18.62 20.9
187329 -40 18.62 20.9
186272 -40 18.62 20.9
186825 -40 18.62 20.9
186347 -40 18.62 20.9
186476 -40 18.62 20.9
184212 -40 18.62 20.9
187391 -40 18.62 20.9
191505 -40 18.62 20.9
185844 -40 18.62 20.9
187282 -40 18.62 20.9
185491 -40 18.62 20.9
186435 -40 18.62 20.9
186480 -40 18.62 20.9
181035 -40 18.62 20.9
189221 -40 18.62 20.9
186321 -40 18.62 20.9
188042 -40 18.62 20.9
188979 -40 18.62 20.9
185272 -40 18.62 20.9
189206 -40 18.62 20.9
183836 -40 18.62 20.9
186423 -40 18.62 20.9
188393 -40 18.62 20.9
187933 -40 18.62 20.9
188657 -40 18.62 20.9
82056 -40 12.81 -0.58
86003 -40 12.81 -0.58
85771 -40 12.81 -0.58
84770 -40 12.81 -0.58
81438 -40 12.81 -0.58
82011 -40 12.81 -0.58
90915 -40 12.81 -0.58
84438 -40 12.81 -0.58
85248 -40 12.81 -0.58
84930 -40 12.81 -0.58
87256 -40 12.81 -0.58
86782 -40 12.81 -0.58
85869 -40 12.81 -0.58
88566 -40 12.81 -0.58
83016 -40 12.81 -0.58
86280 -40 12.81 -0.58
83527 -40 12.81 -0.58
86430 -40 12.81 -0.58
81061 -40 12.81 -0.58
85776 -40 12.81 -0.58
85409 -40 12.81 -0.58
84369 -40 12.81 -0.58
87620 -40 12.81 -0.58
82555 -40 12.81 -0.58
87419 -40 12.81 -0.58
81114 -40 12.81 -0.58
83122 -40 12.81 -0.58
85927 -40 12.81 -0.58
86583 -40 12.81 -0.58
82035 -40 12.81 -0.58
87165 -40 12.81 -0.58
83731 -40 12.81 -0.58
86784 -40 12.81 -0.58
84742 -40 12.81 -0.58
85528 -40 12.81 -0.58
87795 -40 12.81 -0.58
86735 -40 12.81 -0.58
84554 -40 12.81 -0.58
88385 -40 12.81 -0.58
171089 -40 9.68 -23.68
168659 -40 9.68 -23.68
169244 -40 9.68 -23.68
169477 -40 9.68 -23.68
168478 -40 9.68 -23.68
169789 -40 9.68 -23.68
175441 -40 9.68 -23.68
173486 -40 9.68 -23.68
167708 -40 9.68 -23.68
175644 -40 9.68 -23.68
171566 -40 9.68 -23.68
171870 -40 9.68 -23.68
169187 -40 9.68 -23.68
172001 -40 9.68 -23.68
166898 -40 9.68 -23.68
168605 -40 9.68 -23.68
171737 -40 9.68 -23.68
172611 -40 9.68 -23.68
167812 -40 9.68 -23.68
172223 -40 9.68 -23.68
171795 -40 9.68 -23.68
171964 -40 9.68 -23.68
168887 -40 9.68 -23.68
172554 -40 9.68 -23.68
174164 -40 9.68 -23.68
171752 -40 9.68 -23.68
170904 -40 9.68 -23.68
166121 -40 9.68 -23.68
166215 -40 9.68 -23.68
166894 -40 9.68 -23.68
171047 -40 9.68 -23.68
167319 -40 9.68 -23.68
173484 -40 9.68 -23.68
168165 -40 9.68 -23.68
170737 -40 9.68 -23.68
176130 -40 9.68 -23.68
175774 -40 9.68 -23.68
167992 -40 9.68 -23.68
175113 -40 9.68 -23.68
127865 -40 12.63 -13.06
121489 -40 12.63 -13.06
123280 -40 12.63 -13.06
122909 -40 12.63 -13.06
121692 -40 12.63 -13.06
124482 -40 12.63 -13.06
123008 -40 12.63 -13.06
119232 -40 12.63 -13.06
118258 -40 12.63 -13.06
120130 -40 12.63 -13.06
124209 -40 12.63 -13.06
123125 -40 12.63 -13.06
123499 -40 12.63 -13.06
118049 -40 12.63 -13.06
119021 -40 12.63 -13.06
118720 -40 12.63 -13.06
125307 -40 12.63 -13.06
120131 -40 12.63 -13.06
123021 -40 12.63 -13.06
123156 -40 12.63 -13.06
120427 -40 12.63 -13.06
121988 -40 12.63 -13.06
119379 -40 12.63 -13.06
122706 -40 12.63 -13.06
121093 -40 12.63 -13.06
123399 -40 12.63 -13.06
123732 -40 12.63 -13.06
119813 -40 12.63 -13.06
125290 -40 12.63 -13.06
122718 -40 12.63 -13.06
120658 -40 12.63 -13.06
120099 -40 12.63 -13.06
124459 -40 12.63 -13.06
123526 -40 12.63 -13.06
119178 -40 12.63 -13.06
121356 -40 12.63 -13.06
122128 -40 12.63 -13.06
123555 -40 12.63 -13.06
123295 -40 12.63 -13.06
242563 -40 -23.23 27.28
237348 -40 -23.23 27.28
239955 -40 -23.23 27.28
235715 -40 -23.23 27.28
237913 -40 -23.23 27.28
237565 -40 -23.23 27.28
238230 -40 -23.23 27.28
239812 -40 -23.23 27.28
234825 -40 -23.23 27.28
237508 -40 -23.23 27.28
234866 -40 -23.23 27.28
235064 -40 -23.23 27.28
239873 -40 -23.23 27.28
245145 -40 -23.23 27.28
236943 -40 -23.23 27.28
237743 -40 -23.23 27.28
235730 -40 -23.23 27.28
235962 -40 -23.23 27.28
241656 -40 -23.23 27.28
244310 -40 -23.23 27.28
235841 -40 -23.23 27.28
240267 -40 -23.23 27.28
240276 -40 -23.23 27.28
241377 -40 -23.23 27.28
238336 -40 -23.23 27.28
236210 -40 -23.23 27.28
241985 -40 -23.23 27.28
240726 -40 -23.23 27.28
244393 -40 -23.23 27.28
237819 -40 -23.23 27.28
238589 -40 -23.23 27.28
238451 -40 -23.23 27.28
236652 -40 -23.23 27.28
235884 -40 -23.23 27.28
235283 -40 -23.23 27.28
241953 -40 -23.23 27.28
244646 -40 -23.23 27.28
237849 -40 -23.23 27.28
239185 -40 -23.23 27.28
