#rtt sig_str x y
89298 -40 4.14 12.74
85826 -40 4.14 12.74
90370 -40 4.14 12.74
90374 -40 4.14 12.74
91663 -40 4.14 12.74
91759 -40 4.14 12.74
86885 -40 4.14 12.74
87574 -40 4.14 12.74
88687 -40 4.14 12.74
90088 -40 4.14 12.74
90627 -40 4.14 12.74
92169 -40 4.14 12.74
93798 -40 4.14 12.74
91925 -40 4.14 12.74
89012 -40 4.14 12.74
84966 -40 4.14 12.74
92212 -40 4.14 12.74
90869 -40 4.14 12.74
85817 -40 4.14 12.74
91121 -40 4.14 12.74
90517 -40 4.14 12.74
87349 -40 4.14 12.74
92294 -40 4.14 12.74
85223 -40 4.14 12.74
87308 -40 4.14 12.74
87921 -40 4.14 12.74
88781 -40 4.14 12.74
94492 -40 4.14 12.74
88791 -40 4.14 12.74
87377 -40 4.14 12.74
87796 -40 4.14 12.74
84635 -40 4.14 12.74
94814 -40 4.14 12.74
89363 -40 4.14 12.74
84804 -40 4.14 12.74
88023 -40 4.14 12.74
91755 -40 4.14 12.74
89231 -40 4.14 12.74
90184 -40 4.14 12.74
200126 -40 -26.05 15.38
200947 -40 -26.05 15.38
205839 -40 -26.05 15.38
201048 -40 -26.05 15.38
196950 -40 -26.05 15.38
199000 -40 -26.05 15.38
198701 -40 -26.05 15.38
200760 -40 -26.05 15.38
201816 -40 -26.05 15.38
196788 -40 -26.05 15.38
199150 -40 -26.05 15.38
202827 -40 -26.05 15.38
198863 -40 -26.05 15.38
201313 -40 -26.05 15.38
204837 -40 -26.05 15.38
201082 -40 -26.05 15.38
204268 -40 -26.05 15.38
201311 -40 -26.05 15.38
206183 -40 -26.05 15.38
201870 -40 -26.05 15.38
201514 -40 -26.05 15.38
204993 -40 -26.05 15.38
204121 -40 -26.05 15.38
203038 -40 -26.05 15.38
200003 -40 -26.05 15.38
204672 -40 -26.05 15.38
200408 -40 -26.05 15.38
202627 -40 -26.05 15.38
200854 -40 -26.05 15.38
199692 -40 -26.05 15.38
199263 -40 -26.05 15.38
198141 -40 -26.05 15.38
201038 -40 -26.05 15.38
203426 -40 -26.05 15.38
200882 -40 -26.05 15.38
203573 -40 -26.05 15.38
206085 -40 -26.05 15.38
202021 -40 -26.05 15.38
201374 -40 -26.05 15.38
172396 -40 23.29 -10.41
172583 -40 23.29 -10.41
167533 -40 23.29 -10.41
169604 -40 23.29 -10.41
169816 -40 23.29 -10.41
169423 -40 23.29 -10.41
167889 -40 23.29 -10.41
175854 -40 23.29 -10.41
169342 -40 23.29 -10.41
170721 -40 23.29 -10.41
169654 -40 23.29 -10.41
168709 -40 23.29 -10.41
168931 -40 23.29 -10.41
175573 -40 23.29 -10.41
169759 -40 23.29 -10.41
172415 -40 23.29 -10.41
173177 -40 23.29 -10.41
168914 -40 23.29 -10.41
168837 -40 23.29 -10.41
170953 -40 23.29 -10.41
172895 -40 23.29 -10.41
172054 -40 23.29 -10.41
171679 -40 23.29 -10.41
167724 -40 23.29 -10.41
170119 -40 23.29 -10.41
172111 -40 23.29 -10.41
168630 -40 23.29 -10.41
171483 -40 23.29 -10.41
169210 -40 23.29 -10.41
172506 -40 23.29 -10.41
167660 -40 23.29 -10.41
172834 -40 23.29 -10.41
168548 -40 23.29 -10.41
170435 -40 23.29 -10.41
169415 -40 23.29 -10.41
175039 -40 23.29 -10.41
166813 -40 23.29 -10.41
175444 -40 23.29 -10.41
174230 -40 23.29 -10.41
184763 -40 25.78 -8.59
176152 -40 25.78 -8.59
179448 -40 25.78 -8.59
181306 -40 25.78 -8.59
182788 -40 25.78 -8.59
183592 -40 25.78 -8.59
182728 -40 25.78 -8.59
182197 -40 25.78 -8.59
181747 -40 25.78 -8.59
180436 -40 25.78 -8.59
182482 -40 25.78 -8.59
182177 -40 25.78 -8.59
183229 -40 25.78 -8.59
182487 -40 25.78 -8.59
178177 -40 25.78 -8.59
188583 -40 25.78 -8.59
180126 -40 25.78 -8.59
180131 -40 25.78 -8.59
180029 -40 25.78 -8.59
180793 -40 25.78 -8.59
184355 -40 25.78 -8.59
184011 -40 25.78 -8.59
180123 -40 25.78 -8.59
181139 -40 25.78 -8.59
185332 -40 25.78 -8.59
178065 -40 25.78 -8.59
181570 -40 25.78 -8.59
178362 -40 25.78 -8.59
183974 -40 25.78 -8.59
181421 -40 25.78 -8.59
186290 -40 25.78 -8.59
181634 -40 25.78 -8.59
178401 -40 25.78 -8.59
179771 -40 25.78 -8.59
180309 -40 25.78 -8.59
180569 -40 25.78 -8.59
180595 -40 25.78 -8.59
180554 -40 25.78 -8.59
177921 -40 25.78 -8.59
69468 -40 10.78 1.99
75696 -40 10.78 1.99
74219 -40 10.78 1.99
74424 -40 10.78 1.99
66248 -40 10.78 1.99
73923 -40 10.78 1.99
71925 -40 10.78 1.99
71822 -40 10.78 1.99
76174 -40 10.78 1.99
76103 -40 10.78 1.99
72201 -40 10.78 1.99
73708 -40 10.78 1.99
73806 -40 10.78 1.99
77795 -40 10.78 1.99
69869 -40 10.78 1.99
73292 -40 10.78 1.99
72710 -40 10.78 1.99
74281 -40 10.78 1.99
70483 -40 10.78 1.99
70603 -40 10.78 1.99
72151 -40 10.78 1.99
71451 -40 10.78 1.99
67575 -40 10.78 1.99
74775 -40 10.78 1.99
72825 -40 10.78 1.99
73930 -40 10.78 1.99
72367 -40 10.78 1.99
72257 -40 10.78 1.99
75471 -40 10.78 1.99
71049 -40 10.78 1.99
69776 -40 10.78 1.99
73043 -40 10.78 1.99
72800 -40 10.78 1.99
71931 -40 10.78 1.99
73843 -40 10.78 1.99
74933 -40 10.78 1.99
71230 -40 10.78 1.99
73059 -40 10.78 1.99
74090 -40 10.78 1.99
13398 -40 2.66 -0.85
15698 -40 2.66 -0.85
17269 -40 2.66 -0.85
19276 -40 2.66 -0.85
19662 -40 2.66 -0.85
17777 -40 2.66 -0.85
19321 -40 2.66 -0.85
18100 -40 2.66 -0.85
19651 -40 2.66 -0.85
17247 -40 2.66 -0.85
15082 -40 2.66 -0.85
18881 -40 2.66 -0.85
19898 -40 2.66 -0.85
15381 -40 2.66 -0.85
19433 -40 2.66 -0.85
19122 -40 2.66 -0.85
18951 -40 2.66 -0.85
15257 -40 2.66 -0.85
15425 -40 2.66 -0.85
20173 -40 2.66 -0.85
22667 -40 2.66 -0.85
17922 -40 2.66 -0.85
23622 -40 2.66 -0.85
19176 -40 2.66 -0.85
18731 -40 2.66 -0.85
18008 -40 2.66 -0.85
18801 -40 2.66 -0.85
17812 -40 2.66 -0.85
20197 -40 2.66 -0.85
20097 -40 2.66 -0.85
18831 -40 2.66 -0.85
23071 -40 2.66 -0.85
21354 -40 2.66 -0.85
16079 -40 2.66 -0.85
22369 -40 2.66 -0.85
20935 -40 2.66 -0.85
15778 -40 2.66 -0.85
22210 -40 2.66 -0.85
20736 -40 2.66 -0.85
206317 -40 -18.73 24.65
202982 -40 -18.73 24.65
203721 -40 -18.73 24.65
208391 -40 -18.73 24.65
208808 -40 -18.73 24.65
208228 -40 -18.73 24.65
210479 -40 -18.73 24.65
211101 -40 -18.73 24.65
205282 -40 -18.73 24.65
207818 -40 -18.73 24.65
209149 -40 -18.73 24.65
210595 -40 -18.73 24.65
207057 -40 -18.73 24.65
203357 -40 -18.73 24.65
209009 -40 -18.73 24.65
206395 -40 -18.73 24.65
208349 -40 -18.73 24.65
204544 -40 -18.73 24.65
203467 -40 -18.73 24.65
203831 -40 -18.73 24.65
212712 -40 -18.73 24.65
202273 -40 -18.73 24.65
205708 -40 -18.73 24.65
203501 -40 -18.73 24.65
209026 -40 -18.73 24.65
210754 -40 -18.73 24.65
207325 -40 -18.73 24.65
206102 -40 -18.73 24.65
203669 -40 -18.73 24.65
202439 -40 -18.73 24.65
203601 -40 -18.73 24.65
207561 -40 -18.73 24.65
204596 -40 -18.73 24.65
208105 -40 -18.73 24.65
214439 -40 -18.73 24.65
209133 -40 -18.73 24.65
208875 -40 -18.73 24.65
205197 -40 -18.73 24.65
206705 -40 -18.73 24.65
131462 -40 7.1 -18.01
128903 -40 7.1 -18.01
131450 -40 7.1 -18.01
131927 -40 7.1 -18.01
128274 -40 7.1 -18.01
131000 -40 7.1 -18.01
130401 -40 7.1 -18.01
133164 -40 7.1 -18.01
126753 -40 7.1 -18.01
131914 -40 7.1 -18.01
129409 -40 7.1 -18.01
129920 -40 7.1 -18.01
130973 -40 7.1 -18.01
132112 -40 7.1 -18.01
127214 -40 7.1 -18.01
132832 -40 7.1 -18.01
132309 -40 7.1 -18.01
130383 -40 7.1 -18.01
124883 -40 7.1 -18.01
127998 -40 7.1 -18.01
128403 -40 7.1 -18.01
125757 -40 7.1 -18.01
126227 -40 7.1 -18.01
127973 -40 7.1 -18.01
128356 -40 7.1 -18.01
132685 -40 7.1 -18.01
130344 -40 7.1 -18.01
133271 -40 7.1 -18.01
126731 -40 7.1 -18.01
127906 -40 7.1 -18.01
126627 -40 7.1 -18.01
124593 -40 7.1 -18.01
125904 -40 7.1 -18.01
127903 -40 7.1 -18.01
128761 -40 7.1 -18.01
129298 -40 7.1 -18.01
124451 -40 7.1 -18.01
127615 -40 7.1 -18.01
126516 -40 7.1 -18.01
186034 -40 -7.55 -26.74
184403 -40 -7.55 -26.74
183268 -40 -7.55 -26.74
182763 -40 -7.55 -26.74
186401 -40 -7.55 -26.74
183697 -40 -7.55 -26.74
185094 -40 -7.55 -26.74
187499 -40 -7.55 -26.74
183729 -40 -7.55 -26.74
183478 -40 -7.55 -26.74
187164 -40 -7.55 -26.74
185239 -40 -7.55 -26.74
186558 -40 -7.55 -26.74
184187 -40 -7.55 -26.74
186179 -40 -7.55 -26.74
184256 -40 -7.55 -26.74
189732 -40 -7.55 -26.74
188048 -40 -7.55 -26.74
184726 -40 -7.55 -26.74
186411 -40 -7.55 -26.74
185209 -40 -7.55 -26.74
184730 -40 -7.55 -26.74
187864 -40 -7.55 -26.74
184842 -40 -7.55 -26.74
189511 -40 -7.55 -26.74
186222 -40 -7.55 -26.74
181767 -40 -7.55 -26.74
192870 -40 -7.55 -26.74
183706 -40 -7.55 -26.74
185489 -40 -7.55 -26.74
187766 -40 -7.55 -26.74
185521 -40 -7.55 -26.74
186454 -40 -7.55 -26.74
186775 -40 -7.55 -26.74
189509 -40 -7.55 -26.74
184518 -40 -7.55 -26.74
185410 -40 -7.55 -26.74
181004 -40 -7.55 -26.74
191182 -40 -7.55 -26.74
180752 -40 26.02 1.61
174386 -40 26.02 1.61
173144 -40 26.02 1.61
170766 -40 26.02 1.61
171370 -40 26.02 1.61
173868 -40 26.02 1.61
168394 -40 26.02 1.61
167857 -40 26.02 1.61
175672 -40 26.02 1.61
177389 -40 26.02 1.61
175602 -40 26.02 1.61
172993 -40 26.02 1.61
177377 -40 26.02 1.61
174447 -40 26.02 1.61
170979 -40 26.02 1.61
172605 -40 26.02 1.61
173787 -40 26.02 1.61
171790 -40 26.02 1.61
175247 -40 26.02 1.61
174457 -40 26.02 1.61
174742 -40 26.02 1.61
170835 -40 26.02 1.61
177409 -40 26.02 1.61
173839 -40 26.02 1.61
175022 -40 26.02 1.61
172305 -40 26.02 1.61
173293 -40 26.02 1.61
175903 -40 26.02 1.61
177819 -40 26.02 1.61
174934 -40 26.02 1.61
171038 -40 26.02 1.61
177048 -40 26.02 1.61
173458 -40 26.02 1.61
176471 -40 26.02 1.61
174328 -40 26.02 1.61
172036 -40 26.02 1.61
176307 -40 26.02 1.61
177003 -40 26.02 1.61
177238 -40 26.02 1.61
