#rtt sig_str x y
74198 -40 -11.35 1.08
77172 -40 -11.35 1.08
75324 -40 -11.35 1.08
76309 -40 -11.35 1.08
75538 -40 -11.35 1.08
72212 -40 -11.35 1.08
73929 -40 -11.35 1.08
77063 -40 -11.35 1.08
76011 -40 -11.35 1.08
74160 -40 -11.35 1.08
72300 -40 -11.35 1.08
74697 -40 -11.35 1.08
72960 -40 -11.35 1.08
77961 -40 -11.35 1.08
77342 -40 -11.35 1.08
75700 -40 -11.35 1.08
72975 -40 -11.35 1.08
72428 -40 -11.35 1.08
72983 -40 -11.35 1.08
77853 -40 -11.35 1.08
72668 -40 -11.35 1.08
71090 -40 -11.35 1.08
75186 -40 -11.35 1.08
74069 -40 -11.35 1.08
76149 -40 -11.35 1.08
79630 -40 -11.35 1.08
81001 -40 -11.35 1.08
78395 -40 -11.35 1.08
73642 -40 -11.35 1.08
75673 -40 -11.35 1.08
71295 -40 -11.35 1.08
78544 -40 -11.35 1.08
78294 -40 -11.35 1.08
72816 -40 -11.35 1.08
74054 -40 -11.35 1.08
76166 -40 -11.35 1.08
78364 -40 -11.35 1.08
77446 -40 -11.35 1.08
75125 -40 -11.35 1.08
228563 -40 19.14 -28.45
230524 -40 19.14 -28.45
231229 -40 19.14 -28.45
226864 -40 19.14 -28.45
227643 -40 19.14 -28.45
227370 -40 19.14 -28.45
231774 -40 19.14 -28.45
229710 -40 19.14 -28.45
226577 -40 19.14 -28.45
228650 -40 19.14 -28.45
229758 -40 19.14 -28.45
228944 -40 19.14 -28.45
227161 -40 19.14 -28.45
225803 -40 19.14 -28.45
229103 -40 19.14 -28.45
231175 -40 19.14 -28.45
225188 -40 19.14 -28.45
229606 -40 19.14 -28.45
230731 -40 19.14 -28.45
229609 -40 19.14 -28.45
227789 -40 19.14 -28.45
228969 -40 19.14 -28.45
229445 -40 19.14 -28.45
232443 -40 19.14 -28.45
232857 -40 19.14 -28.45
227870 -40 19.14 -28.45
227942 -40 19.14 -28.45
227766 -40 19.14 -28.45
232496 -40 19.14 -28.45
228971 -40 19.14 -28.45
233946 -40 19.14 -28.45
230443 -40 19.14 -28.45
226342 -40 19.14 -28.45
227816 -40 19.14 -28.45
232983 -40 19.14 -28.45
230965 -40 19.14 -28.45
223771 -40 19.14 -28.45
227406 -40 19.14 -28.45
228706 -40 19.14 -28.45
106290 -40 -9.92 12.72
103987 -40 -9.92 12.72
106328 -40 -9.92 12.72
109809 -40 -9.92 12.72
111019 -40 -9.92 12.72
105116 -40 -9.92 12.72
109612 -40 -9.92 12.72
105018 -40 -9.92 12.72
106211 -40 -9.92 12.72
104872 -40 -9.92 12.72
106671 -40 -9.92 12.72
108605 -40 -9.92 12.72
105861 -40 -9.92 12.72
109593 -40 -9.92 12.72
110147 -40 -9.92 12.72
108267 -40 -9.92 12.72
109117 -40 -9.92 12.72
110277 -40 -9.92 12.72
107317 -40 -9.92 12.72
104888 -40 -9.92 12.72
112511 -40 -9.92 12.72
111548 -40 -9.92 12.72
106893 -40 -9.92 12.72
101301 -40 -9.92 12.72
107735 -40 -9.92 12.72
104750 -40 -9.92 12.72
108692 -40 -9.92 12.72
109638 -40 -9.92 12.72
109832 -40 -9.92 12.72
105698 -40 -9.92 12.72
104603 -40 -9.92 12.72
108795 -40 -9.92 12.72
104634 -40 -9.92 12.72
108935 -40 -9.92 12.72
110053 -40 -9.92 12.72
113020 -40 -9.92 12.72
105647 -40 -9.92 12.72
107506 -40 -9.92 12.72
107056 -40 -9.92 12.72
135663 -40 -18.38 -8.45
131712 -40 -18.38 -8.45
135987 -40 -18.38 -8.45
135369 -40 -18.38 -8.45
133853 -40 -18.38 -8.45
134627 -40 -18.38 -8.45
136268 -40 -18.38 -8.45
138474 -40 -18.38 -8.45
131600 -40 -18.38 -8.45
126075 -40 -18.38 -8.45
131371 -40 -18.38 -8.45
134596 -40 -18.38 -8.45
136174 -40 -18.38 -8.45
134868 -40 -18.38 -8.45
136109 -40 -18.38 -8.45
134149 -40 -18.38 -8.45
140271 -40 -18.38 -8.45
137293 -40 -18.38 -8.45
134369 -40 -18.38 -8.45
133494 -40 -18.38 -8.45
135622 -40 -18.38 -8.45
137044 -40 -18.38 -8.45
135054 -40 -18.38 -8.45
137007 -40 -18.38 -8.45
136089 -40 -18.38 -8.45
140204 -40 -18.38 -8.45
134060 -40 -18.38 -8.45
136766 -40 -18.38 -8.45
134286 -40 -18.38 -8.45
133211 -40 -18.38 -8.45
136928 -40 -18.38 -8.45
138445 -40 -18.38 -8.45
139005 -40 -18.38 -8.45
140715 -40 -18.38 -8.45
133795 -40 -18.38 -8.45
131293 -40 -18.38 -8.45
129898 -40 -18.38 -8.45
136567 -40 -18.38 -8.45
135806 -40 -18.38 -8.45
208965 -40 -23.39 21.4
209569 -40 -23.39 21.4
210736 -40 -23.39 21.4
212700 -40 -23.39 21.4
207216 -40 -23.39 21.4
210420 -40 -23.39 21.4
211883 -40 -23.39 21.4
209960 -40 -23.39 21.4
213043 -40 -23.39 21.4
207629 -40 -23.39 21.4
212663 -40 -23.39 21.4
217393 -40 -23.39 21.4
211712 -40 -23.39 21.4
211016 -40 -23.39 21.4
209760 -40 -23.39 21.4
211293 -40 -23.39 21.4
212883 -40 -23.39 21.4
210803 -40 -23.39 21.4
210176 -40 -23.39 21.4
214350 -40 -23.39 21.4
208992 -40 -23.39 21.4
210801 -40 -23.39 21.4
211201 -40 -23.39 21.4
212824 -40 -23.39 21.4
214193 -40 -23.39 21.4
215096 -40 -23.39 21.4
212491 -40 -23.39 21.4
208247 -40 -23.39 21.4
214623 -40 -23.39 21.4
217460 -40 -23.39 21.4
214579 -40 -23.39 21.4
213581 -40 -23.39 21.4
211572 -40 -23.39 21.4
210184 -40 -23.39 21.4
207719 -40 -23.39 21.4
208417 -40 -23.39 21.4
210093 -40 -23.39 21.4
210392 -40 -23.39 21.4
214326 -40 -23.39 21.4
186969 -40 27.74 4.11
186940 -40 27.74 4.11
187460 -40 27.74 4.11
185869 -40 27.74 4.11
187425 -40 27.74 4.11
182673 -40 27.74 4.11
187472 -40 27.74 4.11
191755 -40 27.74 4.11
185574 -40 27.74 4.11
190790 -40 27.74 4.11
184128 -40 27.74 4.11
182081 -40 27.74 4.11
189056 -40 27.74 4.11
189342 -40 27.74 4.11
187470 -40 27.74 4.11
185422 -40 27.74 4.11
187218 -40 27.74 4.11
183666 -40 27.74 4.11
183782 -40 27.74 4.11
183542 -40 27.74 4.11
186223 -40 27.74 4.11
187832 -40 27.74 4.11
190722 -40 27.74 4.11
187087 -40 27.74 4.11
184652 -40 27.74 4.11
190337 -40 27.74 4.11
186709 -40 27.74 4.11
188236 -40 27.74 4.11
187742 -40 27.74 4.11
186587 -40 27.74 4.11
182887 -40 27.74 4.11
190697 -40 27.74 4.11
185751 -40 27.74 4.11
188526 -40 27.74 4.11
188716 -40 27.74 4.11
189531 -40 27.74 4.11
187339 -40 27.74 4.11
186847 -40 27.74 4.11
187774 -40 27.74 4.11
175569 -40 21.91 14.46
177368 -40 21.91 14.46
174559 -40 21.91 14.46
176045 -40 21.91 14.46
174580 -40 21.91 14.46
179051 -40 21.91 14.46
174707 -40 21.91 14.46
172522 -40 21.91 14.46
170226 -40 21.91 14.46
174073 -40 21.91 14.46
178285 -40 21.91 14.46
171734 -40 21.91 14.46
168296 -40 21.91 14.46
178884 -40 21.91 14.46
174721 -40 21.91 14.46
181262 -40 21.91 14.46
173338 -40 21.91 14.46
176107 -40 21.91 14.46
176472 -40 21.91 14.46
176060 -40 21.91 14.46
168717 -40 21.91 14.46
173397 -40 21.91 14.46
179049 -40 21.91 14.46
171845 -40 21.91 14.46
172470 -40 21.91 14.46
174204 -40 21.91 14.46
178567 -40 21.91 14.46
176381 -40 21.91 14.46
176902 -40 21.91 14.46
174978 -40 21.91 14.46
178347 -40 21.91 14.46
178849 -40 21.91 14.46
173573 -40 21.91 14.46
172136 -40 21.91 14.46
172633 -40 21.91 14.46
176674 -40 21.91 14.46
170651 -40 21.91 14.46
174166 -40 21.91 14.46
177596 -40 21.91 14.46
140894 -40 21.15 -2.51
142492 -40 21.15 -2.51
141346 -40 21.15 -2.51
142580 -40 21.15 -2.51
136627 -40 21.15 -2.51
141210 -40 21.15 -2.51
145283 -40 21.15 -2.51
142163 -40 21.15 -2.51
142894 -40 21.15 -2.51
142358 -40 21.15 -2.51
140322 -40 21.15 -2.51
147344 -40 21.15 -2.51
142823 -40 21.15 -2.51
137381 -40 21.15 -2.51
142548 -40 21.15 -2.51
138084 -40 21.15 -2.51
139539 -40 21.15 -2.51
143644 -40 21.15 -2.51
143523 -40 21.15 -2.51
141928 -40 21.15 -2.51
141663 -40 21.15 -2.51
141917 -40 21.15 -2.51
139318 -40 21.15 -2.51
140499 -40 21.15 -2.51
137231 -40 21.15 -2.51
143720 -40 21.15 -2.51
142300 -40 21.15 -2.51
143662 -40 21.15 -2.51
142244 -40 21.15 -2.51
139103 -40 21.15 -2.51
136098 -40 21.15 -2.51
143237 -40 21.15 -2.51
145256 -40 21.15 -2.51
143677 -40 21.15 -2.51
132563 -40 21.15 -2.51
145677 -40 21.15 -2.51
140871 -40 21.15 -2.51
145191 -40 21.15 -2.51
140520 -40 21.15 -2.51
238791 -40 -25.23 -25.22
239874 -40 -25.23 -25.22
235549 -40 -25.23 -25.22
239142 -40 -25.23 -25.22
237394 -40 -25.23 -25.22
235962 -40 -25.23 -25.22
237064 -40 -25.23 -25.22
240446 -40 -25.23 -25.22
231030 -40 -25.23 -25.22
240294 -40 -25.23 -25.22
235090 -40 -25.23 -25.22
240756 -40 -25.23 -25.22
235653 -40 -25.23 -25.22
236345 -40 -25.23 -25.22
240601 -40 -25.23 -25.22
237001 -40 -25.23 -25.22
241552 -40 -25.23 -25.22
237428 -40 -25.23 -25.22
238572 -40 -25.23 -25.22
237010 -40 -25.23 -25.22
239942 -40 -25.23 -25.22
241721 -40 -25.23 -25.22
237919 -40 -25.23 -25.22
239850 -40 -25.23 -25.22
235090 -40 -25.23 -25.22
243483 -40 -25.23 -25.22
238504 -40 -25.23 -25.22
236866 -40 -25.23 -25.22
235385 -40 -25.23 -25.22
235765 -40 -25.23 -25.22
239457 -40 -25.23 -25.22
240210 -40 -25.23 -25.22
239936 -40 -25.23 -25.22
236111 -40 -25.23 -25.22
239080 -40 -25.23 -25.22
236567 -40 -25.23 -25.22
241529 -40 -25.23 -25.22
241827 -40 -25.23 -25.22
231649 -40 -25.23 -25.22
169205 -40 15.65 -20.59
174943 -40 15.65 -20.59
171465 -40 15.65 -20.59
171082 -40 15.65 -20.59
168983 -40 15.65 -20.59
176390 -40 15.65 -20.59
173163 -40 15.65 -20.59
174521 -40 15.65 -20.59
173833 -40 15.65 -20.59
166388 -40 15.65 -20.59
172231 -40 15.65 -20.59
174870 -40 15.65 -20.59
169934 -40 15.65 -20.59
173601 -40 15.65 -20.59
174661 -40 15.65 -20.59
170041 -40 15.65 -20.59
173444 -40 15.65 -20.59
169560 -40 15.65 -20.59
173591 -40 15.65 -20.59
171443 -40 15.65 -20.59
171503 -40 15.65 -20.59
167270 -40 15.65 -20.59
177984 -40 15.65 -20.59
168504 -40 15.65 -20.59
172438 -40 15.65 -20.59
172407 -40 15.65 -20.59
174660 -40 15.65 -20.59
174201 -40 15.65 -20.59
166841 -40 15.65 -20.59
173335 -40 15.65 -20.59
174465 -40 15.65 -20.59
170091 -40 15.65 -20.59
171464 -40 15.65 -20.59
176999 -40 15.65 -20.59
175819 -40 15.65 -20.59
176303 -40 15.65 -20.59
171215 -40 15.65 -20.59
173494 -40 15.65 -20.59
178490 -40 15.65 -20.59
