#rtt sig_str x y
252081 -40 25.15 -28.06
247357 -40 25.15 -28.06
253356 -40 25.15 -28.06
254436 -40 25.15 -28.06
252673 -40 25.15 -28.06
253206 -40 25.15 -28.06
258223 -40 25.15 -28.06
252665 -40 25.15 -28.06
247903 -40 25.15 -28.06
251514 -40 25.15 -28.06
246992 -40 25.15 -28.06
249174 -40 25.15 -28.06
247158 -40 25.15 -28.06
249091 -40 25.15 -28.06
253331 -40 25.15 -28.06
250684 -40 25.15 -28.06
256400 -40 25.15 -28.06
247877 -40 25.15 -28.06
247439 -40 25.15 -28.06
257324 -40 25.15 -28.06
249220 -40 25.15 -28.06
250021 -40 25.15 -28.06
254825 -40 25.15 -28.06
252497 -40 25.15 -28.06
252280 -40 25.15 -28.06
248594 -40 25.15 -28.06
252466 -40 25.15 -28.06
249902 -40 25.15 -28.06
249966 -40 25.15 -28.06
254842 -40 25.15 -28.06
248871 -40 25.15 -28.06
251690 -40 25.15 -28.06
246550 -40 25.15 -28.06
251751 -40 25.15 -28.06
249623 -40 25.15 -28.06
251101 -40 25.15 -28.06
250404 -40 25.15 -28.06
252820 -40 25.15 -28.06
250561 -40 25.15 -28.06
80098 -40 8.53 -8.8
77484 -40 8.53 -8.8
81645 -40 8.53 -8.8
83048 -40 8.53 -8.8
85158 -40 8.53 -8.8
84708 -40 8.53 -8.8
80904 -40 8.53 -8.8
81442 -40 8.53 -8.8
82617 -40 8.53 -8.8
81951 -40 8.53 -8.8
81851 -40 8.53 -8.8
83488 -40 8.53 -8.8
83187 -40 8.53 -8.8
81231 -40 8.53 -8.8
80254 -40 8.53 -8.8
84138 -40 8.53 -8.8
82610 -40 8.53 -8.8
83501 -40 8.53 -8.8
82365 -40 8.53 -8.8
81753 -40 8.53 -8.8
81933 -40 8.53 -8.8
82351 -40 8.53 -8.8
81346 -40 8.53 -8.8
79565 -40 8.53 -8.8
77082 -40 8.53 -8.8
80028 -40 8.53 -8.8
84966 -40 8.53 -8.8
83357 -40 8.53 -8.8
85002 -40 8.53 -8.8
84250 -40 8.53 -8.8
78590 -40 8.53 -8.8
82135 -40 8.53 -8.8
78563 -40 8.53 -8.8
81019 -40 8.53 -8.8
86154 -40 8.53 -8.8
84762 -40 8.53 -8.8
84546 -40 8.53 -8.8
76245 -40 8.53 -8.8
78276 -40 8.53 -8.8
210323 -40 15.23 -27.6
211447 -40 15.23 -27.6
206786 -40 15.23 -27.6
209568 -40 15.23 -27.6
212339 -40 15.23 -27.6
212434 -40 15.23 -27.6
205573 -40 15.23 -27.6
212720 -40 15.23 -27.6
206074 -40 15.23 -27.6
210672 -40 15.23 -27.6
210170 -40 15.23 -27.6
206691 -40 15.23 -27.6
210819 -40 15.23 -27.6
209874 -40 15.23 -27.6
212151 -40 15.23 -27.6
210454 -40 15.23 -27.6
206489 -40 15.23 -27.6
205594 -40 15.23 -27.6
207890 -40 15.23 -27.6
207207 -40 15.23 -27.6
212529 -40 15.23 -27.6
210094 -40 15.23 -27.6
212081 -40 15.23 -27.6
207250 -40 15.23 -27.6
209199 -40 15.23 -27.6
205910 -40 15.23 -27.6
212618 -40 15.23 -27.6
210651 -40 15.23 -27.6
212696 -40 15.23 -27.6
205117 -40 15.23 -27.6
211089 -40 15.23 -27.6
210727 -40 15.23 -27.6
207560 -40 15.23 -27.6
211690 -40 15.23 -27.6
211042 -40 15.23 -27.6
209749 -40 15.23 -27.6
212522 -40 15.23 -27.6
212909 -40 15.23 -27.6
213332 -40 15.23 -27.6
192868 -40 -21.64 18.49
187787 -40 -21.64 18.49
187549 -40 -21.64 18.49
187488 -40 -21.64 18.49
190569 -40 -21.64 18.49
186764 -40 -21.64 18.49
188012 -40 -21.64 18.49
190863 -40 -21.64 18.49
189890 -40 -21.64 18.49
190505 -40 -21.64 18.49
189177 -40 -21.64 18.49
188021 -40 -21.64 18.49
190464 -40 -21.64 18.49
190687 -40 -21.64 18.49
192822 -40 -21.64 18.49
190873 -40 -21.64 18.49
190987 -40 -21.64 18.49
188125 -40 -21.64 18.49
188873 -40 -21.64 18.49
188181 -40 -21.64 18.49
192400 -40 -21.64 18.49
187254 -40 -21.64 18.49
192722 -40 -21.64 18.49
191660 -40 -21.64 18.49
188996 -40 -21.64 18.49
191568 -40 -21.64 18.49
194101 -40 -21.64 18.49
195820 -40 -21.64 18.49
190547 -40 -21.64 18.49
190086 -40 -21.64 18.49
191048 -40 -21.64 18.49
191148 -40 -21.64 18.49
186903 -40 -21.64 18.49
185980 -40 -21.64 18.49
190521 -40 -21.64 18.49
189265 -40 -21.64 18.49
188357 -40 -21.64 18.49
185552 -40 -21.64 18.49
189912 -40 -21.64 18.49
177782 -40 -24.76 -9.53
176367 -40 -24.76 -9.53
177791 -40 -24.76 -9.53
174536 -40 -24.76 -9.53
175538 -40 -24.76 -9.53
176727 -40 -24.76 -9.53
179831 -40 -24.76 -9.53
177243 -40 -24.76 -9.53
176746 -40 -24.76 -9.53
176209 -40 -24.76 -9.53
176514 -40 -24.76 -9.53
179335 -40 -24.76 -9.53
179591 -40 -24.76 -9.53
174258 -40 -24.76 -9.53
173311 -40 -24.76 -9.53
179097 -40 -24.76 -9.53
175878 -40 -24.76 -9.53
177916 -40 -24.76 -9.53
172579 -40 -24.76 -9.53
177611 -40 -24.76 -9.53
179765 -40 -24.76 -9.53
177585 -40 -24.76 -9.53
180330 -40 -24.76 -9.53
177314 -40 -24.76 -9.53
177574 -40 -24.76 -9.53
174913 -40 -24.76 -9.53
172893 -40 -24.76 -9.53
175692 -40 -24.76 -9.53
178677 -40 -24.76 -9.53
172362 -40 -24.76 -9.53
176860 -40 -24.76 -9.53
177598 -40 -24.76 -9.53
174510 -40 -24.76 -9.53
177704 -40 -24.76 -9.53
177133 -40 -24.76 -9.53
172957 -40 -24.76 -9.53
173642 -40 -24.76 -9.53
178725 -40 -24.76 -9.53
179944 -40 -24.76 -9.53
194908 -40 17.28 23.34
192734 -40 17.28 23.34
191378 -40 17.28 23.34
192252 -40 17.28 23.34
194192 -40 17.28 23.34
194099 -40 17.28 23.34
194064 -40 17.28 23.34
191730 -40 17.28 23.34
196042 -40 17.28 23.34
191061 -40 17.28 23.34
190206 -40 17.28 23.34
199844 -40 17.28 23.34
191128 -40 17.28 23.34
191849 -40 17.28 23.34
192796 -40 17.28 23.34
195438 -40 17.28 23.34
191301 -40 17.28 23.34
198959 -40 17.28 23.34
189207 -40 17.28 23.34
193889 -40 17.28 23.34
190232 -40 17.28 23.34
188319 -40 17.28 23.34
192538 -40 17.28 23.34
190120 -40 17.28 23.34
191661 -40 17.28 23.34
190868 -40 17.28 23.34
196109 -40 17.28 23.34
190803 -40 17.28 23.34
194265 -40 17.28 23.34
192636 -40 17.28 23.34
192260 -40 17.28 23.34
192703 -40 17.28 23.34
193539 -40 17.28 23.34
195795 -40 17.28 23.34
199904 -40 17.28 23.34
197108 -40 17.28 23.34
194651 -40 17.28 23.34
195328 -40 17.28 23.34
196755 -40 17.28 23.34
121066 -40 -10.43 15.23
121342 -40 -10.43 15.23
123293 -40 -10.43 15.23
124633 -40 -10.43 15.23
124761 -40 -10.43 15.23
120730 -40 -10.43 15.23
120579 -40 -10.43 15.23
123188 -40 -10.43 15.23
121536 -40 -10.43 15.23
125970 -40 -10.43 15.23
125663 -40 -10.43 15.23
126228 -40 -10.43 15.23
121306 -40 -10.43 15.23
125869 -40 -10.43 15.23
120293 -40 -10.43 15.23
122189 -40 -10.43 15.23
122240 -40 -10.43 15.23
124136 -40 -10.43 15.23
121452 -40 -10.43 15.23
123024 -40 -10.43 15.23
122150 -40 -10.43 15.23
125202 -40 -10.43 15.23
124704 -40 -10.43 15.23
121330 -40 -10.43 15.23
122989 -40 -10.43 15.23
123398 -40 -10.43 15.23
122699 -40 -10.43 15.23
128579 -40 -10.43 15.23
119697 -40 -10.43 15.23
119316 -40 -10.43 15.23
120742 -40 -10.43 15.23
128744 -40 -10.43 15.23
128597 -40 -10.43 15.23
120657 -40 -10.43 15.23
126351 -40 -10.43 15.23
122101 -40 -10.43 15.23
121935 -40 -10.43 15.23
123197 -40 -10.43 15.23
123758 -40 -10.43 15.23
79639 -40 2.46 11.55
78309 -40 2.46 11.55
78541 -40 2.46 11.55
76871 -40 2.46 11.55
76511 -40 2.46 11.55
76368 -40 2.46 11.55
77154 -40 2.46 11.55
78153 -40 2.46 11.55
81080 -40 2.46 11.55
77229 -40 2.46 11.55
80150 -40 2.46 11.55
76413 -40 2.46 11.55
76174 -40 2.46 11.55
79747 -40 2.46 11.55
74310 -40 2.46 11.55
77815 -40 2.46 11.55
80956 -40 2.46 11.55
79369 -40 2.46 11.55
76478 -40 2.46 11.55
77693 -40 2.46 11.55
72941 -40 2.46 11.55
84920 -40 2.46 11.55
78385 -40 2.46 11.55
77630 -40 2.46 11.55
76946 -40 2.46 11.55
79100 -40 2.46 11.55
81536 -40 2.46 11.55
78050 -40 2.46 11.55
80079 -40 2.46 11.55
77305 -40 2.46 11.55
76022 -40 2.46 11.55
82562 -40 2.46 11.55
80843 -40 2.46 11.55
76428 -40 2.46 11.55
80146 -40 2.46 11.55
78254 -40 2.46 11.55
79386 -40 2.46 11.55
75269 -40 2.46 11.55
76959 -40 2.46 11.55
106784 -40 -15.59 -0.56
103432 -40 -15.59 -0.56
105335 -40 -15.59 -0.56
101751 -40 -15.59 -0.56
109539 -40 -15.59 -0.56
106735 -40 -15.59 -0.56
104149 -40 -15.59 -0.56
107537 -40 -15.59 -0.56
100400 -40 -15.59 -0.56
105104 -40 -15.59 -0.56
103681 -40 -15.59 -0.56
100253 -40 -15.59 -0.56
102776 -40 -15.59 -0.56
103140 -40 -15.59 -0.56
101871 -40 -15.59 -0.56
103837 -40 -15.59 -0.56
101717 -40 -15.59 -0.56
106085 -40 -15.59 -0.56
100690 -40 -15.59 -0.56
102382 -40 -15.59 -0.56
106999 -40 -15.59 -0.56
106821 -40 -15.59 -0.56
108824 -40 -15.59 -0.56
104593 -40 -15.59 -0.56
105945 -40 -15.59 -0.56
105394 -40 -15.59 -0.56
103642 -40 -15.59 -0.56
104908 -40 -15.59 -0.56
107426 -40 -15.59 -0.56
101810 -40 -15.59 -0.56
99367 -40 -15.59 -0.56
106554 -40 -15.59 -0.56
103896 -40 -15.59 -0.56
108154 -40 -15.59 -0.56
104109 -40 -15.59 -0.56
104244 -40 -15.59 -0.56
102501 -40 -15.59 -0.56
103338 -40 -15.59 -0.56
103475 -40 -15.59 -0.56
149686 -40 2.73 22.2
150524 -40 2.73 22.2
151969 -40 2.73 22.2
144104 -40 2.73 22.2
144341 -40 2.73 22.2
152036 -40 2.73 22.2
148801 -40 2.73 22.2
146449 -40 2.73 22.2
151086 -40 2.73 22.2
148448 -40 2.73 22.2
152150 -40 2.73 22.2
144866 -40 2.73 22.2
152328 -40 2.73 22.2
150349 -40 2.73 22.2
146886 -40 2.73 22.2
152139 -40 2.73 22.2
147239 -40 2.73 22.2
148620 -40 2.73 22.2
147591 -40 2.73 22.2
148079 -40 2.73 22.2
146168 -40 2.73 22.2
146124 -40 2.73 22.2
147426 -40 2.73 22.2
148398 -40 2.73 22.2
146994 -40 2.73 22.2
153139 -40 2.73 22.2
145932 -40 2.73 22.2
145845 -40 2.73 22.2
151816 -40 2.73 22.2
144706 -40 2.73 22.2
149904 -40 2.73 22.2
148131 -40 2.73 22.2
151919 -40 2.73 22.2
152949 -40 2.73 22.2
145058 -40 2.73 22.2
147873 -40 2.73 22.2
146169 -40 2.73 22.2
145688 -40 2.73 22.2
149848 -40 2.73 22.2
