#rtt sig_str x y
239516 -40 -27.11 23.24
236979 -40 -27.11 23.24
233327 -40 -27.11 23.24
237878 -40 -27.11 23.24
232271 -40 -27.11 23.24
239521 -40 -27.11 23.24
238824 -40 -27.11 23.24
241915 -40 -27.11 23.24
237790 -40 -27.11 23.24
236102 -40 -27.11 23.24
238431 -40 -27.11 23.24
235064 -40 -27.11 23.24
241664 -40 -27.11 23.24
241643 -40 -27.11 23.24
237586 -40 -27.11 23.24
238167 -40 -27.11 23.24
232500 -40 -27.11 23.24
239258 -40 -27.11 23.24
238651 -40 -27.11 23.24
234174 -40 -27.11 23.24
235511 -40 -27.11 23.24
236935 -40 -27.11 23.24
233086 -40 -27.11 23.24
239186 -40 -27.11 23.24
243614 -40 -27.11 23.24
239603 -40 -27.11 23.24
244609 -40 -27.11 23.24
237785 -40 -27.11 23.24
237322 -40 -27.11 23.24
237343 -40 -27.11 23.24
244480 -40 -27.11 23.24
244954 -40 -27.11 23.24
241106 -40 -27.11 23.24
237905 -40 -27.11 23.24
238603 -40 -27.11 23.24
237403 -40 -27.11 23.24
235455 -40 -27.11 23.24
237530 -40 -27.11 23.24
239009 -40 -27.11 23.24
81371 -40 10.86 4.4
80220 -40 10.86 4.4
78877 -40 10.86 4.4
74872 -40 10.86 4.4
75323 -40 10.86 4.4
78165 -40 10.86 4.4
77627 -40 10.86 4.4
81015 -40 10.86 4.4
81410 -40 10.86 4.4
77935 -40 10.86 4.4
76290 -40 10.86 4.4
78330 -40 10.86 4.4
76021 -40 10.86 4.4
77786 -40 10.86 4.4
76963 -40 10.86 4.4
75318 -40 10.86 4.4
78472 -40 10.86 4.4
79813 -40 10.86 4.4
76764 -40 10.86 4.4
82566 -40 10.86 4.4
78414 -40 10.86 4.4
78637 -40 10.86 4.4
76862 -40 10.86 4.4
82237 -40 10.86 4.4
75499 -40 10.86 4.4
78157 -40 10.86 4.4
75509 -40 10.86 4.4
74348 -40 10.86 4.4
80347 -40 10.86 4.4
76517 -40 10.86 4.4
77390 -40 10.86 4.4
76202 -40 10.86 4.4
78608 -40 10.86 4.4
78317 -40 10.86 4.4
75322 -40 10.86 4.4
82299 -40 10.86 4.4
79815 -40 10.86 4.4
79154 -40 10.86 4.4
77893 -40 10.86 4.4
129302 -40 17.92 5.8
131244 -40 17.92 5.8
125615 -40 17.92 5.8
128278 -40 17.92 5.8
123364 -40 17.92 5.8
123713 -40 17.92 5.8
123852 -40 17.92 5.8
122753 -40 17.92 5.8
126026 -40 17.92 5.8
126670 -40 17.92 5.8
126186 -40 17.92 5.8
125993 -40 17.92 5.8
122826 -40 17.92 5.8
124035 -40 17.92 5.8
122248 -40 17.92 5.8
126575 -40 17.92 5.8
127224 -40 17.92 5.8
123280 -40 17.92 5.8
128167 -40 17.92 5.8
127149 -40 17.92 5.8
121837 -40 17.92 5.8
126407 -40 17.92 5.8
125704 -40 17.92 5.8
125949 -40 17.92 5.8
125757 -40 17.92 5.8
126289 -40 17.92 5.8
124052 -40 17.92 5.8
121839 -40 17.92 5.8
127835 -40 17.92 5.8
125467 -40 17.92 5.8
126449 -40 17.92 5.8
124475 -40 17.92 5.8
129023 -40 17.92 5.8
123384 -40 17.92 5.8
127239 -40 17.92 5.8
126285 -40 17.92 5.8
127646 -40 17.92 5.8
123319 -40 17.92 5.8
126460 -40 17.92 5.8
137642 -40 18.01 -10.47
133608 -40 18.01 -10.47
138165 -40 18.01 -10.47
142986 -40 18.01 -10.47
136660 -40 18.01 -10.47
139303 -40 18.01 -10.47
138363 -40 18.01 -10.47
144052 -40 18.01 -10.47
135544 -40 18.01 -10.47
140053 -40 18.01 -10.47
138791 -40 18.01 -10.47
138472 -40 18.01 -10.47
138890 -40 18.01 -10.47
141238 -40 18.01 -10.47
138656 -40 18.01 -10.47
143027 -40 18.01 -10.47
143070 -40 18.01 -10.47
134236 -40 18.01 -10.47
141602 -40 18.01 -10.47
140477 -40 18.01 -10.47
143835 -40 18.01 -10.47
139537 -40 18.01 -10.47
138343 -40 18.01 -10.47
140411 -40 18.01 -10.47
138290 -40 18.01 -10.47
141374 -40 18.01 -10.47
138816 -40 18.01 -10.47
139393 -40 18.01 -10.47
141627 -40 18.01 -10.47
137658 -40 18.01 -10.47
135899 -40 18.01 -10.47
139981 -40 18.01 -10.47
139405 -40 18.01 -10.47
139313 -40 18.01 -10.47
137949 -40 18.01 -10.47
142662 -40 18.01 -10.47
138182 -40 18.01 -10.47
140610 -40 18.01 -10.47
141910 -40 18.01 -10.47
211688 -40 27.92 15.64
211666 -40 27.92 15.64
209877 -40 27.92 15.64
213046 -40 27.92 15.64
210245 -40 27.92 15.64
214021 -40 27.92 15.64
218165 -40 27.92 15.64
211500 -40 27.92 15.64
214241 -40 27.92 15.64
214447 -40 27.92 15.64
214816 -40 27.92 15.64
218025 -40 27.92 15.64
212724 -40 27.92 15.64
209984 -40 27.92 15.64
209273 -40 27.92 15.64
212620 -40 27.92 15.64
216430 -40 27.92 15.64
213872 -40 27.92 15.64
212081 -40 27.92 15.64
208681 -40 27.92 15.64
213782 -40 27.92 15.64
210515 -40 27.92 15.64
211631 -40 27.92 15.64
210309 -40 27.92 15.64
212982 -40 27.92 15.64
212933 -40 27.92 15.64
209388 -40 27.92 15.64
212000 -40 27.92 15.64
218099 -40 27.92 15.64
215855 -40 27.92 15.64
213179 -40 27.92 15.64
214020 -40 27.92 15.64
209968 -40 27.92 15.64
219697 -40 27.92 15.64
211504 -40 27.92 15.64
217080 -40 27.92 15.64
208022 -40 27.92 15.64
214391 -40 27.92 15.64
217012 -40 27.92 15.64
199210 -40 -3.36 29.63
199172 -40 -3.36 29.63
197726 -40 -3.36 29.63
202185 -40 -3.36 29.63
200809 -40 -3.36 29.63
198309 -40 -3.36 29.63
191225 -40 -3.36 29.63
199585 -40 -3.36 29.63
198410 -40 -3.36 29.63
202001 -40 -3.36 29.63
200671 -40 -3.36 29.63
198450 -40 -3.36 29.63
196909 -40 -3.36 29.63
201407 -40 -3.36 29.63
198434 -40 -3.36 29.63
196127 -40 -3.36 29.63
204070 -40 -3.36 29.63
197340 -40 -3.36 29.63
196079 -40 -3.36 29.63
196254 -40 -3.36 29.63
199249 -40 -3.36 29.63
201540 -40 -3.36 29.63
199617 -40 -3.36 29.63
199253 -40 -3.36 29.63
196279 -40 -3.36 29.63
200051 -40 -3.36 29.63
203086 -40 -3.36 29.63
202889 -40 -3.36 29.63
201695 -40 -3.36 29.63
200631 -40 -3.36 29.63
195584 -40 -3.36 29.63
201145 -40 -3.36 29.63
204074 -40 -3.36 29.63
202611 -40 -3.36 29.63
197900 -40 -3.36 29.63
197852 -40 -3.36 29.63
202643 -40 -3.36 29.63
199444 -40 -3.36 29.63
197806 -40 -3.36 29.63
135300 -40 19.88 3.98
134651 -40 19.88 3.98
138732 -40 19.88 3.98
142675 -40 19.88 3.98
131958 -40 19.88 3.98
135799 -40 19.88 3.98
130691 -40 19.88 3.98
135034 -40 19.88 3.98
135294 -40 19.88 3.98
135361 -40 19.88 3.98
135395 -40 19.88 3.98
136151 -40 19.88 3.98
137251 -40 19.88 3.98
137675 -40 19.88 3.98
134051 -40 19.88 3.98
137161 -40 19.88 3.98
131850 -40 19.88 3.98
132212 -40 19.88 3.98
134842 -40 19.88 3.98
135625 -40 19.88 3.98
137430 -40 19.88 3.98
131573 -40 19.88 3.98
137078 -40 19.88 3.98
133728 -40 19.88 3.98
135603 -40 19.88 3.98
131163 -40 19.88 3.98
135702 -40 19.88 3.98
137095 -40 19.88 3.98
134179 -40 19.88 3.98
137219 -40 19.88 3.98
131795 -40 19.88 3.98
137129 -40 19.88 3.98
133876 -40 19.88 3.98
134366 -40 19.88 3.98
141084 -40 19.88 3.98
134404 -40 19.88 3.98
129844 -40 19.88 3.98
135554 -40 19.88 3.98
134357 -40 19.88 3.98
142516 -40 -15.21 15.1
142609 -40 -15.21 15.1
146121 -40 -15.21 15.1
142985 -40 -15.21 15.1
137645 -40 -15.21 15.1
142318 -40 -15.21 15.1
142561 -40 -15.21 15.1
146002 -40 -15.21 15.1
140906 -40 -15.21 15.1
142493 -40 -15.21 15.1
145799 -40 -15.21 15.1
140123 -40 -15.21 15.1
143606 -40 -15.21 15.1
141241 -40 -15.21 15.1
141454 -40 -15.21 15.1
141357 -40 -15.21 15.1
146109 -40 -15.21 15.1
140836 -40 -15.21 15.1
142096 -40 -15.21 15.1
149716 -40 -15.21 15.1
145332 -40 -15.21 15.1
145212 -40 -15.21 15.1
139412 -40 -15.21 15.1
142436 -40 -15.21 15.1
145157 -40 -15.21 15.1
142392 -40 -15.21 15.1
141520 -40 -15.21 15.1
145124 -40 -15.21 15.1
149340 -40 -15.21 15.1
140450 -40 -15.21 15.1
141104 -40 -15.21 15.1
146136 -40 -15.21 15.1
137424 -40 -15.21 15.1
143605 -40 -15.21 15.1
142926 -40 -15.21 15.1
145077 -40 -15.21 15.1
143352 -40 -15.21 15.1
143279 -40 -15.21 15.1
138614 -40 -15.21 15.1
178578 -40 -26.99 4.12
188641 -40 -26.99 4.12
186857 -40 -26.99 4.12
181938 -40 -26.99 4.12
179668 -40 -26.99 4.12
180706 -40 -26.99 4.12
186814 -40 -26.99 4.12
175392 -40 -26.99 4.12
182184 -40 -26.99 4.12
180678 -40 -26.99 4.12
183070 -40 -26.99 4.12
184186 -40 -26.99 4.12
186349 -40 -26.99 4.12
185839 -40 -26.99 4.12
181521 -40 -26.99 4.12
184392 -40 -26.99 4.12
178848 -40 -26.99 4.12
181947 -40 -26.99 4.12
185417 -40 -26.99 4.12
183926 -40 -26.99 4.12
184759 -40 -26.99 4.12
175712 -40 -26.99 4.12
184045 -40 -26.99 4.12
182172 -40 -26.99 4.12
177856 -40 -26.99 4.12
180588 -40 -26.99 4.12
186119 -40 -26.99 4.12
182775 -40 -26.99 4.12
183044 -40 -26.99 4.12
175646 -40 -26.99 4.12
182173 -40 -26.99 4.12
182245 -40 -26.99 4.12
182096 -40 -26.99 4.12
182022 -40 -26.99 4.12
182404 -40 -26.99 4.12
176925 -40 -26.99 4.12
183423 -40 -26.99 4.12
180349 -40 -26.99 4.12
182068 -40 -26.99 4.12
25235 -40 -0.75 -3.87
27062 -40 -0.75 -3.87
22977 -40 -0.75 -3.87
27557 -40 -0.75 -3.87
23410 -40 -0.75 -3.87
22817 -40 -0.75 -3.87
26873 -40 -0.75 -3.87
28877 -40 -0.75 -3.87
26486 -40 -0.75 -3.87
29311 -40 -0.75 -3.87
22495 -40 -0.75 -3.87
26352 -40 -0.75 -3.87
28548 -40 -0.75 -3.87
27304 -40 -0.75 -3.87
29814 -40 -0.75 -3.87
27477 -40 -0.75 -3.87
28586 -40 -0.75 -3.87
28118 -40 -0.75 -3.87
25992 -40 -0.75 -3.87
24698 -40 -0.75 -3.87
27831 -40 -0.75 -3.87
24306 -40 -0.75 -3.87
26363 -40 -0.75 -3.87
26964 -40 -0.75 -3.87
24741 -40 -0.75 -3.87
27011 -40 -0.75 -3.87
28534 -40 -0.75 -3.87
26056 -40 -0.75 -3.87
27729 -40 -0.75 -3.87
27897 -40 -0.75 -3.87
26912 -40 -0.75 -3.87
29924 -40 -0.75 -3.87
23393 -40 -0.75 -3.87
23381 -40 -0.75 -3.87
27748 -40 -0.75 -3.87
23448 -40 -0.75 -3.87
28699 -40 -0.75 -3.87
26418 -40 -0.75 -3.87
25852 -40 -0.75 -3.87
