#rtt sig_str x y
43111 -40 0.04 -6.04
38658 -40 0.04 -6.04
46226 -40 0.04 -6.04
39890 -40 0.04 -6.04
38707 -40 0.04 -6.04
42541 -40 0.04 -6.04
40094 -40 0.04 -6.04
43653 -40 0.04 -6.04
42099 -40 0.04 -6.04
44166 -40 0.04 -6.04
41913 -40 0.04 -6.04
38033 -40 0.04 -6.04
38682 -40 0.04 -6.04
41569 -40 0.04 -6.04
39128 -40 0.04 -6.04
41353 -40 0.04 -6.04
40005 -40 0.04 -6.04
43093 -40 0.04 -6.04
36052 -40 0.04 -6.04
40508 -40 0.04 -6.04
41979 -40 0.04 -6.04
40900 -40 0.04 -6.04
42213 -40 0.04 -6.04
38882 -40 0.04 -6.04
41110 -40 0.04 -6.04
42405 -40 0.04 -6.04
40789 -40 0.04 -6.04
45586 -40 0.04 -6.04
43095 -40 0.04 -6.04
37858 -40 0.04 -6.04
39430 -40 0.04 -6.04
41627 -40 0.04 -6.04
37712 -40 0.04 -6.04
40041 -40 0.04 -6.04
36966 -40 0.04 -6.04
38985 -40 0.04 -6.04
34701 -40 0.04 -6.04
43750 -40 0.04 -6.04
41645 -40 0.04 -6.04
22316 -40 -1.92 -2.31
22551 -40 -1.92 -2.31
17961 -40 -1.92 -2.31
15415 -40 -1.92 -2.31
21407 -40 -1.92 -2.31
20856 -40 -1.92 -2.31
17786 -40 -1.92 -2.31
19169 -40 -1.92 -2.31
22054 -40 -1.92 -2.31
23633 -40 -1.92 -2.31
20490 -40 -1.92 -2.31
18528 -40 -1.92 -2.31
12535 -40 -1.92 -2.31
16554 -40 -1.92 -2.31
22753 -40 -1.92 -2.31
16365 -40 -1.92 -2.31
19925 -40 -1.92 -2.31
21789 -40 -1.92 -2.31
17828 -40 -1.92 -2.31
19008 -40 -1.92 -2.31
20810 -40 -1.92 -2.31
19408 -40 -1.92 -2.31
22086 -40 -1.92 -2.31
24370 -40 -1.92 -2.31
20483 -40 -1.92 -2.31
20409 -40 -1.92 -2.31
20023 -40 -1.92 -2.31
23073 -40 -1.92 -2.31
20830 -40 -1.92 -2.31
19709 -40 -1.92 -2.31
22569 -40 -1.92 -2.31
19419 -40 -1.92 -2.31
19719 -40 -1.92 -2.31
19209 -40 -1.92 -2.31
19586 -40 -1.92 -2.31
19299 -40 -1.92 -2.31
24602 -40 -1.92 -2.31
19839 -40 -1.92 -2.31
18781 -40 -1.92 -2.31
121529 -40 0.05 18.83
122723 -40 0.05 18.83
122731 -40 0.05 18.83
126708 -40 0.05 18.83
126448 -40 0.05 18.83
125406 -40 0.05 18.83
124309 -40 0.05 18.83
125711 -40 0.05 18.83
124744 -40 0.05 18.83
123086 -40 0.05 18.83
125142 -40 0.05 18.83
127985 -40 0.05 18.83
127444 -40 0.05 18.83
121970 -40 0.05 18.83
123166 -40 0.05 18.83
125386 -40 0.05 18.83
119333 -40 0.05 18.83
127320 -40 0.05 18.83
122549 -40 0.05 18.83
122197 -40 0.05 18.83
124988 -40 0.05 18.83
126182 -40 0.05 18.83
126239 -40 0.05 18.83
128667 -40 0.05 18.83
121878 -40 0.05 18.83
124379 -40 0.05 18.83
125946 -40 0.05 18.83
126595 -40 0.05 18.83
123457 -40 0.05 18.83
124204 -40 0.05 18.83
123824 -40 0.05 18.83
124603 -40 0.05 18.83
128673 -40 0.05 18.83
121727 -40 0.05 18.83
121597 -40 0.05 18.83
127338 -40 0.05 18.83
126616 -40 0.05 18.83
126116 -40 0.05 18.83
121675 -40 0.05 18.83
143506 -40 -21.05 -3.95
143954 -40 -21.05 -3.95
142443 -40 -21.05 -3.95
144561 -40 -21.05 -3.95
140239 -40 -21.05 -3.95
145529 -40 -21.05 -3.95
148348 -40 -21.05 -3.95
140482 -40 -21.05 -3.95
141870 -40 -21.05 -3.95
145936 -40 -21.05 -3.95
145622 -40 -21.05 -3.95
144258 -40 -21.05 -3.95
146332 -40 -21.05 -3.95
141603 -40 -21.05 -3.95
140680 -40 -21.05 -3.95
140813 -40 -21.05 -3.95
146147 -40 -21.05 -3.95
139746 -40 -21.05 -3.95
143689 -40 -21.05 -3.95
140111 -40 -21.05 -3.95
142716 -40 -21.05 -3.95
140288 -40 -21.05 -3.95
142576 -40 -21.05 -3.95
141383 -40 -21.05 -3.95
139799 -40 -21.05 -3.95
143253 -40 -21.05 -3.95
137852 -40 -21.05 -3.95
140804 -40 -21.05 -3.95
144784 -40 -21.05 -3.95
148515 -40 -21.05 -3.95
146406 -40 -21.05 -3.95
143520 -40 -21.05 -3.95
143614 -40 -21.05 -3.95
142973 -40 -21.05 -3.95
141262 -40 -21.05 -3.95
144424 -40 -21.05 -3.95
145831 -40 -21.05 -3.95
140401 -40 -21.05 -3.95
138342 -40 -21.05 -3.95
196011 -40 19.22 22.46
194313 -40 19.22 22.46
201114 -40 19.22 22.46
195973 -40 19.22 22.46
197452 -40 19.22 22.46
198876 -40 19.22 22.46
200072 -40 19.22 22.46
199270 -40 19.22 22.46
194428 -40 19.22 22.46
195579 -40 19.22 22.46
196060 -40 19.22 22.46
194579 -40 19.22 22.46
191071 -40 19.22 22.46
197984 -40 19.22 22.46
199747 -40 19.22 22.46
196661 -40 19.22 22.46
198032 -40 19.22 22.46
194403 -40 19.22 22.46
199320 -40 19.22 22.46
196621 -40 19.22 22.46
195740 -40 19.22 22.46
200928 -40 19.22 22.46
193818 -40 19.22 22.46
195281 -40 19.22 22.46
200206 -40 19.22 22.46
195255 -40 19.22 22.46
200113 -40 19.22 22.46
196266 -40 19.22 22.46
203115 -40 19.22 22.46
196654 -40 19.22 22.46
197185 -40 19.22 22.46
199423 -40 19.22 22.46
197215 -40 19.22 22.46
197072 -40 19.22 22.46
197024 -40 19.22 22.46
196755 -40 19.22 22.46
200701 -40 19.22 22.46
198443 -40 19.22 22.46
200349 -40 19.22 22.46
145220 -40 -10.72 -18.99
145180 -40 -10.72 -18.99
147723 -40 -10.72 -18.99
143292 -40 -10.72 -18.99
141844 -40 -10.72 -18.99
142131 -40 -10.72 -18.99
146502 -40 -10.72 -18.99
146629 -40 -10.72 -18.99
149229 -40 -10.72 -18.99
148362 -40 -10.72 -18.99
145707 -40 -10.72 -18.99
143472 -40 -10.72 -18.99
141078 -40 -10.72 -18.99
142855 -40 -10.72 -18.99
146605 -40 -10.72 -18.99
147192 -40 -10.72 -18.99
147229 -40 -10.72 -18.99
142713 -40 -10.72 -18.99
142265 -40 -10.72 -18.99
144710 -40 -10.72 -18.99
146481 -40 -10.72 -18.99
145296 -40 -10.72 -18.99
144874 -40 -10.72 -18.99
143683 -40 -10.72 -18.99
144131 -40 -10.72 -18.99
140506 -40 -10.72 -18.99
147090 -40 -10.72 -18.99
143139 -40 -10.72 -18.99
142787 -40 -10.72 -18.99
145516 -40 -10.72 -18.99
141598 -40 -10.72 -18.99
141363 -40 -10.72 -18.99
147497 -40 -10.72 -18.99
143176 -40 -10.72 -18.99
146392 -40 -10.72 -18.99
149838 -40 -10.72 -18.99
145044 -40 -10.72 -18.99
144190 -40 -10.72 -18.99
146791 -40 -10.72 -18.99
120350 -40 16.75 6.51
119775 -40 16.75 6.51
123368 -40 16.75 6.51
120312 -40 16.75 6.51
116311 -40 16.75 6.51
121517 -40 16.75 6.51
118254 -40 16.75 6.51
122210 -40 16.75 6.51
116342 -40 16.75 6.51
117350 -40 16.75 6.51
117849 -40 16.75 6.51
120808 -40 16.75 6.51
118083 -40 16.75 6.51
115517 -40 16.75 6.51
121765 -40 16.75 6.51
118963 -40 16.75 6.51
120134 -40 16.75 6.51
117298 -40 16.75 6.51
119512 -40 16.75 6.51
124421 -40 16.75 6.51
115944 -40 16.75 6.51
119486 -40 16.75 6.51
119558 -40 16.75 6.51
123208 -40 16.75 6.51
120234 -40 16.75 6.51
116374 -40 16.75 6.51
116932 -40 16.75 6.51
123812 -40 16.75 6.51
123267 -40 16.75 6.51
117267 -40 16.75 6.51
118880 -40 16.75 6.51
119738 -40 16.75 6.51
122233 -40 16.75 6.51
119844 -40 16.75 6.51
116470 -40 16.75 6.51
118689 -40 16.75 6.51
116512 -40 16.75 6.51
122107 -40 16.75 6.51
128033 -40 16.75 6.51
214245 -40 18.91 -26.34
214376 -40 18.91 -26.34
215970 -40 18.91 -26.34
212922 -40 18.91 -26.34
214652 -40 18.91 -26.34
211806 -40 18.91 -26.34
218777 -40 18.91 -26.34
218630 -40 18.91 -26.34
212762 -40 18.91 -26.34
219741 -40 18.91 -26.34
217050 -40 18.91 -26.34
215971 -40 18.91 -26.34
215806 -40 18.91 -26.34
218249 -40 18.91 -26.34
215154 -40 18.91 -26.34
216999 -40 18.91 -26.34
213088 -40 18.91 -26.34
216624 -40 18.91 -26.34
215411 -40 18.91 -26.34
219804 -40 18.91 -26.34
215987 -40 18.91 -26.34
212550 -40 18.91 -26.34
217569 -40 18.91 -26.34
218285 -40 18.91 -26.34
215206 -40 18.91 -26.34
218582 -40 18.91 -26.34
215260 -40 18.91 -26.34
218125 -40 18.91 -26.34
218185 -40 18.91 -26.34
215174 -40 18.91 -26.34
214623 -40 18.91 -26.34
220115 -40 18.91 -26.34
216120 -40 18.91 -26.34
215189 -40 18.91 -26.34
217700 -40 18.91 -26.34
215851 -40 18.91 -26.34
215789 -40 18.91 -26.34
216213 -40 18.91 -26.34
215153 -40 18.91 -26.34
271962 -40 -29.12 -28.45
268695 -40 -29.12 -28.45
272655 -40 -29.12 -28.45
271068 -40 -29.12 -28.45
274786 -40 -29.12 -28.45
269172 -40 -29.12 -28.45
273876 -40 -29.12 -28.45
274729 -40 -29.12 -28.45
270071 -40 -29.12 -28.45
267392 -40 -29.12 -28.45
274661 -40 -29.12 -28.45
271091 -40 -29.12 -28.45
272097 -40 -29.12 -28.45
268606 -40 -29.12 -28.45
271133 -40 -29.12 -28.45
272832 -40 -29.12 -28.45
271683 -40 -29.12 -28.45
272209 -40 -29.12 -28.45
273641 -40 -29.12 -28.45
275538 -40 -29.12 -28.45
275678 -40 -29.12 -28.45
271719 -40 -29.12 -28.45
269710 -40 -29.12 -28.45
266094 -40 -29.12 -28.45
271721 -40 -29.12 -28.45
272305 -40 -29.12 -28.45
266501 -40 -29.12 -28.45
270302 -40 -29.12 -28.45
271417 -40 -29.12 -28.45
268405 -40 -29.12 -28.45
269817 -40 -29.12 -28.45
277005 -40 -29.12 -28.45
272402 -40 -29.12 -28.45
277571 -40 -29.12 -28.45
272409 -40 -29.12 -28.45
275841 -40 -29.12 -28.45
272924 -40 -29.12 -28.45
268902 -40 -29.12 -28.45
271602 -40 -29.12 -28.45
200222 -40 -16.35 -25.2
202204 -40 -16.35 -25.2
198401 -40 -16.35 -25.2
202771 -40 -16.35 -25.2
200973 -40 -16.35 -25.2
204138 -40 -16.35 -25.2
197839 -40 -16.35 -25.2
200892 -40 -16.35 -25.2
199909 -40 -16.35 -25.2
200908 -40 -16.35 -25.2
198053 -40 -16.35 -25.2
199481 -40 -16.35 -25.2
199697 -40 -16.35 -25.2
203088 -40 -16.35 -25.2
196086 -40 -16.35 -25.2
203130 -40 -16.35 -25.2
206472 -40 -16.35 -25.2
202779 -40 -16.35 -25.2
203461 -40 -16.35 -25.2
203083 -40 -16.35 -25.2
197943 -40 -16.35 -25.2
202934 -40 -16.35 -25.2
201156 -40 -16.35 -25.2
201247 -40 -16.35 -25.2
200881 -40 -16.35 -25.2
198774 -40 -16.35 -25.2
198552 -40 -16.35 -25.2
199563 -40 -16.35 -25.2
201564 -40 -16.35 -25.2
198869 -40 -16.35 -25.2
198821 -40 -16.35 -25.2
197970 -40 -16.35 -25.2
202410 -40 -16.35 -25.2
198718 -40 -16.35 -25.2
203336 -40 -16.35 -25.2
201915 -40 -16.35 -25.2
206229 -40 -16.35 -25.2
200471 -40 -16.35 -25.2
198780 -40 -16.35 -25.2
