#rtt sig_str x y
71950 -40 1.32 10.57
69191 -40 1.32 10.57
69759 -40 1.32 10.57
75157 -40 1.32 10.57
67856 -40 1.32 10.57
69970 -40 1.32 10.57
67733 -40 1.32 10.57
68902 -40 1.32 10.57
70646 -40 1.32 10.57
67812 -40 1.32 10.57
71696 -40 1.32 10.57
69443 -40 1.32 10.57
74788 -40 1.32 10.57
67196 -40 1.32 10.57
66570 -40 1.32 10.57
72883 -40 1.32 10.57
72062 -40 1.32 10.57
69046 -40 1.32 10.57
71611 -40 1.32 10.57
74444 -40 1.32 10.57
71477 -40 1.32 10.57
73449 -40 1.32 10.57
69242 -40 1.32 10.57
70509 -40 1.32 10.57
68509 -40 1.32 10.57
70704 -40 1.32 10.57
74602 -40 1.32 10.57
71237 -40 1.32 10.57
73660 -40 1.32 10.57
71161 -40 1.32 10.57
73849 -40 1.32 10.57
75089 -40 1.32 10.57
70361 -40 1.32 10.57
70279 -40 1.32 10.57
68362 -40 1.32 10.57
68736 -40 1.32 10.57
76412 -40 1.32 10.57
70083 -40 1.32 10.57
70849 -40 1.32 10.57
78426 -40 11.97 1.77
76364 -40 11.97 1.77
80782 -40 11.97 1.77
83823 -40 11.97 1.77
84065 -40 11.97 1.77
76373 -40 11.97 1.77
83466 -40 11.97 1.77
78139 -40 11.97 1.77
80513 -40 11.97 1.77
85541 -40 11.97 1.77
78428 -40 11.97 1.77
82679 -40 11.97 1.77
80486 -40 11.97 1.77
80502 -40 11.97 1.77
79874 -40 11.97 1.77
79808 -40 11.97 1.77
80611 -40 11.97 1.77
80378 -40 11.97 1.77
78163 -40 11.97 1.77
81953 -40 11.97 1.77
81072 -40 11.97 1.77
86810 -40 11.97 1.77
79407 -40 11.97 1.77
80458 -40 11.97 1.77
80926 -40 11.97 1.77
84448 -40 11.97 1.77
83837 -40 11.97 1.77
80933 -40 11.97 1.77
80564 -40 11.97 1.77
85666 -40 11.97 1.77
80533 -40 11.97 1.77
82368 -40 11.97 1.77
82576 -40 11.97 1.77
75696 -40 11.97 1.77
79959 -40 11.97 1.77
80153 -40 11.97 1.77
82629 -40 11.97 1.77
85495 -40 11.97 1.77
81404 -40 11.97 1.77
167950 -40 -13.81 -20.7
163226 -40 -13.81 -20.7
167149 -40 -13.81 -20.7
162710 -40 -13.81 -20.7
162116 -40 -13.81 -20.7
165356 -40 -13.81 -20.7
164915 -40 -13.81 -20.7
164885 -40 -13.81 -20.7
164361 -40 -13.81 -20.7
165764 -40 -13.81 -20.7
167549 -40 -13.81 -20.7
168648 -40 -13.81 -20.7
165811 -40 -13.81 -20.7
163810 -40 -13.81 -20.7
163859 -40 -13.81 -20.7
167219 -40 -13.81 -20.7
165656 -40 -13.81 -20.7
164813 -40 -13.81 -20.7
169698 -40 -13.81 -20.7
160200 -40 -13.81 -20.7
166007 -40 -13.81 -20.7
164358 -40 -13.81 -20.7
166754 -40 -13.81 -20.7
168102 -40 -13.81 -20.7
164330 -40 -13.81 -20.7
164293 -40 -13.81 -20.7
169558 -40 -13.81 -20.7
165977 -40 -13.81 -20.7
164696 -40 -13.81 -20.7
166754 -40 -13.81 -20.7
169086 -40 -13.81 -20.7
168196 -40 -13.81 -20.7
170293 -40 -13.81 -20.7
166423 -40 -13.81 -20.7
165702 -40 -13.81 -20.7
164691 -40 -13.81 -20.7
164660 -40 -13.81 -20.7
163701 -40 -13.81 -20.7
165474 -40 -13.81 -20.7
139873 -40 10.47 17.88
139187 -40 10.47 17.88
139544 -40 10.47 17.88
140828 -40 10.47 17.88
134456 -40 10.47 17.88
135837 -40 10.47 17.88
134360 -40 10.47 17.88
141222 -40 10.47 17.88
138118 -40 10.47 17.88
137737 -40 10.47 17.88
137655 -40 10.47 17.88
139692 -40 10.47 17.88
140908 -40 10.47 17.88
137288 -40 10.47 17.88
138736 -40 10.47 17.88
135827 -40 10.47 17.88
137269 -40 10.47 17.88
135673 -40 10.47 17.88
138870 -40 10.47 17.88
136221 -40 10.47 17.88
141004 -40 10.47 17.88
142816 -40 10.47 17.88
139877 -40 10.47 17.88
137576 -40 10.47 17.88
139191 -40 10.47 17.88
139504 -40 10.47 17.88
140036 -40 10.47 17.88
137503 -40 10.47 17.88
136194 -40 10.47 17.88
143259 -40 10.47 17.88
136393 -40 10.47 17.88
136098 -40 10.47 17.88
136474 -40 10.47 17.88
135515 -40 10.47 17.88
138418 -40 10.47 17.88
138972 -40 10.47 17.88
136768 -40 10.47 17.88
138330 -40 10.47 17.88
138945 -40 10.47 17.88
223354 -40 24.49 22.96
227915 -40 24.49 22.96
222093 -40 24.49 22.96
221861 -40 24.49 22.96
229015 -40 24.49 22.96
225315 -40 24.49 22.96
223907 -40 24.49 22.96
228378 -40 24.49 22.96
222025 -40 24.49 22.96
226221 -40 24.49 22.96
225216 -40 24.49 22.96
223784 -40 24.49 22.96
225883 -40 24.49 22.96
222531 -40 24.49 22.96
225571 -40 24.49 22.96
221467 -40 24.49 22.96
220715 -40 24.49 22.96
225382 -40 24.49 22.96
220600 -40 24.49 22.96
224216 -40 24.49 22.96
224073 -40 24.49 22.96
224110 -40 24.49 22.96
223645 -40 24.49 22.96
221281 -40 24.49 22.96
226400 -40 24.49 22.96
224200 -40 24.49 22.96
225903 -40 24.49 22.96
220032 -40 24.49 22.96
223539 -40 24.49 22.96
223747 -40 24.49 22.96
224476 -40 24.49 22.96
228958 -40 24.49 22.96
224205 -40 24.49 22.96
227564 -40 24.49 22.96
225255 -40 24.49 22.96
225852 -40 24.49 22.96
226196 -40 24.49 22.96
226927 -40 24.49 22.96
226689 -40 24.49 22.96
123537 -40 11.11 14.46
121182 -40 11.11 14.46
117447 -40 11.11 14.46
126046 -40 11.11 14.46
121510 -40 11.11 14.46
124115 -40 11.11 14.46
124058 -40 11.11 14.46
124894 -40 11.11 14.46
123754 -40 11.11 14.46
124549 -40 11.11 14.46
124963 -40 11.11 14.46
127548 -40 11.11 14.46
122067 -40 11.11 14.46
122140 -40 11.11 14.46
122837 -40 11.11 14.46
125497 -40 11.11 14.46
121191 -40 11.11 14.46
119536 -40 11.11 14.46
120253 -40 11.11 14.46
124824 -40 11.11 14.46
121672 -40 11.11 14.46
122100 -40 11.11 14.46
121634 -40 11.11 14.46
123370 -40 11.11 14.46
121416 -40 11.11 14.46
121569 -40 11.11 14.46
125031 -40 11.11 14.46
123666 -40 11.11 14.46
121668 -40 11.11 14.46
120244 -40 11.11 14.46
125011 -40 11.11 14.46
120431 -40 11.11 14.46
120611 -40 11.11 14.46
119386 -40 11.11 14.46
118416 -40 11.11 14.46
119564 -40 11.11 14.46
120624 -40 11.11 14.46
122139 -40 11.11 14.46
123183 -40 11.11 14.46
211975 -40 -17.3 27.27
217252 -40 -17.3 27.27
212107 -40 -17.3 27.27
212880 -40 -17.3 27.27
216455 -40 -17.3 27.27
215617 -40 -17.3 27.27
217737 -40 -17.3 27.27
218766 -40 -17.3 27.27
210993 -40 -17.3 27.27
214417 -40 -17.3 27.27
218625 -40 -17.3 27.27
216312 -40 -17.3 27.27
211488 -40 -17.3 27.27
212992 -40 -17.3 27.27
214848 -40 -17.3 27.27
215192 -40 -17.3 27.27
216990 -40 -17.3 27.27
217636 -40 -17.3 27.27
216533 -40 -17.3 27.27
215226 -40 -17.3 27.27
215938 -40 -17.3 27.27
214280 -40 -17.3 27.27
216384 -40 -17.3 27.27
214688 -40 -17.3 27.27
215762 -40 -17.3 27.27
213820 -40 -17.3 27.27
213976 -40 -17.3 27.27
217473 -40 -17.3 27.27
215415 -40 -17.3 27.27
213565 -40 -17.3 27.27
213804 -40 -17.3 27.27
214722 -40 -17.3 27.27
216782 -40 -17.3 27.27
211472 -40 -17.3 27.27
216114 -40 -17.3 27.27
214865 -40 -17.3 27.27
216557 -40 -17.3 27.27
219396 -40 -17.3 27.27
212462 -40 -17.3 27.27
87894 -40 -10.97 8.44
90651 -40 -10.97 8.44
90879 -40 -10.97 8.44
91435 -40 -10.97 8.44
88875 -40 -10.97 8.44
93685 -40 -10.97 8.44
91755 -40 -10.97 8.44
91650 -40 -10.97 8.44
95381 -40 -10.97 8.44
95105 -40 -10.97 8.44
90502 -40 -10.97 8.44
92799 -40 -10.97 8.44
93882 -40 -10.97 8.44
94526 -40 -10.97 8.44
93152 -40 -10.97 8.44
95553 -40 -10.97 8.44
93276 -40 -10.97 8.44
92377 -40 -10.97 8.44
93137 -40 -10.97 8.44
90990 -40 -10.97 8.44
90744 -40 -10.97 8.44
93472 -40 -10.97 8.44
94365 -40 -10.97 8.44
90713 -40 -10.97 8.44
93592 -40 -10.97 8.44
95820 -40 -10.97 8.44
92168 -40 -10.97 8.44
91610 -40 -10.97 8.44
93516 -40 -10.97 8.44
94687 -40 -10.97 8.44
92000 -40 -10.97 8.44
93089 -40 -10.97 8.44
93545 -40 -10.97 8.44
90268 -40 -10.97 8.44
89941 -40 -10.97 8.44
90985 -40 -10.97 8.44
91379 -40 -10.97 8.44
89991 -40 -10.97 8.44
87977 -40 -10.97 8.44
164680 -40 -13.96 19.8
160464 -40 -13.96 19.8
164882 -40 -13.96 19.8
159146 -40 -13.96 19.8
158732 -40 -13.96 19.8
162171 -40 -13.96 19.8
163116 -40 -13.96 19.8
163816 -40 -13.96 19.8
166898 -40 -13.96 19.8
157444 -40 -13.96 19.8
158967 -40 -13.96 19.8
160771 -40 -13.96 19.8
158145 -40 -13.96 19.8
159681 -40 -13.96 19.8
163590 -40 -13.96 19.8
158446 -40 -13.96 19.8
161530 -40 -13.96 19.8
162823 -40 -13.96 19.8
160078 -40 -13.96 19.8
161895 -40 -13.96 19.8
154852 -40 -13.96 19.8
159262 -40 -13.96 19.8
162976 -40 -13.96 19.8
158197 -40 -13.96 19.8
162975 -40 -13.96 19.8
163749 -40 -13.96 19.8
160393 -40 -13.96 19.8
158460 -40 -13.96 19.8
164954 -40 -13.96 19.8
161450 -40 -13.96 19.8
161152 -40 -13.96 19.8
162411 -40 -13.96 19.8
163478 -40 -13.96 19.8
159943 -40 -13.96 19.8
162930 -40 -13.96 19.8
158767 -40 -13.96 19.8
154905 -40 -13.96 19.8
159106 -40 -13.96 19.8
160376 -40 -13.96 19.8
168430 -40 -22.77 -11.72
174123 -40 -22.77 -11.72
173892 -40 -22.77 -11.72
171135 -40 -22.77 -11.72
166962 -40 -22.77 -11.72
169646 -40 -22.77 -11.72
171139 -40 -22.77 -11.72
174610 -40 -22.77 -11.72
167494 -40 -22.77 -11.72
166856 -40 -22.77 -11.72
170255 -40 -22.77 -11.72
174552 -40 -22.77 -11.72
168237 -40 -22.77 -11.72
168137 -40 -22.77 -11.72
170962 -40 -22.77 -11.72
172089 -40 -22.77 -11.72
176841 -40 -22.77 -11.72
170592 -40 -22.77 -11.72
173249 -40 -22.77 -11.72
167976 -40 -22.77 -11.72
171402 -40 -22.77 -11.72
169741 -40 -22.77 -11.72
169851 -40 -22.77 -11.72
171142 -40 -22.77 -11.72
174023 -40 -22.77 -11.72
173420 -40 -22.77 -11.72
168524 -40 -22.77 -11.72
175518 -40 -22.77 -11.72
170489 -40 -22.77 -11.72
173037 -40 -22.77 -11.72
172953 -40 -22.77 -11.72
172747 -40 -22.77 -11.72
174749 -40 -22.77 -11.72
166555 -40 -22.77 -11.72
168309 -40 -22.77 -11.72
172540 -40 -22.77 -11.72
170158 -40 -22.77 -11.72
171462 -40 -22.77 -11.72
171693 -40 -22.77 -11.72
