#rtt sig_str x y
63542 -40 -8.68 -1.23
56066 -40 -8.68 -1.23
58204 -40 -8.68 -1.23
57804 -40 -8.68 -1.23
57962 -40 -8.68 -1.23
59965 -40 -8.68 -1.23
60512 -40 -8.68 -1.23
55338 -40 -8.68 -1.23
55391 -40 -8.68 -1.23
61663 -40 -8.68 -1.23
57103 -40 -8.68 -1.23
55112 -40 -8.68 -1.23
57693 -40 -8.68 -1.23
59603 -40 -8.68 -1.23
56432 -40 -8.68 -1.23
57595 -40 -8.68 -1.23
62844 -40 -8.68 -1.23
57657 -40 -8.68 -1.23
57496 -40 -8.68 -1.23
55648 -40 -8.68 -1.23
56049 -40 -8.68 -1.23
56622 -40 -8.68 -1.23
55511 -40 -8.68 -1.23
58380 -40 -8.68 -1.23
61088 -40 -8.68 -1.23
60507 -40 -8.68 -1.23
56852 -40 -8.68 -1.23
58186 -40 -8.68 -1.23
56216 -40 -8.68 -1.23
63305 -40 -8.68 -1.23
60924 -40 -8.68 -1.23
58333 -40 -8.68 -1.23
60779 -40 -8.68 -1.23
57223 -40 -8.68 -1.23
57682 -40 -8.68 -1.23
58415 -40 -8.68 -1.23
59943 -40 -8.68 -1.23
57247 -40 -8.68 -1.23
58904 -40 -8.68 -1.23
144971 -40 -9.55 19.24
145036 -40 -9.55 19.24
141771 -40 -9.55 19.24
138994 -40 -9.55 19.24
144066 -40 -9.55 19.24
149657 -40 -9.55 19.24
140599 -40 -9.55 19.24
141884 -40 -9.55 19.24
140255 -40 -9.55 19.24
143542 -40 -9.55 19.24
146813 -40 -9.55 19.24
139588 -40 -9.55 19.24
145147 -40 -9.55 19.24
144563 -40 -9.55 19.24
142130 -40 -9.55 19.24
140957 -40 -9.55 19.24
141783 -40 -9.55 19.24
146170 -40 -9.55 19.24
143430 -40 -9.55 19.24
141612 -40 -9.55 19.24
143732 -40 -9.55 19.24
142663 -40 -9.55 19.24
146238 -40 -9.55 19.24
146677 -40 -9.55 19.24
144554 -40 -9.55 19.24
147287 -40 -9.55 19.24
146718 -40 -9.55 19.24
143291 -40 -9.55 19.24
143386 -40 -9.55 19.24
143774 -40 -9.55 19.24
139792 -40 -9.55 19.24
143557 -40 -9.55 19.24
143444 -40 -9.55 19.24
144232 -40 -9.55 19.24
150524 -40 -9.55 19.24
146330 -40 -9.55 19.24
142293 -40 -9.55 19.24
139225 -40 -9.55 19.24
143137 -40 -9.55 19.24
183308 -40 25.99 9.91
187705 -40 25.99 9.91
183863 -40 25.99 9.91
182960 -40 25.99 9.91
185830 -40 25.99 9.91
184584 -40 25.99 9.91
188352 -40 25.99 9.91
189370 -40 25.99 9.91
186574 -40 25.99 9.91
181184 -40 25.99 9.91
183313 -40 25.99 9.91
185352 -40 25.99 9.91
185128 -40 25.99 9.91
183516 -40 25.99 9.91
182805 -40 25.99 9.91
184992 -40 25.99 9.91
188921 -40 25.99 9.91
189643 -40 25.99 9.91
188999 -40 25.99 9.91
186700 -40 25.99 9.91
188376 -40 25.99 9.91
186760 -40 25.99 9.91
184370 -40 25.99 9.91
184095 -40 25.99 9.91
189043 -40 25.99 9.91
187170 -40 25.99 9.91
182100 -40 25.99 9.91
181168 -40 25.99 9.91
182902 -40 25.99 9.91
189320 -40 25.99 9.91
185805 -40 25.99 9.91
184295 -40 25.99 9.91
184707 -40 25.99 9.91
181671 -40 25.99 9.91
185659 -40 25.99 9.91
180234 -40 25.99 9.91
185271 -40 25.99 9.91
183049 -40 25.99 9.91
185627 -40 25.99 9.91
227948 -40 24.83 24.01
223626 -40 24.83 24.01
230010 -40 24.83 24.01
230255 -40 24.83 24.01
228402 -40 24.83 24.01
227972 -40 24.83 24.01
230198 -40 24.83 24.01
229661 -40 24.83 24.01
227908 -40 24.83 24.01
234372 -40 24.83 24.01
231377 -40 24.83 24.01
228663 -40 24.83 24.01
232802 -40 24.83 24.01
234266 -40 24.83 24.01
231996 -40 24.83 24.01
226865 -40 24.83 24.01
233213 -40 24.83 24.01
234738 -40 24.83 24.01
228602 -40 24.83 24.01
230004 -40 24.83 24.01
228145 -40 24.83 24.01
231174 -40 24.83 24.01
228342 -40 24.83 24.01
231987 -40 24.83 24.01
233130 -40 24.83 24.01
231485 -40 24.83 24.01
231251 -40 24.83 24.01
231160 -40 24.83 24.01
226694 -40 24.83 24.01
229999 -40 24.83 24.01
230390 -40 24.83 24.01
232991 -40 24.83 24.01
229797 -40 24.83 24.01
233643 -40 24.83 24.01
230481 -40 24.83 24.01
224316 -40 24.83 24.01
230711 -40 24.83 24.01
233696 -40 24.83 24.01
230245 -40 24.83 24.01
202092 -40 20.25 -22.63
202113 -40 20.25 -22.63
205703 -40 20.25 -22.63
207894 -40 20.25 -22.63
204934 -40 20.25 -22.63
203931 -40 20.25 -22.63
203950 -40 20.25 -22.63
204960 -40 20.25 -22.63
203552 -40 20.25 -22.63
204328 -40 20.25 -22.63
203640 -40 20.25 -22.63
206555 -40 20.25 -22.63
200434 -40 20.25 -22.63
197712 -40 20.25 -22.63
201062 -40 20.25 -22.63
205687 -40 20.25 -22.63
207093 -40 20.25 -22.63
199490 -40 20.25 -22.63
205558 -40 20.25 -22.63
202332 -40 20.25 -22.63
201051 -40 20.25 -22.63
196638 -40 20.25 -22.63
201733 -40 20.25 -22.63
198835 -40 20.25 -22.63
196563 -40 20.25 -22.63
206610 -40 20.25 -22.63
201795 -40 20.25 -22.63
198170 -40 20.25 -22.63
199986 -40 20.25 -22.63
204720 -40 20.25 -22.63
200097 -40 20.25 -22.63
204592 -40 20.25 -22.63
209837 -40 20.25 -22.63
203381 -40 20.25 -22.63
202714 -40 20.25 -22.63
204420 -40 20.25 -22.63
202063 -40 20.25 -22.63
202322 -40 20.25 -22.63
198957 -40 20.25 -22.63
257504 -40 -26.44 -28.52
255757 -40 -26.44 -28.52
260590 -40 -26.44 -28.52
258611 -40 -26.44 -28.52
259693 -40 -26.44 -28.52
260205 -40 -26.44 -28.52
263711 -40 -26.44 -28.52
258761 -40 -26.44 -28.52
254519 -40 -26.44 -28.52
254501 -40 -26.44 -28.52
257194 -40 -26.44 -28.52
262867 -40 -26.44 -28.52
255242 -40 -26.44 -28.52
258067 -40 -26.44 -28.52
258607 -40 -26.44 -28.52
260094 -40 -26.44 -28.52
257013 -40 -26.44 -28.52
256225 -40 -26.44 -28.52
255288 -40 -26.44 -28.52
257282 -40 -26.44 -28.52
256232 -40 -26.44 -28.52
262421 -40 -26.44 -28.52
262962 -40 -26.44 -28.52
262844 -40 -26.44 -28.52
258809 -40 -26.44 -28.52
258365 -40 -26.44 -28.52
259057 -40 -26.44 -28.52
261640 -40 -26.44 -28.52
258347 -40 -26.44 -28.52
256053 -40 -26.44 -28.52
264576 -40 -26.44 -28.52
255174 -40 -26.44 -28.52
255390 -40 -26.44 -28.52
257066 -40 -26.44 -28.52
259988 -40 -26.44 -28.52
257982 -40 -26.44 -28.52
261380 -40 -26.44 -28.52
265391 -40 -26.44 -28.52
264001 -40 -26.44 -28.52
101155 -40 -15.11 -1.07
104318 -40 -15.11 -1.07
101787 -40 -15.11 -1.07
100103 -40 -15.11 -1.07
99670 -40 -15.11 -1.07
98978 -40 -15.11 -1.07
103579 -40 -15.11 -1.07
100115 -40 -15.11 -1.07
103261 -40 -15.11 -1.07
97018 -40 -15.11 -1.07
100188 -40 -15.11 -1.07
99890 -40 -15.11 -1.07
100699 -40 -15.11 -1.07
107152 -40 -15.11 -1.07
95278 -40 -15.11 -1.07
98143 -40 -15.11 -1.07
95589 -40 -15.11 -1.07
100102 -40 -15.11 -1.07
101478 -40 -15.11 -1.07
98398 -40 -15.11 -1.07
102507 -40 -15.11 -1.07
101731 -40 -15.11 -1.07
104246 -40 -15.11 -1.07
100035 -40 -15.11 -1.07
102428 -40 -15.11 -1.07
105733 -40 -15.11 -1.07
105085 -40 -15.11 -1.07
104549 -40 -15.11 -1.07
100958 -40 -15.11 -1.07
97846 -40 -15.11 -1.07
102122 -40 -15.11 -1.07
97586 -40 -15.11 -1.07
100786 -40 -15.11 -1.07
99405 -40 -15.11 -1.07
100503 -40 -15.11 -1.07
103185 -40 -15.11 -1.07
101232 -40 -15.11 -1.07
101361 -40 -15.11 -1.07
100025 -40 -15.11 -1.07
152658 -40 0.55 -23.45
155905 -40 0.55 -23.45
159349 -40 0.55 -23.45
157636 -40 0.55 -23.45
156816 -40 0.55 -23.45
158984 -40 0.55 -23.45
155787 -40 0.55 -23.45
152926 -40 0.55 -23.45
152633 -40 0.55 -23.45
153464 -40 0.55 -23.45
154893 -40 0.55 -23.45
156498 -40 0.55 -23.45
152824 -40 0.55 -23.45
161038 -40 0.55 -23.45
156468 -40 0.55 -23.45
155509 -40 0.55 -23.45
156801 -40 0.55 -23.45
154682 -40 0.55 -23.45
151033 -40 0.55 -23.45
157286 -40 0.55 -23.45
156630 -40 0.55 -23.45
156334 -40 0.55 -23.45
157852 -40 0.55 -23.45
157671 -40 0.55 -23.45
154831 -40 0.55 -23.45
159634 -40 0.55 -23.45
153401 -40 0.55 -23.45
157281 -40 0.55 -23.45
156323 -40 0.55 -23.45
154923 -40 0.55 -23.45
157788 -40 0.55 -23.45
156748 -40 0.55 -23.45
156887 -40 0.55 -23.45
159210 -40 0.55 -23.45
157312 -40 0.55 -23.45
155918 -40 0.55 -23.45
153733 -40 0.55 -23.45
158421 -40 0.55 -23.45
157964 -40 0.55 -23.45
231224 -40 -24.63 24.27
230798 -40 -24.63 24.27
231882 -40 -24.63 24.27
231911 -40 -24.63 24.27
231088 -40 -24.63 24.27
227335 -40 -24.63 24.27
232039 -40 -24.63 24.27
234504 -40 -24.63 24.27
229609 -40 -24.63 24.27
232020 -40 -24.63 24.27
236226 -40 -24.63 24.27
227076 -40 -24.63 24.27
228052 -40 -24.63 24.27
231551 -40 -24.63 24.27
230659 -40 -24.63 24.27
228742 -40 -24.63 24.27
231145 -40 -24.63 24.27
233631 -40 -24.63 24.27
230441 -40 -24.63 24.27
231781 -40 -24.63 24.27
233494 -40 -24.63 24.27
229951 -40 -24.63 24.27
232576 -40 -24.63 24.27
228944 -40 -24.63 24.27
230698 -40 -24.63 24.27
229306 -40 -24.63 24.27
228724 -40 -24.63 24.27
229761 -40 -24.63 24.27
228860 -40 -24.63 24.27
228752 -40 -24.63 24.27
227303 -40 -24.63 24.27
232876 -40 -24.63 24.27
231441 -40 -24.63 24.27
229640 -40 -24.63 24.27
229116 -40 -24.63 24.27
225096 -40 -24.63 24.27
231015 -40 -24.63 24.27
231179 -40 -24.63 24.27
228176 -40 -24.63 24.27
158009 -40 17.11 -16.88
160240 -40 17.11 -16.88
157800 -40 17.11 -16.88
157423 -40 17.11 -16.88
156713 -40 17.11 -16.88
155372 -40 17.11 -16.88
159797 -40 17.11 -16.88
162411 -40 17.11 -16.88
159976 -40 17.11 -16.88
155925 -40 17.11 -16.88
155755 -40 17.11 -16.88
155703 -40 17.11 -16.88
162457 -40 17.11 -16.88
159381 -40 17.11 -16.88
159432 -40 17.11 -16.88
162127 -40 17.11 -16.88
162122 -40 17.11 -16.88
158231 -40 17.11 -16.88
158671 -40 17.11 -16.88
154529 -40 17.11 -16.88
160585 -40 17.11 -16.88
160851 -40 17.11 -16.88
164113 -40 17.11 -16.88
163451 -40 17.11 -16.88
157748 -40 17.11 -16.88
158355 -40 17.11 -16.88
162782 -40 17.11 -16.88
157866 -40 17.11 -16.88
164913 -40 17.11 -16.88
155968 -40 17.11 -16.88
159652 -40 17.11 -16.88
159167 -40 17.11 -16.88
160793 -40 17.11 -16.88
161735 -40 17.11 -16.88
163595 -40 17.11 -16.88
162021 -40 17.11 -16.88
163856 -40 17.11 -16.88
162958 -40 17.11 -16.88
162076 -40 17.11 -16.88
