#rtt sig_str x y
186149 -40 -13.49 -24.72
188201 -40 -13.49 -24.72
185301 -40 -13.49 -24.72
190860 -40 -13.49 -24.72
190940 -40 -13.49 -24.72
188881 -40 -13.49 -24.72
184706 -40 -13.49 -24.72
188020 -40 -13.49 -24.72
187810 -40 -13.49 -24.72
189172 -40 -13.49 -24.72
189109 -40 -13.49 -24.72
191693 -40 -13.49 -24.72
186103 -40 -13.49 -24.72
186376 -40 -13.49 -24.72
183810 -40 -13.49 -24.72
185607 -40 -13.49 -24.72
187178 -40 -13.49 -24.72
189590 -40 -13.49 -24.72
185636 -40 -13.49 -24.72
187304 -40 -13.49 -24.72
186841 -40 -13.49 -24.72
186642 -40 -13.49 -24.72
186327 -40 -13.49 -24.72
187251 -40 -13.49 -24.72
192413 -40 -13.49 -24.72
191396 -40 -13.49 -24.72
193864 -40 -13.49 -24.72
187651 -40 -13.49 -24.72
191163 -40 -13.49 -24.72
191047 -40 -13.49 -24.72
187184 -40 -13.49 -24.72
186780 -40 -13.49 -24.72
190092 -40 -13.49 -24.72
185631 -40 -13.49 -24.72
188501 -40 -13.49 -24.72
189357 -40 -13.49 -24.72
190626 -40 -13.49 -24.72
192293 -40 -13.49 -24.72
190718 -40 -13.49 -24.72
68163 -40 8.36 -6.05
74243 -40 8.36 -6.05
68440 -40 8.36 -6.05
64993 -40 8.36 -6.05
68734 -40 8.36 -6.05
71421 -40 8.36 -6.05
73367 -40 8.36 -6.05
69177 -40 8.36 -6.05
73767 -40 8.36 -6.05
71071 -40 8.36 -6.05
67101 -40 8.36 -6.05
68372 -40 8.36 -6.05
66511 -40 8.36 -6.05
68479 -40 8.36 -6.05
68922 -40 8.36 -6.05
72989 -40 8.36 -6.05
66658 -40 8.36 -6.05
67207 -40 8.36 -6.05
69568 -40 8.36 -6.05
71258 -40 8.36 -6.05
64055 -40 8.36 -6.05
69450 -40 8.36 -6.05
70036 -40 8.36 -6.05
64266 -40 8.36 -6.05
68452 -40 8.36 -6.05
73469 -40 8.36 -6.05
69638 -40 8.36 -6.05
66390 -40 8.36 -6.05
71287 -40 8.36 -6.05
71056 -40 8.36 -6.05
71946 -40 8.36 -6.05
67712 -40 8.36 -6.05
67143 -40 8.36 -6.05
69168 -40 8.36 -6.05
67727 -40 8.36 -6.05
65761 -40 8.36 -6.05
68625 -40 8.36 -6.05
67401 -40 8.36 -6.05
64580 -40 8.36 -6.05
123466 -40 7.44 16.84
120754 -40 7.44 16.84
117310 -40 7.44 16.84
120634 -40 7.44 16.84
119468 -40 7.44 16.84
125993 -40 7.44 16.84
119530 -40 7.44 16.84
123087 -40 7.44 16.84
124343 -40 7.44 16.84
126021 -40 7.44 16.84
121002 -40 7.44 16.84
125214 -40 7.44 16.84
125035 -40 7.44 16.84
121166 -40 7.44 16.84
116128 -40 7.44 16.84
124475 -40 7.44 16.84
121047 -40 7.44 16.84
122931 -40 7.44 16.84
121848 -40 7.44 16.84
122584 -40 7.44 16.84
125660 -40 7.44 16.84
126019 -40 7.44 16.84
125649 -40 7.44 16.84
122091 -40 7.44 16.84
121425 -40 7.44 16.84
130357 -40 7.44 16.84
121718 -40 7.44 16.84
120858 -40 7.44 16.84
117280 -40 7.44 16.84
125311 -40 7.44 16.84
119764 -40 7.44 16.84
119883 -40 7.44 16.84
122145 -40 7.44 16.84
123073 -40 7.44 16.84
126685 -40 7.44 16.84
122831 -40 7.44 16.84
122286 -40 7.44 16.84
126710 -40 7.44 16.84
127552 -40 7.44 16.84
156509 -40 16.69 16.55
153512 -40 16.69 16.55
158905 -40 16.69 16.55
158954 -40 16.69 16.55
159875 -40 16.69 16.55
152860 -40 16.69 16.55
156275 -40 16.69 16.55
158326 -40 16.69 16.55
156583 -40 16.69 16.55
159187 -40 16.69 16.55
156993 -40 16.69 16.55
153857 -40 16.69 16.55
158429 -40 16.69 16.55
154302 -40 16.69 16.55
163921 -40 16.69 16.55
160485 -40 16.69 16.55
154222 -40 16.69 16.55
157767 -40 16.69 16.55
159699 -40 16.69 16.55
154018 -40 16.69 16.55
156465 -40 16.69 16.55
155582 -40 16.69 16.55
157528 -40 16.69 16.55
157387 -40 16.69 16.55
156273 -40 16.69 16.55
153112 -40 16.69 16.55
156652 -40 16.69 16.55
154171 -40 16.69 16.55
159189 -40 16.69 16.55
157983 -40 16.69 16.55
158287 -40 16.69 16.55
150721 -40 16.69 16.55
156076 -40 16.69 16.55
157903 -40 16.69 16.55
156858 -40 16.69 16.55
158302 -40 16.69 16.55
157560 -40 16.69 16.55
158139 -40 16.69 16.55
156281 -40 16.69 16.55
65306 -40 -1.31 9.34
63369 -40 -1.31 9.34
66641 -40 -1.31 9.34
63725 -40 -1.31 9.34
59580 -40 -1.31 9.34
61336 -40 -1.31 9.34
67508 -40 -1.31 9.34
64129 -40 -1.31 9.34
58474 -40 -1.31 9.34
63705 -40 -1.31 9.34
59815 -40 -1.31 9.34
64976 -40 -1.31 9.34
59489 -40 -1.31 9.34
62476 -40 -1.31 9.34
62635 -40 -1.31 9.34
62916 -40 -1.31 9.34
64034 -40 -1.31 9.34
62817 -40 -1.31 9.34
59224 -40 -1.31 9.34
63642 -40 -1.31 9.34
60905 -40 -1.31 9.34
62207 -40 -1.31 9.34
66166 -40 -1.31 9.34
62211 -40 -1.31 9.34
64380 -40 -1.31 9.34
62650 -40 -1.31 9.34
67138 -40 -1.31 9.34
58384 -40 -1.31 9.34
66955 -40 -1.31 9.34
64221 -40 -1.31 9.34
64120 -40 -1.31 9.34
56903 -40 -1.31 9.34
66377 -40 -1.31 9.34
61688 -40 -1.31 9.34
61154 -40 -1.31 9.34
62202 -40 -1.31 9.34
60491 -40 -1.31 9.34
65597 -40 -1.31 9.34
61965 -40 -1.31 9.34
258800 -40 27.55 27.49
256173 -40 27.55 27.49
260732 -40 27.55 27.49
261208 -40 27.55 27.49
256746 -40 27.55 27.49
256036 -40 27.55 27.49
257429 -40 27.55 27.49
257309 -40 27.55 27.49
258947 -40 27.55 27.49
262224 -40 27.55 27.49
254747 -40 27.55 27.49
259516 -40 27.55 27.49
259530 -40 27.55 27.49
259989 -40 27.55 27.49
260212 -40 27.55 27.49
262294 -40 27.55 27.49
262705 -40 27.55 27.49
260496 -40 27.55 27.49
260399 -40 27.55 27.49
258970 -40 27.55 27.49
260965 -40 27.55 27.49
263126 -40 27.55 27.49
261919 -40 27.55 27.49
258637 -40 27.55 27.49
255656 -40 27.55 27.49
258886 -40 27.55 27.49
264048 -40 27.55 27.49
254145 -40 27.55 27.49
257280 -40 27.55 27.49
258525 -40 27.55 27.49
258662 -40 27.55 27.49
255251 -40 27.55 27.49
258580 -40 27.55 27.49
259114 -40 27.55 27.49
260644 -40 27.55 27.49
262908 -40 27.55 27.49
262012 -40 27.55 27.49
264225 -40 27.55 27.49
255317 -40 27.55 27.49
267378 -40 29.85 -26.76
269568 -40 29.85 -26.76
264174 -40 29.85 -26.76
267240 -40 29.85 -26.76
268873 -40 29.85 -26.76
263779 -40 29.85 -26.76
269286 -40 29.85 -26.76
267032 -40 29.85 -26.76
267154 -40 29.85 -26.76
271970 -40 29.85 -26.76
267230 -40 29.85 -26.76
271190 -40 29.85 -26.76
269758 -40 29.85 -26.76
269740 -40 29.85 -26.76
268509 -40 29.85 -26.76
269336 -40 29.85 -26.76
266937 -40 29.85 -26.76
265186 -40 29.85 -26.76
264365 -40 29.85 -26.76
269119 -40 29.85 -26.76
264208 -40 29.85 -26.76
263216 -40 29.85 -26.76
264435 -40 29.85 -26.76
266363 -40 29.85 -26.76
270974 -40 29.85 -26.76
265181 -40 29.85 -26.76
266163 -40 29.85 -26.76
269848 -40 29.85 -26.76
270015 -40 29.85 -26.76
267851 -40 29.85 -26.76
266325 -40 29.85 -26.76
265167 -40 29.85 -26.76
268368 -40 29.85 -26.76
269591 -40 29.85 -26.76
269726 -40 29.85 -26.76
262853 -40 29.85 -26.76
263828 -40 29.85 -26.76
263848 -40 29.85 -26.76
265435 -40 29.85 -26.76
134169 -40 19.95 -0.19
139272 -40 19.95 -0.19
139562 -40 19.95 -0.19
134205 -40 19.95 -0.19
133993 -40 19.95 -0.19
130110 -40 19.95 -0.19
126718 -40 19.95 -0.19
132518 -40 19.95 -0.19
133016 -40 19.95 -0.19
131054 -40 19.95 -0.19
132460 -40 19.95 -0.19
131929 -40 19.95 -0.19
134693 -40 19.95 -0.19
133756 -40 19.95 -0.19
131709 -40 19.95 -0.19
131252 -40 19.95 -0.19
134267 -40 19.95 -0.19
131287 -40 19.95 -0.19
133336 -40 19.95 -0.19
133900 -40 19.95 -0.19
134641 -40 19.95 -0.19
134692 -40 19.95 -0.19
133124 -40 19.95 -0.19
131930 -40 19.95 -0.19
138186 -40 19.95 -0.19
133610 -40 19.95 -0.19
139054 -40 19.95 -0.19
134145 -40 19.95 -0.19
135767 -40 19.95 -0.19
133596 -40 19.95 -0.19
135067 -40 19.95 -0.19
133638 -40 19.95 -0.19
135595 -40 19.95 -0.19
134599 -40 19.95 -0.19
127063 -40 19.95 -0.19
129609 -40 19.95 -0.19
133604 -40 19.95 -0.19
137403 -40 19.95 -0.19
132749 -40 19.95 -0.19
156898 -40 -17.77 14.49
152562 -40 -17.77 14.49
150114 -40 -17.77 14.49
154519 -40 -17.77 14.49
153318 -40 -17.77 14.49
154697 -40 -17.77 14.49
149248 -40 -17.77 14.49
154203 -40 -17.77 14.49
152996 -40 -17.77 14.49
154519 -40 -17.77 14.49
152234 -40 -17.77 14.49
148129 -40 -17.77 14.49
156218 -40 -17.77 14.49
156833 -40 -17.77 14.49
155837 -40 -17.77 14.49
149482 -40 -17.77 14.49
154177 -40 -17.77 14.49
153712 -40 -17.77 14.49
152180 -40 -17.77 14.49
155127 -40 -17.77 14.49
151096 -40 -17.77 14.49
151056 -40 -17.77 14.49
153544 -40 -17.77 14.49
153218 -40 -17.77 14.49
153164 -40 -17.77 14.49
145263 -40 -17.77 14.49
151869 -40 -17.77 14.49
149595 -40 -17.77 14.49
153663 -40 -17.77 14.49
152403 -40 -17.77 14.49
152487 -40 -17.77 14.49
153907 -40 -17.77 14.49
153615 -40 -17.77 14.49
155903 -40 -17.77 14.49
155398 -40 -17.77 14.49
151938 -40 -17.77 14.49
155998 -40 -17.77 14.49
153996 -40 -17.77 14.49
153406 -40 -17.77 14.49
156237 -40 -21.96 8.2
152531 -40 -21.96 8.2
154735 -40 -21.96 8.2
159752 -40 -21.96 8.2
156961 -40 -21.96 8.2
157802 -40 -21.96 8.2
156665 -40 -21.96 8.2
154278 -40 -21.96 8.2
158753 -40 -21.96 8.2
153763 -40 -21.96 8.2
154114 -40 -21.96 8.2
151599 -40 -21.96 8.2
159587 -40 -21.96 8.2
156327 -40 -21.96 8.2
153800 -40 -21.96 8.2
159785 -40 -21.96 8.2
154851 -40 -21.96 8.2
152223 -40 -21.96 8.2
153164 -40 -21.96 8.2
152453 -40 -21.96 8.2
154942 -40 -21.96 8.2
161047 -40 -21.96 8.2
152299 -40 -21.96 8.2
155948 -40 -21.96 8.2
156085 -40 -21.96 8.2
157849 -40 -21.96 8.2
157754 -40 -21.96 8.2
160119 -40 -21.96 8.2
158985 -40 -21.96 8.2
158224 -40 -21.96 8.2
152651 -40 -21.96 8.2
152394 -40 -21.96 8.2
157268 -40 -21.96 8.2
158632 -40 -21.96 8.2
158497 -40 -21.96 8.2
157319 -40 -21.96 8.2
156352 -40 -21.96 8.2
156296 -40 -21.96 8.2
156871 -40 -21.96 8.2
