#rtt sig_str x y
96420 -40 -14.58 3.94
104585 -40 -14.58 3.94
104495 -40 -14.58 3.94
97809 -40 -14.58 3.94
100770 -40 -14.58 3.94
98520 -40 -14.58 3.94
101100 -40 -14.58 3.94
98404 -40 -14.58 3.94
106274 -40 -14.58 3.94
105388 -40 -14.58 3.94
104555 -40 -14.58 3.94
100423 -40 -14.58 3.94
102444 -40 -14.58 3.94
98864 -40 -14.58 3.94
105447 -40 -14.58 3.94
99824 -40 -14.58 3.94
101701 -40 -14.58 3.94
105915 -40 -14.58 3.94
99124 -40 -14.58 3.94
104322 -40 -14.58 3.94
101792 -40 -14.58 3.94
102234 -40 -14.58 3.94
101271 -40 -14.58 3.94
103161 -40 -14.58 3.94
101825 -40 -14.58 3.94
102200 -40 -14.58 3.94
105665 -40 -14.58 3.94
105799 -40 -14.58 3.94
96819 -40 -14.58 3.94
97054 -40 -14.58 3.94
99294 -40 -14.58 3.94
101192 -40 -14.58 3.94
99445 -40 -14.58 3.94
103794 -40 -14.58 3.94
105255 -40 -14.58 3.94
98690 -40 -14.58 3.94
99074 -40 -14.58 3.94
98971 -40 -14.58 3.94
100355 -40 -14.58 3.94
153987 -40 11.03 20.07
154623 -40 11.03 20.07
151879 -40 11.03 20.07
149857 -40 11.03 20.07
149997 -40 11.03 20.07
151953 -40 11.03 20.07
150554 -40 11.03 20.07
153030 -40 11.03 20.07
153185 -40 11.03 20.07
151908 -40 11.03 20.07
154472 -40 11.03 20.07
153052 -40 11.03 20.07
150815 -40 11.03 20.07
156493 -40 11.03 20.07
151255 -40 11.03 20.07
152877 -40 11.03 20.07
155998 -40 11.03 20.07
148081 -40 11.03 20.07
151918 -40 11.03 20.07
150949 -40 11.03 20.07
154054 -40 11.03 20.07
148963 -40 11.03 20.07
152408 -40 11.03 20.07
156029 -40 11.03 20.07
157497 -40 11.03 20.07
152591 -40 11.03 20.07
149503 -40 11.03 20.07
150078 -40 11.03 20.07
152751 -40 11.03 20.07
148426 -40 11.03 20.07
154052 -40 11.03 20.07
153529 -40 11.03 20.07
158760 -40 11.03 20.07
157260 -40 11.03 20.07
150853 -40 11.03 20.07
158076 -40 11.03 20.07
149613 -40 11.03 20.07
154325 -40 11.03 20.07
154039 -40 11.03 20.07
177991 -40 9.82 24.42
176046 -40 9.82 24.42
176619 -40 9.82 24.42
176257 -40 9.82 24.42
174435 -40 9.82 24.42
174027 -40 9.82 24.42
177660 -40 9.82 24.42
174214 -40 9.82 24.42
175523 -40 9.82 24.42
176774 -40 9.82 24.42
176623 -40 9.82 24.42
170950 -40 9.82 24.42
178326 -40 9.82 24.42
172649 -40 9.82 24.42
173233 -40 9.82 24.42
175577 -40 9.82 24.42
177675 -40 9.82 24.42
176813 -40 9.82 24.42
171313 -40 9.82 24.42
169799 -40 9.82 24.42
176419 -40 9.82 24.42
176525 -40 9.82 24.42
175186 -40 9.82 24.42
177452 -40 9.82 24.42
176785 -40 9.82 24.42
174352 -40 9.82 24.42
177766 -40 9.82 24.42
177413 -40 9.82 24.42
174161 -40 9.82 24.42
172665 -40 9.82 24.42
173757 -40 9.82 24.42
174018 -40 9.82 24.42
175954 -40 9.82 24.42
172558 -40 9.82 24.42
176764 -40 9.82 24.42
173908 -40 9.82 24.42
176594 -40 9.82 24.42
175627 -40 9.82 24.42
173719 -40 9.82 24.42
143348 -40 16.63 -13.58
138566 -40 16.63 -13.58
145904 -40 16.63 -13.58
142751 -40 16.63 -13.58
142190 -40 16.63 -13.58
142252 -40 16.63 -13.58
143029 -40 16.63 -13.58
147984 -40 16.63 -13.58
138275 -40 16.63 -13.58
143203 -40 16.63 -13.58
141509 -40 16.63 -13.58
143321 -40 16.63 -13.58
143745 -40 16.63 -13.58
142878 -40 16.63 -13.58
144663 -40 16.63 -13.58
138304 -40 16.63 -13.58
144036 -40 16.63 -13.58
142924 -40 16.63 -13.58
143829 -40 16.63 -13.58
142753 -40 16.63 -13.58
140357 -40 16.63 -13.58
141803 -40 16.63 -13.58
142985 -40 16.63 -13.58
141417 -40 16.63 -13.58
142943 -40 16.63 -13.58
143352 -40 16.63 -13.58
140238 -40 16.63 -13.58
144444 -40 16.63 -13.58
144241 -40 16.63 -13.58
143310 -40 16.63 -13.58
144970 -40 16.63 -13.58
144493 -40 16.63 -13.58
142544 -40 16.63 -13.58
152223 -40 16.63 -13.58
139039 -40 16.63 -13.58
145559 -40 16.63 -13.58
141762 -40 16.63 -13.58
148281 -40 16.63 -13.58
141161 -40 16.63 -13.58
214644 -40 19.65 -25.31
214170 -40 19.65 -25.31
214650 -40 19.65 -25.31
211637 -40 19.65 -25.31
213010 -40 19.65 -25.31
213490 -40 19.65 -25.31
219997 -40 19.65 -25.31
213468 -40 19.65 -25.31
209982 -40 19.65 -25.31
214455 -40 19.65 -25.31
214293 -40 19.65 -25.31
214534 -40 19.65 -25.31
214084 -40 19.65 -25.31
213876 -40 19.65 -25.31
213969 -40 19.65 -25.31
216283 -40 19.65 -25.31
214855 -40 19.65 -25.31
211373 -40 19.65 -25.31
212411 -40 19.65 -25.31
214334 -40 19.65 -25.31
214046 -40 19.65 -25.31
211732 -40 19.65 -25.31
216543 -40 19.65 -25.31
213758 -40 19.65 -25.31
215236 -40 19.65 -25.31
214424 -40 19.65 -25.31
210455 -40 19.65 -25.31
211650 -40 19.65 -25.31
215317 -40 19.65 -25.31
211118 -40 19.65 -25.31
215675 -40 19.65 -25.31
217487 -40 19.65 -25.31
215255 -40 19.65 -25.31
213290 -40 19.65 -25.31
212864 -40 19.65 -25.31
211357 -40 19.65 -25.31
214562 -40 19.65 -25.31
212847 -40 19.65 -25.31
212176 -40 19.65 -25.31
72876 -40 -8.6 -6.86
69602 -40 -8.6 -6.86
69863 -40 -8.6 -6.86
69892 -40 -8.6 -6.86
72724 -40 -8.6 -6.86
75769 -40 -8.6 -6.86
73226 -40 -8.6 -6.86
74494 -40 -8.6 -6.86
71204 -40 -8.6 -6.86
67276 -40 -8.6 -6.86
76003 -40 -8.6 -6.86
69777 -40 -8.6 -6.86
75864 -40 -8.6 -6.86
73756 -40 -8.6 -6.86
66977 -40 -8.6 -6.86
71299 -40 -8.6 -6.86
73104 -40 -8.6 -6.86
77648 -40 -8.6 -6.86
72127 -40 -8.6 -6.86
75883 -40 -8.6 -6.86
71158 -40 -8.6 -6.86
73587 -40 -8.6 -6.86
73580 -40 -8.6 -6.86
70149 -40 -8.6 -6.86
77615 -40 -8.6 -6.86
65889 -40 -8.6 -6.86
70089 -40 -8.6 -6.86
74145 -40 -8.6 -6.86
75240 -40 -8.6 -6.86
74302 -40 -8.6 -6.86
70031 -40 -8.6 -6.86
70795 -40 -8.6 -6.86
76278 -40 -8.6 -6.86
70884 -40 -8.6 -6.86
71095 -40 -8.6 -6.86
74850 -40 -8.6 -6.86
76223 -40 -8.6 -6.86
73825 -40 -8.6 -6.86
74261 -40 -8.6 -6.86
124563 -40 -6.8 -17.13
121386 -40 -6.8 -17.13
118893 -40 -6.8 -17.13
126009 -40 -6.8 -17.13
128304 -40 -6.8 -17.13
122382 -40 -6.8 -17.13
118844 -40 -6.8 -17.13
119171 -40 -6.8 -17.13
117529 -40 -6.8 -17.13
121865 -40 -6.8 -17.13
121701 -40 -6.8 -17.13
116595 -40 -6.8 -17.13
124208 -40 -6.8 -17.13
120210 -40 -6.8 -17.13
124410 -40 -6.8 -17.13
120904 -40 -6.8 -17.13
119331 -40 -6.8 -17.13
123978 -40 -6.8 -17.13
122451 -40 -6.8 -17.13
128951 -40 -6.8 -17.13
121285 -40 -6.8 -17.13
125291 -40 -6.8 -17.13
122095 -40 -6.8 -17.13
120033 -40 -6.8 -17.13
126054 -40 -6.8 -17.13
121463 -40 -6.8 -17.13
122195 -40 -6.8 -17.13
121112 -40 -6.8 -17.13
124147 -40 -6.8 -17.13
119590 -40 -6.8 -17.13
125312 -40 -6.8 -17.13
123326 -40 -6.8 -17.13
121082 -40 -6.8 -17.13
122219 -40 -6.8 -17.13
121882 -40 -6.8 -17.13
125436 -40 -6.8 -17.13
123679 -40 -6.8 -17.13
120621 -40 -6.8 -17.13
124793 -40 -6.8 -17.13
107294 -40 14.61 6.24
109044 -40 14.61 6.24
108163 -40 14.61 6.24
107749 -40 14.61 6.24
102212 -40 14.61 6.24
106946 -40 14.61 6.24
102812 -40 14.61 6.24
103402 -40 14.61 6.24
104029 -40 14.61 6.24
109850 -40 14.61 6.24
103811 -40 14.61 6.24
107992 -40 14.61 6.24
107124 -40 14.61 6.24
108010 -40 14.61 6.24
103670 -40 14.61 6.24
100152 -40 14.61 6.24
104017 -40 14.61 6.24
106783 -40 14.61 6.24
108294 -40 14.61 6.24
103610 -40 14.61 6.24
105839 -40 14.61 6.24
102135 -40 14.61 6.24
107443 -40 14.61 6.24
109714 -40 14.61 6.24
102453 -40 14.61 6.24
103821 -40 14.61 6.24
105277 -40 14.61 6.24
106161 -40 14.61 6.24
109156 -40 14.61 6.24
104996 -40 14.61 6.24
111918 -40 14.61 6.24
106109 -40 14.61 6.24
103223 -40 14.61 6.24
104209 -40 14.61 6.24
111841 -40 14.61 6.24
104203 -40 14.61 6.24
106701 -40 14.61 6.24
101410 -40 14.61 6.24
107183 -40 14.61 6.24
213357 -40 -13.05 -29.76
218210 -40 -13.05 -29.76
217526 -40 -13.05 -29.76
218699 -40 -13.05 -29.76
221239 -40 -13.05 -29.76
218322 -40 -13.05 -29.76
217047 -40 -13.05 -29.76
215809 -40 -13.05 -29.76
214842 -40 -13.05 -29.76
215404 -40 -13.05 -29.76
213944 -40 -13.05 -29.76
217218 -40 -13.05 -29.76
216013 -40 -13.05 -29.76
217545 -40 -13.05 -29.76
219748 -40 -13.05 -29.76
218016 -40 -13.05 -29.76
213522 -40 -13.05 -29.76
214138 -40 -13.05 -29.76
214019 -40 -13.05 -29.76
214664 -40 -13.05 -29.76
218048 -40 -13.05 -29.76
219853 -40 -13.05 -29.76
212981 -40 -13.05 -29.76
216978 -40 -13.05 -29.76
216838 -40 -13.05 -29.76
222224 -40 -13.05 -29.76
214470 -40 -13.05 -29.76
220182 -40 -13.05 -29.76
217612 -40 -13.05 -29.76
215835 -40 -13.05 -29.76
219299 -40 -13.05 -29.76
216420 -40 -13.05 -29.76
213769 -40 -13.05 -29.76
215500 -40 -13.05 -29.76
217345 -40 -13.05 -29.76
214411 -40 -13.05 -29.76
211563 -40 -13.05 -29.76
221575 -40 -13.05 -29.76
218572 -40 -13.05 -29.76
205769 -40 -12.36 -28.79
210529 -40 -12.36 -28.79
206877 -40 -12.36 -28.79
208390 -40 -12.36 -28.79
206081 -40 -12.36 -28.79
208104 -40 -12.36 -28.79
205964 -40 -12.36 -28.79
208647 -40 -12.36 -28.79
206231 -40 -12.36 -28.79
206881 -40 -12.36 -28.79
208031 -40 -12.36 -28.79
209632 -40 -12.36 -28.79
210019 -40 -12.36 -28.79
212234 -40 -12.36 -28.79
210357 -40 -12.36 -28.79
208603 -40 -12.36 -28.79
205841 -40 -12.36 -28.79
211957 -40 -12.36 -28.79
208764 -40 -12.36 -28.79
207725 -40 -12.36 -28.79
210536 -40 -12.36 -28.79
208413 -40 -12.36 -28.79
205378 -40 -12.36 -28.79
208852 -40 -12.36 -28.79
205517 -40 -12.36 -28.79
207711 -40 -12.36 -28.79
211995 -40 -12.36 -28.79
206647 -40 -12.36 -28.79
207519 -40 -12.36 -28.79
210460 -40 -12.36 -28.79
210514 -40 -12.36 -28.79
202251 -40 -12.36 -28.79
203431 -40 -12.36 -28.79
209840 -40 -12.36 -28.79
208001 -40 -12.36 -28.79
209100 -40 -12.36 -28.79
210265 -40 -12.36 -28.79
208849 -40 -12.36 -28.79
205777 -40 -12.36 -28.79
