#rtt sig_str x y
181458 -40 -27.24 3.61
187988 -40 -27.24 3.61
182774 -40 -27.24 3.61
183229 -40 -27.24 3.61
186483 -40 -27.24 3.61
182524 -40 -27.24 3.61
181807 -40 -27.24 3.61
181696 -40 -27.24 3.61
182718 -40 -27.24 3.61
178787 -40 -27.24 3.61
181865 -40 -27.24 3.61
185231 -40 -27.24 3.61
182415 -40 -27.24 3.61
185460 -40 -27.24 3.61
178167 -40 -27.24 3.61
186030 -40 -27.24 3.61
180959 -40 -27.24 3.61
179605 -40 -27.24 3.61
184908 -40 -27.24 3.61
184369 -40 -27.24 3.61
179161 -40 -27.24 3.61
184451 -40 -27.24 3.61
181663 -40 -27.24 3.61
180618 -40 -27.24 3.61
186081 -40 -27.24 3.61
185157 -40 -27.24 3.61
181854 -40 -27.24 3.61
183204 -40 -27.24 3.61
182818 -40 -27.24 3.61
182079 -40 -27.24 3.61
186002 -40 -27.24 3.61
183299 -40 -27.24 3.61
186118 -40 -27.24 3.61
182670 -40 -27.24 3.61
179572 -40 -27.24 3.61
184902 -40 -27.24 3.61
188242 -40 -27.24 3.61
185066 -40 -27.24 3.61
184828 -40 -27.24 3.61
49376 -40 -7.79 -1.29
48309 -40 -7.79 -1.29
48679 -40 -7.79 -1.29
52898 -40 -7.79 -1.29
51561 -40 -7.79 -1.29
55186 -40 -7.79 -1.29
54275 -40 -7.79 -1.29
53545 -40 -7.79 -1.29
51721 -40 -7.79 -1.29
50350 -40 -7.79 -1.29
49261 -40 -7.79 -1.29
55943 -40 -7.79 -1.29
55377 -40 -7.79 -1.29
49818 -40 -7.79 -1.29
51941 -40 -7.79 -1.29
51169 -40 -7.79 -1.29
53189 -40 -7.79 -1.29
53066 -40 -7.79 -1.29
54018 -40 -7.79 -1.29
53643 -40 -7.79 -1.29
53090 -40 -7.79 -1.29
53587 -40 -7.79 -1.29
54488 -40 -7.79 -1.29
50358 -40 -7.79 -1.29
53946 -40 -7.79 -1.29
55734 -40 -7.79 -1.29
54743 -40 -7.79 -1.29
49931 -40 -7.79 -1.29
48140 -40 -7.79 -1.29
52594 -40 -7.79 -1.29
49432 -40 -7.79 -1.29
51526 -40 -7.79 -1.29
53466 -40 -7.79 -1.29
54476 -40 -7.79 -1.29
51452 -40 -7.79 -1.29
51726 -40 -7.79 -1.29
54832 -40 -7.79 -1.29
49047 -40 -7.79 -1.29
54724 -40 -7.79 -1.29
127428 -40 -15.46 -11.07
125580 -40 -15.46 -11.07
127525 -40 -15.46 -11.07
133607 -40 -15.46 -11.07
124279 -40 -15.46 -11.07
132778 -40 -15.46 -11.07
127226 -40 -15.46 -11.07
130995 -40 -15.46 -11.07
125044 -40 -15.46 -11.07
127397 -40 -15.46 -11.07
126746 -40 -15.46 -11.07
124466 -40 -15.46 -11.07
128416 -40 -15.46 -11.07
128554 -40 -15.46 -11.07
123781 -40 -15.46 -11.07
123412 -40 -15.46 -11.07
124130 -40 -15.46 -11.07
129347 -40 -15.46 -11.07
125400 -40 -15.46 -11.07
125865 -40 -15.46 -11.07
128512 -40 -15.46 -11.07
124573 -40 -15.46 -11.07
128924 -40 -15.46 -11.07
128103 -40 -15.46 -11.07
124734 -40 -15.46 -11.07
126366 -40 -15.46 -11.07
129223 -40 -15.46 -11.07
128468 -40 -15.46 -11.07
124543 -40 -15.46 -11.07
125048 -40 -15.46 -11.07
124508 -40 -15.46 -11.07
126328 -40 -15.46 -11.07
126514 -40 -15.46 -11.07
130525 -40 -15.46 -11.07
123234 -40 -15.46 -11.07
129747 -40 -15.46 -11.07
126391 -40 -15.46 -11.07
125905 -40 -15.46 -11.07
128877 -40 -15.46 -11.07
71395 -40 7.71 -7.77
69660 -40 7.71 -7.77
73290 -40 7.71 -7.77
71723 -40 7.71 -7.77
70648 -40 7.71 -7.77
78632 -40 7.71 -7.77
72772 -40 7.71 -7.77
73746 -40 7.71 -7.77
71823 -40 7.71 -7.77
74779 -40 7.71 -7.77
69190 -40 7.71 -7.77
75753 -40 7.71 -7.77
74843 -40 7.71 -7.77
72817 -40 7.71 -7.77
72411 -40 7.71 -7.77
74730 -40 7.71 -7.77
74553 -40 7.71 -7.77
72574 -40 7.71 -7.77
72940 -40 7.71 -7.77
77205 -40 7.71 -7.77
75578 -40 7.71 -7.77
68135 -40 7.71 -7.77
75704 -40 7.71 -7.77
73808 -40 7.71 -7.77
73220 -40 7.71 -7.77
75160 -40 7.71 -7.77
72265 -40 7.71 -7.77
68807 -40 7.71 -7.77
70559 -40 7.71 -7.77
77000 -40 7.71 -7.77
75908 -40 7.71 -7.77
72543 -40 7.71 -7.77
72254 -40 7.71 -7.77
77738 -40 7.71 -7.77
78434 -40 7.71 -7.77
72013 -40 7.71 -7.77
74183 -40 7.71 -7.77
71073 -40 7.71 -7.77
76814 -40 7.71 -7.77
215130 -40 29.41 13.61
215384 -40 29.41 13.61
212739 -40 29.41 13.61
220770 -40 29.41 13.61
219174 -40 29.41 13.61
215196 -40 29.41 13.61
212703 -40 29.41 13.61
218938 -40 29.41 13.61
214912 -40 29.41 13.61
215535 -40 29.41 13.61
215773 -40 29.41 13.61
217060 -40 29.41 13.61
213266 -40 29.41 13.61
215431 -40 29.41 13.61
217929 -40 29.41 13.61
222340 -40 29.41 13.61
214793 -40 29.41 13.61
215277 -40 29.41 13.61
219008 -40 29.41 13.61
215780 -40 29.41 13.61
222347 -40 29.41 13.61
213818 -40 29.41 13.61
217912 -40 29.41 13.61
217470 -40 29.41 13.61
219914 -40 29.41 13.61
214539 -40 29.41 13.61
214769 -40 29.41 13.61
217879 -40 29.41 13.61
213240 -40 29.41 13.61
215374 -40 29.41 13.61
221991 -40 29.41 13.61
216942 -40 29.41 13.61
221552 -40 29.41 13.61
214971 -40 29.41 13.61
213393 -40 29.41 13.61
216265 -40 29.41 13.61
219751 -40 29.41 13.61
214511 -40 29.41 13.61
213462 -40 29.41 13.61
171906 -40 -22.17 -13.48
175371 -40 -22.17 -13.48
174552 -40 -22.17 -13.48
174114 -40 -22.17 -13.48
175707 -40 -22.17 -13.48
169513 -40 -22.17 -13.48
171304 -40 -22.17 -13.48
168737 -40 -22.17 -13.48
170630 -40 -22.17 -13.48
174935 -40 -22.17 -13.48
174019 -40 -22.17 -13.48
172209 -40 -22.17 -13.48
172638 -40 -22.17 -13.48
172854 -40 -22.17 -13.48
171238 -40 -22.17 -13.48
173766 -40 -22.17 -13.48
173215 -40 -22.17 -13.48
175456 -40 -22.17 -13.48
172784 -40 -22.17 -13.48
172162 -40 -22.17 -13.48
170617 -40 -22.17 -13.48
173874 -40 -22.17 -13.48
171162 -40 -22.17 -13.48
173298 -40 -22.17 -13.48
176408 -40 -22.17 -13.48
172400 -40 -22.17 -13.48
174918 -40 -22.17 -13.48
176811 -40 -22.17 -13.48
170067 -40 -22.17 -13.48
171193 -40 -22.17 -13.48
173509 -40 -22.17 -13.48
173181 -40 -22.17 -13.48
174959 -40 -22.17 -13.48
175387 -40 -22.17 -13.48
173189 -40 -22.17 -13.48
178196 -40 -22.17 -13.48
171747 -40 -22.17 -13.48
175269 -40 -22.17 -13.48
172069 -40 -22.17 -13.48
205027 -40 -19.59 -23.42
202571 -40 -19.59 -23.42
202203 -40 -19.59 -23.42
212190 -40 -19.59 -23.42
200721 -40 -19.59 -23.42
206503 -40 -19.59 -23.42
201796 -40 -19.59 -23.42
205267 -40 -19.59 -23.42
204507 -40 -19.59 -23.42
202363 -40 -19.59 -23.42
199272 -40 -19.59 -23.42
205124 -40 -19.59 -23.42
199151 -40 -19.59 -23.42
202169 -40 -19.59 -23.42
206411 -40 -19.59 -23.42
199303 -40 -19.59 -23.42
201770 -40 -19.59 -23.42
202530 -40 -19.59 -23.42
205059 -40 -19.59 -23.42
202446 -40 -19.59 -23.42
204537 -40 -19.59 -23.42
203138 -40 -19.59 -23.42
206811 -40 -19.59 -23.42
206572 -40 -19.59 -23.42
201061 -40 -19.59 -23.42
202567 -40 -19.59 -23.42
204258 -40 -19.59 -23.42
200722 -40 -19.59 -23.42
199127 -40 -19.59 -23.42
206792 -40 -19.59 -23.42
204467 -40 -19.59 -23.42
203864 -40 -19.59 -23.42
205865 -40 -19.59 -23.42
206919 -40 -19.59 -23.42
203229 -40 -19.59 -23.42
200633 -40 -19.59 -23.42
203671 -40 -19.59 -23.42
202479 -40 -19.59 -23.42
200186 -40 -19.59 -23.42
194895 -40 -14.5 25.78
197130 -40 -14.5 25.78
190518 -40 -14.5 25.78
194837 -40 -14.5 25.78
197725 -40 -14.5 25.78
203348 -40 -14.5 25.78
195596 -40 -14.5 25.78
202006 -40 -14.5 25.78
192988 -40 -14.5 25.78
198394 -40 -14.5 25.78
196186 -40 -14.5 25.78
198995 -40 -14.5 25.78
199640 -40 -14.5 25.78
198887 -40 -14.5 25.78
200743 -40 -14.5 25.78
198912 -40 -14.5 25.78
199602 -40 -14.5 25.78
199166 -40 -14.5 25.78
196634 -40 -14.5 25.78
196338 -40 -14.5 25.78
202806 -40 -14.5 25.78
199238 -40 -14.5 25.78
196971 -40 -14.5 25.78
195939 -40 -14.5 25.78
195381 -40 -14.5 25.78
194581 -40 -14.5 25.78
199088 -40 -14.5 25.78
192760 -40 -14.5 25.78
203175 -40 -14.5 25.78
200755 -40 -14.5 25.78
200008 -40 -14.5 25.78
196641 -40 -14.5 25.78
198246 -40 -14.5 25.78
200881 -40 -14.5 25.78
198361 -40 -14.5 25.78
198808 -40 -14.5 25.78
194343 -40 -14.5 25.78
197115 -40 -14.5 25.78
201526 -40 -14.5 25.78
86863 -40 -4.9 12.34
89465 -40 -4.9 12.34
87887 -40 -4.9 12.34
86235 -40 -4.9 12.34
92413 -40 -4.9 12.34
90888 -40 -4.9 12.34
93643 -40 -4.9 12.34
87627 -40 -4.9 12.34
90079 -40 -4.9 12.34
90196 -40 -4.9 12.34
88725 -40 -4.9 12.34
84646 -40 -4.9 12.34
90277 -40 -4.9 12.34
87923 -40 -4.9 12.34
88180 -40 -4.9 12.34
85074 -40 -4.9 12.34
84389 -40 -4.9 12.34
83941 -40 -4.9 12.34
86422 -40 -4.9 12.34
88922 -40 -4.9 12.34
91307 -40 -4.9 12.34
89178 -40 -4.9 12.34
82329 -40 -4.9 12.34
87501 -40 -4.9 12.34
88472 -40 -4.9 12.34
89433 -40 -4.9 12.34
86017 -40 -4.9 12.34
89110 -40 -4.9 12.34
89373 -40 -4.9 12.34
87368 -40 -4.9 12.34
87112 -40 -4.9 12.34
84735 -40 -4.9 12.34
86706 -40 -4.9 12.34
88580 -40 -4.9 12.34
87280 -40 -4.9 12.34
83863 -40 -4.9 12.34
90739 -40 -4.9 12.34
90162 -40 -4.9 12.34
83099 -40 -4.9 12.34
196483 -40 -22.14 -19.19
190787 -40 -22.14 -19.19
194693 -40 -22.14 -19.19
199933 -40 -22.14 -19.19
186815 -40 -22.14 -19.19
198593 -40 -22.14 -19.19
195511 -40 -22.14 -19.19
199530 -40 -22.14 -19.19
201580 -40 -22.14 -19.19
198048 -40 -22.14 -19.19
193925 -40 -22.14 -19.19
193251 -40 -22.14 -19.19
192862 -40 -22.14 -19.19
196278 -40 -22.14 -19.19
196603 -40 -22.14 -19.19
192779 -40 -22.14 -19.19
191553 -40 -22.14 -19.19
197250 -40 -22.14 -19.19
194729 -40 -22.14 -19.19
195041 -40 -22.14 -19.19
194492 -40 -22.14 -19.19
190948 -40 -22.14 -19.19
197837 -40 -22.14 -19.19
198088 -40 -22.14 -19.19
198832 -40 -22.14 -19.19
194421 -40 -22.14 -19.19
200658 -40 -22.14 -19.19
191962 -40 -22.14 -19.19
193759 -40 -22.14 -19.19
201225 -40 -22.14 -19.19
194106 -40 -22.14 -19.19
191001 -40 -22.14 -19.19
200972 -40 -22.14 -19.19
198612 -40 -22.14 -19.19
194896 -40 -22.14 -19.19
194346 -40 -22.14 -19.19
198733 -40 -22.14 -19.19
194270 -40 -22.14 -19.19
194281 -40 -22.14 -19.19
