#rtt sig_str x y
166279 -40 7.22 24.01
163744 -40 7.22 24.01
172151 -40 7.22 24.01
167222 -40 7.22 24.01
170410 -40 7.22 24.01
168988 -40 7.22 24.01
166604 -40 7.22 24.01
165386 -40 7.22 24.01
170616 -40 7.22 24.01
172914 -40 7.22 24.01
169545 -40 7.22 24.01
168198 -40 7.22 24.01
163274 -40 7.22 24.01
167582 -40 7.22 24.01
164853 -40 7.22 24.01
168439 -40 7.22 24.01
163673 -40 7.22 24.01
167657 -40 7.22 24.01
164474 -40 7.22 24.01
167483 -40 7.22 24.01
167772 -40 7.22 24.01
171611 -40 7.22 24.01
165783 -40 7.22 24.01
169250 -40 7.22 24.01
170348 -40 7.22 24.01
163270 -40 7.22 24.01
167277 -40 7.22 24.01
170098 -40 7.22 24.01
169021 -40 7.22 24.01
164616 -40 7.22 24.01
169323 -40 7.22 24.01
168629 -40 7.22 24.01
166007 -40 7.22 24.01
166364 -40 7.22 24.01
165965 -40 7.22 24.01
167534 -40 7.22 24.01
165852 -40 7.22 24.01
171223 -40 7.22 24.01
166356 -40 7.22 24.01
14291 -40 0.54 1.93
10323 -40 0.54 1.93
13511 -40 0.54 1.93
10444 -40 0.54 1.93
11984 -40 0.54 1.93
13113 -40 0.54 1.93
17485 -40 0.54 1.93
12733 -40 0.54 1.93
11527 -40 0.54 1.93
15141 -40 0.54 1.93
8180 -40 0.54 1.93
9929 -40 0.54 1.93
11318 -40 0.54 1.93
12161 -40 0.54 1.93
13907 -40 0.54 1.93
13930 -40 0.54 1.93
15112 -40 0.54 1.93
14533 -40 0.54 1.93
14509 -40 0.54 1.93
12958 -40 0.54 1.93
10846 -40 0.54 1.93
12925 -40 0.54 1.93
13048 -40 0.54 1.93
11630 -40 0.54 1.93
13379 -40 0.54 1.93
13821 -40 0.54 1.93
7410 -40 0.54 1.93
12007 -40 0.54 1.93
12955 -40 0.54 1.93
13687 -40 0.54 1.93
14099 -40 0.54 1.93
13319 -40 0.54 1.93
13434 -40 0.54 1.93
12611 -40 0.54 1.93
14023 -40 0.54 1.93
13370 -40 0.54 1.93
8883 -40 0.54 1.93
10693 -40 0.54 1.93
13716 -40 0.54 1.93
198850 -40 -12.11 -27.09
200718 -40 -12.11 -27.09
201107 -40 -12.11 -27.09
198808 -40 -12.11 -27.09
192637 -40 -12.11 -27.09
199825 -40 -12.11 -27.09
202605 -40 -12.11 -27.09
200817 -40 -12.11 -27.09
201098 -40 -12.11 -27.09
198191 -40 -12.11 -27.09
194699 -40 -12.11 -27.09
198481 -40 -12.11 -27.09
196191 -40 -12.11 -27.09
195371 -40 -12.11 -27.09
196572 -40 -12.11 -27.09
196459 -40 -12.11 -27.09
199899 -40 -12.11 -27.09
199068 -40 -12.11 -27.09
197589 -40 -12.11 -27.09
200706 -40 -12.11 -27.09
196458 -40 -12.11 -27.09
200427 -40 -12.11 -27.09
196690 -40 -12.11 -27.09
201163 -40 -12.11 -27.09
200052 -40 -12.11 -27.09
197301 -40 -12.11 -27.09
195893 -40 -12.11 -27.09
195203 -40 -12.11 -27.09
198301 -40 -12.11 -27.09
199431 -40 -12.11 -27.09
197707 -40 -12.11 -27.09
193547 -40 -12.11 -27.09
197192 -40 -12.11 -27.09
195135 -40 -12.11 -27.09
198709 -40 -12.11 -27.09
198551 -40 -12.11 -27.09
200351 -40 -12.11 -27.09
206323 -40 -12.11 -27.09
199267 -40 -12.11 -27.09
116780 -40 9.23 14.8
112642 -40 9.23 14.8
118752 -40 9.23 14.8
120370 -40 9.23 14.8
117950 -40 9.23 14.8
116479 -40 9.23 14.8
118466 -40 9.23 14.8
116991 -40 9.23 14.8
117944 -40 9.23 14.8
117945 -40 9.23 14.8
116839 -40 9.23 14.8
116257 -40 9.23 14.8
119562 -40 9.23 14.8
110236 -40 9.23 14.8
120963 -40 9.23 14.8
115230 -40 9.23 14.8
115610 -40 9.23 14.8
116800 -40 9.23 14.8
117967 -40 9.23 14.8
116252 -40 9.23 14.8
119123 -40 9.23 14.8
115151 -40 9.23 14.8
114353 -40 9.23 14.8
114750 -40 9.23 14.8
116814 -40 9.23 14.8
114085 -40 9.23 14.8
113123 -40 9.23 14.8
118612 -40 9.23 14.8
113085 -40 9.23 14.8
119503 -40 9.23 14.8
116778 -40 9.23 14.8
118319 -40 9.23 14.8
117174 -40 9.23 14.8
118609 -40 9.23 14.8
118669 -40 9.23 14.8
114746 -40 9.23 14.8
118406 -40 9.23 14.8
114435 -40 9.23 14.8
115710 -40 9.23 14.8
105122 -40 -13.59 8.04
101062 -40 -13.59 8.04
105613 -40 -13.59 8.04
102428 -40 -13.59 8.04
108387 -40 -13.59 8.04
107763 -40 -13.59 8.04
107740 -40 -13.59 8.04
105092 -40 -13.59 8.04
98379 -40 -13.59 8.04
104858 -40 -13.59 8.04
106907 -40 -13.59 8.04
105623 -40 -13.59 8.04
108723 -40 -13.59 8.04
103117 -40 -13.59 8.04
107932 -40 -13.59 8.04
105490 -40 -13.59 8.04
106040 -40 -13.59 8.04
104671 -40 -13.59 8.04
104747 -40 -13.59 8.04
109611 -40 -13.59 8.04
105109 -40 -13.59 8.04
102499 -40 -13.59 8.04
105898 -40 -13.59 8.04
102166 -40 -13.59 8.04
105379 -40 -13.59 8.04
104306 -40 -13.59 8.04
100671 -40 -13.59 8.04
108968 -40 -13.59 8.04
104925 -40 -13.59 8.04
105594 -40 -13.59 8.04
106062 -40 -13.59 8.04
102287 -40 -13.59 8.04
103990 -40 -13.59 8.04
108104 -40 -13.59 8.04
103284 -40 -13.59 8.04
105422 -40 -13.59 8.04
107719 -40 -13.59 8.04
104206 -40 -13.59 8.04
106534 -40 -13.59 8.04
77418 -40 1.39 11.62
74638 -40 1.39 11.62
79076 -40 1.39 11.62
80560 -40 1.39 11.62
79284 -40 1.39 11.62
75995 -40 1.39 11.62
78440 -40 1.39 11.62
83670 -40 1.39 11.62
79838 -40 1.39 11.62
80303 -40 1.39 11.62
77906 -40 1.39 11.62
80022 -40 1.39 11.62
72286 -40 1.39 11.62
75554 -40 1.39 11.62
72814 -40 1.39 11.62
79326 -40 1.39 11.62
77336 -40 1.39 11.62
78382 -40 1.39 11.62
77956 -40 1.39 11.62
79056 -40 1.39 11.62
74878 -40 1.39 11.62
73967 -40 1.39 11.62
82493 -40 1.39 11.62
79658 -40 1.39 11.62
75313 -40 1.39 11.62
78242 -40 1.39 11.62
76984 -40 1.39 11.62
77933 -40 1.39 11.62
82250 -40 1.39 11.62
78733 -40 1.39 11.62
75962 -40 1.39 11.62
79448 -40 1.39 11.62
76612 -40 1.39 11.62
77886 -40 1.39 11.62
78781 -40 1.39 11.62
78998 -40 1.39 11.62
80660 -40 1.39 11.62
78032 -40 1.39 11.62
79011 -40 1.39 11.62
75203 -40 -7.61 -8.33
75195 -40 -7.61 -8.33
71609 -40 -7.61 -8.33
75477 -40 -7.61 -8.33
74589 -40 -7.61 -8.33
75833 -40 -7.61 -8.33
81260 -40 -7.61 -8.33
77401 -40 -7.61 -8.33
76048 -40 -7.61 -8.33
73926 -40 -7.61 -8.33
75366 -40 -7.61 -8.33
74093 -40 -7.61 -8.33
76737 -40 -7.61 -8.33
74615 -40 -7.61 -8.33
74179 -40 -7.61 -8.33
76423 -40 -7.61 -8.33
74716 -40 -7.61 -8.33
74467 -40 -7.61 -8.33
74332 -40 -7.61 -8.33
79841 -40 -7.61 -8.33
71824 -40 -7.61 -8.33
76666 -40 -7.61 -8.33
72043 -40 -7.61 -8.33
76873 -40 -7.61 -8.33
69183 -40 -7.61 -8.33
76025 -40 -7.61 -8.33
76630 -40 -7.61 -8.33
70886 -40 -7.61 -8.33
76877 -40 -7.61 -8.33
73789 -40 -7.61 -8.33
74855 -40 -7.61 -8.33
74109 -40 -7.61 -8.33
71833 -40 -7.61 -8.33
77357 -40 -7.61 -8.33
75965 -40 -7.61 -8.33
74771 -40 -7.61 -8.33
75282 -40 -7.61 -8.33
72657 -40 -7.61 -8.33
72344 -40 -7.61 -8.33
140585 -40 -7.84 19.71
145559 -40 -7.84 19.71
140044 -40 -7.84 19.71
143012 -40 -7.84 19.71
141691 -40 -7.84 19.71
139349 -40 -7.84 19.71
144170 -40 -7.84 19.71
144215 -40 -7.84 19.71
141643 -40 -7.84 19.71
141421 -40 -7.84 19.71
141334 -40 -7.84 19.71
143169 -40 -7.84 19.71
138192 -40 -7.84 19.71
134347 -40 -7.84 19.71
140965 -40 -7.84 19.71
139894 -40 -7.84 19.71
140367 -40 -7.84 19.71
140395 -40 -7.84 19.71
145533 -40 -7.84 19.71
143333 -40 -7.84 19.71
138575 -40 -7.84 19.71
138362 -40 -7.84 19.71
139851 -40 -7.84 19.71
141426 -40 -7.84 19.71
141979 -40 -7.84 19.71
144081 -40 -7.84 19.71
143938 -40 -7.84 19.71
142674 -40 -7.84 19.71
141823 -40 -7.84 19.71
140787 -40 -7.84 19.71
137035 -40 -7.84 19.71
135426 -40 -7.84 19.71
143283 -40 -7.84 19.71
145512 -40 -7.84 19.71
144205 -40 -7.84 19.71
142307 -40 -7.84 19.71
139569 -40 -7.84 19.71
139033 -40 -7.84 19.71
147087 -40 -7.84 19.71
204570 -40 14.08 27.44
208943 -40 14.08 27.44
204721 -40 14.08 27.44
210120 -40 14.08 27.44
206756 -40 14.08 27.44
203792 -40 14.08 27.44
207729 -40 14.08 27.44
205366 -40 14.08 27.44
202209 -40 14.08 27.44
204531 -40 14.08 27.44
204256 -40 14.08 27.44
209030 -40 14.08 27.44
201059 -40 14.08 27.44
205614 -40 14.08 27.44
207707 -40 14.08 27.44
206588 -40 14.08 27.44
201418 -40 14.08 27.44
207335 -40 14.08 27.44
204594 -40 14.08 27.44
207698 -40 14.08 27.44
206419 -40 14.08 27.44
206038 -40 14.08 27.44
201286 -40 14.08 27.44
209289 -40 14.08 27.44
202006 -40 14.08 27.44
203423 -40 14.08 27.44
206137 -40 14.08 27.44
202908 -40 14.08 27.44
204572 -40 14.08 27.44
205440 -40 14.08 27.44
203895 -40 14.08 27.44
206390 -40 14.08 27.44
199013 -40 14.08 27.44
206147 -40 14.08 27.44
204374 -40 14.08 27.44
206391 -40 14.08 27.44
207738 -40 14.08 27.44
205637 -40 14.08 27.44
206602 -40 14.08 27.44
139760 -40 8.92 -19.11
142232 -40 8.92 -19.11
140737 -40 8.92 -19.11
142952 -40 8.92 -19.11
140562 -40 8.92 -19.11
140125 -40 8.92 -19.11
139481 -40 8.92 -19.11
137692 -40 8.92 -19.11
139502 -40 8.92 -19.11
140388 -40 8.92 -19.11
134604 -40 8.92 -19.11
141617 -40 8.92 -19.11
142671 -40 8.92 -19.11
142303 -40 8.92 -19.11
140193 -40 8.92 -19.11
141088 -40 8.92 -19.11
141757 -40 8.92 -19.11
142137 -40 8.92 -19.11
148354 -40 8.92 -19.11
143726 -40 8.92 -19.11
138527 -40 8.92 -19.11
142543 -40 8.92 -19.11
138470 -40 8.92 -19.11
143799 -40 8.92 -19.11
141060 -40 8.92 -19.11
137121 -40 8.92 -19.11
139563 -40 8.92 -19.11
135214 -40 8.92 -19.11
141694 -40 8.92 -19.11
141852 -40 8.92 -19.11
138239 -40 8.92 -19.11
139802 -40 8.92 -19.11
140721 -40 8.92 -19.11
138218 -40 8.92 -19.11
142577 -40 8.92 -19.11
143731 -40 8.92 -19.11
139181 -40 8.92 -19.11
143400 -40 8.92 -19.11
141979 -40 8.92 -19.11
