#rtt sig_str x y
230742 -40 -17.85 29.59
232921 -40 -17.85 29.59
231197 -40 -17.85 29.59
237601 -40 -17.85 29.59
232245 -40 -17.85 29.59
229335 -40 -17.85 29.59
230660 -40 -17.85 29.59
231081 -40 -17.85 29.59
225979 -40 -17.85 29.59
225640 -40 -17.85 29.59
229872 -40 -17.85 29.59
233725 -40 -17.85 29.59
230057 -40 -17.85 29.59
233038 -40 -17.85 29.59
229696 -40 -17.85 29.59
231157 -40 -17.85 29.59
233607 -40 -17.85 29.59
231839 -40 -17.85 29.59
229988 -40 -17.85 29.59
229393 -40 -17.85 29.59
229260 -40 -17.85 29.59
230470 -40 -17.85 29.59
231280 -40 -17.85 29.59
230663 -40 -17.85 29.59
229826 -40 -17.85 29.59
233696 -40 -17.85 29.59
231487 -40 -17.85 29.59
230545 -40 -17.85 29.59
232094 -40 -17.85 29.59
231577 -40 -17.85 29.59
229024 -40 -17.85 29.59
233010 -40 -17.85 29.59
229921 -40 -17.85 29.59
231442 -40 -17.85 29.59
227721 -40 -17.85 29.59
227149 -40 -17.85 29.59
231712 -40 -17.85 29.59
229414 -40 -17.85 29.59
234444 -40 -17.85 29.59
202836 -40 -17.58 24.7
203107 -40 -17.58 24.7
204284 -40 -17.58 24.7
204580 -40 -17.58 24.7
196433 -40 -17.58 24.7
204850 -40 -17.58 24.7
202378 -40 -17.58 24.7
204663 -40 -17.58 24.7
202350 -40 -17.58 24.7
205044 -40 -17.58 24.7
202667 -40 -17.58 24.7
198315 -40 -17.58 24.7
197760 -40 -17.58 24.7
202089 -40 -17.58 24.7
199602 -40 -17.58 24.7
207533 -40 -17.58 24.7
204969 -40 -17.58 24.7
201681 -40 -17.58 24.7
199432 -40 -17.58 24.7
202638 -40 -17.58 24.7
203159 -40 -17.58 24.7
201530 -40 -17.58 24.7
204203 -40 -17.58 24.7
203630 -40 -17.58 24.7
202114 -40 -17.58 24.7
203778 -40 -17.58 24.7
204590 -40 -17.58 24.7
201762 -40 -17.58 24.7
199448 -40 -17.58 24.7
204618 -40 -17.58 24.7
201360 -40 -17.58 24.7
198055 -40 -17.58 24.7
203747 -40 -17.58 24.7
199145 -40 -17.58 24.7
204875 -40 -17.58 24.7
204837 -40 -17.58 24.7
201479 -40 -17.58 24.7
201675 -40 -17.58 24.7
203998 -40 -17.58 24.7
206335 -40 -20.85 -23.24
206636 -40 -20.85 -23.24
210241 -40 -20.85 -23.24
207324 -40 -20.85 -23.24
209427 -40 -20.85 -23.24
206896 -40 -20.85 -23.24
212185 -40 -20.85 -23.24
211437 -40 -20.85 -23.24
210254 -40 -20.85 -23.24
208085 -40 -20.85 -23.24
207650 -40 -20.85 -23.24
206268 -40 -20.85 -23.24
205843 -40 -20.85 -23.24
209103 -40 -20.85 -23.24
213359 -40 -20.85 -23.24
210771 -40 -20.85 -23.24
208373 -40 -20.85 -23.24
210342 -40 -20.85 -23.24
205905 -40 -20.85 -23.24
208104 -40 -20.85 -23.24
209588 -40 -20.85 -23.24
208979 -40 -20.85 -23.24
210739 -40 -20.85 -23.24
213786 -40 -20.85 -23.24
210704 -40 -20.85 -23.24
207951 -40 -20.85 -23.24
209144 -40 -20.85 -23.24
209256 -40 -20.85 -23.24
213788 -40 -20.85 -23.24
205994 -40 -20.85 -23.24
209681 -40 -20.85 -23.24
206991 -40 -20.85 -23.24
207680 -40 -20.85 -23.24
206944 -40 -20.85 -23.24
209272 -40 -20.85 -23.24
208572 -40 -20.85 -23.24
209378 -40 -20.85 -23.24
204115 -40 -20.85 -23.24
207433 -40 -20.85 -23.24
140552 -40 15.28 13.69
138035 -40 15.28 13.69
134109 -40 15.28 13.69
141254 -40 15.28 13.69
140652 -40 15.28 13.69
138181 -40 15.28 13.69
138738 -40 15.28 13.69
142568 -40 15.28 13.69
135218 -40 15.28 13.69
134157 -40 15.28 13.69
139549 -40 15.28 13.69
134343 -40 15.28 13.69
137325 -40 15.28 13.69
137093 -40 15.28 13.69
138149 -40 15.28 13.69
136464 -40 15.28 13.69
137120 -40 15.28 13.69
138449 -40 15.28 13.69
134299 -40 15.28 13.69
139321 -40 15.28 13.69
137122 -40 15.28 13.69
133531 -40 15.28 13.69
135492 -40 15.28 13.69
137159 -40 15.28 13.69
131605 -40 15.28 13.69
132896 -40 15.28 13.69
136851 -40 15.28 13.69
136083 -40 15.28 13.69
136697 -40 15.28 13.69
137584 -40 15.28 13.69
135297 -40 15.28 13.69
138901 -40 15.28 13.69
138211 -40 15.28 13.69
140058 -40 15.28 13.69
139036 -40 15.28 13.69
133316 -40 15.28 13.69
139977 -40 15.28 13.69
135713 -40 15.28 13.69
139188 -40 15.28 13.69
157230 -40 -16.36 17.01
159465 -40 -16.36 17.01
157719 -40 -16.36 17.01
157659 -40 -16.36 17.01
159289 -40 -16.36 17.01
158620 -40 -16.36 17.01
158860 -40 -16.36 17.01
155531 -40 -16.36 17.01
160652 -40 -16.36 17.01
153659 -40 -16.36 17.01
159010 -40 -16.36 17.01
159767 -40 -16.36 17.01
154058 -40 -16.36 17.01
157839 -40 -16.36 17.01
154927 -40 -16.36 17.01
160322 -40 -16.36 17.01
153783 -40 -16.36 17.01
160851 -40 -16.36 17.01
159647 -40 -16.36 17.01
158067 -40 -16.36 17.01
161253 -40 -16.36 17.01
157928 -40 -16.36 17.01
156774 -40 -16.36 17.01
157937 -40 -16.36 17.01
154845 -40 -16.36 17.01
162318 -40 -16.36 17.01
156922 -40 -16.36 17.01
156478 -40 -16.36 17.01
157705 -40 -16.36 17.01
152482 -40 -16.36 17.01
157318 -40 -16.36 17.01
157810 -40 -16.36 17.01
158100 -40 -16.36 17.01
159356 -40 -16.36 17.01
157978 -40 -16.36 17.01
160154 -40 -16.36 17.01
157839 -40 -16.36 17.01
156201 -40 -16.36 17.01
157468 -40 -16.36 17.01
76004 -40 9.85 -4.89
73906 -40 9.85 -4.89
76040 -40 9.85 -4.89
73113 -40 9.85 -4.89
70657 -40 9.85 -4.89
72175 -40 9.85 -4.89
73458 -40 9.85 -4.89
74961 -40 9.85 -4.89
69570 -40 9.85 -4.89
71203 -40 9.85 -4.89
73311 -40 9.85 -4.89
71578 -40 9.85 -4.89
74308 -40 9.85 -4.89
74607 -40 9.85 -4.89
71553 -40 9.85 -4.89
73761 -40 9.85 -4.89
75617 -40 9.85 -4.89
75540 -40 9.85 -4.89
72571 -40 9.85 -4.89
75542 -40 9.85 -4.89
73832 -40 9.85 -4.89
71855 -40 9.85 -4.89
73045 -40 9.85 -4.89
71824 -40 9.85 -4.89
73742 -40 9.85 -4.89
73366 -40 9.85 -4.89
72120 -40 9.85 -4.89
73826 -40 9.85 -4.89
71289 -40 9.85 -4.89
69696 -40 9.85 -4.89
71097 -40 9.85 -4.89
74705 -40 9.85 -4.89
70987 -40 9.85 -4.89
72856 -40 9.85 -4.89
74907 -40 9.85 -4.89
67617 -40 9.85 -4.89
68745 -40 9.85 -4.89
72447 -40 9.85 -4.89
73715 -40 9.85 -4.89
100365 -40 5.35 14.51
101730 -40 5.35 14.51
102687 -40 5.35 14.51
102879 -40 5.35 14.51
98446 -40 5.35 14.51
102491 -40 5.35 14.51
103087 -40 5.35 14.51
97299 -40 5.35 14.51
101387 -40 5.35 14.51
104195 -40 5.35 14.51
110458 -40 5.35 14.51
102821 -40 5.35 14.51
100157 -40 5.35 14.51
102936 -40 5.35 14.51
105717 -40 5.35 14.51
102400 -40 5.35 14.51
105117 -40 5.35 14.51
104909 -40 5.35 14.51
101231 -40 5.35 14.51
107205 -40 5.35 14.51
106098 -40 5.35 14.51
103755 -40 5.35 14.51
104298 -40 5.35 14.51
102448 -40 5.35 14.51
105191 -40 5.35 14.51
105674 -40 5.35 14.51
106739 -40 5.35 14.51
102225 -40 5.35 14.51
103520 -40 5.35 14.51
107823 -40 5.35 14.51
101835 -40 5.35 14.51
105786 -40 5.35 14.51
100677 -40 5.35 14.51
100480 -40 5.35 14.51
102973 -40 5.35 14.51
103634 -40 5.35 14.51
104401 -40 5.35 14.51
107035 -40 5.35 14.51
102588 -40 5.35 14.51
201803 -40 -4.7 29.52
197344 -40 -4.7 29.52
194482 -40 -4.7 29.52
198241 -40 -4.7 29.52
199535 -40 -4.7 29.52
199256 -40 -4.7 29.52
200049 -40 -4.7 29.52
195547 -40 -4.7 29.52
197939 -40 -4.7 29.52
196466 -40 -4.7 29.52
200827 -40 -4.7 29.52
199702 -40 -4.7 29.52
204464 -40 -4.7 29.52
197488 -40 -4.7 29.52
204982 -40 -4.7 29.52
198244 -40 -4.7 29.52
196783 -40 -4.7 29.52
195571 -40 -4.7 29.52
195362 -40 -4.7 29.52
201893 -40 -4.7 29.52
199670 -40 -4.7 29.52
194201 -40 -4.7 29.52
196861 -40 -4.7 29.52
194647 -40 -4.7 29.52
200059 -40 -4.7 29.52
201922 -40 -4.7 29.52
197982 -40 -4.7 29.52
202165 -40 -4.7 29.52
200731 -40 -4.7 29.52
200252 -40 -4.7 29.52
199161 -40 -4.7 29.52
199971 -40 -4.7 29.52
200996 -40 -4.7 29.52
195635 -40 -4.7 29.52
199368 -40 -4.7 29.52
200097 -40 -4.7 29.52
199061 -40 -4.7 29.52
196512 -40 -4.7 29.52
200296 -40 -4.7 29.52
175484 -40 21.37 15.74
180599 -40 21.37 15.74
173835 -40 21.37 15.74
176154 -40 21.37 15.74
180684 -40 21.37 15.74
180234 -40 21.37 15.74
176196 -40 21.37 15.74
175408 -40 21.37 15.74
175468 -40 21.37 15.74
174013 -40 21.37 15.74
178832 -40 21.37 15.74
179484 -40 21.37 15.74
179069 -40 21.37 15.74
176543 -40 21.37 15.74
170983 -40 21.37 15.74
180985 -40 21.37 15.74
175405 -40 21.37 15.74
179266 -40 21.37 15.74
178234 -40 21.37 15.74
179773 -40 21.37 15.74
178721 -40 21.37 15.74
171678 -40 21.37 15.74
177087 -40 21.37 15.74
178144 -40 21.37 15.74
175774 -40 21.37 15.74
180280 -40 21.37 15.74
175923 -40 21.37 15.74
176105 -40 21.37 15.74
174315 -40 21.37 15.74
173037 -40 21.37 15.74
181254 -40 21.37 15.74
175836 -40 21.37 15.74
179761 -40 21.37 15.74
176900 -40 21.37 15.74
174377 -40 21.37 15.74
176696 -40 21.37 15.74
179775 -40 21.37 15.74
174177 -40 21.37 15.74
177322 -40 21.37 15.74
104793 -40 -0.79 -15.56
105937 -40 -0.79 -15.56
104264 -40 -0.79 -15.56
101073 -40 -0.79 -15.56
106377 -40 -0.79 -15.56
103860 -40 -0.79 -15.56
101324 -40 -0.79 -15.56
102693 -40 -0.79 -15.56
105946 -40 -0.79 -15.56
105376 -40 -0.79 -15.56
104108 -40 -0.79 -15.56
101354 -40 -0.79 -15.56
108836 -40 -0.79 -15.56
103636 -40 -0.79 -15.56
102845 -40 -0.79 -15.56
100522 -40 -0.79 -15.56
102561 -40 -0.79 -15.56
104297 -40 -0.79 -15.56
104924 -40 -0.79 -15.56
104003 -40 -0.79 -15.56
107003 -40 -0.79 -15.56
105759 -40 -0.79 -15.56
100773 -40 -0.79 -15.56
105056 -40 -0.79 -15.56
105432 -40 -0.79 -15.56
107695 -40 -0.79 -15.56
100692 -40 -0.79 -15.56
105393 -40 -0.79 -15.56
102252 -40 -0.79 -15.56
107541 -40 -0.79 -15.56
103101 -40 -0.79 -15.56
101883 -40 -0.79 -15.56
101426 -40 -0.79 -15.56
109755 -40 -0.79 -15.56
100415 -40 -0.79 -15.56
106667 -40 -0.79 -15.56
100235 -40 -0.79 -15.56
101209 -40 -0.79 -15.56
102949 -40 -0.79 -15.56
