#rtt sig_str x y
176404 -40 9.38 24.59
173357 -40 9.38 24.59
175852 -40 9.38 24.59
174413 -40 9.38 24.59
176566 -40 9.38 24.59
175967 -40 9.38 24.59
175520 -40 9.38 24.59
179952 -40 9.38 24.59
173214 -40 9.38 24.59
179538 -40 9.38 24.59
174278 -40 9.38 24.59
168582 -40 9.38 24.59
174655 -40 9.38 24.59
176662 -40 9.38 24.59
173053 -40 9.38 24.59
175548 -40 9.38 24.59
172061 -40 9.38 24.59
178451 -40 9.38 24.59
178770 -40 9.38 24.59
172104 -40 9.38 24.59
176499 -40 9.38 24.59
179150 -40 9.38 24.59
181133 -40 9.38 24.59
180002 -40 9.38 24.59
170857 -40 9.38 24.59
173545 -40 9.38 24.59
175347 -40 9.38 24.59
175376 -40 9.38 24.59
176507 -40 9.38 24.59
172520 -40 9.38 24.59
174146 -40 9.38 24.59
170699 -40 9.38 24.59
171990 -40 9.38 24.59
171171 -40 9.38 24.59
176190 -40 9.38 24.59
174541 -40 9.38 24.59
176997 -40 9.38 24.59
176668 -40 9.38 24.59
175436 -40 9.38 24.59
199937 -40 27.3 -13.6
204637 -40 27.3 -13.6
206434 -40 27.3 -13.6
202950 -40 27.3 -13.6
206011 -40 27.3 -13.6
208357 -40 27.3 -13.6
206165 -40 27.3 -13.6
201869 -40 27.3 -13.6
198172 -40 27.3 -13.6
205012 -40 27.3 -13.6
203105 -40 27.3 -13.6
206517 -40 27.3 -13.6
199648 -40 27.3 -13.6
210544 -40 27.3 -13.6
200101 -40 27.3 -13.6
204218 -40 27.3 -13.6
206219 -40 27.3 -13.6
206733 -40 27.3 -13.6
201822 -40 27.3 -13.6
206171 -40 27.3 -13.6
210716 -40 27.3 -13.6
206211 -40 27.3 -13.6
205018 -40 27.3 -13.6
200923 -40 27.3 -13.6
202516 -40 27.3 -13.6
202533 -40 27.3 -13.6
206313 -40 27.3 -13.6
199007 -40 27.3 -13.6
202731 -40 27.3 -13.6
203609 -40 27.3 -13.6
202623 -40 27.3 -13.6
207000 -40 27.3 -13.6
202410 -40 27.3 -13.6
204932 -40 27.3 -13.6
202265 -40 27.3 -13.6
204489 -40 27.3 -13.6
204486 -40 27.3 -13.6
202500 -40 27.3 -13.6
203495 -40 27.3 -13.6
194783 -40 28.26 5.19
190735 -40 28.26 5.19
193346 -40 28.26 5.19
191404 -40 28.26 5.19
194702 -40 28.26 5.19
190544 -40 28.26 5.19
191190 -40 28.26 5.19
189280 -40 28.26 5.19
192706 -40 28.26 5.19
190944 -40 28.26 5.19
189655 -40 28.26 5.19
194551 -40 28.26 5.19
193325 -40 28.26 5.19
194301 -40 28.26 5.19
190268 -40 28.26 5.19
189511 -40 28.26 5.19
187501 -40 28.26 5.19
194072 -40 28.26 5.19
196825 -40 28.26 5.19
192336 -40 28.26 5.19
192883 -40 28.26 5.19
193715 -40 28.26 5.19
192039 -40 28.26 5.19
194593 -40 28.26 5.19
185298 -40 28.26 5.19
187169 -40 28.26 5.19
189285 -40 28.26 5.19
190618 -40 28.26 5.19
197066 -40 28.26 5.19
187945 -40 28.26 5.19
192582 -40 28.26 5.19
191800 -40 28.26 5.19
187993 -40 28.26 5.19
194216 -40 28.26 5.19
192330 -40 28.26 5.19
191297 -40 28.26 5.19
193269 -40 28.26 5.19
193005 -40 28.26 5.19
193235 -40 28.26 5.19
161407 -40 -24.13 3.87
163823 -40 -24.13 3.87
161287 -40 -24.13 3.87
157462 -40 -24.13 3.87
161773 -40 -24.13 3.87
165123 -40 -24.13 3.87
164535 -40 -24.13 3.87
164805 -40 -24.13 3.87
162457 -40 -24.13 3.87
164255 -40 -24.13 3.87
168311 -40 -24.13 3.87
162295 -40 -24.13 3.87
160731 -40 -24.13 3.87
163709 -40 -24.13 3.87
164411 -40 -24.13 3.87
164196 -40 -24.13 3.87
163517 -40 -24.13 3.87
161170 -40 -24.13 3.87
166261 -40 -24.13 3.87
161800 -40 -24.13 3.87
162540 -40 -24.13 3.87
161542 -40 -24.13 3.87
164351 -40 -24.13 3.87
159384 -40 -24.13 3.87
162048 -40 -24.13 3.87
164892 -40 -24.13 3.87
163354 -40 -24.13 3.87
163973 -40 -24.13 3.87
158436 -40 -24.13 3.87
157295 -40 -24.13 3.87
164668 -40 -24.13 3.87
163556 -40 -24.13 3.87
164477 -40 -24.13 3.87
163443 -40 -24.13 3.87
160672 -40 -24.13 3.87
165618 -40 -24.13 3.87
163438 -40 -24.13 3.87
162934 -40 -24.13 3.87
164910 -40 -24.13 3.87
113810 -40 -15.56 7.42
118629 -40 -15.56 7.42
111936 -40 -15.56 7.42
115298 -40 -15.56 7.42
114746 -40 -15.56 7.42
112920 -40 -15.56 7.42
116797 -40 -15.56 7.42
116107 -40 -15.56 7.42
108734 -40 -15.56 7.42
118717 -40 -15.56 7.42
115287 -40 -15.56 7.42
115022 -40 -15.56 7.42
113320 -40 -15.56 7.42
114558 -40 -15.56 7.42
114885 -40 -15.56 7.42
112666 -40 -15.56 7.42
116248 -40 -15.56 7.42
116894 -40 -15.56 7.42
119348 -40 -15.56 7.42
115923 -40 -15.56 7.42
112581 -40 -15.56 7.42
116341 -40 -15.56 7.42
109560 -40 -15.56 7.42
120294 -40 -15.56 7.42
114730 -40 -15.56 7.42
113612 -40 -15.56 7.42
113491 -40 -15.56 7.42
113701 -40 -15.56 7.42
114444 -40 -15.56 7.42
119238 -40 -15.56 7.42
113475 -40 -15.56 7.42
115388 -40 -15.56 7.42
114384 -40 -15.56 7.42
118373 -40 -15.56 7.42
114837 -40 -15.56 7.42
116189 -40 -15.56 7.42
113323 -40 -15.56 7.42
115728 -40 -15.56 7.42
115461 -40 -15.56 7.42
221274 -40 22.12 25.74
227853 -40 22.12 25.74
223413 -40 22.12 25.74
225211 -40 22.12 25.74
220798 -40 22.12 25.74
228487 -40 22.12 25.74
223194 -40 22.12 25.74
226840 -40 22.12 25.74
228913 -40 22.12 25.74
222713 -40 22.12 25.74
225558 -40 22.12 25.74
225983 -40 22.12 25.74
227176 -40 22.12 25.74
225581 -40 22.12 25.74
226074 -40 22.12 25.74
224850 -40 22.12 25.74
227496 -40 22.12 25.74
225792 -40 22.12 25.74
226353 -40 22.12 25.74
225893 -40 22.12 25.74
225281 -40 22.12 25.74
219555 -40 22.12 25.74
229181 -40 22.12 25.74
223850 -40 22.12 25.74
225911 -40 22.12 25.74
223956 -40 22.12 25.74
228782 -40 22.12 25.74
225114 -40 22.12 25.74
226060 -40 22.12 25.74
225627 -40 22.12 25.74
227097 -40 22.12 25.74
225264 -40 22.12 25.74
229451 -40 22.12 25.74
223736 -40 22.12 25.74
228660 -40 22.12 25.74
224395 -40 22.12 25.74
224984 -40 22.12 25.74
222907 -40 22.12 25.74
222884 -40 22.12 25.74
181721 -40 2.85 -27.06
182360 -40 2.85 -27.06
184366 -40 2.85 -27.06
180791 -40 2.85 -27.06
174920 -40 2.85 -27.06
180227 -40 2.85 -27.06
183083 -40 2.85 -27.06
179211 -40 2.85 -27.06
183465 -40 2.85 -27.06
180838 -40 2.85 -27.06
181593 -40 2.85 -27.06
182495 -40 2.85 -27.06
178294 -40 2.85 -27.06
183217 -40 2.85 -27.06
178911 -40 2.85 -27.06
180692 -40 2.85 -27.06
181271 -40 2.85 -27.06
181423 -40 2.85 -27.06
180479 -40 2.85 -27.06
181267 -40 2.85 -27.06
182805 -40 2.85 -27.06
185556 -40 2.85 -27.06
180248 -40 2.85 -27.06
184044 -40 2.85 -27.06
175712 -40 2.85 -27.06
183482 -40 2.85 -27.06
180010 -40 2.85 -27.06
182475 -40 2.85 -27.06
179814 -40 2.85 -27.06
185462 -40 2.85 -27.06
180557 -40 2.85 -27.06
180512 -40 2.85 -27.06
181783 -40 2.85 -27.06
188004 -40 2.85 -27.06
182344 -40 2.85 -27.06
183193 -40 2.85 -27.06
178292 -40 2.85 -27.06
182423 -40 2.85 -27.06
184771 -40 2.85 -27.06
126541 -40 13.15 13.9
127684 -40 13.15 13.9
126645 -40 13.15 13.9
128797 -40 13.15 13.9
124926 -40 13.15 13.9
124621 -40 13.15 13.9
128566 -40 13.15 13.9
128997 -40 13.15 13.9
127551 -40 13.15 13.9
128850 -40 13.15 13.9
125757 -40 13.15 13.9
129286 -40 13.15 13.9
130967 -40 13.15 13.9
128020 -40 13.15 13.9
125050 -40 13.15 13.9
124875 -40 13.15 13.9
135199 -40 13.15 13.9
129401 -40 13.15 13.9
125480 -40 13.15 13.9
126677 -40 13.15 13.9
127986 -40 13.15 13.9
126769 -40 13.15 13.9
135166 -40 13.15 13.9
127123 -40 13.15 13.9
124331 -40 13.15 13.9
122064 -40 13.15 13.9
129948 -40 13.15 13.9
124853 -40 13.15 13.9
125936 -40 13.15 13.9
126945 -40 13.15 13.9
127232 -40 13.15 13.9
132065 -40 13.15 13.9
129582 -40 13.15 13.9
125410 -40 13.15 13.9
119116 -40 13.15 13.9
131425 -40 13.15 13.9
127640 -40 13.15 13.9
129693 -40 13.15 13.9
125969 -40 13.15 13.9
169043 -40 25.55 -3.47
173261 -40 25.55 -3.47
171238 -40 25.55 -3.47
174138 -40 25.55 -3.47
173095 -40 25.55 -3.47
168252 -40 25.55 -3.47
172006 -40 25.55 -3.47
169001 -40 25.55 -3.47
168439 -40 25.55 -3.47
167690 -40 25.55 -3.47
173034 -40 25.55 -3.47
175413 -40 25.55 -3.47
175572 -40 25.55 -3.47
171369 -40 25.55 -3.47
170975 -40 25.55 -3.47
170276 -40 25.55 -3.47
172843 -40 25.55 -3.47
170269 -40 25.55 -3.47
171967 -40 25.55 -3.47
170449 -40 25.55 -3.47
170640 -40 25.55 -3.47
179018 -40 25.55 -3.47
167843 -40 25.55 -3.47
170344 -40 25.55 -3.47
167443 -40 25.55 -3.47
166448 -40 25.55 -3.47
175026 -40 25.55 -3.47
170834 -40 25.55 -3.47
174251 -40 25.55 -3.47
176117 -40 25.55 -3.47
169289 -40 25.55 -3.47
173962 -40 25.55 -3.47
173191 -40 25.55 -3.47
168894 -40 25.55 -3.47
174932 -40 25.55 -3.47
171509 -40 25.55 -3.47
172689 -40 25.55 -3.47
174473 -40 25.55 -3.47
172112 -40 25.55 -3.47
101099 -40 7.02 -13.38
99501 -40 7.02 -13.38
99474 -40 7.02 -13.38
99722 -40 7.02 -13.38
98784 -40 7.02 -13.38
102008 -40 7.02 -13.38
99263 -40 7.02 -13.38
102257 -40 7.02 -13.38
98359 -40 7.02 -13.38
100910 -40 7.02 -13.38
99172 -40 7.02 -13.38
105070 -40 7.02 -13.38
100014 -40 7.02 -13.38
104703 -40 7.02 -13.38
101585 -40 7.02 -13.38
97932 -40 7.02 -13.38
102638 -40 7.02 -13.38
101541 -40 7.02 -13.38
102763 -40 7.02 -13.38
102055 -40 7.02 -13.38
99145 -40 7.02 -13.38
103897 -40 7.02 -13.38
98282 -40 7.02 -13.38
101406 -40 7.02 -13.38
101647 -40 7.02 -13.38
104373 -40 7.02 -13.38
102476 -40 7.02 -13.38
97101 -40 7.02 -13.38
104227 -40 7.02 -13.38
101022 -40 7.02 -13.38
97756 -40 7.02 -13.38
105134 -40 7.02 -13.38
98593 -40 7.02 -13.38
99718 -40 7.02 -13.38
101345 -40 7.02 -13.38
105453 -40 7.02 -13.38
99394 -40 7.02 -13.38
100836 -40 7.02 -13.38
101700 -40 7.02 -13.38
