#rtt sig_str x y
70747 -40 8.85 6.49
71352 -40 8.85 6.49
73590 -40 8.85 6.49
73135 -40 8.85 6.49
74841 -40 8.85 6.49
72618 -40 8.85 6.49
72187 -40 8.85 6.49
76055 -40 8.85 6.49
73385 -40 8.85 6.49
78781 -40 8.85 6.49
75098 -40 8.85 6.49
78861 -40 8.85 6.49
70613 -40 8.85 6.49
74048 -40 8.85 6.49
72877 -40 8.85 6.49
68478 -40 8.85 6.49
73246 -40 8.85 6.49
78778 -40 8.85 6.49
75093 -40 8.85 6.49
76887 -40 8.85 6.49
78048 -40 8.85 6.49
74821 -40 8.85 6.49
67999 -40 8.85 6.49
71097 -40 8.85 6.49
73820 -40 8.85 6.49
69793 -40 8.85 6.49
73018 -40 8.85 6.49
71328 -40 8.85 6.49
69192 -40 8.85 6.49
73474 -40 8.85 6.49
73651 -40 8.85 6.49
72217 -40 8.85 6.49
69055 -40 8.85 6.49
71050 -40 8.85 6.49
78708 -40 8.85 6.49
74159 -40 8.85 6.49
72288 -40 8.85 6.49
70924 -40 8.85 6.49
73344 -40 8.85 6.49
162599 -40 0.43 24.48
163107 -40 0.43 24.48
159034 -40 0.43 24.48
163743 -40 0.43 24.48
168586 -40 0.43 24.48
157945 -40 0.43 24.48
164429 -40 0.43 24.48
162048 -40 0.43 24.48
165330 -40 0.43 24.48
167968 -40 0.43 24.48
167592 -40 0.43 24.48
161835 -40 0.43 24.48
160453 -40 0.43 24.48
162680 -40 0.43 24.48
162074 -40 0.43 24.48
167234 -40 0.43 24.48
167478 -40 0.43 24.48
166179 -40 0.43 24.48
166493 -40 0.43 24.48
165763 -40 0.43 24.48
160411 -40 0.43 24.48
160619 -40 0.43 24.48
159511 -40 0.43 24.48
165771 -40 0.43 24.48
164616 -40 0.43 24.48
163314 -40 0.43 24.48
166522 -40 0.43 24.48
163830 -40 0.43 24.48
161842 -40 0.43 24.48
163626 -40 0.43 24.48
165544 -40 0.43 24.48
163507 -40 0.43 24.48
162975 -40 0.43 24.48
165806 -40 0.43 24.48
165196 -40 0.43 24.48
163376 -40 0.43 24.48
163986 -40 0.43 24.48
162889 -40 0.43 24.48
167705 -40 0.43 24.48
60113 -40 1.7 9.15
63946 -40 1.7 9.15
60079 -40 1.7 9.15
63105 -40 1.7 9.15
63473 -40 1.7 9.15
61456 -40 1.7 9.15
60674 -40 1.7 9.15
60656 -40 1.7 9.15
62684 -40 1.7 9.15
60693 -40 1.7 9.15
62793 -40 1.7 9.15
57599 -40 1.7 9.15
60843 -40 1.7 9.15
61495 -40 1.7 9.15
60617 -40 1.7 9.15
64572 -40 1.7 9.15
59451 -40 1.7 9.15
64754 -40 1.7 9.15
66735 -40 1.7 9.15
61207 -40 1.7 9.15
61162 -40 1.7 9.15
60363 -40 1.7 9.15
64689 -40 1.7 9.15
65342 -40 1.7 9.15
62274 -40 1.7 9.15
60577 -40 1.7 9.15
66531 -40 1.7 9.15
65622 -40 1.7 9.15
59788 -40 1.7 9.15
63423 -40 1.7 9.15
62290 -40 1.7 9.15
63692 -40 1.7 9.15
61389 -40 1.7 9.15
62924 -40 1.7 9.15
69075 -40 1.7 9.15
57000 -40 1.7 9.15
59771 -40 1.7 9.15
62225 -40 1.7 9.15
60629 -40 1.7 9.15
177682 -40 23.78 13.34
181431 -40 23.78 13.34
181051 -40 23.78 13.34
184077 -40 23.78 13.34
181707 -40 23.78 13.34
186447 -40 23.78 13.34
177115 -40 23.78 13.34
180597 -40 23.78 13.34
183465 -40 23.78 13.34
179756 -40 23.78 13.34
182305 -40 23.78 13.34
186746 -40 23.78 13.34
186791 -40 23.78 13.34
182540 -40 23.78 13.34
179768 -40 23.78 13.34
180764 -40 23.78 13.34
182625 -40 23.78 13.34
184262 -40 23.78 13.34
182670 -40 23.78 13.34
184235 -40 23.78 13.34
181303 -40 23.78 13.34
184469 -40 23.78 13.34
182163 -40 23.78 13.34
181490 -40 23.78 13.34
185395 -40 23.78 13.34
184179 -40 23.78 13.34
186679 -40 23.78 13.34
181217 -40 23.78 13.34
180328 -40 23.78 13.34
181297 -40 23.78 13.34
187600 -40 23.78 13.34
184690 -40 23.78 13.34
182852 -40 23.78 13.34
178598 -40 23.78 13.34
178960 -40 23.78 13.34
182531 -40 23.78 13.34
181798 -40 23.78 13.34
183073 -40 23.78 13.34
184153 -40 23.78 13.34
135120 -40 12 -16.12
132823 -40 12 -16.12
135750 -40 12 -16.12
136089 -40 12 -16.12
131401 -40 12 -16.12
139005 -40 12 -16.12
137578 -40 12 -16.12
133883 -40 12 -16.12
137746 -40 12 -16.12
136716 -40 12 -16.12
134945 -40 12 -16.12
129006 -40 12 -16.12
136248 -40 12 -16.12
136262 -40 12 -16.12
133525 -40 12 -16.12
130540 -40 12 -16.12
138099 -40 12 -16.12
130131 -40 12 -16.12
134710 -40 12 -16.12
134487 -40 12 -16.12
137166 -40 12 -16.12
133871 -40 12 -16.12
139804 -40 12 -16.12
129036 -40 12 -16.12
133720 -40 12 -16.12
132210 -40 12 -16.12
131936 -40 12 -16.12
131513 -40 12 -16.12
138028 -40 12 -16.12
127499 -40 12 -16.12
127769 -40 12 -16.12
130114 -40 12 -16.12
132412 -40 12 -16.12
130662 -40 12 -16.12
139399 -40 12 -16.12
136498 -40 12 -16.12
134524 -40 12 -16.12
135069 -40 12 -16.12
132600 -40 12 -16.12
169903 -40 12.86 -22.2
171921 -40 12.86 -22.2
171308 -40 12.86 -22.2
166589 -40 12.86 -22.2
166808 -40 12.86 -22.2
167695 -40 12.86 -22.2
172836 -40 12.86 -22.2
173532 -40 12.86 -22.2
172457 -40 12.86 -22.2
164406 -40 12.86 -22.2
169621 -40 12.86 -22.2
172029 -40 12.86 -22.2
170741 -40 12.86 -22.2
172396 -40 12.86 -22.2
173721 -40 12.86 -22.2
167662 -40 12.86 -22.2
171145 -40 12.86 -22.2
173148 -40 12.86 -22.2
171878 -40 12.86 -22.2
174273 -40 12.86 -22.2
171531 -40 12.86 -22.2
170740 -40 12.86 -22.2
173120 -40 12.86 -22.2
172148 -40 12.86 -22.2
170750 -40 12.86 -22.2
170132 -40 12.86 -22.2
171703 -40 12.86 -22.2
171116 -40 12.86 -22.2
166148 -40 12.86 -22.2
171967 -40 12.86 -22.2
175591 -40 12.86 -22.2
172157 -40 12.86 -22.2
174343 -40 12.86 -22.2
172229 -40 12.86 -22.2
171100 -40 12.86 -22.2
171170 -40 12.86 -22.2
171887 -40 12.86 -22.2
167900 -40 12.86 -22.2
177290 -40 12.86 -22.2
166949 -40 13.04 21.09
162423 -40 13.04 21.09
170357 -40 13.04 21.09
166287 -40 13.04 21.09
168208 -40 13.04 21.09
163250 -40 13.04 21.09
162883 -40 13.04 21.09
162921 -40 13.04 21.09
163809 -40 13.04 21.09
163280 -40 13.04 21.09
166358 -40 13.04 21.09
163577 -40 13.04 21.09
166356 -40 13.04 21.09
166526 -40 13.04 21.09
163477 -40 13.04 21.09
166687 -40 13.04 21.09
165342 -40 13.04 21.09
165295 -40 13.04 21.09
167696 -40 13.04 21.09
166295 -40 13.04 21.09
159841 -40 13.04 21.09
165423 -40 13.04 21.09
162165 -40 13.04 21.09
169636 -40 13.04 21.09
167224 -40 13.04 21.09
163706 -40 13.04 21.09
166609 -40 13.04 21.09
166607 -40 13.04 21.09
160708 -40 13.04 21.09
167296 -40 13.04 21.09
163798 -40 13.04 21.09
166960 -40 13.04 21.09
163119 -40 13.04 21.09
162930 -40 13.04 21.09
163326 -40 13.04 21.09
164979 -40 13.04 21.09
165350 -40 13.04 21.09
167262 -40 13.04 21.09
167150 -40 13.04 21.09
212633 -40 -16.63 28.11
216763 -40 -16.63 28.11
218801 -40 -16.63 28.11
214443 -40 -16.63 28.11
220778 -40 -16.63 28.11
214268 -40 -16.63 28.11
212763 -40 -16.63 28.11
217617 -40 -16.63 28.11
216305 -40 -16.63 28.11
221034 -40 -16.63 28.11
217264 -40 -16.63 28.11
218552 -40 -16.63 28.11
219799 -40 -16.63 28.11
220256 -40 -16.63 28.11
215532 -40 -16.63 28.11
220940 -40 -16.63 28.11
212199 -40 -16.63 28.11
217766 -40 -16.63 28.11
218071 -40 -16.63 28.11
216209 -40 -16.63 28.11
215687 -40 -16.63 28.11
220624 -40 -16.63 28.11
217687 -40 -16.63 28.11
216662 -40 -16.63 28.11
219272 -40 -16.63 28.11
217090 -40 -16.63 28.11
218547 -40 -16.63 28.11
220108 -40 -16.63 28.11
219790 -40 -16.63 28.11
217279 -40 -16.63 28.11
216277 -40 -16.63 28.11
217322 -40 -16.63 28.11
219100 -40 -16.63 28.11
215143 -40 -16.63 28.11
216786 -40 -16.63 28.11
221682 -40 -16.63 28.11
209489 -40 -16.63 28.11
220265 -40 -16.63 28.11
212864 -40 -16.63 28.11
189534 -40 -19.49 -19.83
184939 -40 -19.49 -19.83
188400 -40 -19.49 -19.83
183899 -40 -19.49 -19.83
181168 -40 -19.49 -19.83
183746 -40 -19.49 -19.83
182636 -40 -19.49 -19.83
188480 -40 -19.49 -19.83
184266 -40 -19.49 -19.83
183541 -40 -19.49 -19.83
183699 -40 -19.49 -19.83
189061 -40 -19.49 -19.83
186275 -40 -19.49 -19.83
183725 -40 -19.49 -19.83
185224 -40 -19.49 -19.83
186232 -40 -19.49 -19.83
184899 -40 -19.49 -19.83
185661 -40 -19.49 -19.83
180740 -40 -19.49 -19.83
185465 -40 -19.49 -19.83
186105 -40 -19.49 -19.83
184079 -40 -19.49 -19.83
182304 -40 -19.49 -19.83
186087 -40 -19.49 -19.83
185697 -40 -19.49 -19.83
181084 -40 -19.49 -19.83
186434 -40 -19.49 -19.83
184006 -40 -19.49 -19.83
184925 -40 -19.49 -19.83
185809 -40 -19.49 -19.83
186792 -40 -19.49 -19.83
185953 -40 -19.49 -19.83
182375 -40 -19.49 -19.83
180423 -40 -19.49 -19.83
179131 -40 -19.49 -19.83
183573 -40 -19.49 -19.83
185756 -40 -19.49 -19.83
189565 -40 -19.49 -19.83
181266 -40 -19.49 -19.83
51248 -40 -2.59 7.25
50982 -40 -2.59 7.25
53833 -40 -2.59 7.25
50464 -40 -2.59 7.25
54117 -40 -2.59 7.25
55544 -40 -2.59 7.25
56909 -40 -2.59 7.25
51630 -40 -2.59 7.25
52161 -40 -2.59 7.25
49163 -40 -2.59 7.25
49354 -40 -2.59 7.25
48486 -40 -2.59 7.25
47721 -40 -2.59 7.25
57334 -40 -2.59 7.25
51306 -40 -2.59 7.25
49186 -40 -2.59 7.25
49757 -40 -2.59 7.25
55850 -40 -2.59 7.25
49215 -40 -2.59 7.25
54243 -40 -2.59 7.25
51726 -40 -2.59 7.25
50516 -40 -2.59 7.25
47496 -40 -2.59 7.25
52218 -40 -2.59 7.25
48701 -40 -2.59 7.25
51039 -40 -2.59 7.25
52122 -40 -2.59 7.25
51483 -40 -2.59 7.25
51145 -40 -2.59 7.25
51384 -40 -2.59 7.25
52155 -40 -2.59 7.25
52435 -40 -2.59 7.25
49444 -40 -2.59 7.25
53805 -40 -2.59 7.25
53100 -40 -2.59 7.25
48727 -40 -2.59 7.25
55551 -40 -2.59 7.25
50140 -40 -2.59 7.25
53043 -40 -2.59 7.25
