#rtt sig_str x y
43247 -40 -0.02 -6.73
46723 -40 -0.02 -6.73
43659 -40 -0.02 -6.73
44645 -40 -0.02 -6.73
47241 -40 -0.02 -6.73
45669 -40 -0.02 -6.73
40124 -40 -0.02 -6.73
47220 -40 -0.02 -6.73
46686 -40 -0.02 -6.73
41149 -40 -0.02 -6.73
45268 -40 -0.02 -6.73
47196 -40 -0.02 -6.73
44072 -40 -0.02 -6.73
45603 -40 -0.02 -6.73
43447 -40 -0.02 -6.73
43330 -40 -0.02 -6.73
45233 -40 -0.02 -6.73
46849 -40 -0.02 -6.73
46031 -40 -0.02 -6.73
38757 -40 -0.02 -6.73
45126 -40 -0.02 -6.73
44588 -40 -0.02 -6.73
48818 -40 -0.02 -6.73
46795 -40 -0.02 -6.73
45153 -40 -0.02 -6.73
46743 -40 -0.02 -6.73
46739 -40 -0.02 -6.73
46686 -40 -0.02 -6.73
43057 -40 -0.02 -6.73
49464 -40 -0.02 -6.73
43429 -40 -0.02 -6.73
43713 -40 -0.02 -6.73
47014 -40 -0.02 -6.73
46838 -40 -0.02 -6.73
43670 -40 -0.02 -6.73
39422 -40 -0.02 -6.73
49822 -40 -0.02 -6.73
42071 -40 -0.02 -6.73
44309 -40 -0.02 -6.73
116247 -40 -14.65 10.69
119060 -40 -14.65 10.69
125675 -40 -14.65 10.69
121350 -40 -14.65 10.69
119737 -40 -14.65 10.69
125316 -40 -14.65 10.69
120969 -40 -14.65 10.69
125369 -40 -14.65 10.69
122704 -40 -14.65 10.69
122542 -40 -14.65 10.69
120472 -40 -14.65 10.69
119178 -40 -14.65 10.69
120816 -40 -14.65 10.69
118132 -40 -14.65 10.69
116465 -40 -14.65 10.69
121467 -40 -14.65 10.69
121035 -40 -14.65 10.69
123891 -40 -14.65 10.69
126162 -40 -14.65 10.69
119146 -40 -14.65 10.69
119411 -40 -14.65 10.69
122069 -40 -14.65 10.69
124631 -40 -14.65 10.69
118199 -40 -14.65 10.69
129859 -40 -14.65 10.69
118550 -40 -14.65 10.69
116714 -40 -14.65 10.69
123010 -40 -14.65 10.69
117555 -40 -14.65 10.69
119556 -40 -14.65 10.69
117237 -40 -14.65 10.69
120605 -40 -14.65 10.69
118123 -40 -14.65 10.69
118902 -40 -14.65 10.69
121267 -40 -14.65 10.69
124320 -40 -14.65 10.69
121809 -40 -14.65 10.69
122398 -40 -14.65 10.69
120187 -40 -14.65 10.69
124790 -40 -14.52 -12.8
127200 -40 -14.52 -12.8
131799 -40 -14.52 -12.8
126704 -40 -14.52 -12.8
132072 -40 -14.52 -12.8
126930 -40 -14.52 -12.8
131921 -40 -14.52 -12.8
129132 -40 -14.52 -12.8
135043 -40 -14.52 -12.8
130149 -40 -14.52 -12.8
128439 -40 -14.52 -12.8
133481 -40 -14.52 -12.8
129182 -40 -14.52 -12.8
128696 -40 -14.52 -12.8
128267 -40 -14.52 -12.8
129813 -40 -14.52 -12.8
129643 -40 -14.52 -12.8
131090 -40 -14.52 -12.8
129607 -40 -14.52 -12.8
129572 -40 -14.52 -12.8
132059 -40 -14.52 -12.8
124031 -40 -14.52 -12.8
129515 -40 -14.52 -12.8
130038 -40 -14.52 -12.8
126053 -40 -14.52 -12.8
128272 -40 -14.52 -12.8
136978 -40 -14.52 -12.8
130274 -40 -14.52 -12.8
131436 -40 -14.52 -12.8
130795 -40 -14.52 -12.8
130250 -40 -14.52 -12.8
127088 -40 -14.52 -12.8
135106 -40 -14.52 -12.8
127822 -40 -14.52 -12.8
129280 -40 -14.52 -12.8
128376 -40 -14.52 -12.8
123039 -40 -14.52 -12.8
127493 -40 -14.52 -12.8
130183 -40 -14.52 -12.8
173067 -40 -24.19 8.09
167180 -40 -24.19 8.09
167351 -40 -24.19 8.09
170734 -40 -24.19 8.09
171544 -40 -24.19 8.09
171778 -40 -24.19 8.09
168535 -40 -24.19 8.09
172194 -40 -24.19 8.09
168320 -40 -24.19 8.09
169663 -40 -24.19 8.09
173672 -40 -24.19 8.09
172431 -40 -24.19 8.09
167567 -40 -24.19 8.09
168848 -40 -24.19 8.09
172724 -40 -24.19 8.09
163436 -40 -24.19 8.09
172542 -40 -24.19 8.09
174489 -40 -24.19 8.09
174063 -40 -24.19 8.09
165918 -40 -24.19 8.09
171165 -40 -24.19 8.09
171743 -40 -24.19 8.09
166539 -40 -24.19 8.09
173466 -40 -24.19 8.09
171114 -40 -24.19 8.09
171055 -40 -24.19 8.09
174203 -40 -24.19 8.09
173151 -40 -24.19 8.09
173268 -40 -24.19 8.09
172585 -40 -24.19 8.09
166367 -40 -24.19 8.09
172767 -40 -24.19 8.09
167852 -40 -24.19 8.09
169227 -40 -24.19 8.09
170849 -40 -24.19 8.09
173457 -40 -24.19 8.09
172723 -40 -24.19 8.09
170331 -40 -24.19 8.09
168146 -40 -24.19 8.09
99613 -40 3.85 -15.13
104001 -40 3.85 -15.13
105547 -40 3.85 -15.13
104916 -40 3.85 -15.13
105990 -40 3.85 -15.13
101343 -40 3.85 -15.13
108824 -40 3.85 -15.13
104537 -40 3.85 -15.13
104407 -40 3.85 -15.13
100805 -40 3.85 -15.13
104426 -40 3.85 -15.13
107787 -40 3.85 -15.13
106521 -40 3.85 -15.13
104643 -40 3.85 -15.13
103372 -40 3.85 -15.13
103797 -40 3.85 -15.13
108366 -40 3.85 -15.13
104038 -40 3.85 -15.13
101037 -40 3.85 -15.13
108511 -40 3.85 -15.13
98201 -40 3.85 -15.13
108692 -40 3.85 -15.13
104021 -40 3.85 -15.13
105463 -40 3.85 -15.13
99174 -40 3.85 -15.13
103973 -40 3.85 -15.13
108603 -40 3.85 -15.13
101700 -40 3.85 -15.13
108212 -40 3.85 -15.13
104241 -40 3.85 -15.13
103545 -40 3.85 -15.13
103354 -40 3.85 -15.13
102408 -40 3.85 -15.13
105203 -40 3.85 -15.13
102583 -40 3.85 -15.13
99521 -40 3.85 -15.13
105331 -40 3.85 -15.13
104154 -40 3.85 -15.13
106827 -40 3.85 -15.13
203877 -40 -29.05 -10.18
209319 -40 -29.05 -10.18
207871 -40 -29.05 -10.18
206790 -40 -29.05 -10.18
206245 -40 -29.05 -10.18
203598 -40 -29.05 -10.18
207962 -40 -29.05 -10.18
208952 -40 -29.05 -10.18
200279 -40 -29.05 -10.18
203441 -40 -29.05 -10.18
205083 -40 -29.05 -10.18
208064 -40 -29.05 -10.18
204770 -40 -29.05 -10.18
210543 -40 -29.05 -10.18
207227 -40 -29.05 -10.18
206854 -40 -29.05 -10.18
206042 -40 -29.05 -10.18
203778 -40 -29.05 -10.18
207388 -40 -29.05 -10.18
202377 -40 -29.05 -10.18
205015 -40 -29.05 -10.18
203935 -40 -29.05 -10.18
203272 -40 -29.05 -10.18
203686 -40 -29.05 -10.18
203386 -40 -29.05 -10.18
202936 -40 -29.05 -10.18
207891 -40 -29.05 -10.18
206353 -40 -29.05 -10.18
204735 -40 -29.05 -10.18
205232 -40 -29.05 -10.18
207766 -40 -29.05 -10.18
207253 -40 -29.05 -10.18
202470 -40 -29.05 -10.18
205497 -40 -29.05 -10.18
207230 -40 -29.05 -10.18
203799 -40 -29.05 -10.18
203705 -40 -29.05 -10.18
202492 -40 -29.05 -10.18
200197 -40 -29.05 -10.18
220624 -40 -20.85 25.47
223471 -40 -20.85 25.47
219569 -40 -20.85 25.47
218439 -40 -20.85 25.47
219612 -40 -20.85 25.47
220349 -40 -20.85 25.47
222346 -40 -20.85 25.47
220339 -40 -20.85 25.47
218443 -40 -20.85 25.47
224110 -40 -20.85 25.47
218223 -40 -20.85 25.47
218647 -40 -20.85 25.47
221412 -40 -20.85 25.47
224660 -40 -20.85 25.47
218986 -40 -20.85 25.47
222867 -40 -20.85 25.47
218394 -40 -20.85 25.47
218778 -40 -20.85 25.47
218498 -40 -20.85 25.47
217046 -40 -20.85 25.47
221484 -40 -20.85 25.47
218069 -40 -20.85 25.47
220140 -40 -20.85 25.47
215980 -40 -20.85 25.47
216003 -40 -20.85 25.47
221245 -40 -20.85 25.47
220546 -40 -20.85 25.47
219635 -40 -20.85 25.47
219200 -40 -20.85 25.47
221138 -40 -20.85 25.47
217854 -40 -20.85 25.47
223800 -40 -20.85 25.47
221715 -40 -20.85 25.47
215429 -40 -20.85 25.47
217767 -40 -20.85 25.47
217511 -40 -20.85 25.47
218528 -40 -20.85 25.47
225366 -40 -20.85 25.47
225021 -40 -20.85 25.47
91046 -40 -1.19 -13.61
91595 -40 -1.19 -13.61
96206 -40 -1.19 -13.61
91355 -40 -1.19 -13.61
92719 -40 -1.19 -13.61
89715 -40 -1.19 -13.61
89827 -40 -1.19 -13.61
90293 -40 -1.19 -13.61
89145 -40 -1.19 -13.61
90857 -40 -1.19 -13.61
94312 -40 -1.19 -13.61
95519 -40 -1.19 -13.61
87891 -40 -1.19 -13.61
90425 -40 -1.19 -13.61
87535 -40 -1.19 -13.61
89232 -40 -1.19 -13.61
90598 -40 -1.19 -13.61
96638 -40 -1.19 -13.61
93133 -40 -1.19 -13.61
94581 -40 -1.19 -13.61
88009 -40 -1.19 -13.61
88993 -40 -1.19 -13.61
92337 -40 -1.19 -13.61
87289 -40 -1.19 -13.61
89202 -40 -1.19 -13.61
90808 -40 -1.19 -13.61
89031 -40 -1.19 -13.61
85349 -40 -1.19 -13.61
90737 -40 -1.19 -13.61
92949 -40 -1.19 -13.61
94543 -40 -1.19 -13.61
89725 -40 -1.19 -13.61
93447 -40 -1.19 -13.61
90992 -40 -1.19 -13.61
91729 -40 -1.19 -13.61
87954 -40 -1.19 -13.61
91580 -40 -1.19 -13.61
86990 -40 -1.19 -13.61
87990 -40 -1.19 -13.61
232284 -40 -24.01 24.35
233067 -40 -24.01 24.35
233033 -40 -24.01 24.35
223852 -40 -24.01 24.35
225554 -40 -24.01 24.35
225664 -40 -24.01 24.35
230320 -40 -24.01 24.35
230839 -40 -24.01 24.35
226172 -40 -24.01 24.35
231774 -40 -24.01 24.35
226589 -40 -24.01 24.35
223557 -40 -24.01 24.35
229066 -40 -24.01 24.35
225971 -40 -24.01 24.35
226013 -40 -24.01 24.35
224405 -40 -24.01 24.35
223945 -40 -24.01 24.35
232225 -40 -24.01 24.35
231343 -40 -24.01 24.35
227707 -40 -24.01 24.35
230319 -40 -24.01 24.35
226445 -40 -24.01 24.35
225837 -40 -24.01 24.35
226722 -40 -24.01 24.35
227323 -40 -24.01 24.35
226706 -40 -24.01 24.35
230611 -40 -24.01 24.35
227327 -40 -24.01 24.35
226366 -40 -24.01 24.35
226214 -40 -24.01 24.35
230083 -40 -24.01 24.35
224848 -40 -24.01 24.35
227535 -40 -24.01 24.35
227676 -40 -24.01 24.35
227736 -40 -24.01 24.35
226388 -40 -24.01 24.35
228528 -40 -24.01 24.35
222316 -40 -24.01 24.35
224406 -40 -24.01 24.35
89165 -40 -4.98 -12.83
94005 -40 -4.98 -12.83
91993 -40 -4.98 -12.83
90212 -40 -4.98 -12.83
95748 -40 -4.98 -12.83
92173 -40 -4.98 -12.83
88473 -40 -4.98 -12.83
88353 -40 -4.98 -12.83
89280 -40 -4.98 -12.83
88108 -40 -4.98 -12.83
90749 -40 -4.98 -12.83
92217 -40 -4.98 -12.83
87765 -40 -4.98 -12.83
90427 -40 -4.98 -12.83
87986 -40 -4.98 -12.83
88453 -40 -4.98 -12.83
95332 -40 -4.98 -12.83
92519 -40 -4.98 -12.83
93017 -40 -4.98 -12.83
90937 -40 -4.98 -12.83
91411 -40 -4.98 -12.83
95856 -40 -4.98 -12.83
88074 -40 -4.98 -12.83
93353 -40 -4.98 -12.83
91486 -40 -4.98 -12.83
92671 -40 -4.98 -12.83
88805 -40 -4.98 -12.83
89182 -40 -4.98 -12.83
86537 -40 -4.98 -12.83
90435 -40 -4.98 -12.83
89458 -40 -4.98 -12.83
93900 -40 -4.98 -12.83
91564 -40 -4.98 -12.83
95427 -40 -4.98 -12.83
90931 -40 -4.98 -12.83
92897 -40 -4.98 -12.83
93226 -40 -4.98 -12.83
93118 -40 -4.98 -12.83
89613 -40 -4.98 -12.83
