#rtt sig_str x y
185808 -40 -20.82 19.16
188306 -40 -20.82 19.16
192600 -40 -20.82 19.16
190995 -40 -20.82 19.16
188658 -40 -20.82 19.16
187368 -40 -20.82 19.16
189587 -40 -20.82 19.16
185481 -40 -20.82 19.16
191706 -40 -20.82 19.16
193290 -40 -20.82 19.16
191832 -40 -20.82 19.16
191209 -40 -20.82 19.16
188268 -40 -20.82 19.16
193090 -40 -20.82 19.16
188936 -40 -20.82 19.16
182693 -40 -20.82 19.16
189258 -40 -20.82 19.16
194156 -40 -20.82 19.16
192116 -40 -20.82 19.16
190162 -40 -20.82 19.16
189331 -40 -20.82 19.16
193141 -40 -20.82 19.16
186912 -40 -20.82 19.16
190134 -40 -20.82 19.16
191891 -40 -20.82 19.16
184880 -40 -20.82 19.16
187547 -40 -20.82 19.16
187367 -40 -20.82 19.16
194147 -40 -20.82 19.16
188142 -40 -20.82 19.16
184951 -40 -20.82 19.16
189078 -40 -20.82 19.16
187573 -40 -20.82 19.16
187620 -40 -20.82 19.16
189697 -40 -20.82 19.16
191174 -40 -20.82 19.16
187023 -40 -20.82 19.16
188360 -40 -20.82 19.16
185843 -40 -20.82 19.16
188924 -40 -20.54 -20.47
192278 -40 -20.54 -20.47
196116 -40 -20.54 -20.47
196796 -40 -20.54 -20.47
190172 -40 -20.54 -20.47
193527 -40 -20.54 -20.47
194228 -40 -20.54 -20.47
195212 -40 -20.54 -20.47
193467 -40 -20.54 -20.47
193657 -40 -20.54 -20.47
197239 -40 -20.54 -20.47
192846 -40 -20.54 -20.47
191172 -40 -20.54 -20.47
192114 -40 -20.54 -20.47
191828 -40 -20.54 -20.47
192857 -40 -20.54 -20.47
194584 -40 -20.54 -20.47
191855 -40 -20.54 -20.47
196032 -40 -20.54 -20.47
195655 -40 -20.54 -20.47
197875 -40 -20.54 -20.47
196184 -40 -20.54 -20.47
193985 -40 -20.54 -20.47
192482 -40 -20.54 -20.47
194542 -40 -20.54 -20.47
195204 -40 -20.54 -20.47
195003 -40 -20.54 -20.47
195006 -40 -20.54 -20.47
190442 -40 -20.54 -20.47
193823 -40 -20.54 -20.47
191250 -40 -20.54 -20.47
193744 -40 -20.54 -20.47
192958 -40 -20.54 -20.47
194386 -40 -20.54 -20.47
196615 -40 -20.54 -20.47
192603 -40 -20.54 -20.47
195031 -40 -20.54 -20.47
194729 -40 -20.54 -20.47
192648 -40 -20.54 -20.47
208789 -40 29.13 -11.41
211321 -40 29.13 -11.41
206217 -40 29.13 -11.41
207929 -40 29.13 -11.41
208804 -40 29.13 -11.41
210314 -40 29.13 -11.41
212465 -40 29.13 -11.41
206987 -40 29.13 -11.41
207291 -40 29.13 -11.41
210657 -40 29.13 -11.41
211670 -40 29.13 -11.41
211059 -40 29.13 -11.41
212056 -40 29.13 -11.41
206366 -40 29.13 -11.41
207102 -40 29.13 -11.41
205403 -40 29.13 -11.41
213906 -40 29.13 -11.41
204275 -40 29.13 -11.41
208551 -40 29.13 -11.41
211187 -40 29.13 -11.41
210710 -40 29.13 -11.41
208381 -40 29.13 -11.41
208708 -40 29.13 -11.41
209473 -40 29.13 -11.41
209039 -40 29.13 -11.41
206139 -40 29.13 -11.41
210978 -40 29.13 -11.41
208409 -40 29.13 -11.41
207682 -40 29.13 -11.41
207252 -40 29.13 -11.41
208609 -40 29.13 -11.41
206431 -40 29.13 -11.41
205968 -40 29.13 -11.41
211198 -40 29.13 -11.41
210785 -40 29.13 -11.41
205961 -40 29.13 -11.41
208249 -40 29.13 -11.41
206484 -40 29.13 -11.41
205685 -40 29.13 -11.41
167721 -40 24.27 -5.41
164445 -40 24.27 -5.41
165976 -40 24.27 -5.41
167392 -40 24.27 -5.41
166289 -40 24.27 -5.41
167041 -40 24.27 -5.41
165857 -40 24.27 -5.41
169808 -40 24.27 -5.41
164897 -40 24.27 -5.41
163363 -40 24.27 -5.41
162635 -40 24.27 -5.41
163956 -40 24.27 -5.41
166010 -40 24.27 -5.41
163942 -40 24.27 -5.41
166982 -40 24.27 -5.41
162724 -40 24.27 -5.41
164658 -40 24.27 -5.41
171431 -40 24.27 -5.41
166601 -40 24.27 -5.41
167325 -40 24.27 -5.41
170724 -40 24.27 -5.41
163768 -40 24.27 -5.41
165182 -40 24.27 -5.41
166193 -40 24.27 -5.41
165528 -40 24.27 -5.41
163843 -40 24.27 -5.41
162215 -40 24.27 -5.41
164387 -40 24.27 -5.41
167003 -40 24.27 -5.41
163336 -40 24.27 -5.41
166117 -40 24.27 -5.41
161154 -40 24.27 -5.41
165498 -40 24.27 -5.41
164702 -40 24.27 -5.41
168276 -40 24.27 -5.41
159562 -40 24.27 -5.41
168239 -40 24.27 -5.41
165135 -40 24.27 -5.41
162666 -40 24.27 -5.41
137972 -40 -18.84 8.72
137659 -40 -18.84 8.72
139193 -40 -18.84 8.72
138747 -40 -18.84 8.72
137506 -40 -18.84 8.72
141937 -40 -18.84 8.72
139987 -40 -18.84 8.72
138808 -40 -18.84 8.72
137967 -40 -18.84 8.72
137249 -40 -18.84 8.72
136690 -40 -18.84 8.72
140625 -40 -18.84 8.72
135651 -40 -18.84 8.72
135098 -40 -18.84 8.72
143458 -40 -18.84 8.72
139874 -40 -18.84 8.72
141992 -40 -18.84 8.72
137172 -40 -18.84 8.72
133475 -40 -18.84 8.72
134195 -40 -18.84 8.72
142434 -40 -18.84 8.72
141989 -40 -18.84 8.72
138096 -40 -18.84 8.72
134289 -40 -18.84 8.72
134646 -40 -18.84 8.72
142214 -40 -18.84 8.72
138706 -40 -18.84 8.72
138214 -40 -18.84 8.72
143853 -40 -18.84 8.72
140544 -40 -18.84 8.72
135849 -40 -18.84 8.72
137247 -40 -18.84 8.72
141779 -40 -18.84 8.72
139185 -40 -18.84 8.72
138881 -40 -18.84 8.72
138657 -40 -18.84 8.72
135654 -40 -18.84 8.72
140329 -40 -18.84 8.72
136755 -40 -18.84 8.72
148439 -40 -13.94 17.31
148442 -40 -13.94 17.31
149400 -40 -13.94 17.31
149615 -40 -13.94 17.31
151317 -40 -13.94 17.31
146056 -40 -13.94 17.31
147302 -40 -13.94 17.31
150208 -40 -13.94 17.31
149442 -40 -13.94 17.31
154884 -40 -13.94 17.31
150974 -40 -13.94 17.31
142948 -40 -13.94 17.31
149835 -40 -13.94 17.31
143683 -40 -13.94 17.31
147677 -40 -13.94 17.31
145201 -40 -13.94 17.31
151846 -40 -13.94 17.31
143108 -40 -13.94 17.31
150583 -40 -13.94 17.31
147252 -40 -13.94 17.31
148477 -40 -13.94 17.31
151829 -40 -13.94 17.31
146739 -40 -13.94 17.31
148400 -40 -13.94 17.31
150538 -40 -13.94 17.31
148541 -40 -13.94 17.31
147162 -40 -13.94 17.31
153345 -40 -13.94 17.31
153281 -40 -13.94 17.31
149587 -40 -13.94 17.31
150293 -40 -13.94 17.31
150280 -40 -13.94 17.31
142479 -40 -13.94 17.31
145656 -40 -13.94 17.31
151245 -40 -13.94 17.31
152808 -40 -13.94 17.31
147893 -40 -13.94 17.31
147044 -40 -13.94 17.31
149312 -40 -13.94 17.31
79417 -40 -9.96 -6.37
79715 -40 -9.96 -6.37
82854 -40 -9.96 -6.37
76822 -40 -9.96 -6.37
79155 -40 -9.96 -6.37
79571 -40 -9.96 -6.37
76235 -40 -9.96 -6.37
80363 -40 -9.96 -6.37
80287 -40 -9.96 -6.37
72952 -40 -9.96 -6.37
75715 -40 -9.96 -6.37
77616 -40 -9.96 -6.37
79408 -40 -9.96 -6.37
75708 -40 -9.96 -6.37
78029 -40 -9.96 -6.37
75906 -40 -9.96 -6.37
79501 -40 -9.96 -6.37
79271 -40 -9.96 -6.37
80173 -40 -9.96 -6.37
79538 -40 -9.96 -6.37
80364 -40 -9.96 -6.37
79297 -40 -9.96 -6.37
76810 -40 -9.96 -6.37
81998 -40 -9.96 -6.37
78206 -40 -9.96 -6.37
76097 -40 -9.96 -6.37
81293 -40 -9.96 -6.37
76066 -40 -9.96 -6.37
79101 -40 -9.96 -6.37
86214 -40 -9.96 -6.37
78211 -40 -9.96 -6.37
79658 -40 -9.96 -6.37
76937 -40 -9.96 -6.37
81827 -40 -9.96 -6.37
74891 -40 -9.96 -6.37
83536 -40 -9.96 -6.37
78470 -40 -9.96 -6.37
78692 -40 -9.96 -6.37
80884 -40 -9.96 -6.37
69361 -40 8.68 -5.77
71832 -40 8.68 -5.77
71251 -40 8.68 -5.77
67350 -40 8.68 -5.77
67113 -40 8.68 -5.77
65943 -40 8.68 -5.77
70552 -40 8.68 -5.77
67569 -40 8.68 -5.77
72940 -40 8.68 -5.77
70564 -40 8.68 -5.77
70391 -40 8.68 -5.77
68450 -40 8.68 -5.77
70694 -40 8.68 -5.77
68614 -40 8.68 -5.77
65539 -40 8.68 -5.77
65886 -40 8.68 -5.77
67953 -40 8.68 -5.77
70139 -40 8.68 -5.77
65705 -40 8.68 -5.77
67674 -40 8.68 -5.77
65519 -40 8.68 -5.77
66755 -40 8.68 -5.77
71603 -40 8.68 -5.77
65510 -40 8.68 -5.77
70042 -40 8.68 -5.77
74280 -40 8.68 -5.77
71209 -40 8.68 -5.77
66131 -40 8.68 -5.77
73398 -40 8.68 -5.77
72491 -40 8.68 -5.77
72198 -40 8.68 -5.77
69667 -40 8.68 -5.77
69437 -40 8.68 -5.77
67695 -40 8.68 -5.77
66334 -40 8.68 -5.77
70808 -40 8.68 -5.77
68195 -40 8.68 -5.77
76720 -40 8.68 -5.77
66582 -40 8.68 -5.77
117273 -40 -14.92 9.44
113908 -40 -14.92 9.44
120945 -40 -14.92 9.44
118724 -40 -14.92 9.44
114862 -40 -14.92 9.44
114688 -40 -14.92 9.44
114463 -40 -14.92 9.44
120061 -40 -14.92 9.44
114424 -40 -14.92 9.44
114794 -40 -14.92 9.44
115207 -40 -14.92 9.44
124011 -40 -14.92 9.44
112834 -40 -14.92 9.44
116664 -40 -14.92 9.44
113311 -40 -14.92 9.44
117997 -40 -14.92 9.44
121354 -40 -14.92 9.44
116995 -40 -14.92 9.44
120898 -40 -14.92 9.44
111556 -40 -14.92 9.44
117870 -40 -14.92 9.44
114697 -40 -14.92 9.44
115913 -40 -14.92 9.44
120556 -40 -14.92 9.44
116914 -40 -14.92 9.44
114247 -40 -14.92 9.44
116019 -40 -14.92 9.44
117747 -40 -14.92 9.44
114786 -40 -14.92 9.44
117801 -40 -14.92 9.44
117408 -40 -14.92 9.44
121523 -40 -14.92 9.44
120074 -40 -14.92 9.44
108756 -40 -14.92 9.44
117025 -40 -14.92 9.44
119705 -40 -14.92 9.44
118262 -40 -14.92 9.44
118843 -40 -14.92 9.44
115379 -40 -14.92 9.44
160935 -40 8.11 -22.43
154357 -40 8.11 -22.43
157451 -40 8.11 -22.43
158595 -40 8.11 -22.43
159716 -40 8.11 -22.43
157576 -40 8.11 -22.43
155080 -40 8.11 -22.43
154462 -40 8.11 -22.43
158489 -40 8.11 -22.43
155122 -40 8.11 -22.43
159861 -40 8.11 -22.43
161388 -40 8.11 -22.43
165553 -40 8.11 -22.43
159874 -40 8.11 -22.43
158070 -40 8.11 -22.43
159056 -40 8.11 -22.43
161519 -40 8.11 -22.43
162217 -40 8.11 -22.43
159853 -40 8.11 -22.43
160319 -40 8.11 -22.43
158355 -40 8.11 -22.43
160258 -40 8.11 -22.43
157269 -40 8.11 -22.43
157207 -40 8.11 -22.43
163247 -40 8.11 -22.43
161191 -40 8.11 -22.43
157303 -40 8.11 -22.43
160086 -40 8.11 -22.43
157397 -40 8.11 -22.43
161462 -40 8.11 -22.43
156601 -40 8.11 -22.43
156850 -40 8.11 -22.43
159547 -40 8.11 -22.43
159281 -40 8.11 -22.43
159488 -40 8.11 -22.43
160080 -40 8.11 -22.43
156544 -40 8.11 -22.43
157113 -40 8.11 -22.43
159931 -40 8.11 -22.43
