#rtt sig_str x y
233331 -40 -17.94 29.45
228206 -40 -17.94 29.45
229764 -40 -17.94 29.45
229555 -40 -17.94 29.45
232936 -40 -17.94 29.45
232453 -40 -17.94 29.45
232893 -40 -17.94 29.45
234988 -40 -17.94 29.45
222845 -40 -17.94 29.45
228589 -40 -17.94 29.45
228902 -40 -17.94 29.45
231529 -40 -17.94 29.45
232022 -40 -17.94 29.45
226613 -40 -17.94 29.45
228633 -40 -17.94 29.45
228364 -40 -17.94 29.45
227449 -40 -17.94 29.45
226157 -40 -17.94 29.45
230642 -40 -17.94 29.45
226869 -40 -17.94 29.45
226873 -40 -17.94 29.45
229231 -40 -17.94 29.45
228030 -40 -17.94 29.45
226511 -40 -17.94 29.45
230831 -40 -17.94 29.45
228538 -40 -17.94 29.45
227896 -40 -17.94 29.45
229614 -40 -17.94 29.45
227383 -40 -17.94 29.45
230540 -40 -17.94 29.45
230324 -40 -17.94 29.45
231216 -40 -17.94 29.45
225241 -40 -17.94 29.45
229836 -40 -17.94 29.45
228092 -40 -17.94 29.45
228809 -40 -17.94 29.45
229881 -40 -17.94 29.45
232298 -40 -17.94 29.45
234190 -40 -17.94 29.45
70934 -40 -10.26 -1.32
65759 -40 -10.26 -1.32
66104 -40 -10.26 -1.32
66203 -40 -10.26 -1.32
68247 -40 -10.26 -1.32
69093 -40 -10.26 -1.32
68367 -40 -10.26 -1.32
67354 -40 -10.26 -1.32
70531 -40 -10.26 -1.32
70808 -40 -10.26 -1.32
68021 -40 -10.26 -1.32
67464 -40 -10.26 -1.32
66950 -40 -10.26 -1.32
68054 -40 -10.26 -1.32
69600 -40 -10.26 -1.32
72735 -40 -10.26 -1.32
68615 -40 -10.26 -1.32
67490 -40 -10.26 -1.32
67756 -40 -10.26 -1.32
66362 -40 -10.26 -1.32
69407 -40 -10.26 -1.32
70505 -40 -10.26 -1.32
70926 -40 -10.26 -1.32
71274 -40 -10.26 -1.32
73148 -40 -10.26 -1.32
68888 -40 -10.26 -1.32
69010 -40 -10.26 -1.32
67957 -40 -10.26 -1.32
70272 -40 -10.26 -1.32
71152 -40 -10.26 -1.32
65099 -40 -10.26 -1.32
70774 -40 -10.26 -1.32
66433 -40 -10.26 -1.32
66787 -40 -10.26 -1.32
69470 -40 -10.26 -1.32
68708 -40 -10.26 -1.32
66824 -40 -10.26 -1.32
63826 -40 -10.26 -1.32
73999 -40 -10.26 -1.32
87074 -40 -12.21 4.21
84206 -40 -12.21 4.21
84101 -40 -12.21 4.21
88049 -40 -12.21 4.21
90222 -40 -12.21 4.21
88184 -40 -12.21 4.21
86872 -40 -12.21 4.21
84109 -40 -12.21 4.21
85366 -40 -12.21 4.21
86657 -40 -12.21 4.21
85598 -40 -12.21 4.21
85692 -40 -12.21 4.21
88396 -40 -12.21 4.21
90116 -40 -12.21 4.21
85674 -40 -12.21 4.21
85276 -40 -12.21 4.21
84857 -40 -12.21 4.21
84505 -40 -12.21 4.21
88972 -40 -12.21 4.21
83738 -40 -12.21 4.21
80500 -40 -12.21 4.21
89371 -40 -12.21 4.21
83334 -40 -12.21 4.21
81532 -40 -12.21 4.21
86340 -40 -12.21 4.21
85218 -40 -12.21 4.21
86453 -40 -12.21 4.21
86608 -40 -12.21 4.21
90007 -40 -12.21 4.21
80864 -40 -12.21 4.21
85021 -40 -12.21 4.21
83990 -40 -12.21 4.21
84363 -40 -12.21 4.21
91324 -40 -12.21 4.21
83978 -40 -12.21 4.21
90000 -40 -12.21 4.21
84758 -40 -12.21 4.21
83880 -40 -12.21 4.21
88811 -40 -12.21 4.21
233945 -40 -24.4 25.77
238803 -40 -24.4 25.77
235086 -40 -24.4 25.77
233127 -40 -24.4 25.77
237557 -40 -24.4 25.77
237726 -40 -24.4 25.77
234693 -40 -24.4 25.77
236660 -40 -24.4 25.77
236193 -40 -24.4 25.77
233748 -40 -24.4 25.77
231656 -40 -24.4 25.77
241856 -40 -24.4 25.77
244876 -40 -24.4 25.77
234662 -40 -24.4 25.77
240124 -40 -24.4 25.77
234331 -40 -24.4 25.77
237498 -40 -24.4 25.77
229698 -40 -24.4 25.77
240053 -40 -24.4 25.77
234161 -40 -24.4 25.77
235256 -40 -24.4 25.77
243140 -40 -24.4 25.77
240713 -40 -24.4 25.77
241771 -40 -24.4 25.77
238983 -40 -24.4 25.77
235822 -40 -24.4 25.77
238130 -40 -24.4 25.77
234128 -40 -24.4 25.77
237490 -40 -24.4 25.77
238693 -40 -24.4 25.77
231217 -40 -24.4 25.77
229945 -40 -24.4 25.77
235174 -40 -24.4 25.77
237127 -40 -24.4 25.77
236591 -40 -24.4 25.77
236472 -40 -24.4 25.77
237295 -40 -24.4 25.77
238712 -40 -24.4 25.77
236609 -40 -24.4 25.77
70443 -40 -10.02 -2.5
70055 -40 -10.02 -2.5
66516 -40 -10.02 -2.5
65674 -40 -10.02 -2.5
67915 -40 -10.02 -2.5
68535 -40 -10.02 -2.5
69497 -40 -10.02 -2.5
69513 -40 -10.02 -2.5
70453 -40 -10.02 -2.5
67538 -40 -10.02 -2.5
72516 -40 -10.02 -2.5
70452 -40 -10.02 -2.5
66383 -40 -10.02 -2.5
71889 -40 -10.02 -2.5
64316 -40 -10.02 -2.5
71376 -40 -10.02 -2.5
68236 -40 -10.02 -2.5
67645 -40 -10.02 -2.5
69946 -40 -10.02 -2.5
68046 -40 -10.02 -2.5
71236 -40 -10.02 -2.5
70239 -40 -10.02 -2.5
67336 -40 -10.02 -2.5
68257 -40 -10.02 -2.5
67139 -40 -10.02 -2.5
64102 -40 -10.02 -2.5
69430 -40 -10.02 -2.5
66726 -40 -10.02 -2.5
67598 -40 -10.02 -2.5
68285 -40 -10.02 -2.5
66216 -40 -10.02 -2.5
68588 -40 -10.02 -2.5
69572 -40 -10.02 -2.5
66640 -40 -10.02 -2.5
71060 -40 -10.02 -2.5
69621 -40 -10.02 -2.5
64495 -40 -10.02 -2.5
67402 -40 -10.02 -2.5
72874 -40 -10.02 -2.5
91642 -40 13.52 2.33
87370 -40 13.52 2.33
86464 -40 13.52 2.33
92677 -40 13.52 2.33
90502 -40 13.52 2.33
91025 -40 13.52 2.33
94730 -40 13.52 2.33
94920 -40 13.52 2.33
92231 -40 13.52 2.33
90173 -40 13.52 2.33
94252 -40 13.52 2.33
91601 -40 13.52 2.33
95839 -40 13.52 2.33
92655 -40 13.52 2.33
91690 -40 13.52 2.33
88807 -40 13.52 2.33
88518 -40 13.52 2.33
93080 -40 13.52 2.33
91884 -40 13.52 2.33
90660 -40 13.52 2.33
94307 -40 13.52 2.33
88788 -40 13.52 2.33
92056 -40 13.52 2.33
88173 -40 13.52 2.33
90883 -40 13.52 2.33
91187 -40 13.52 2.33
89782 -40 13.52 2.33
89606 -40 13.52 2.33
93492 -40 13.52 2.33
88498 -40 13.52 2.33
88904 -40 13.52 2.33
91757 -40 13.52 2.33
98277 -40 13.52 2.33
94488 -40 13.52 2.33
90936 -40 13.52 2.33
90126 -40 13.52 2.33
95113 -40 13.52 2.33
95345 -40 13.52 2.33
85865 -40 13.52 2.33
97303 -40 9.14 -10.75
91837 -40 9.14 -10.75
94220 -40 9.14 -10.75
91889 -40 9.14 -10.75
97116 -40 9.14 -10.75
90894 -40 9.14 -10.75
96832 -40 9.14 -10.75
98230 -40 9.14 -10.75
93852 -40 9.14 -10.75
97354 -40 9.14 -10.75
95296 -40 9.14 -10.75
98123 -40 9.14 -10.75
96531 -40 9.14 -10.75
93883 -40 9.14 -10.75
88538 -40 9.14 -10.75
94141 -40 9.14 -10.75
93213 -40 9.14 -10.75
98183 -40 9.14 -10.75
96197 -40 9.14 -10.75
87448 -40 9.14 -10.75
96836 -40 9.14 -10.75
93158 -40 9.14 -10.75
90654 -40 9.14 -10.75
97040 -40 9.14 -10.75
95755 -40 9.14 -10.75
92888 -40 9.14 -10.75
99176 -40 9.14 -10.75
95675 -40 9.14 -10.75
96126 -40 9.14 -10.75
93508 -40 9.14 -10.75
93538 -40 9.14 -10.75
98074 -40 9.14 -10.75
94251 -40 9.14 -10.75
95979 -40 9.14 -10.75
95202 -40 9.14 -10.75
95309 -40 9.14 -10.75
93140 -40 9.14 -10.75
92795 -40 9.14 -10.75
94020 -40 9.14 -10.75
98983 -40 0.29 14.99
104656 -40 0.29 14.99
95562 -40 0.29 14.99
100445 -40 0.29 14.99
101497 -40 0.29 14.99
96211 -40 0.29 14.99
93731 -40 0.29 14.99
102150 -40 0.29 14.99
97699 -40 0.29 14.99
100298 -40 0.29 14.99
97996 -40 0.29 14.99
101961 -40 0.29 14.99
100473 -40 0.29 14.99
99271 -40 0.29 14.99
100423 -40 0.29 14.99
100817 -40 0.29 14.99
97203 -40 0.29 14.99
97651 -40 0.29 14.99
100784 -40 0.29 14.99
100381 -40 0.29 14.99
100002 -40 0.29 14.99
108361 -40 0.29 14.99
102510 -40 0.29 14.99
103987 -40 0.29 14.99
97168 -40 0.29 14.99
101767 -40 0.29 14.99
100660 -40 0.29 14.99
98891 -40 0.29 14.99
102450 -40 0.29 14.99
100087 -40 0.29 14.99
100241 -40 0.29 14.99
97429 -40 0.29 14.99
97685 -40 0.29 14.99
102884 -40 0.29 14.99
99349 -40 0.29 14.99
98113 -40 0.29 14.99
101682 -40 0.29 14.99
100822 -40 0.29 14.99
99534 -40 0.29 14.99
196461 -40 26.84 -12.81
197779 -40 26.84 -12.81
199846 -40 26.84 -12.81
195354 -40 26.84 -12.81
201542 -40 26.84 -12.81
200591 -40 26.84 -12.81
201413 -40 26.84 -12.81
199610 -40 26.84 -12.81
197096 -40 26.84 -12.81
197646 -40 26.84 -12.81
196666 -40 26.84 -12.81
199758 -40 26.84 -12.81
196950 -40 26.84 -12.81
199333 -40 26.84 -12.81
195648 -40 26.84 -12.81
202446 -40 26.84 -12.81
198592 -40 26.84 -12.81
198044 -40 26.84 -12.81
197509 -40 26.84 -12.81
202738 -40 26.84 -12.81
200372 -40 26.84 -12.81
197709 -40 26.84 -12.81
196977 -40 26.84 -12.81
196609 -40 26.84 -12.81
195883 -40 26.84 -12.81
196409 -40 26.84 -12.81
198191 -40 26.84 -12.81
199067 -40 26.84 -12.81
198512 -40 26.84 -12.81
205448 -40 26.84 -12.81
201069 -40 26.84 -12.81
200073 -40 26.84 -12.81
198111 -40 26.84 -12.81
201125 -40 26.84 -12.81
196400 -40 26.84 -12.81
199574 -40 26.84 -12.81
198968 -40 26.84 -12.81
201112 -40 26.84 -12.81
202456 -40 26.84 -12.81
66370 -40 7.65 -6.33
70405 -40 7.65 -6.33
65799 -40 7.65 -6.33
65267 -40 7.65 -6.33
65151 -40 7.65 -6.33
67882 -40 7.65 -6.33
66436 -40 7.65 -6.33
62107 -40 7.65 -6.33
64609 -40 7.65 -6.33
68404 -40 7.65 -6.33
63919 -40 7.65 -6.33
66267 -40 7.65 -6.33
64551 -40 7.65 -6.33
68425 -40 7.65 -6.33
69239 -40 7.65 -6.33
67293 -40 7.65 -6.33
60536 -40 7.65 -6.33
67816 -40 7.65 -6.33
64218 -40 7.65 -6.33
66763 -40 7.65 -6.33
63831 -40 7.65 -6.33
66967 -40 7.65 -6.33
63602 -40 7.65 -6.33
69990 -40 7.65 -6.33
64413 -40 7.65 -6.33
67757 -40 7.65 -6.33
63797 -40 7.65 -6.33
67286 -40 7.65 -6.33
63033 -40 7.65 -6.33
66466 -40 7.65 -6.33
65532 -40 7.65 -6.33
68583 -40 7.65 -6.33
64423 -40 7.65 -6.33
65493 -40 7.65 -6.33
66088 -40 7.65 -6.33
68828 -40 7.65 -6.33
65157 -40 7.65 -6.33
67883 -40 7.65 -6.33
68515 -40 7.65 -6.33
