#rtt sig_str x y
228137 -40 23.16 24.85
227734 -40 23.16 24.85
224231 -40 23.16 24.85
230601 -40 23.16 24.85
227044 -40 23.16 24.85
227953 -40 23.16 24.85
227419 -40 23.16 24.85
227521 -40 23.16 24.85
226334 -40 23.16 24.85
225602 -40 23.16 24.85
226014 -40 23.16 24.85
230114 -40 23.16 24.85
224706 -40 23.16 24.85
222200 -40 23.16 24.85
226637 -40 23.16 24.85
224958 -40 23.16 24.85
226139 -40 23.16 24.85
228126 -40 23.16 24.85
227808 -40 23.16 24.85
227324 -40 23.16 24.85
222344 -40 23.16 24.85
226604 -40 23.16 24.85
227857 -40 23.16 24.85
227718 -40 23.16 24.85
227207 -40 23.16 24.85
227908 -40 23.16 24.85
226255 -40 23.16 24.85
227051 -40 23.16 24.85
223587 -40 23.16 24.85
225159 -40 23.16 24.85
222900 -40 23.16 24.85
228787 -40 23.16 24.85
226264 -40 23.16 24.85
227439 -40 23.16 24.85
228981 -40 23.16 24.85
225932 -40 23.16 24.85
227622 -40 23.16 24.85
227348 -40 23.16 24.85
224537 -40 23.16 24.85
154175 -40 17.32 -15.66
157362 -40 17.32 -15.66
158331 -40 17.32 -15.66
153549 -40 17.32 -15.66
157702 -40 17.32 -15.66
152673 -40 17.32 -15.66
156686 -40 17.32 -15.66
154337 -40 17.32 -15.66
156140 -40 17.32 -15.66
159038 -40 17.32 -15.66
152403 -40 17.32 -15.66
154501 -40 17.32 -15.66
155218 -40 17.32 -15.66
153482 -40 17.32 -15.66
155821 -40 17.32 -15.66
156350 -40 17.32 -15.66
154230 -40 17.32 -15.66
160248 -40 17.32 -15.66
151881 -40 17.32 -15.66
155762 -40 17.32 -15.66
156288 -40 17.32 -15.66
154952 -40 17.32 -15.66
154988 -40 17.32 -15.66
155102 -40 17.32 -15.66
159508 -40 17.32 -15.66
154393 -40 17.32 -15.66
155990 -40 17.32 -15.66
156617 -40 17.32 -15.66
153740 -40 17.32 -15.66
157738 -40 17.32 -15.66
153334 -40 17.32 -15.66
155017 -40 17.32 -15.66
149981 -40 17.32 -15.66
155628 -40 17.32 -15.66
155123 -40 17.32 -15.66
157194 -40 17.32 -15.66
161204 -40 17.32 -15.66
155470 -40 17.32 -15.66
160510 -40 17.32 -15.66
128311 -40 -4.52 19.46
129632 -40 -4.52 19.46
134068 -40 -4.52 19.46
134171 -40 -4.52 19.46
133022 -40 -4.52 19.46
133750 -40 -4.52 19.46
132904 -40 -4.52 19.46
135783 -40 -4.52 19.46
130645 -40 -4.52 19.46
128087 -40 -4.52 19.46
133508 -40 -4.52 19.46
136306 -40 -4.52 19.46
132033 -40 -4.52 19.46
133906 -40 -4.52 19.46
131411 -40 -4.52 19.46
135890 -40 -4.52 19.46
133007 -40 -4.52 19.46
130724 -40 -4.52 19.46
132205 -40 -4.52 19.46
130493 -40 -4.52 19.46
132710 -40 -4.52 19.46
130141 -40 -4.52 19.46
135414 -40 -4.52 19.46
133824 -40 -4.52 19.46
132555 -40 -4.52 19.46
138126 -40 -4.52 19.46
131346 -40 -4.52 19.46
132269 -40 -4.52 19.46
132273 -40 -4.52 19.46
130375 -40 -4.52 19.46
130285 -40 -4.52 19.46
134917 -40 -4.52 19.46
132341 -40 -4.52 19.46
131010 -40 -4.52 19.46
135708 -40 -4.52 19.46
133814 -40 -4.52 19.46
133487 -40 -4.52 19.46
129686 -40 -4.52 19.46
137722 -40 -4.52 19.46
197661 -40 -1.27 -29.53
200119 -40 -1.27 -29.53
193161 -40 -1.27 -29.53
196127 -40 -1.27 -29.53
194131 -40 -1.27 -29.53
190745 -40 -1.27 -29.53
199549 -40 -1.27 -29.53
198996 -40 -1.27 -29.53
197476 -40 -1.27 -29.53
198749 -40 -1.27 -29.53
198693 -40 -1.27 -29.53
203068 -40 -1.27 -29.53
197566 -40 -1.27 -29.53
195336 -40 -1.27 -29.53
197409 -40 -1.27 -29.53
194543 -40 -1.27 -29.53
200123 -40 -1.27 -29.53
198184 -40 -1.27 -29.53
197850 -40 -1.27 -29.53
197255 -40 -1.27 -29.53
198795 -40 -1.27 -29.53
197584 -40 -1.27 -29.53
196442 -40 -1.27 -29.53
196389 -40 -1.27 -29.53
193298 -40 -1.27 -29.53
196319 -40 -1.27 -29.53
197034 -40 -1.27 -29.53
196840 -40 -1.27 -29.53
199129 -40 -1.27 -29.53
198030 -40 -1.27 -29.53
195622 -40 -1.27 -29.53
195147 -40 -1.27 -29.53
199305 -40 -1.27 -29.53
198186 -40 -1.27 -29.53
194722 -40 -1.27 -29.53
199338 -40 -1.27 -29.53
193559 -40 -1.27 -29.53
197695 -40 -1.27 -29.53
198909 -40 -1.27 -29.53
257971 -40 -29.98 -24.44
257057 -40 -29.98 -24.44
257929 -40 -29.98 -24.44
254518 -40 -29.98 -24.44
256027 -40 -29.98 -24.44
258929 -40 -29.98 -24.44
257371 -40 -29.98 -24.44
256018 -40 -29.98 -24.44
260623 -40 -29.98 -24.44
258742 -40 -29.98 -24.44
259332 -40 -29.98 -24.44
249935 -40 -29.98 -24.44
259135 -40 -29.98 -24.44
259028 -40 -29.98 -24.44
256987 -40 -29.98 -24.44
262223 -40 -29.98 -24.44
259247 -40 -29.98 -24.44
259380 -40 -29.98 -24.44
254935 -40 -29.98 -24.44
255126 -40 -29.98 -24.44
255652 -40 -29.98 -24.44
254738 -40 -29.98 -24.44
259791 -40 -29.98 -24.44
259228 -40 -29.98 -24.44
255706 -40 -29.98 -24.44
258505 -40 -29.98 -24.44
258611 -40 -29.98 -24.44
260467 -40 -29.98 -24.44
261690 -40 -29.98 -24.44
254255 -40 -29.98 -24.44
253200 -40 -29.98 -24.44
263669 -40 -29.98 -24.44
254445 -40 -29.98 -24.44
257957 -40 -29.98 -24.44
260938 -40 -29.98 -24.44
262033 -40 -29.98 -24.44
257875 -40 -29.98 -24.44
256708 -40 -29.98 -24.44
259641 -40 -29.98 -24.44
173150 -40 21.39 -14.52
175449 -40 21.39 -14.52
171702 -40 21.39 -14.52
172996 -40 21.39 -14.52
170519 -40 21.39 -14.52
172807 -40 21.39 -14.52
173412 -40 21.39 -14.52
174218 -40 21.39 -14.52
169237 -40 21.39 -14.52
172796 -40 21.39 -14.52
168771 -40 21.39 -14.52
170395 -40 21.39 -14.52
177331 -40 21.39 -14.52
177943 -40 21.39 -14.52
172049 -40 21.39 -14.52
171469 -40 21.39 -14.52
171220 -40 21.39 -14.52
171739 -40 21.39 -14.52
171903 -40 21.39 -14.52
169514 -40 21.39 -14.52
171203 -40 21.39 -14.52
171030 -40 21.39 -14.52
170034 -40 21.39 -14.52
174405 -40 21.39 -14.52
168859 -40 21.39 -14.52
172245 -40 21.39 -14.52
175291 -40 21.39 -14.52
173444 -40 21.39 -14.52
175429 -40 21.39 -14.52
168560 -40 21.39 -14.52
170923 -40 21.39 -14.52
176642 -40 21.39 -14.52
171989 -40 21.39 -14.52
173837 -40 21.39 -14.52
173641 -40 21.39 -14.52
172554 -40 21.39 -14.52
170357 -40 21.39 -14.52
168171 -40 21.39 -14.52
175939 -40 21.39 -14.52
185656 -40 -8.8 25.97
185699 -40 -8.8 25.97
181133 -40 -8.8 25.97
180956 -40 -8.8 25.97
183837 -40 -8.8 25.97
181037 -40 -8.8 25.97
182923 -40 -8.8 25.97
185282 -40 -8.8 25.97
181816 -40 -8.8 25.97
181972 -40 -8.8 25.97
183325 -40 -8.8 25.97
185177 -40 -8.8 25.97
181186 -40 -8.8 25.97
180572 -40 -8.8 25.97
181805 -40 -8.8 25.97
183318 -40 -8.8 25.97
186197 -40 -8.8 25.97
187545 -40 -8.8 25.97
184016 -40 -8.8 25.97
185408 -40 -8.8 25.97
179139 -40 -8.8 25.97
181703 -40 -8.8 25.97
185188 -40 -8.8 25.97
184942 -40 -8.8 25.97
180187 -40 -8.8 25.97
182646 -40 -8.8 25.97
182998 -40 -8.8 25.97
180286 -40 -8.8 25.97
186136 -40 -8.8 25.97
185009 -40 -8.8 25.97
184082 -40 -8.8 25.97
181466 -40 -8.8 25.97
186326 -40 -8.8 25.97
184748 -40 -8.8 25.97
179435 -40 -8.8 25.97
188894 -40 -8.8 25.97
179165 -40 -8.8 25.97
185475 -40 -8.8 25.97
185106 -40 -8.8 25.97
102346 -40 -3.52 15.16
103378 -40 -3.52 15.16
104881 -40 -3.52 15.16
104055 -40 -3.52 15.16
101148 -40 -3.52 15.16
102850 -40 -3.52 15.16
104481 -40 -3.52 15.16
103792 -40 -3.52 15.16
103401 -40 -3.52 15.16
102757 -40 -3.52 15.16
102108 -40 -3.52 15.16
104770 -40 -3.52 15.16
104449 -40 -3.52 15.16
106924 -40 -3.52 15.16
102116 -40 -3.52 15.16
100262 -40 -3.52 15.16
103107 -40 -3.52 15.16
103711 -40 -3.52 15.16
104602 -40 -3.52 15.16
107768 -40 -3.52 15.16
109276 -40 -3.52 15.16
104416 -40 -3.52 15.16
99998 -40 -3.52 15.16
103143 -40 -3.52 15.16
103834 -40 -3.52 15.16
104552 -40 -3.52 15.16
102518 -40 -3.52 15.16
100014 -40 -3.52 15.16
100195 -40 -3.52 15.16
102270 -40 -3.52 15.16
108036 -40 -3.52 15.16
108887 -40 -3.52 15.16
108611 -40 -3.52 15.16
100327 -40 -3.52 15.16
103836 -40 -3.52 15.16
104719 -40 -3.52 15.16
102385 -40 -3.52 15.16
101814 -40 -3.52 15.16
101313 -40 -3.52 15.16
199146 -40 26.32 -12.85
194041 -40 26.32 -12.85
195230 -40 26.32 -12.85
197729 -40 26.32 -12.85
194828 -40 26.32 -12.85
193597 -40 26.32 -12.85
196492 -40 26.32 -12.85
195578 -40 26.32 -12.85
194529 -40 26.32 -12.85
196131 -40 26.32 -12.85
195433 -40 26.32 -12.85
195073 -40 26.32 -12.85
196280 -40 26.32 -12.85
196507 -40 26.32 -12.85
194802 -40 26.32 -12.85
191065 -40 26.32 -12.85
194021 -40 26.32 -12.85
192618 -40 26.32 -12.85
196991 -40 26.32 -12.85
192471 -40 26.32 -12.85
197322 -40 26.32 -12.85
196701 -40 26.32 -12.85
198146 -40 26.32 -12.85
199608 -40 26.32 -12.85
194876 -40 26.32 -12.85
194821 -40 26.32 -12.85
194021 -40 26.32 -12.85
197763 -40 26.32 -12.85
198095 -40 26.32 -12.85
198982 -40 26.32 -12.85
192273 -40 26.32 -12.85
194980 -40 26.32 -12.85
196283 -40 26.32 -12.85
200956 -40 26.32 -12.85
197028 -40 26.32 -12.85
193285 -40 26.32 -12.85
193112 -40 26.32 -12.85
197331 -40 26.32 -12.85
197344 -40 26.32 -12.85
88650 -40 13.06 -3.23
91685 -40 13.06 -3.23
87892 -40 13.06 -3.23
87091 -40 13.06 -3.23
86350 -40 13.06 -3.23
93528 -40 13.06 -3.23
88744 -40 13.06 -3.23
86690 -40 13.06 -3.23
84709 -40 13.06 -3.23
89763 -40 13.06 -3.23
87400 -40 13.06 -3.23
87247 -40 13.06 -3.23
91630 -40 13.06 -3.23
85026 -40 13.06 -3.23
95369 -40 13.06 -3.23
92301 -40 13.06 -3.23
87411 -40 13.06 -3.23
91585 -40 13.06 -3.23
86502 -40 13.06 -3.23
88840 -40 13.06 -3.23
90788 -40 13.06 -3.23
88737 -40 13.06 -3.23
89822 -40 13.06 -3.23
90647 -40 13.06 -3.23
88682 -40 13.06 -3.23
90318 -40 13.06 -3.23
90317 -40 13.06 -3.23
90705 -40 13.06 -3.23
87723 -40 13.06 -3.23
86243 -40 13.06 -3.23
87358 -40 13.06 -3.23
84369 -40 13.06 -3.23
88836 -40 13.06 -3.23
87685 -40 13.06 -3.23
90131 -40 13.06 -3.23
89164 -40 13.06 -3.23
93680 -40 13.06 -3.23
86754 -40 13.06 -3.23
92452 -40 13.06 -3.23
