#rtt sig_str x y
56883 -40 6.38 4.76
53002 -40 6.38 4.76
52445 -40 6.38 4.76
56311 -40 6.38 4.76
55292 -40 6.38 4.76
49767 -40 6.38 4.76
53396 -40 6.38 4.76
51936 -40 6.38 4.76
50099 -40 6.38 4.76
51039 -40 6.38 4.76
51468 -40 6.38 4.76
52088 -40 6.38 4.76
48754 -40 6.38 4.76
54222 -40 6.38 4.76
54768 -40 6.38 4.76
49368 -40 6.38 4.76
52767 -40 6.38 4.76
52650 -40 6.38 4.76
53133 -40 6.38 4.76
54928 -40 6.38 4.76
57249 -40 6.38 4.76
54040 -40 6.38 4.76
49445 -40 6.38 4.76
53624 -40 6.38 4.76
54740 -40 6.38 4.76
52419 -40 6.38 4.76
52935 -40 6.38 4.76
50070 -40 6.38 4.76
56265 -40 6.38 4.76
51877 -40 6.38 4.76
51591 -40 6.38 4.76
51644 -40 6.38 4.76
47437 -40 6.38 4.76
49923 -40 6.38 4.76
55312 -40 6.38 4.76
50238 -40 6.38 4.76
57440 -40 6.38 4.76
48007 -40 6.38 4.76
52835 -40 6.38 4.76
163433 -40 9.45 22.42
163765 -40 9.45 22.42
163680 -40 9.45 22.42
163097 -40 9.45 22.42
163373 -40 9.45 22.42
158370 -40 9.45 22.42
163907 -40 9.45 22.42
160767 -40 9.45 22.42
163750 -40 9.45 22.42
165191 -40 9.45 22.42
163720 -40 9.45 22.42
159742 -40 9.45 22.42
160176 -40 9.45 22.42
163134 -40 9.45 22.42
162977 -40 9.45 22.42
158937 -40 9.45 22.42
159805 -40 9.45 22.42
162328 -40 9.45 22.42
164265 -40 9.45 22.42
164998 -40 9.45 22.42
163943 -40 9.45 22.42
162218 -40 9.45 22.42
163271 -40 9.45 22.42
163401 -40 9.45 22.42
164560 -40 9.45 22.42
163190 -40 9.45 22.42
163051 -40 9.45 22.42
165725 -40 9.45 22.42
159839 -40 9.45 22.42
158761 -40 9.45 22.42
163197 -40 9.45 22.42
162706 -40 9.45 22.42
162226 -40 9.45 22.42
162307 -40 9.45 22.42
159446 -40 9.45 22.42
166382 -40 9.45 22.42
161846 -40 9.45 22.42
163213 -40 9.45 22.42
165096 -40 9.45 22.42
134095 -40 -11.57 -16.65
136249 -40 -11.57 -16.65
135545 -40 -11.57 -16.65
133704 -40 -11.57 -16.65
132496 -40 -11.57 -16.65
139711 -40 -11.57 -16.65
133309 -40 -11.57 -16.65
136005 -40 -11.57 -16.65
136381 -40 -11.57 -16.65
135136 -40 -11.57 -16.65
137863 -40 -11.57 -16.65
129582 -40 -11.57 -16.65
135122 -40 -11.57 -16.65
138136 -40 -11.57 -16.65
135989 -40 -11.57 -16.65
132641 -40 -11.57 -16.65
139634 -40 -11.57 -16.65
139989 -40 -11.57 -16.65
132955 -40 -11.57 -16.65
136563 -40 -11.57 -16.65
135840 -40 -11.57 -16.65
133039 -40 -11.57 -16.65
138766 -40 -11.57 -16.65
132766 -40 -11.57 -16.65
135165 -40 -11.57 -16.65
137028 -40 -11.57 -16.65
138074 -40 -11.57 -16.65
135757 -40 -11.57 -16.65
140380 -40 -11.57 -16.65
129447 -40 -11.57 -16.65
133445 -40 -11.57 -16.65
133986 -40 -11.57 -16.65
136044 -40 -11.57 -16.65
136442 -40 -11.57 -16.65
140929 -40 -11.57 -16.65
133644 -40 -11.57 -16.65
131571 -40 -11.57 -16.65
142669 -40 -11.57 -16.65
133301 -40 -11.57 -16.65
240709 -40 27.72 -23.7
243837 -40 27.72 -23.7
242293 -40 27.72 -23.7
243216 -40 27.72 -23.7
239752 -40 27.72 -23.7
245991 -40 27.72 -23.7
241269 -40 27.72 -23.7
241290 -40 27.72 -23.7
247705 -40 27.72 -23.7
242429 -40 27.72 -23.7
242790 -40 27.72 -23.7
240195 -40 27.72 -23.7
245530 -40 27.72 -23.7
245463 -40 27.72 -23.7
244382 -40 27.72 -23.7
242529 -40 27.72 -23.7
242349 -40 27.72 -23.7
239777 -40 27.72 -23.7
243194 -40 27.72 -23.7
242955 -40 27.72 -23.7
245297 -40 27.72 -23.7
243922 -40 27.72 -23.7
244657 -40 27.72 -23.7
244235 -40 27.72 -23.7
241952 -40 27.72 -23.7
244405 -40 27.72 -23.7
246203 -40 27.72 -23.7
247601 -40 27.72 -23.7
241572 -40 27.72 -23.7
242263 -40 27.72 -23.7
241258 -40 27.72 -23.7
244826 -40 27.72 -23.7
243043 -40 27.72 -23.7
244420 -40 27.72 -23.7
243961 -40 27.72 -23.7
244245 -40 27.72 -23.7
247687 -40 27.72 -23.7
240763 -40 27.72 -23.7
248796 -40 27.72 -23.7
147358 -40 2.16 -21.95
141539 -40 2.16 -21.95
147417 -40 2.16 -21.95
144563 -40 2.16 -21.95
150511 -40 2.16 -21.95
146834 -40 2.16 -21.95
146513 -40 2.16 -21.95
149643 -40 2.16 -21.95
149326 -40 2.16 -21.95
146707 -40 2.16 -21.95
148280 -40 2.16 -21.95
148415 -40 2.16 -21.95
144249 -40 2.16 -21.95
147011 -40 2.16 -21.95
146982 -40 2.16 -21.95
147999 -40 2.16 -21.95
146605 -40 2.16 -21.95
147870 -40 2.16 -21.95
145989 -40 2.16 -21.95
148818 -40 2.16 -21.95
147451 -40 2.16 -21.95
146461 -40 2.16 -21.95
144123 -40 2.16 -21.95
145276 -40 2.16 -21.95
146035 -40 2.16 -21.95
146509 -40 2.16 -21.95
146986 -40 2.16 -21.95
150693 -40 2.16 -21.95
145598 -40 2.16 -21.95
143768 -40 2.16 -21.95
141839 -40 2.16 -21.95
147331 -40 2.16 -21.95
146358 -40 2.16 -21.95
151264 -40 2.16 -21.95
148164 -40 2.16 -21.95
150884 -40 2.16 -21.95
146822 -40 2.16 -21.95
146097 -40 2.16 -21.95
148274 -40 2.16 -21.95
60887 -40 9.58 1.25
67382 -40 9.58 1.25
62106 -40 9.58 1.25
61004 -40 9.58 1.25
68073 -40 9.58 1.25
64840 -40 9.58 1.25
64686 -40 9.58 1.25
63598 -40 9.58 1.25
60552 -40 9.58 1.25
61905 -40 9.58 1.25
59208 -40 9.58 1.25
65404 -40 9.58 1.25
61922 -40 9.58 1.25
65586 -40 9.58 1.25
64492 -40 9.58 1.25
67755 -40 9.58 1.25
65437 -40 9.58 1.25
60100 -40 9.58 1.25
64624 -40 9.58 1.25
60446 -40 9.58 1.25
68380 -40 9.58 1.25
69165 -40 9.58 1.25
66229 -40 9.58 1.25
67799 -40 9.58 1.25
66008 -40 9.58 1.25
66898 -40 9.58 1.25
63664 -40 9.58 1.25
62995 -40 9.58 1.25
61523 -40 9.58 1.25
61730 -40 9.58 1.25
62824 -40 9.58 1.25
63474 -40 9.58 1.25
60615 -40 9.58 1.25
61369 -40 9.58 1.25
62659 -40 9.58 1.25
66242 -40 9.58 1.25
62220 -40 9.58 1.25
67916 -40 9.58 1.25
61901 -40 9.58 1.25
253510 -40 29.97 -23.09
251752 -40 29.97 -23.09
257802 -40 29.97 -23.09
249723 -40 29.97 -23.09
255624 -40 29.97 -23.09
251710 -40 29.97 -23.09
255586 -40 29.97 -23.09
250356 -40 29.97 -23.09
258300 -40 29.97 -23.09
250717 -40 29.97 -23.09
247704 -40 29.97 -23.09
251966 -40 29.97 -23.09
250034 -40 29.97 -23.09
254406 -40 29.97 -23.09
253574 -40 29.97 -23.09
252491 -40 29.97 -23.09
255023 -40 29.97 -23.09
252287 -40 29.97 -23.09
248727 -40 29.97 -23.09
248340 -40 29.97 -23.09
251940 -40 29.97 -23.09
252930 -40 29.97 -23.09
254505 -40 29.97 -23.09
254751 -40 29.97 -23.09
253960 -40 29.97 -23.09
256025 -40 29.97 -23.09
255449 -40 29.97 -23.09
252348 -40 29.97 -23.09
251274 -40 29.97 -23.09
252772 -40 29.97 -23.09
247812 -40 29.97 -23.09
255199 -40 29.97 -23.09
250097 -40 29.97 -23.09
248688 -40 29.97 -23.09
256760 -40 29.97 -23.09
249951 -40 29.97 -23.09
251581 -40 29.97 -23.09
252611 -40 29.97 -23.09
254840 -40 29.97 -23.09
109710 -40 15.06 -3.76
106107 -40 15.06 -3.76
102762 -40 15.06 -3.76
104195 -40 15.06 -3.76
104209 -40 15.06 -3.76
104422 -40 15.06 -3.76
100309 -40 15.06 -3.76
107558 -40 15.06 -3.76
103050 -40 15.06 -3.76
106426 -40 15.06 -3.76
106460 -40 15.06 -3.76
100596 -40 15.06 -3.76
101979 -40 15.06 -3.76
101894 -40 15.06 -3.76
105553 -40 15.06 -3.76
102585 -40 15.06 -3.76
105069 -40 15.06 -3.76
103210 -40 15.06 -3.76
100541 -40 15.06 -3.76
106750 -40 15.06 -3.76
103103 -40 15.06 -3.76
102928 -40 15.06 -3.76
99991 -40 15.06 -3.76
103457 -40 15.06 -3.76
106601 -40 15.06 -3.76
104703 -40 15.06 -3.76
104152 -40 15.06 -3.76
102784 -40 15.06 -3.76
102209 -40 15.06 -3.76
106726 -40 15.06 -3.76
107498 -40 15.06 -3.76
99562 -40 15.06 -3.76
107467 -40 15.06 -3.76
103040 -40 15.06 -3.76
102366 -40 15.06 -3.76
105215 -40 15.06 -3.76
102190 -40 15.06 -3.76
103451 -40 15.06 -3.76
103397 -40 15.06 -3.76
62721 -40 2.31 9.25
62467 -40 2.31 9.25
64958 -40 2.31 9.25
63003 -40 2.31 9.25
66420 -40 2.31 9.25
66309 -40 2.31 9.25
64218 -40 2.31 9.25
64379 -40 2.31 9.25
62504 -40 2.31 9.25
61886 -40 2.31 9.25
62749 -40 2.31 9.25
67104 -40 2.31 9.25
59509 -40 2.31 9.25
64196 -40 2.31 9.25
61561 -40 2.31 9.25
60864 -40 2.31 9.25
63442 -40 2.31 9.25
64791 -40 2.31 9.25
66966 -40 2.31 9.25
63453 -40 2.31 9.25
62518 -40 2.31 9.25
65660 -40 2.31 9.25
66004 -40 2.31 9.25
66023 -40 2.31 9.25
57632 -40 2.31 9.25
68349 -40 2.31 9.25
63028 -40 2.31 9.25
59935 -40 2.31 9.25
60704 -40 2.31 9.25
63954 -40 2.31 9.25
67388 -40 2.31 9.25
61283 -40 2.31 9.25
62682 -40 2.31 9.25
58923 -40 2.31 9.25
59836 -40 2.31 9.25
63046 -40 2.31 9.25
67545 -40 2.31 9.25
61615 -40 2.31 9.25
63604 -40 2.31 9.25
160486 -40 14.73 -19.19
157409 -40 14.73 -19.19
158472 -40 14.73 -19.19
160680 -40 14.73 -19.19
164414 -40 14.73 -19.19
158631 -40 14.73 -19.19
160121 -40 14.73 -19.19
159501 -40 14.73 -19.19
159468 -40 14.73 -19.19
162412 -40 14.73 -19.19
159795 -40 14.73 -19.19
160118 -40 14.73 -19.19
158586 -40 14.73 -19.19
159542 -40 14.73 -19.19
163636 -40 14.73 -19.19
164714 -40 14.73 -19.19
161596 -40 14.73 -19.19
163330 -40 14.73 -19.19
159933 -40 14.73 -19.19
161021 -40 14.73 -19.19
160256 -40 14.73 -19.19
158969 -40 14.73 -19.19
165260 -40 14.73 -19.19
160124 -40 14.73 -19.19
162028 -40 14.73 -19.19
162421 -40 14.73 -19.19
162490 -40 14.73 -19.19
158698 -40 14.73 -19.19
163065 -40 14.73 -19.19
159513 -40 14.73 -19.19
163130 -40 14.73 -19.19
163699 -40 14.73 -19.19
159893 -40 14.73 -19.19
157319 -40 14.73 -19.19
161170 -40 14.73 -19.19
160583 -40 14.73 -19.19
159546 -40 14.73 -19.19
159243 -40 14.73 -19.19
159768 -40 14.73 -19.19
