#rtt sig_str x y
144407 -40 13.17 17.11
144686 -40 13.17 17.11
146452 -40 13.17 17.11
145414 -40 13.17 17.11
141984 -40 13.17 17.11
146246 -40 13.17 17.11
148490 -40 13.17 17.11
142758 -40 13.17 17.11
140247 -40 13.17 17.11
144938 -40 13.17 17.11
143062 -40 13.17 17.11
147775 -40 13.17 17.11
146574 -40 13.17 17.11
143273 -40 13.17 17.11
143413 -40 13.17 17.11
146404 -40 13.17 17.11
147175 -40 13.17 17.11
143984 -40 13.17 17.11
145099 -40 13.17 17.11
143081 -40 13.17 17.11
146730 -40 13.17 17.11
144153 -40 13.17 17.11
139986 -40 13.17 17.11
144881 -40 13.17 17.11
141088 -40 13.17 17.11
145810 -40 13.17 17.11
148020 -40 13.17 17.11
147596 -40 13.17 17.11
145486 -40 13.17 17.11
149086 -40 13.17 17.11
142779 -40 13.17 17.11
144368 -40 13.17 17.11
141365 -40 13.17 17.11
142795 -40 13.17 17.11
142792 -40 13.17 17.11
141649 -40 13.17 17.11
140699 -40 13.17 17.11
147285 -40 13.17 17.11
152273 -40 13.17 17.11
49428 -40 6.43 5.13
53682 -40 6.43 5.13
56120 -40 6.43 5.13
54692 -40 6.43 5.13
51110 -40 6.43 5.13
54432 -40 6.43 5.13
56902 -40 6.43 5.13
56074 -40 6.43 5.13
53561 -40 6.43 5.13
55799 -40 6.43 5.13
55023 -40 6.43 5.13
56589 -40 6.43 5.13
61186 -40 6.43 5.13
51780 -40 6.43 5.13
56025 -40 6.43 5.13
54694 -40 6.43 5.13
55256 -40 6.43 5.13
56696 -40 6.43 5.13
51237 -40 6.43 5.13
51956 -40 6.43 5.13
52296 -40 6.43 5.13
49381 -40 6.43 5.13
56542 -40 6.43 5.13
56724 -40 6.43 5.13
51041 -40 6.43 5.13
57170 -40 6.43 5.13
56465 -40 6.43 5.13
54794 -40 6.43 5.13
51959 -40 6.43 5.13
53697 -40 6.43 5.13
56033 -40 6.43 5.13
53690 -40 6.43 5.13
55529 -40 6.43 5.13
56696 -40 6.43 5.13
56707 -40 6.43 5.13
54805 -40 6.43 5.13
53649 -40 6.43 5.13
57515 -40 6.43 5.13
54795 -40 6.43 5.13
78699 -40 11.39 2.59
79654 -40 11.39 2.59
78455 -40 11.39 2.59
82406 -40 11.39 2.59
77823 -40 11.39 2.59
76271 -40 11.39 2.59
73636 -40 11.39 2.59
77016 -40 11.39 2.59
78550 -40 11.39 2.59
74574 -40 11.39 2.59
77039 -40 11.39 2.59
79744 -40 11.39 2.59
78950 -40 11.39 2.59
77710 -40 11.39 2.59
77380 -40 11.39 2.59
77917 -40 11.39 2.59
78004 -40 11.39 2.59
75253 -40 11.39 2.59
78090 -40 11.39 2.59
75598 -40 11.39 2.59
78121 -40 11.39 2.59
75026 -40 11.39 2.59
75232 -40 11.39 2.59
82665 -40 11.39 2.59
83095 -40 11.39 2.59
75982 -40 11.39 2.59
79089 -40 11.39 2.59
73299 -40 11.39 2.59
77226 -40 11.39 2.59
76646 -40 11.39 2.59
76518 -40 11.39 2.59
77307 -40 11.39 2.59
75564 -40 11.39 2.59
74391 -40 11.39 2.59
73751 -40 11.39 2.59
80749 -40 11.39 2.59
78253 -40 11.39 2.59
73912 -40 11.39 2.59
77228 -40 11.39 2.59
50365 -40 -4.59 -6.7
51950 -40 -4.59 -6.7
53387 -40 -4.59 -6.7
51901 -40 -4.59 -6.7
56373 -40 -4.59 -6.7
55823 -40 -4.59 -6.7
54382 -40 -4.59 -6.7
55153 -40 -4.59 -6.7
53588 -40 -4.59 -6.7
53710 -40 -4.59 -6.7
55274 -40 -4.59 -6.7
50465 -40 -4.59 -6.7
55815 -40 -4.59 -6.7
56458 -40 -4.59 -6.7
57483 -40 -4.59 -6.7
52875 -40 -4.59 -6.7
55603 -40 -4.59 -6.7
50880 -40 -4.59 -6.7
50443 -40 -4.59 -6.7
49443 -40 -4.59 -6.7
57282 -40 -4.59 -6.7
55413 -40 -4.59 -6.7
56075 -40 -4.59 -6.7
53708 -40 -4.59 -6.7
51436 -40 -4.59 -6.7
55053 -40 -4.59 -6.7
47035 -40 -4.59 -6.7
58514 -40 -4.59 -6.7
56460 -40 -4.59 -6.7
54198 -40 -4.59 -6.7
53895 -40 -4.59 -6.7
54602 -40 -4.59 -6.7
59198 -40 -4.59 -6.7
55087 -40 -4.59 -6.7
56473 -40 -4.59 -6.7
51122 -40 -4.59 -6.7
55928 -40 -4.59 -6.7
55716 -40 -4.59 -6.7
52993 -40 -4.59 -6.7
112324 -40 -2.95 -16.63
113878 -40 -2.95 -16.63
111796 -40 -2.95 -16.63
114264 -40 -2.95 -16.63
109216 -40 -2.95 -16.63
110998 -40 -2.95 -16.63
108478 -40 -2.95 -16.63
117201 -40 -2.95 -16.63
112172 -40 -2.95 -16.63
112480 -40 -2.95 -16.63
115895 -40 -2.95 -16.63
113955 -40 -2.95 -16.63
115728 -40 -2.95 -16.63
115013 -40 -2.95 -16.63
115469 -40 -2.95 -16.63
113641 -40 -2.95 -16.63
118589 -40 -2.95 -16.63
111089 -40 -2.95 -16.63
108383 -40 -2.95 -16.63
112420 -40 -2.95 -16.63
117604 -40 -2.95 -16.63
108950 -40 -2.95 -16.63
113916 -40 -2.95 -16.63
112551 -40 -2.95 -16.63
114943 -40 -2.95 -16.63
110961 -40 -2.95 -16.63
109277 -40 -2.95 -16.63
114903 -40 -2.95 -16.63
113317 -40 -2.95 -16.63
110241 -40 -2.95 -16.63
112711 -40 -2.95 -16.63
113799 -40 -2.95 -16.63
114225 -40 -2.95 -16.63
110061 -40 -2.95 -16.63
112962 -40 -2.95 -16.63
113093 -40 -2.95 -16.63
115741 -40 -2.95 -16.63
119714 -40 -2.95 -16.63
105758 -40 -2.95 -16.63
163230 -40 -6.45 -23.06
161724 -40 -6.45 -23.06
159427 -40 -6.45 -23.06
160667 -40 -6.45 -23.06
163202 -40 -6.45 -23.06
159923 -40 -6.45 -23.06
155545 -40 -6.45 -23.06
157501 -40 -6.45 -23.06
160800 -40 -6.45 -23.06
162816 -40 -6.45 -23.06
158335 -40 -6.45 -23.06
156917 -40 -6.45 -23.06
164947 -40 -6.45 -23.06
159552 -40 -6.45 -23.06
158883 -40 -6.45 -23.06
157859 -40 -6.45 -23.06
159629 -40 -6.45 -23.06
158254 -40 -6.45 -23.06
164485 -40 -6.45 -23.06
157984 -40 -6.45 -23.06
159537 -40 -6.45 -23.06
157843 -40 -6.45 -23.06
159004 -40 -6.45 -23.06
162041 -40 -6.45 -23.06
160724 -40 -6.45 -23.06
160770 -40 -6.45 -23.06
155952 -40 -6.45 -23.06
162474 -40 -6.45 -23.06
158010 -40 -6.45 -23.06
157248 -40 -6.45 -23.06
161495 -40 -6.45 -23.06
160521 -40 -6.45 -23.06
159189 -40 -6.45 -23.06
155538 -40 -6.45 -23.06
161428 -40 -6.45 -23.06
160299 -40 -6.45 -23.06
160562 -40 -6.45 -23.06
162382 -40 -6.45 -23.06
156655 -40 -6.45 -23.06
53404 -40 0.71 -7.85
49848 -40 0.71 -7.85
57089 -40 0.71 -7.85
50867 -40 0.71 -7.85
52627 -40 0.71 -7.85
52147 -40 0.71 -7.85
50270 -40 0.71 -7.85
46752 -40 0.71 -7.85
55010 -40 0.71 -7.85
53053 -40 0.71 -7.85
51389 -40 0.71 -7.85
54752 -40 0.71 -7.85
54892 -40 0.71 -7.85
55017 -40 0.71 -7.85
52066 -40 0.71 -7.85
52301 -40 0.71 -7.85
54604 -40 0.71 -7.85
49487 -40 0.71 -7.85
52902 -40 0.71 -7.85
50391 -40 0.71 -7.85
55950 -40 0.71 -7.85
46747 -40 0.71 -7.85
51503 -40 0.71 -7.85
51111 -40 0.71 -7.85
56043 -40 0.71 -7.85
53545 -40 0.71 -7.85
54455 -40 0.71 -7.85
51967 -40 0.71 -7.85
51470 -40 0.71 -7.85
51078 -40 0.71 -7.85
50567 -40 0.71 -7.85
51502 -40 0.71 -7.85
53523 -40 0.71 -7.85
57114 -40 0.71 -7.85
46935 -40 0.71 -7.85
55319 -40 0.71 -7.85
56702 -40 0.71 -7.85
54137 -40 0.71 -7.85
56063 -40 0.71 -7.85
189058 -40 -23.24 15.83
185796 -40 -23.24 15.83
191989 -40 -23.24 15.83
190141 -40 -23.24 15.83
186121 -40 -23.24 15.83
186279 -40 -23.24 15.83
187967 -40 -23.24 15.83
188037 -40 -23.24 15.83
187320 -40 -23.24 15.83
187808 -40 -23.24 15.83
190449 -40 -23.24 15.83
190641 -40 -23.24 15.83
186569 -40 -23.24 15.83
186824 -40 -23.24 15.83
188980 -40 -23.24 15.83
183121 -40 -23.24 15.83
187390 -40 -23.24 15.83
189008 -40 -23.24 15.83
189187 -40 -23.24 15.83
191507 -40 -23.24 15.83
189650 -40 -23.24 15.83
186435 -40 -23.24 15.83
188815 -40 -23.24 15.83
188502 -40 -23.24 15.83
187631 -40 -23.24 15.83
185739 -40 -23.24 15.83
182476 -40 -23.24 15.83
190296 -40 -23.24 15.83
185243 -40 -23.24 15.83
187294 -40 -23.24 15.83
185803 -40 -23.24 15.83
183042 -40 -23.24 15.83
184316 -40 -23.24 15.83
187401 -40 -23.24 15.83
184260 -40 -23.24 15.83
189068 -40 -23.24 15.83
188063 -40 -23.24 15.83
189849 -40 -23.24 15.83
190953 -40 -23.24 15.83
190140 -40 28.46 -2.2
193969 -40 28.46 -2.2
189634 -40 28.46 -2.2
191035 -40 28.46 -2.2
192253 -40 28.46 -2.2
190787 -40 28.46 -2.2
191012 -40 28.46 -2.2
193813 -40 28.46 -2.2
187785 -40 28.46 -2.2
191332 -40 28.46 -2.2
189988 -40 28.46 -2.2
190934 -40 28.46 -2.2
191300 -40 28.46 -2.2
193228 -40 28.46 -2.2
188371 -40 28.46 -2.2
188872 -40 28.46 -2.2
187532 -40 28.46 -2.2
193644 -40 28.46 -2.2
189113 -40 28.46 -2.2
189898 -40 28.46 -2.2
196740 -40 28.46 -2.2
194006 -40 28.46 -2.2
191235 -40 28.46 -2.2
184746 -40 28.46 -2.2
189035 -40 28.46 -2.2
191579 -40 28.46 -2.2
192167 -40 28.46 -2.2
191141 -40 28.46 -2.2
194012 -40 28.46 -2.2
191510 -40 28.46 -2.2
191358 -40 28.46 -2.2
189932 -40 28.46 -2.2
192482 -40 28.46 -2.2
187532 -40 28.46 -2.2
191353 -40 28.46 -2.2
189311 -40 28.46 -2.2
188049 -40 28.46 -2.2
194942 -40 28.46 -2.2
191515 -40 28.46 -2.2
129634 -40 -0.31 19.2
126956 -40 -0.31 19.2
125946 -40 -0.31 19.2
128226 -40 -0.31 19.2
129358 -40 -0.31 19.2
129215 -40 -0.31 19.2
123868 -40 -0.31 19.2
129852 -40 -0.31 19.2
128310 -40 -0.31 19.2
129744 -40 -0.31 19.2
126131 -40 -0.31 19.2
127581 -40 -0.31 19.2
132881 -40 -0.31 19.2
123245 -40 -0.31 19.2
126828 -40 -0.31 19.2
132936 -40 -0.31 19.2
129346 -40 -0.31 19.2
126859 -40 -0.31 19.2
128735 -40 -0.31 19.2
124235 -40 -0.31 19.2
121233 -40 -0.31 19.2
127588 -40 -0.31 19.2
128958 -40 -0.31 19.2
125640 -40 -0.31 19.2
131648 -40 -0.31 19.2
129911 -40 -0.31 19.2
130847 -40 -0.31 19.2
131165 -40 -0.31 19.2
129861 -40 -0.31 19.2
130512 -40 -0.31 19.2
127455 -40 -0.31 19.2
128347 -40 -0.31 19.2
125948 -40 -0.31 19.2
123448 -40 -0.31 19.2
129268 -40 -0.31 19.2
120683 -40 -0.31 19.2
126432 -40 -0.31 19.2
129479 -40 -0.31 19.2
130180 -40 -0.31 19.2
