#rtt sig_str x y
143877 -40 -16.27 -14.5
145069 -40 -16.27 -14.5
148202 -40 -16.27 -14.5
146148 -40 -16.27 -14.5
147789 -40 -16.27 -14.5
145091 -40 -16.27 -14.5
148809 -40 -16.27 -14.5
144793 -40 -16.27 -14.5
146103 -40 -16.27 -14.5
144604 -40 -16.27 -14.5
148137 -40 -16.27 -14.5
144620 -40 -16.27 -14.5
151308 -40 -16.27 -14.5
142844 -40 -16.27 -14.5
140544 -40 -16.27 -14.5
147563 -40 -16.27 -14.5
144862 -40 -16.27 -14.5
144260 -40 -16.27 -14.5
147084 -40 -16.27 -14.5
143646 -40 -16.27 -14.5
144969 -40 -16.27 -14.5
141376 -40 -16.27 -14.5
141928 -40 -16.27 -14.5
142487 -40 -16.27 -14.5
146297 -40 -16.27 -14.5
147201 -40 -16.27 -14.5
143091 -40 -16.27 -14.5
139394 -40 -16.27 -14.5
147516 -40 -16.27 -14.5
145965 -40 -16.27 -14.5
146572 -40 -16.27 -14.5
147262 -40 -16.27 -14.5
143725 -40 -16.27 -14.5
145127 -40 -16.27 -14.5
149370 -40 -16.27 -14.5
143351 -40 -16.27 -14.5
145040 -40 -16.27 -14.5
146043 -40 -16.27 -14.5
145601 -40 -16.27 -14.5
134402 -40 -18.56 6.99
128286 -40 -18.56 6.99
132634 -40 -18.56 6.99
128851 -40 -18.56 6.99
132372 -40 -18.56 6.99
134253 -40 -18.56 6.99
135270 -40 -18.56 6.99
131814 -40 -18.56 6.99
133562 -40 -18.56 6.99
135067 -40 -18.56 6.99
135003 -40 -18.56 6.99
133660 -40 -18.56 6.99
134056 -40 -18.56 6.99
135752 -40 -18.56 6.99
127508 -40 -18.56 6.99
133311 -40 -18.56 6.99
130455 -40 -18.56 6.99
131765 -40 -18.56 6.99
133573 -40 -18.56 6.99
135419 -40 -18.56 6.99
132849 -40 -18.56 6.99
132508 -40 -18.56 6.99
132475 -40 -18.56 6.99
127776 -40 -18.56 6.99
132307 -40 -18.56 6.99
131894 -40 -18.56 6.99
133293 -40 -18.56 6.99
127164 -40 -18.56 6.99
136452 -40 -18.56 6.99
135093 -40 -18.56 6.99
129678 -40 -18.56 6.99
126414 -40 -18.56 6.99
131804 -40 -18.56 6.99
130154 -40 -18.56 6.99
131711 -40 -18.56 6.99
131144 -40 -18.56 6.99
135914 -40 -18.56 6.99
135467 -40 -18.56 6.99
128005 -40 -18.56 6.99
185851 -40 23.19 -16.2
189898 -40 23.19 -16.2
192920 -40 23.19 -16.2
187521 -40 23.19 -16.2
192211 -40 23.19 -16.2
190730 -40 23.19 -16.2
186467 -40 23.19 -16.2
186245 -40 23.19 -16.2
184878 -40 23.19 -16.2
191492 -40 23.19 -16.2
186875 -40 23.19 -16.2
189044 -40 23.19 -16.2
184724 -40 23.19 -16.2
188901 -40 23.19 -16.2
187183 -40 23.19 -16.2
189990 -40 23.19 -16.2
188989 -40 23.19 -16.2
188023 -40 23.19 -16.2
190744 -40 23.19 -16.2
188874 -40 23.19 -16.2
195300 -40 23.19 -16.2
189851 -40 23.19 -16.2
192542 -40 23.19 -16.2
190331 -40 23.19 -16.2
187877 -40 23.19 -16.2
191492 -40 23.19 -16.2
189977 -40 23.19 -16.2
187884 -40 23.19 -16.2
187727 -40 23.19 -16.2
188390 -40 23.19 -16.2
188560 -40 23.19 -16.2
194175 -40 23.19 -16.2
191273 -40 23.19 -16.2
192072 -40 23.19 -16.2
190090 -40 23.19 -16.2
187137 -40 23.19 -16.2
188157 -40 23.19 -16.2
186524 -40 23.19 -16.2
190344 -40 23.19 -16.2
116942 -40 13.14 -11.62
120429 -40 13.14 -11.62
117749 -40 13.14 -11.62
121407 -40 13.14 -11.62
116343 -40 13.14 -11.62
118400 -40 13.14 -11.62
118317 -40 13.14 -11.62
112673 -40 13.14 -11.62
116910 -40 13.14 -11.62
118847 -40 13.14 -11.62
119065 -40 13.14 -11.62
114427 -40 13.14 -11.62
122154 -40 13.14 -11.62
117706 -40 13.14 -11.62
122072 -40 13.14 -11.62
114224 -40 13.14 -11.62
116013 -40 13.14 -11.62
121165 -40 13.14 -11.62
119655 -40 13.14 -11.62
116257 -40 13.14 -11.62
118202 -40 13.14 -11.62
121296 -40 13.14 -11.62
117471 -40 13.14 -11.62
117883 -40 13.14 -11.62
113908 -40 13.14 -11.62
119265 -40 13.14 -11.62
120781 -40 13.14 -11.62
116371 -40 13.14 -11.62
115869 -40 13.14 -11.62
120785 -40 13.14 -11.62
117209 -40 13.14 -11.62
116108 -40 13.14 -11.62
116383 -40 13.14 -11.62
116908 -40 13.14 -11.62
116691 -40 13.14 -11.62
116278 -40 13.14 -11.62
116357 -40 13.14 -11.62
116448 -40 13.14 -11.62
118707 -40 13.14 -11.62
119203 -40 1.98 17.18
114764 -40 1.98 17.18
109510 -40 1.98 17.18
117253 -40 1.98 17.18
115301 -40 1.98 17.18
116856 -40 1.98 17.18
112898 -40 1.98 17.18
113236 -40 1.98 17.18
119583 -40 1.98 17.18
117516 -40 1.98 17.18
112838 -40 1.98 17.18
116796 -40 1.98 17.18
114141 -40 1.98 17.18
114777 -40 1.98 17.18
117136 -40 1.98 17.18
115150 -40 1.98 17.18
115494 -40 1.98 17.18
114763 -40 1.98 17.18
111211 -40 1.98 17.18
118345 -40 1.98 17.18
116761 -40 1.98 17.18
114677 -40 1.98 17.18
119147 -40 1.98 17.18
109618 -40 1.98 17.18
112093 -40 1.98 17.18
116752 -40 1.98 17.18
119066 -40 1.98 17.18
116495 -40 1.98 17.18
118677 -40 1.98 17.18
116040 -40 1.98 17.18
115552 -40 1.98 17.18
114626 -40 1.98 17.18
115877 -40 1.98 17.18
112783 -40 1.98 17.18
116353 -40 1.98 17.18
116081 -40 1.98 17.18
115402 -40 1.98 17.18
115769 -40 1.98 17.18
115495 -40 1.98 17.18
159306 -40 22.17 8.68
157382 -40 22.17 8.68
154489 -40 22.17 8.68
158958 -40 22.17 8.68
156123 -40 22.17 8.68
156341 -40 22.17 8.68
156981 -40 22.17 8.68
157876 -40 22.17 8.68
157422 -40 22.17 8.68
162646 -40 22.17 8.68
157419 -40 22.17 8.68
157084 -40 22.17 8.68
160664 -40 22.17 8.68
155314 -40 22.17 8.68
162288 -40 22.17 8.68
158784 -40 22.17 8.68
159069 -40 22.17 8.68
155216 -40 22.17 8.68
159998 -40 22.17 8.68
157468 -40 22.17 8.68
157582 -40 22.17 8.68
162992 -40 22.17 8.68
160612 -40 22.17 8.68
163851 -40 22.17 8.68
154746 -40 22.17 8.68
161215 -40 22.17 8.68
156104 -40 22.17 8.68
156151 -40 22.17 8.68
164574 -40 22.17 8.68
162308 -40 22.17 8.68
153757 -40 22.17 8.68
158817 -40 22.17 8.68
157583 -40 22.17 8.68
155423 -40 22.17 8.68
156977 -40 22.17 8.68
157518 -40 22.17 8.68
157267 -40 22.17 8.68
157739 -40 22.17 8.68
159138 -40 22.17 8.68
84481 -40 13.46 -2.5
93269 -40 13.46 -2.5
89715 -40 13.46 -2.5
90654 -40 13.46 -2.5
88137 -40 13.46 -2.5
93727 -40 13.46 -2.5
88763 -40 13.46 -2.5
89538 -40 13.46 -2.5
85494 -40 13.46 -2.5
90742 -40 13.46 -2.5
93928 -40 13.46 -2.5
89441 -40 13.46 -2.5
90135 -40 13.46 -2.5
90907 -40 13.46 -2.5
93101 -40 13.46 -2.5
92319 -40 13.46 -2.5
92749 -40 13.46 -2.5
88227 -40 13.46 -2.5
88396 -40 13.46 -2.5
90077 -40 13.46 -2.5
88652 -40 13.46 -2.5
89902 -40 13.46 -2.5
92032 -40 13.46 -2.5
92101 -40 13.46 -2.5
93470 -40 13.46 -2.5
88325 -40 13.46 -2.5
85820 -40 13.46 -2.5
91674 -40 13.46 -2.5
97132 -40 13.46 -2.5
95949 -40 13.46 -2.5
89816 -40 13.46 -2.5
94907 -40 13.46 -2.5
93527 -40 13.46 -2.5
96354 -40 13.46 -2.5
90972 -40 13.46 -2.5
90586 -40 13.46 -2.5
92286 -40 13.46 -2.5
87911 -40 13.46 -2.5
90542 -40 13.46 -2.5
61658 -40 -1.07 8.94
56916 -40 -1.07 8.94
60926 -40 -1.07 8.94
57639 -40 -1.07 8.94
58076 -40 -1.07 8.94
57260 -40 -1.07 8.94
57918 -40 -1.07 8.94
58027 -40 -1.07 8.94
57768 -40 -1.07 8.94
63675 -40 -1.07 8.94
58795 -40 -1.07 8.94
62641 -40 -1.07 8.94
58634 -40 -1.07 8.94
60125 -40 -1.07 8.94
60414 -40 -1.07 8.94
63824 -40 -1.07 8.94
58332 -40 -1.07 8.94
57749 -40 -1.07 8.94
60933 -40 -1.07 8.94
60267 -40 -1.07 8.94
58324 -40 -1.07 8.94
60602 -40 -1.07 8.94
64636 -40 -1.07 8.94
55914 -40 -1.07 8.94
62289 -40 -1.07 8.94
64873 -40 -1.07 8.94
60273 -40 -1.07 8.94
61774 -40 -1.07 8.94
61305 -40 -1.07 8.94
62586 -40 -1.07 8.94
60353 -40 -1.07 8.94
60227 -40 -1.07 8.94
61238 -40 -1.07 8.94
61274 -40 -1.07 8.94
61431 -40 -1.07 8.94
60159 -40 -1.07 8.94
60495 -40 -1.07 8.94
61312 -40 -1.07 8.94
60048 -40 -1.07 8.94
105180 -40 15.37 2.74
106988 -40 15.37 2.74
102405 -40 15.37 2.74
104758 -40 15.37 2.74
104042 -40 15.37 2.74
105191 -40 15.37 2.74
105277 -40 15.37 2.74
108921 -40 15.37 2.74
100430 -40 15.37 2.74
103255 -40 15.37 2.74
105506 -40 15.37 2.74
100987 -40 15.37 2.74
101836 -40 15.37 2.74
107815 -40 15.37 2.74
103467 -40 15.37 2.74
104875 -40 15.37 2.74
102505 -40 15.37 2.74
105853 -40 15.37 2.74
107409 -40 15.37 2.74
106123 -40 15.37 2.74
104000 -40 15.37 2.74
105210 -40 15.37 2.74
101420 -40 15.37 2.74
106087 -40 15.37 2.74
100141 -40 15.37 2.74
103457 -40 15.37 2.74
103304 -40 15.37 2.74
99600 -40 15.37 2.74
102520 -40 15.37 2.74
102633 -40 15.37 2.74
103365 -40 15.37 2.74
104042 -40 15.37 2.74
108100 -40 15.37 2.74
108496 -40 15.37 2.74
105976 -40 15.37 2.74
107486 -40 15.37 2.74
102146 -40 15.37 2.74
101484 -40 15.37 2.74
100675 -40 15.37 2.74
188414 -40 28.49 -2.47
194318 -40 28.49 -2.47
188597 -40 28.49 -2.47
190025 -40 28.49 -2.47
191123 -40 28.49 -2.47
188028 -40 28.49 -2.47
194127 -40 28.49 -2.47
189250 -40 28.49 -2.47
190368 -40 28.49 -2.47
191271 -40 28.49 -2.47
193245 -40 28.49 -2.47
187810 -40 28.49 -2.47
189005 -40 28.49 -2.47
193001 -40 28.49 -2.47
192212 -40 28.49 -2.47
194334 -40 28.49 -2.47
191439 -40 28.49 -2.47
191661 -40 28.49 -2.47
191445 -40 28.49 -2.47
194176 -40 28.49 -2.47
194440 -40 28.49 -2.47
193778 -40 28.49 -2.47
192342 -40 28.49 -2.47
192657 -40 28.49 -2.47
191334 -40 28.49 -2.47
193460 -40 28.49 -2.47
189857 -40 28.49 -2.47
191070 -40 28.49 -2.47
197256 -40 28.49 -2.47
193163 -40 28.49 -2.47
188149 -40 28.49 -2.47
193064 -40 28.49 -2.47
189378 -40 28.49 -2.47
191687 -40 28.49 -2.47
188491 -40 28.49 -2.47
195960 -40 28.49 -2.47
189239 -40 28.49 -2.47
190699 -40 28.49 -2.47
192245 -40 28.49 -2.47
