#rtt sig_str x y
111755 -40 -17.12 -1.49
110255 -40 -17.12 -1.49
117759 -40 -17.12 -1.49
109961 -40 -17.12 -1.49
114179 -40 -17.12 -1.49
117363 -40 -17.12 -1.49
113748 -40 -17.12 -1.49
112555 -40 -17.12 -1.49
114106 -40 -17.12 -1.49
114417 -40 -17.12 -1.49
112478 -40 -17.12 -1.49
110438 -40 -17.12 -1.49
115698 -40 -17.12 -1.49
112167 -40 -17.12 -1.49
108263 -40 -17.12 -1.49
115189 -40 -17.12 -1.49
117111 -40 -17.12 -1.49
116959 -40 -17.12 -1.49
115885 -40 -17.12 -1.49
114412 -40 -17.12 -1.49
115696 -40 -17.12 -1.49
113644 -40 -17.12 -1.49
113481 -40 -17.12 -1.49
116256 -40 -17.12 -1.49
116791 -40 -17.12 -1.49
113400 -40 -17.12 -1.49
108392 -40 -17.12 -1.49
117612 -40 -17.12 -1.49
116714 -40 -17.12 -1.49
112024 -40 -17.12 -1.49
113257 -40 -17.12 -1.49
112602 -40 -17.12 -1.49
114367 -40 -17.12 -1.49
112306 -40 -17.12 -1.49
115632 -40 -17.12 -1.49
115710 -40 -17.12 -1.49
112375 -40 -17.12 -1.49
117797 -40 -17.12 -1.49
112645 -40 -17.12 -1.49
219753 -40 24.57 23.53
233347 -40 24.57 23.53
230346 -40 24.57 23.53
231436 -40 24.57 23.53
226987 -40 24.57 23.53
225332 -40 24.57 23.53
229275 -40 24.57 23.53
229851 -40 24.57 23.53
227148 -40 24.57 23.53
224014 -40 24.57 23.53
225846 -40 24.57 23.53
225752 -40 24.57 23.53
226392 -40 24.57 23.53
225973 -40 24.57 23.53
229860 -40 24.57 23.53
226033 -40 24.57 23.53
231560 -40 24.57 23.53
224026 -40 24.57 23.53
231827 -40 24.57 23.53
226602 -40 24.57 23.53
226904 -40 24.57 23.53
222441 -40 24.57 23.53
226013 -40 24.57 23.53
225275 -40 24.57 23.53
225553 -40 24.57 23.53
230980 -40 24.57 23.53
231361 -40 24.57 23.53
228827 -40 24.57 23.53
229527 -40 24.57 23.53
227371 -40 24.57 23.53
223831 -40 24.57 23.53
228927 -40 24.57 23.53
228028 -40 24.57 23.53
227977 -40 24.57 23.53
229795 -40 24.57 23.53
226331 -40 24.57 23.53
229206 -40 24.57 23.53
227484 -40 24.57 23.53
229212 -40 24.57 23.53
225475 -40 19.04 -28.37
227626 -40 19.04 -28.37
228497 -40 19.04 -28.37
223758 -40 19.04 -28.37
226468 -40 19.04 -28.37
227416 -40 19.04 -28.37
229610 -40 19.04 -28.37
226923 -40 19.04 -28.37
227617 -40 19.04 -28.37
228488 -40 19.04 -28.37
228582 -40 19.04 -28.37
229120 -40 19.04 -28.37
233171 -40 19.04 -28.37
228744 -40 19.04 -28.37
225791 -40 19.04 -28.37
228821 -40 19.04 -28.37
231303 -40 19.04 -28.37
227133 -40 19.04 -28.37
232638 -40 19.04 -28.37
223541 -40 19.04 -28.37
229183 -40 19.04 -28.37
227591 -40 19.04 -28.37
225670 -40 19.04 -28.37
224983 -40 19.04 -28.37
226078 -40 19.04 -28.37
225923 -40 19.04 -28.37
226470 -40 19.04 -28.37
227145 -40 19.04 -28.37
230177 -40 19.04 -28.37
225971 -40 19.04 -28.37
228308 -40 19.04 -28.37
223831 -40 19.04 -28.37
232343 -40 19.04 -28.37
226467 -40 19.04 -28.37
231438 -40 19.04 -28.37
228390 -40 19.04 -28.37
227582 -40 19.04 -28.37
226090 -40 19.04 -28.37
227925 -40 19.04 -28.37
184636 -40 24.24 12.15
184124 -40 24.24 12.15
181607 -40 24.24 12.15
187393 -40 24.24 12.15
183821 -40 24.24 12.15
183596 -40 24.24 12.15
183506 -40 24.24 12.15
183354 -40 24.24 12.15
180192 -40 24.24 12.15
183193 -40 24.24 12.15
182948 -40 24.24 12.15
180812 -40 24.24 12.15
181751 -40 24.24 12.15
180939 -40 24.24 12.15
185225 -40 24.24 12.15
184300 -40 24.24 12.15
178384 -40 24.24 12.15
180467 -40 24.24 12.15
178355 -40 24.24 12.15
180552 -40 24.24 12.15
179422 -40 24.24 12.15
179526 -40 24.24 12.15
180374 -40 24.24 12.15
177948 -40 24.24 12.15
182002 -40 24.24 12.15
183127 -40 24.24 12.15
181911 -40 24.24 12.15
182541 -40 24.24 12.15
182966 -40 24.24 12.15
183429 -40 24.24 12.15
184740 -40 24.24 12.15
180553 -40 24.24 12.15
180466 -40 24.24 12.15
179445 -40 24.24 12.15
180718 -40 24.24 12.15
185912 -40 24.24 12.15
180205 -40 24.24 12.15
178902 -40 24.24 12.15
184010 -40 24.24 12.15
89719 -40 12.41 5.18
83794 -40 12.41 5.18
90342 -40 12.41 5.18
87843 -40 12.41 5.18
92399 -40 12.41 5.18
88005 -40 12.41 5.18
89091 -40 12.41 5.18
97677 -40 12.41 5.18
93092 -40 12.41 5.18
90492 -40 12.41 5.18
85358 -40 12.41 5.18
91689 -40 12.41 5.18
90451 -40 12.41 5.18
91136 -40 12.41 5.18
91548 -40 12.41 5.18
90700 -40 12.41 5.18
88594 -40 12.41 5.18
92863 -40 12.41 5.18
89547 -40 12.41 5.18
88495 -40 12.41 5.18
88738 -40 12.41 5.18
91240 -40 12.41 5.18
87273 -40 12.41 5.18
88829 -40 12.41 5.18
89439 -40 12.41 5.18
90527 -40 12.41 5.18
86087 -40 12.41 5.18
90719 -40 12.41 5.18
94448 -40 12.41 5.18
88629 -40 12.41 5.18
85430 -40 12.41 5.18
92572 -40 12.41 5.18
91977 -40 12.41 5.18
86410 -40 12.41 5.18
88138 -40 12.41 5.18
87860 -40 12.41 5.18
93080 -40 12.41 5.18
90298 -40 12.41 5.18
89181 -40 12.41 5.18
152667 -40 -22.92 -1.51
152047 -40 -22.92 -1.51
149964 -40 -22.92 -1.51
151838 -40 -22.92 -1.51
154983 -40 -22.92 -1.51
151646 -40 -22.92 -1.51
151118 -40 -22.92 -1.51
153162 -40 -22.92 -1.51
152730 -40 -22.92 -1.51
153075 -40 -22.92 -1.51
153748 -40 -22.92 -1.51
152061 -40 -22.92 -1.51
153999 -40 -22.92 -1.51
157952 -40 -22.92 -1.51
151620 -40 -22.92 -1.51
153864 -40 -22.92 -1.51
155680 -40 -22.92 -1.51
153766 -40 -22.92 -1.51
151547 -40 -22.92 -1.51
156151 -40 -22.92 -1.51
146876 -40 -22.92 -1.51
156530 -40 -22.92 -1.51
150635 -40 -22.92 -1.51
155008 -40 -22.92 -1.51
154567 -40 -22.92 -1.51
148413 -40 -22.92 -1.51
150428 -40 -22.92 -1.51
153814 -40 -22.92 -1.51
154522 -40 -22.92 -1.51
157908 -40 -22.92 -1.51
154240 -40 -22.92 -1.51
150440 -40 -22.92 -1.51
152381 -40 -22.92 -1.51
151914 -40 -22.92 -1.51
148748 -40 -22.92 -1.51
156488 -40 -22.92 -1.51
154913 -40 -22.92 -1.51
155702 -40 -22.92 -1.51
156384 -40 -22.92 -1.51
165730 -40 -24.46 -2.11
158837 -40 -24.46 -2.11
164210 -40 -24.46 -2.11
165122 -40 -24.46 -2.11
161201 -40 -24.46 -2.11
163966 -40 -24.46 -2.11
161673 -40 -24.46 -2.11
166625 -40 -24.46 -2.11
161865 -40 -24.46 -2.11
168650 -40 -24.46 -2.11
159989 -40 -24.46 -2.11
161937 -40 -24.46 -2.11
167967 -40 -24.46 -2.11
163388 -40 -24.46 -2.11
163473 -40 -24.46 -2.11
163087 -40 -24.46 -2.11
162833 -40 -24.46 -2.11
164842 -40 -24.46 -2.11
164154 -40 -24.46 -2.11
163108 -40 -24.46 -2.11
163208 -40 -24.46 -2.11
160366 -40 -24.46 -2.11
161793 -40 -24.46 -2.11
163436 -40 -24.46 -2.11
163869 -40 -24.46 -2.11
163807 -40 -24.46 -2.11
165345 -40 -24.46 -2.11
169993 -40 -24.46 -2.11
163722 -40 -24.46 -2.11
163113 -40 -24.46 -2.11
163698 -40 -24.46 -2.11
162235 -40 -24.46 -2.11
166978 -40 -24.46 -2.11
164092 -40 -24.46 -2.11
169914 -40 -24.46 -2.11
162301 -40 -24.46 -2.11
162532 -40 -24.46 -2.11
164135 -40 -24.46 -2.11
164309 -40 -24.46 -2.11
102971 -40 3.72 -15.09
104282 -40 3.72 -15.09
107416 -40 3.72 -15.09
104630 -40 3.72 -15.09
101715 -40 3.72 -15.09
103357 -40 3.72 -15.09
101807 -40 3.72 -15.09
105317 -40 3.72 -15.09
105904 -40 3.72 -15.09
101870 -40 3.72 -15.09
108690 -40 3.72 -15.09
102887 -40 3.72 -15.09
106885 -40 3.72 -15.09
103211 -40 3.72 -15.09
105826 -40 3.72 -15.09
99582 -40 3.72 -15.09
102678 -40 3.72 -15.09
104353 -40 3.72 -15.09
102181 -40 3.72 -15.09
103925 -40 3.72 -15.09
100513 -40 3.72 -15.09
100689 -40 3.72 -15.09
103507 -40 3.72 -15.09
103987 -40 3.72 -15.09
107410 -40 3.72 -15.09
108142 -40 3.72 -15.09
104561 -40 3.72 -15.09
99060 -40 3.72 -15.09
103208 -40 3.72 -15.09
101247 -40 3.72 -15.09
106187 -40 3.72 -15.09
106588 -40 3.72 -15.09
101548 -40 3.72 -15.09
102264 -40 3.72 -15.09
100971 -40 3.72 -15.09
106532 -40 3.72 -15.09
99857 -40 3.72 -15.09
103811 -40 3.72 -15.09
104674 -40 3.72 -15.09
93536 -40 4.29 13.16
90613 -40 4.29 13.16
95387 -40 4.29 13.16
90420 -40 4.29 13.16
92832 -40 4.29 13.16
93887 -40 4.29 13.16
88804 -40 4.29 13.16
95393 -40 4.29 13.16
86541 -40 4.29 13.16
91914 -40 4.29 13.16
94243 -40 4.29 13.16
89844 -40 4.29 13.16
92013 -40 4.29 13.16
92902 -40 4.29 13.16
91114 -40 4.29 13.16
93657 -40 4.29 13.16
95754 -40 4.29 13.16
91883 -40 4.29 13.16
91234 -40 4.29 13.16
89467 -40 4.29 13.16
95148 -40 4.29 13.16
90767 -40 4.29 13.16
92649 -40 4.29 13.16
97473 -40 4.29 13.16
90997 -40 4.29 13.16
93186 -40 4.29 13.16
96121 -40 4.29 13.16
91708 -40 4.29 13.16
87727 -40 4.29 13.16
92816 -40 4.29 13.16
91736 -40 4.29 13.16
91830 -40 4.29 13.16
94185 -40 4.29 13.16
92037 -40 4.29 13.16
91422 -40 4.29 13.16
85909 -40 4.29 13.16
91856 -40 4.29 13.16
91237 -40 4.29 13.16
93129 -40 4.29 13.16
206077 -40 -27.67 -13.5
206321 -40 -27.67 -13.5
204694 -40 -27.67 -13.5
206655 -40 -27.67 -13.5
205394 -40 -27.67 -13.5
208145 -40 -27.67 -13.5
210026 -40 -27.67 -13.5
206679 -40 -27.67 -13.5
203860 -40 -27.67 -13.5
204583 -40 -27.67 -13.5
203680 -40 -27.67 -13.5
200937 -40 -27.67 -13.5
207113 -40 -27.67 -13.5
201464 -40 -27.67 -13.5
204643 -40 -27.67 -13.5
211892 -40 -27.67 -13.5
203733 -40 -27.67 -13.5
203954 -40 -27.67 -13.5
203946 -40 -27.67 -13.5
206524 -40 -27.67 -13.5
207502 -40 -27.67 -13.5
209349 -40 -27.67 -13.5
206116 -40 -27.67 -13.5
202529 -40 -27.67 -13.5
206904 -40 -27.67 -13.5
207836 -40 -27.67 -13.5
205439 -40 -27.67 -13.5
202375 -40 -27.67 -13.5
207481 -40 -27.67 -13.5
206593 -40 -27.67 -13.5
208748 -40 -27.67 -13.5
208877 -40 -27.67 -13.5
207867 -40 -27.67 -13.5
207403 -40 -27.67 -13.5
202253 -40 -27.67 -13.5
202066 -40 -27.67 -13.5
204975 -40 -27.67 -13.5
205512 -40 -27.67 -13.5
205578 -40 -27.67 -13.5
