#rtt sig_str x y
189973 -40 20.22 19.31
190104 -40 20.22 19.31
180367 -40 20.22 19.31
186160 -40 20.22 19.31
190016 -40 20.22 19.31
187225 -40 20.22 19.31
185388 -40 20.22 19.31
187421 -40 20.22 19.31
186456 -40 20.22 19.31
185861 -40 20.22 19.31
188400 -40 20.22 19.31
186279 -40 20.22 19.31
185037 -40 20.22 19.31
186678 -40 20.22 19.31
185544 -40 20.22 19.31
190433 -40 20.22 19.31
179231 -40 20.22 19.31
184595 -40 20.22 19.31
186736 -40 20.22 19.31
183613 -40 20.22 19.31
188361 -40 20.22 19.31
186605 -40 20.22 19.31
188465 -40 20.22 19.31
182885 -40 20.22 19.31
184407 -40 20.22 19.31
189329 -40 20.22 19.31
194503 -40 20.22 19.31
186197 -40 20.22 19.31
184798 -40 20.22 19.31
186938 -40 20.22 19.31
184077 -40 20.22 19.31
185863 -40 20.22 19.31
182943 -40 20.22 19.31
187647 -40 20.22 19.31
184628 -40 20.22 19.31
186237 -40 20.22 19.31
186516 -40 20.22 19.31
184396 -40 20.22 19.31
182994 -40 20.22 19.31
201447 -40 28.22 10.3
198975 -40 28.22 10.3
199603 -40 28.22 10.3
199844 -40 28.22 10.3
200613 -40 28.22 10.3
201683 -40 28.22 10.3
206055 -40 28.22 10.3
201223 -40 28.22 10.3
200956 -40 28.22 10.3
198789 -40 28.22 10.3
202142 -40 28.22 10.3
198546 -40 28.22 10.3
199135 -40 28.22 10.3
201706 -40 28.22 10.3
203429 -40 28.22 10.3
200973 -40 28.22 10.3
199055 -40 28.22 10.3
202508 -40 28.22 10.3
204314 -40 28.22 10.3
200094 -40 28.22 10.3
197613 -40 28.22 10.3
199527 -40 28.22 10.3
202449 -40 28.22 10.3
201644 -40 28.22 10.3
203113 -40 28.22 10.3
198951 -40 28.22 10.3
202995 -40 28.22 10.3
203141 -40 28.22 10.3
202309 -40 28.22 10.3
201286 -40 28.22 10.3
199776 -40 28.22 10.3
200386 -40 28.22 10.3
200780 -40 28.22 10.3
201122 -40 28.22 10.3
200617 -40 28.22 10.3
202665 -40 28.22 10.3
202197 -40 28.22 10.3
196942 -40 28.22 10.3
202229 -40 28.22 10.3
152535 -40 -3.17 -22.54
150970 -40 -3.17 -22.54
146479 -40 -3.17 -22.54
146815 -40 -3.17 -22.54
153707 -40 -3.17 -22.54
151210 -40 -3.17 -22.54
153593 -40 -3.17 -22.54
148784 -40 -3.17 -22.54
154910 -40 -3.17 -22.54
150816 -40 -3.17 -22.54
150560 -40 -3.17 -22.54
153348 -40 -3.17 -22.54
148325 -40 -3.17 -22.54
149574 -40 -3.17 -22.54
152536 -40 -3.17 -22.54
150469 -40 -3.17 -22.54
155402 -40 -3.17 -22.54
152576 -40 -3.17 -22.54
153183 -40 -3.17 -22.54
153897 -40 -3.17 -22.54
149734 -40 -3.17 -22.54
146256 -40 -3.17 -22.54
153285 -40 -3.17 -22.54
148648 -40 -3.17 -22.54
150150 -40 -3.17 -22.54
152614 -40 -3.17 -22.54
151628 -40 -3.17 -22.54
152703 -40 -3.17 -22.54
147287 -40 -3.17 -22.54
152559 -40 -3.17 -22.54
151760 -40 -3.17 -22.54
150535 -40 -3.17 -22.54
149733 -40 -3.17 -22.54
151850 -40 -3.17 -22.54
155611 -40 -3.17 -22.54
150085 -40 -3.17 -22.54
151519 -40 -3.17 -22.54
147917 -40 -3.17 -22.54
148714 -40 -3.17 -22.54
85391 -40 -12.93 -2.17
87945 -40 -12.93 -2.17
87725 -40 -12.93 -2.17
89004 -40 -12.93 -2.17
87003 -40 -12.93 -2.17
88292 -40 -12.93 -2.17
81132 -40 -12.93 -2.17
92227 -40 -12.93 -2.17
84188 -40 -12.93 -2.17
88220 -40 -12.93 -2.17
83089 -40 -12.93 -2.17
86894 -40 -12.93 -2.17
93822 -40 -12.93 -2.17
84850 -40 -12.93 -2.17
80738 -40 -12.93 -2.17
86675 -40 -12.93 -2.17
88015 -40 -12.93 -2.17
85897 -40 -12.93 -2.17
89532 -40 -12.93 -2.17
86250 -40 -12.93 -2.17
86023 -40 -12.93 -2.17
87208 -40 -12.93 -2.17
83676 -40 -12.93 -2.17
87513 -40 -12.93 -2.17
89248 -40 -12.93 -2.17
88773 -40 -12.93 -2.17
91432 -40 -12.93 -2.17
84639 -40 -12.93 -2.17
88266 -40 -12.93 -2.17
86991 -40 -12.93 -2.17
90477 -40 -12.93 -2.17
86693 -40 -12.93 -2.17
82447 -40 -12.93 -2.17
87575 -40 -12.93 -2.17
86912 -40 -12.93 -2.17
88020 -40 -12.93 -2.17
84808 -40 -12.93 -2.17
89439 -40 -12.93 -2.17
82393 -40 -12.93 -2.17
156556 -40 16.28 -15.69
152134 -40 16.28 -15.69
155909 -40 16.28 -15.69
150333 -40 16.28 -15.69
152632 -40 16.28 -15.69
151112 -40 16.28 -15.69
150134 -40 16.28 -15.69
153334 -40 16.28 -15.69
154167 -40 16.28 -15.69
151259 -40 16.28 -15.69
152375 -40 16.28 -15.69
149337 -40 16.28 -15.69
146300 -40 16.28 -15.69
156023 -40 16.28 -15.69
151123 -40 16.28 -15.69
143689 -40 16.28 -15.69
152440 -40 16.28 -15.69
151754 -40 16.28 -15.69
148172 -40 16.28 -15.69
147233 -40 16.28 -15.69
153355 -40 16.28 -15.69
152236 -40 16.28 -15.69
147877 -40 16.28 -15.69
145206 -40 16.28 -15.69
155026 -40 16.28 -15.69
151777 -40 16.28 -15.69
146366 -40 16.28 -15.69
149405 -40 16.28 -15.69
151204 -40 16.28 -15.69
151195 -40 16.28 -15.69
153368 -40 16.28 -15.69
156138 -40 16.28 -15.69
150751 -40 16.28 -15.69
150866 -40 16.28 -15.69
152214 -40 16.28 -15.69
153754 -40 16.28 -15.69
149830 -40 16.28 -15.69
148292 -40 16.28 -15.69
149847 -40 16.28 -15.69
178764 -40 -12.07 -22.88
171158 -40 -12.07 -22.88
177292 -40 -12.07 -22.88
176239 -40 -12.07 -22.88
171750 -40 -12.07 -22.88
175576 -40 -12.07 -22.88
173031 -40 -12.07 -22.88
171757 -40 -12.07 -22.88
174800 -40 -12.07 -22.88
173224 -40 -12.07 -22.88
171857 -40 -12.07 -22.88
170964 -40 -12.07 -22.88
172954 -40 -12.07 -22.88
172959 -40 -12.07 -22.88
171489 -40 -12.07 -22.88
172671 -40 -12.07 -22.88
172580 -40 -12.07 -22.88
175545 -40 -12.07 -22.88
177054 -40 -12.07 -22.88
170637 -40 -12.07 -22.88
173399 -40 -12.07 -22.88
175856 -40 -12.07 -22.88
173871 -40 -12.07 -22.88
173492 -40 -12.07 -22.88
172007 -40 -12.07 -22.88
175064 -40 -12.07 -22.88
170792 -40 -12.07 -22.88
175784 -40 -12.07 -22.88
169477 -40 -12.07 -22.88
171830 -40 -12.07 -22.88
173690 -40 -12.07 -22.88
173949 -40 -12.07 -22.88
174027 -40 -12.07 -22.88
173874 -40 -12.07 -22.88
173030 -40 -12.07 -22.88
173018 -40 -12.07 -22.88
175225 -40 -12.07 -22.88
177389 -40 -12.07 -22.88
174056 -40 -12.07 -22.88
190592 -40 28.58 1.15
190866 -40 28.58 1.15
189907 -40 28.58 1.15
187750 -40 28.58 1.15
185729 -40 28.58 1.15
189481 -40 28.58 1.15
187904 -40 28.58 1.15
183666 -40 28.58 1.15
189038 -40 28.58 1.15
188534 -40 28.58 1.15
189158 -40 28.58 1.15
190384 -40 28.58 1.15
190347 -40 28.58 1.15
192274 -40 28.58 1.15
190100 -40 28.58 1.15
190807 -40 28.58 1.15
184907 -40 28.58 1.15
190461 -40 28.58 1.15
190353 -40 28.58 1.15
189537 -40 28.58 1.15
189827 -40 28.58 1.15
194552 -40 28.58 1.15
191505 -40 28.58 1.15
191472 -40 28.58 1.15
192631 -40 28.58 1.15
188323 -40 28.58 1.15
190417 -40 28.58 1.15
191241 -40 28.58 1.15
192101 -40 28.58 1.15
192038 -40 28.58 1.15
187749 -40 28.58 1.15
193959 -40 28.58 1.15
187682 -40 28.58 1.15
193846 -40 28.58 1.15
190572 -40 28.58 1.15
188979 -40 28.58 1.15
193852 -40 28.58 1.15
190246 -40 28.58 1.15
194305 -40 28.58 1.15
243805 -40 25.75 -26.14
244764 -40 25.75 -26.14
245939 -40 25.75 -26.14
243823 -40 25.75 -26.14
246202 -40 25.75 -26.14
242521 -40 25.75 -26.14
245034 -40 25.75 -26.14
242607 -40 25.75 -26.14
243484 -40 25.75 -26.14
245747 -40 25.75 -26.14
243621 -40 25.75 -26.14
241821 -40 25.75 -26.14
247315 -40 25.75 -26.14
246259 -40 25.75 -26.14
246418 -40 25.75 -26.14
245151 -40 25.75 -26.14
243277 -40 25.75 -26.14
246639 -40 25.75 -26.14
245022 -40 25.75 -26.14
244573 -40 25.75 -26.14
239372 -40 25.75 -26.14
244788 -40 25.75 -26.14
245088 -40 25.75 -26.14
244372 -40 25.75 -26.14
247170 -40 25.75 -26.14
247301 -40 25.75 -26.14
248779 -40 25.75 -26.14
244611 -40 25.75 -26.14
243009 -40 25.75 -26.14
249728 -40 25.75 -26.14
247957 -40 25.75 -26.14
245271 -40 25.75 -26.14
247808 -40 25.75 -26.14
244785 -40 25.75 -26.14
241040 -40 25.75 -26.14
244136 -40 25.75 -26.14
240227 -40 25.75 -26.14
245181 -40 25.75 -26.14
244936 -40 25.75 -26.14
207280 -40 -17.72 -24.96
209748 -40 -17.72 -24.96
200424 -40 -17.72 -24.96
203656 -40 -17.72 -24.96
205514 -40 -17.72 -24.96
198426 -40 -17.72 -24.96
203920 -40 -17.72 -24.96
203566 -40 -17.72 -24.96
205326 -40 -17.72 -24.96
210572 -40 -17.72 -24.96
205077 -40 -17.72 -24.96
204064 -40 -17.72 -24.96
206017 -40 -17.72 -24.96
206877 -40 -17.72 -24.96
203544 -40 -17.72 -24.96
205521 -40 -17.72 -24.96
202178 -40 -17.72 -24.96
211809 -40 -17.72 -24.96
204980 -40 -17.72 -24.96
205400 -40 -17.72 -24.96
205490 -40 -17.72 -24.96
206053 -40 -17.72 -24.96
205807 -40 -17.72 -24.96
202907 -40 -17.72 -24.96
199820 -40 -17.72 -24.96
204147 -40 -17.72 -24.96
202724 -40 -17.72 -24.96
207877 -40 -17.72 -24.96
199960 -40 -17.72 -24.96
200825 -40 -17.72 -24.96
204568 -40 -17.72 -24.96
207375 -40 -17.72 -24.96
206613 -40 -17.72 -24.96
197663 -40 -17.72 -24.96
203754 -40 -17.72 -24.96
205107 -40 -17.72 -24.96
205090 -40 -17.72 -24.96
204529 -40 -17.72 -24.96
202741 -40 -17.72 -24.96
105391 -40 -9.29 12.93
102126 -40 -9.29 12.93
107494 -40 -9.29 12.93
103998 -40 -9.29 12.93
102949 -40 -9.29 12.93
108544 -40 -9.29 12.93
107149 -40 -9.29 12.93
106192 -40 -9.29 12.93
106919 -40 -9.29 12.93
104327 -40 -9.29 12.93
101265 -40 -9.29 12.93
107998 -40 -9.29 12.93
107303 -40 -9.29 12.93
102239 -40 -9.29 12.93
103202 -40 -9.29 12.93
105475 -40 -9.29 12.93
104820 -40 -9.29 12.93
108451 -40 -9.29 12.93
106377 -40 -9.29 12.93
106746 -40 -9.29 12.93
104350 -40 -9.29 12.93
106641 -40 -9.29 12.93
107230 -40 -9.29 12.93
109717 -40 -9.29 12.93
100783 -40 -9.29 12.93
109378 -40 -9.29 12.93
105396 -40 -9.29 12.93
107230 -40 -9.29 12.93
103306 -40 -9.29 12.93
99640 -40 -9.29 12.93
101751 -40 -9.29 12.93
104262 -40 -9.29 12.93
103826 -40 -9.29 12.93
107476 -40 -9.29 12.93
107106 -40 -9.29 12.93
100274 -40 -9.29 12.93
108181 -40 -9.29 12.93
103804 -40 -9.29 12.93
107288 -40 -9.29 12.93
