#rtt sig_str x y
113217 -40 13.94 -10.52
113283 -40 13.94 -10.52
113845 -40 13.94 -10.52
121146 -40 13.94 -10.52
118335 -40 13.94 -10.52
116696 -40 13.94 -10.52
112026 -40 13.94 -10.52
114659 -40 13.94 -10.52
115314 -40 13.94 -10.52
117532 -40 13.94 -10.52
116972 -40 13.94 -10.52
118441 -40 13.94 -10.52
116915 -40 13.94 -10.52
116996 -40 13.94 -10.52
115534 -40 13.94 -10.52
113478 -40 13.94 -10.52
120670 -40 13.94 -10.52
120681 -40 13.94 -10.52
114321 -40 13.94 -10.52
115368 -40 13.94 -10.52
119054 -40 13.94 -10.52
115602 -40 13.94 -10.52
118158 -40 13.94 -10.52
119326 -40 13.94 -10.52
118381 -40 13.94 -10.52
112455 -40 13.94 -10.52
115640 -40 13.94 -10.52
117403 -40 13.94 -10.52
115895 -40 13.94 -10.52
117861 -40 13.94 -10.52
114464 -40 13.94 -10.52
121787 -40 13.94 -10.52
115365 -40 13.94 -10.52
114666 -40 13.94 -10.52
117899 -40 13.94 -10.52
113369 -40 13.94 -10.52
117042 -40 13.94 -10.52
116044 -40 13.94 -10.52
118277 -40 13.94 -10.52
201640 -40 4.03 -29.98
201346 -40 4.03 -29.98
202223 -40 4.03 -29.98
200224 -40 4.03 -29.98
200931 -40 4.03 -29.98
203771 -40 4.03 -29.98
206282 -40 4.03 -29.98
204157 -40 4.03 -29.98
204411 -40 4.03 -29.98
199555 -40 4.03 -29.98
205471 -40 4.03 -29.98
202633 -40 4.03 -29.98
202042 -40 4.03 -29.98
202643 -40 4.03 -29.98
202779 -40 4.03 -29.98
201459 -40 4.03 -29.98
199017 -40 4.03 -29.98
203316 -40 4.03 -29.98
199223 -40 4.03 -29.98
205610 -40 4.03 -29.98
202203 -40 4.03 -29.98
204153 -40 4.03 -29.98
206381 -40 4.03 -29.98
199889 -40 4.03 -29.98
201108 -40 4.03 -29.98
200208 -40 4.03 -29.98
204714 -40 4.03 -29.98
204280 -40 4.03 -29.98
200502 -40 4.03 -29.98
201324 -40 4.03 -29.98
201254 -40 4.03 -29.98
200418 -40 4.03 -29.98
205384 -40 4.03 -29.98
200073 -40 4.03 -29.98
198197 -40 4.03 -29.98
199613 -40 4.03 -29.98
202381 -40 4.03 -29.98
202640 -40 4.03 -29.98
201285 -40 4.03 -29.98
165501 -40 -11.93 -21.49
164443 -40 -11.93 -21.49
164683 -40 -11.93 -21.49
159918 -40 -11.93 -21.49
163840 -40 -11.93 -21.49
168331 -40 -11.93 -21.49
162146 -40 -11.93 -21.49
160276 -40 -11.93 -21.49
160274 -40 -11.93 -21.49
163558 -40 -11.93 -21.49
166834 -40 -11.93 -21.49
165132 -40 -11.93 -21.49
165282 -40 -11.93 -21.49
161747 -40 -11.93 -21.49
162047 -40 -11.93 -21.49
159694 -40 -11.93 -21.49
163121 -40 -11.93 -21.49
167934 -40 -11.93 -21.49
161420 -40 -11.93 -21.49
160507 -40 -11.93 -21.49
163830 -40 -11.93 -21.49
159332 -40 -11.93 -21.49
160908 -40 -11.93 -21.49
162094 -40 -11.93 -21.49
168886 -40 -11.93 -21.49
168283 -40 -11.93 -21.49
167991 -40 -11.93 -21.49
168517 -40 -11.93 -21.49
166138 -40 -11.93 -21.49
161713 -40 -11.93 -21.49
166268 -40 -11.93 -21.49
164773 -40 -11.93 -21.49
164617 -40 -11.93 -21.49
163820 -40 -11.93 -21.49
162253 -40 -11.93 -21.49
163667 -40 -11.93 -21.49
168283 -40 -11.93 -21.49
161775 -40 -11.93 -21.49
162543 -40 -11.93 -21.49
157652 -40 16.84 16.4
155209 -40 16.84 16.4
156354 -40 16.84 16.4
152062 -40 16.84 16.4
159499 -40 16.84 16.4
158316 -40 16.84 16.4
150758 -40 16.84 16.4
154369 -40 16.84 16.4
156846 -40 16.84 16.4
159951 -40 16.84 16.4
153195 -40 16.84 16.4
149438 -40 16.84 16.4
156302 -40 16.84 16.4
157269 -40 16.84 16.4
158146 -40 16.84 16.4
155189 -40 16.84 16.4
159803 -40 16.84 16.4
155850 -40 16.84 16.4
161175 -40 16.84 16.4
157238 -40 16.84 16.4
156448 -40 16.84 16.4
157330 -40 16.84 16.4
156816 -40 16.84 16.4
157335 -40 16.84 16.4
159730 -40 16.84 16.4
153817 -40 16.84 16.4
152286 -40 16.84 16.4
157687 -40 16.84 16.4
160302 -40 16.84 16.4
155818 -40 16.84 16.4
157695 -40 16.84 16.4
158280 -40 16.84 16.4
158005 -40 16.84 16.4
156463 -40 16.84 16.4
160494 -40 16.84 16.4
154632 -40 16.84 16.4
157690 -40 16.84 16.4
158273 -40 16.84 16.4
158626 -40 16.84 16.4
37376 -40 -0.13 -5.64
35342 -40 -0.13 -5.64
37736 -40 -0.13 -5.64
37370 -40 -0.13 -5.64
37270 -40 -0.13 -5.64
36042 -40 -0.13 -5.64
34146 -40 -0.13 -5.64
33461 -40 -0.13 -5.64
34078 -40 -0.13 -5.64
36266 -40 -0.13 -5.64
41991 -40 -0.13 -5.64
37199 -40 -0.13 -5.64
36443 -40 -0.13 -5.64
38556 -40 -0.13 -5.64
35125 -40 -0.13 -5.64
32790 -40 -0.13 -5.64
39055 -40 -0.13 -5.64
34723 -40 -0.13 -5.64
35706 -40 -0.13 -5.64
36363 -40 -0.13 -5.64
34228 -40 -0.13 -5.64
36197 -40 -0.13 -5.64
33774 -40 -0.13 -5.64
39247 -40 -0.13 -5.64
36466 -40 -0.13 -5.64
39941 -40 -0.13 -5.64
38401 -40 -0.13 -5.64
36584 -40 -0.13 -5.64
32164 -40 -0.13 -5.64
38775 -40 -0.13 -5.64
38402 -40 -0.13 -5.64
38399 -40 -0.13 -5.64
38130 -40 -0.13 -5.64
36803 -40 -0.13 -5.64
36155 -40 -0.13 -5.64
34957 -40 -0.13 -5.64
40789 -40 -0.13 -5.64
36991 -40 -0.13 -5.64
33467 -40 -0.13 -5.64
224721 -40 -22.87 -25.04
228230 -40 -22.87 -25.04
226811 -40 -22.87 -25.04
225386 -40 -22.87 -25.04
226551 -40 -22.87 -25.04
227051 -40 -22.87 -25.04
227139 -40 -22.87 -25.04
228760 -40 -22.87 -25.04
228472 -40 -22.87 -25.04
223420 -40 -22.87 -25.04
223760 -40 -22.87 -25.04
224969 -40 -22.87 -25.04
222796 -40 -22.87 -25.04
224995 -40 -22.87 -25.04
227700 -40 -22.87 -25.04
227737 -40 -22.87 -25.04
227866 -40 -22.87 -25.04
229785 -40 -22.87 -25.04
222495 -40 -22.87 -25.04
228071 -40 -22.87 -25.04
228033 -40 -22.87 -25.04
226713 -40 -22.87 -25.04
226059 -40 -22.87 -25.04
225955 -40 -22.87 -25.04
223717 -40 -22.87 -25.04
230260 -40 -22.87 -25.04
223014 -40 -22.87 -25.04
224138 -40 -22.87 -25.04
226372 -40 -22.87 -25.04
227429 -40 -22.87 -25.04
227951 -40 -22.87 -25.04
222901 -40 -22.87 -25.04
227927 -40 -22.87 -25.04
224636 -40 -22.87 -25.04
228284 -40 -22.87 -25.04
223881 -40 -22.87 -25.04
222062 -40 -22.87 -25.04
226513 -40 -22.87 -25.04
224544 -40 -22.87 -25.04
76126 -40 -6.69 -9.56
77405 -40 -6.69 -9.56
79095 -40 -6.69 -9.56
74242 -40 -6.69 -9.56
75775 -40 -6.69 -9.56
79553 -40 -6.69 -9.56
75944 -40 -6.69 -9.56
75891 -40 -6.69 -9.56
75841 -40 -6.69 -9.56
79972 -40 -6.69 -9.56
73472 -40 -6.69 -9.56
79374 -40 -6.69 -9.56
82889 -40 -6.69 -9.56
74843 -40 -6.69 -9.56
79113 -40 -6.69 -9.56
76257 -40 -6.69 -9.56
75054 -40 -6.69 -9.56
74861 -40 -6.69 -9.56
76549 -40 -6.69 -9.56
73864 -40 -6.69 -9.56
78594 -40 -6.69 -9.56
78156 -40 -6.69 -9.56
76219 -40 -6.69 -9.56
73906 -40 -6.69 -9.56
78401 -40 -6.69 -9.56
74620 -40 -6.69 -9.56
76240 -40 -6.69 -9.56
81136 -40 -6.69 -9.56
80315 -40 -6.69 -9.56
75908 -40 -6.69 -9.56
77862 -40 -6.69 -9.56
76725 -40 -6.69 -9.56
75261 -40 -6.69 -9.56
77162 -40 -6.69 -9.56
77353 -40 -6.69 -9.56
79087 -40 -6.69 -9.56
76942 -40 -6.69 -9.56
77598 -40 -6.69 -9.56
78299 -40 -6.69 -9.56
94390 -40 -6.32 13.07
99555 -40 -6.32 13.07
102262 -40 -6.32 13.07
93789 -40 -6.32 13.07
96240 -40 -6.32 13.07
95834 -40 -6.32 13.07
102488 -40 -6.32 13.07
97345 -40 -6.32 13.07
98237 -40 -6.32 13.07
94461 -40 -6.32 13.07
99344 -40 -6.32 13.07
96177 -40 -6.32 13.07
98550 -40 -6.32 13.07
97399 -40 -6.32 13.07
92981 -40 -6.32 13.07
99276 -40 -6.32 13.07
94694 -40 -6.32 13.07
93701 -40 -6.32 13.07
94024 -40 -6.32 13.07
98469 -40 -6.32 13.07
96891 -40 -6.32 13.07
98766 -40 -6.32 13.07
95214 -40 -6.32 13.07
97758 -40 -6.32 13.07
99210 -40 -6.32 13.07
98134 -40 -6.32 13.07
91840 -40 -6.32 13.07
93984 -40 -6.32 13.07
98241 -40 -6.32 13.07
95861 -40 -6.32 13.07
98545 -40 -6.32 13.07
98272 -40 -6.32 13.07
92746 -40 -6.32 13.07
96360 -40 -6.32 13.07
97836 -40 -6.32 13.07
97501 -40 -6.32 13.07
98687 -40 -6.32 13.07
97647 -40 -6.32 13.07
91684 -40 -6.32 13.07
120708 -40 -9.75 -14.86
120726 -40 -9.75 -14.86
115961 -40 -9.75 -14.86
119510 -40 -9.75 -14.86
114866 -40 -9.75 -14.86
118774 -40 -9.75 -14.86
117307 -40 -9.75 -14.86
114571 -40 -9.75 -14.86
115951 -40 -9.75 -14.86
123126 -40 -9.75 -14.86
121002 -40 -9.75 -14.86
118365 -40 -9.75 -14.86
116368 -40 -9.75 -14.86
122144 -40 -9.75 -14.86
119075 -40 -9.75 -14.86
119532 -40 -9.75 -14.86
120058 -40 -9.75 -14.86
117325 -40 -9.75 -14.86
119700 -40 -9.75 -14.86
120732 -40 -9.75 -14.86
112653 -40 -9.75 -14.86
119400 -40 -9.75 -14.86
122537 -40 -9.75 -14.86
118278 -40 -9.75 -14.86
119988 -40 -9.75 -14.86
118994 -40 -9.75 -14.86
117135 -40 -9.75 -14.86
118310 -40 -9.75 -14.86
122641 -40 -9.75 -14.86
116107 -40 -9.75 -14.86
120912 -40 -9.75 -14.86
119085 -40 -9.75 -14.86
120900 -40 -9.75 -14.86
118257 -40 -9.75 -14.86
116571 -40 -9.75 -14.86
120172 -40 -9.75 -14.86
117980 -40 -9.75 -14.86
117246 -40 -9.75 -14.86
116207 -40 -9.75 -14.86
216967 -40 -25.05 22.02
221923 -40 -25.05 22.02
224807 -40 -25.05 22.02
225951 -40 -25.05 22.02
223148 -40 -25.05 22.02
223425 -40 -25.05 22.02
222415 -40 -25.05 22.02
221142 -40 -25.05 22.02
217813 -40 -25.05 22.02
217356 -40 -25.05 22.02
222329 -40 -25.05 22.02
222313 -40 -25.05 22.02
220127 -40 -25.05 22.02
222793 -40 -25.05 22.02
223057 -40 -25.05 22.02
222943 -40 -25.05 22.02
222197 -40 -25.05 22.02
222679 -40 -25.05 22.02
217974 -40 -25.05 22.02
222810 -40 -25.05 22.02
223248 -40 -25.05 22.02
224701 -40 -25.05 22.02
222766 -40 -25.05 22.02
217802 -40 -25.05 22.02
221465 -40 -25.05 22.02
223587 -40 -25.05 22.02
222023 -40 -25.05 22.02
223555 -40 -25.05 22.02
223581 -40 -25.05 22.02
223804 -40 -25.05 22.02
218387 -40 -25.05 22.02
217575 -40 -25.05 22.02
223457 -40 -25.05 22.02
227829 -40 -25.05 22.02
221180 -40 -25.05 22.02
225488 -40 -25.05 22.02
220216 -40 -25.05 22.02
220221 -40 -25.05 22.02
219603 -40 -25.05 22.02
