#rtt sig_str x y
115949 -40 10.34 13.35
113659 -40 10.34 13.35
115793 -40 10.34 13.35
108081 -40 10.34 13.35
108405 -40 10.34 13.35
111965 -40 10.34 13.35
114347 -40 10.34 13.35
119577 -40 10.34 13.35
110481 -40 10.34 13.35
115883 -40 10.34 13.35
113476 -40 10.34 13.35
113391 -40 10.34 13.35
111759 -40 10.34 13.35
115050 -40 10.34 13.35
111635 -40 10.34 13.35
110600 -40 10.34 13.35
115432 -40 10.34 13.35
112332 -40 10.34 13.35
113645 -40 10.34 13.35
114136 -40 10.34 13.35
111880 -40 10.34 13.35
115751 -40 10.34 13.35
115122 -40 10.34 13.35
114441 -40 10.34 13.35
109144 -40 10.34 13.35
109376 -40 10.34 13.35
112086 -40 10.34 13.35
115314 -40 10.34 13.35
117609 -40 10.34 13.35
115744 -40 10.34 13.35
116707 -40 10.34 13.35
107962 -40 10.34 13.35
109965 -40 10.34 13.35
112663 -40 10.34 13.35
111489 -40 10.34 13.35
111597 -40 10.34 13.35
115773 -40 10.34 13.35
111311 -40 10.34 13.35
111489 -40 10.34 13.35
134840 -40 -0.72 19.92
131684 -40 -0.72 19.92
131897 -40 -0.72 19.92
132791 -40 -0.72 19.92
133524 -40 -0.72 19.92
132767 -40 -0.72 19.92
131308 -40 -0.72 19.92
133787 -40 -0.72 19.92
131749 -40 -0.72 19.92
132428 -40 -0.72 19.92
140955 -40 -0.72 19.92
134876 -40 -0.72 19.92
132212 -40 -0.72 19.92
133945 -40 -0.72 19.92
135602 -40 -0.72 19.92
133766 -40 -0.72 19.92
131416 -40 -0.72 19.92
133243 -40 -0.72 19.92
134811 -40 -0.72 19.92
132740 -40 -0.72 19.92
131851 -40 -0.72 19.92
132843 -40 -0.72 19.92
134664 -40 -0.72 19.92
135065 -40 -0.72 19.92
134385 -40 -0.72 19.92
133846 -40 -0.72 19.92
131197 -40 -0.72 19.92
133739 -40 -0.72 19.92
135481 -40 -0.72 19.92
134957 -40 -0.72 19.92
130695 -40 -0.72 19.92
132262 -40 -0.72 19.92
130705 -40 -0.72 19.92
133997 -40 -0.72 19.92
133973 -40 -0.72 19.92
134576 -40 -0.72 19.92
132803 -40 -0.72 19.92
132387 -40 -0.72 19.92
138016 -40 -0.72 19.92
156997 -40 19.53 14.05
160636 -40 19.53 14.05
161374 -40 19.53 14.05
160603 -40 19.53 14.05
160363 -40 19.53 14.05
159700 -40 19.53 14.05
159661 -40 19.53 14.05
162556 -40 19.53 14.05
161505 -40 19.53 14.05
161737 -40 19.53 14.05
165281 -40 19.53 14.05
169533 -40 19.53 14.05
159434 -40 19.53 14.05
159959 -40 19.53 14.05
156085 -40 19.53 14.05
162239 -40 19.53 14.05
160753 -40 19.53 14.05
155538 -40 19.53 14.05
158703 -40 19.53 14.05
156821 -40 19.53 14.05
160328 -40 19.53 14.05
163340 -40 19.53 14.05
161851 -40 19.53 14.05
161197 -40 19.53 14.05
161147 -40 19.53 14.05
164149 -40 19.53 14.05
156711 -40 19.53 14.05
162286 -40 19.53 14.05
159706 -40 19.53 14.05
159799 -40 19.53 14.05
164640 -40 19.53 14.05
160551 -40 19.53 14.05
157275 -40 19.53 14.05
156076 -40 19.53 14.05
162724 -40 19.53 14.05
155897 -40 19.53 14.05
160119 -40 19.53 14.05
160139 -40 19.53 14.05
162308 -40 19.53 14.05
201811 -40 -28.12 12.06
202481 -40 -28.12 12.06
206925 -40 -28.12 12.06
206114 -40 -28.12 12.06
202977 -40 -28.12 12.06
205435 -40 -28.12 12.06
205228 -40 -28.12 12.06
204780 -40 -28.12 12.06
202023 -40 -28.12 12.06
206094 -40 -28.12 12.06
200517 -40 -28.12 12.06
200875 -40 -28.12 12.06
207054 -40 -28.12 12.06
202271 -40 -28.12 12.06
203805 -40 -28.12 12.06
206106 -40 -28.12 12.06
205022 -40 -28.12 12.06
204393 -40 -28.12 12.06
200764 -40 -28.12 12.06
206116 -40 -28.12 12.06
202983 -40 -28.12 12.06
203968 -40 -28.12 12.06
206364 -40 -28.12 12.06
201875 -40 -28.12 12.06
204843 -40 -28.12 12.06
203951 -40 -28.12 12.06
201853 -40 -28.12 12.06
206322 -40 -28.12 12.06
199385 -40 -28.12 12.06
206284 -40 -28.12 12.06
206791 -40 -28.12 12.06
203844 -40 -28.12 12.06
205465 -40 -28.12 12.06
207367 -40 -28.12 12.06
205465 -40 -28.12 12.06
204541 -40 -28.12 12.06
205925 -40 -28.12 12.06
208973 -40 -28.12 12.06
204054 -40 -28.12 12.06
175415 -40 18.49 -18.4
174262 -40 18.49 -18.4
175309 -40 18.49 -18.4
174204 -40 18.49 -18.4
177513 -40 18.49 -18.4
170190 -40 18.49 -18.4
177212 -40 18.49 -18.4
180163 -40 18.49 -18.4
172101 -40 18.49 -18.4
174592 -40 18.49 -18.4
174516 -40 18.49 -18.4
171562 -40 18.49 -18.4
176645 -40 18.49 -18.4
174620 -40 18.49 -18.4
174889 -40 18.49 -18.4
175593 -40 18.49 -18.4
177405 -40 18.49 -18.4
172403 -40 18.49 -18.4
175892 -40 18.49 -18.4
176253 -40 18.49 -18.4
174642 -40 18.49 -18.4
177981 -40 18.49 -18.4
172216 -40 18.49 -18.4
172402 -40 18.49 -18.4
175319 -40 18.49 -18.4
175409 -40 18.49 -18.4
176112 -40 18.49 -18.4
179455 -40 18.49 -18.4
173345 -40 18.49 -18.4
172891 -40 18.49 -18.4
173036 -40 18.49 -18.4
176067 -40 18.49 -18.4
173795 -40 18.49 -18.4
172939 -40 18.49 -18.4
176185 -40 18.49 -18.4
177130 -40 18.49 -18.4
175822 -40 18.49 -18.4
175945 -40 18.49 -18.4
166652 -40 18.49 -18.4
195690 -40 3.94 28.65
187681 -40 3.94 28.65
192161 -40 3.94 28.65
195423 -40 3.94 28.65
192925 -40 3.94 28.65
190443 -40 3.94 28.65
187904 -40 3.94 28.65
189616 -40 3.94 28.65
196983 -40 3.94 28.65
195503 -40 3.94 28.65
192849 -40 3.94 28.65
194071 -40 3.94 28.65
190591 -40 3.94 28.65
194022 -40 3.94 28.65
194952 -40 3.94 28.65
189876 -40 3.94 28.65
190951 -40 3.94 28.65
195368 -40 3.94 28.65
193909 -40 3.94 28.65
191841 -40 3.94 28.65
193169 -40 3.94 28.65
193476 -40 3.94 28.65
190264 -40 3.94 28.65
191841 -40 3.94 28.65
189055 -40 3.94 28.65
192133 -40 3.94 28.65
193142 -40 3.94 28.65
193806 -40 3.94 28.65
189116 -40 3.94 28.65
195296 -40 3.94 28.65
192982 -40 3.94 28.65
198827 -40 3.94 28.65
195080 -40 3.94 28.65
191921 -40 3.94 28.65
195403 -40 3.94 28.65
192935 -40 3.94 28.65
192900 -40 3.94 28.65
193589 -40 3.94 28.65
189338 -40 3.94 28.65
86249 -40 -12.14 4.66
85684 -40 -12.14 4.66
86691 -40 -12.14 4.66
87063 -40 -12.14 4.66
89836 -40 -12.14 4.66
85573 -40 -12.14 4.66
86541 -40 -12.14 4.66
86218 -40 -12.14 4.66
85311 -40 -12.14 4.66
86977 -40 -12.14 4.66
88046 -40 -12.14 4.66
85509 -40 -12.14 4.66
89744 -40 -12.14 4.66
82228 -40 -12.14 4.66
84148 -40 -12.14 4.66
88530 -40 -12.14 4.66
84819 -40 -12.14 4.66
88129 -40 -12.14 4.66
85541 -40 -12.14 4.66
86282 -40 -12.14 4.66
89039 -40 -12.14 4.66
88902 -40 -12.14 4.66
86779 -40 -12.14 4.66
88218 -40 -12.14 4.66
78763 -40 -12.14 4.66
85293 -40 -12.14 4.66
87629 -40 -12.14 4.66
83851 -40 -12.14 4.66
85449 -40 -12.14 4.66
87122 -40 -12.14 4.66
86740 -40 -12.14 4.66
88783 -40 -12.14 4.66
86029 -40 -12.14 4.66
86308 -40 -12.14 4.66
85953 -40 -12.14 4.66
87521 -40 -12.14 4.66
87810 -40 -12.14 4.66
85554 -40 -12.14 4.66
85671 -40 -12.14 4.66
182915 -40 -27.2 0.83
181122 -40 -27.2 0.83
181978 -40 -27.2 0.83
178270 -40 -27.2 0.83
179631 -40 -27.2 0.83
182398 -40 -27.2 0.83
183175 -40 -27.2 0.83
180307 -40 -27.2 0.83
179935 -40 -27.2 0.83
183943 -40 -27.2 0.83
183858 -40 -27.2 0.83
180741 -40 -27.2 0.83
180958 -40 -27.2 0.83
181531 -40 -27.2 0.83
179647 -40 -27.2 0.83
177974 -40 -27.2 0.83
179984 -40 -27.2 0.83
180342 -40 -27.2 0.83
180890 -40 -27.2 0.83
180144 -40 -27.2 0.83
182458 -40 -27.2 0.83
177031 -40 -27.2 0.83
177887 -40 -27.2 0.83
179894 -40 -27.2 0.83
180885 -40 -27.2 0.83
179631 -40 -27.2 0.83
184072 -40 -27.2 0.83
183928 -40 -27.2 0.83
177499 -40 -27.2 0.83
182219 -40 -27.2 0.83
180248 -40 -27.2 0.83
180226 -40 -27.2 0.83
179453 -40 -27.2 0.83
179167 -40 -27.2 0.83
181614 -40 -27.2 0.83
182426 -40 -27.2 0.83
181166 -40 -27.2 0.83
182168 -40 -27.2 0.83
182495 -40 -27.2 0.83
243250 -40 29.44 21.09
242681 -40 29.44 21.09
242359 -40 29.44 21.09
243835 -40 29.44 21.09
240754 -40 29.44 21.09
237162 -40 29.44 21.09
240729 -40 29.44 21.09
242494 -40 29.44 21.09
238579 -40 29.44 21.09
240723 -40 29.44 21.09
239302 -40 29.44 21.09
241599 -40 29.44 21.09
240653 -40 29.44 21.09
242102 -40 29.44 21.09
241663 -40 29.44 21.09
238143 -40 29.44 21.09
241475 -40 29.44 21.09
239941 -40 29.44 21.09
243417 -40 29.44 21.09
240588 -40 29.44 21.09
238576 -40 29.44 21.09
237692 -40 29.44 21.09
241566 -40 29.44 21.09
241576 -40 29.44 21.09
236979 -40 29.44 21.09
242480 -40 29.44 21.09
237995 -40 29.44 21.09
241959 -40 29.44 21.09
246890 -40 29.44 21.09
242449 -40 29.44 21.09
242638 -40 29.44 21.09
243402 -40 29.44 21.09
239361 -40 29.44 21.09
238907 -40 29.44 21.09
241090 -40 29.44 21.09
241320 -40 29.44 21.09
239160 -40 29.44 21.09
238863 -40 29.44 21.09
240829 -40 29.44 21.09
200578 -40 -29.6 -7.14
203356 -40 -29.6 -7.14
202541 -40 -29.6 -7.14
201027 -40 -29.6 -7.14
201893 -40 -29.6 -7.14
206112 -40 -29.6 -7.14
206144 -40 -29.6 -7.14
206648 -40 -29.6 -7.14
196554 -40 -29.6 -7.14
204919 -40 -29.6 -7.14
204416 -40 -29.6 -7.14
201091 -40 -29.6 -7.14
203782 -40 -29.6 -7.14
205838 -40 -29.6 -7.14
206401 -40 -29.6 -7.14
201693 -40 -29.6 -7.14
202002 -40 -29.6 -7.14
198720 -40 -29.6 -7.14
199337 -40 -29.6 -7.14
201474 -40 -29.6 -7.14
205323 -40 -29.6 -7.14
201419 -40 -29.6 -7.14
202331 -40 -29.6 -7.14
203639 -40 -29.6 -7.14
209575 -40 -29.6 -7.14
205657 -40 -29.6 -7.14
202264 -40 -29.6 -7.14
201383 -40 -29.6 -7.14
206795 -40 -29.6 -7.14
203971 -40 -29.6 -7.14
201855 -40 -29.6 -7.14
202785 -40 -29.6 -7.14
198390 -40 -29.6 -7.14
203365 -40 -29.6 -7.14
201024 -40 -29.6 -7.14
206971 -40 -29.6 -7.14
204631 -40 -29.6 -7.14
203934 -40 -29.6 -7.14
201861 -40 -29.6 -7.14
