#rtt sig_str x y
194257 -62.3806 -4.98 29.84
203530 -63.4313 -4.98 29.84
196904 -57.9637 -4.98 29.84
200442 -57.4788 -4.98 29.84
200208 -61.6387 -4.98 29.84
204962 -58.6443 -4.98 29.84
202505 -62.3344 -4.98 29.84
199497 -61.6833 -4.98 29.84
204339 -63.7969 -4.98 29.84
197647 -63.747 -4.98 29.84
201176 -61.8614 -4.98 29.84
199509 -60.0193 -4.98 29.84
204912 -61.1874 -4.98 29.84
201756 -64.0693 -4.98 29.84
203407 -69.149 -4.98 29.84
198361 -62.3216 -4.98 29.84
204747 -66.5818 -4.98 29.84
197902 -66.0824 -4.98 29.84
200020 -59.6135 -4.98 29.84
201357 -58.6382 -4.98 29.84
200099 -60.8815 -4.98 29.84
185979 -76.7239 -4.98 29.84
203224 -65.0169 -4.98 29.84
207126 -69.2775 -4.98 29.84
194452 -63.8022 -4.98 29.84
204931 -63.1553 -4.98 29.84
202854 -60.2526 -4.98 29.84
203643 -60.0985 -4.98 29.84
198749 -57.4939 -4.98 29.84
201005 -54.6817 -4.98 29.84
194090 -63.0469 -4.98 29.84
195218 -60.6194 -4.98 29.84
207258 -74.8101 -4.98 29.84
200428 -61.4848 -4.98 29.84
197396 -57.1034 -4.98 29.84
165303 -80.4315 -4.98 29.84
203833 -61.1979 -4.98 29.84
204449 -59.6494 -4.98 29.84
204897 -65.1042 -4.98 29.84
184157 -59.6136 13.22 25.96
178637 -57.9203 13.22 25.96
180616 -61.9942 13.22 25.96
174608 -59.9994 13.22 25.96
186252 -55.5698 13.22 25.96
185281 -60.1978 13.22 25.96
184977 -60.7608 13.22 25.96
188326 -67.8114 13.22 25.96
188160 -63.4075 13.22 25.96
178834 -60.776 13.22 25.96
183506 -60.0452 13.22 25.96
177094 -63.3327 13.22 25.96
185788 -68.8476 13.22 25.96
186896 -62.9586 13.22 25.96
183734 -62.2026 13.22 25.96
186957 -59.3341 13.22 25.96
189458 -60.5917 13.22 25.96
185832 -61.7486 13.22 25.96
180879 -57.9332 13.22 25.96
187831 -60.7498 13.22 25.96
187183 -57.252 13.22 25.96
184361 -66.1621 13.22 25.96
180156 -62.5498 13.22 25.96
182179 -60.6085 13.22 25.96
175012 -61.4041 13.22 25.96
180732 -62.8822 13.22 25.96
187161 -56.9639 13.22 25.96
190577 -63.7966 13.22 25.96
181621 -57.8416 13.22 25.96
178598 -60.6831 13.22 25.96
181202 -60.2543 13.22 25.96
188512 -61.6244 13.22 25.96
181052 -58.9986 13.22 25.96
173637 -66.0086 13.22 25.96
185101 -60.4799 13.22 25.96
181538 -64.2181 13.22 25.96
183699 -63.4235 13.22 25.96
178345 -60.9931 13.22 25.96
188251 -59.7375 13.22 25.96
250800 -65.8277 -30 -22.32
251347 -59.2122 -30 -22.32
243193 -59.117 -30 -22.32
216373 -78.0499 -30 -22.32
246102 -62.1882 -30 -22.32
252694 -60.2682 -30 -22.32
250669 -58.4944 -30 -22.32
258223 -65.3591 -30 -22.32
254860 -64.5104 -30 -22.32
251579 -61.5407 -30 -22.32
255589 -64.1081 -30 -22.32
258660 -71.3093 -30 -22.32
243595 -61.6631 -30 -22.32
235613 -78.4935 -30 -22.32
253952 -67.3829 -30 -22.32
245063 -67.983 -30 -22.32
249741 -61.6942 -30 -22.32
247571 -68.9302 -30 -22.32
250298 -66.0101 -30 -22.32
258568 -64.1625 -30 -22.32
244048 -61.6066 -30 -22.32
194477 -70.5625 -30 -22.32
258925 -61.7 -30 -22.32
251534 -62.5509 -30 -22.32
253196 -61.3517 -30 -22.32
256124 -65.2516 -30 -22.32
258698 -59.3188 -30 -22.32
254508 -61.432 -30 -22.32
243883 -67.6117 -30 -22.32
247240 -74.5933 -30 -22.32
255668 -66.44 -30 -22.32
247490 -68.7867 -30 -22.32
248496 -59.2623 -30 -22.32
253928 -65.7639 -30 -22.32
251053 -62.3529 -30 -22.32
251738 -66.2303 -30 -22.32
240977 -69.9026 -30 -22.32
254799 -59.1467 -30 -22.32
248744 -61.4648 -30 -22.32
210282 -61.2453 -11.86 29.95
200155 -60.9819 -11.86 29.95
212691 -64.8673 -11.86 29.95
212629 -62.393 -11.86 29.95
210639 -60.0184 -11.86 29.95
218862 -70.2474 -11.86 29.95
195161 -67.6916 -11.86 29.95
209818 -64.7751 -11.86 29.95
212397 -58.6964 -11.86 29.95
209689 -65.3875 -11.86 29.95
212066 -66.6155 -11.86 29.95
208516 -59.6687 -11.86 29.95
203089 -63.9166 -11.86 29.95
208539 -60.3948 -11.86 29.95
216535 -68.6032 -11.86 29.95
217152 -62.9686 -11.86 29.95
210911 -57.419 -11.86 29.95
211689 -60.0292 -11.86 29.95
211288 -66.5025 -11.86 29.95
213682 -60.5745 -11.86 29.95
210902 -63.6625 -11.86 29.95
202819 -64.0419 -11.86 29.95
208548 -63.1218 -11.86 29.95
213279 -63.1387 -11.86 29.95
205527 -66.8478 -11.86 29.95
210772 -62.4451 -11.86 29.95
209747 -62.1812 -11.86 29.95
212572 -68.824 -11.86 29.95
203335 -73.2335 -11.86 29.95
205820 -63.5771 -11.86 29.95
214145 -67.4102 -11.86 29.95
200270 -66.4356 -11.86 29.95
220964 -66.5018 -11.86 29.95
207638 -63.2205 -11.86 29.95
209377 -62.398 -11.86 29.95
209079 -63.1395 -11.86 29.95
204167 -62.3749 -11.86 29.95
211786 -68.8705 -11.86 29.95
158050 -77.8555 -11.86 29.95
170932 -73.9061 -21.2 -15.84
173202 -58.9554 -21.2 -15.84
174591 -59.8819 -21.2 -15.84
174885 -59.0352 -21.2 -15.84
169975 -63.0527 -21.2 -15.84
172812 -52.126 -21.2 -15.84
174936 -64.2386 -21.2 -15.84
166420 -61.8853 -21.2 -15.84
168185 -62.1721 -21.2 -15.84
170931 -58.4185 -21.2 -15.84
172418 -61.2798 -21.2 -15.84
170509 -57.6914 -21.2 -15.84
167268 -58.9831 -21.2 -15.84
178305 -59.7472 -21.2 -15.84
177528 -66.0569 -21.2 -15.84
172504 -59.6902 -21.2 -15.84
175597 -57.9815 -21.2 -15.84
170717 -62.3235 -21.2 -15.84
167748 -55.3707 -21.2 -15.84
167107 -57.9401 -21.2 -15.84
171208 -61.7511 -21.2 -15.84
169850 -61.3402 -21.2 -15.84
163818 -58.0689 -21.2 -15.84
174361 -65.666 -21.2 -15.84
170896 -58.0003 -21.2 -15.84
170893 -57.9891 -21.2 -15.84
169401 -60.7935 -21.2 -15.84
166292 -66.1376 -21.2 -15.84
174561 -60.0423 -21.2 -15.84
175391 -57.9365 -21.2 -15.84
170335 -57.0757 -21.2 -15.84
175069 -59.5124 -21.2 -15.84
169607 -62.7806 -21.2 -15.84
171219 -56.069 -21.2 -15.84
173398 -61.5117 -21.2 -15.84
170236 -55.5665 -21.2 -15.84
168504 -59.5229 -21.2 -15.84
175089 -58.7422 -21.2 -15.84
174235 -56.9334 -21.2 -15.84
165065 -58.9064 -24.46 -6.21
163946 -60.7677 -24.46 -6.21
160371 -65.8334 -24.46 -6.21
166195 -64.3252 -24.46 -6.21
163723 -66.8684 -24.46 -6.21
158695 -62.9272 -24.46 -6.21
162901 -58.2975 -24.46 -6.21
156700 -62.5687 -24.46 -6.21
162386 -59.33 -24.46 -6.21
158053 -57.3043 -24.46 -6.21
157877 -65.7764 -24.46 -6.21
162671 -63.3021 -24.46 -6.21
161977 -62.3121 -24.46 -6.21
159184 -61.1388 -24.46 -6.21
160244 -62.2902 -24.46 -6.21
157477 -58.0007 -24.46 -6.21
161357 -64.4189 -24.46 -6.21
161305 -58.4316 -24.46 -6.21
167779 -67.5229 -24.46 -6.21
153761 -60.9013 -24.46 -6.21
148044 -58.8908 -24.46 -6.21
152779 -65.9994 -24.46 -6.21
157774 -56.1494 -24.46 -6.21
161263 -58.7317 -24.46 -6.21
158435 -61.6313 -24.46 -6.21
163350 -54.4733 -24.46 -6.21
157557 -58.6543 -24.46 -6.21
163090 -58.3969 -24.46 -6.21
153216 -66.8343 -24.46 -6.21
155510 -53.9269 -24.46 -6.21
161232 -56.1411 -24.46 -6.21
162893 -66.2471 -24.46 -6.21
163682 -62.9091 -24.46 -6.21
161535 -55.408 -24.46 -6.21
155839 -59.8674 -24.46 -6.21
166791 -65.6886 -24.46 -6.21
161717 -61.0398 -24.46 -6.21
165160 -66.7726 -24.46 -6.21
162902 -58.9218 -24.46 -6.21
132928 -55.4129 -18.83 -6.73
136987 -66.6475 -18.83 -6.73
138003 -64.5309 -18.83 -6.73
129431 -50.6835 -18.83 -6.73
121129 -65.7359 -18.83 -6.73
136069 -56.7674 -18.83 -6.73
133947 -55.9509 -18.83 -6.73
133576 -59.3453 -18.83 -6.73
138158 -59.1056 -18.83 -6.73
144374 -62.7144 -18.83 -6.73
139387 -59.5647 -18.83 -6.73
147478 -67.1484 -18.83 -6.73
134186 -61.1472 -18.83 -6.73
132711 -57.6053 -18.83 -6.73
132057 -53.949 -18.83 -6.73
134024 -61.2367 -18.83 -6.73
137997 -51.1057 -18.83 -6.73
138427 -64.9251 -18.83 -6.73
131959 -59.2522 -18.83 -6.73
141229 -61.0442 -18.83 -6.73
126062 -63.5945 -18.83 -6.73
134344 -58.3865 -18.83 -6.73
134667 -60.3839 -18.83 -6.73
134230 -54.7658 -18.83 -6.73
139205 -57.9393 -18.83 -6.73
133348 -56.6472 -18.83 -6.73
135373 -55.8064 -18.83 -6.73
135268 -54.3417 -18.83 -6.73
137690 -59.3797 -18.83 -6.73
126184 -59.7856 -18.83 -6.73
138202 -66.1715 -18.83 -6.73
125623 -62.6103 -18.83 -6.73
128455 -65.4833 -18.83 -6.73
131935 -59.4337 -18.83 -6.73
133382 -58.0058 -18.83 -6.73
135065 -57.4459 -18.83 -6.73
135869 -52.2344 -18.83 -6.73
129323 -62.3661 -18.83 -6.73
140406 -58.0649 -18.83 -6.73
88423 -54.0439 -9.27 10.19
93037 -51.5304 -9.27 10.19
92851 -60.4681 -9.27 10.19
88711 -59.0336 -9.27 10.19
89761 -60.924 -9.27 10.19
87152 -55.9077 -9.27 10.19
90972 -62.2755 -9.27 10.19
95554 -57.1224 -9.27 10.19
93080 -50.1056 -9.27 10.19
87180 -60.4262 -9.27 10.19
86515 -57.3439 -9.27 10.19
90637 -55.7844 -9.27 10.19
94438 -52.1242 -9.27 10.19
89199 -52.7561 -9.27 10.19
84404 -54.7522 -9.27 10.19
86179 -54.3346 -9.27 10.19
91030 -53.1446 -9.27 10.19
80242 -54.9544 -9.27 10.19
89354 -54.353 -9.27 10.19
92187 -54.6031 -9.27 10.19
82590 -55.297 -9.27 10.19
84522 -51.9901 -9.27 10.19
82393 -60.426 -9.27 10.19
90270 -51.9673 -9.27 10.19
88950 -54.4135 -9.27 10.19
86634 -50.9851 -9.27 10.19
86291 -51.2381 -9.27 10.19
91815 -61.4282 -9.27 10.19
91056 -61.8022 -9.27 10.19
91803 -54.7509 -9.27 10.19
86131 -55.4466 -9.27 10.19
91540 -52.3784 -9.27 10.19
91822 -54.7824 -9.27 10.19
85418 -58.6269 -9.27 10.19
84661 -55.3487 -9.27 10.19
92014 -49.9567 -9.27 10.19
88750 -52.2655 -9.27 10.19
85161 -54.2242 -9.27 10.19
85403 -49.712 -9.27 10.19
176476 -60.5469 -6.19 26.14
182061 -58.2748 -6.19 26.14
180502 -63.496 -6.19 26.14
176284 -58.2796 -6.19 26.14
174141 -61.2465 -6.19 26.14
179990 -60.6922 -6.19 26.14
174110 -63.404 -6.19 26.14
178658 -58.0272 -6.19 26.14
178739 -62.9043 -6.19 26.14
177968 -56.9701 -6.19 26.14
179656 -76.0169 -6.19 26.14
172831 -58.5321 -6.19 26.14
172390 -66.2969 -6.19 26.14
177733 -58.7908 -6.19 26.14
179447 -62.3537 -6.19 26.14
180698 -63.8571 -6.19 26.14
187221 -58.809 -6.19 26.14
169814 -55.3046 -6.19 26.14
186037 -64.8202 -6.19 26.14
180919 -58.1797 -6.19 26.14
167251 -65.5838 -6.19 26.14
177915 -57.6656 -6.19 26.14
178275 -57.1068 -6.19 26.14
180100 -55.6035 -6.19 26.14
169562 -65.3027 -6.19 26.14
174644 -60.1248 -6.19 26.14
178739 -59.285 -6.19 26.14
182754 -59.5438 -6.19 26.14
172645 -57.9329 -6.19 26.14
175975 -63.3749 -6.19 26.14
183426 -64.4836 -6.19 26.14
175144 -59.6297 -6.19 26.14
180954 -62.0698 -6.19 26.14
171161 -57.9359 -6.19 26.14
174479 -59.0057 -6.19 26.14
175864 -58.0485 -6.19 26.14
171313 -56.4984 -6.19 26.14
176751 -56.6455 -6.19 26.14
179225 -60.4514 -6.19 26.14
126918 -61.0178 2.33 20.78
130421 -57.5692 2.33 20.78
132595 -57.7218 2.33 20.78
134821 -56.2528 2.33 20.78
135700 -59.8834 2.33 20.78
141940 -51.9212 2.33 20.78
132150 -55.4067 2.33 20.78
132546 -51.6063 2.33 20.78
133909 -55.4838 2.33 20.78
133236 -56.3664 2.33 20.78
131547 -56.3673 2.33 20.78
137525 -67.4339 2.33 20.78
135237 -58.3164 2.33 20.78
131212 -57.1993 2.33 20.78
136690 -58.1157 2.33 20.78
128688 -54.5415 2.33 20.78
134662 -58.1117 2.33 20.78
128275 -59.0644 2.33 20.78
128018 -61.107 2.33 20.78
135083 -52.9065 2.33 20.78
137897 -62.6033 2.33 20.78
135250 -60.0617 2.33 20.78
133918 -63.5035 2.33 20.78
130614 -55.5708 2.33 20.78
129988 -61.5459 2.33 20.78
132302 -57.2442 2.33 20.78
132903 -58.1876 2.33 20.78
134387 -58.2555 2.33 20.78
127553 -60.6938 2.33 20.78
135297 -61.934 2.33 20.78
128275 -68.874 2.33 20.78
129663 -56.4593 2.33 20.78
137392 -57.8655 2.33 20.78
129226 -65.9418 2.33 20.78
140364 -54.4207 2.33 20.78
135839 -54.8072 2.33 20.78
140321 -63.7162 2.33 20.78
137937 -64.4035 2.33 20.78
135010 -58.5029 2.33 20.78
