#rtt sig_str x y
125643 -58.6658 -3.84 -18.9
127211 -59.7164 -3.84 -18.9
126033 -54.2489 -3.84 -18.9
123631 -53.764 -3.84 -18.9
123359 -57.9238 -3.84 -18.9
127130 -54.9295 -3.84 -18.9
114720 -58.6195 -3.84 -18.9
125717 -57.9684 -3.84 -18.9
118663 -60.0821 -3.84 -18.9
120133 -60.0321 -3.84 -18.9
128287 -58.1465 -3.84 -18.9
126433 -56.3045 -3.84 -18.9
130218 -57.4725 -3.84 -18.9
125449 -60.3545 -3.84 -18.9
131258 -65.4342 -3.84 -18.9
119743 -58.6068 -3.84 -18.9
127791 -62.8669 -3.84 -18.9
121389 -62.3675 -3.84 -18.9
124628 -55.8987 -3.84 -18.9
119087 -54.9233 -3.84 -18.9
129876 -57.1666 -3.84 -18.9
118631 -73.009 -3.84 -18.9
125952 -61.3021 -3.84 -18.9
131297 -65.5626 -3.84 -18.9
125786 -60.0874 -3.84 -18.9
117059 -59.4404 -3.84 -18.9
125271 -56.5378 -3.84 -18.9
129032 -56.3837 -3.84 -18.9
121596 -53.7791 -3.84 -18.9
124953 -50.9669 -3.84 -18.9
124335 -59.3321 -3.84 -18.9
126768 -56.9045 -3.84 -18.9
102454 -71.0953 -3.84 -18.9
120703 -57.77 -3.84 -18.9
129888 -53.3886 -3.84 -18.9
100704 -76.7166 -3.84 -18.9
128969 -57.4831 -3.84 -18.9
125153 -55.9345 -3.84 -18.9
127040 -61.3893 -3.84 -18.9
255628 -61.9085 -28.45 25.9
252072 -60.2153 -28.45 25.9
251364 -64.2891 -28.45 25.9
256958 -62.2944 -28.45 25.9
253295 -57.8648 -28.45 25.9
247513 -62.4928 -28.45 25.9
249691 -63.0558 -28.45 25.9
252650 -70.1064 -28.45 25.9
250729 -65.7025 -28.45 25.9
258689 -63.071 -28.45 25.9
253730 -62.3402 -28.45 25.9
250595 -65.6277 -28.45 25.9
258431 -71.1426 -28.45 25.9
243333 -65.2535 -28.45 25.9
253131 -64.4976 -28.45 25.9
245989 -61.629 -28.45 25.9
246318 -62.8866 -28.45 25.9
246698 -64.0436 -28.45 25.9
248504 -60.2281 -28.45 25.9
258215 -63.0448 -28.45 25.9
260132 -59.5469 -28.45 25.9
244394 -68.4571 -28.45 25.9
254533 -64.8448 -28.45 25.9
247089 -62.9034 -28.45 25.9
258079 -63.6991 -28.45 25.9
259175 -65.1771 -28.45 25.9
251265 -59.2588 -28.45 25.9
262553 -66.0915 -28.45 25.9
252449 -60.1365 -28.45 25.9
257746 -62.9781 -28.45 25.9
256124 -62.5492 -28.45 25.9
252350 -63.9194 -28.45 25.9
253777 -61.2936 -28.45 25.9
267185 -68.3036 -28.45 25.9
257482 -62.7748 -28.45 25.9
253849 -66.5131 -28.45 25.9
250575 -65.7185 -28.45 25.9
253385 -63.288 -28.45 25.9
251662 -62.0324 -28.45 25.9
176058 -63.1513 2.98 26.87
170314 -56.5359 2.98 26.87
175637 -56.4407 2.98 26.87
172997 -75.3736 2.98 26.87
177350 -80.8078 2.98 26.87
181382 -59.3794 2.98 26.87
171415 -65.4567 2.98 26.87
171943 -61.0947 2.98 26.87
168527 -66.8727 2.98 26.87
181956 -59.0077 2.98 26.87
178733 -62.5454 2.98 26.87
171235 -59.191 2.98 26.87
177176 -58.6685 2.98 26.87
174711 -61.3771 2.98 26.87
176673 -66.3106 2.98 26.87
174664 -66.7344 2.98 26.87
168400 -64.9166 2.98 26.87
166372 -58.8085 2.98 26.87
171914 -65.2567 2.98 26.87
173401 -53.7977 2.98 26.87
169292 -61.7926 2.98 26.87
172046 -63.8395 2.98 26.87
176311 -57.0942 2.98 26.87
176564 -63.3475 2.98 26.87
167396 -61.3606 2.98 26.87
182265 -70.4569 2.98 26.87
178120 -55.6901 2.98 26.87
173232 -57.6624 2.98 26.87
177051 -64.62 2.98 26.87
177430 -62.7384 2.98 26.87
173398 -55.0164 2.98 26.87
175513 -68.7892 2.98 26.87
177394 -65.5714 2.98 26.87
181837 -64.6676 2.98 26.87
174508 -59.7385 2.98 26.87
170677 -62.484 2.98 26.87
176410 -60.0356 2.98 26.87
177694 -59.9838 2.98 26.87
183551 -67.8859 2.98 26.87
30158 -44.1775 -3.88 -0.92
22014 -48.011 -3.88 -0.92
33154 -46.8268 -3.88 -0.92
31968 -46.7256 -3.88 -0.92
30499 -41.742 -3.88 -0.92
33256 -47.7224 -3.88 -0.92
21962 -45.2896 -3.88 -0.92
29118 -48.0933 -3.88 -0.92
28917 -44.8685 -3.88 -0.92
23495 -45.6423 -3.88 -0.92
23772 -42.5096 -3.88 -0.92
28183 -44.5932 -3.88 -0.92
26550 -46.2816 -3.88 -0.92
24595 -49.3943 -3.88 -0.92
25216 -43.0672 -3.88 -0.92
29312 -49.6423 -3.88 -0.92
31134 -52.3829 -3.88 -0.92
30870 -45.6491 -3.88 -0.92
37483 -46.6809 -3.88 -0.92
25850 -57.6636 -3.88 -0.92
28404 -59.1204 -3.88 -0.92
30124 -46.2538 -3.88 -0.92
32503 -47.0644 -3.88 -0.92
26686 -49.2443 -3.88 -0.92
29868 -42.1468 -3.88 -0.92
34817 -45.2432 -3.88 -0.92
23018 -46.7964 -3.88 -0.92
22414 -49.713 -3.88 -0.92
30965 -44.2815 -3.88 -0.92
28734 -43.7768 -3.88 -0.92
28977 -44.7212 -3.88 -0.92
21580 -46.9506 -3.88 -0.92
26501 -46.0955 -3.88 -0.92
26364 -44.3757 -3.88 -0.92
31231 -47.6455 -3.88 -0.92
26409 -50.3304 -3.88 -0.92
26390 -49.913 -3.88 -0.92
29120 -41.3356 -3.88 -0.92
27197 -45.9416 -3.88 -0.92
83674 -52.7994 -4.78 -10.77
81811 -50.7221 -4.78 -10.77
75791 -52.55 -4.78 -10.77
81496 -51.91 -4.78 -10.77
80169 -50.5421 -4.78 -10.77
84503 -48.0642 -4.78 -10.77
77798 -59.1753 -4.78 -10.77
80756 -61.927 -4.78 -10.77
81232 -54.3832 -4.78 -10.77
72617 -53.6328 -4.78 -10.77
77739 -53.815 -4.78 -10.77
79582 -48.2438 -4.78 -10.77
73598 -53.7844 -4.78 -10.77
75127 -50.6752 -4.78 -10.77
82313 -49.0621 -4.78 -10.77
76138 -54.7449 -4.78 -10.77
77965 -50.8663 -4.78 -10.77
78696 -54.4513 -4.78 -10.77
77388 -51.9239 -4.78 -10.77
82634 -62.398 -4.78 -10.77
79553 -48.3469 -4.78 -10.77
81398 -51.4499 -4.78 -10.77
76364 -49.7988 -4.78 -10.77
73597 -50.3826 -4.78 -10.77
80167 -54.6603 -4.78 -10.77
80978 -64.6524 -4.78 -10.77
79669 -62.6422 -4.78 -10.77
77977 -53.6842 -4.78 -10.77
80960 -54.5663 -4.78 -10.77
81232 -50.8907 -4.78 -10.77
78869 -55.1195 -4.78 -10.77
76626 -55.7261 -4.78 -10.77
79403 -52.0412 -4.78 -10.77
80564 -53.8406 -4.78 -10.77
81497 -53.1395 -4.78 -10.77
79959 -53.4667 -4.78 -10.77
75816 -49.5106 -4.78 -10.77
85004 -48.6634 -4.78 -10.77
71427 -62.4674 -4.78 -10.77
150573 -54.7092 -10.18 -20.74
151645 -55.6482 -10.18 -20.74
148474 -64.629 -10.18 -20.74
146500 -60.5745 -10.18 -20.74
149198 -60.5263 -10.18 -20.74
147792 -56.3913 -10.18 -20.74
153239 -58.4081 -10.18 -20.74
150553 -57.7173 -10.18 -20.74
138835 -58.0498 -10.18 -20.74
143494 -59.0273 -10.18 -20.74
155878 -62.5653 -10.18 -20.74
150783 -62.0613 -10.18 -20.74
152506 -54.9293 -10.18 -20.74
146396 -60.7536 -10.18 -20.74
142834 -57.5687 -10.18 -20.74
149749 -63.4136 -10.18 -20.74
148997 -58.308 -10.18 -20.74
156345 -56.6405 -10.18 -20.74
147210 -63.6305 -10.18 -20.74
148067 -59.9724 -10.18 -20.74
153984 -57.8063 -10.18 -20.74
149406 -58.5044 -10.18 -20.74
163026 -59.9179 -10.18 -20.74
148102 -59.5885 -10.18 -20.74
150615 -65.4236 -10.18 -20.74
151168 -55.1896 -10.18 -20.74
140438 -63.2974 -10.18 -20.74
150781 -60.8666 -10.18 -20.74
152860 -62.8474 -10.18 -20.74
145111 -62.5275 -10.18 -20.74
149170 -54.6338 -10.18 -20.74
147012 -59.1247 -10.18 -20.74
150262 -52.1538 -10.18 -20.74
146508 -56.9204 -10.18 -20.74
151511 -55.9455 -10.18 -20.74
144526 -68.2802 -10.18 -20.74
150166 -62.1753 -10.18 -20.74
156182 -64.3644 -10.18 -20.74
146268 -57.9481 -10.18 -20.74
134335 -59.8627 -17.72 11.93
141439 -56.4807 -17.72 11.93
137030 -61.5067 -17.72 11.93
143767 -50.0977 -17.72 11.93
137870 -62.4024 -17.72 11.93
144546 -63.9346 -17.72 11.93
142849 -61.5267 -17.72 11.93
137454 -58.1645 -17.72 11.93
140150 -60.2003 -17.72 11.93
140181 -61.3252 -17.72 11.93
144487 -60.327 -17.72 11.93
141647 -58.1817 -17.72 11.93
135286 -70.4142 -17.72 11.93
139829 -63.8843 -17.72 11.93
147143 -56.6513 -17.72 11.93
129122 -74.0289 -17.72 11.93
142746 -67.8966 -17.72 11.93
138451 -57.8798 -17.72 11.93
139275 -62.9088 -17.72 11.93
134545 -60.86 -17.72 11.93
129320 -58.7026 -17.72 11.93
136281 -59.4607 -17.72 11.93
140855 -57.825 -17.72 11.93
140115 -58.6924 -17.72 11.93
143343 -60.1612 -17.72 11.93
142472 -63.0269 -17.72 11.93
146085 -63.4992 -17.72 11.93
144067 -59.7174 -17.72 11.93
139646 -57.3707 -17.72 11.93
134726 -67.0156 -17.72 11.93
138661 -61.6386 -17.72 11.93
139871 -60.4306 -17.72 11.93
131546 -59.7682 -17.72 11.93
141604 -55.9309 -17.72 11.93
136712 -55.7739 -17.72 11.93
141897 -58.1091 -17.72 11.93
135655 -60.9418 -17.72 11.93
148477 -59.7262 -17.72 11.93
137349 -52.1679 -17.72 11.93
167061 -57.9192 7.16 -22.81
158100 -58.6856 7.16 -22.81
155154 -62.849 7.16 -22.81
162068 -55.2019 7.16 -22.81
157857 -61.3228 7.16 -22.81
162849 -58.8542 7.16 -22.81
157216 -61.8648 7.16 -22.81
156727 -60.2668 7.16 -22.81
159359 -60.6743 7.16 -22.81
159842 -57.7412 7.16 -22.81
157663 -57.5706 7.16 -22.81
162740 -56.8954 7.16 -22.81
157464 -55.831 7.16 -22.81
157910 -55.9347 7.16 -22.81
162221 -58.8806 7.16 -22.81
152806 -64.2645 7.16 -22.81
165921 -54.3724 7.16 -22.81
162388 -58.4773 7.16 -22.81
160783 -62.9716 7.16 -22.81
152409 -58.7716 7.16 -22.81
157906 -68.2763 7.16 -22.81
161824 -59.9929 7.16 -22.81
158372 -60.614 7.16 -22.81
166379 -63.6521 7.16 -22.81
158975 -64.4473 7.16 -22.81
157648 -58.6958 7.16 -22.81
149905 -73.87 7.16 -22.81
156977 -58.4781 7.16 -22.81
157325 -57.3083 7.16 -22.81
163647 -66.8826 7.16 -22.81
160271 -61.3929 7.16 -22.81
160871 -63.4145 7.16 -22.81
170739 -61.5033 7.16 -22.81
164469 -66.3628 7.16 -22.81
156178 -62.885 7.16 -22.81
170005 -65.4515 7.16 -22.81
160749 -56.7907 7.16 -22.81
168848 -63.2078 7.16 -22.81
155500 -59.0247 7.16 -22.81
80634 -59.0466 -12.02 -0.89
76521 -51.4983 -12.02 -0.89
78267 -50.2907 -12.02 -0.89
76770 -58.0091 -12.02 -0.89
84767 -57.8737 -12.02 -0.89
87330 -52.9934 -12.02 -0.89
81205 -54.1517 -12.02 -0.89
82511 -51.8352 -12.02 -0.89
86807 -67.7936 -12.02 -0.89
79559 -52.1398 -12.02 -0.89
83021 -56.391 -12.02 -0.89
74404 -51.1018 -12.02 -0.89
83381 -58.3318 -12.02 -0.89
79247 -59.1494 -12.02 -0.89
81523 -51.0811 -12.02 -0.89
75434 -55.1399 -12.02 -0.89
79254 -57.8234 -12.02 -0.89
80332 -53.2292 -12.02 -0.89
82559 -59.724 -12.02 -0.89
83660 -52.9845 -12.02 -0.89
85251 -64.3569 -12.02 -0.89
82016 -58.9844 -12.02 -0.89
82868 -57.4361 -12.02 -0.89
77178 -60.4334 -12.02 -0.89
78174 -60.0459 -12.02 -0.89
85500 -57.0407 -12.02 -0.89
86415 -54.9716 -12.02 -0.89
73392 -55.4945 -12.02 -0.89
75369 -49.2968 -12.02 -0.89
77243 -50.7603 -12.02 -0.89
78725 -57.1167 -12.02 -0.89
82318 -58.124 -12.02 -0.89
78643 -60.8778 -12.02 -0.89
79703 -71.0885 -12.02 -0.89
84667 -50.2701 -12.02 -0.89
79593 -52.0062 -12.02 -0.89
82849 -58.1787 -12.02 -0.89
76510 -56.086 -12.02 -0.89
84050 -50.7752 -12.02 -0.89
133484 -61.1753 -13.99 7.97
140468 -53.354 -13.99 7.97
138020 -60.2497 -13.99 7.97
135938 -60.1619 -13.99 7.97
143711 -54.0292 -13.99 7.97
137199 -56.4079 -13.99 7.97
123886 -77.1164 -13.99 7.97
138389 -61.3134 -13.99 7.97
140507 -56.4977 -13.99 7.97
137092 -61.97 -13.99 7.97
131921 -54.063 -13.99 7.97
136448 -56.2326 -13.99 7.97
138619 -56.1136 -13.99 7.97
136805 -51.137 -13.99 7.97
142890 -55.4549 -13.99 7.97
132463 -57.9918 -13.99 7.97
134931 -56.9192 -13.99 7.97
134141 -58.262 -13.99 7.97
140222 -65.475 -13.99 7.97
138562 -56.6536 -13.99 7.97
144319 -55.5393 -13.99 7.97
136098 -64.9985 -13.99 7.97
143053 -54.8208 -13.99 7.97
135957 -51.7603 -13.99 7.97
136543 -59.778 -13.99 7.97
144461 -57.8464 -13.99 7.97
137577 -50.8538 -13.99 7.97
133077 -52.2698 -13.99 7.97
129136 -51.3694 -13.99 7.97
138173 -53.549 -13.99 7.97
141744 -57.4389 -13.99 7.97
140760 -59.2264 -13.99 7.97
136426 -51.5785 -13.99 7.97
135841 -58.7427 -13.99 7.97
136390 -58.4963 -13.99 7.97
129077 -54.1355 -13.99 7.97
136625 -57.2983 -13.99 7.97
140246 -54.0198 -13.99 7.97
135228 -60.4131 -13.99 7.97
