#rtt sig_str x y
243407 -64.0257 28.03 24.04
230936 -65.0763 28.03 24.04
240988 -59.6087 28.03 24.04
238599 -59.1238 28.03 24.04
244458 -63.2837 28.03 24.04
241300 -60.2893 28.03 24.04
243740 -63.9794 28.03 24.04
241639 -63.3283 28.03 24.04
246253 -65.4419 28.03 24.04
238388 -65.392 28.03 24.04
235044 -63.5064 28.03 24.04
238281 -61.6643 28.03 24.04
241876 -62.8324 28.03 24.04
238910 -65.7143 28.03 24.04
257115 -70.794 28.03 24.04
243933 -63.9666 28.03 24.04
246826 -68.2268 28.03 24.04
222265 -67.7274 28.03 24.04
240640 -61.2585 28.03 24.04
242208 -60.2832 28.03 24.04
243143 -62.5265 28.03 24.04
221377 -78.3689 28.03 24.04
246722 -66.6619 28.03 24.04
227329 -70.9225 28.03 24.04
244868 -65.4472 28.03 24.04
243824 -64.8003 28.03 24.04
246996 -61.8977 28.03 24.04
245731 -61.7435 28.03 24.04
240974 -59.139 28.03 24.04
233680 -56.3267 28.03 24.04
243469 -64.6919 28.03 24.04
241677 -62.2644 28.03 24.04
229823 -76.4551 28.03 24.04
243125 -63.1298 28.03 24.04
241481 -58.7484 28.03 24.04
246026 -61.3844 28.03 24.04
245386 -63.04 28.03 24.04
247945 -61.6436 28.03 24.04
247114 -69.4905 28.03 24.04
129308 -52.4555 2.83 -19.64
135046 -65.2409 2.83 -19.64
138328 -61.8284 2.83 -19.64
128833 -61.1461 2.83 -19.64
134296 -59.2411 2.83 -19.64
127374 -58.048 2.83 -19.64
129886 -63.3287 2.83 -19.64
133355 -58.6939 2.83 -19.64
132145 -59.2007 2.83 -19.64
127958 -62.545 2.83 -19.64
130464 -56.6466 2.83 -19.64
123580 -60.4755 2.83 -19.64
128968 -69.5243 2.83 -19.64
128166 -55.9308 2.83 -19.64
124246 -54.5411 2.83 -19.64
130778 -57.2865 2.83 -19.64
129529 -62.3068 2.83 -19.64
131422 -52.9241 2.83 -19.64
124836 -56.301 2.83 -19.64
123990 -56.1364 2.83 -19.64
128134 -54.6321 2.83 -19.64
130474 -56.0333 2.83 -19.64
129963 -57.868 2.83 -19.64
122205 -55.8942 2.83 -19.64
140821 -61.5311 2.83 -19.64
125643 -60.3031 2.83 -19.64
128534 -63.7324 2.83 -19.64
122887 -61.7167 2.83 -19.64
128309 -56.8336 2.83 -19.64
125778 -58.362 2.83 -19.64
134807 -57.1448 2.83 -19.64
120576 -61.2754 2.83 -19.64
132505 -60.0664 2.83 -19.64
124412 -55.2463 2.83 -19.64
129179 -63.272 2.83 -19.64
130128 -57.7216 2.83 -19.64
126910 -59.0101 2.83 -19.64
135916 -58.1767 2.83 -19.64
139006 -55.7279 2.83 -19.64
237047 -63.9443 28.37 21.34
232761 -63.7434 28.37 21.34
230767 -63.4437 28.37 21.34
232720 -61.6272 28.37 21.34
221598 -67.7045 28.37 21.34
230110 -63.3425 28.37 21.34
233317 -69.1205 28.37 21.34
226594 -61.2555 28.37 21.34
232266 -64.7932 28.37 21.34
225364 -61.4389 28.37 21.34
230004 -60.9163 28.37 21.34
223778 -63.6249 28.37 21.34
228146 -68.5585 28.37 21.34
227935 -68.9823 28.37 21.34
233998 -67.1644 28.37 21.34
230474 -61.0563 28.37 21.34
224781 -67.5045 28.37 21.34
242679 -56.0455 28.37 21.34
236015 -61.5324 28.37 21.34
239124 -66.8684 28.37 21.34
234366 -59.342 28.37 21.34
231240 -65.5954 28.37 21.34
239393 -63.6084 28.37 21.34
239506 -72.7047 28.37 21.34
230511 -57.938 28.37 21.34
225791 -59.9102 28.37 21.34
219923 -66.8678 28.37 21.34
228394 -64.9862 28.37 21.34
234273 -57.2642 28.37 21.34
231280 -71.0371 28.37 21.34
235547 -67.8193 28.37 21.34
233828 -66.9154 28.37 21.34
236847 -61.9863 28.37 21.34
235764 -64.7318 28.37 21.34
232623 -62.2834 28.37 21.34
222312 -62.2316 28.37 21.34
224600 -70.1337 28.37 21.34
234739 -63.1151 28.37 21.34
227837 -58.8747 28.37 21.34
95657 -57.4532 12.89 6.54
95918 -57.352 12.89 6.54
94549 -52.3684 12.89 6.54
93959 -58.3488 12.89 6.54
94024 -55.916 12.89 6.54
97691 -58.7197 12.89 6.54
93679 -55.4949 12.89 6.54
100573 -56.2687 12.89 6.54
100601 -53.136 12.89 6.54
94450 -55.2196 12.89 6.54
97447 -56.908 12.89 6.54
96095 -60.0207 12.89 6.54
91868 -53.6936 12.89 6.54
96232 -60.2687 12.89 6.54
95354 -63.0093 12.89 6.54
93244 -56.2755 12.89 6.54
97379 -57.3073 12.89 6.54
91227 -68.29 12.89 6.54
99859 -50.5502 12.89 6.54
101644 -61.7372 12.89 6.54
101899 -57.6908 12.89 6.54
96000 -59.8707 12.89 6.54
93954 -52.7732 12.89 6.54
92450 -55.8696 12.89 6.54
98878 -57.4228 12.89 6.54
101236 -60.3394 12.89 6.54
94441 -54.9079 12.89 6.54
95523 -54.4032 12.89 6.54
92649 -55.3476 12.89 6.54
98201 -57.577 12.89 6.54
95937 -56.7219 12.89 6.54
101540 -55.0021 12.89 6.54
98264 -58.2719 12.89 6.54
93282 -60.9568 12.89 6.54
86036 -60.5394 12.89 6.54
90942 -51.962 12.89 6.54
92225 -56.568 12.89 6.54
97069 -58.8483 12.89 6.54
87528 -55.1311 12.89 6.54
91047 -53.5078 11.87 5.85
85631 -52.8677 11.87 5.85
90001 -51.4998 11.87 5.85
87358 -49.0219 11.87 5.85
85286 -60.1331 11.87 5.85
84532 -62.8848 11.87 5.85
82892 -55.341 11.87 5.85
92217 -54.5905 11.87 5.85
85523 -54.7728 11.87 5.85
89451 -49.2016 11.87 5.85
86208 -54.7422 11.87 5.85
84862 -51.633 11.87 5.85
85345 -50.0199 11.87 5.85
90099 -55.7026 11.87 5.85
82150 -51.824 11.87 5.85
83620 -55.409 11.87 5.85
86540 -52.8816 11.87 5.85
86430 -63.3558 11.87 5.85
82137 -57.482 11.87 5.85
88455 -55.2332 11.87 5.85
86389 -50.7566 11.87 5.85
80057 -51.3404 11.87 5.85
88561 -55.618 11.87 5.85
88028 -65.6102 11.87 5.85
90237 -63.6 11.87 5.85
83194 -54.642 11.87 5.85
86812 -55.5241 11.87 5.85
87778 -51.8484 11.87 5.85
90265 -56.0772 11.87 5.85
86394 -56.6839 11.87 5.85
86636 -52.9989 11.87 5.85
86956 -54.7984 11.87 5.85
90998 -54.0972 11.87 5.85
89365 -54.4244 11.87 5.85
86222 -50.4684 11.87 5.85
86006 -49.6212 11.87 5.85
76672 -63.4252 11.87 5.85
88822 -54.8682 11.87 5.85
87291 -58.4907 11.87 5.85
182712 -66.0512 -17.04 -21.52
174446 -61.9967 -17.04 -21.52
182752 -61.9485 -17.04 -21.52
177017 -57.8135 -17.04 -21.52
177250 -59.8303 -17.04 -21.52
172328 -59.1395 -17.04 -21.52
176232 -59.472 -17.04 -21.52
175137 -60.4495 -17.04 -21.52
181449 -63.9875 -17.04 -21.52
176773 -63.4835 -17.04 -21.52
172795 -56.3515 -17.04 -21.52
177449 -62.1758 -17.04 -21.52
177146 -58.9909 -17.04 -21.52
180448 -64.8358 -17.04 -21.52
182485 -59.7302 -17.04 -21.52
176974 -58.0627 -17.04 -21.52
179049 -65.0527 -17.04 -21.52
179194 -61.3946 -17.04 -21.52
181207 -61.7791 -17.04 -21.52
174512 -61.7546 -17.04 -21.52
182171 -61.3401 -17.04 -21.52
181912 -61.0107 -17.04 -21.52
174389 -66.8458 -17.04 -21.52
169215 -56.6118 -17.04 -21.52
164962 -64.7196 -17.04 -21.52
181125 -62.2888 -17.04 -21.52
182911 -64.2696 -17.04 -21.52
183224 -63.9496 -17.04 -21.52
176825 -56.056 -17.04 -21.52
178253 -60.5469 -17.04 -21.52
178162 -53.576 -17.04 -21.52
173871 -63.9644 -17.04 -21.52
180837 -56.1017 -17.04 -21.52
177581 -69.7024 -17.04 -21.52
182364 -63.5975 -17.04 -21.52
184060 -65.7865 -17.04 -21.52
177667 -59.3703 -17.04 -21.52
188987 -69.9683 -17.04 -21.52
177544 -58.0351 -17.04 -21.52
217899 -65.0993 28.58 -16.53
221609 -53.6904 28.58 -16.53
220766 -65.9951 28.58 -16.53
214682 -67.5273 28.58 -16.53
221877 -65.1194 28.58 -16.53
210152 -61.7571 28.58 -16.53
212248 -69.1749 28.58 -16.53
218691 -63.2432 28.58 -16.53
225752 -63.9196 28.58 -16.53
214464 -61.7744 28.58 -16.53
200418 -74.0069 28.58 -16.53
225683 -67.477 28.58 -16.53
227796 -60.244 28.58 -16.53
212052 -77.6216 28.58 -16.53
217557 -71.4892 28.58 -16.53
218544 -61.4724 28.58 -16.53
220522 -66.5014 28.58 -16.53
217089 -64.4527 28.58 -16.53
225291 -62.6287 28.58 -16.53
227864 -60.5867 28.58 -16.53
216511 -61.4177 28.58 -16.53
216999 -62.285 28.58 -16.53
212042 -63.7539 28.58 -16.53
213746 -66.6195 28.58 -16.53
215054 -67.0919 28.58 -16.53
222978 -63.3101 28.58 -16.53
224493 -60.9633 28.58 -16.53
221085 -70.6083 28.58 -16.53
200386 -65.2313 28.58 -16.53
217763 -64.0233 28.58 -16.53
221067 -63.3609 28.58 -16.53
216495 -59.5236 28.58 -16.53
216302 -59.3665 28.58 -16.53
217663 -61.7018 28.58 -16.53
219046 -64.5345 28.58 -16.53
218828 -63.3189 28.58 -16.53
224972 -55.7606 28.58 -16.53
213196 -75.5064 28.58 -16.53
215759 -67.6439 28.58 -16.53
210631 -65.2378 -29.63 11.91
214672 -57.5906 -29.63 11.91
206356 -63.7115 -29.63 11.91
215840 -61.2429 -29.63 11.91
214954 -64.2536 -29.63 11.91
204284 -62.6555 -29.63 11.91
209730 -63.063 -29.63 11.91
207110 -60.13 -29.63 11.91
204232 -59.9593 -29.63 11.91
208930 -59.2842 -29.63 11.91
208421 -58.2198 -29.63 11.91
210714 -58.3234 -29.63 11.91
212775 -61.2693 -29.63 11.91
212961 -66.6532 -29.63 11.91
208941 -56.7612 -29.63 11.91
213396 -60.866 -29.63 11.91
213410 -65.3604 -29.63 11.91
218020 -61.1603 -29.63 11.91
208932 -62.1197 -29.63 11.91
205439 -63.7842 -29.63 11.91
204719 -63.0027 -29.63 11.91
210935 -66.0408 -29.63 11.91
215033 -66.836 -29.63 11.91
211265 -61.0845 -29.63 11.91
211331 -76.2587 -29.63 11.91
213724 -60.8668 -29.63 11.91
207482 -59.697 -29.63 11.91
197965 -69.2713 -29.63 11.91
210932 -63.7816 -29.63 11.91
225212 -65.8033 -29.63 11.91
208148 -63.892 -29.63 11.91
214951 -68.7515 -29.63 11.91
202992 -65.2737 -29.63 11.91
216982 -67.8402 -29.63 11.91
210873 -59.1795 -29.63 11.91
211895 -65.5965 -29.63 11.91
216112 -61.4135 -29.63 11.91
215651 -62.9474 -29.63 11.91
215076 -64.0522 -29.63 11.91
192688 -57.354 -14.82 24.19
182401 -65.0723 -14.82 24.19
190596 -64.9369 -14.82 24.19
189684 -60.0567 -14.82 24.19
185955 -61.2149 -14.82 24.19
188938 -58.8985 -14.82 24.19
189368 -74.8569 -14.82 24.19
187650 -59.2031 -14.82 24.19
188648 -63.4542 -14.82 24.19
192060 -58.165 -14.82 24.19
197707 -65.3951 -14.82 24.19
190169 -66.2126 -14.82 24.19
183304 -58.1443 -14.82 24.19
197050 -62.2031 -14.82 24.19
190133 -64.8867 -14.82 24.19
189542 -60.2924 -14.82 24.19
185681 -66.7872 -14.82 24.19
188412 -60.0478 -14.82 24.19
179858 -61.8053 -14.82 24.19
185650 -62.3419 -14.82 24.19
185939 -64.4993 -14.82 24.19
192017 -67.4967 -14.82 24.19
188095 -67.1092 -14.82 24.19
186930 -64.1039 -14.82 24.19
185159 -62.0348 -14.82 24.19
185329 -62.5577 -14.82 24.19
189309 -56.3601 -14.82 24.19
190307 -57.8235 -14.82 24.19
185607 -64.1799 -14.82 24.19
177592 -65.1873 -14.82 24.19
174730 -67.941 -14.82 24.19
177815 -78.1518 -14.82 24.19
186483 -57.3334 -14.82 24.19
180285 -59.0694 -14.82 24.19
183980 -65.2419 -14.82 24.19
184197 -63.1492 -14.82 24.19
182405 -57.8384 -14.82 24.19
191564 -60.1931 -14.82 24.19
187622 -62.2322 -14.82 24.19
61577 -55.3454 -3.91 7.98
64841 -55.2575 -3.91 7.98
59661 -49.1249 -3.91 7.98
57714 -51.5035 -3.91 7.98
61243 -72.212 -3.91 7.98
61530 -56.4091 -3.91 7.98
66849 -51.5933 -3.91 7.98
63020 -57.0656 -3.91 7.98
58942 -49.1586 -3.91 7.98
57284 -51.3283 -3.91 7.98
61318 -51.2092 -3.91 7.98
61994 -46.2326 -3.91 7.98
54336 -50.5505 -3.91 7.98
58688 -53.0874 -3.91 7.98
58195 -52.0149 -3.91 7.98
62225 -53.3577 -3.91 7.98
60718 -60.5706 -3.91 7.98
58900 -51.7493 -3.91 7.98
61193 -48.1137 -3.91 7.98
56371 -50.4388 -3.91 7.98
61654 -49.9164 -3.91 7.98
60579 -46.8559 -3.91 7.98
61694 -54.8737 -3.91 7.98
63583 -52.9421 -3.91 7.98
63637 -45.9495 -3.91 7.98
58659 -47.3654 -3.91 7.98
61338 -46.465 -3.91 7.98
60734 -48.6446 -3.91 7.98
63304 -52.5345 -3.91 7.98
56915 -54.322 -3.91 7.98
61304 -46.6742 -3.91 7.98
58418 -53.8383 -3.91 7.98
65435 -53.5919 -3.91 7.98
61743 -49.2311 -3.91 7.98
60643 -52.3939 -3.91 7.98
62179 -49.1154 -3.91 7.98
60377 -55.5087 -3.91 7.98
63660 -49.9443 -3.91 7.98
60812 -55.1276 -3.91 7.98
