#rtt sig_str x y
253451 -64.024 22.41 -29.34
260002 -65.0746 22.41 -29.34
245109 -59.607 22.41 -29.34
254975 -59.1221 22.41 -29.34
254709 -63.282 22.41 -29.34
254263 -60.2876 22.41 -29.34
250544 -63.9777 22.41 -29.34
251922 -63.3266 22.41 -29.34
249234 -65.4402 22.41 -29.34
248270 -65.3903 22.41 -29.34
250661 -63.5047 22.41 -29.34
256055 -61.6626 22.41 -29.34
249591 -62.8307 22.41 -29.34
260976 -65.7126 22.41 -29.34
257948 -70.7923 22.41 -29.34
251336 -63.965 22.41 -29.34
251825 -68.2251 22.41 -29.34
256906 -67.7257 22.41 -29.34
253306 -61.2568 22.41 -29.34
255748 -60.2815 22.41 -29.34
252659 -62.5248 22.41 -29.34
11673 -78.3672 22.41 -29.34
239115 -66.6603 22.41 -29.34
238202 -70.9208 22.41 -29.34
253915 -65.4456 22.41 -29.34
257699 -64.7986 22.41 -29.34
251105 -61.896 22.41 -29.34
252432 -61.7419 22.41 -29.34
254987 -59.1373 22.41 -29.34
250609 -56.325 22.41 -29.34
262367 -64.6903 22.41 -29.34
242835 -62.2627 22.41 -29.34
206236 -76.4535 22.41 -29.34
253434 -63.1281 22.41 -29.34
262763 -58.7467 22.41 -29.34
252724 -61.3827 22.41 -29.34
253062 -63.0383 22.41 -29.34
250338 -61.6419 22.41 -29.34
255888 -69.4888 22.41 -29.34
202967 -56.4444 28.12 -15.64
208321 -69.2298 28.12 -15.64
212490 -65.8173 28.12 -15.64
208303 -65.135 28.12 -15.64
212054 -63.2299 28.12 -15.64
209802 -62.0368 28.12 -15.64
203867 -67.3175 28.12 -15.64
207240 -62.6827 28.12 -15.64
216369 -63.1895 28.12 -15.64
209401 -66.5339 28.12 -15.64
207234 -60.6354 28.12 -15.64
213654 -64.4644 28.12 -15.64
181282 -73.5131 28.12 -15.64
209184 -59.9196 28.12 -15.64
203844 -58.5299 28.12 -15.64
211038 -61.2753 28.12 -15.64
209873 -66.2956 28.12 -15.64
208870 -56.9129 28.12 -15.64
208245 -60.2898 28.12 -15.64
205744 -60.1252 28.12 -15.64
203454 -58.621 28.12 -15.64
207652 -60.0221 28.12 -15.64
207451 -61.8568 28.12 -15.64
207292 -59.883 28.12 -15.64
200472 -65.5199 28.12 -15.64
214707 -64.2919 28.12 -15.64
206649 -67.7212 28.12 -15.64
203421 -65.7056 28.12 -15.64
209345 -60.8224 28.12 -15.64
209170 -62.3508 28.12 -15.64
208947 -61.1337 28.12 -15.64
204679 -65.2642 28.12 -15.64
211114 -64.0552 28.12 -15.64
205667 -59.2351 28.12 -15.64
211841 -67.2609 28.12 -15.64
205475 -61.7104 28.12 -15.64
201921 -62.9989 28.12 -15.64
212057 -62.1655 28.12 -15.64
206600 -59.7168 28.12 -15.64
156399 -60.4864 22.16 -7.35
155777 -60.2854 22.16 -7.35
163647 -59.9858 22.16 -7.35
158725 -58.7115 22.16 -7.35
159580 -58.3018 22.16 -7.35
154862 -56.3818 22.16 -7.35
163120 -54.608 22.16 -7.35
152709 -61.4727 22.16 -7.35
155632 -60.624 22.16 -7.35
163960 -57.6543 22.16 -7.35
160980 -60.2217 22.16 -7.35
151047 -67.4229 22.16 -7.35
156049 -57.7767 22.16 -7.35
156260 -74.6071 22.16 -7.35
158197 -63.4965 22.16 -7.35
153552 -64.0966 22.16 -7.35
165541 -57.8078 22.16 -7.35
158749 -65.0438 22.16 -7.35
155089 -62.1237 22.16 -7.35
165182 -60.2761 22.16 -7.35
159943 -57.7202 22.16 -7.35
169412 -66.6761 22.16 -7.35
161523 -57.8136 22.16 -7.35
161345 -58.6645 22.16 -7.35
156482 -57.4653 22.16 -7.35
153085 -61.3652 22.16 -7.35
159673 -55.4324 22.16 -7.35
149035 -57.5456 22.16 -7.35
161452 -63.7253 22.16 -7.35
165321 -70.7069 22.16 -7.35
159378 -62.5535 22.16 -7.35
155233 -64.9002 22.16 -7.35
160420 -55.3759 22.16 -7.35
147225 -61.8774 22.16 -7.35
156465 -58.4664 22.16 -7.35
150169 -62.3439 22.16 -7.35
157191 -66.0162 22.16 -7.35
162132 -55.2603 22.16 -7.35
158664 -57.5784 22.16 -7.35
123158 -56.9238 1.85 18.99
120158 -56.6603 1.85 18.99
119562 -60.5457 1.85 18.99
119549 -58.0714 1.85 18.99
129924 -55.6968 1.85 18.99
128702 -65.9258 1.85 18.99
127417 -63.37 1.85 18.99
127465 -60.4536 1.85 18.99
111052 -54.3748 1.85 18.99
124886 -61.066 1.85 18.99
112162 -62.2939 1.85 18.99
127384 -55.3471 1.85 18.99
115774 -59.595 1.85 18.99
120329 -56.0732 1.85 18.99
120891 -64.2816 1.85 18.99
121336 -58.647 1.85 18.99
121791 -53.0974 1.85 18.99
121373 -55.7076 1.85 18.99
118872 -62.1809 1.85 18.99
120730 -56.2529 1.85 18.99
125623 -59.3409 1.85 18.99
121903 -59.7203 1.85 18.99
129558 -58.8002 1.85 18.99
120565 -58.8171 1.85 18.99
120274 -62.5262 1.85 18.99
124341 -58.1235 1.85 18.99
124822 -57.8596 1.85 18.99
129783 -64.5025 1.85 18.99
122302 -68.9119 1.85 18.99
125305 -59.2555 1.85 18.99
120696 -63.0886 1.85 18.99
114691 -62.114 1.85 18.99
114214 -62.1802 1.85 18.99
115810 -58.8989 1.85 18.99
127174 -58.0764 1.85 18.99
126400 -58.8179 1.85 18.99
118444 -58.0533 1.85 18.99
109312 -64.5489 1.85 18.99
140839 -73.5339 1.85 18.99
121620 -70.1089 -16.04 -4.66
115270 -55.1582 -16.04 -4.66
117736 -56.0847 -16.04 -4.66
117982 -55.2379 -16.04 -4.66
111906 -59.2555 -16.04 -4.66
118130 -48.3287 -16.04 -4.66
113494 -60.4413 -16.04 -4.66
115756 -58.088 -16.04 -4.66
116825 -58.3749 -16.04 -4.66
108581 -54.6212 -16.04 -4.66
115892 -57.4825 -16.04 -4.66
113842 -53.8942 -16.04 -4.66
111253 -55.1859 -16.04 -4.66
114157 -55.9499 -16.04 -4.66
113548 -62.2596 -16.04 -4.66
117091 -55.8929 -16.04 -4.66
117418 -54.1842 -16.04 -4.66
114652 -58.5262 -16.04 -4.66
117580 -51.5734 -16.04 -4.66
109415 -54.1428 -16.04 -4.66
115509 -57.9538 -16.04 -4.66
121018 -57.5429 -16.04 -4.66
120525 -54.2716 -16.04 -4.66
113235 -61.8687 -16.04 -4.66
117040 -54.2031 -16.04 -4.66
116541 -54.1919 -16.04 -4.66
116001 -56.9962 -16.04 -4.66
115225 -62.3403 -16.04 -4.66
121071 -56.245 -16.04 -4.66
112009 -54.1392 -16.04 -4.66
110207 -53.2784 -16.04 -4.66
118077 -55.7151 -16.04 -4.66
121344 -58.9833 -16.04 -4.66
109910 -52.2718 -16.04 -4.66
107914 -57.7145 -16.04 -4.66
113511 -51.7692 -16.04 -4.66
116464 -55.7256 -16.04 -4.66
113895 -54.945 -16.04 -4.66
112261 -53.1361 -16.04 -4.66
196809 -60.3554 -29.32 6.72
198304 -62.2167 -29.32 6.72
200945 -67.2823 -29.32 6.72
191434 -65.7742 -29.32 6.72
212633 -68.3173 -29.32 6.72
198826 -64.3762 -29.32 6.72
200127 -59.7464 -29.32 6.72
192501 -64.0177 -29.32 6.72
194876 -60.779 -29.32 6.72
202078 -58.7533 -29.32 6.72
201524 -67.2254 -29.32 6.72
199669 -64.7511 -29.32 6.72
195278 -63.761 -29.32 6.72
195736 -62.5877 -29.32 6.72
196999 -63.7392 -29.32 6.72
189570 -59.4497 -29.32 6.72
191040 -65.8678 -29.32 6.72
200960 -59.8805 -29.32 6.72
192129 -68.9718 -29.32 6.72
196878 -62.3503 -29.32 6.72
209288 -60.3398 -29.32 6.72
197621 -67.4484 -29.32 6.72
203611 -57.5983 -29.32 6.72
199082 -60.1807 -29.32 6.72
194201 -63.0802 -29.32 6.72
204153 -55.9222 -29.32 6.72
191629 -60.1032 -29.32 6.72
202957 -59.8458 -29.32 6.72
200176 -68.2833 -29.32 6.72
191150 -55.3758 -29.32 6.72
200335 -57.59 -29.32 6.72
196093 -67.696 -29.32 6.72
202255 -64.3581 -29.32 6.72
201287 -56.857 -29.32 6.72
196027 -61.3163 -29.32 6.72
194760 -67.1376 -29.32 6.72
200256 -62.4888 -29.32 6.72
195002 -68.2215 -29.32 6.72
193785 -60.3707 -29.32 6.72
102751 -53.8296 -4.17 15.97
105984 -65.0643 -4.17 15.97
105581 -62.9477 -4.17 15.97
101603 -49.1003 -4.17 15.97
113172 -64.1527 -4.17 15.97
110432 -55.1842 -4.17 15.97
109320 -54.3677 -4.17 15.97
102508 -57.7621 -4.17 15.97
102680 -57.5224 -4.17 15.97
114334 -61.1312 -4.17 15.97
111281 -57.9815 -4.17 15.97
107665 -65.5652 -4.17 15.97
109718 -59.564 -4.17 15.97
104425 -56.0221 -4.17 15.97
103555 -52.3658 -4.17 15.97
107348 -59.6535 -4.17 15.97
99430 -49.5224 -4.17 15.97
106300 -63.3419 -4.17 15.97
113513 -57.669 -4.17 15.97
110033 -59.461 -4.17 15.97
103459 -62.0113 -4.17 15.97
106349 -56.8033 -4.17 15.97
110747 -58.8007 -4.17 15.97
109985 -53.1826 -4.17 15.97
104357 -56.3561 -4.17 15.97
109534 -55.064 -4.17 15.97
108477 -54.2231 -4.17 15.97
107554 -52.7585 -4.17 15.97
104601 -57.7964 -4.17 15.97
105216 -58.2024 -4.17 15.97
111324 -64.5883 -4.17 15.97
103091 -61.0271 -4.17 15.97
103179 -63.9001 -4.17 15.97
117854 -57.8505 -4.17 15.97
116392 -56.4226 -4.17 15.97
107503 -55.8626 -4.17 15.97
107972 -50.6512 -4.17 15.97
106252 -60.7829 -4.17 15.97
106725 -56.4817 -4.17 15.97
45564 -49.8717 -5.86 -5.89
52999 -47.3583 -5.86 -5.89
46802 -56.2959 -5.86 -5.89
45343 -54.8614 -5.86 -5.89
54687 -56.7518 -5.86 -5.89
46398 -51.7355 -5.86 -5.89
45218 -58.1033 -5.86 -5.89
43568 -52.9502 -5.86 -5.89
50849 -45.9335 -5.86 -5.89
50487 -56.254 -5.86 -5.89
53232 -53.1717 -5.86 -5.89
52575 -51.6122 -5.86 -5.89
43461 -47.952 -5.86 -5.89
48354 -48.5839 -5.86 -5.89
47625 -50.58 -5.86 -5.89
42268 -50.1624 -5.86 -5.89
45241 -48.9725 -5.86 -5.89
46453 -50.7822 -5.86 -5.89
45347 -50.1808 -5.86 -5.89
43337 -50.4309 -5.86 -5.89
48778 -51.1248 -5.86 -5.89
50968 -47.8179 -5.86 -5.89
49728 -56.2538 -5.86 -5.89
42071 -47.7952 -5.86 -5.89
51050 -50.2413 -5.86 -5.89
47857 -46.8129 -5.86 -5.89
46325 -47.066 -5.86 -5.89
47030 -57.256 -5.86 -5.89
47382 -57.63 -5.86 -5.89
46419 -50.5787 -5.86 -5.89
46653 -51.2744 -5.86 -5.89
39546 -48.2062 -5.86 -5.89
49090 -50.6102 -5.86 -5.89
48040 -54.4547 -5.86 -5.89
45273 -51.1765 -5.86 -5.89
49549 -45.7845 -5.86 -5.89
47750 -48.0933 -5.86 -5.89
46294 -50.0521 -5.86 -5.89
51416 -45.5398 -5.86 -5.89
157211 -59.0372 1.36 22.33
157512 -56.765 1.36 22.33
157282 -61.9862 1.36 22.33
156013 -56.7698 1.36 22.33
158296 -59.7367 1.36 22.33
155851 -59.1825 1.36 22.33
160389 -61.8943 1.36 22.33
150636 -56.5175 1.36 22.33
161162 -61.3945 1.36 22.33
153338 -55.4604 1.36 22.33
131514 -74.5071 1.36 22.33
155817 -57.0223 1.36 22.33
149423 -64.7872 1.36 22.33
150626 -57.2811 1.36 22.33
151028 -60.844 1.36 22.33
159618 -62.3474 1.36 22.33
148718 -57.2992 1.36 22.33
155534 -53.7949 1.36 22.33
159028 -63.3104 1.36 22.33
159283 -56.67 1.36 22.33
161725 -64.074 1.36 22.33
150030 -56.1558 1.36 22.33
149338 -55.597 1.36 22.33
161204 -54.0938 1.36 22.33
160280 -63.793 1.36 22.33
166210 -58.6151 1.36 22.33
156978 -57.7753 1.36 22.33
165499 -58.0341 1.36 22.33
154184 -56.4231 1.36 22.33
160236 -61.8651 1.36 22.33
162690 -62.9739 1.36 22.33
161532 -58.12 1.36 22.33
159016 -60.56 1.36 22.33
159719 -56.4262 1.36 22.33
154234 -57.4959 1.36 22.33
158552 -56.5388 1.36 22.33
155153 -54.9887 1.36 22.33
153658 -55.1358 1.36 22.33
159056 -58.9417 1.36 22.33
169151 -62.695 -1.3 25.59
163160 -59.2464 -1.3 25.59
172805 -59.3989 -1.3 25.59
166742 -57.93 -1.3 25.59
168152 -61.5606 -1.3 25.59
166128 -53.5983 -1.3 25.59
172285 -57.0839 -1.3 25.59
172218 -53.2835 -1.3 25.59
175127 -57.161 -1.3 25.59
169066 -58.0435 -1.3 25.59
169092 -58.0445 -1.3 25.59
173249 -69.1111 -1.3 25.59
166541 -59.9935 -1.3 25.59
168692 -58.8765 -1.3 25.59
168536 -59.7929 -1.3 25.59
167806 -56.2186 -1.3 25.59
162940 -59.7889 -1.3 25.59
164919 -60.7416 -1.3 25.59
167663 -62.7841 -1.3 25.59
168676 -54.5837 -1.3 25.59
166445 -64.2805 -1.3 25.59
171123 -61.7388 -1.3 25.59
169996 -65.1806 -1.3 25.59
166870 -57.2479 -1.3 25.59
176135 -63.2231 -1.3 25.59
168759 -58.9214 -1.3 25.59
167184 -59.8648 -1.3 25.59
171140 -59.9327 -1.3 25.59
163120 -62.3709 -1.3 25.59
175669 -63.6111 -1.3 25.59
155380 -70.5511 -1.3 25.59
168236 -58.1365 -1.3 25.59
164269 -59.5427 -1.3 25.59
168971 -67.619 -1.3 25.59
170640 -56.0979 -1.3 25.59
166708 -56.4843 -1.3 25.59
162256 -65.3933 -1.3 25.59
169174 -66.0807 -1.3 25.59
169435 -60.1801 -1.3 25.59
