#rtt sig_str x y
192943 -62.4435 -29.38 -8.13
203802 -63.4942 -29.38 -8.13
200649 -58.0266 -29.38 -8.13
202195 -57.5417 -29.38 -8.13
204747 -61.7016 -29.38 -8.13
201347 -58.7072 -29.38 -8.13
201523 -62.3972 -29.38 -8.13
208786 -61.7461 -29.38 -8.13
197920 -63.8598 -29.38 -8.13
199784 -63.8098 -29.38 -8.13
197234 -61.9243 -29.38 -8.13
199994 -60.0822 -29.38 -8.13
203869 -61.2503 -29.38 -8.13
201087 -64.1322 -29.38 -8.13
180400 -69.2119 -29.38 -8.13
206514 -62.3845 -29.38 -8.13
198139 -66.6446 -29.38 -8.13
195241 -66.1453 -29.38 -8.13
205462 -59.6764 -29.38 -8.13
204895 -58.7011 -29.38 -8.13
191205 -60.9443 -29.38 -8.13
61296 -76.7867 -29.38 -8.13
198565 -65.0798 -29.38 -8.13
199276 -69.3404 -29.38 -8.13
203812 -63.8651 -29.38 -8.13
207382 -63.2182 -29.38 -8.13
206159 -60.3155 -29.38 -8.13
201542 -60.1614 -29.38 -8.13
194939 -57.5568 -29.38 -8.13
200464 -54.7446 -29.38 -8.13
199481 -63.1098 -29.38 -8.13
192578 -60.6822 -29.38 -8.13
214263 -74.873 -29.38 -8.13
199191 -61.5477 -29.38 -8.13
204133 -57.1663 -29.38 -8.13
218052 -80.4944 -29.38 -8.13
194680 -61.2608 -29.38 -8.13
198896 -59.7123 -29.38 -8.13
198429 -65.167 -29.38 -8.13
199951 -59.7313 -0.25 -29.55
204660 -58.0381 -0.25 -29.55
205647 -62.112 -0.25 -29.55
205957 -60.1172 -0.25 -29.55
207316 -55.6876 -0.25 -29.55
203503 -60.3156 -0.25 -29.55
207314 -60.8786 -0.25 -29.55
202698 -67.9292 -0.25 -29.55
195416 -63.5253 -0.25 -29.55
204570 -60.8938 -0.25 -29.55
208386 -60.163 -0.25 -29.55
203108 -63.4505 -0.25 -29.55
201337 -68.9654 -0.25 -29.55
204769 -63.0763 -0.25 -29.55
202875 -62.3204 -0.25 -29.55
202071 -59.4518 -0.25 -29.55
204512 -60.7094 -0.25 -29.55
197563 -61.8664 -0.25 -29.55
202726 -58.051 -0.25 -29.55
202175 -60.8676 -0.25 -29.55
199027 -57.3697 -0.25 -29.55
212515 -66.2799 -0.25 -29.55
203984 -62.6676 -0.25 -29.55
204244 -60.7262 -0.25 -29.55
201842 -61.5219 -0.25 -29.55
207848 -62.9999 -0.25 -29.55
198069 -57.0816 -0.25 -29.55
205844 -63.9143 -0.25 -29.55
209814 -57.9594 -0.25 -29.55
201829 -60.8009 -0.25 -29.55
212856 -60.372 -0.25 -29.55
211673 -61.7422 -0.25 -29.55
200593 -59.1164 -0.25 -29.55
201762 -66.1264 -0.25 -29.55
195689 -60.5977 -0.25 -29.55
198292 -64.3359 -0.25 -29.55
207039 -63.5413 -0.25 -29.55
209917 -61.1109 -0.25 -29.55
202146 -59.8552 -0.25 -29.55
159972 -62.367 -21.97 -11.03
161797 -55.7515 -21.97 -11.03
156528 -55.6563 -21.97 -11.03
150602 -74.5893 -21.97 -11.03
127373 -80.0234 -21.97 -11.03
161496 -58.5951 -21.97 -11.03
162290 -64.6724 -21.97 -11.03
163124 -60.3104 -21.97 -11.03
166335 -66.0883 -21.97 -11.03
161699 -58.2233 -21.97 -11.03
157349 -61.761 -21.97 -11.03
164026 -58.4067 -21.97 -11.03
158738 -57.8841 -21.97 -11.03
163982 -60.5927 -21.97 -11.03
156757 -65.5263 -21.97 -11.03
162726 -65.9501 -21.97 -11.03
154405 -64.1322 -21.97 -11.03
160010 -58.0241 -21.97 -11.03
159341 -64.4723 -21.97 -11.03
164627 -53.0133 -21.97 -11.03
151031 -61.0083 -21.97 -11.03
168209 -63.0551 -21.97 -11.03
161352 -56.3098 -21.97 -11.03
164209 -62.5632 -21.97 -11.03
159279 -60.5763 -21.97 -11.03
162578 -69.6726 -21.97 -11.03
156736 -54.9058 -21.97 -11.03
165130 -56.878 -21.97 -11.03
162005 -63.8356 -21.97 -11.03
162703 -61.9541 -21.97 -11.03
161966 -54.2321 -21.97 -11.03
157812 -68.0049 -21.97 -11.03
160970 -64.7871 -21.97 -11.03
165122 -63.8833 -21.97 -11.03
164926 -58.9542 -21.97 -11.03
156865 -61.6997 -21.97 -11.03
161112 -59.2513 -21.97 -11.03
154822 -59.1994 -21.97 -11.03
166273 -67.1016 -21.97 -11.03
246938 -62.3926 -21.48 -29.21
237376 -66.2261 -21.48 -29.21
230316 -65.0419 -21.48 -29.21
232858 -64.9407 -21.48 -29.21
243332 -59.9571 -21.48 -29.21
227185 -65.9375 -21.48 -29.21
242969 -63.5047 -21.48 -29.21
243631 -66.3084 -21.48 -29.21
244959 -63.0836 -21.48 -29.21
248244 -63.8574 -21.48 -29.21
229147 -60.7247 -21.48 -29.21
242114 -62.8083 -21.48 -29.21
240033 -64.4967 -21.48 -29.21
245567 -67.6094 -21.48 -29.21
239635 -61.2823 -21.48 -29.21
233603 -67.8574 -21.48 -29.21
235007 -70.598 -21.48 -29.21
239251 -63.8642 -21.48 -29.21
240931 -64.896 -21.48 -29.21
231917 -75.8787 -21.48 -29.21
208855 -77.3355 -21.48 -29.21
243118 -64.4689 -21.48 -29.21
240179 -65.2795 -21.48 -29.21
239179 -67.4594 -21.48 -29.21
240005 -60.3619 -21.48 -29.21
238693 -63.4583 -21.48 -29.21
244998 -65.0115 -21.48 -29.21
246979 -67.9281 -21.48 -29.21
235831 -62.4966 -21.48 -29.21
236081 -61.9919 -21.48 -29.21
239697 -62.9363 -21.48 -29.21
245669 -65.1657 -21.48 -29.21
234031 -64.3106 -21.48 -29.21
234876 -62.5908 -21.48 -29.21
239992 -65.8606 -21.48 -29.21
241809 -68.5455 -21.48 -29.21
239944 -68.1281 -21.48 -29.21
242203 -59.5507 -21.48 -29.21
244186 -64.1567 -21.48 -29.21
180193 -60.0137 -16.89 22.64
181085 -57.9364 -16.89 22.64
185819 -59.7643 -16.89 22.64
179805 -59.1242 -16.89 22.64
178635 -57.7564 -16.89 22.64
183459 -55.2785 -16.89 22.64
182434 -66.3896 -16.89 22.64
182357 -69.1413 -16.89 22.64
182895 -61.5975 -16.89 22.64
185912 -60.8471 -16.89 22.64
179563 -61.0293 -16.89 22.64
185991 -55.4581 -16.89 22.64
182929 -60.9987 -16.89 22.64
187148 -57.8895 -16.89 22.64
189494 -56.2764 -16.89 22.64
175920 -61.9592 -16.89 22.64
183002 -58.0806 -16.89 22.64
181445 -61.6656 -16.89 22.64
187999 -59.1382 -16.89 22.64
182333 -69.6123 -16.89 22.64
187686 -55.5611 -16.89 22.64
185660 -58.6642 -16.89 22.64
185626 -57.0131 -16.89 22.64
186138 -57.5969 -16.89 22.64
188457 -61.8746 -16.89 22.64
186121 -71.8667 -16.89 22.64
182862 -69.8565 -16.89 22.64
186431 -60.8985 -16.89 22.64
188141 -61.7806 -16.89 22.64
183981 -58.105 -16.89 22.64
178222 -62.3338 -16.89 22.64
183762 -62.9404 -16.89 22.64
182676 -59.2555 -16.89 22.64
186561 -61.0549 -16.89 22.64
184406 -60.3537 -16.89 22.64
181409 -60.681 -16.89 22.64
185053 -56.7249 -16.89 22.64
185803 -55.8777 -16.89 22.64
194143 -69.6817 -16.89 22.64
152807 -54.4144 -4.89 -21.75
145859 -55.3535 -4.89 -21.75
153659 -64.3343 -4.89 -21.75
150183 -60.2797 -4.89 -21.75
146352 -60.2316 -4.89 -21.75
144595 -56.0966 -4.89 -21.75
146425 -58.1133 -4.89 -21.75
157434 -57.4225 -4.89 -21.75
140949 -57.7551 -4.89 -21.75
147729 -58.7325 -4.89 -21.75
148810 -62.2705 -4.89 -21.75
145931 -61.7665 -4.89 -21.75
148654 -54.6345 -4.89 -21.75
145316 -60.4588 -4.89 -21.75
156763 -57.2739 -4.89 -21.75
142300 -63.1188 -4.89 -21.75
145835 -58.0132 -4.89 -21.75
148638 -56.3457 -4.89 -21.75
138905 -63.3357 -4.89 -21.75
142090 -59.6776 -4.89 -21.75
147114 -57.5115 -4.89 -21.75
146990 -58.2097 -4.89 -21.75
149174 -59.6231 -4.89 -21.75
141930 -59.2938 -4.89 -21.75
151419 -65.1289 -4.89 -21.75
147885 -54.8948 -4.89 -21.75
145803 -63.0027 -4.89 -21.75
141559 -60.5719 -4.89 -21.75
152124 -62.5526 -4.89 -21.75
151515 -62.2327 -4.89 -21.75
154876 -54.339 -4.89 -21.75
151436 -58.8299 -4.89 -21.75
144640 -51.8591 -4.89 -21.75
152671 -56.6256 -4.89 -21.75
151206 -55.6508 -4.89 -21.75
155630 -67.9855 -4.89 -21.75
148034 -61.8805 -4.89 -21.75
140790 -64.0696 -4.89 -21.75
153065 -57.6533 -4.89 -21.75
183730 -61.6226 -15.12 -21.69
176919 -58.2405 -15.12 -21.69
173163 -63.2665 -15.12 -21.69
179868 -51.8576 -15.12 -21.69
172937 -64.1623 -15.12 -21.69
177974 -65.6945 -15.12 -21.69
177554 -63.2866 -15.12 -21.69
185633 -59.9243 -15.12 -21.69
175311 -61.9602 -15.12 -21.69
182156 -63.0851 -15.12 -21.69
180382 -62.0868 -15.12 -21.69
174462 -59.9415 -15.12 -21.69
180919 -72.174 -15.12 -21.69
180989 -65.6442 -15.12 -21.69
181060 -58.4112 -15.12 -21.69
132637 -75.7888 -15.12 -21.69
173875 -69.6564 -15.12 -21.69
183698 -59.6396 -15.12 -21.69
179690 -64.6686 -15.12 -21.69
179350 -62.6199 -15.12 -21.69
176431 -60.4624 -15.12 -21.69
176190 -61.2206 -15.12 -21.69
173150 -59.5848 -15.12 -21.69
179818 -60.4522 -15.12 -21.69
179077 -61.9211 -15.12 -21.69
183406 -64.7867 -15.12 -21.69
175704 -65.2591 -15.12 -21.69
168532 -61.4773 -15.12 -21.69
179092 -59.1305 -15.12 -21.69
183403 -68.7754 -15.12 -21.69
178283 -63.3985 -15.12 -21.69
179794 -62.1905 -15.12 -21.69
179333 -61.528 -15.12 -21.69
173408 -57.6907 -15.12 -21.69
175303 -57.5337 -15.12 -21.69
174995 -59.869 -15.12 -21.69
173189 -62.7017 -15.12 -21.69
183490 -61.4861 -15.12 -21.69
176331 -53.9278 -15.12 -21.69
175953 -58.5256 -24.96 -6.25
173572 -59.292 -24.96 -6.25
185476 -63.4555 -24.96 -6.25
171494 -55.8083 -24.96 -6.25
170674 -61.9293 -24.96 -6.25
175812 -59.4606 -24.96 -6.25
176750 -62.4713 -24.96 -6.25
174567 -60.8732 -24.96 -6.25
174958 -61.2807 -24.96 -6.25
174500 -58.3477 -24.96 -6.25
174185 -58.177 -24.96 -6.25
173142 -57.5019 -24.96 -6.25
174038 -56.4375 -24.96 -6.25
178646 -56.5412 -24.96 -6.25
173678 -59.4871 -24.96 -6.25
178224 -64.871 -24.96 -6.25
169833 -54.9789 -24.96 -6.25
171450 -59.0837 -24.96 -6.25
176109 -63.5781 -24.96 -6.25
177479 -59.378 -24.96 -6.25
179380 -68.8827 -24.96 -6.25
174695 -60.5993 -24.96 -6.25
181173 -61.2204 -24.96 -6.25
173838 -64.2585 -24.96 -6.25
167550 -65.0537 -24.96 -6.25
175295 -59.3023 -24.96 -6.25
183884 -74.4764 -24.96 -6.25
179416 -59.0845 -24.96 -6.25
172040 -57.9147 -24.96 -6.25
170986 -67.4891 -24.96 -6.25
169397 -61.9993 -24.96 -6.25
172781 -64.021 -24.96 -6.25
180154 -62.1097 -24.96 -6.25
188054 -66.9693 -24.96 -6.25
177298 -63.4914 -24.96 -6.25
177515 -66.058 -24.96 -6.25
174919 -57.3972 -24.96 -6.25
167227 -63.8142 -24.96 -6.25
171730 -59.6312 -24.96 -6.25
65972 -56.8853 -9.27 -0.32
66438 -49.337 -9.27 -0.32
67445 -48.1294 -9.27 -0.32
58654 -55.8478 -9.27 -0.32
65185 -55.7124 -9.27 -0.32
59553 -50.8321 -9.27 -0.32
66287 -51.9904 -9.27 -0.32
67389 -49.6739 -9.27 -0.32
65837 -65.6323 -9.27 -0.32
65172 -49.9785 -9.27 -0.32
64553 -54.2296 -9.27 -0.32
64720 -48.9404 -9.27 -0.32
62558 -56.1705 -9.27 -0.32
58881 -56.9881 -9.27 -0.32
68369 -48.9198 -9.27 -0.32
72417 -52.9786 -9.27 -0.32
60978 -55.6621 -9.27 -0.32
69855 -51.0678 -9.27 -0.32
65764 -57.5627 -9.27 -0.32
58112 -50.8232 -9.27 -0.32
62402 -62.1956 -9.27 -0.32
61826 -56.8231 -9.27 -0.32
63334 -55.2747 -9.27 -0.32
62342 -58.2721 -9.27 -0.32
59356 -57.8846 -9.27 -0.32
62539 -54.8794 -9.27 -0.32
60515 -52.8103 -9.27 -0.32
68729 -53.3332 -9.27 -0.32
57187 -47.1355 -9.27 -0.32
63508 -48.5989 -9.27 -0.32
57160 -54.9554 -9.27 -0.32
67545 -55.9627 -9.27 -0.32
62965 -58.7164 -9.27 -0.32
65759 -68.9272 -9.27 -0.32
68303 -48.1088 -9.27 -0.32
67276 -49.8449 -9.27 -0.32
60764 -56.0174 -9.27 -0.32
64934 -53.9247 -9.27 -0.32
66002 -48.6139 -9.27 -0.32
157857 -64.0656 -20 -11.06
154074 -56.2442 -20 -11.06
155968 -63.14 -20 -11.06
162474 -63.0521 -20 -11.06
158564 -56.9195 -20 -11.06
161822 -59.2981 -20 -11.06
155591 -80.0066 -20 -11.06
158376 -64.2037 -20 -11.06
163552 -59.3879 -20 -11.06
154389 -64.8602 -20 -11.06
160489 -56.9532 -20 -11.06
153693 -59.1229 -20 -11.06
157853 -59.0038 -20 -11.06
159388 -54.0272 -20 -11.06
160832 -58.3451 -20 -11.06
152322 -60.882 -20 -11.06
150741 -59.8095 -20 -11.06
155797 -61.1523 -20 -11.06
153757 -68.3653 -20 -11.06
149591 -59.5439 -20 -11.06
151511 -58.4296 -20 -11.06
174037 -67.8888 -20 -11.06
158539 -57.711 -20 -11.06
156855 -54.6505 -20 -11.06
152785 -62.6683 -20 -11.06
152080 -60.7367 -20 -11.06
151652 -53.7441 -20 -11.06
161085 -55.16 -20 -11.06
159335 -54.2596 -20 -11.06
158498 -56.4392 -20 -11.06
156680 -60.3291 -20 -11.06
160676 -62.1166 -20 -11.06
160581 -54.4688 -20 -11.06
157182 -61.633 -20 -11.06
157368 -61.3865 -20 -11.06
148476 -57.0257 -20 -11.06
153217 -60.1885 -20 -11.06
162282 -56.9101 -20 -11.06
153715 -63.3033 -20 -11.06
