#rtt sig_str x y
135069 -59.0773 16.28 -12.08
134124 -60.1279 16.28 -12.08
131702 -54.6603 16.28 -12.08
132496 -54.1754 16.28 -12.08
137874 -58.3353 16.28 -12.08
132839 -55.3409 16.28 -12.08
130128 -59.031 16.28 -12.08
132261 -58.3799 16.28 -12.08
136035 -60.4935 16.28 -12.08
128931 -60.4436 16.28 -12.08
125040 -58.558 16.28 -12.08
139271 -56.7159 16.28 -12.08
136710 -57.884 16.28 -12.08
134559 -60.7659 16.28 -12.08
134058 -65.8456 16.28 -12.08
128255 -59.0183 16.28 -12.08
129252 -63.2784 16.28 -12.08
133837 -62.779 16.28 -12.08
137348 -56.3101 16.28 -12.08
137368 -55.3348 16.28 -12.08
130804 -57.5781 16.28 -12.08
125159 -73.4205 16.28 -12.08
134712 -61.7136 16.28 -12.08
125973 -65.9741 16.28 -12.08
138034 -60.4989 16.28 -12.08
136706 -59.8519 16.28 -12.08
135828 -56.9493 16.28 -12.08
136771 -56.7952 16.28 -12.08
134578 -54.1906 16.28 -12.08
131365 -51.3783 16.28 -12.08
124985 -59.7436 16.28 -12.08
132645 -57.316 16.28 -12.08
150056 -71.5068 16.28 -12.08
135073 -58.1814 16.28 -12.08
134884 -53.8 16.28 -12.08
111739 -77.1281 16.28 -12.08
132802 -57.8946 16.28 -12.08
126914 -56.346 16.28 -12.08
122368 -61.8008 16.28 -12.08
197717 -59.508 -28.76 -0.32
198737 -57.8147 -28.76 -0.32
192468 -61.8886 -28.76 -0.32
189064 -59.8938 -28.76 -0.32
190447 -55.4642 -28.76 -0.32
199511 -60.0922 -28.76 -0.32
186827 -60.6552 -28.76 -0.32
181872 -67.7058 -28.76 -0.32
185381 -63.3019 -28.76 -0.32
191291 -60.6704 -28.76 -0.32
193235 -59.9396 -28.76 -0.32
190765 -63.2271 -28.76 -0.32
188495 -68.742 -28.76 -0.32
185297 -62.8529 -28.76 -0.32
192762 -62.097 -28.76 -0.32
195730 -59.2285 -28.76 -0.32
192141 -60.4861 -28.76 -0.32
186809 -61.643 -28.76 -0.32
192094 -57.8276 -28.76 -0.32
186293 -60.6442 -28.76 -0.32
186875 -57.1464 -28.76 -0.32
193453 -66.0565 -28.76 -0.32
185352 -62.4442 -28.76 -0.32
187281 -60.5028 -28.76 -0.32
196318 -61.2985 -28.76 -0.32
192332 -62.7766 -28.76 -0.32
193978 -56.8583 -28.76 -0.32
186083 -63.691 -28.76 -0.32
189313 -57.736 -28.76 -0.32
186263 -60.5775 -28.76 -0.32
195026 -60.1486 -28.76 -0.32
199049 -61.5188 -28.76 -0.32
187843 -58.893 -28.76 -0.32
190235 -65.903 -28.76 -0.32
189823 -60.3743 -28.76 -0.32
186896 -64.1125 -28.76 -0.32
178754 -63.3179 -28.76 -0.32
192498 -60.8875 -28.76 -0.32
190436 -59.6318 -28.76 -0.32
56297 -53.8135 8.02 -3.42
54198 -47.198 8.02 -3.42
50317 -47.1028 8.02 -3.42
56528 -66.0357 8.02 -3.42
54312 -71.4699 8.02 -3.42
53160 -50.0415 8.02 -3.42
55172 -56.1188 8.02 -3.42
57851 -51.7568 8.02 -3.42
57453 -57.5348 8.02 -3.42
55430 -49.6698 8.02 -3.42
49900 -53.2075 8.02 -3.42
57832 -49.8532 8.02 -3.42
55490 -49.3306 8.02 -3.42
50549 -52.0392 8.02 -3.42
47713 -56.9728 8.02 -3.42
57161 -57.3966 8.02 -3.42
62731 -55.5787 8.02 -3.42
51649 -49.4706 8.02 -3.42
54466 -55.9188 8.02 -3.42
51893 -44.4598 8.02 -3.42
59762 -52.4547 8.02 -3.42
55894 -54.5016 8.02 -3.42
55096 -47.7563 8.02 -3.42
63365 -54.0097 8.02 -3.42
54702 -52.0227 8.02 -3.42
56935 -61.119 8.02 -3.42
52690 -46.3523 8.02 -3.42
58171 -48.3245 8.02 -3.42
56488 -55.2821 8.02 -3.42
54043 -53.4005 8.02 -3.42
58432 -45.6785 8.02 -3.42
55811 -59.4514 8.02 -3.42
54398 -56.2336 8.02 -3.42
50250 -55.3297 8.02 -3.42
63745 -50.4006 8.02 -3.42
50357 -53.1461 8.02 -3.42
53446 -50.6977 8.02 -3.42
57575 -50.6459 8.02 -3.42
53629 -58.548 8.02 -3.42
164278 -59.2898 14.93 19.92
162474 -63.1233 14.93 19.92
163920 -61.9391 14.93 19.92
165204 -61.8379 14.93 19.92
159820 -56.8543 14.93 19.92
166391 -62.8347 14.93 19.92
158628 -60.4019 14.93 19.92
153047 -63.2056 14.93 19.92
159957 -59.9809 14.93 19.92
157259 -60.7546 14.93 19.92
160668 -57.6219 14.93 19.92
159901 -59.7055 14.93 19.92
158619 -61.3939 14.93 19.92
164322 -64.5066 14.93 19.92
162235 -58.1795 14.93 19.92
163349 -64.7546 14.93 19.92
172869 -67.4952 14.93 19.92
160282 -60.7614 14.93 19.92
165529 -61.7932 14.93 19.92
100947 -72.7759 14.93 19.92
117519 -74.2327 14.93 19.92
166633 -61.3661 14.93 19.92
166618 -62.1768 14.93 19.92
166719 -64.3566 14.93 19.92
170199 -57.2591 14.93 19.92
154799 -60.3556 14.93 19.92
158776 -61.9087 14.93 19.92
168422 -64.8253 14.93 19.92
159518 -59.3938 14.93 19.92
160445 -58.8891 14.93 19.92
163796 -59.8335 14.93 19.92
154706 -62.0629 14.93 19.92
165904 -61.2079 14.93 19.92
162259 -59.488 14.93 19.92
157918 -62.7578 14.93 19.92
165673 -65.4428 14.93 19.92
160308 -65.0253 14.93 19.92
164356 -56.4479 14.93 19.92
160628 -61.0539 14.93 19.92
34748 -45.7273 -0.09 5
29562 -43.6499 -0.09 5
29630 -45.4779 -0.09 5
26869 -44.8378 -0.09 5
27027 -43.4699 -0.09 5
33487 -40.992 -0.09 5
27445 -52.1031 -0.09 5
33421 -54.8549 -0.09 5
27725 -47.3111 -0.09 5
32092 -46.5606 -0.09 5
31542 -46.7428 -0.09 5
23039 -41.1716 -0.09 5
29571 -46.7123 -0.09 5
33079 -43.6031 -0.09 5
32549 -41.99 -0.09 5
29042 -47.6727 -0.09 5
27984 -43.7941 -0.09 5
26770 -47.3791 -0.09 5
32070 -44.8517 -0.09 5
28957 -55.3258 -0.09 5
34191 -41.2747 -0.09 5
34151 -44.3777 -0.09 5
28565 -42.7266 -0.09 5
32301 -43.3104 -0.09 5
22158 -47.5881 -0.09 5
34147 -57.5802 -0.09 5
33433 -55.5701 -0.09 5
30489 -46.6121 -0.09 5
28472 -47.4942 -0.09 5
34866 -43.8185 -0.09 5
29832 -48.0473 -0.09 5
31785 -48.654 -0.09 5
29834 -44.969 -0.09 5
26218 -46.7684 -0.09 5
36151 -46.0673 -0.09 5
32311 -46.3945 -0.09 5
33297 -42.4385 -0.09 5
31065 -41.5913 -0.09 5
30349 -55.3953 -0.09 5
234928 -57.633 -16.51 -28.49
240374 -58.5721 -16.51 -28.49
234831 -67.5529 -16.51 -28.49
238233 -63.4983 -16.51 -28.49
237568 -63.4502 -16.51 -28.49
240269 -59.3152 -16.51 -28.49
240667 -61.3319 -16.51 -28.49
245859 -60.6411 -16.51 -28.49
232394 -60.9737 -16.51 -28.49
243394 -61.9511 -16.51 -28.49
230278 -65.4891 -16.51 -28.49
237908 -64.9851 -16.51 -28.49
238454 -57.8531 -16.51 -28.49
245776 -63.6774 -16.51 -28.49
234700 -60.4925 -16.51 -28.49
247151 -66.3374 -16.51 -28.49
239167 -61.2318 -16.51 -28.49
245820 -59.5643 -16.51 -28.49
236611 -66.5543 -16.51 -28.49
229306 -62.8962 -16.51 -28.49
245480 -60.7301 -16.51 -28.49
233521 -61.4283 -16.51 -28.49
240124 -62.8417 -16.51 -28.49
231139 -62.5124 -16.51 -28.49
242128 -68.3475 -16.51 -28.49
238058 -58.1134 -16.51 -28.49
235873 -66.2213 -16.51 -28.49
236460 -63.7905 -16.51 -28.49
236249 -65.7712 -16.51 -28.49
233799 -65.4513 -16.51 -28.49
235779 -57.5576 -16.51 -28.49
237235 -62.0485 -16.51 -28.49
233672 -55.0777 -16.51 -28.49
226168 -59.8442 -16.51 -28.49
237719 -58.8694 -16.51 -28.49
238282 -71.2041 -16.51 -28.49
234988 -65.0991 -16.51 -28.49
238930 -67.2882 -16.51 -28.49
244628 -60.8719 -16.51 -28.49
141475 -60.1213 -18.12 12.55
143765 -56.7393 -18.12 12.55
152805 -61.7652 -18.12 12.55
151169 -50.3563 -18.12 12.55
139060 -62.661 -18.12 12.55
142971 -64.1932 -18.12 12.55
146817 -61.7853 -18.12 12.55
150512 -58.423 -18.12 12.55
142707 -60.4589 -18.12 12.55
142883 -61.5838 -18.12 12.55
152185 -60.5855 -18.12 12.55
148184 -58.4403 -18.12 12.55
140381 -70.6727 -18.12 12.55
136995 -64.1429 -18.12 12.55
145680 -56.9099 -18.12 12.55
150041 -74.2875 -18.12 12.55
153184 -68.1551 -18.12 12.55
147310 -58.1383 -18.12 12.55
144950 -63.1673 -18.12 12.55
146980 -61.1186 -18.12 12.55
144760 -58.9611 -18.12 12.55
140175 -59.7193 -18.12 12.55
142312 -58.0835 -18.12 12.55
139621 -58.9509 -18.12 12.55
144483 -60.4198 -18.12 12.55
150527 -63.2854 -18.12 12.55
150990 -63.7578 -18.12 12.55
151219 -59.976 -18.12 12.55
144142 -57.6292 -18.12 12.55
107959 -67.2742 -18.12 12.55
154892 -61.8972 -18.12 12.55
143463 -60.6892 -18.12 12.55
140152 -60.0267 -18.12 12.55
139196 -56.1894 -18.12 12.55
150165 -56.0324 -18.12 12.55
148690 -58.3677 -18.12 12.55
139812 -61.2004 -18.12 12.55
151166 -59.9848 -18.12 12.55
146883 -52.4265 -18.12 12.55
147665 -56.861 15.63 -14.07
134297 -57.6274 15.63 -14.07
139280 -61.7909 15.63 -14.07
147033 -54.1437 15.63 -14.07
138581 -60.2647 15.63 -14.07
141068 -57.796 15.63 -14.07
144192 -60.8067 15.63 -14.07
143901 -59.2086 15.63 -14.07
133948 -59.6162 15.63 -14.07
143507 -56.6831 15.63 -14.07
143408 -56.5124 15.63 -14.07
136777 -55.8373 15.63 -14.07
141756 -54.7729 15.63 -14.07
139081 -54.8766 15.63 -14.07
142110 -57.8225 15.63 -14.07
135535 -63.2064 15.63 -14.07
140297 -53.3143 15.63 -14.07
147098 -57.4191 15.63 -14.07
144728 -61.9135 15.63 -14.07
143563 -57.7134 15.63 -14.07
150167 -67.2182 15.63 -14.07
140703 -58.9347 15.63 -14.07
137057 -59.5558 15.63 -14.07
132746 -62.5939 15.63 -14.07
142863 -63.3891 15.63 -14.07
136449 -57.6377 15.63 -14.07
146955 -72.8118 15.63 -14.07
143747 -57.4199 15.63 -14.07
142897 -56.2502 15.63 -14.07
138002 -65.8245 15.63 -14.07
145236 -60.3347 15.63 -14.07
138623 -62.3564 15.63 -14.07
137441 -60.4451 15.63 -14.07
148977 -65.3047 15.63 -14.07
141129 -61.8268 15.63 -14.07
142732 -64.3934 15.63 -14.07
140925 -55.7326 15.63 -14.07
136216 -62.1496 15.63 -14.07
139515 -57.9666 15.63 -14.07
164168 -64.8692 -19.86 -14.19
166018 -57.3208 -19.86 -14.19
172340 -56.1133 -19.86 -14.19
172772 -63.8316 -19.86 -14.19
171508 -63.6962 -19.86 -14.19
164200 -58.816 -19.86 -14.19
162734 -59.9742 -19.86 -14.19
171350 -57.6578 -19.86 -14.19
154228 -73.6162 -19.86 -14.19
172043 -57.9624 -19.86 -14.19
168062 -62.2135 -19.86 -14.19
168355 -56.9243 -19.86 -14.19
159843 -64.1544 -19.86 -14.19
172716 -64.9719 -19.86 -14.19
173569 -56.9036 -19.86 -14.19
166863 -60.9624 -19.86 -14.19
176325 -63.646 -19.86 -14.19
174313 -59.0517 -19.86 -14.19
175379 -65.5465 -19.86 -14.19
168957 -58.8071 -19.86 -14.19
169414 -70.1795 -19.86 -14.19
170316 -64.8069 -19.86 -14.19
155760 -63.2586 -19.86 -14.19
170921 -66.256 -19.86 -14.19
175230 -65.8685 -19.86 -14.19
165518 -62.8632 -19.86 -14.19
162672 -60.7941 -19.86 -14.19
166735 -61.3171 -19.86 -14.19
166559 -55.1194 -19.86 -14.19
174631 -56.5828 -19.86 -14.19
172093 -62.9393 -19.86 -14.19
156798 -63.9466 -19.86 -14.19
162028 -66.7003 -19.86 -14.19
173419 -76.9111 -19.86 -14.19
166240 -56.0927 -19.86 -14.19
160109 -57.8288 -19.86 -14.19
172240 -64.0012 -19.86 -14.19
168713 -61.9085 -19.86 -14.19
173620 -56.5977 -19.86 -14.19
222529 -66.9474 -24.7 -20.98
212656 -59.1261 -24.7 -20.98
212402 -66.0218 -24.7 -20.98
209808 -65.9339 -24.7 -20.98
218394 -59.8013 -24.7 -20.98
215984 -62.18 -24.7 -20.98
208524 -59.0222 -24.7 -20.98
216770 -55.2218 -24.7 -20.98
214489 -59.0993 -24.7 -20.98
209748 -59.9818 -24.7 -20.98
207739 -59.9828 -24.7 -20.98
187890 -71.0494 -24.7 -20.98
211915 -61.9319 -24.7 -20.98
218599 -60.8148 -24.7 -20.98
214906 -61.7312 -24.7 -20.98
217634 -58.1569 -24.7 -20.98
215993 -61.7272 -24.7 -20.98
215330 -62.6799 -24.7 -20.98
219871 -64.7224 -24.7 -20.98
211610 -56.522 -24.7 -20.98
219584 -66.2188 -24.7 -20.98
209904 -63.6771 -24.7 -20.98
207879 -67.1189 -24.7 -20.98
214264 -59.1862 -24.7 -20.98
216260 -65.1614 -24.7 -20.98
213592 -60.8597 -24.7 -20.98
204347 -61.8031 -24.7 -20.98
217239 -61.871 -24.7 -20.98
206772 -64.3093 -24.7 -20.98
211890 -65.5494 -24.7 -20.98
208072 -72.4894 -24.7 -20.98
209862 -60.0748 -24.7 -20.98
210743 -61.481 -24.7 -20.98
204193 -69.5573 -24.7 -20.98
211761 -58.0362 -24.7 -20.98
222790 -58.4227 -24.7 -20.98
205493 -67.3316 -24.7 -20.98
207559 -68.019 -24.7 -20.98
210874 -62.1184 -24.7 -20.98
