#rtt sig_str x y
121787 -58.0325 16.66 6.44
117314 -59.0832 16.66 6.44
117845 -53.6156 16.66 6.44
114579 -53.1307 16.66 6.44
116737 -57.2906 16.66 6.44
115133 -54.2962 16.66 6.44
121488 -57.9862 16.66 6.44
119091 -57.3351 16.66 6.44
115973 -59.4488 16.66 6.44
113099 -59.3988 16.66 6.44
118811 -57.5133 16.66 6.44
114457 -55.6712 16.66 6.44
116974 -56.8392 16.66 6.44
119887 -59.7212 16.66 6.44
117857 -64.8009 16.66 6.44
115580 -57.9735 16.66 6.44
121838 -62.2336 16.66 6.44
111488 -61.7343 16.66 6.44
112024 -55.2654 16.66 6.44
118963 -54.2901 16.66 6.44
113454 -56.5333 16.66 6.44
107877 -72.3757 16.66 6.44
120085 -60.6688 16.66 6.44
102689 -64.9294 16.66 6.44
118369 -59.4541 16.66 6.44
112332 -58.8072 16.66 6.44
121975 -55.9045 16.66 6.44
119086 -55.7504 16.66 6.44
121728 -53.1458 16.66 6.44
126582 -50.3336 16.66 6.44
109306 -58.6988 16.66 6.44
117605 -56.2712 16.66 6.44
118682 -70.462 16.66 6.44
118341 -57.1367 16.66 6.44
110448 -52.7553 16.66 6.44
48234 -76.0834 16.66 6.44
115643 -56.8498 16.66 6.44
123089 -55.3012 16.66 6.44
122868 -60.756 16.66 6.44
181151 -58.8967 -15.75 21.57
172450 -57.2035 -15.75 21.57
180067 -61.2773 -15.75 21.57
179457 -59.2826 -15.75 21.57
177568 -54.8529 -15.75 21.57
174005 -59.481 -15.75 21.57
177940 -60.044 -15.75 21.57
170761 -67.0945 -15.75 21.57
170918 -62.6906 -15.75 21.57
178245 -60.0591 -15.75 21.57
173824 -59.3283 -15.75 21.57
174412 -62.6159 -15.75 21.57
181131 -68.1307 -15.75 21.57
168040 -62.2417 -15.75 21.57
174571 -61.4858 -15.75 21.57
168909 -58.6172 -15.75 21.57
177991 -59.8748 -15.75 21.57
172716 -61.0317 -15.75 21.57
177204 -57.2163 -15.75 21.57
170393 -60.0329 -15.75 21.57
177077 -56.5351 -15.75 21.57
169153 -65.4453 -15.75 21.57
178967 -61.8329 -15.75 21.57
175231 -59.8916 -15.75 21.57
179636 -60.6872 -15.75 21.57
175042 -62.1653 -15.75 21.57
176057 -56.247 -15.75 21.57
179820 -63.0797 -15.75 21.57
172418 -57.1247 -15.75 21.57
178279 -59.9662 -15.75 21.57
171213 -59.5374 -15.75 21.57
172342 -60.9076 -15.75 21.57
174555 -58.2818 -15.75 21.57
173978 -65.2917 -15.75 21.57
177874 -59.763 -15.75 21.57
178682 -63.5013 -15.75 21.57
176059 -62.7066 -15.75 21.57
177625 -60.2762 -15.75 21.57
167814 -59.0206 -15.75 21.57
204214 -64.1662 19.46 23.58
203375 -57.5508 19.46 23.58
203617 -57.4556 19.46 23.58
164443 -76.3885 19.46 23.58
246482 -81.8227 19.46 23.58
202634 -60.3943 19.46 23.58
195511 -66.4716 19.46 23.58
198291 -62.1096 19.46 23.58
207663 -67.8876 19.46 23.58
203863 -60.0226 19.46 23.58
199602 -63.5603 19.46 23.58
202578 -60.2059 19.46 23.58
204111 -59.6834 19.46 23.58
202567 -62.392 19.46 23.58
197452 -67.3255 19.46 23.58
196308 -67.7493 19.46 23.58
196410 -65.9314 19.46 23.58
201654 -59.8234 19.46 23.58
207076 -66.2716 19.46 23.58
198791 -54.8126 19.46 23.58
195622 -62.8075 19.46 23.58
194303 -64.8544 19.46 23.58
200451 -58.1091 19.46 23.58
187220 -64.3624 19.46 23.58
199890 -62.3755 19.46 23.58
181036 -71.4718 19.46 23.58
201802 -56.705 19.46 23.58
203943 -58.6773 19.46 23.58
196467 -65.6349 19.46 23.58
196135 -63.7533 19.46 23.58
191146 -56.0313 19.46 23.58
198182 -69.8041 19.46 23.58
204970 -66.5863 19.46 23.58
205680 -65.6825 19.46 23.58
193936 -60.7534 19.46 23.58
191578 -63.4989 19.46 23.58
195766 -61.0505 19.46 23.58
202796 -60.9987 19.46 23.58
205914 -68.9008 19.46 23.58
218748 -61.847 27.95 -19.25
232984 -65.6804 27.95 -19.25
224676 -64.4962 27.95 -19.25
216621 -64.3951 27.95 -19.25
216985 -59.4115 27.95 -19.25
231705 -65.3918 27.95 -19.25
213427 -62.959 27.95 -19.25
221658 -65.7628 27.95 -19.25
214971 -62.538 27.95 -19.25
220967 -63.3118 27.95 -19.25
221912 -60.179 27.95 -19.25
216726 -62.2626 27.95 -19.25
215870 -63.9511 27.95 -19.25
221985 -67.0638 27.95 -19.25
208133 -60.7367 27.95 -19.25
222404 -67.3118 27.95 -19.25
225656 -70.0524 27.95 -19.25
219566 -63.3186 27.95 -19.25
213914 -64.3504 27.95 -19.25
178017 -75.333 27.95 -19.25
196199 -76.7899 27.95 -19.25
225605 -63.9232 27.95 -19.25
221568 -64.7339 27.95 -19.25
214933 -66.9138 27.95 -19.25
219694 -59.8162 27.95 -19.25
219213 -62.9127 27.95 -19.25
223422 -64.4659 27.95 -19.25
227156 -67.3824 27.95 -19.25
225559 -61.951 27.95 -19.25
219385 -61.4463 27.95 -19.25
213638 -62.3907 27.95 -19.25
222274 -64.62 27.95 -19.25
222552 -63.765 27.95 -19.25
218974 -62.0451 27.95 -19.25
214112 -65.315 27.95 -19.25
222420 -67.9999 27.95 -19.25
224270 -67.5825 27.95 -19.25
220423 -59.005 27.95 -19.25
223181 -63.6111 27.95 -19.25
227823 -61.1277 28.36 15.52
220535 -59.0504 28.36 15.52
218958 -60.8783 28.36 15.52
220083 -60.2383 28.36 15.52
223125 -58.8704 28.36 15.52
220383 -56.3925 28.36 15.52
223740 -67.5036 28.36 15.52
218897 -70.2553 28.36 15.52
219063 -62.7115 28.36 15.52
217360 -61.9611 28.36 15.52
220083 -62.1433 28.36 15.52
223408 -56.5721 28.36 15.52
225803 -62.1127 28.36 15.52
214761 -59.0035 28.36 15.52
225592 -57.3904 28.36 15.52
220422 -63.0732 28.36 15.52
226146 -59.1946 28.36 15.52
217743 -62.7796 28.36 15.52
216514 -60.2522 28.36 15.52
219940 -70.7263 28.36 15.52
221250 -56.6752 28.36 15.52
206992 -59.7782 28.36 15.52
220761 -58.1271 28.36 15.52
221029 -58.7109 28.36 15.52
226536 -62.9886 28.36 15.52
227092 -72.9807 28.36 15.52
219769 -70.9705 28.36 15.52
209307 -62.0125 28.36 15.52
217706 -62.8946 28.36 15.52
208026 -59.219 28.36 15.52
217205 -63.4478 28.36 15.52
213887 -64.0545 28.36 15.52
222904 -60.3695 28.36 15.52
223816 -62.1689 28.36 15.52
221079 -61.4678 28.36 15.52
223842 -61.795 28.36 15.52
217354 -57.8389 28.36 15.52
217938 -56.9918 28.36 15.52
223967 -70.7957 28.36 15.52
93433 -51.3383 -2.79 15.1
99606 -52.2774 -2.79 15.1
96492 -61.2582 -2.79 15.1
94501 -57.2036 -2.79 15.1
101002 -57.1555 -2.79 15.1
98885 -53.0204 -2.79 15.1
96959 -55.0372 -2.79 15.1
99695 -54.3464 -2.79 15.1
89400 -54.679 -2.79 15.1
103052 -55.6564 -2.79 15.1
97806 -59.1944 -2.79 15.1
98316 -58.6904 -2.79 15.1
99394 -51.5584 -2.79 15.1
94702 -57.3827 -2.79 15.1
92891 -54.1978 -2.79 15.1
105408 -60.0427 -2.79 15.1
95766 -54.9371 -2.79 15.1
96745 -53.2696 -2.79 15.1
92761 -60.2596 -2.79 15.1
97666 -56.6015 -2.79 15.1
94500 -54.4354 -2.79 15.1
100737 -55.1336 -2.79 15.1
94090 -56.547 -2.79 15.1
103254 -56.2177 -2.79 15.1
99245 -62.0528 -2.79 15.1
94724 -51.8187 -2.79 15.1
95998 -59.9265 -2.79 15.1
92712 -57.4958 -2.79 15.1
93562 -59.4765 -2.79 15.1
95728 -59.1566 -2.79 15.1
96259 -51.2629 -2.79 15.1
100708 -55.7538 -2.79 15.1
96040 -48.783 -2.79 15.1
94218 -53.5495 -2.79 15.1
86793 -52.5747 -2.79 15.1
98446 -64.9094 -2.79 15.1
87123 -58.8044 -2.79 15.1
104334 -60.9935 -2.79 15.1
89824 -54.5772 -2.79 15.1
56023 -52.8923 6.54 6.44
53981 -49.5103 6.54 6.44
58658 -54.5362 6.54 6.44
60351 -43.1273 6.54 6.44
62997 -55.432 6.54 6.44
52372 -56.9642 6.54 6.44
53718 -54.5563 6.54 6.44
52130 -51.1941 6.54 6.44
56768 -53.2299 6.54 6.44
58410 -54.3548 6.54 6.44
48525 -53.3566 6.54 6.44
49677 -51.2113 6.54 6.44
57091 -63.4438 6.54 6.44
52051 -56.9139 6.54 6.44
59325 -49.6809 6.54 6.44
48756 -67.0585 6.54 6.44
57863 -60.9262 6.54 6.44
54216 -50.9093 6.54 6.44
54062 -55.9383 6.54 6.44
57094 -53.8896 6.54 6.44
50661 -51.7322 6.54 6.44
60735 -52.4903 6.54 6.44
56491 -50.8546 6.54 6.44
55987 -51.7219 6.54 6.44
49289 -53.1908 6.54 6.44
55541 -56.0564 6.54 6.44
52208 -56.5288 6.54 6.44
56259 -52.747 6.54 6.44
53806 -50.4003 6.54 6.44
60429 -60.0452 6.54 6.44
55118 -54.6682 6.54 6.44
56651 -53.4602 6.54 6.44
53208 -52.7978 6.54 6.44
52537 -48.9605 6.54 6.44
58705 -48.8034 6.54 6.44
59511 -51.1387 6.54 6.44
67043 -53.9714 6.54 6.44
57976 -52.7558 6.54 6.44
61052 -45.1975 6.54 6.44
164402 -58.0109 16.53 17.64
164991 -58.7773 16.53 17.64
162690 -62.9408 16.53 17.64
155870 -55.2936 16.53 17.64
168000 -61.4145 16.53 17.64
158901 -58.9459 16.53 17.64
156895 -61.9566 16.53 17.64
173051 -60.3585 16.53 17.64
163599 -60.766 16.53 17.64
167759 -57.833 16.53 17.64
168944 -57.6623 16.53 17.64
172095 -56.9872 16.53 17.64
167935 -55.9227 16.53 17.64
165053 -56.0264 16.53 17.64
175811 -58.9723 16.53 17.64
167721 -64.3562 16.53 17.64
164877 -54.4642 16.53 17.64
166229 -58.569 16.53 17.64
163743 -63.0634 16.53 17.64
164334 -58.8633 16.53 17.64
171533 -68.368 16.53 17.64
168714 -60.0846 16.53 17.64
170823 -60.7057 16.53 17.64
164661 -63.7438 16.53 17.64
166142 -64.539 16.53 17.64
162507 -58.7875 16.53 17.64
162488 -73.9617 16.53 17.64
163940 -58.5698 16.53 17.64
163598 -57.4 16.53 17.64
165797 -66.9743 16.53 17.64
163590 -61.4846 16.53 17.64
162491 -63.5063 16.53 17.64
167784 -61.595 16.53 17.64
168508 -66.4545 16.53 17.64
168014 -62.9767 16.53 17.64
155801 -65.5432 16.53 17.64
159071 -56.8824 16.53 17.64
163211 -63.2995 16.53 17.64
166057 -59.1164 16.53 17.64
64429 -58.168 8.5 -6.72
61510 -50.6197 8.5 -6.72
65813 -49.4121 8.5 -6.72
69079 -57.1305 8.5 -6.72
65502 -56.9951 8.5 -6.72
69752 -52.1148 8.5 -6.72
63996 -53.2731 8.5 -6.72
68797 -50.9566 8.5 -6.72
69530 -66.915 8.5 -6.72
64281 -51.2612 8.5 -6.72
64703 -55.5124 8.5 -6.72
68671 -50.2232 8.5 -6.72
68871 -57.4532 8.5 -6.72
64031 -58.2708 8.5 -6.72
74602 -50.2025 8.5 -6.72
63660 -54.2613 8.5 -6.72
65298 -56.9448 8.5 -6.72
71386 -52.3506 8.5 -6.72
68627 -58.8454 8.5 -6.72
72264 -52.1059 8.5 -6.72
66071 -63.4783 8.5 -6.72
63084 -58.1058 8.5 -6.72
62722 -56.5575 8.5 -6.72
67309 -59.5548 8.5 -6.72
60876 -59.1673 8.5 -6.72
70153 -56.1621 8.5 -6.72
64913 -54.093 8.5 -6.72
67476 -54.6159 8.5 -6.72
67747 -48.4182 8.5 -6.72
63953 -49.8817 8.5 -6.72
64044 -56.2381 8.5 -6.72
62942 -57.2454 8.5 -6.72
66923 -59.9992 8.5 -6.72
68098 -70.2099 8.5 -6.72
66394 -49.3915 8.5 -6.72
68502 -51.1276 8.5 -6.72
66901 -57.3001 8.5 -6.72
75020 -55.2074 8.5 -6.72
66065 -49.8966 8.5 -6.72
99414 -61.3308 13.32 -9.58
100878 -53.5095 13.32 -9.58
106043 -60.4052 13.32 -9.58
91469 -60.3174 13.32 -9.58
100569 -54.1847 13.32 -9.58
109352 -56.5634 13.32 -9.58
70107 -77.2719 13.32 -9.58
105925 -61.4689 13.32 -9.58
99111 -56.6532 13.32 -9.58
105445 -62.1255 13.32 -9.58
107588 -54.2185 13.32 -9.58
102637 -56.3882 13.32 -9.58
104634 -56.2691 13.32 -9.58
105958 -51.2925 13.32 -9.58
106187 -55.6104 13.32 -9.58
103606 -58.1473 13.32 -9.58
98291 -57.0748 13.32 -9.58
108486 -58.4175 13.32 -9.58
102198 -65.6305 13.32 -9.58
106505 -56.8091 13.32 -9.58
107288 -55.6949 13.32 -9.58
103068 -65.1541 13.32 -9.58
107348 -54.9763 13.32 -9.58
99144 -51.9158 13.32 -9.58
98352 -59.9336 13.32 -9.58
102911 -58.002 13.32 -9.58
102571 -51.0093 13.32 -9.58
100127 -52.4253 13.32 -9.58
103600 -51.5249 13.32 -9.58
105845 -53.7045 13.32 -9.58
106141 -57.5944 13.32 -9.58
99347 -59.3819 13.32 -9.58
102440 -51.7341 13.32 -9.58
100976 -58.8982 13.32 -9.58
102962 -58.6518 13.32 -9.58
105696 -54.291 13.32 -9.58
98854 -57.4538 13.32 -9.58
106697 -54.1753 13.32 -9.58
100024 -60.5686 13.32 -9.58
