#rtt sig_str x y
167651 -60.9165 0.84 25.32
164485 -61.9671 0.84 25.32
164786 -56.4995 0.84 25.32
167811 -56.0146 0.84 25.32
160888 -60.1745 0.84 25.32
170514 -57.1802 0.84 25.32
162753 -60.8702 0.84 25.32
157169 -60.2191 0.84 25.32
163209 -62.3327 0.84 25.32
165171 -62.2828 0.84 25.32
167045 -60.3972 0.84 25.32
159472 -58.5551 0.84 25.32
165971 -59.7232 0.84 25.32
157677 -62.6051 0.84 25.32
156714 -67.6849 0.84 25.32
164945 -60.8575 0.84 25.32
154237 -65.1176 0.84 25.32
170204 -64.6182 0.84 25.32
167104 -58.1493 0.84 25.32
168295 -57.174 0.84 25.32
177434 -59.4173 0.84 25.32
173183 -75.2597 0.84 25.32
170565 -63.5528 0.84 25.32
156220 -67.8133 0.84 25.32
160802 -62.3381 0.84 25.32
170559 -61.6911 0.84 25.32
169020 -58.7885 0.84 25.32
171288 -58.6344 0.84 25.32
162337 -56.0298 0.84 25.32
163069 -53.2176 0.84 25.32
167802 -61.5828 0.84 25.32
171196 -59.1552 0.84 25.32
148678 -73.346 0.84 25.32
165838 -60.0206 0.84 25.32
168856 -55.6392 0.84 25.32
65971 -78.9673 0.84 25.32
169248 -59.7338 0.84 25.32
165134 -58.1852 0.84 25.32
161604 -63.64 0.84 25.32
122697 -56.0734 16.39 9.55
123106 -54.3802 16.39 9.55
120642 -58.454 16.39 9.55
121664 -56.4593 16.39 9.55
119295 -52.0296 16.39 9.55
120010 -56.6577 16.39 9.55
118637 -57.2207 16.39 9.55
115112 -64.2713 16.39 9.55
114748 -59.8674 16.39 9.55
121071 -57.2358 16.39 9.55
117476 -56.5051 16.39 9.55
118106 -59.7926 16.39 9.55
113023 -65.3075 16.39 9.55
114969 -59.4184 16.39 9.55
117572 -58.6625 16.39 9.55
122326 -55.7939 16.39 9.55
114289 -57.0515 16.39 9.55
121673 -58.2085 16.39 9.55
112626 -54.393 16.39 9.55
116785 -57.2097 16.39 9.55
112825 -53.7118 16.39 9.55
119652 -62.622 16.39 9.55
112737 -59.0097 16.39 9.55
122696 -57.0683 16.39 9.55
121370 -57.864 16.39 9.55
120690 -59.342 16.39 9.55
114139 -53.4237 16.39 9.55
117711 -60.2564 16.39 9.55
117702 -54.3014 16.39 9.55
120845 -57.143 16.39 9.55
121576 -56.7141 16.39 9.55
115816 -58.0843 16.39 9.55
122363 -55.4585 16.39 9.55
112536 -62.4685 16.39 9.55
120084 -56.9397 16.39 9.55
110756 -60.678 16.39 9.55
114685 -59.8834 16.39 9.55
121105 -57.4529 16.39 9.55
122237 -56.1973 16.39 9.55
149091 -62.0415 22.23 -8.02
156239 -55.426 22.23 -8.02
142961 -55.3308 22.23 -8.02
149392 -74.2638 22.23 -8.02
119622 -79.6979 22.23 -8.02
148432 -58.2695 22.23 -8.02
147659 -64.3469 22.23 -8.02
149608 -59.9848 22.23 -8.02
154942 -65.7628 22.23 -8.02
152813 -57.8978 22.23 -8.02
149366 -61.4355 22.23 -8.02
156028 -58.0812 22.23 -8.02
146638 -57.5586 22.23 -8.02
152256 -60.2672 22.23 -8.02
150362 -65.2008 22.23 -8.02
135745 -65.6246 22.23 -8.02
150873 -63.8067 22.23 -8.02
152179 -57.6986 22.23 -8.02
150973 -64.1468 22.23 -8.02
153421 -52.6878 22.23 -8.02
153108 -60.6828 22.23 -8.02
152199 -62.7296 22.23 -8.02
154469 -55.9843 22.23 -8.02
154098 -62.2377 22.23 -8.02
155571 -60.2508 22.23 -8.02
159444 -69.3471 22.23 -8.02
146263 -54.5803 22.23 -8.02
152694 -56.5525 22.23 -8.02
150621 -63.5101 22.23 -8.02
152224 -61.6285 22.23 -8.02
145602 -53.9065 22.23 -8.02
153076 -67.6794 22.23 -8.02
147625 -64.4616 22.23 -8.02
147573 -63.5578 22.23 -8.02
152173 -58.6286 22.23 -8.02
150927 -61.3741 22.23 -8.02
150607 -58.9258 22.23 -8.02
149946 -58.8739 22.23 -8.02
146445 -66.776 22.23 -8.02
245541 -62.3937 -29.52 -21.06
248250 -66.2271 -29.52 -21.06
234063 -65.0429 -29.52 -21.06
247130 -64.9418 -29.52 -21.06
245839 -59.9582 -29.52 -21.06
243225 -65.9385 -29.52 -21.06
248942 -63.5057 -29.52 -21.06
245214 -66.3095 -29.52 -21.06
243503 -63.0847 -29.52 -21.06
242885 -63.8585 -29.52 -21.06
242493 -60.7257 -29.52 -21.06
246503 -62.8093 -29.52 -21.06
240254 -64.4978 -29.52 -21.06
249158 -67.6105 -29.52 -21.06
246320 -61.2834 -29.52 -21.06
220416 -67.8585 -29.52 -21.06
213943 -70.5991 -29.52 -21.06
241799 -63.8653 -29.52 -21.06
240460 -64.8971 -29.52 -21.06
244162 -75.8797 -29.52 -21.06
227467 -77.3366 -29.52 -21.06
241099 -64.4699 -29.52 -21.06
245861 -65.2806 -29.52 -21.06
242257 -67.4604 -29.52 -21.06
242236 -60.3629 -29.52 -21.06
241505 -63.4594 -29.52 -21.06
241655 -65.0126 -29.52 -21.06
248630 -67.9291 -29.52 -21.06
241245 -62.4977 -29.52 -21.06
250037 -61.993 -29.52 -21.06
243411 -62.9374 -29.52 -21.06
239255 -65.1667 -29.52 -21.06
247502 -64.3117 -29.52 -21.06
247182 -62.5918 -29.52 -21.06
242048 -65.8617 -29.52 -21.06
241085 -68.5466 -29.52 -21.06
242905 -68.1292 -29.52 -21.06
243911 -59.5517 -29.52 -21.06
238691 -64.1578 -29.52 -21.06
144268 -57.6684 -11.42 -17.93
135830 -55.5911 -11.42 -17.93
136041 -57.419 -11.42 -17.93
137893 -56.779 -11.42 -17.93
141868 -55.4111 -11.42 -17.93
135700 -52.9332 -11.42 -17.93
143890 -64.0443 -11.42 -17.93
147832 -66.796 -11.42 -17.93
143114 -59.2522 -11.42 -17.93
141094 -58.5018 -11.42 -17.93
134536 -58.684 -11.42 -17.93
141882 -53.1128 -11.42 -17.93
144306 -58.6534 -11.42 -17.93
148968 -55.5442 -11.42 -17.93
140851 -53.9311 -11.42 -17.93
135541 -59.6139 -11.42 -17.93
140943 -55.7353 -11.42 -17.93
143817 -59.3203 -11.42 -17.93
135889 -56.7929 -11.42 -17.93
123428 -67.267 -11.42 -17.93
143810 -53.2158 -11.42 -17.93
147115 -56.3189 -11.42 -17.93
144161 -54.6678 -11.42 -17.93
142562 -55.2516 -11.42 -17.93
133787 -59.5293 -11.42 -17.93
131937 -69.5214 -11.42 -17.93
131277 -67.5112 -11.42 -17.93
141236 -58.5532 -11.42 -17.93
140542 -59.4353 -11.42 -17.93
143211 -55.7597 -11.42 -17.93
138545 -59.9885 -11.42 -17.93
134638 -60.5951 -11.42 -17.93
135721 -56.9102 -11.42 -17.93
140168 -58.7096 -11.42 -17.93
136223 -58.0084 -11.42 -17.93
141588 -58.3357 -11.42 -17.93
142956 -54.3796 -11.42 -17.93
141703 -53.5324 -11.42 -17.93
146153 -67.3364 -11.42 -17.93
216252 -57.4303 27.46 -16.68
212166 -58.3693 27.46 -16.68
215919 -67.3501 27.46 -16.68
212819 -63.2956 27.46 -16.68
221361 -63.2475 27.46 -16.68
213933 -59.1124 27.46 -16.68
218876 -61.1292 27.46 -16.68
218534 -60.4384 27.46 -16.68
216100 -60.771 27.46 -16.68
218055 -61.7484 27.46 -16.68
214906 -65.2864 27.46 -16.68
225537 -64.7824 27.46 -16.68
222301 -57.6504 27.46 -16.68
208002 -63.4747 27.46 -16.68
222091 -60.2898 27.46 -16.68
219636 -66.1347 27.46 -16.68
222336 -61.0291 27.46 -16.68
222700 -59.3616 27.46 -16.68
226671 -66.3516 27.46 -16.68
222221 -62.6935 27.46 -16.68
210585 -60.5274 27.46 -16.68
213551 -61.2256 27.46 -16.68
212630 -62.639 27.46 -16.68
218765 -62.3097 27.46 -16.68
220454 -68.1448 27.46 -16.68
224804 -57.9107 27.46 -16.68
217522 -66.0185 27.46 -16.68
216289 -63.5877 27.46 -16.68
220035 -65.5685 27.46 -16.68
220901 -65.2486 27.46 -16.68
218710 -57.3549 27.46 -16.68
213165 -61.8458 27.46 -16.68
218502 -54.875 27.46 -16.68
218978 -59.6415 27.46 -16.68
210902 -58.6666 27.46 -16.68
210865 -71.0014 27.46 -16.68
217346 -64.8964 27.46 -16.68
222218 -67.0855 27.46 -16.68
215419 -60.6692 27.46 -16.68
71408 -54.2871 0.79 -10.84
67042 -50.905 0.79 -10.84
73722 -55.931 0.79 -10.84
67723 -44.522 0.79 -10.84
70171 -56.8267 0.79 -10.84
62870 -58.359 0.79 -10.84
69619 -55.9511 0.79 -10.84
69940 -52.5888 0.79 -10.84
72100 -54.6246 0.79 -10.84
72255 -55.7496 0.79 -10.84
71024 -54.7513 0.79 -10.84
68324 -52.606 0.79 -10.84
72527 -64.8385 0.79 -10.84
73532 -58.3086 0.79 -10.84
70702 -51.0756 0.79 -10.84
71226 -68.4533 0.79 -10.84
71525 -62.3209 0.79 -10.84
67652 -52.3041 0.79 -10.84
70248 -57.3331 0.79 -10.84
70677 -55.2844 0.79 -10.84
64655 -53.1269 0.79 -10.84
69621 -53.8851 0.79 -10.84
72950 -52.2493 0.79 -10.84
75068 -53.1167 0.79 -10.84
67597 -54.5855 0.79 -10.84
73252 -57.4512 0.79 -10.84
72523 -57.9236 0.79 -10.84
71415 -54.1418 0.79 -10.84
72983 -51.795 0.79 -10.84
68427 -61.4399 0.79 -10.84
69225 -56.0629 0.79 -10.84
66524 -54.8549 0.79 -10.84
65319 -54.1925 0.79 -10.84
71035 -50.3552 0.79 -10.84
69572 -50.1982 0.79 -10.84
74112 -52.5334 0.79 -10.84
70901 -55.3661 0.79 -10.84
70606 -54.1506 0.79 -10.84
62898 -46.5922 0.79 -10.84
88361 -53.2704 -10.9 -8.15
90142 -54.0368 -10.9 -8.15
89198 -58.2002 -10.9 -8.15
95872 -50.5531 -10.9 -8.15
89195 -56.674 -10.9 -8.15
99243 -54.2054 -10.9 -8.15
89701 -57.2161 -10.9 -8.15
93614 -55.618 -10.9 -8.15
95623 -56.0255 -10.9 -8.15
99182 -53.0925 -10.9 -8.15
92166 -52.9218 -10.9 -8.15
95345 -52.2467 -10.9 -8.15
91626 -51.1822 -10.9 -8.15
91389 -51.2859 -10.9 -8.15
90666 -54.2318 -10.9 -8.15
91196 -59.6157 -10.9 -8.15
88564 -49.7237 -10.9 -8.15
87349 -53.8285 -10.9 -8.15
93241 -58.3228 -10.9 -8.15
91637 -54.1228 -10.9 -8.15
75735 -63.6275 -10.9 -8.15
92400 -55.3441 -10.9 -8.15
89850 -55.9652 -10.9 -8.15
89724 -59.0033 -10.9 -8.15
85119 -59.7985 -10.9 -8.15
91277 -54.047 -10.9 -8.15
93057 -69.2212 -10.9 -8.15
92729 -53.8293 -10.9 -8.15
102224 -52.6595 -10.9 -8.15
85020 -62.2338 -10.9 -8.15
90230 -56.7441 -10.9 -8.15
92793 -58.7657 -10.9 -8.15
84314 -56.8545 -10.9 -8.15
98054 -61.714 -10.9 -8.15
86713 -58.2362 -10.9 -8.15
87520 -60.8027 -10.9 -8.15
87936 -52.1419 -10.9 -8.15
95830 -58.559 -10.9 -8.15
89486 -54.3759 -10.9 -8.15
27670 -48.3984 2.35 2.34
22191 -40.8501 2.35 2.34
21420 -39.6425 2.35 2.34
20748 -47.3609 2.35 2.34
19268 -47.2255 2.35 2.34
20603 -42.3452 2.35 2.34
21435 -43.5034 2.35 2.34
15579 -41.187 2.35 2.34
21128 -57.1454 2.35 2.34
24067 -41.4916 2.35 2.34
20347 -45.7427 2.35 2.34
18731 -40.4535 2.35 2.34
25641 -47.6836 2.35 2.34
18187 -48.5011 2.35 2.34
21556 -40.4329 2.35 2.34
26598 -44.4916 2.35 2.34
18721 -47.1752 2.35 2.34
25940 -42.5809 2.35 2.34
20409 -49.0758 2.35 2.34
15109 -42.3363 2.35 2.34
21207 -53.7087 2.35 2.34
22364 -48.3362 2.35 2.34
23089 -46.7878 2.35 2.34
22570 -49.7852 2.35 2.34
19579 -49.3977 2.35 2.34
21647 -46.3924 2.35 2.34
22057 -44.3234 2.35 2.34
17853 -44.8463 2.35 2.34
20836 -38.6486 2.35 2.34
22632 -40.112 2.35 2.34
23010 -46.4685 2.35 2.34
26395 -47.4758 2.35 2.34
20436 -50.2295 2.35 2.34
19902 -60.4403 2.35 2.34
13807 -39.6219 2.35 2.34
25396 -41.358 2.35 2.34
18599 -47.5305 2.35 2.34
21542 -45.4377 2.35 2.34
19351 -40.127 2.35 2.34
138456 -62.9491 -16.73 10.89
138874 -55.1277 -16.73 10.89
132968 -62.0235 -16.73 10.89
132972 -61.9356 -16.73 10.89
132867 -55.803 -16.73 10.89
135955 -58.1816 -16.73 10.89
97704 -78.8901 -16.73 10.89
134692 -63.0872 -16.73 10.89
140300 -58.2714 -16.73 10.89
125021 -63.7437 -16.73 10.89
140994 -55.8367 -16.73 10.89
129340 -58.0064 -16.73 10.89
138160 -57.8873 -16.73 10.89
137050 -52.9107 -16.73 10.89
139635 -57.2286 -16.73 10.89
138011 -59.7655 -16.73 10.89
148938 -58.693 -16.73 10.89
134903 -60.0358 -16.73 10.89
140379 -67.2487 -16.73 10.89
134580 -58.4274 -16.73 10.89
141321 -57.3131 -16.73 10.89
125906 -66.7723 -16.73 10.89
132809 -56.5945 -16.73 10.89
139063 -53.534 -16.73 10.89
136433 -61.5518 -16.73 10.89
139534 -59.6202 -16.73 10.89
131153 -52.6276 -16.73 10.89
133822 -54.0435 -16.73 10.89
132035 -53.1431 -16.73 10.89
131069 -55.3227 -16.73 10.89
134276 -59.2126 -16.73 10.89
136422 -61.0001 -16.73 10.89
130592 -53.3523 -16.73 10.89
141237 -60.5164 -16.73 10.89
140705 -60.27 -16.73 10.89
133349 -55.9092 -16.73 10.89
137351 -59.072 -16.73 10.89
134284 -55.7935 -16.73 10.89
132328 -62.1868 -16.73 10.89
