#rtt sig_str x y
187654 -61.7854 20.93 18.82
183610 -62.836 20.93 18.82
183534 -57.3684 20.93 18.82
174958 -56.8835 20.93 18.82
177631 -61.0434 20.93 18.82
178557 -58.049 20.93 18.82
179366 -61.7391 20.93 18.82
182707 -61.088 20.93 18.82
183386 -63.2016 20.93 18.82
183281 -63.1517 20.93 18.82
180485 -61.2661 20.93 18.82
179099 -59.424 20.93 18.82
182523 -60.5921 20.93 18.82
184316 -63.474 20.93 18.82
174554 -68.5537 20.93 18.82
178585 -61.7263 20.93 18.82
160775 -65.9865 20.93 18.82
169249 -65.4871 20.93 18.82
183110 -59.0182 20.93 18.82
180722 -58.0429 20.93 18.82
180762 -60.2862 20.93 18.82
179437 -76.1286 20.93 18.82
180366 -64.4216 20.93 18.82
181632 -68.6822 20.93 18.82
178676 -63.2069 20.93 18.82
179045 -62.56 20.93 18.82
182384 -59.6574 20.93 18.82
180131 -59.5032 20.93 18.82
182947 -56.8987 20.93 18.82
179083 -54.0864 20.93 18.82
181339 -62.4516 20.93 18.82
177756 -60.0241 20.93 18.82
177078 -74.2148 20.93 18.82
194539 -60.8895 20.93 18.82
180150 -56.5081 20.93 18.82
188302 -79.8362 20.93 18.82
185515 -60.6026 20.93 18.82
184045 -59.0541 20.93 18.82
183941 -64.5089 20.93 18.82
153794 -56.5241 -19.27 5.48
137975 -54.8308 -19.27 5.48
142533 -58.9047 -19.27 5.48
140619 -56.9099 -19.27 5.48
149139 -52.4803 -19.27 5.48
147272 -57.1083 -19.27 5.48
148041 -57.6713 -19.27 5.48
146630 -64.7219 -19.27 5.48
145606 -60.318 -19.27 5.48
144661 -57.6865 -19.27 5.48
152813 -56.9557 -19.27 5.48
143353 -60.2432 -19.27 5.48
148000 -65.7581 -19.27 5.48
146308 -59.869 -19.27 5.48
148902 -59.1131 -19.27 5.48
147795 -56.2446 -19.27 5.48
145687 -57.5022 -19.27 5.48
153832 -58.6591 -19.27 5.48
151077 -54.8437 -19.27 5.48
146614 -57.6603 -19.27 5.48
148627 -54.1625 -19.27 5.48
152421 -63.0726 -19.27 5.48
148925 -59.4603 -19.27 5.48
148849 -57.519 -19.27 5.48
154332 -58.3146 -19.27 5.48
149026 -59.7927 -19.27 5.48
148080 -53.8744 -19.27 5.48
147114 -60.7071 -19.27 5.48
148986 -54.7521 -19.27 5.48
146319 -57.5936 -19.27 5.48
151360 -57.1647 -19.27 5.48
153077 -58.5349 -19.27 5.48
150096 -55.9091 -19.27 5.48
145042 -62.9191 -19.27 5.48
148426 -57.3904 -19.27 5.48
144669 -61.1286 -19.27 5.48
146344 -60.334 -19.27 5.48
153924 -57.9036 -19.27 5.48
148042 -56.648 -19.27 5.48
244460 -65.3976 -26.74 -23.34
240245 -58.7822 -26.74 -23.34
239128 -58.6869 -26.74 -23.34
220777 -77.6199 -26.74 -23.34
234970 -61.7582 -26.74 -23.34
235289 -59.8382 -26.74 -23.34
244414 -58.0644 -26.74 -23.34
234351 -64.9291 -26.74 -23.34
245903 -64.0804 -26.74 -23.34
240236 -61.1107 -26.74 -23.34
245416 -63.6781 -26.74 -23.34
234001 -70.8792 -26.74 -23.34
242535 -61.2331 -26.74 -23.34
246746 -78.0634 -26.74 -23.34
240068 -66.9528 -26.74 -23.34
244407 -67.553 -26.74 -23.34
237546 -61.2642 -26.74 -23.34
233531 -68.5001 -26.74 -23.34
242874 -65.5801 -26.74 -23.34
241225 -63.7325 -26.74 -23.34
241476 -61.1766 -26.74 -23.34
240189 -70.1325 -26.74 -23.34
235411 -61.27 -26.74 -23.34
238555 -62.1209 -26.74 -23.34
241826 -60.9217 -26.74 -23.34
239107 -64.8216 -26.74 -23.34
235165 -58.8887 -26.74 -23.34
239664 -61.002 -26.74 -23.34
247246 -67.1817 -26.74 -23.34
210618 -74.1633 -26.74 -23.34
241539 -66.0099 -26.74 -23.34
225170 -68.3566 -26.74 -23.34
235984 -58.8322 -26.74 -23.34
235674 -65.3338 -26.74 -23.34
242543 -61.9228 -26.74 -23.34
236179 -65.8003 -26.74 -23.34
232077 -69.4726 -26.74 -23.34
240026 -58.7167 -26.74 -23.34
232403 -61.0348 -26.74 -23.34
136321 -57.655 -8.31 19.12
137828 -57.3915 -8.31 19.12
131535 -61.2769 -8.31 19.12
134752 -58.8026 -8.31 19.12
138190 -56.428 -8.31 19.12
140590 -66.657 -8.31 19.12
133654 -64.1012 -8.31 19.12
128411 -61.1848 -8.31 19.12
142133 -55.106 -8.31 19.12
141347 -61.7972 -8.31 19.12
135337 -63.0251 -8.31 19.12
132968 -56.0783 -8.31 19.12
140429 -60.3262 -8.31 19.12
135352 -56.8044 -8.31 19.12
141298 -65.0128 -8.31 19.12
136394 -59.3782 -8.31 19.12
133127 -53.8286 -8.31 19.12
140938 -56.4388 -8.31 19.12
139433 -62.9121 -8.31 19.12
140595 -56.9841 -8.31 19.12
141426 -60.0721 -8.31 19.12
137720 -60.4515 -8.31 19.12
136972 -59.5314 -8.31 19.12
140924 -59.5483 -8.31 19.12
140769 -63.2574 -8.31 19.12
142519 -58.8547 -8.31 19.12
134332 -58.5908 -8.31 19.12
139009 -65.2336 -8.31 19.12
140102 -69.6431 -8.31 19.12
138482 -59.9867 -8.31 19.12
137875 -63.8198 -8.31 19.12
135120 -62.8452 -8.31 19.12
129111 -62.9114 -8.31 19.12
138344 -59.6301 -8.31 19.12
131539 -58.8076 -8.31 19.12
137053 -59.5491 -8.31 19.12
139770 -58.7845 -8.31 19.12
140390 -65.2801 -8.31 19.12
116861 -74.2651 -8.31 19.12
140444 -74.6419 -13.48 25.6
194631 -59.6912 -13.48 25.6
187382 -60.6177 -13.48 25.6
190532 -59.771 -13.48 25.6
195955 -63.7885 -13.48 25.6
193280 -52.8618 -13.48 25.6
189280 -64.9743 -13.48 25.6
190564 -62.621 -13.48 25.6
200475 -62.9079 -13.48 25.6
190361 -59.1543 -13.48 25.6
195952 -62.0156 -13.48 25.6
179750 -58.4272 -13.48 25.6
184801 -59.7189 -13.48 25.6
192652 -60.483 -13.48 25.6
194663 -66.7927 -13.48 25.6
188310 -60.426 -13.48 25.6
193667 -58.7172 -13.48 25.6
180129 -63.0593 -13.48 25.6
184961 -56.1064 -13.48 25.6
188416 -58.6759 -13.48 25.6
187943 -62.4868 -13.48 25.6
197438 -62.076 -13.48 25.6
193237 -58.8047 -13.48 25.6
200921 -66.4017 -13.48 25.6
187320 -58.7361 -13.48 25.6
193427 -58.7249 -13.48 25.6
193789 -61.5292 -13.48 25.6
181078 -66.8734 -13.48 25.6
190990 -60.7781 -13.48 25.6
186701 -58.6723 -13.48 25.6
191531 -57.8115 -13.48 25.6
191862 -60.2482 -13.48 25.6
199404 -63.5164 -13.48 25.6
189980 -56.8048 -13.48 25.6
187977 -62.2475 -13.48 25.6
199710 -56.3023 -13.48 25.6
195622 -60.2586 -13.48 25.6
195082 -59.478 -13.48 25.6
184837 -57.6691 -13.48 25.6
190916 -59.9294 1.8 -28.51
180356 -61.7907 1.8 -28.51
195215 -66.8563 1.8 -28.51
187723 -65.3482 1.8 -28.51
184253 -67.8914 1.8 -28.51
190973 -63.9502 1.8 -28.51
190291 -59.3204 1.8 -28.51
189780 -63.5917 1.8 -28.51
187394 -60.353 1.8 -28.51
181363 -58.3273 1.8 -28.51
175213 -66.7994 1.8 -28.51
184871 -64.3251 1.8 -28.51
183014 -63.3351 1.8 -28.51
193332 -62.1618 1.8 -28.51
195047 -63.3132 1.8 -28.51
180107 -59.0237 1.8 -28.51
193209 -65.4418 1.8 -28.51
190082 -59.4545 1.8 -28.51
184469 -68.5458 1.8 -28.51
185742 -61.9243 1.8 -28.51
185733 -59.9138 1.8 -28.51
197971 -67.0224 1.8 -28.51
191778 -57.1724 1.8 -28.51
182543 -59.7547 1.8 -28.51
187854 -62.6542 1.8 -28.51
184423 -55.4962 1.8 -28.51
186794 -59.6772 1.8 -28.51
183173 -59.4198 1.8 -28.51
184712 -67.8573 1.8 -28.51
189007 -54.9498 1.8 -28.51
178944 -57.1641 1.8 -28.51
184499 -67.27 1.8 -28.51
185303 -63.9321 1.8 -28.51
187394 -56.431 1.8 -28.51
181405 -60.8903 1.8 -28.51
183513 -66.7116 1.8 -28.51
188559 -62.0628 1.8 -28.51
148280 -67.7956 1.8 -28.51
195077 -59.9448 1.8 -28.51
154578 -56.4147 -11.65 19.34
132450 -67.6493 -11.65 19.34
142423 -65.5327 -11.65 19.34
146236 -51.6853 -11.65 19.34
134988 -66.7377 -11.65 19.34
147691 -57.7692 -11.65 19.34
142477 -56.9527 -11.65 19.34
152475 -60.3471 -11.65 19.34
144096 -60.1074 -11.65 19.34
149305 -63.7162 -11.65 19.34
149985 -60.5665 -11.65 19.34
146721 -68.1503 -11.65 19.34
146401 -62.1491 -11.65 19.34
147280 -58.6071 -11.65 19.34
155063 -54.9508 -11.65 19.34
148811 -62.2385 -11.65 19.34
143485 -52.1075 -11.65 19.34
142777 -65.927 -11.65 19.34
139322 -60.2541 -11.65 19.34
145581 -62.046 -11.65 19.34
155089 -64.5963 -11.65 19.34
153333 -59.3883 -11.65 19.34
148466 -61.3858 -11.65 19.34
153440 -55.7677 -11.65 19.34
144914 -58.9412 -11.65 19.34
135254 -57.649 -11.65 19.34
145620 -56.8082 -11.65 19.34
149768 -55.3436 -11.65 19.34
150950 -60.3815 -11.65 19.34
136461 -60.7874 -11.65 19.34
149463 -67.1734 -11.65 19.34
149089 -63.6121 -11.65 19.34
150351 -66.4851 -11.65 19.34
151535 -60.4356 -11.65 19.34
146377 -59.0076 -11.65 19.34
147090 -58.4477 -11.65 19.34
146529 -53.2363 -11.65 19.34
145616 -63.3679 -11.65 19.34
149186 -59.0667 -11.65 19.34
119719 -56.093 -11.73 13.2
120291 -53.5796 -11.73 13.2
117193 -62.5172 -11.73 13.2
116870 -61.0827 -11.73 13.2
122823 -62.9731 -11.73 13.2
126932 -57.9568 -11.73 13.2
122395 -64.3246 -11.73 13.2
124533 -59.1715 -11.73 13.2
121848 -52.1548 -11.73 13.2
128115 -62.4753 -11.73 13.2
120331 -59.393 -11.73 13.2
125537 -57.8335 -11.73 13.2
127245 -54.1733 -11.73 13.2
120504 -54.8052 -11.73 13.2
123713 -56.8013 -11.73 13.2
116049 -56.3837 -11.73 13.2
115404 -55.1938 -11.73 13.2
126645 -57.0035 -11.73 13.2
131345 -56.4021 -11.73 13.2
119698 -56.6522 -11.73 13.2
126401 -57.3461 -11.73 13.2
122391 -54.0392 -11.73 13.2
109520 -62.4751 -11.73 13.2
120779 -54.0165 -11.73 13.2
120906 -56.4626 -11.73 13.2
123881 -53.0342 -11.73 13.2
116098 -53.2873 -11.73 13.2
128585 -63.4773 -11.73 13.2
119937 -63.8513 -11.73 13.2
118680 -56.8 -11.73 13.2
125410 -57.4957 -11.73 13.2
119426 -54.4275 -11.73 13.2
130231 -56.8315 -11.73 13.2
129171 -60.676 -11.73 13.2
117461 -57.3978 -11.73 13.2
114366 -52.0058 -11.73 13.2
123318 -54.3146 -11.73 13.2
120710 -56.2734 -11.73 13.2
120677 -51.7611 -11.73 13.2
197704 -61.181 -23.3 -17.28
197686 -58.9088 -23.3 -17.28
192428 -64.13 -23.3 -17.28
196788 -58.9136 -23.3 -17.28
197582 -61.8805 -23.3 -17.28
191692 -61.3263 -23.3 -17.28
196041 -64.0381 -23.3 -17.28
202264 -58.6613 -23.3 -17.28
194573 -63.5383 -23.3 -17.28
194528 -57.6042 -23.3 -17.28
187807 -76.6509 -23.3 -17.28
201213 -59.1661 -23.3 -17.28
188118 -66.931 -23.3 -17.28
183170 -59.4249 -23.3 -17.28
190864 -62.9877 -23.3 -17.28
202614 -64.4911 -23.3 -17.28
192704 -59.443 -23.3 -17.28
199085 -55.9387 -23.3 -17.28
190471 -65.4542 -23.3 -17.28
198049 -58.8138 -23.3 -17.28
194746 -66.2178 -23.3 -17.28
200064 -58.2996 -23.3 -17.28
195759 -57.7408 -23.3 -17.28
196792 -56.2376 -23.3 -17.28
198613 -65.9367 -23.3 -17.28
197152 -60.7589 -23.3 -17.28
204009 -59.9191 -23.3 -17.28
202511 -60.1779 -23.3 -17.28
196498 -58.5669 -23.3 -17.28
195939 -64.0089 -23.3 -17.28
189375 -65.1177 -23.3 -17.28
189728 -60.2638 -23.3 -17.28
196509 -62.7038 -23.3 -17.28
199673 -58.57 -23.3 -17.28
198145 -59.6397 -23.3 -17.28
199808 -58.6826 -23.3 -17.28
193932 -57.1325 -23.3 -17.28
188402 -57.2796 -23.3 -17.28
199024 -61.0855 -23.3 -17.28
183503 -63.1032 -15.01 22.35
179457 -59.6546 -15.01 22.35
187022 -59.8072 -15.01 22.35
181579 -58.3382 -15.01 22.35
186042 -61.9688 -15.01 22.35
180363 -54.0066 -15.01 22.35
183119 -57.4921 -15.01 22.35
185563 -53.6917 -15.01 22.35
187831 -57.5692 -15.01 22.35
187482 -58.4517 -15.01 22.35
182949 -58.4527 -15.01 22.35
177503 -69.5193 -15.01 22.35
188550 -60.4018 -15.01 22.35
182840 -59.2847 -15.01 22.35
189076 -60.2011 -15.01 22.35
181062 -56.6269 -15.01 22.35
185797 -60.1971 -15.01 22.35
183687 -61.1498 -15.01 22.35
181509 -63.1924 -15.01 22.35
181027 -54.9919 -15.01 22.35
177590 -64.6887 -15.01 22.35
184913 -62.147 -15.01 22.35
192244 -65.5888 -15.01 22.35
188996 -57.6561 -15.01 22.35
190737 -63.6313 -15.01 22.35
187851 -59.3296 -15.01 22.35
186889 -60.273 -15.01 22.35
182495 -60.3409 -15.01 22.35
174010 -62.7792 -15.01 22.35
186938 -64.0193 -15.01 22.35
145548 -70.9594 -15.01 22.35
178047 -58.5447 -15.01 22.35
188750 -59.9509 -15.01 22.35
188002 -68.0272 -15.01 22.35
187219 -56.5061 -15.01 22.35
191355 -56.8926 -15.01 22.35
189062 -65.8016 -15.01 22.35
179203 -66.4889 -15.01 22.35
185301 -60.5883 -15.01 22.35
