#rtt sig_str x y
123683 -58.7978 -16.61 -10.4
134055 -59.8485 -16.61 -10.4
126320 -54.3809 -16.61 -10.4
128419 -53.896 -16.61 -10.4
128035 -58.0559 -16.61 -10.4
125997 -55.0615 -16.61 -10.4
133970 -58.7515 -16.61 -10.4
127778 -58.1004 -16.61 -10.4
125153 -60.2141 -16.61 -10.4
131889 -60.1641 -16.61 -10.4
126413 -58.2786 -16.61 -10.4
125059 -56.4365 -16.61 -10.4
128705 -57.6046 -16.61 -10.4
128493 -60.4865 -16.61 -10.4
128256 -65.5662 -16.61 -10.4
123502 -58.7388 -16.61 -10.4
127058 -62.9989 -16.61 -10.4
120805 -62.4996 -16.61 -10.4
128014 -56.0307 -16.61 -10.4
129443 -55.0554 -16.61 -10.4
133613 -57.2986 -16.61 -10.4
134252 -73.141 -16.61 -10.4
127620 -61.4341 -16.61 -10.4
120976 -65.6947 -16.61 -10.4
128130 -60.2194 -16.61 -10.4
128007 -59.5725 -16.61 -10.4
117720 -56.6698 -16.61 -10.4
123782 -56.5157 -16.61 -10.4
125057 -53.9111 -16.61 -10.4
137545 -51.0989 -16.61 -10.4
118795 -59.4641 -16.61 -10.4
128267 -57.0365 -16.61 -10.4
125542 -71.2273 -16.61 -10.4
129974 -57.902 -16.61 -10.4
128446 -53.5206 -16.61 -10.4
33380 -76.8487 -16.61 -10.4
128100 -57.6151 -16.61 -10.4
131925 -56.0666 -16.61 -10.4
132081 -61.5214 -16.61 -10.4
184619 -58.893 1.39 -26.66
180135 -57.1998 1.39 -26.66
187968 -61.2736 1.39 -26.66
173083 -59.2789 1.39 -26.66
184811 -54.8492 1.39 -26.66
182373 -59.4773 1.39 -26.66
182655 -60.0403 1.39 -26.66
188888 -67.0908 1.39 -26.66
177681 -62.6869 1.39 -26.66
179688 -60.0554 1.39 -26.66
174452 -59.3246 1.39 -26.66
181728 -62.6122 1.39 -26.66
183242 -68.127 1.39 -26.66
185408 -62.238 1.39 -26.66
182296 -61.4821 1.39 -26.66
180378 -58.6135 1.39 -26.66
178510 -59.8711 1.39 -26.66
176690 -61.028 1.39 -26.66
184317 -57.2126 1.39 -26.66
181392 -60.0292 1.39 -26.66
183643 -56.5314 1.39 -26.66
181494 -65.4416 1.39 -26.66
188991 -61.8292 1.39 -26.66
182170 -59.8879 1.39 -26.66
181742 -60.6835 1.39 -26.66
183303 -62.1616 1.39 -26.66
186509 -56.2433 1.39 -26.66
179797 -63.076 1.39 -26.66
184079 -57.121 1.39 -26.66
184280 -59.9625 1.39 -26.66
183895 -59.5337 1.39 -26.66
178769 -60.9039 1.39 -26.66
175539 -58.2781 1.39 -26.66
183826 -65.288 1.39 -26.66
182290 -59.7593 1.39 -26.66
182824 -63.4976 1.39 -26.66
176362 -62.7029 1.39 -26.66
180092 -60.2725 1.39 -26.66
184937 -59.0169 1.39 -26.66
76651 -56.3633 3.04 -11.48
82056 -49.7479 3.04 -11.48
89322 -49.6527 3.04 -11.48
69822 -68.5856 3.04 -11.48
76245 -74.0198 3.04 -11.48
80536 -52.5914 3.04 -11.48
88890 -58.6687 3.04 -11.48
85514 -54.3067 3.04 -11.48
90887 -60.0846 3.04 -11.48
86060 -52.2197 3.04 -11.48
86228 -55.7574 3.04 -11.48
84456 -52.403 3.04 -11.48
78596 -51.8805 3.04 -11.48
87207 -54.5891 3.04 -11.48
79865 -59.5226 3.04 -11.48
90182 -59.9464 3.04 -11.48
87567 -58.1285 3.04 -11.48
79605 -52.0205 3.04 -11.48
86214 -58.4687 3.04 -11.48
87486 -47.0097 3.04 -11.48
86238 -55.0046 3.04 -11.48
88085 -57.0515 3.04 -11.48
76168 -50.3062 3.04 -11.48
85231 -56.5595 3.04 -11.48
75396 -54.5726 3.04 -11.48
78974 -63.6689 3.04 -11.48
77229 -48.9021 3.04 -11.48
84576 -50.8744 3.04 -11.48
83655 -57.832 3.04 -11.48
76274 -55.9504 3.04 -11.48
88576 -48.2284 3.04 -11.48
81751 -62.0012 3.04 -11.48
78986 -58.7834 3.04 -11.48
89705 -57.8796 3.04 -11.48
83145 -52.9505 3.04 -11.48
84318 -55.696 3.04 -11.48
82229 -53.2476 3.04 -11.48
83712 -53.1958 3.04 -11.48
79654 -61.0979 3.04 -11.48
231441 -62.0586 -27.27 -21.65
228282 -65.892 -27.27 -21.65
231247 -64.7078 -27.27 -21.65
241980 -64.6067 -27.27 -21.65
231685 -59.6231 -27.27 -21.65
230294 -65.6034 -27.27 -21.65
228755 -63.1706 -27.27 -21.65
232927 -65.9744 -27.27 -21.65
228361 -62.7496 -27.27 -21.65
235120 -63.5234 -27.27 -21.65
228910 -60.3906 -27.27 -21.65
236196 -62.4742 -27.27 -21.65
231437 -64.1627 -27.27 -21.65
230349 -67.2754 -27.27 -21.65
227659 -60.9483 -27.27 -21.65
213058 -67.5234 -27.27 -21.65
216183 -70.264 -27.27 -21.65
235694 -63.5302 -27.27 -21.65
236898 -64.562 -27.27 -21.65
172409 -75.5446 -27.27 -21.65
238231 -77.0015 -27.27 -21.65
232462 -64.1348 -27.27 -21.65
231974 -64.9455 -27.27 -21.65
243060 -67.1253 -27.27 -21.65
229522 -60.0278 -27.27 -21.65
231494 -63.1243 -27.27 -21.65
233594 -64.6775 -27.27 -21.65
225960 -67.594 -27.27 -21.65
227032 -62.1626 -27.27 -21.65
228102 -61.6579 -27.27 -21.65
232811 -62.6023 -27.27 -21.65
236515 -64.8316 -27.27 -21.65
239839 -63.9766 -27.27 -21.65
236675 -62.2567 -27.27 -21.65
233043 -65.5266 -27.27 -21.65
234797 -68.2115 -27.27 -21.65
231699 -67.7941 -27.27 -21.65
219583 -59.2166 -27.27 -21.65
236036 -63.8227 -27.27 -21.65
112125 -54.7068 -8.36 12.27
108947 -52.6295 -8.36 12.27
111819 -54.4574 -8.36 12.27
111847 -53.8173 -8.36 12.27
110375 -52.4495 -8.36 12.27
108031 -49.9716 -8.36 12.27
103139 -61.0827 -8.36 12.27
106779 -63.8344 -8.36 12.27
99025 -56.2906 -8.36 12.27
110669 -55.5402 -8.36 12.27
107048 -55.7224 -8.36 12.27
114592 -50.1512 -8.36 12.27
109868 -55.6918 -8.36 12.27
110501 -52.5826 -8.36 12.27
103174 -50.9695 -8.36 12.27
107572 -56.6523 -8.36 12.27
107276 -52.7736 -8.36 12.27
107112 -56.3587 -8.36 12.27
109271 -53.8313 -8.36 12.27
99171 -64.3054 -8.36 12.27
107007 -50.2542 -8.36 12.27
104449 -53.3573 -8.36 12.27
103330 -51.7062 -8.36 12.27
107086 -52.29 -8.36 12.27
110907 -56.5677 -8.36 12.27
103437 -66.5598 -8.36 12.27
102895 -64.5496 -8.36 12.27
111104 -55.5916 -8.36 12.27
106276 -56.4737 -8.36 12.27
109343 -52.7981 -8.36 12.27
107093 -57.0269 -8.36 12.27
113296 -57.6335 -8.36 12.27
109058 -53.9486 -8.36 12.27
107050 -55.748 -8.36 12.27
105333 -55.0468 -8.36 12.27
102683 -55.3741 -8.36 12.27
111935 -51.418 -8.36 12.27
105688 -50.5708 -8.36 12.27
113157 -64.3748 -8.36 12.27
167415 -55.8724 -16.62 -20.77
165190 -56.8114 -16.62 -20.77
173206 -65.7922 -16.62 -20.77
170640 -61.7376 -16.62 -20.77
169673 -61.6895 -16.62 -20.77
171558 -57.5545 -16.62 -20.77
170706 -59.5712 -16.62 -20.77
174504 -58.8804 -16.62 -20.77
167687 -59.213 -16.62 -20.77
166084 -60.1904 -16.62 -20.77
177446 -63.7285 -16.62 -20.77
163361 -63.2244 -16.62 -20.77
169778 -56.0924 -16.62 -20.77
170395 -61.9167 -16.62 -20.77
173875 -58.7318 -16.62 -20.77
167745 -64.5767 -16.62 -20.77
165456 -59.4711 -16.62 -20.77
168222 -57.8036 -16.62 -20.77
164633 -64.7936 -16.62 -20.77
169252 -61.1355 -16.62 -20.77
168654 -58.9694 -16.62 -20.77
170200 -59.6676 -16.62 -20.77
167545 -61.081 -16.62 -20.77
173847 -60.7517 -16.62 -20.77
157227 -66.5868 -16.62 -20.77
172043 -56.3527 -16.62 -20.77
174932 -64.4606 -16.62 -20.77
165667 -62.0298 -16.62 -20.77
161993 -64.0105 -16.62 -20.77
159514 -63.6906 -16.62 -20.77
173617 -55.7969 -16.62 -20.77
165421 -60.2878 -16.62 -20.77
169946 -53.317 -16.62 -20.77
177568 -58.0835 -16.62 -20.77
166360 -57.1087 -16.62 -20.77
165436 -69.4434 -16.62 -20.77
168471 -63.3385 -16.62 -20.77
173088 -65.5275 -16.62 -20.77
167607 -59.1112 -16.62 -20.77
97262 -56.7301 11.33 9.23
99807 -53.3481 11.33 9.23
95696 -58.374 11.33 9.23
100259 -46.9651 11.33 9.23
96407 -59.2698 11.33 9.23
101972 -60.802 11.33 9.23
95292 -58.3941 11.33 9.23
95348 -55.0319 11.33 9.23
95076 -57.0677 11.33 9.23
92387 -58.1926 11.33 9.23
93982 -57.1943 11.33 9.23
99053 -55.0491 11.33 9.23
102924 -67.2816 11.33 9.23
97110 -60.7517 11.33 9.23
98865 -53.5187 11.33 9.23
67339 -70.8963 11.33 9.23
93298 -64.7639 11.33 9.23
88209 -54.7471 11.33 9.23
91591 -59.7761 11.33 9.23
95671 -57.7274 11.33 9.23
86506 -55.57 11.33 9.23
94987 -56.3281 11.33 9.23
93227 -54.6924 11.33 9.23
87211 -55.5597 11.33 9.23
96625 -57.0286 11.33 9.23
94848 -59.8942 11.33 9.23
98326 -60.3666 11.33 9.23
89965 -56.5848 11.33 9.23
96811 -54.238 11.33 9.23
92225 -63.883 11.33 9.23
96671 -58.506 11.33 9.23
97532 -57.298 11.33 9.23
92474 -56.6356 11.33 9.23
90098 -52.7983 11.33 9.23
90243 -52.6412 11.33 9.23
91831 -54.9765 11.33 9.23
93908 -57.8092 11.33 9.23
90848 -56.5936 11.33 9.23
91970 -49.0353 11.33 9.23
207526 -59.7418 -20.18 21.95
202588 -60.5082 -20.18 21.95
205523 -64.6717 -20.18 21.95
204768 -57.0245 -20.18 21.95
196640 -63.1454 -20.18 21.95
192246 -60.6768 -20.18 21.95
198671 -63.6875 -20.18 21.95
201604 -62.0894 -20.18 21.95
203930 -62.4969 -20.18 21.95
205249 -59.5639 -20.18 21.95
207057 -59.3932 -20.18 21.95
201929 -58.7181 -20.18 21.95
204464 -57.6537 -20.18 21.95
197783 -57.7573 -20.18 21.95
201510 -60.7032 -20.18 21.95
196232 -66.0871 -20.18 21.95
208130 -56.1951 -20.18 21.95
201789 -60.2999 -20.18 21.95
205131 -64.7943 -20.18 21.95
196540 -60.5942 -20.18 21.95
210611 -70.0989 -20.18 21.95
197236 -61.8155 -20.18 21.95
207867 -62.4366 -20.18 21.95
208144 -65.4747 -20.18 21.95
204818 -66.2699 -20.18 21.95
205343 -60.5184 -20.18 21.95
201853 -75.6926 -20.18 21.95
204026 -60.3007 -20.18 21.95
201435 -59.1309 -20.18 21.95
199048 -68.7052 -20.18 21.95
204863 -63.2155 -20.18 21.95
197641 -65.2372 -20.18 21.95
200666 -63.3259 -20.18 21.95
180524 -68.1854 -20.18 21.95
202592 -64.7076 -20.18 21.95
203288 -67.2741 -20.18 21.95
209728 -58.6134 -20.18 21.95
206826 -65.0304 -20.18 21.95
211029 -60.8474 -20.18 21.95
231972 -67.37 -25.78 20.68
223557 -59.8217 -25.78 20.68
228463 -58.6141 -25.78 20.68
216729 -66.3325 -25.78 20.68
210798 -66.1971 -25.78 20.68
213114 -61.3168 -25.78 20.68
223497 -62.4751 -25.78 20.68
220165 -60.1586 -25.78 20.68
216678 -76.117 -25.78 20.68
213972 -60.4632 -25.78 20.68
211185 -64.7144 -25.78 20.68
223258 -59.4252 -25.78 20.68
218683 -66.6552 -25.78 20.68
212865 -67.4728 -25.78 20.68
220236 -59.4045 -25.78 20.68
221283 -63.4633 -25.78 20.68
224306 -66.1468 -25.78 20.68
223073 -61.5525 -25.78 20.68
215300 -68.0474 -25.78 20.68
222927 -61.3079 -25.78 20.68
220286 -72.6803 -25.78 20.68
225839 -67.3078 -25.78 20.68
222651 -65.7595 -25.78 20.68
215756 -68.7568 -25.78 20.68
226175 -68.3693 -25.78 20.68
224681 -65.3641 -25.78 20.68
220771 -63.295 -25.78 20.68
229057 -63.8179 -25.78 20.68
221656 -57.6202 -25.78 20.68
228229 -59.0837 -25.78 20.68
226734 -65.4401 -25.78 20.68
217146 -66.4474 -25.78 20.68
222221 -69.2011 -25.78 20.68
189928 -79.4119 -25.78 20.68
222137 -58.5935 -25.78 20.68
217644 -60.3296 -25.78 20.68
211644 -66.5021 -25.78 20.68
219598 -64.4094 -25.78 20.68
223421 -59.0986 -25.78 20.68
182860 -65.9491 26.47 11.13
184044 -58.1278 26.47 11.13
185770 -65.0235 26.47 11.13
185874 -64.9357 26.47 11.13
185295 -58.8031 26.47 11.13
186955 -61.1817 26.47 11.13
110870 -81.8902 26.47 11.13
177806 -66.0872 26.47 11.13
183488 -61.2715 26.47 11.13
185906 -66.7438 26.47 11.13
175219 -58.8368 26.47 11.13
184980 -61.0065 26.47 11.13
186317 -60.8874 26.47 11.13
178676 -55.9108 26.47 11.13
188833 -60.2287 26.47 11.13
182521 -62.7656 26.47 11.13
178467 -61.6931 26.47 11.13
178950 -63.0359 26.47 11.13
188848 -70.2488 26.47 11.13
185946 -61.4275 26.47 11.13
190175 -60.3132 26.47 11.13
175226 -69.7724 26.47 11.13
190728 -59.5946 26.47 11.13
183673 -56.5341 26.47 11.13
184813 -64.5519 26.47 11.13
185266 -62.6203 26.47 11.13
184678 -55.6276 26.47 11.13
190536 -57.0436 26.47 11.13
186912 -56.1432 26.47 11.13
185668 -58.3228 26.47 11.13
189543 -62.2127 26.47 11.13
191413 -64.0002 26.47 11.13
185897 -56.3524 26.47 11.13
190619 -63.5165 26.47 11.13
189750 -63.2701 26.47 11.13
183398 -58.9093 26.47 11.13
182990 -62.0721 26.47 11.13
185811 -58.7936 26.47 11.13
188160 -65.1869 26.47 11.13
