#rtt sig_str x y
146047 -60.021 -12.32 -19.1
146735 -61.0717 -12.32 -19.1
146142 -55.6041 -12.32 -19.1
145571 -55.1192 -12.32 -19.1
142955 -59.2791 -12.32 -19.1
145007 -56.2847 -12.32 -19.1
150680 -59.9747 -12.32 -19.1
145127 -59.3236 -12.32 -19.1
142222 -61.4373 -12.32 -19.1
150536 -61.3873 -12.32 -19.1
145779 -59.5018 -12.32 -19.1
145443 -57.6597 -12.32 -19.1
152352 -58.8278 -12.32 -19.1
158786 -61.7097 -12.32 -19.1
143801 -66.7894 -12.32 -19.1
147351 -59.962 -12.32 -19.1
137319 -64.2221 -12.32 -19.1
145525 -63.7228 -12.32 -19.1
146680 -57.2539 -12.32 -19.1
145545 -56.2786 -12.32 -19.1
146135 -58.5218 -12.32 -19.1
143652 -74.3642 -12.32 -19.1
146301 -62.6573 -12.32 -19.1
146634 -66.9179 -12.32 -19.1
139611 -61.4426 -12.32 -19.1
139589 -60.7957 -12.32 -19.1
145712 -57.893 -12.32 -19.1
141824 -57.7389 -12.32 -19.1
148021 -55.1343 -12.32 -19.1
147028 -52.3221 -12.32 -19.1
149356 -60.6873 -12.32 -19.1
150782 -58.2597 -12.32 -19.1
135570 -72.4505 -12.32 -19.1
149516 -59.1252 -12.32 -19.1
145073 -54.7438 -12.32 -19.1
167882 -78.0719 -12.32 -19.1
148984 -58.8383 -12.32 -19.1
151137 -57.2898 -12.32 -19.1
145146 -62.7446 -12.32 -19.1
140743 -56.8105 1.84 20.66
141103 -55.1173 1.84 20.66
142394 -59.1911 1.84 20.66
141770 -57.1964 1.84 20.66
144131 -52.7667 1.84 20.66
145540 -57.3948 1.84 20.66
145604 -57.9578 1.84 20.66
151356 -65.0084 1.84 20.66
143722 -60.6045 1.84 20.66
145796 -57.9729 1.84 20.66
139182 -57.2422 1.84 20.66
154904 -60.5297 1.84 20.66
153285 -66.0446 1.84 20.66
139319 -60.1555 1.84 20.66
140961 -59.3996 1.84 20.66
138608 -56.531 1.84 20.66
134232 -57.7886 1.84 20.66
146583 -58.9456 1.84 20.66
143313 -55.1301 1.84 20.66
148292 -57.9467 1.84 20.66
151253 -54.4489 1.84 20.66
142457 -63.3591 1.84 20.66
137644 -59.7468 1.84 20.66
139485 -57.8054 1.84 20.66
149065 -58.6011 1.84 20.66
143517 -60.0791 1.84 20.66
150192 -54.1608 1.84 20.66
148324 -60.9935 1.84 20.66
146900 -55.0385 1.84 20.66
142483 -57.8801 1.84 20.66
151180 -57.4512 1.84 20.66
144086 -58.8214 1.84 20.66
145580 -56.1956 1.84 20.66
132970 -63.2056 1.84 20.66
148282 -57.6768 1.84 20.66
152055 -61.4151 1.84 20.66
143666 -60.6205 1.84 20.66
143607 -58.19 1.84 20.66
153234 -56.9344 1.84 20.66
199747 -63.9518 -18.51 23.34
200321 -57.3364 -18.51 23.34
203168 -57.2412 -18.51 23.34
213662 -76.1741 -18.51 23.34
149121 -81.6083 -18.51 23.34
191623 -60.1799 -18.51 23.34
195968 -66.2572 -18.51 23.34
197846 -61.8952 -18.51 23.34
206367 -67.6732 -18.51 23.34
191890 -59.8082 -18.51 23.34
198870 -63.3459 -18.51 23.34
193802 -59.9915 -18.51 23.34
194422 -59.469 -18.51 23.34
192893 -62.1776 -18.51 23.34
196383 -67.1111 -18.51 23.34
185559 -67.5349 -18.51 23.34
200535 -65.717 -18.51 23.34
193447 -59.609 -18.51 23.34
194306 -66.0572 -18.51 23.34
197010 -54.5982 -18.51 23.34
192927 -62.5931 -18.51 23.34
196294 -64.64 -18.51 23.34
199015 -57.8947 -18.51 23.34
198707 -64.148 -18.51 23.34
197133 -62.1611 -18.51 23.34
193487 -71.2574 -18.51 23.34
196246 -56.4906 -18.51 23.34
199836 -58.4629 -18.51 23.34
201237 -65.4205 -18.51 23.34
195566 -63.5389 -18.51 23.34
196482 -55.8169 -18.51 23.34
199691 -69.5897 -18.51 23.34
201788 -66.3719 -18.51 23.34
192363 -65.4681 -18.51 23.34
199111 -60.539 -18.51 23.34
195931 -63.2845 -18.51 23.34
197579 -60.8361 -18.51 23.34
188205 -60.7843 -18.51 23.34
187769 -68.6864 -18.51 23.34
207788 -61.3104 -25.93 18.41
200185 -65.1438 -25.93 18.41
199853 -63.9596 -25.93 18.41
211055 -63.8585 -25.93 18.41
204893 -58.8749 -25.93 18.41
211927 -64.8552 -25.93 18.41
203508 -62.4224 -25.93 18.41
204268 -65.2262 -25.93 18.41
211153 -62.0014 -25.93 18.41
207891 -62.7752 -25.93 18.41
204640 -59.6424 -25.93 18.41
204930 -61.726 -25.93 18.41
197983 -63.4145 -25.93 18.41
199342 -66.5271 -25.93 18.41
209117 -60.2 -25.93 18.41
209436 -66.7752 -25.93 18.41
193335 -69.5157 -25.93 18.41
200250 -62.782 -25.93 18.41
201415 -63.8138 -25.93 18.41
190772 -74.7964 -25.93 18.41
201062 -76.2533 -25.93 18.41
207534 -63.3866 -25.93 18.41
201095 -64.1973 -25.93 18.41
208954 -66.3771 -25.93 18.41
200160 -59.2796 -25.93 18.41
206822 -62.3761 -25.93 18.41
201488 -63.9293 -25.93 18.41
202411 -66.8458 -25.93 18.41
211717 -61.4144 -25.93 18.41
204206 -60.9097 -25.93 18.41
207935 -61.854 -25.93 18.41
202506 -64.0834 -25.93 18.41
213346 -63.2284 -25.93 18.41
204292 -61.5085 -25.93 18.41
201300 -64.7784 -25.93 18.41
212143 -67.4633 -25.93 18.41
208110 -67.0458 -25.93 18.41
204922 -58.4684 -25.93 18.41
208020 -63.0745 -25.93 18.41
122248 -56.3157 17.22 -5.39
127367 -54.2384 17.22 -5.39
124587 -56.0664 17.22 -5.39
122390 -55.4263 17.22 -5.39
124203 -54.0584 17.22 -5.39
126580 -51.5805 17.22 -5.39
115056 -62.6916 17.22 -5.39
125597 -65.4434 17.22 -5.39
121383 -57.8996 17.22 -5.39
120586 -57.1491 17.22 -5.39
117783 -57.3313 17.22 -5.39
115415 -51.7601 17.22 -5.39
122629 -57.3008 17.22 -5.39
124735 -54.1916 17.22 -5.39
119997 -52.5785 17.22 -5.39
117829 -58.2612 17.22 -5.39
115266 -54.3826 17.22 -5.39
123337 -57.9676 17.22 -5.39
121261 -55.4402 17.22 -5.39
126276 -65.9143 17.22 -5.39
118867 -51.8632 17.22 -5.39
122851 -54.9662 17.22 -5.39
120220 -53.3151 17.22 -5.39
114003 -53.8989 17.22 -5.39
118698 -58.1766 17.22 -5.39
123108 -68.1687 17.22 -5.39
119696 -66.1585 17.22 -5.39
120294 -57.2006 17.22 -5.39
118682 -58.0827 17.22 -5.39
113925 -54.407 17.22 -5.39
118037 -58.6358 17.22 -5.39
121220 -59.2425 17.22 -5.39
116777 -55.5575 17.22 -5.39
122084 -57.3569 17.22 -5.39
120309 -56.6558 17.22 -5.39
124860 -56.983 17.22 -5.39
124208 -53.0269 17.22 -5.39
123867 -52.1798 17.22 -5.39
107208 -65.9838 17.22 -5.39
158753 -55.5559 9.38 -23.82
170046 -56.495 9.38 -23.82
176519 -65.4758 9.38 -23.82
166501 -61.4212 9.38 -23.82
171334 -61.3731 9.38 -23.82
169278 -57.238 9.38 -23.82
164887 -59.2548 9.38 -23.82
169464 -58.564 9.38 -23.82
171532 -58.8966 9.38 -23.82
169369 -59.874 9.38 -23.82
166611 -63.412 9.38 -23.82
179065 -62.908 9.38 -23.82
166805 -55.776 9.38 -23.82
165892 -61.6003 9.38 -23.82
168518 -58.4154 9.38 -23.82
167747 -64.2603 9.38 -23.82
173636 -59.1547 9.38 -23.82
168443 -57.4872 9.38 -23.82
180213 -64.4772 9.38 -23.82
156123 -60.8191 9.38 -23.82
166264 -58.653 9.38 -23.82
164509 -59.3512 9.38 -23.82
166514 -60.7646 9.38 -23.82
172390 -60.4353 9.38 -23.82
166507 -66.2704 9.38 -23.82
164819 -56.0363 9.38 -23.82
162635 -64.1441 9.38 -23.82
167544 -61.7134 9.38 -23.82
163414 -63.6941 9.38 -23.82
168652 -63.3742 9.38 -23.82
173640 -55.4805 9.38 -23.82
175072 -59.9714 9.38 -23.82
166472 -53.0006 9.38 -23.82
166740 -57.7671 9.38 -23.82
165136 -56.7923 9.38 -23.82
175662 -69.127 9.38 -23.82
164699 -63.022 9.38 -23.82
161176 -65.2111 9.38 -23.82
166186 -58.7948 9.38 -23.82
120028 -58.7837 8.25 -16.83
119711 -55.4017 8.25 -16.83
122656 -60.4276 8.25 -16.83
117597 -49.0187 8.25 -16.83
114896 -61.3234 8.25 -16.83
115002 -62.8556 8.25 -16.83
117058 -60.4477 8.25 -16.83
121962 -57.0855 8.25 -16.83
121483 -59.1213 8.25 -16.83
119322 -60.2462 8.25 -16.83
128096 -59.248 8.25 -16.83
117112 -57.1027 8.25 -16.83
101325 -69.3352 8.25 -16.83
125368 -62.8053 8.25 -16.83
126047 -55.5723 8.25 -16.83
129664 -72.9499 8.25 -16.83
127869 -66.8176 8.25 -16.83
115466 -56.8007 8.25 -16.83
119077 -61.8297 8.25 -16.83
116308 -59.781 8.25 -16.83
122282 -57.6236 8.25 -16.83
121817 -58.3817 8.25 -16.83
113178 -56.746 8.25 -16.83
121710 -57.6133 8.25 -16.83
114276 -59.0822 8.25 -16.83
113629 -61.9478 8.25 -16.83
105432 -62.4202 8.25 -16.83
123851 -58.6384 8.25 -16.83
118503 -56.2917 8.25 -16.83
116982 -65.9366 8.25 -16.83
108940 -60.5596 8.25 -16.83
115600 -59.3516 8.25 -16.83
115355 -58.6892 8.25 -16.83
120177 -54.8519 8.25 -16.83
116549 -54.6948 8.25 -16.83
113611 -57.0301 8.25 -16.83
120217 -59.8628 8.25 -16.83
122597 -58.6472 8.25 -16.83
116416 -51.0889 8.25 -16.83
73939 -49.8727 4.54 7.79
71224 -50.6391 4.54 7.79
72607 -54.8026 4.54 7.79
64804 -47.1554 4.54 7.79
75113 -53.2764 4.54 7.79
67579 -50.8077 4.54 7.79
65846 -53.8184 4.54 7.79
69039 -52.2203 4.54 7.79
78233 -52.6278 4.54 7.79
67144 -49.6948 4.54 7.79
69254 -49.5241 4.54 7.79
76094 -48.849 4.54 7.79
75558 -47.7846 4.54 7.79
72430 -47.8883 4.54 7.79
72288 -50.8342 4.54 7.79
67200 -56.218 4.54 7.79
70813 -46.326 4.54 7.79
68719 -50.4308 4.54 7.79
65920 -54.9252 4.54 7.79
68920 -50.7251 4.54 7.79
67665 -60.2298 4.54 7.79
72725 -51.9464 4.54 7.79
67592 -52.5675 4.54 7.79
71925 -55.6056 4.54 7.79
67387 -56.4008 4.54 7.79
64850 -50.6493 4.54 7.79
71316 -65.8235 4.54 7.79
72379 -50.4316 4.54 7.79
72036 -49.2618 4.54 7.79
70596 -58.8361 4.54 7.79
67515 -53.3464 4.54 7.79
74601 -55.3681 4.54 7.79
70053 -53.4568 4.54 7.79
67578 -58.3163 4.54 7.79
69760 -54.8385 4.54 7.79
67693 -57.4051 4.54 7.79
75052 -48.7443 4.54 7.79
74289 -55.1613 4.54 7.79
77423 -50.9783 4.54 7.79
223369 -67.8655 -27.66 21.6
226300 -60.3171 -27.66 21.6
228819 -59.1096 -27.66 21.6
230474 -66.8279 -27.66 21.6
226746 -66.6925 -27.66 21.6
227826 -61.8123 -27.66 21.6
227846 -62.9705 -27.66 21.6
234467 -60.6541 -27.66 21.6
217608 -76.6125 -27.66 21.6
223083 -60.9587 -27.66 21.6
220984 -65.2098 -27.66 21.6
232410 -59.9206 -27.66 21.6
230071 -67.1507 -27.66 21.6
233831 -67.9682 -27.66 21.6
229908 -59.8999 -27.66 21.6
226163 -63.9587 -27.66 21.6
223439 -66.6423 -27.66 21.6
228223 -62.048 -27.66 21.6
222229 -68.5428 -27.66 21.6
231677 -61.8034 -27.66 21.6
238690 -73.1757 -27.66 21.6
225315 -67.8032 -27.66 21.6
212942 -66.2549 -27.66 21.6
216759 -69.2523 -27.66 21.6
231758 -68.8648 -27.66 21.6
233833 -65.8595 -27.66 21.6
222002 -63.7904 -27.66 21.6
223123 -64.3134 -27.66 21.6
231544 -58.1157 -27.66 21.6
224943 -59.5791 -27.66 21.6
223430 -65.9356 -27.66 21.6
239078 -66.9429 -27.66 21.6
224370 -69.6966 -27.66 21.6
171316 -79.9074 -27.66 21.6
227692 -59.089 -27.66 21.6
230845 -60.825 -27.66 21.6
219125 -66.9975 -27.66 21.6
205937 -64.9048 -27.66 21.6
229947 -59.594 -27.66 21.6
197579 -65.9797 -8.53 -27.53
191031 -58.1583 -8.53 -27.53
194690 -65.0541 -8.53 -27.53
191302 -64.9662 -8.53 -27.53
190453 -58.8336 -8.53 -27.53
184780 -61.2122 -8.53 -27.53
124681 -81.9207 -8.53 -27.53
197088 -66.1178 -8.53 -27.53
187401 -61.302 -8.53 -27.53
199929 -66.7743 -8.53 -27.53
190493 -58.8673 -8.53 -27.53
185047 -61.037 -8.53 -27.53
190003 -60.9179 -8.53 -27.53
198643 -55.9413 -8.53 -27.53
196483 -60.2592 -8.53 -27.53
190202 -62.7961 -8.53 -27.53
189996 -61.7236 -8.53 -27.53
201096 -63.0664 -8.53 -27.53
191093 -70.2794 -8.53 -27.53
191443 -61.458 -8.53 -27.53
192986 -60.3437 -8.53 -27.53
197115 -69.8029 -8.53 -27.53
184887 -59.6251 -8.53 -27.53
192372 -56.5646 -8.53 -27.53
185608 -64.5824 -8.53 -27.53
194196 -62.6508 -8.53 -27.53
196484 -55.6582 -8.53 -27.53
191568 -57.0741 -8.53 -27.53
191856 -56.1737 -8.53 -27.53
190273 -58.3533 -8.53 -27.53
188368 -62.2433 -8.53 -27.53
191461 -64.0307 -8.53 -27.53
195409 -56.3829 -8.53 -27.53
184977 -63.5471 -8.53 -27.53
183494 -63.3006 -8.53 -27.53
195117 -58.9398 -8.53 -27.53
197898 -62.1026 -8.53 -27.53
190727 -58.8242 -8.53 -27.53
186456 -65.2174 -8.53 -27.53
