#rtt sig_str x y
180797 -61.4395 9.02 -25.44
172939 -62.4902 9.02 -25.44
178813 -57.0226 9.02 -25.44
177924 -56.5377 9.02 -25.44
174745 -60.6976 9.02 -25.44
180046 -57.7032 9.02 -25.44
176819 -61.3932 9.02 -25.44
176847 -60.7421 9.02 -25.44
167701 -62.8558 9.02 -25.44
177175 -62.8058 9.02 -25.44
177737 -60.9202 9.02 -25.44
171482 -59.0782 9.02 -25.44
177029 -60.2462 9.02 -25.44
175553 -63.1282 9.02 -25.44
161982 -68.2079 9.02 -25.44
176200 -61.3805 9.02 -25.44
176875 -65.6406 9.02 -25.44
174888 -65.1413 9.02 -25.44
174920 -58.6724 9.02 -25.44
175425 -57.6971 9.02 -25.44
174754 -59.9403 9.02 -25.44
93242 -75.7827 9.02 -25.44
172600 -64.0758 9.02 -25.44
169985 -68.3364 9.02 -25.44
179735 -62.8611 9.02 -25.44
172436 -62.2142 9.02 -25.44
180151 -59.3115 9.02 -25.44
175429 -59.1574 9.02 -25.44
177783 -56.5528 9.02 -25.44
178895 -53.7406 9.02 -25.44
186652 -62.1058 9.02 -25.44
178169 -59.6782 9.02 -25.44
141968 -73.869 9.02 -25.44
182934 -60.5437 9.02 -25.44
179728 -56.1623 9.02 -25.44
167526 -79.4904 9.02 -25.44
176561 -60.2568 9.02 -25.44
181816 -58.7082 9.02 -25.44
173012 -64.163 9.02 -25.44
18742 -43.3391 0.33 -4.04
21725 -41.6459 0.33 -4.04
14557 -45.7197 0.33 -4.04
19687 -43.725 0.33 -4.04
20312 -39.2954 0.33 -4.04
18717 -43.9234 0.33 -4.04
19582 -44.4864 0.33 -4.04
18453 -51.537 0.33 -4.04
16458 -47.1331 0.33 -4.04
15723 -44.5016 0.33 -4.04
23713 -43.7708 0.33 -4.04
20930 -47.0583 0.33 -4.04
15370 -52.5732 0.33 -4.04
18382 -46.6841 0.33 -4.04
17993 -45.9282 0.33 -4.04
19255 -43.0596 0.33 -4.04
16365 -44.3172 0.33 -4.04
18572 -45.4742 0.33 -4.04
20116 -41.6587 0.33 -4.04
15516 -44.4754 0.33 -4.04
18535 -40.9775 0.33 -4.04
9799 -49.8877 0.33 -4.04
15777 -46.2754 0.33 -4.04
20986 -44.334 0.33 -4.04
17608 -45.1297 0.33 -4.04
23997 -46.6077 0.33 -4.04
22105 -40.6894 0.33 -4.04
12514 -47.5221 0.33 -4.04
21073 -41.5672 0.33 -4.04
14861 -44.4087 0.33 -4.04
22702 -43.9798 0.33 -4.04
18379 -45.35 0.33 -4.04
19956 -42.7242 0.33 -4.04
15563 -49.7342 0.33 -4.04
14603 -44.2054 0.33 -4.04
24203 -47.9437 0.33 -4.04
18039 -47.1491 0.33 -4.04
16405 -44.7187 0.33 -4.04
14026 -43.463 0.33 -4.04
183791 -63.2645 22.72 -15.33
179519 -56.6491 22.72 -15.33
186521 -56.5539 22.72 -15.33
141938 -75.4868 22.72 -15.33
184671 -80.921 22.72 -15.33
183838 -59.4926 22.72 -15.33
184677 -65.5699 22.72 -15.33
189825 -61.2079 22.72 -15.33
190944 -66.9858 22.72 -15.33
186377 -59.1209 22.72 -15.33
183887 -62.6586 22.72 -15.33
180570 -59.3042 22.72 -15.33
187198 -58.7817 22.72 -15.33
177955 -61.4903 22.72 -15.33
182390 -66.4238 22.72 -15.33
189059 -66.8476 22.72 -15.33
175248 -65.0297 22.72 -15.33
179543 -58.9217 22.72 -15.33
181786 -65.3699 22.72 -15.33
190465 -53.9109 22.72 -15.33
179524 -61.9058 22.72 -15.33
189017 -63.9527 22.72 -15.33
184035 -57.2074 22.72 -15.33
179432 -63.4607 22.72 -15.33
181799 -61.4738 22.72 -15.33
182296 -70.5701 22.72 -15.33
185529 -55.8033 22.72 -15.33
182200 -57.7756 22.72 -15.33
183970 -64.7332 22.72 -15.33
183008 -62.8516 22.72 -15.33
191293 -55.1296 22.72 -15.33
176454 -68.9024 22.72 -15.33
194108 -65.6846 22.72 -15.33
188888 -64.7808 22.72 -15.33
189099 -59.8517 22.72 -15.33
181551 -62.5972 22.72 -15.33
183815 -60.1488 22.72 -15.33
184927 -60.097 22.72 -15.33
180908 -67.9991 22.72 -15.33
219189 -61.1178 -19.09 24.51
228998 -64.9512 -19.09 24.51
214282 -63.767 -19.09 24.51
217644 -63.6659 -19.09 24.51
218374 -58.6822 -19.09 24.51
217435 -64.6626 -19.09 24.51
218006 -62.2298 -19.09 24.51
218211 -65.0336 -19.09 24.51
219584 -61.8088 -19.09 24.51
220963 -62.5826 -19.09 24.51
213411 -59.4498 -19.09 24.51
209748 -61.5334 -19.09 24.51
219402 -63.2219 -19.09 24.51
215959 -66.3345 -19.09 24.51
213382 -60.0074 -19.09 24.51
216877 -66.5826 -19.09 24.51
220853 -69.3231 -19.09 24.51
217920 -62.5894 -19.09 24.51
212782 -63.6212 -19.09 24.51
231958 -74.6038 -19.09 24.51
191357 -76.0607 -19.09 24.51
215884 -63.194 -19.09 24.51
209450 -64.0047 -19.09 24.51
225998 -66.1845 -19.09 24.51
221195 -59.087 -19.09 24.51
219806 -62.1835 -19.09 24.51
220569 -63.7367 -19.09 24.51
219116 -66.6532 -19.09 24.51
213878 -61.2218 -19.09 24.51
217599 -60.7171 -19.09 24.51
225987 -61.6614 -19.09 24.51
212782 -63.8908 -19.09 24.51
218669 -63.0358 -19.09 24.51
216330 -61.3159 -19.09 24.51
222862 -64.5858 -19.09 24.51
224078 -67.2707 -19.09 24.51
217154 -66.8532 -19.09 24.51
216990 -58.2758 -19.09 24.51
219315 -62.8819 -19.09 24.51
178714 -59.8258 21.14 -17.76
180338 -57.7484 21.14 -17.76
177218 -59.5764 21.14 -17.76
176915 -58.9363 21.14 -17.76
170792 -57.5684 21.14 -17.76
185085 -55.0905 21.14 -17.76
179883 -66.2017 21.14 -17.76
177759 -68.9534 21.14 -17.76
174129 -61.4096 21.14 -17.76
177974 -60.6591 21.14 -17.76
176918 -60.8414 21.14 -17.76
174472 -55.2702 21.14 -17.76
183004 -60.8108 21.14 -17.76
173268 -57.7016 21.14 -17.76
176420 -56.0885 21.14 -17.76
178749 -61.7712 21.14 -17.76
185348 -57.8926 21.14 -17.76
175749 -61.4777 21.14 -17.76
179311 -58.9502 21.14 -17.76
178088 -69.4244 21.14 -17.76
178529 -55.3732 21.14 -17.76
178987 -58.4763 21.14 -17.76
179427 -56.8252 21.14 -17.76
179625 -57.409 21.14 -17.76
176211 -61.6866 21.14 -17.76
191399 -71.6788 21.14 -17.76
170909 -69.6686 21.14 -17.76
173444 -60.7106 21.14 -17.76
179722 -61.5927 21.14 -17.76
177066 -57.9171 21.14 -17.76
171983 -62.1458 21.14 -17.76
171772 -62.7525 21.14 -17.76
173166 -59.0675 21.14 -17.76
174174 -60.867 21.14 -17.76
172796 -60.1658 21.14 -17.76
169112 -60.493 21.14 -17.76
181691 -56.537 21.14 -17.76
175563 -55.6898 21.14 -17.76
181244 -69.4938 21.14 -17.76
217738 -57.6335 15.01 -29.31
219538 -58.5725 15.01 -29.31
226481 -67.5533 15.01 -29.31
218709 -63.4988 15.01 -29.31
213243 -63.4506 15.01 -29.31
216549 -59.3156 15.01 -29.31
223879 -61.3323 15.01 -29.31
220525 -60.6416 15.01 -29.31
213818 -60.9741 15.01 -29.31
217281 -61.9516 15.01 -29.31
218387 -65.4896 15.01 -29.31
222100 -64.9855 15.01 -29.31
214010 -57.8535 15.01 -29.31
220945 -63.6778 15.01 -29.31
209376 -60.4929 15.01 -29.31
219790 -66.3379 15.01 -29.31
214286 -61.2323 15.01 -29.31
213373 -59.5647 15.01 -29.31
216635 -66.5547 15.01 -29.31
221765 -62.8966 15.01 -29.31
218542 -60.7306 15.01 -29.31
220385 -61.4287 15.01 -29.31
213513 -62.8422 15.01 -29.31
217034 -62.5128 15.01 -29.31
210439 -68.3479 15.01 -29.31
213226 -58.1139 15.01 -29.31
222201 -66.2217 15.01 -29.31
218923 -63.7909 15.01 -29.31
223404 -65.7717 15.01 -29.31
217009 -65.4517 15.01 -29.31
216149 -57.558 15.01 -29.31
215670 -62.049 15.01 -29.31
214576 -55.0781 15.01 -29.31
220596 -59.8447 15.01 -29.31
222874 -58.8698 15.01 -29.31
198286 -71.2045 15.01 -29.31
211652 -65.0996 15.01 -29.31
219002 -67.2886 15.01 -29.31
212154 -60.8724 15.01 -29.31
75624 -54.306 9.97 -4.39
72423 -50.9239 9.97 -4.39
76813 -55.9499 9.97 -4.39
71730 -44.541 9.97 -4.39
76574 -56.8457 9.97 -4.39
72458 -58.3779 9.97 -4.39
76830 -55.97 9.97 -4.39
78589 -52.6077 9.97 -4.39
76947 -54.6436 9.97 -4.39
73228 -55.7685 9.97 -4.39
78355 -54.7702 9.97 -4.39
81927 -52.6249 9.97 -4.39
76742 -64.8574 9.97 -4.39
80145 -58.3276 9.97 -4.39
77809 -51.0946 9.97 -4.39
68564 -68.4722 9.97 -4.39
75509 -62.3398 9.97 -4.39
79491 -52.323 9.97 -4.39
77581 -57.352 9.97 -4.39
74925 -55.3033 9.97 -4.39
71754 -53.1458 9.97 -4.39
80978 -53.904 9.97 -4.39
75536 -52.2682 9.97 -4.39
80438 -53.1356 9.97 -4.39
75845 -54.6045 9.97 -4.39
76442 -57.4701 9.97 -4.39
77576 -57.9425 9.97 -4.39
74265 -54.1607 9.97 -4.39
82814 -51.8139 9.97 -4.39
78606 -61.4588 9.97 -4.39
73921 -56.0819 9.97 -4.39
66372 -54.8738 9.97 -4.39
74173 -54.2114 9.97 -4.39
74284 -50.3741 9.97 -4.39
70757 -50.2171 9.97 -4.39
80144 -52.5524 9.97 -4.39
76446 -55.385 9.97 -4.39
79945 -54.1695 9.97 -4.39
74389 -46.6112 9.97 -4.39
199334 -59.674 29.28 4.15
199866 -60.4404 29.28 4.15
203809 -64.6038 29.28 4.15
197329 -56.9567 29.28 4.15
198105 -63.0776 29.28 4.15
201176 -60.609 29.28 4.15
195255 -63.6196 29.28 4.15
192553 -62.0216 29.28 4.15
194480 -62.4291 29.28 4.15
200147 -59.4961 29.28 4.15
196630 -59.3254 29.28 4.15
199537 -58.6502 29.28 4.15
191870 -57.5858 29.28 4.15
197204 -57.6895 29.28 4.15
192206 -60.6354 29.28 4.15
197764 -66.0193 29.28 4.15
203457 -56.1273 29.28 4.15
191187 -60.2321 29.28 4.15
199297 -64.7264 29.28 4.15
202300 -60.5264 29.28 4.15
200474 -70.0311 29.28 4.15
196456 -61.7477 29.28 4.15
200028 -62.3688 29.28 4.15
204489 -65.4069 29.28 4.15
203226 -66.2021 29.28 4.15
197568 -60.4506 29.28 4.15
183129 -75.6248 29.28 4.15
197697 -60.2329 29.28 4.15
198510 -59.0631 29.28 4.15
196057 -68.6374 29.28 4.15
205698 -63.1477 29.28 4.15
204522 -65.1693 29.28 4.15
202819 -63.2581 29.28 4.15
199154 -68.1176 29.28 4.15
198623 -64.6398 29.28 4.15
200736 -67.2063 29.28 4.15
196903 -58.5455 29.28 4.15
197309 -64.9626 29.28 4.15
195300 -60.7795 29.28 4.15
179314 -65.2459 -14.58 20.98
167428 -57.6976 -14.58 20.98
174505 -56.49 -14.58 20.98
167395 -64.2084 -14.58 20.98
176224 -64.073 -14.58 20.98
172082 -59.1927 -14.58 20.98
174614 -60.3509 -14.58 20.98
169993 -58.0345 -14.58 20.98
146921 -73.9929 -14.58 20.98
177812 -58.3391 -14.58 20.98
177812 -62.5902 -14.58 20.98
175487 -57.301 -14.58 20.98
166311 -64.5311 -14.58 20.98
170415 -65.3486 -14.58 20.98
168522 -57.2804 -14.58 20.98
161690 -61.3391 -14.58 20.98
177301 -64.0227 -14.58 20.98
168846 -59.4284 -14.58 20.98
173330 -65.9233 -14.58 20.98
178308 -59.1838 -14.58 20.98
147922 -70.5562 -14.58 20.98
181063 -65.1837 -14.58 20.98
179410 -63.6353 -14.58 20.98
178515 -66.6327 -14.58 20.98
176871 -66.2452 -14.58 20.98
184420 -63.2399 -14.58 20.98
172804 -61.1709 -14.58 20.98
173446 -61.6938 -14.58 20.98
169511 -55.4961 -14.58 20.98
173815 -56.9595 -14.58 20.98
181072 -63.316 -14.58 20.98
177376 -64.3233 -14.58 20.98
178434 -67.077 -14.58 20.98
163781 -77.2878 -14.58 20.98
176454 -56.4694 -14.58 20.98
175136 -58.2055 -14.58 20.98
176824 -64.3779 -14.58 20.98
176070 -62.2852 -14.58 20.98
175107 -56.9745 -14.58 20.98
260275 -68.7559 -28.31 28.75
265142 -60.9345 -28.31 28.75
257974 -67.8303 -28.31 28.75
258182 -67.7424 -28.31 28.75
252561 -61.6098 -28.31 28.75
266084 -63.9885 -28.31 28.75
260808 -60.8307 -28.31 28.75
261684 -57.0303 -28.31 28.75
261283 -60.9078 -28.31 28.75
265076 -61.7903 -28.31 28.75
271772 -61.7913 -28.31 28.75
246702 -72.8579 -28.31 28.75
256701 -63.7403 -28.31 28.75
264592 -62.6233 -28.31 28.75
262286 -63.5396 -28.31 28.75
254161 -59.9654 -28.31 28.75
257524 -63.5356 -28.31 28.75
261709 -64.4884 -28.31 28.75
264890 -66.5309 -28.31 28.75
258732 -58.3305 -28.31 28.75
267563 -68.0273 -28.31 28.75
269983 -65.4856 -28.31 28.75
257479 -68.9274 -28.31 28.75
262599 -60.9947 -28.31 28.75
265298 -66.9699 -28.31 28.75
256667 -62.6682 -28.31 28.75
265991 -63.6115 -28.31 28.75
262239 -63.6795 -28.31 28.75
255999 -66.1177 -28.31 28.75
264244 -67.3579 -28.31 28.75
233366 -74.2979 -28.31 28.75
262961 -61.8833 -28.31 28.75
259421 -63.2895 -28.31 28.75
270099 -71.3658 -28.31 28.75
261133 -59.8447 -28.31 28.75
260325 -60.2311 -28.31 28.75
266352 -69.1401 -28.31 28.75
258514 -69.8275 -28.31 28.75
258775 -63.9269 -28.31 28.75
