#rtt sig_str x y
162933 -60.6428 -24.15 -4.17
163896 -61.6934 -24.15 -4.17
164361 -56.2258 -24.15 -4.17
163177 -55.7409 -24.15 -4.17
158934 -59.9008 -24.15 -4.17
164909 -56.9064 -24.15 -4.17
162823 -60.5965 -24.15 -4.17
158214 -59.9454 -24.15 -4.17
161777 -62.059 -24.15 -4.17
157845 -62.0091 -24.15 -4.17
165693 -60.1235 -24.15 -4.17
161190 -58.2814 -24.15 -4.17
163753 -59.4495 -24.15 -4.17
161224 -62.3314 -24.15 -4.17
168314 -67.4111 -24.15 -4.17
170415 -60.5837 -24.15 -4.17
167168 -64.8439 -24.15 -4.17
155520 -64.3445 -24.15 -4.17
163338 -57.8756 -24.15 -4.17
167266 -56.9003 -24.15 -4.17
161740 -59.1436 -24.15 -4.17
131852 -74.986 -24.15 -4.17
155022 -63.279 -24.15 -4.17
169412 -67.5396 -24.15 -4.17
164245 -62.0644 -24.15 -4.17
156125 -61.4174 -24.15 -4.17
165031 -58.5148 -24.15 -4.17
170143 -58.3606 -24.15 -4.17
166832 -55.7561 -24.15 -4.17
167310 -52.9438 -24.15 -4.17
150926 -61.3091 -24.15 -4.17
160563 -58.8815 -24.15 -4.17
167323 -73.0722 -24.15 -4.17
161302 -59.7469 -24.15 -4.17
164778 -55.3655 -24.15 -4.17
123776 -78.6936 -24.15 -4.17
160442 -59.4601 -24.15 -4.17
163179 -57.9115 -24.15 -4.17
162648 -63.3663 -24.15 -4.17
119892 -54.9388 15.68 -5.24
117338 -53.2456 15.68 -5.24
114529 -57.3194 15.68 -5.24
111887 -55.3247 15.68 -5.24
120311 -50.8951 15.68 -5.24
114982 -55.5231 15.68 -5.24
116141 -56.0861 15.68 -5.24
116677 -63.1367 15.68 -5.24
121020 -58.7328 15.68 -5.24
111483 -56.1013 15.68 -5.24
123119 -55.3705 15.68 -5.24
111960 -58.658 15.68 -5.24
117234 -64.1729 15.68 -5.24
111698 -58.2838 15.68 -5.24
122399 -57.5279 15.68 -5.24
118986 -54.6593 15.68 -5.24
118725 -55.9169 15.68 -5.24
117222 -57.0739 15.68 -5.24
117943 -53.2584 15.68 -5.24
111699 -56.0751 15.68 -5.24
119280 -52.5772 15.68 -5.24
117977 -61.4874 15.68 -5.24
120025 -57.8751 15.68 -5.24
117213 -55.9337 15.68 -5.24
114701 -56.7294 15.68 -5.24
111673 -58.2074 15.68 -5.24
119311 -52.2891 15.68 -5.24
114995 -59.1218 15.68 -5.24
114307 -53.1668 15.68 -5.24
116063 -56.0084 15.68 -5.24
112617 -55.5795 15.68 -5.24
111502 -56.9497 15.68 -5.24
115944 -54.3239 15.68 -5.24
116789 -61.3339 15.68 -5.24
114522 -55.8051 15.68 -5.24
113672 -59.5434 15.68 -5.24
108641 -58.7488 15.68 -5.24
109443 -56.3183 15.68 -5.24
114844 -55.0627 15.68 -5.24
133405 -60.6402 -15.19 12.92
135755 -54.0248 -15.19 12.92
135028 -53.9295 -15.19 12.92
126635 -72.8625 -15.19 12.92
150842 -78.2966 -15.19 12.92
134668 -56.8683 -15.19 12.92
138201 -62.9456 -15.19 12.92
134609 -58.5836 -15.19 12.92
134281 -64.3615 -15.19 12.92
139165 -56.4965 -15.19 12.92
140475 -60.0342 -15.19 12.92
139035 -56.6799 -15.19 12.92
132862 -56.1573 -15.19 12.92
133437 -58.8659 -15.19 12.92
140875 -63.7995 -15.19 12.92
135236 -64.2233 -15.19 12.92
138667 -62.4054 -15.19 12.92
138823 -56.2974 -15.19 12.92
138523 -62.7455 -15.19 12.92
137039 -51.2865 -15.19 12.92
138796 -59.2815 -15.19 12.92
139534 -61.3283 -15.19 12.92
135366 -54.583 -15.19 12.92
139158 -60.8364 -15.19 12.92
134076 -58.8495 -15.19 12.92
149582 -67.9458 -15.19 12.92
137856 -53.179 -15.19 12.92
143618 -55.1512 -15.19 12.92
132124 -62.1088 -15.19 12.92
133515 -60.2273 -15.19 12.92
126877 -52.5053 -15.19 12.92
132445 -66.2781 -15.19 12.92
138927 -63.0603 -15.19 12.92
138779 -62.1565 -15.19 12.92
138788 -57.2274 -15.19 12.92
131594 -59.9729 -15.19 12.92
131390 -57.5245 -15.19 12.92
129927 -57.4727 -15.19 12.92
134059 -65.3748 -15.19 12.92
192312 -59.6903 -21.72 -14.53
181961 -63.5238 -21.72 -14.53
188517 -62.3396 -21.72 -14.53
189109 -62.2384 -21.72 -14.53
188287 -57.2548 -21.72 -14.53
187668 -63.2352 -21.72 -14.53
186843 -60.8024 -21.72 -14.53
186226 -63.6061 -21.72 -14.53
181211 -60.3813 -21.72 -14.53
188918 -61.1551 -21.72 -14.53
187182 -58.0223 -21.72 -14.53
182461 -60.106 -21.72 -14.53
186588 -61.7944 -21.72 -14.53
186687 -64.9071 -21.72 -14.53
182883 -58.58 -21.72 -14.53
185415 -65.1551 -21.72 -14.53
188541 -67.8957 -21.72 -14.53
182410 -61.1619 -21.72 -14.53
191719 -62.1937 -21.72 -14.53
187608 -73.1764 -21.72 -14.53
205220 -74.6332 -21.72 -14.53
184165 -61.7665 -21.72 -14.53
187606 -62.5772 -21.72 -14.53
192608 -64.7571 -21.72 -14.53
182135 -57.6596 -21.72 -14.53
184004 -60.756 -21.72 -14.53
183236 -62.3092 -21.72 -14.53
187339 -65.2258 -21.72 -14.53
187580 -59.7943 -21.72 -14.53
188096 -59.2896 -21.72 -14.53
191137 -60.234 -21.72 -14.53
182877 -62.4633 -21.72 -14.53
182919 -61.6083 -21.72 -14.53
182906 -59.8884 -21.72 -14.53
185091 -63.1583 -21.72 -14.53
185560 -65.8432 -21.72 -14.53
181143 -65.4258 -21.72 -14.53
189467 -56.8483 -21.72 -14.53
185588 -61.4544 -21.72 -14.53
92843 -54.571 -10.11 10.54
92000 -52.4936 -10.11 10.54
88454 -54.3216 -10.11 10.54
94662 -53.6815 -10.11 10.54
97582 -52.3136 -10.11 10.54
91159 -49.8357 -10.11 10.54
87729 -60.9469 -10.11 10.54
87718 -63.6986 -10.11 10.54
85514 -56.1548 -10.11 10.54
89527 -55.4043 -10.11 10.54
102517 -55.5866 -10.11 10.54
94662 -50.0154 -10.11 10.54
94993 -55.556 -10.11 10.54
87091 -52.4468 -10.11 10.54
89785 -50.8337 -10.11 10.54
87118 -56.5164 -10.11 10.54
90811 -52.6378 -10.11 10.54
96343 -56.2229 -10.11 10.54
84872 -53.6954 -10.11 10.54
90261 -64.1696 -10.11 10.54
88494 -50.1184 -10.11 10.54
89633 -53.2214 -10.11 10.54
94685 -51.5704 -10.11 10.54
94424 -52.1542 -10.11 10.54
92661 -56.4318 -10.11 10.54
89885 -66.424 -10.11 10.54
91866 -64.4138 -10.11 10.54
85559 -55.4558 -10.11 10.54
88665 -56.3379 -10.11 10.54
93976 -52.6623 -10.11 10.54
92321 -56.891 -10.11 10.54
94431 -57.4977 -10.11 10.54
87085 -53.8127 -10.11 10.54
88687 -55.6122 -10.11 10.54
89298 -54.911 -10.11 10.54
94573 -55.2382 -10.11 10.54
94044 -51.2822 -10.11 10.54
92479 -50.435 -10.11 10.54
88162 -64.239 -10.11 10.54
257456 -58.6496 -25.02 -27.59
257931 -59.5886 -25.02 -27.59
260654 -68.5694 -25.02 -27.59
248417 -64.5149 -25.02 -27.59
256047 -64.4668 -25.02 -27.59
249087 -60.3317 -25.02 -27.59
248778 -62.3485 -25.02 -27.59
247224 -61.6577 -25.02 -27.59
259116 -61.9902 -25.02 -27.59
253667 -62.9677 -25.02 -27.59
245986 -66.5057 -25.02 -27.59
253422 -66.0017 -25.02 -27.59
253690 -58.8697 -25.02 -27.59
252423 -64.694 -25.02 -27.59
259114 -61.5091 -25.02 -27.59
252215 -67.354 -25.02 -27.59
260585 -62.2484 -25.02 -27.59
254025 -60.5809 -25.02 -27.59
257171 -67.5709 -25.02 -27.59
243273 -63.9128 -25.02 -27.59
253151 -61.7467 -25.02 -27.59
251061 -62.4448 -25.02 -27.59
252917 -63.8583 -25.02 -27.59
254184 -63.5289 -25.02 -27.59
233684 -69.3641 -25.02 -27.59
257563 -59.13 -25.02 -27.59
256482 -67.2378 -25.02 -27.59
261021 -64.807 -25.02 -27.59
257621 -66.7878 -25.02 -27.59
262342 -66.4679 -25.02 -27.59
259617 -58.5742 -25.02 -27.59
254888 -63.0651 -25.02 -27.59
254376 -56.0942 -25.02 -27.59
262700 -60.8608 -25.02 -27.59
255314 -59.8859 -25.02 -27.59
240002 -72.2207 -25.02 -27.59
255887 -66.1157 -25.02 -27.59
243466 -68.3048 -25.02 -27.59
253631 -61.8885 -25.02 -27.59
174257 -61.2143 10.32 -22.95
173760 -57.8323 10.32 -22.95
180164 -62.8582 10.32 -22.95
174011 -51.4493 10.32 -22.95
173691 -63.754 10.32 -22.95
186509 -65.2862 10.32 -22.95
181017 -62.8783 10.32 -22.95
177253 -59.516 10.32 -22.95
170838 -61.5519 10.32 -22.95
175818 -62.6768 10.32 -22.95
172664 -61.6785 10.32 -22.95
173088 -59.5333 10.32 -22.95
184511 -71.7658 10.32 -22.95
178617 -65.2359 10.32 -22.95
177028 -58.0029 10.32 -22.95
175850 -75.3805 10.32 -22.95
179027 -69.2481 10.32 -22.95
176149 -59.2313 10.32 -22.95
176853 -64.2603 10.32 -22.95
171573 -62.2116 10.32 -22.95
173670 -60.0541 10.32 -22.95
176172 -60.8123 10.32 -22.95
174730 -59.1766 10.32 -22.95
170113 -60.0439 10.32 -22.95
171012 -61.5128 10.32 -22.95
175002 -64.3784 10.32 -22.95
167835 -64.8508 10.32 -22.95
177039 -61.069 10.32 -22.95
176753 -58.7222 10.32 -22.95
168650 -68.3672 10.32 -22.95
183528 -62.9902 10.32 -22.95
174595 -61.7822 10.32 -22.95
177302 -61.1198 10.32 -22.95
171368 -57.2825 10.32 -22.95
177183 -57.1254 10.32 -22.95
175470 -59.4607 10.32 -22.95
175736 -62.2934 10.32 -22.95
169139 -61.0778 10.32 -22.95
175423 -53.5195 10.32 -22.95
222566 -61.0135 18.4 -29.52
223125 -61.7799 18.4 -29.52
232910 -65.9434 18.4 -29.52
235826 -58.2962 18.4 -29.52
229917 -64.4171 18.4 -29.52
230176 -61.9485 18.4 -29.52
228679 -64.9592 18.4 -29.52
221682 -63.3611 18.4 -29.52
229673 -63.7686 18.4 -29.52
234082 -60.8356 18.4 -29.52
227955 -60.6649 18.4 -29.52
227742 -59.9898 18.4 -29.52
231722 -58.9254 18.4 -29.52
232041 -59.029 18.4 -29.52
232540 -61.9749 18.4 -29.52
230731 -67.3588 18.4 -29.52
229219 -57.4668 18.4 -29.52
225197 -61.5716 18.4 -29.52
227367 -66.066 18.4 -29.52
230073 -61.8659 18.4 -29.52
237508 -71.3706 18.4 -29.52
235418 -63.0872 18.4 -29.52
229891 -63.7083 18.4 -29.52
223074 -66.7464 18.4 -29.52
223670 -67.5416 18.4 -29.52
227703 -61.7901 18.4 -29.52
230080 -76.9643 18.4 -29.52
225999 -61.5724 18.4 -29.52
229534 -60.4026 18.4 -29.52
218406 -69.9769 18.4 -29.52
233140 -64.4872 18.4 -29.52
240283 -66.5089 18.4 -29.52
234025 -64.5976 18.4 -29.52
248612 -69.4571 18.4 -29.52
225211 -65.9793 18.4 -29.52
232642 -68.5458 18.4 -29.52
230125 -59.8851 18.4 -29.52
228957 -66.3021 18.4 -29.52
229526 -62.1191 18.4 -29.52
265294 -69.1227 28.97 28.83
275608 -61.5744 28.97 28.83
268898 -60.3668 28.97 28.83
284513 -68.0852 28.97 28.83
265807 -67.9498 28.97 28.83
273106 -63.0695 28.97 28.83
271705 -64.2278 28.97 28.83
278708 -61.9113 28.97 28.83
239970 -77.8698 28.97 28.83
276575 -62.216 28.97 28.83
274103 -66.4671 28.97 28.83
268439 -61.1779 28.97 28.83
269019 -68.408 28.97 28.83
257270 -69.2255 28.97 28.83
273810 -61.1572 28.97 28.83
276854 -65.216 28.97 28.83
265901 -67.8996 28.97 28.83
275269 -63.3053 28.97 28.83
267061 -69.8001 28.97 28.83
269429 -63.0607 28.97 28.83
280998 -74.433 28.97 28.83
275469 -69.0605 28.97 28.83
270947 -67.5122 28.97 28.83
260892 -70.5095 28.97 28.83
272007 -70.1221 28.97 28.83
270960 -67.1168 28.97 28.83
270803 -65.0477 28.97 28.83
261599 -65.5706 28.97 28.83
269489 -59.3729 28.97 28.83
276417 -60.8364 28.97 28.83
278084 -67.1928 28.97 28.83
266036 -68.2002 28.97 28.83
271432 -70.9539 28.97 28.83
162726 -81.1647 28.97 28.83
267220 -60.3462 28.97 28.83
274645 -62.0823 28.97 28.83
270047 -68.2548 28.97 28.83
276316 -66.1621 28.97 28.83
273442 -60.8513 28.97 28.83
63068 -57.4346 8.14 6.2
59915 -49.6132 8.14 6.2
54511 -56.509 8.14 6.2
66533 -56.4211 8.14 6.2
57808 -50.2885 8.14 6.2
64587 -52.6672 8.14 6.2
35671 -73.3757 8.14 6.2
59431 -57.5727 8.14 6.2
61543 -52.757 8.14 6.2
67087 -58.2292 8.14 6.2
63874 -50.3223 8.14 6.2
58385 -52.4919 8.14 6.2
64844 -52.3729 8.14 6.2
51816 -47.3963 8.14 6.2
51449 -51.7141 8.14 6.2
57828 -54.2511 8.14 6.2
59612 -53.1785 8.14 6.2
65827 -54.5213 8.14 6.2
52474 -61.7343 8.14 6.2
61068 -52.9129 8.14 6.2
56173 -51.7986 8.14 6.2
59513 -61.2578 8.14 6.2
62796 -51.0801 8.14 6.2
57044 -48.0196 8.14 6.2
57639 -56.0373 8.14 6.2
62783 -54.1057 8.14 6.2
60332 -47.1131 8.14 6.2
55909 -48.5291 8.14 6.2
59251 -47.6287 8.14 6.2
57323 -49.8083 8.14 6.2
64473 -53.6982 8.14 6.2
60620 -55.4857 8.14 6.2
65428 -47.8378 8.14 6.2
58929 -55.002 8.14 6.2
61920 -54.7556 8.14 6.2
63036 -50.3948 8.14 6.2
58875 -53.5575 8.14 6.2
57656 -50.2791 8.14 6.2
61462 -56.6724 8.14 6.2
