#rtt sig_str x y
161617 -60.4164 5.29 23.25
172229 -61.4671 5.29 23.25
162173 -55.9995 5.29 23.25
169094 -55.5146 5.29 23.25
163232 -59.6744 5.29 23.25
169196 -56.6801 5.29 23.25
161655 -60.3701 5.29 23.25
167309 -59.719 5.29 23.25
163134 -61.8327 5.29 23.25
168541 -61.7827 5.29 23.25
163536 -59.8971 5.29 23.25
162266 -58.0551 5.29 23.25
162134 -59.2231 5.29 23.25
158780 -62.1051 5.29 23.25
151836 -67.1848 5.29 23.25
159117 -60.3574 5.29 23.25
159819 -64.6175 5.29 23.25
158920 -64.1182 5.29 23.25
161208 -57.6493 5.29 23.25
163819 -56.674 5.29 23.25
166516 -58.9172 5.29 23.25
162801 -74.7596 5.29 23.25
160015 -63.0527 5.29 23.25
147445 -67.3133 5.29 23.25
167090 -61.838 5.29 23.25
164649 -61.1911 5.29 23.25
162086 -58.2884 5.29 23.25
154991 -58.1343 5.29 23.25
160906 -55.5297 5.29 23.25
155911 -52.7175 5.29 23.25
170003 -61.0827 5.29 23.25
163682 -58.6551 5.29 23.25
144653 -72.8459 5.29 23.25
163751 -59.5206 5.29 23.25
167132 -55.1392 5.29 23.25
99576 -78.4673 5.29 23.25
162415 -59.2337 5.29 23.25
160440 -57.6851 5.29 23.25
171097 -63.1399 5.29 23.25
241390 -61.4153 23.87 27.27
244702 -59.7221 23.87 27.27
241536 -63.7959 23.87 27.27
244763 -61.8012 23.87 27.27
240952 -57.3715 23.87 27.27
245362 -61.9996 23.87 27.27
244522 -62.5626 23.87 27.27
230340 -69.6132 23.87 27.27
246775 -65.2092 23.87 27.27
246064 -62.5777 23.87 27.27
241156 -61.8469 23.87 27.27
238141 -65.1345 23.87 27.27
234447 -70.6494 23.87 27.27
239581 -64.7603 23.87 27.27
246831 -64.0044 23.87 27.27
243319 -61.1358 23.87 27.27
241273 -62.3934 23.87 27.27
241044 -63.5503 23.87 27.27
239291 -59.7349 23.87 27.27
245735 -62.5515 23.87 27.27
247644 -59.0537 23.87 27.27
240487 -67.9639 23.87 27.27
230621 -64.3516 23.87 27.27
247177 -62.4102 23.87 27.27
237333 -63.2059 23.87 27.27
241711 -64.6839 23.87 27.27
230992 -58.7656 23.87 27.27
243662 -65.5983 23.87 27.27
238152 -59.6433 23.87 27.27
241382 -62.4849 23.87 27.27
236810 -62.056 23.87 27.27
239249 -63.4262 23.87 27.27
245336 -60.8004 23.87 27.27
238437 -67.8104 23.87 27.27
244116 -62.2816 23.87 27.27
240967 -66.0199 23.87 27.27
242998 -65.2253 23.87 27.27
241359 -62.7948 23.87 27.27
230872 -61.5392 23.87 27.27
126389 -60.7888 18.95 7.29
129600 -54.1734 18.95 7.29
126637 -54.0781 18.95 7.29
133413 -73.0111 18.95 7.29
157355 -78.4452 18.95 7.29
138811 -57.0169 18.95 7.29
130338 -63.0942 18.95 7.29
132657 -58.7322 18.95 7.29
126884 -64.5101 18.95 7.29
130757 -56.6451 18.95 7.29
128000 -60.1828 18.95 7.29
131500 -56.8285 18.95 7.29
118069 -56.3059 18.95 7.29
127147 -59.0145 18.95 7.29
130464 -63.9481 18.95 7.29
129472 -64.3719 18.95 7.29
129719 -62.554 18.95 7.29
132377 -56.446 18.95 7.29
123609 -62.8941 18.95 7.29
133625 -51.4352 18.95 7.29
132611 -59.4301 18.95 7.29
131233 -61.4769 18.95 7.29
134297 -54.7316 18.95 7.29
121163 -60.985 18.95 7.29
130595 -58.9981 18.95 7.29
132060 -68.0944 18.95 7.29
126040 -53.3276 18.95 7.29
126944 -55.2998 18.95 7.29
122222 -62.2574 18.95 7.29
125613 -60.3759 18.95 7.29
126372 -52.6539 18.95 7.29
126872 -66.4267 18.95 7.29
134313 -63.2089 18.95 7.29
144542 -62.3051 18.95 7.29
127107 -57.376 18.95 7.29
128155 -60.1215 18.95 7.29
129200 -57.6731 18.95 7.29
141052 -57.6213 18.95 7.29
120995 -65.5234 18.95 7.29
192219 -60.5766 -27.85 8.42
196599 -64.41 -27.85 8.42
178567 -63.2258 -27.85 8.42
185245 -63.1247 -27.85 8.42
195293 -58.1411 -27.85 8.42
197330 -64.1214 -27.85 8.42
190967 -61.6886 -27.85 8.42
189883 -64.4924 -27.85 8.42
190231 -61.2676 -27.85 8.42
185995 -62.0414 -27.85 8.42
192957 -58.9086 -27.85 8.42
194818 -60.9922 -27.85 8.42
186661 -62.6807 -27.85 8.42
200731 -65.7934 -27.85 8.42
193566 -59.4662 -27.85 8.42
191254 -66.0414 -27.85 8.42
197153 -68.7819 -27.85 8.42
202490 -62.0482 -27.85 8.42
197872 -63.08 -27.85 8.42
175988 -74.0626 -27.85 8.42
188398 -75.5195 -27.85 8.42
191946 -62.6528 -27.85 8.42
203138 -63.4635 -27.85 8.42
196768 -65.6433 -27.85 8.42
194472 -58.5458 -27.85 8.42
194220 -61.6423 -27.85 8.42
193894 -63.1955 -27.85 8.42
196873 -66.112 -27.85 8.42
191792 -60.6806 -27.85 8.42
199957 -60.1759 -27.85 8.42
194507 -61.1203 -27.85 8.42
196696 -63.3496 -27.85 8.42
191956 -62.4946 -27.85 8.42
190435 -60.7747 -27.85 8.42
196412 -64.0446 -27.85 8.42
186766 -66.7295 -27.85 8.42
182539 -66.3121 -27.85 8.42
191625 -57.7346 -27.85 8.42
190077 -62.3407 -27.85 8.42
193811 -60.3381 11.51 27.03
195987 -58.2607 11.51 27.03
187439 -60.0887 11.51 27.03
188744 -59.4486 11.51 27.03
189319 -58.0807 11.51 27.03
190157 -55.6028 11.51 27.03
187528 -66.714 11.51 27.03
190490 -69.4657 11.51 27.03
192936 -61.9219 11.51 27.03
190977 -61.1714 11.51 27.03
197702 -61.3537 11.51 27.03
194495 -55.7825 11.51 27.03
188829 -61.3231 11.51 27.03
192512 -58.2139 11.51 27.03
192204 -56.6008 11.51 27.03
186536 -62.2835 11.51 27.03
187798 -58.4049 11.51 27.03
181516 -61.99 11.51 27.03
195188 -59.4625 11.51 27.03
188972 -69.9367 11.51 27.03
189277 -55.8855 11.51 27.03
190168 -58.9885 11.51 27.03
194223 -57.3375 11.51 27.03
195752 -57.9213 11.51 27.03
190649 -62.1989 11.51 27.03
175527 -72.1911 11.51 27.03
186908 -70.1809 11.51 27.03
194885 -61.2229 11.51 27.03
206102 -62.105 11.51 27.03
196493 -58.4294 11.51 27.03
182897 -62.6581 11.51 27.03
195792 -63.2648 11.51 27.03
192978 -59.5798 11.51 27.03
189639 -61.3793 11.51 27.03
197015 -60.6781 11.51 27.03
192661 -61.0053 11.51 27.03
185809 -57.0493 11.51 27.03
192901 -56.2021 11.51 27.03
177666 -70.0061 11.51 27.03
77846 -49.7522 -7.28 10.37
80483 -50.6912 -7.28 10.37
81566 -59.672 -7.28 10.37
92470 -55.6175 -7.28 10.37
91461 -55.5693 -7.28 10.37
88786 -51.4343 -7.28 10.37
80238 -53.4511 -7.28 10.37
84890 -52.7603 -7.28 10.37
79829 -53.0928 -7.28 10.37
81297 -54.0703 -7.28 10.37
88004 -57.6083 -7.28 10.37
79689 -57.1042 -7.28 10.37
81761 -49.9722 -7.28 10.37
85644 -55.7965 -7.28 10.37
77520 -52.6116 -7.28 10.37
83789 -58.4566 -7.28 10.37
80821 -53.351 -7.28 10.37
86084 -51.6835 -7.28 10.37
85378 -58.6735 -7.28 10.37
80714 -55.0153 -7.28 10.37
84632 -52.8493 -7.28 10.37
82295 -53.5474 -7.28 10.37
87947 -54.9609 -7.28 10.37
83118 -54.6315 -7.28 10.37
83380 -60.4666 -7.28 10.37
87859 -50.2326 -7.28 10.37
85566 -58.3404 -7.28 10.37
77896 -55.9096 -7.28 10.37
85656 -57.8904 -7.28 10.37
77789 -57.5704 -7.28 10.37
86884 -49.6767 -7.28 10.37
80646 -54.1677 -7.28 10.37
88171 -47.1968 -7.28 10.37
82567 -51.9634 -7.28 10.37
87577 -50.9885 -7.28 10.37
68352 -63.3232 -7.28 10.37
76808 -57.2183 -7.28 10.37
84232 -59.4073 -7.28 10.37
80919 -52.9911 -7.28 10.37
182951 -61.9627 1.11 -27.53
184735 -58.5806 1.11 -27.53
183016 -63.6066 1.11 -27.53
181541 -52.1976 1.11 -27.53
188602 -64.5023 1.11 -27.53
175893 -66.0346 1.11 -27.53
169605 -63.6267 1.11 -27.53
185870 -60.2644 1.11 -27.53
184935 -62.3002 1.11 -27.53
179272 -63.4252 1.11 -27.53
179616 -62.4269 1.11 -27.53
172558 -60.2816 1.11 -27.53
179734 -72.5141 1.11 -27.53
178988 -65.9842 1.11 -27.53
177651 -58.7512 1.11 -27.53
176240 -76.1289 1.11 -27.53
187955 -69.9965 1.11 -27.53
178488 -59.9797 1.11 -27.53
184734 -65.0087 1.11 -27.53
189732 -62.96 1.11 -27.53
189948 -60.8025 1.11 -27.53
177553 -61.5607 1.11 -27.53
188322 -59.9249 1.11 -27.53
179681 -60.7923 1.11 -27.53
182541 -62.2612 1.11 -27.53
169568 -65.1268 1.11 -27.53
172705 -65.5992 1.11 -27.53
177239 -61.8174 1.11 -27.53
187951 -59.4706 1.11 -27.53
174806 -69.1155 1.11 -27.53
182370 -63.7385 1.11 -27.53
177390 -62.5305 1.11 -27.53
182301 -61.8681 1.11 -27.53
179450 -58.0308 1.11 -27.53
181548 -57.8738 1.11 -27.53
175753 -60.209 1.11 -27.53
181475 -63.0417 1.11 -27.53
178686 -61.8262 1.11 -27.53
179529 -54.2678 1.11 -27.53
152666 -57.45 9.48 20.5
155404 -58.2163 9.48 20.5
153183 -62.3798 9.48 20.5
160554 -54.7327 9.48 20.5
164806 -60.8536 9.48 20.5
159440 -58.3849 9.48 20.5
159244 -61.3956 9.48 20.5
146318 -59.7976 9.48 20.5
155259 -60.2051 9.48 20.5
156049 -57.272 9.48 20.5
156980 -57.1014 9.48 20.5
161772 -56.4262 9.48 20.5
152567 -55.3618 9.48 20.5
155181 -55.4655 9.48 20.5
156129 -58.4114 9.48 20.5
160765 -63.7953 9.48 20.5
156006 -53.9032 9.48 20.5
149331 -58.0081 9.48 20.5
150863 -62.5024 9.48 20.5
153604 -58.3024 9.48 20.5
143292 -67.8071 9.48 20.5
157687 -59.5237 9.48 20.5
160280 -60.1448 9.48 20.5
159320 -63.1829 9.48 20.5
157368 -63.9781 9.48 20.5
159432 -58.2266 9.48 20.5
125500 -73.4008 9.48 20.5
155341 -58.0089 9.48 20.5
159695 -56.8391 9.48 20.5
147850 -66.4134 9.48 20.5
149732 -60.9237 9.48 20.5
156848 -62.9453 9.48 20.5
149629 -61.0341 9.48 20.5
150240 -65.8936 9.48 20.5
151631 -62.4157 9.48 20.5
157029 -64.9823 9.48 20.5
159226 -56.3215 9.48 20.5
154353 -62.7385 9.48 20.5
149090 -58.5555 9.48 20.5
171553 -65.5252 -18.37 19
174376 -57.9769 -18.37 19
171470 -56.7693 -18.37 19
168109 -64.4877 -18.37 19
169910 -64.3523 -18.37 19
182181 -59.472 -18.37 19
169058 -60.6303 -18.37 19
170935 -58.3138 -18.37 19
176703 -74.2722 -18.37 19
178488 -58.6184 -18.37 19
172913 -62.8695 -18.37 19
175722 -57.5803 -18.37 19
161681 -64.8104 -18.37 19
177416 -65.6279 -18.37 19
177184 -57.5597 -18.37 19
169544 -61.6184 -18.37 19
158448 -64.302 -18.37 19
174766 -59.7077 -18.37 19
180631 -66.2026 -18.37 19
169803 -59.4631 -18.37 19
175499 -70.8355 -18.37 19
178838 -65.463 -18.37 19
182824 -63.9146 -18.37 19
171049 -66.912 -18.37 19
172196 -66.5245 -18.37 19
171137 -63.5193 -18.37 19
175514 -61.4502 -18.37 19
168568 -61.9731 -18.37 19
174160 -55.7754 -18.37 19
176008 -57.2388 -18.37 19
168530 -63.5953 -18.37 19
174854 -64.6026 -18.37 19
178571 -67.3563 -18.37 19
123098 -77.5671 -18.37 19
169343 -56.7487 -18.37 19
175267 -58.4848 -18.37 19
171365 -64.6573 -18.37 19
171842 -62.5646 -18.37 19
180252 -57.2538 -18.37 19
137209 -63.6642 -13.66 16.95
144859 -55.8428 -13.66 16.95
140113 -62.7385 -13.66 16.95
136902 -62.6507 -13.66 16.95
145426 -56.5181 -13.66 16.95
143065 -58.8967 -13.66 16.95
150267 -79.6052 -13.66 16.95
144954 -63.8023 -13.66 16.95
138920 -58.9865 -13.66 16.95
136593 -64.4588 -13.66 16.95
138167 -56.5518 -13.66 16.95
139471 -58.7215 -13.66 16.95
137541 -58.6024 -13.66 16.95
139495 -53.6258 -13.66 16.95
139152 -57.9437 -13.66 16.95
142628 -60.4806 -13.66 16.95
140717 -59.4081 -13.66 16.95
146427 -60.7509 -13.66 16.95
139843 -67.9638 -13.66 16.95
136130 -59.1425 -13.66 16.95
132689 -58.0282 -13.66 16.95
143710 -67.4874 -13.66 16.95
137640 -57.3096 -13.66 16.95
135875 -54.2491 -13.66 16.95
139768 -62.2669 -13.66 16.95
149496 -60.3353 -13.66 16.95
141183 -53.3427 -13.66 16.95
141005 -54.7586 -13.66 16.95
143956 -53.8582 -13.66 16.95
137497 -56.0378 -13.66 16.95
128495 -59.9277 -13.66 16.95
139770 -61.7152 -13.66 16.95
142547 -54.0674 -13.66 16.95
133663 -61.2315 -13.66 16.95
139827 -60.9851 -13.66 16.95
142887 -56.6243 -13.66 16.95
144225 -59.7871 -13.66 16.95
142905 -56.5086 -13.66 16.95
141707 -62.9019 -13.66 16.95
