#rtt sig_str x y
205945 -62.9705 -27.08 17.96
207868 -64.0211 -27.08 17.96
205711 -58.5536 -27.08 17.96
216024 -58.0687 -27.08 17.96
209281 -62.2285 -27.08 17.96
211596 -59.2342 -27.08 17.96
207933 -62.9242 -27.08 17.96
210495 -62.2731 -27.08 17.96
211452 -64.3868 -27.08 17.96
204180 -64.3368 -27.08 17.96
212256 -62.4512 -27.08 17.96
213163 -60.6092 -27.08 17.96
216977 -61.7772 -27.08 17.96
213701 -64.6592 -27.08 17.96
213013 -69.7389 -27.08 17.96
213602 -62.9115 -27.08 17.96
212059 -67.1716 -27.08 17.96
213975 -66.6723 -27.08 17.96
215967 -60.2034 -27.08 17.96
214767 -59.2281 -27.08 17.96
205536 -61.4713 -27.08 17.96
185080 -77.3137 -27.08 17.96
214202 -65.6068 -27.08 17.96
196853 -69.8674 -27.08 17.96
211761 -64.3921 -27.08 17.96
213885 -63.7451 -27.08 17.96
201274 -60.8425 -27.08 17.96
211464 -60.6884 -27.08 17.96
213017 -58.0838 -27.08 17.96
213759 -55.2716 -27.08 17.96
209035 -63.6368 -27.08 17.96
209039 -61.2092 -27.08 17.96
214394 -75.4 -27.08 17.96
208791 -62.0747 -27.08 17.96
216880 -57.6933 -27.08 17.96
191768 -81.0213 -27.08 17.96
209726 -61.7878 -27.08 17.96
217390 -60.2392 -27.08 17.96
215821 -65.694 -27.08 17.96
115310 -54.9895 -12.66 10.79
111412 -53.2963 -12.66 10.79
115175 -57.3701 -12.66 10.79
106761 -55.3754 -12.66 10.79
108302 -50.9458 -12.66 10.79
118139 -55.5738 -12.66 10.79
119664 -56.1368 -12.66 10.79
115825 -63.1874 -12.66 10.79
105701 -58.7835 -12.66 10.79
105801 -56.152 -12.66 10.79
109258 -55.4212 -12.66 10.79
116639 -58.7087 -12.66 10.79
119927 -64.2236 -12.66 10.79
112630 -58.3345 -12.66 10.79
113449 -57.5786 -12.66 10.79
105988 -54.71 -12.66 10.79
108479 -55.9676 -12.66 10.79
112919 -57.1246 -12.66 10.79
110220 -53.3091 -12.66 10.79
108056 -56.1258 -12.66 10.79
113021 -52.6279 -12.66 10.79
112472 -61.5381 -12.66 10.79
116363 -57.9258 -12.66 10.79
109094 -55.9844 -12.66 10.79
102802 -56.7801 -12.66 10.79
107359 -58.2581 -12.66 10.79
110997 -52.3398 -12.66 10.79
110666 -59.1725 -12.66 10.79
113856 -53.2176 -12.66 10.79
108021 -56.0591 -12.66 10.79
112889 -55.6302 -12.66 10.79
116481 -57.0004 -12.66 10.79
109210 -54.3746 -12.66 10.79
115650 -61.3846 -12.66 10.79
113502 -55.8558 -12.66 10.79
110176 -59.5941 -12.66 10.79
110876 -58.7995 -12.66 10.79
105920 -56.3691 -12.66 10.79
117263 -55.1134 -12.66 10.79
200803 -64.2371 13.26 -27.84
215084 -57.6216 13.26 -27.84
203265 -57.5264 13.26 -27.84
223205 -76.4593 13.26 -27.84
248630 -81.8935 13.26 -27.84
208791 -60.4651 13.26 -27.84
207995 -66.5424 13.26 -27.84
213357 -62.1804 13.26 -27.84
215279 -67.9584 13.26 -27.84
209620 -60.0934 13.26 -27.84
212058 -63.6311 13.26 -27.84
210816 -60.2768 13.26 -27.84
216189 -59.7542 13.26 -27.84
206595 -62.4628 13.26 -27.84
215339 -67.3964 13.26 -27.84
203471 -67.8202 13.26 -27.84
206232 -66.0023 13.26 -27.84
213245 -59.8942 13.26 -27.84
215158 -66.3424 13.26 -27.84
208910 -54.8834 13.26 -27.84
213280 -62.8783 13.26 -27.84
211244 -64.9252 13.26 -27.84
215479 -58.1799 13.26 -27.84
211937 -64.4333 13.26 -27.84
213281 -62.4463 13.26 -27.84
215583 -71.5426 13.26 -27.84
219797 -56.7759 13.26 -27.84
211477 -58.7481 13.26 -27.84
209262 -65.7057 13.26 -27.84
205494 -63.8241 13.26 -27.84
204208 -56.1021 13.26 -27.84
192773 -69.875 13.26 -27.84
209363 -66.6572 13.26 -27.84
210722 -65.7533 13.26 -27.84
210745 -60.8242 13.26 -27.84
205556 -63.5697 13.26 -27.84
211546 -61.1213 13.26 -27.84
211945 -61.0695 13.26 -27.84
219220 -68.9716 13.26 -27.84
261548 -63.0952 -28.71 27.1
266277 -66.9287 -28.71 27.1
247255 -65.7445 -28.71 27.1
257826 -65.6433 -28.71 27.1
257805 -60.6597 -28.71 27.1
261800 -66.6401 -28.71 27.1
254522 -64.2073 -28.71 27.1
258766 -67.011 -28.71 27.1
259569 -63.7862 -28.71 27.1
258852 -64.56 -28.71 27.1
249777 -61.4273 -28.71 27.1
248363 -63.5109 -28.71 27.1
253110 -65.1993 -28.71 27.1
254802 -68.312 -28.71 27.1
256256 -61.9849 -28.71 27.1
256783 -68.56 -28.71 27.1
253093 -71.3006 -28.71 27.1
236768 -64.5668 -28.71 27.1
249011 -65.5986 -28.71 27.1
224921 -76.5813 -28.71 27.1
213460 -78.0381 -28.71 27.1
254007 -65.1715 -28.71 27.1
252522 -65.9821 -28.71 27.1
259027 -68.162 -28.71 27.1
251296 -61.0645 -28.71 27.1
253091 -64.1609 -28.71 27.1
260197 -65.7141 -28.71 27.1
254732 -68.6307 -28.71 27.1
261035 -63.1992 -28.71 27.1
260115 -62.6945 -28.71 27.1
250207 -63.6389 -28.71 27.1
262013 -65.8683 -28.71 27.1
266465 -65.0132 -28.71 27.1
253954 -63.2934 -28.71 27.1
262299 -66.5632 -28.71 27.1
264471 -69.2481 -28.71 27.1
265150 -68.8307 -28.71 27.1
262948 -60.2533 -28.71 27.1
258475 -64.8593 -28.71 27.1
137725 -57.671 -17.65 11.86
144505 -55.5936 -17.65 11.86
142735 -57.4216 -17.65 11.86
147071 -56.7815 -17.65 11.86
142440 -55.4136 -17.65 11.86
142987 -52.9357 -17.65 11.86
145558 -64.0469 -17.65 11.86
146730 -66.7986 -17.65 11.86
144711 -59.2548 -17.65 11.86
145888 -58.5043 -17.65 11.86
135066 -58.6866 -17.65 11.86
145646 -53.1154 -17.65 11.86
140595 -58.656 -17.65 11.86
144661 -55.5468 -17.65 11.86
141506 -53.9337 -17.65 11.86
142373 -59.6164 -17.65 11.86
144497 -55.7378 -17.65 11.86
146026 -59.3228 -17.65 11.86
146446 -56.7954 -17.65 11.86
149823 -67.2696 -17.65 11.86
143915 -53.2184 -17.65 11.86
142535 -56.3214 -17.65 11.86
140329 -54.6704 -17.65 11.86
145660 -55.2542 -17.65 11.86
144003 -59.5318 -17.65 11.86
135927 -69.524 -17.65 11.86
145425 -67.5138 -17.65 11.86
144957 -58.5558 -17.65 11.86
132781 -59.4379 -17.65 11.86
140613 -55.7622 -17.65 11.86
142995 -59.991 -17.65 11.86
148136 -60.5977 -17.65 11.86
148295 -56.9127 -17.65 11.86
144313 -58.7122 -17.65 11.86
136214 -58.011 -17.65 11.86
139124 -58.3382 -17.65 11.86
147735 -54.3822 -17.65 11.86
143790 -53.535 -17.65 11.86
135806 -67.339 -17.65 11.86
233561 -57.8787 -26.96 -20.59
227473 -58.8178 -26.96 -20.59
228068 -67.7986 -26.96 -20.59
232544 -63.744 -26.96 -20.59
228766 -63.6959 -26.96 -20.59
224888 -59.5608 -26.96 -20.59
220747 -61.5776 -26.96 -20.59
226934 -60.8868 -26.96 -20.59
226414 -61.2194 -26.96 -20.59
231906 -62.1968 -26.96 -20.59
226116 -65.7348 -26.96 -20.59
227349 -65.2308 -26.96 -20.59
232520 -58.0988 -26.96 -20.59
228239 -63.9231 -26.96 -20.59
224252 -60.7382 -26.96 -20.59
232940 -66.5831 -26.96 -20.59
225219 -61.4775 -26.96 -20.59
223608 -59.81 -26.96 -20.59
227265 -66.8 -26.96 -20.59
224523 -63.1419 -26.96 -20.59
232251 -60.9758 -26.96 -20.59
227863 -61.674 -26.96 -20.59
225955 -63.0874 -26.96 -20.59
227475 -62.7581 -26.96 -20.59
227079 -68.5932 -26.96 -20.59
224561 -58.3591 -26.96 -20.59
222368 -66.4669 -26.96 -20.59
229893 -64.0362 -26.96 -20.59
226043 -66.0169 -26.96 -20.59
221959 -65.697 -26.96 -20.59
228775 -57.8033 -26.96 -20.59
228567 -62.2942 -26.96 -20.59
218753 -55.3234 -26.96 -20.59
218387 -60.0899 -26.96 -20.59
230419 -59.1151 -26.96 -20.59
217672 -71.4498 -26.96 -20.59
215789 -65.3448 -26.96 -20.59
234930 -67.5339 -26.96 -20.59
234835 -61.1176 -26.96 -20.59
166229 -60.797 -11.87 20.77
155522 -57.4149 -11.87 20.77
159826 -62.4409 -11.87 20.77
162358 -51.032 -11.87 20.77
166131 -63.3367 -11.87 20.77
162645 -64.8689 -11.87 20.77
160330 -62.461 -11.87 20.77
161609 -59.0987 -11.87 20.77
166551 -61.1346 -11.87 20.77
162405 -62.2595 -11.87 20.77
164912 -61.2612 -11.87 20.77
162004 -59.116 -11.87 20.77
162790 -71.3484 -11.87 20.77
168258 -64.8186 -11.87 20.77
162750 -57.5856 -11.87 20.77
158849 -74.9632 -11.87 20.77
169027 -68.8308 -11.87 20.77
163518 -58.814 -11.87 20.77
151338 -63.843 -11.87 20.77
172029 -61.7943 -11.87 20.77
158312 -59.6368 -11.87 20.77
165806 -60.395 -11.87 20.77
166187 -58.7592 -11.87 20.77
161388 -59.6266 -11.87 20.77
170377 -61.0955 -11.87 20.77
164532 -63.9611 -11.87 20.77
157293 -64.4335 -11.87 20.77
170737 -60.6517 -11.87 20.77
157209 -58.3049 -11.87 20.77
162406 -67.9498 -11.87 20.77
169570 -62.5729 -11.87 20.77
168726 -61.3649 -11.87 20.77
164718 -60.7024 -11.87 20.77
156393 -56.8651 -11.87 20.77
161885 -56.7081 -11.87 20.77
157312 -59.0434 -11.87 20.77
157133 -61.8761 -11.87 20.77
157312 -60.6605 -11.87 20.77
168664 -53.1022 -11.87 20.77
83622 -53.3448 9.84 -9.58
83398 -54.1111 9.84 -9.58
87033 -58.2746 9.84 -9.58
81351 -50.6275 9.84 -9.58
85153 -56.7484 9.84 -9.58
83862 -54.2797 9.84 -9.58
87684 -57.2904 9.84 -9.58
79731 -55.6924 9.84 -9.58
90330 -56.0999 9.84 -9.58
84888 -53.1668 9.84 -9.58
84061 -52.9962 9.84 -9.58
84779 -52.321 9.84 -9.58
84854 -51.2566 9.84 -9.58
84359 -51.3603 9.84 -9.58
82890 -54.3062 9.84 -9.58
80354 -59.6901 9.84 -9.58
91189 -49.798 9.84 -9.58
86058 -53.9029 9.84 -9.58
81084 -58.3972 9.84 -9.58
87121 -54.1972 9.84 -9.58
75166 -63.7019 9.84 -9.58
84954 -55.4185 9.84 -9.58
82864 -56.0396 9.84 -9.58
87710 -59.0777 9.84 -9.58
85454 -59.8729 9.84 -9.58
85497 -54.1214 9.84 -9.58
77212 -69.2956 9.84 -9.58
87735 -53.9037 9.84 -9.58
83531 -52.7339 9.84 -9.58
80421 -62.3082 9.84 -9.58
78385 -56.8185 9.84 -9.58
83900 -58.8401 9.84 -9.58
88607 -56.9289 9.84 -9.58
85367 -61.7884 9.84 -9.58
92133 -58.3105 9.84 -9.58
80175 -60.8771 9.84 -9.58
84376 -52.2163 9.84 -9.58
76988 -58.6333 9.84 -9.58
80638 -54.4503 9.84 -9.58
151167 -64.2391 -11.52 19.46
140119 -56.6908 -11.52 19.46
145799 -55.4832 -11.52 19.46
141459 -63.2016 -11.52 19.46
146311 -63.0662 -11.52 19.46
142628 -58.1859 -11.52 19.46
144169 -59.3442 -11.52 19.46
147097 -57.0277 -11.52 19.46
134196 -72.9861 -11.52 19.46
141943 -57.3323 -11.52 19.46
147793 -61.5835 -11.52 19.46
145656 -56.2943 -11.52 19.46
143454 -63.5243 -11.52 19.46
142876 -64.3419 -11.52 19.46
143853 -56.2736 -11.52 19.46
143446 -60.3324 -11.52 19.46
152544 -63.0159 -11.52 19.46
144746 -58.4217 -11.52 19.46
137196 -64.9165 -11.52 19.46
143967 -58.177 -11.52 19.46
131515 -69.5494 -11.52 19.46
142626 -64.1769 -11.52 19.46
144420 -62.6286 -11.52 19.46
143876 -65.6259 -11.52 19.46
152547 -65.2385 -11.52 19.46
152392 -62.2332 -11.52 19.46
135388 -60.1641 -11.52 19.46
140278 -60.687 -11.52 19.46
145424 -54.4893 -11.52 19.46
149448 -55.9528 -11.52 19.46
140904 -62.3092 -11.52 19.46
143154 -63.3165 -11.52 19.46
150962 -66.0703 -11.52 19.46
31741 -76.281 -11.52 19.46
151472 -55.4626 -11.52 19.46
151717 -57.1987 -11.52 19.46
145954 -63.3712 -11.52 19.46
147615 -61.2785 -11.52 19.46
145200 -55.9677 -11.52 19.46
135652 -63.0285 5.02 -19.52
134758 -55.2071 5.02 -19.52
137223 -62.1029 5.02 -19.52
135325 -62.015 5.02 -19.52
141297 -55.8824 5.02 -19.52
134818 -58.261 5.02 -19.52
142933 -78.9695 5.02 -19.52
133342 -63.1666 5.02 -19.52
140142 -58.3508 5.02 -19.52
129562 -63.8231 5.02 -19.52
136729 -55.9162 5.02 -19.52
134082 -58.0858 5.02 -19.52
137476 -57.9667 5.02 -19.52
139297 -52.9901 5.02 -19.52
131721 -57.308 5.02 -19.52
135439 -59.8449 5.02 -19.52
134559 -58.7724 5.02 -19.52
132341 -60.1152 5.02 -19.52
128497 -67.3282 5.02 -19.52
133637 -58.5068 5.02 -19.52
137024 -57.3925 5.02 -19.52
133324 -66.8517 5.02 -19.52
137484 -56.674 5.02 -19.52
140974 -53.6135 5.02 -19.52
140952 -61.6312 5.02 -19.52
131325 -59.6996 5.02 -19.52
132030 -52.707 5.02 -19.52
141896 -54.1229 5.02 -19.52
136098 -53.2226 5.02 -19.52
131561 -55.4021 5.02 -19.52
137385 -59.2921 5.02 -19.52
135108 -61.0796 5.02 -19.52
136373 -53.4317 5.02 -19.52
133705 -60.5959 5.02 -19.52
136950 -60.3495 5.02 -19.52
139469 -55.9886 5.02 -19.52
137936 -59.1514 5.02 -19.52
137855 -55.873 5.02 -19.52
135498 -62.2662 5.02 -19.52
