#rtt sig_str x y
169569 -60.8517 22.21 11.77
164694 -61.9024 22.21 11.77
166915 -56.4348 22.21 11.77
167967 -55.9499 22.21 11.77
168000 -60.1098 22.21 11.77
171337 -57.1154 22.21 11.77
170520 -60.8055 22.21 11.77
169967 -60.1544 22.21 11.77
172998 -62.268 22.21 11.77
161872 -62.2181 22.21 11.77
173195 -60.3325 22.21 11.77
171888 -58.4904 22.21 11.77
164296 -59.6585 22.21 11.77
171529 -62.5404 22.21 11.77
148801 -67.6201 22.21 11.77
175425 -60.7927 22.21 11.77
173534 -65.0528 22.21 11.77
174962 -64.5535 22.21 11.77
171837 -58.0846 22.21 11.77
175218 -57.1093 22.21 11.77
170262 -59.3526 22.21 11.77
154286 -75.195 22.21 11.77
169502 -63.488 22.21 11.77
173108 -67.7486 22.21 11.77
172113 -62.2733 22.21 11.77
169937 -61.6264 22.21 11.77
169354 -58.7237 22.21 11.77
172879 -58.5696 22.21 11.77
175754 -55.965 22.21 11.77
168790 -53.1528 22.21 11.77
172074 -61.518 22.21 11.77
179422 -59.0905 22.21 11.77
176684 -73.2812 22.21 11.77
174243 -59.9559 22.21 11.77
167312 -55.5745 22.21 11.77
160002 -78.9026 22.21 11.77
168887 -59.669 22.21 11.77
169867 -58.1205 22.21 11.77
174887 -63.5753 22.21 11.77
43423 -47.0596 4.94 -4.01
38934 -45.3664 4.94 -4.01
40079 -49.4402 4.94 -4.01
43837 -47.4455 4.94 -4.01
32348 -43.0158 4.94 -4.01
37525 -47.6439 4.94 -4.01
39462 -48.2069 4.94 -4.01
35961 -55.2575 4.94 -4.01
39320 -50.8535 4.94 -4.01
38076 -48.222 4.94 -4.01
33493 -47.4912 4.94 -4.01
38181 -50.7788 4.94 -4.01
39396 -56.2937 4.94 -4.01
37984 -50.4046 4.94 -4.01
40103 -49.6487 4.94 -4.01
45035 -46.7801 4.94 -4.01
41216 -48.0377 4.94 -4.01
37072 -49.1946 4.94 -4.01
39625 -45.3792 4.94 -4.01
40064 -48.1958 4.94 -4.01
41569 -44.698 4.94 -4.01
45217 -53.6082 4.94 -4.01
39261 -49.9959 4.94 -4.01
35038 -48.0545 4.94 -4.01
35822 -48.8502 4.94 -4.01
44394 -50.3282 4.94 -4.01
33195 -44.4099 4.94 -4.01
39093 -51.2426 4.94 -4.01
39987 -45.2876 4.94 -4.01
44695 -48.1292 4.94 -4.01
40740 -47.7003 4.94 -4.01
42528 -49.0705 4.94 -4.01
41260 -46.4447 4.94 -4.01
40464 -53.4547 4.94 -4.01
42491 -47.9259 4.94 -4.01
38857 -51.6642 4.94 -4.01
41206 -50.8696 4.94 -4.01
37956 -48.4391 4.94 -4.01
40295 -47.1835 4.94 -4.01
186892 -63.2878 -13.27 -24.07
180770 -56.6724 -13.27 -24.07
175611 -56.5771 -13.27 -24.07
171983 -75.5101 -13.27 -24.07
185557 -80.9442 -13.27 -24.07
184736 -59.5159 -13.27 -24.07
177038 -65.5932 -13.27 -24.07
183113 -61.2312 -13.27 -24.07
186694 -67.0091 -13.27 -24.07
180081 -59.1441 -13.27 -24.07
184628 -62.6818 -13.27 -24.07
179176 -59.3275 -13.27 -24.07
180581 -58.8049 -13.27 -24.07
176122 -61.5135 -13.27 -24.07
178757 -66.4471 -13.27 -24.07
176923 -66.8709 -13.27 -24.07
186815 -65.053 -13.27 -24.07
179777 -58.945 -13.27 -24.07
182547 -65.3931 -13.27 -24.07
188017 -53.9342 -13.27 -24.07
176757 -61.9291 -13.27 -24.07
179714 -63.9759 -13.27 -24.07
181734 -57.2306 -13.27 -24.07
184657 -63.484 -13.27 -24.07
181976 -61.4971 -13.27 -24.07
188391 -70.5934 -13.27 -24.07
182521 -55.8266 -13.27 -24.07
184877 -57.7988 -13.27 -24.07
177407 -64.7564 -13.27 -24.07
178218 -62.8749 -13.27 -24.07
184448 -55.1529 -13.27 -24.07
181104 -68.9257 -13.27 -24.07
181787 -65.7079 -13.27 -24.07
189407 -64.8041 -13.27 -24.07
174835 -59.875 -13.27 -24.07
177937 -62.6205 -13.27 -24.07
187298 -60.1721 -13.27 -24.07
183496 -60.1203 -13.27 -24.07
166364 -68.0224 -13.27 -24.07
175480 -59.9204 -18.85 -19.15
173623 -63.7539 -18.85 -19.15
173110 -62.5697 -18.85 -19.15
170927 -62.4685 -18.85 -19.15
169533 -57.4849 -18.85 -19.15
168213 -63.4652 -18.85 -19.15
171381 -61.0325 -18.85 -19.15
173300 -63.8362 -18.85 -19.15
176544 -60.6114 -18.85 -19.15
176338 -61.3852 -18.85 -19.15
168025 -58.2524 -18.85 -19.15
171817 -60.3361 -18.85 -19.15
179157 -62.0245 -18.85 -19.15
167756 -65.1372 -18.85 -19.15
178174 -58.8101 -18.85 -19.15
164675 -65.3852 -18.85 -19.15
172760 -68.1258 -18.85 -19.15
170184 -61.392 -18.85 -19.15
171323 -62.4238 -18.85 -19.15
151620 -73.4065 -18.85 -19.15
152629 -74.8633 -18.85 -19.15
164803 -61.9966 -18.85 -19.15
169192 -62.8073 -18.85 -19.15
178534 -64.9872 -18.85 -19.15
172981 -57.8897 -18.85 -19.15
175068 -60.9861 -18.85 -19.15
168799 -62.5393 -18.85 -19.15
173843 -65.4558 -18.85 -19.15
180104 -60.0244 -18.85 -19.15
181027 -59.5197 -18.85 -19.15
175850 -60.4641 -18.85 -19.15
177797 -62.6934 -18.85 -19.15
176596 -61.8384 -18.85 -19.15
179923 -60.1185 -18.85 -19.15
177374 -63.3884 -18.85 -19.15
168954 -66.0733 -18.85 -19.15
170718 -65.6559 -18.85 -19.15
168591 -57.0784 -18.85 -19.15
167986 -61.6845 -18.85 -19.15
133853 -57.8141 -5.33 -20.97
146575 -55.7368 -5.33 -20.97
148156 -57.5648 -5.33 -20.97
146441 -56.9247 -5.33 -20.97
146151 -55.5568 -5.33 -20.97
145089 -53.0789 -5.33 -20.97
147792 -64.19 -5.33 -20.97
144924 -66.9418 -5.33 -20.97
144124 -59.398 -5.33 -20.97
147641 -58.6475 -5.33 -20.97
145989 -58.8297 -5.33 -20.97
144171 -53.2585 -5.33 -20.97
144794 -58.7992 -5.33 -20.97
147808 -55.69 -5.33 -20.97
144479 -54.0769 -5.33 -20.97
141100 -59.7596 -5.33 -20.97
148428 -55.881 -5.33 -20.97
153261 -59.466 -5.33 -20.97
139621 -56.9386 -5.33 -20.97
139693 -67.4127 -5.33 -20.97
147962 -53.3616 -5.33 -20.97
142172 -56.4646 -5.33 -20.97
149715 -54.8135 -5.33 -20.97
144925 -55.3973 -5.33 -20.97
135216 -59.675 -5.33 -20.97
139840 -69.6671 -5.33 -20.97
127744 -67.6569 -5.33 -20.97
143783 -58.699 -5.33 -20.97
147385 -59.5811 -5.33 -20.97
141091 -55.9054 -5.33 -20.97
144719 -60.1342 -5.33 -20.97
144756 -60.7409 -5.33 -20.97
145506 -57.0559 -5.33 -20.97
144365 -58.8553 -5.33 -20.97
143401 -58.1542 -5.33 -20.97
150480 -58.4814 -5.33 -20.97
140194 -54.5253 -5.33 -20.97
148613 -53.6782 -5.33 -20.97
148799 -67.4822 -5.33 -20.97
177392 -56.0344 -22.96 -14.45
179996 -56.9734 -22.96 -14.45
181620 -65.9542 -22.96 -14.45
172591 -61.8997 -22.96 -14.45
176882 -61.8515 -22.96 -14.45
182880 -57.7165 -22.96 -14.45
185254 -59.7333 -22.96 -14.45
178287 -59.0425 -22.96 -14.45
181314 -59.375 -22.96 -14.45
183113 -60.3525 -22.96 -14.45
184872 -63.8905 -22.96 -14.45
181478 -63.3865 -22.96 -14.45
175553 -56.2545 -22.96 -14.45
171986 -62.0788 -22.96 -14.45
177860 -58.8939 -22.96 -14.45
169867 -64.7388 -22.96 -14.45
178065 -59.6332 -22.96 -14.45
177600 -57.9657 -22.96 -14.45
175725 -64.9557 -22.96 -14.45
184863 -61.2976 -22.96 -14.45
172318 -59.1315 -22.96 -14.45
175325 -59.8296 -22.96 -14.45
173368 -61.2431 -22.96 -14.45
177809 -60.9137 -22.96 -14.45
175780 -66.7488 -22.96 -14.45
177132 -56.5148 -22.96 -14.45
180287 -64.6226 -22.96 -14.45
177785 -62.1918 -22.96 -14.45
177977 -64.1726 -22.96 -14.45
179584 -63.8527 -22.96 -14.45
175712 -55.959 -22.96 -14.45
179173 -60.4499 -22.96 -14.45
182556 -53.479 -22.96 -14.45
178423 -58.2456 -22.96 -14.45
178982 -57.2707 -22.96 -14.45
167598 -69.6054 -22.96 -14.45
175947 -63.5005 -22.96 -14.45
181203 -65.6895 -22.96 -14.45
184874 -59.2733 -22.96 -14.45
76194 -55.9301 11.1 7.26
73687 -52.548 11.1 7.26
84467 -57.574 11.1 7.26
78823 -46.1651 11.1 7.26
79350 -58.4698 11.1 7.26
86833 -60.002 11.1 7.26
86413 -57.5941 11.1 7.26
82752 -54.2318 11.1 7.26
82932 -56.2677 11.1 7.26
83099 -57.3926 11.1 7.26
79689 -56.3943 11.1 7.26
81857 -54.249 11.1 7.26
81311 -66.4815 11.1 7.26
77912 -59.9516 11.1 7.26
77630 -52.7187 11.1 7.26
94169 -70.0963 11.1 7.26
83272 -63.9639 11.1 7.26
80742 -53.9471 11.1 7.26
80085 -58.9761 11.1 7.26
79724 -56.9274 11.1 7.26
83038 -54.7699 11.1 7.26
75280 -55.5281 11.1 7.26
78467 -53.8923 11.1 7.26
75541 -54.7597 11.1 7.26
76840 -56.2286 11.1 7.26
76395 -59.0942 11.1 7.26
75520 -59.5666 11.1 7.26
81295 -55.7848 11.1 7.26
79461 -53.438 11.1 7.26
75768 -63.0829 11.1 7.26
72693 -57.7059 11.1 7.26
86954 -56.4979 11.1 7.26
83774 -55.8355 11.1 7.26
84002 -51.9982 11.1 7.26
79077 -51.8412 11.1 7.26
82844 -54.1765 11.1 7.26
83208 -57.0091 11.1 7.26
79513 -55.7936 11.1 7.26
87930 -48.2353 11.1 7.26
133750 -56.3827 -3.74 -19.49
134995 -57.1491 -3.74 -19.49
130814 -61.3126 -3.74 -19.49
129462 -53.6654 -3.74 -19.49
133977 -59.7863 -3.74 -19.49
135784 -57.3177 -3.74 -19.49
138882 -60.3284 -3.74 -19.49
132435 -58.7303 -3.74 -19.49
131455 -59.1378 -3.74 -19.49
131223 -56.2048 -3.74 -19.49
127325 -56.0341 -3.74 -19.49
133542 -55.359 -3.74 -19.49
132221 -54.2945 -3.74 -19.49
130111 -54.3982 -3.74 -19.49
126382 -57.3441 -3.74 -19.49
127408 -62.728 -3.74 -19.49
135240 -52.836 -3.74 -19.49
134152 -56.9408 -3.74 -19.49
126969 -61.4352 -3.74 -19.49
134219 -57.2351 -3.74 -19.49
137765 -66.7398 -3.74 -19.49
134499 -58.4564 -3.74 -19.49
138435 -59.0775 -3.74 -19.49
129314 -62.1156 -3.74 -19.49
133252 -62.9108 -3.74 -19.49
127523 -57.1593 -3.74 -19.49
141291 -72.3335 -3.74 -19.49
136926 -56.9416 -3.74 -19.49
131995 -55.7718 -3.74 -19.49
134136 -65.3461 -3.74 -19.49
134127 -59.8564 -3.74 -19.49
134933 -61.8781 -3.74 -19.49
138276 -59.9668 -3.74 -19.49
126317 -64.8263 -3.74 -19.49
132398 -61.3485 -3.74 -19.49
127672 -63.915 -3.74 -19.49
136952 -55.2542 -3.74 -19.49
135682 -61.6713 -3.74 -19.49
132995 -57.4882 -3.74 -19.49
91569 -60.3516 3.37 -13.71
85485 -52.8033 3.37 -13.71
93848 -51.5957 3.37 -13.71
93930 -59.3141 3.37 -13.71
93977 -59.1787 3.37 -13.71
90164 -54.2984 3.37 -13.71
87366 -55.4567 3.37 -13.71
90925 -53.1402 3.37 -13.71
83257 -69.0987 3.37 -13.71
93733 -53.4448 3.37 -13.71
84992 -57.696 3.37 -13.71
94235 -52.4068 3.37 -13.71
79397 -59.6369 3.37 -13.71
85502 -60.4544 3.37 -13.71
92315 -52.3861 3.37 -13.71
91849 -56.4449 3.37 -13.71
88816 -59.1285 3.37 -13.71
89538 -54.5342 3.37 -13.71
96123 -61.029 3.37 -13.71
86834 -54.2896 3.37 -13.71
79789 -65.6619 3.37 -13.71
83203 -60.2894 3.37 -13.71
91045 -58.7411 3.37 -13.71
91560 -61.7384 3.37 -13.71
83219 -61.351 3.37 -13.71
90623 -58.3457 3.37 -13.71
93802 -56.2766 3.37 -13.71
93879 -56.7995 3.37 -13.71
94443 -50.6018 3.37 -13.71
89587 -52.0653 3.37 -13.71
79086 -58.4217 3.37 -13.71
80082 -59.429 3.37 -13.71
96357 -62.1828 3.37 -13.71
100717 -72.3935 3.37 -13.71
91623 -51.5751 3.37 -13.71
94625 -53.3112 3.37 -13.71
95937 -59.4837 3.37 -13.71
91715 -57.391 3.37 -13.71
93514 -52.0802 3.37 -13.71
127892 -61.907 -7.98 15.68
121833 -54.0856 -7.98 15.68
128999 -60.9814 -7.98 15.68
123641 -60.8935 -7.98 15.68
118189 -54.7609 -7.98 15.68
125738 -57.1395 -7.98 15.68
70474 -77.848 -7.98 15.68
119183 -62.0451 -7.98 15.68
119000 -57.2293 -7.98 15.68
116137 -62.7016 -7.98 15.68
121495 -54.7947 -7.98 15.68
124844 -56.9643 -7.98 15.68
119330 -56.8452 -7.98 15.68
124751 -51.8686 -7.98 15.68
128020 -56.1865 -7.98 15.68
128858 -58.7234 -7.98 15.68
118362 -57.6509 -7.98 15.68
123718 -58.9937 -7.98 15.68
125276 -66.2067 -7.98 15.68
118798 -57.3853 -7.98 15.68
128792 -56.271 -7.98 15.68
109455 -65.7302 -7.98 15.68
123264 -55.5525 -7.98 15.68
117292 -52.492 -7.98 15.68
116515 -60.5097 -7.98 15.68
119573 -58.5781 -7.98 15.68
125198 -51.5855 -7.98 15.68
119632 -53.0014 -7.98 15.68
122386 -52.1011 -7.98 15.68
116516 -54.2806 -7.98 15.68
128056 -58.1706 -7.98 15.68
115637 -59.9581 -7.98 15.68
119144 -52.3102 -7.98 15.68
115198 -59.4744 -7.98 15.68
122787 -59.228 -7.98 15.68
120382 -54.8671 -7.98 15.68
127461 -58.0299 -7.98 15.68
116642 -54.7515 -7.98 15.68
123040 -61.1447 -7.98 15.68
