#rtt sig_str x y
25626 -46.8491 -4.46 -1.15
27850 -47.8997 -4.46 -1.15
21314 -42.4321 -4.46 -1.15
27157 -41.9472 -4.46 -1.15
30442 -46.1071 -4.46 -1.15
26484 -43.1127 -4.46 -1.15
26027 -46.8028 -4.46 -1.15
29370 -46.1517 -4.46 -1.15
30790 -48.2653 -4.46 -1.15
16656 -48.2154 -4.46 -1.15
30058 -46.3298 -4.46 -1.15
25408 -44.4877 -4.46 -1.15
31861 -45.6558 -4.46 -1.15
19976 -48.5377 -4.46 -1.15
36167 -53.6174 -4.46 -1.15
32045 -46.79 -4.46 -1.15
27371 -51.0502 -4.46 -1.15
30340 -50.5508 -4.46 -1.15
24759 -44.0819 -4.46 -1.15
26104 -43.1066 -4.46 -1.15
31314 -45.3499 -4.46 -1.15
32266 -61.1923 -4.46 -1.15
26741 -49.4853 -4.46 -1.15
26237 -53.7459 -4.46 -1.15
25764 -48.2706 -4.46 -1.15
21807 -47.6237 -4.46 -1.15
23817 -44.7211 -4.46 -1.15
25913 -44.5669 -4.46 -1.15
25370 -41.9624 -4.46 -1.15
27764 -39.1501 -4.46 -1.15
29654 -47.5153 -4.46 -1.15
28606 -45.0878 -4.46 -1.15
26246 -59.2785 -4.46 -1.15
27912 -45.9532 -4.46 -1.15
28044 -41.5718 -4.46 -1.15
27412 -64.8999 -4.46 -1.15
23161 -45.6664 -4.46 -1.15
30347 -44.1178 -4.46 -1.15
28081 -49.5726 -4.46 -1.15
209152 -60.1922 18.88 24.9
205399 -58.4989 18.88 24.9
209461 -62.5728 18.88 24.9
207532 -60.578 18.88 24.9
206697 -56.1484 18.88 24.9
211681 -60.7765 18.88 24.9
210817 -61.3395 18.88 24.9
218406 -68.39 18.88 24.9
207013 -63.9861 18.88 24.9
209062 -61.3546 18.88 24.9
212745 -60.6238 18.88 24.9
211883 -63.9114 18.88 24.9
214764 -69.4262 18.88 24.9
206474 -63.5372 18.88 24.9
209379 -62.7813 18.88 24.9
212987 -59.9127 18.88 24.9
210110 -61.1703 18.88 24.9
211251 -62.3272 18.88 24.9
215838 -58.5118 18.88 24.9
212370 -61.3284 18.88 24.9
213682 -57.8306 18.88 24.9
203101 -66.7408 18.88 24.9
208448 -63.1284 18.88 24.9
209311 -61.1871 18.88 24.9
210681 -61.9827 18.88 24.9
208690 -63.4608 18.88 24.9
210559 -57.5425 18.88 24.9
215013 -64.3752 18.88 24.9
207258 -58.4202 18.88 24.9
210122 -61.2617 18.88 24.9
212018 -60.8329 18.88 24.9
210637 -62.2031 18.88 24.9
211942 -59.5773 18.88 24.9
206697 -66.5872 18.88 24.9
209985 -61.0585 18.88 24.9
217445 -64.7968 18.88 24.9
217760 -64.0021 18.88 24.9
208882 -61.5717 18.88 24.9
203689 -60.3161 18.88 24.9
88472 -57.873 14.13 -1.92
90967 -51.2575 14.13 -1.92
84825 -51.1623 14.13 -1.92
94827 -70.0953 14.13 -1.92
28446 -75.5294 14.13 -1.92
87439 -54.1011 14.13 -1.92
86751 -60.1784 14.13 -1.92
98244 -55.8164 14.13 -1.92
88414 -61.5943 14.13 -1.92
96979 -53.7293 14.13 -1.92
93616 -57.267 14.13 -1.92
93987 -53.9127 14.13 -1.92
93535 -53.3901 14.13 -1.92
93063 -56.0987 14.13 -1.92
89402 -61.0323 14.13 -1.92
88068 -61.4561 14.13 -1.92
82653 -59.6382 14.13 -1.92
88392 -53.5301 14.13 -1.92
80581 -59.9783 14.13 -1.92
92733 -48.5193 14.13 -1.92
99244 -56.5143 14.13 -1.92
91919 -58.5611 14.13 -1.92
95236 -51.8158 14.13 -1.92
85905 -58.0692 14.13 -1.92
82315 -56.0823 14.13 -1.92
82704 -65.1786 14.13 -1.92
91611 -50.4118 14.13 -1.92
88940 -52.384 14.13 -1.92
88337 -59.3416 14.13 -1.92
89062 -57.4601 14.13 -1.92
89759 -49.7381 14.13 -1.92
92926 -63.5109 14.13 -1.92
90936 -60.2931 14.13 -1.92
82858 -59.3893 14.13 -1.92
87027 -54.4602 14.13 -1.92
94682 -57.2057 14.13 -1.92
88489 -54.7573 14.13 -1.92
84285 -54.7054 14.13 -1.92
89955 -62.6076 14.13 -1.92
155931 -58.6877 22.08 -6.93
159470 -62.5211 22.08 -6.93
158930 -61.3369 22.08 -6.93
166296 -61.2358 22.08 -6.93
164866 -56.2521 22.08 -6.93
154430 -62.2325 22.08 -6.93
159665 -59.7997 22.08 -6.93
163082 -62.6035 22.08 -6.93
155167 -59.3787 22.08 -6.93
169068 -60.1525 22.08 -6.93
158354 -57.0197 22.08 -6.93
161899 -59.1033 22.08 -6.93
163274 -60.7917 22.08 -6.93
152758 -63.9044 22.08 -6.93
161481 -57.5773 22.08 -6.93
155544 -64.1525 22.08 -6.93
160906 -66.893 22.08 -6.93
151044 -60.1592 22.08 -6.93
162152 -61.191 22.08 -6.93
142394 -72.1737 22.08 -6.93
165668 -73.6305 22.08 -6.93
164081 -60.7639 22.08 -6.93
160208 -61.5746 22.08 -6.93
168506 -63.7544 22.08 -6.93
167233 -56.6569 22.08 -6.93
164357 -59.7534 22.08 -6.93
156257 -61.3065 22.08 -6.93
154431 -64.2231 22.08 -6.93
161590 -58.7916 22.08 -6.93
164295 -58.2869 22.08 -6.93
163275 -59.2313 22.08 -6.93
161377 -61.4607 22.08 -6.93
159872 -60.6057 22.08 -6.93
156948 -58.8858 22.08 -6.93
158613 -62.1556 22.08 -6.93
154719 -64.8406 22.08 -6.93
160447 -64.4231 22.08 -6.93
162911 -55.8457 22.08 -6.93
162644 -60.4518 22.08 -6.93
96055 -54.3467 -7 -12.37
88289 -52.2693 -7 -12.37
91542 -54.0973 -7 -12.37
89896 -53.4572 -7 -12.37
86110 -52.0893 -7 -12.37
90485 -49.6114 -7 -12.37
88029 -60.7226 -7 -12.37
86286 -63.4743 -7 -12.37
92895 -55.9305 -7 -12.37
92125 -55.18 -7 -12.37
92639 -55.3623 -7 -12.37
93172 -49.7911 -7 -12.37
90312 -55.3317 -7 -12.37
92516 -52.2225 -7 -12.37
95137 -50.6094 -7 -12.37
103606 -56.2921 -7 -12.37
93820 -52.4135 -7 -12.37
91483 -55.9986 -7 -12.37
91431 -53.4711 -7 -12.37
87509 -63.9453 -7 -12.37
89468 -49.8941 -7 -12.37
91801 -52.9971 -7 -12.37
92354 -51.3461 -7 -12.37
94162 -51.9299 -7 -12.37
95345 -56.2075 -7 -12.37
89918 -66.1997 -7 -12.37
92361 -64.1895 -7 -12.37
90960 -55.2315 -7 -12.37
93217 -56.1136 -7 -12.37
91698 -52.438 -7 -12.37
87516 -56.6667 -7 -12.37
94101 -57.2734 -7 -12.37
89225 -53.5884 -7 -12.37
92392 -55.3879 -7 -12.37
89649 -54.6867 -7 -12.37
97012 -55.0139 -7 -12.37
93215 -51.0579 -7 -12.37
86921 -50.2107 -7 -12.37
92851 -64.0147 -7 -12.37
238763 -58.2078 28.77 20.46
230690 -59.1468 28.77 20.46
232541 -68.1276 28.77 20.46
238722 -64.0731 28.77 20.46
234142 -64.0249 28.77 20.46
231068 -59.8899 28.77 20.46
232390 -61.9066 28.77 20.46
238142 -61.2159 28.77 20.46
241385 -61.5484 28.77 20.46
234720 -62.5258 28.77 20.46
242389 -66.0639 28.77 20.46
244401 -65.5598 28.77 20.46
242311 -58.4278 28.77 20.46
233000 -64.2521 28.77 20.46
234691 -61.0672 28.77 20.46
238914 -66.9121 28.77 20.46
229401 -61.8065 28.77 20.46
235880 -60.139 28.77 20.46
240005 -67.129 28.77 20.46
229268 -63.4709 28.77 20.46
235922 -61.3049 28.77 20.46
228076 -62.003 28.77 20.46
232969 -63.4164 28.77 20.46
236479 -63.0871 28.77 20.46
239966 -68.9222 28.77 20.46
233078 -58.6881 28.77 20.46
232047 -66.796 28.77 20.46
238278 -64.3652 28.77 20.46
239665 -66.346 28.77 20.46
232770 -66.026 28.77 20.46
238214 -58.1323 28.77 20.46
239504 -62.6232 28.77 20.46
233732 -55.6524 28.77 20.46
239552 -60.4189 28.77 20.46
229836 -59.4441 28.77 20.46
232735 -71.7788 28.77 20.46
243653 -65.6739 28.77 20.46
236127 -67.8629 28.77 20.46
238683 -61.4466 28.77 20.46
200169 -63.3909 23.6 22.72
212597 -60.0089 23.6 22.72
214855 -65.0349 23.6 22.72
212947 -53.6259 23.6 22.72
214363 -65.9306 23.6 22.72
215308 -67.4629 23.6 22.72
196610 -65.055 23.6 22.72
218310 -61.6927 23.6 22.72
212295 -63.7285 23.6 22.72
211903 -64.8535 23.6 22.72
206443 -63.8552 23.6 22.72
207319 -61.7099 23.6 22.72
205346 -73.9424 23.6 22.72
219166 -67.4125 23.6 22.72
208081 -60.1795 23.6 22.72
193411 -77.5572 23.6 22.72
206391 -71.4248 23.6 22.72
206925 -61.408 23.6 22.72
209117 -66.437 23.6 22.72
214105 -64.3883 23.6 22.72
206568 -62.2308 23.6 22.72
219224 -62.989 23.6 22.72
210799 -61.3532 23.6 22.72
206474 -62.2206 23.6 22.72
206730 -63.6894 23.6 22.72
204355 -66.5551 23.6 22.72
220334 -67.0274 23.6 22.72
208411 -63.2457 23.6 22.72
208284 -60.8989 23.6 22.72
209572 -70.5438 23.6 22.72
213779 -65.1668 23.6 22.72
210652 -63.9588 23.6 22.72
211293 -63.2964 23.6 22.72
210635 -59.4591 23.6 22.72
208272 -59.3021 23.6 22.72
213003 -61.6373 23.6 22.72
211424 -64.47 23.6 22.72
209295 -63.2545 23.6 22.72
207620 -55.6961 23.6 22.72
118031 -55.8762 -17.42 6.7
123485 -56.6426 -17.42 6.7
120373 -60.806 -17.42 6.7
132519 -53.1589 -17.42 6.7
124123 -59.2798 -17.42 6.7
117743 -56.8112 -17.42 6.7
120989 -59.8218 -17.42 6.7
117588 -58.2238 -17.42 6.7
118033 -58.6313 -17.42 6.7
123378 -55.6983 -17.42 6.7
116271 -55.5276 -17.42 6.7
120392 -54.8524 -17.42 6.7
116577 -53.788 -17.42 6.7
121832 -53.8917 -17.42 6.7
118912 -56.8376 -17.42 6.7
117721 -62.2215 -17.42 6.7
120294 -52.3295 -17.42 6.7
127226 -56.4343 -17.42 6.7
111243 -60.9286 -17.42 6.7
117639 -56.7286 -17.42 6.7
108625 -66.2333 -17.42 6.7
122160 -57.9499 -17.42 6.7
110155 -58.571 -17.42 6.7
113863 -61.6091 -17.42 6.7
110219 -62.4043 -17.42 6.7
121847 -56.6528 -17.42 6.7
130874 -71.827 -17.42 6.7
119898 -56.4351 -17.42 6.7
119290 -55.2653 -17.42 6.7
116537 -64.8396 -17.42 6.7
123381 -59.3499 -17.42 6.7
121995 -61.3715 -17.42 6.7
116677 -59.4603 -17.42 6.7
127572 -64.3198 -17.42 6.7
122732 -60.842 -17.42 6.7
119524 -63.4085 -17.42 6.7
117113 -54.7477 -17.42 6.7
117155 -61.1648 -17.42 6.7
118851 -56.9817 -17.42 6.7
107582 -61.1891 14.51 -5.8
107843 -53.6408 14.51 -5.8
100174 -52.4332 14.51 -5.8
99494 -60.1516 14.51 -5.8
102876 -60.0162 14.51 -5.8
109044 -55.1359 14.51 -5.8
104802 -56.2942 14.51 -5.8
101374 -53.9777 14.51 -5.8
103963 -69.9361 14.51 -5.8
106384 -54.2823 14.51 -5.8
100028 -58.5335 14.51 -5.8
102095 -53.2443 14.51 -5.8
110739 -60.4743 14.51 -5.8
106011 -61.2919 14.51 -5.8
101838 -53.2236 14.51 -5.8
97993 -57.2824 14.51 -5.8
104493 -59.966 14.51 -5.8
109901 -55.3717 14.51 -5.8
104218 -61.8665 14.51 -5.8
107768 -55.1271 14.51 -5.8
110564 -66.4994 14.51 -5.8
102286 -61.1269 14.51 -5.8
101061 -59.5786 14.51 -5.8
98873 -62.5759 14.51 -5.8
100986 -62.1885 14.51 -5.8
102488 -59.1832 14.51 -5.8
97269 -57.1141 14.51 -5.8
103571 -57.637 14.51 -5.8
98306 -51.4393 14.51 -5.8
104275 -52.9028 14.51 -5.8
100174 -59.2592 14.51 -5.8
99270 -60.2665 14.51 -5.8
105071 -63.0203 14.51 -5.8
106327 -73.231 14.51 -5.8
103617 -52.4126 14.51 -5.8
94656 -54.1487 14.51 -5.8
105702 -60.3212 14.51 -5.8
100924 -58.2285 14.51 -5.8
99994 -52.9177 14.51 -5.8
84769 -59.1473 9.79 7.92
89112 -51.3259 9.79 7.92
89959 -58.2217 9.79 7.92
87784 -58.1338 9.79 7.92
87274 -52.0012 9.79 7.92
91393 -54.3798 9.79 7.92
45153 -75.0883 9.79 7.92
85419 -59.2854 9.79 7.92
94039 -54.4696 9.79 7.92
90906 -59.9419 9.79 7.92
90887 -52.0349 9.79 7.92
86738 -54.2046 9.79 7.92
86799 -54.0855 9.79 7.92
86065 -49.1089 9.79 7.92
89560 -53.4268 9.79 7.92
90019 -55.9637 9.79 7.92
87605 -54.8912 9.79 7.92
92206 -56.234 9.79 7.92
89466 -63.4469 9.79 7.92
85930 -54.6256 9.79 7.92
88460 -53.5113 9.79 7.92
81955 -62.9705 9.79 7.92
86160 -52.7927 9.79 7.92
91856 -49.7322 9.79 7.92
88312 -57.75 9.79 7.92
86546 -55.8184 9.79 7.92
96700 -48.8258 9.79 7.92
91287 -50.2417 9.79 7.92
88961 -49.3413 9.79 7.92
92064 -51.5209 9.79 7.92
88880 -55.4108 9.79 7.92
87494 -57.1983 9.79 7.92
91774 -49.5505 9.79 7.92
90425 -56.7146 9.79 7.92
89758 -56.4682 9.79 7.92
93519 -52.1074 9.79 7.92
92086 -55.2702 9.79 7.92
84820 -51.9917 9.79 7.92
81471 -58.385 9.79 7.92
