#rtt sig_str x y
156542 -60.4905 13.74 -19.75
159649 -61.5412 13.74 -19.75
159970 -56.0736 13.74 -19.75
153286 -55.5887 13.74 -19.75
155326 -59.7485 13.74 -19.75
161776 -56.7542 13.74 -19.75
157229 -60.4442 13.74 -19.75
155728 -59.7931 13.74 -19.75
150665 -61.9068 13.74 -19.75
166912 -61.8568 13.74 -19.75
165162 -59.9712 13.74 -19.75
153860 -58.1292 13.74 -19.75
162636 -59.2972 13.74 -19.75
153977 -62.1792 13.74 -19.75
157676 -67.2589 13.74 -19.75
158040 -60.4315 13.74 -19.75
149328 -64.6916 13.74 -19.75
164347 -64.1923 13.74 -19.75
155155 -57.7234 13.74 -19.75
162665 -56.7481 13.74 -19.75
155132 -58.9913 13.74 -19.75
174838 -74.8337 13.74 -19.75
157538 -63.1268 13.74 -19.75
166695 -67.3874 13.74 -19.75
155553 -61.9121 13.74 -19.75
153259 -61.2652 13.74 -19.75
153301 -58.3625 13.74 -19.75
156959 -58.2084 13.74 -19.75
162023 -55.6038 13.74 -19.75
154811 -52.7916 13.74 -19.75
162639 -61.1568 13.74 -19.75
161427 -58.7292 13.74 -19.75
156174 -72.92 13.74 -19.75
162180 -59.5947 13.74 -19.75
162589 -55.2133 13.74 -19.75
127052 -78.5414 13.74 -19.75
161557 -59.3078 13.74 -19.75
151829 -57.7592 13.74 -19.75
162426 -63.214 13.74 -19.75
98464 -53.1073 3.68 -12.72
94688 -51.4141 3.68 -12.72
100346 -55.488 3.68 -12.72
99490 -53.4932 3.68 -12.72
97119 -49.0636 3.68 -12.72
98949 -53.6916 3.68 -12.72
98950 -54.2546 3.68 -12.72
93105 -61.3052 3.68 -12.72
97204 -56.9013 3.68 -12.72
95181 -54.2698 3.68 -12.72
94528 -53.539 3.68 -12.72
96271 -56.8265 3.68 -12.72
89223 -62.3414 3.68 -12.72
89601 -56.4523 3.68 -12.72
90939 -55.6964 3.68 -12.72
102055 -52.8278 3.68 -12.72
94280 -54.0854 3.68 -12.72
98020 -55.2424 3.68 -12.72
96435 -51.427 3.68 -12.72
102215 -54.2436 3.68 -12.72
97147 -50.7457 3.68 -12.72
99860 -59.6559 3.68 -12.72
99302 -56.0436 3.68 -12.72
94974 -54.1022 3.68 -12.72
94237 -54.8979 3.68 -12.72
87552 -56.3759 3.68 -12.72
89125 -50.4576 3.68 -12.72
93771 -57.2903 3.68 -12.72
93642 -51.3354 3.68 -12.72
95552 -54.1769 3.68 -12.72
96400 -53.748 3.68 -12.72
96406 -55.1182 3.68 -12.72
98259 -52.4924 3.68 -12.72
93004 -59.5024 3.68 -12.72
97283 -53.9737 3.68 -12.72
102611 -57.7119 3.68 -12.72
91502 -56.9173 3.68 -12.72
93390 -54.4869 3.68 -12.72
92109 -53.2312 3.68 -12.72
193173 -64.068 -22.51 -20.15
197120 -57.4526 -22.51 -20.15
189638 -57.3574 -22.51 -20.15
136225 -76.2903 -22.51 -20.15
115192 -81.7245 -22.51 -20.15
195370 -60.2961 -22.51 -20.15
186196 -66.3734 -22.51 -20.15
195788 -62.0114 -22.51 -20.15
196691 -67.7893 -22.51 -20.15
188851 -59.9244 -22.51 -20.15
189626 -63.4621 -22.51 -20.15
196309 -60.1077 -22.51 -20.15
193624 -59.5852 -22.51 -20.15
190970 -62.2938 -22.51 -20.15
208399 -67.2273 -22.51 -20.15
183080 -67.6511 -22.51 -20.15
198537 -65.8332 -22.51 -20.15
191190 -59.7252 -22.51 -20.15
180201 -66.1734 -22.51 -20.15
193067 -54.7144 -22.51 -20.15
190275 -62.7093 -22.51 -20.15
184888 -64.7562 -22.51 -20.15
190193 -58.0109 -22.51 -20.15
186381 -64.2642 -22.51 -20.15
194469 -62.2773 -22.51 -20.15
184629 -71.3736 -22.51 -20.15
191970 -56.6068 -22.51 -20.15
196409 -58.5791 -22.51 -20.15
192225 -65.5367 -22.51 -20.15
188888 -63.6551 -22.51 -20.15
199352 -55.9331 -22.51 -20.15
196397 -69.7059 -22.51 -20.15
192005 -66.4881 -22.51 -20.15
193153 -65.5843 -22.51 -20.15
194486 -60.6552 -22.51 -20.15
195386 -63.4007 -22.51 -20.15
188004 -60.9523 -22.51 -20.15
194579 -60.9005 -22.51 -20.15
197563 -68.8026 -22.51 -20.15
51037 -50.6326 -6.15 -6.18
51206 -54.466 -6.15 -6.18
48041 -53.2818 -6.15 -6.18
46884 -53.1807 -6.15 -6.18
54377 -48.1971 -6.15 -6.18
54515 -54.1774 -6.15 -6.18
52263 -51.7446 -6.15 -6.18
58416 -54.5484 -6.15 -6.18
49365 -51.3236 -6.15 -6.18
51487 -52.0974 -6.15 -6.18
50349 -48.9646 -6.15 -6.18
57846 -51.0482 -6.15 -6.18
51499 -52.7367 -6.15 -6.18
49985 -55.8494 -6.15 -6.18
53408 -49.5222 -6.15 -6.18
47566 -56.0974 -6.15 -6.18
50737 -58.8379 -6.15 -6.18
52368 -52.1042 -6.15 -6.18
50720 -53.136 -6.15 -6.18
54147 -64.1186 -6.15 -6.18
54689 -65.5755 -6.15 -6.18
55405 -52.7088 -6.15 -6.18
50635 -53.5195 -6.15 -6.18
47991 -55.6993 -6.15 -6.18
53196 -48.6018 -6.15 -6.18
55181 -51.6983 -6.15 -6.18
52898 -53.2515 -6.15 -6.18
51409 -56.168 -6.15 -6.18
53348 -50.7366 -6.15 -6.18
49776 -50.2319 -6.15 -6.18
49265 -51.1762 -6.15 -6.18
44977 -53.4056 -6.15 -6.18
52762 -52.5506 -6.15 -6.18
53251 -50.8307 -6.15 -6.18
50630 -54.1006 -6.15 -6.18
49382 -56.7855 -6.15 -6.18
54915 -56.3681 -6.15 -6.18
44961 -47.7906 -6.15 -6.18
54753 -52.3967 -6.15 -6.18
141349 -57.2639 16.88 -11.17
145639 -55.1866 16.88 -11.17
149102 -57.0146 16.88 -11.17
144840 -56.3745 16.88 -11.17
142645 -55.0066 16.88 -11.17
141770 -52.5287 16.88 -11.17
142479 -63.6398 16.88 -11.17
152150 -66.3916 16.88 -11.17
146001 -58.8478 16.88 -11.17
144295 -58.0973 16.88 -11.17
139861 -58.2795 16.88 -11.17
139484 -52.7083 16.88 -11.17
142841 -58.249 16.88 -11.17
139957 -55.1398 16.88 -11.17
140221 -53.5267 16.88 -11.17
146296 -59.2094 16.88 -11.17
143901 -55.3308 16.88 -11.17
143694 -58.9158 16.88 -11.17
146215 -56.3884 16.88 -11.17
144022 -66.8625 16.88 -11.17
143684 -52.8114 16.88 -11.17
139458 -55.9144 16.88 -11.17
143312 -54.2633 16.88 -11.17
146740 -54.8471 16.88 -11.17
138417 -59.1248 16.88 -11.17
147148 -69.1169 16.88 -11.17
142937 -67.1067 16.88 -11.17
138373 -58.1488 16.88 -11.17
138227 -59.0309 16.88 -11.17
140253 -55.3552 16.88 -11.17
132972 -59.584 16.88 -11.17
148666 -60.1907 16.88 -11.17
134775 -56.5057 16.88 -11.17
139430 -58.3051 16.88 -11.17
143114 -57.604 16.88 -11.17
140629 -57.9312 16.88 -11.17
140527 -53.9751 16.88 -11.17
139097 -53.128 16.88 -11.17
144422 -66.932 16.88 -11.17
197916 -56.507 0.66 -28.72
193469 -57.446 0.66 -28.72
195084 -66.4268 0.66 -28.72
195913 -62.3722 0.66 -28.72
191216 -62.3241 0.66 -28.72
199268 -58.1891 0.66 -28.72
183550 -60.2058 0.66 -28.72
198148 -59.515 0.66 -28.72
195773 -59.8476 0.66 -28.72
200316 -60.825 0.66 -28.72
197578 -64.3631 0.66 -28.72
193863 -63.859 0.66 -28.72
196655 -56.727 0.66 -28.72
196440 -62.5513 0.66 -28.72
196299 -59.3664 0.66 -28.72
193732 -65.2113 0.66 -28.72
199131 -60.1057 0.66 -28.72
205906 -58.4382 0.66 -28.72
196873 -65.4282 0.66 -28.72
197803 -61.7701 0.66 -28.72
203460 -59.604 0.66 -28.72
189626 -60.3022 0.66 -28.72
194114 -61.7156 0.66 -28.72
191319 -61.3863 0.66 -28.72
201453 -67.2214 0.66 -28.72
196453 -56.9873 0.66 -28.72
198899 -65.0952 0.66 -28.72
194131 -62.6644 0.66 -28.72
199826 -64.6451 0.66 -28.72
200376 -64.3252 0.66 -28.72
199359 -56.4315 0.66 -28.72
199272 -60.9224 0.66 -28.72
198362 -53.9516 0.66 -28.72
195724 -58.7181 0.66 -28.72
200024 -57.7433 0.66 -28.72
184907 -70.078 0.66 -28.72
196029 -63.9731 0.66 -28.72
201041 -66.1621 0.66 -28.72
199121 -59.7458 0.66 -28.72
123680 -58.9199 -19.04 -0.76
134154 -55.5378 -19.04 -0.76
130198 -60.5638 -19.04 -0.76
131425 -49.1549 -19.04 -0.76
123193 -61.4596 -19.04 -0.76
129184 -62.9918 -19.04 -0.76
134474 -60.5839 -19.04 -0.76
130719 -57.2216 -19.04 -0.76
131015 -59.2575 -19.04 -0.76
135443 -60.3824 -19.04 -0.76
134580 -59.3841 -19.04 -0.76
123958 -57.2388 -19.04 -0.76
126817 -69.4713 -19.04 -0.76
139601 -62.9415 -19.04 -0.76
126452 -55.7085 -19.04 -0.76
112972 -73.0861 -19.04 -0.76
123793 -66.9537 -19.04 -0.76
121202 -56.9369 -19.04 -0.76
130128 -61.9659 -19.04 -0.76
133226 -59.9172 -19.04 -0.76
122239 -57.7597 -19.04 -0.76
127474 -58.5179 -19.04 -0.76
124535 -56.8821 -19.04 -0.76
134273 -57.7495 -19.04 -0.76
132691 -59.2184 -19.04 -0.76
132321 -62.084 -19.04 -0.76
128195 -62.5564 -19.04 -0.76
127796 -58.7746 -19.04 -0.76
127807 -56.4278 -19.04 -0.76
132181 -66.0727 -19.04 -0.76
130816 -60.6957 -19.04 -0.76
133820 -59.4877 -19.04 -0.76
130148 -58.8253 -19.04 -0.76
135795 -54.988 -19.04 -0.76
135614 -54.831 -19.04 -0.76
131733 -57.1663 -19.04 -0.76
134273 -59.9989 -19.04 -0.76
126089 -58.7834 -19.04 -0.76
130760 -51.2251 -19.04 -0.76
222545 -60.7315 21.21 26.08
220241 -61.4978 21.21 26.08
230062 -65.6613 21.21 26.08
213472 -58.0141 21.21 26.08
217771 -64.1351 21.21 26.08
229317 -61.6664 21.21 26.08
228541 -64.6771 21.21 26.08
225195 -63.079 21.21 26.08
219100 -63.4866 21.21 26.08
225209 -60.5535 21.21 26.08
226495 -60.3828 21.21 26.08
228473 -59.7077 21.21 26.08
217490 -58.6433 21.21 26.08
225932 -58.747 21.21 26.08
225310 -61.6929 21.21 26.08
221768 -67.0768 21.21 26.08
221198 -57.1847 21.21 26.08
229532 -61.2895 21.21 26.08
227604 -65.7839 21.21 26.08
223950 -61.5838 21.21 26.08
229649 -71.0886 21.21 26.08
224020 -62.8051 21.21 26.08
213736 -63.4262 21.21 26.08
218582 -66.4643 21.21 26.08
212094 -67.2595 21.21 26.08
229179 -61.5081 21.21 26.08
198655 -76.6823 21.21 26.08
223003 -61.2903 21.21 26.08
215907 -60.1206 21.21 26.08
230294 -69.6949 21.21 26.08
222970 -64.2051 21.21 26.08
226407 -66.2268 21.21 26.08
226068 -64.3155 21.21 26.08
232973 -69.1751 21.21 26.08
223254 -65.6972 21.21 26.08
231273 -68.2638 21.21 26.08
219379 -59.603 21.21 26.08
224111 -66.02 21.21 26.08
230715 -61.837 21.21 26.08
236014 -67.4955 27.33 19.47
225955 -59.9472 27.33 19.47
227232 -58.7396 27.33 19.47
225745 -66.458 27.33 19.47
214391 -66.3226 27.33 19.47
221171 -61.4423 27.33 19.47
219606 -62.6006 27.33 19.47
228907 -60.2841 27.33 19.47
221218 -76.2425 27.33 19.47
227050 -60.5887 27.33 19.47
223431 -64.8399 27.33 19.47
227238 -59.5507 27.33 19.47
220930 -66.7807 27.33 19.47
201512 -67.5983 27.33 19.47
220995 -59.53 27.33 19.47
226563 -63.5888 27.33 19.47
223069 -66.2724 27.33 19.47
227072 -61.6781 27.33 19.47
224762 -68.1729 27.33 19.47
224066 -61.4335 27.33 19.47
228231 -72.8058 27.33 19.47
226203 -67.4333 27.33 19.47
230756 -65.885 27.33 19.47
230411 -68.8823 27.33 19.47
224437 -68.4949 27.33 19.47
225179 -65.4896 27.33 19.47
226921 -63.4205 27.33 19.47
224317 -63.9434 27.33 19.47
229556 -57.7457 27.33 19.47
224468 -59.2092 27.33 19.47
221683 -65.5656 27.33 19.47
224830 -66.5729 27.33 19.47
225445 -69.3267 27.33 19.47
152835 -79.5374 27.33 19.47
224447 -58.719 27.33 19.47
225972 -60.4551 27.33 19.47
229124 -66.6276 27.33 19.47
225380 -64.5349 27.33 19.47
224925 -59.2241 27.33 19.47
212239 -66.1477 29.06 4.55
210523 -58.3263 29.06 4.55
205293 -65.2221 29.06 4.55
205530 -65.1342 29.06 4.55
207051 -59.0016 29.06 4.55
200458 -61.3802 29.06 4.55
209305 -58.2225 29.06 4.55
206741 -54.4221 29.06 4.55
211164 -58.2995 29.06 4.55
208219 -59.1821 29.06 4.55
208031 -59.1831 29.06 4.55
200866 -70.2496 29.06 4.55
208983 -61.1321 29.06 4.55
208883 -60.0151 29.06 4.55
200155 -60.9314 29.06 4.55
205334 -57.3572 29.06 4.55
201853 -60.9274 29.06 4.55
214072 -61.8801 29.06 4.55
201404 -63.9227 29.06 4.55
205399 -55.7223 29.06 4.55
201786 -65.419 29.06 4.55
201425 -62.8774 29.06 4.55
205262 -66.3192 29.06 4.55
204542 -58.3865 29.06 4.55
202032 -64.3617 29.06 4.55
207002 -60.0599 29.06 4.55
218721 -61.0033 29.06 4.55
205453 -61.0712 29.06 4.55
207946 -63.5095 29.06 4.55
201230 -64.7497 29.06 4.55
215469 -71.6897 29.06 4.55
212675 -59.2751 29.06 4.55
202476 -60.6813 29.06 4.55
213974 -68.7576 29.06 4.55
210823 -57.2364 29.06 4.55
207267 -57.6229 29.06 4.55
210595 -66.5319 29.06 4.55
194496 -67.2192 29.06 4.55
208329 -61.3186 29.06 4.55
