#rtt sig_str x y
175898 -61.8339 21.83 18.03
179370 -62.8845 21.83 18.03
179641 -57.4169 21.83 18.03
182726 -56.932 21.83 18.03
180731 -61.0919 21.83 18.03
185964 -58.0976 21.83 18.03
175669 -61.7876 21.83 18.03
181214 -61.1365 21.83 18.03
185103 -63.2502 21.83 18.03
193034 -63.2002 21.83 18.03
188579 -61.3146 21.83 18.03
183757 -59.4726 21.83 18.03
181897 -60.6406 21.83 18.03
184002 -63.5226 21.83 18.03
178321 -68.6023 21.83 18.03
188997 -61.7749 21.83 18.03
184964 -66.035 21.83 18.03
171763 -65.5356 21.83 18.03
193008 -59.0667 21.83 18.03
185968 -58.0914 21.83 18.03
183226 -60.3347 21.83 18.03
184127 -76.1771 21.83 18.03
182563 -64.4702 21.83 18.03
190593 -68.7307 21.83 18.03
179314 -63.2555 21.83 18.03
186569 -62.6085 21.83 18.03
182936 -59.7059 21.83 18.03
185063 -59.5518 21.83 18.03
188257 -56.9472 21.83 18.03
183981 -54.135 21.83 18.03
189314 -62.5002 21.83 18.03
185193 -60.0726 21.83 18.03
194633 -74.2634 21.83 18.03
188570 -60.938 21.83 18.03
183776 -56.5566 21.83 18.03
203479 -79.8847 21.83 18.03
181982 -60.6512 21.83 18.03
194451 -59.1026 21.83 18.03
189148 -64.5574 21.83 18.03
103110 -54.5954 -12.91 -9.21
102336 -52.9022 -12.91 -9.21
104104 -56.976 -12.91 -9.21
103063 -54.9813 -12.91 -9.21
100504 -50.5517 -12.91 -9.21
98752 -55.1797 -12.91 -9.21
99547 -55.7427 -12.91 -9.21
104828 -62.7933 -12.91 -9.21
99343 -58.3894 -12.91 -9.21
106633 -55.7579 -12.91 -9.21
104625 -55.0271 -12.91 -9.21
98434 -58.3146 -12.91 -9.21
102326 -63.8295 -12.91 -9.21
99380 -57.9404 -12.91 -9.21
92950 -57.1845 -12.91 -9.21
100467 -54.3159 -12.91 -9.21
100155 -55.5735 -12.91 -9.21
109422 -56.7305 -12.91 -9.21
106389 -52.915 -12.91 -9.21
107684 -55.7317 -12.91 -9.21
103392 -52.2338 -12.91 -9.21
95935 -61.144 -12.91 -9.21
109048 -57.5317 -12.91 -9.21
94962 -55.5903 -12.91 -9.21
95627 -56.386 -12.91 -9.21
102775 -57.864 -12.91 -9.21
100884 -51.9457 -12.91 -9.21
104714 -58.7784 -12.91 -9.21
102140 -52.8235 -12.91 -9.21
101582 -55.665 -12.91 -9.21
100929 -55.2361 -12.91 -9.21
103249 -56.6063 -12.91 -9.21
101762 -53.9805 -12.91 -9.21
102800 -60.9905 -12.91 -9.21
102192 -55.4617 -12.91 -9.21
102523 -59.2 -12.91 -9.21
104786 -58.4054 -12.91 -9.21
105692 -55.975 -12.91 -9.21
99147 -54.7193 -12.91 -9.21
261182 -65.9826 -25.61 28.21
247522 -59.3671 -25.61 28.21
240996 -59.2719 -25.61 28.21
284453 -78.2048 -25.61 28.21
248277 -62.3431 -25.61 28.21
254835 -60.4231 -25.61 28.21
251597 -58.6493 -25.61 28.21
248383 -65.514 -25.61 28.21
246408 -64.6654 -25.61 28.21
246392 -61.6956 -25.61 28.21
240178 -64.263 -25.61 28.21
251499 -71.4642 -25.61 28.21
249878 -61.8181 -25.61 28.21
263867 -78.6484 -25.61 28.21
259883 -67.5378 -25.61 28.21
240615 -68.1379 -25.61 28.21
258067 -61.8491 -25.61 28.21
235054 -69.0851 -25.61 28.21
251035 -66.165 -25.61 28.21
253787 -64.3174 -25.61 28.21
249329 -61.7615 -25.61 28.21
266408 -70.7174 -25.61 28.21
249753 -61.8549 -25.61 28.21
252020 -62.7058 -25.61 28.21
252636 -61.5066 -25.61 28.21
243626 -65.4066 -25.61 28.21
247179 -59.4737 -25.61 28.21
249016 -61.5869 -25.61 28.21
249112 -67.7666 -25.61 28.21
215085 -74.7482 -25.61 28.21
247518 -66.5949 -25.61 28.21
248760 -68.9416 -25.61 28.21
249677 -59.4172 -25.61 28.21
257693 -65.9188 -25.61 28.21
243169 -62.5078 -25.61 28.21
247823 -66.3852 -25.61 28.21
246495 -70.0575 -25.61 28.21
249736 -59.3016 -25.61 28.21
254597 -61.6197 -25.61 28.21
104273 -55.3728 15.8 -0.58
106440 -55.1094 15.8 -0.58
90744 -58.9948 15.8 -0.58
101143 -56.5205 15.8 -0.58
101615 -54.1459 15.8 -0.58
102789 -64.3749 15.8 -0.58
98396 -61.8191 15.8 -0.58
100483 -58.9027 15.8 -0.58
100982 -52.8239 15.8 -0.58
97613 -59.5151 15.8 -0.58
99868 -60.743 15.8 -0.58
91774 -53.7962 15.8 -0.58
98860 -58.0441 15.8 -0.58
101482 -54.5223 15.8 -0.58
108007 -62.7307 15.8 -0.58
102013 -57.0961 15.8 -0.58
98797 -51.5465 15.8 -0.58
98876 -54.1567 15.8 -0.58
99040 -60.63 15.8 -0.58
97745 -54.702 15.8 -0.58
98733 -57.79 15.8 -0.58
99737 -58.1694 15.8 -0.58
103414 -57.2493 15.8 -0.58
99497 -57.2662 15.8 -0.58
96775 -60.9753 15.8 -0.58
104349 -56.5726 15.8 -0.58
107496 -56.3087 15.8 -0.58
99406 -62.9515 15.8 -0.58
101987 -67.361 15.8 -0.58
100690 -57.7046 15.8 -0.58
96428 -61.5377 15.8 -0.58
102686 -60.5631 15.8 -0.58
100874 -60.6293 15.8 -0.58
99504 -57.348 15.8 -0.58
99123 -56.5255 15.8 -0.58
104156 -57.267 15.8 -0.58
101377 -56.5024 15.8 -0.58
96155 -62.998 15.8 -0.58
94324 -71.983 15.8 -0.58
65313 -66.1957 -2.84 -10
61163 -51.245 -2.84 -10
68645 -52.1715 -2.84 -10
62937 -51.3248 -2.84 -10
57668 -55.3423 -2.84 -10
65814 -44.4156 -2.84 -10
64034 -56.5281 -2.84 -10
56971 -54.1748 -2.84 -10
63476 -54.4617 -2.84 -10
57102 -50.7081 -2.84 -10
63402 -53.5694 -2.84 -10
64289 -49.981 -2.84 -10
62351 -51.2727 -2.84 -10
55759 -52.0368 -2.84 -10
61644 -58.3465 -2.84 -10
63010 -51.9798 -2.84 -10
65153 -50.271 -2.84 -10
57778 -54.6131 -2.84 -10
63084 -47.6602 -2.84 -10
63744 -50.2296 -2.84 -10
58863 -54.0406 -2.84 -10
57070 -53.6298 -2.84 -10
61519 -50.3585 -2.84 -10
57551 -57.9555 -2.84 -10
60267 -50.2899 -2.84 -10
60491 -50.2787 -2.84 -10
61913 -53.083 -2.84 -10
58652 -58.4271 -2.84 -10
62750 -52.3319 -2.84 -10
64336 -50.2261 -2.84 -10
64707 -49.3653 -2.84 -10
56338 -51.802 -2.84 -10
64121 -55.0702 -2.84 -10
61766 -48.3586 -2.84 -10
62402 -53.8013 -2.84 -10
66617 -47.8561 -2.84 -10
58220 -51.8124 -2.84 -10
62229 -51.0318 -2.84 -10
59175 -49.2229 -2.84 -10
65463 -51.6338 2.54 -10.14
71123 -53.4951 2.54 -10.14
73417 -58.5608 2.54 -10.14
68300 -57.0526 2.54 -10.14
69912 -59.5958 2.54 -10.14
68265 -55.6547 2.54 -10.14
65925 -51.0249 2.54 -10.14
73819 -55.2961 2.54 -10.14
62565 -52.0574 2.54 -10.14
65442 -50.0318 2.54 -10.14
68507 -58.5038 2.54 -10.14
74625 -56.0295 2.54 -10.14
75724 -55.0395 2.54 -10.14
68123 -53.8662 2.54 -10.14
73988 -55.0177 2.54 -10.14
69357 -50.7281 2.54 -10.14
66919 -57.1463 2.54 -10.14
73665 -51.159 2.54 -10.14
69145 -60.2503 2.54 -10.14
71327 -53.6287 2.54 -10.14
63222 -51.6183 2.54 -10.14
73219 -58.7268 2.54 -10.14
67204 -48.8768 2.54 -10.14
72603 -51.4592 2.54 -10.14
78383 -54.3587 2.54 -10.14
65818 -47.2007 2.54 -10.14
66292 -51.3817 2.54 -10.14
65580 -51.1243 2.54 -10.14
60385 -59.5617 2.54 -10.14
69142 -46.6543 2.54 -10.14
69966 -48.8685 2.54 -10.14
64274 -58.9745 2.54 -10.14
65445 -55.6365 2.54 -10.14
69132 -48.1354 2.54 -10.14
70099 -52.5948 2.54 -10.14
71138 -58.416 2.54 -10.14
76578 -53.7672 2.54 -10.14
65592 -59.5 2.54 -10.14
72346 -51.6492 2.54 -10.14
167028 -57.3392 13.6 21.28
176700 -68.5738 13.6 21.28
157297 -66.4572 13.6 21.28
161461 -52.6098 13.6 21.28
172156 -67.6622 13.6 21.28
172151 -58.6938 13.6 21.28
165179 -57.8773 13.6 21.28
162454 -61.2716 13.6 21.28
163633 -61.0319 13.6 21.28
164315 -64.6408 13.6 21.28
163794 -61.4911 13.6 21.28
172993 -69.0748 13.6 21.28
169796 -63.0736 13.6 21.28
166384 -59.5317 13.6 21.28
171727 -55.8754 13.6 21.28
160457 -63.1631 13.6 21.28
165246 -53.032 13.6 21.28
167057 -66.8515 13.6 21.28
165181 -61.1786 13.6 21.28
154249 -62.9706 13.6 21.28
175777 -65.5209 13.6 21.28
168218 -60.3128 13.6 21.28
155664 -62.3103 13.6 21.28
166265 -56.6922 13.6 21.28
169077 -59.8657 13.6 21.28
165516 -58.5736 13.6 21.28
162347 -57.7327 13.6 21.28
163287 -56.2681 13.6 21.28
167117 -61.306 13.6 21.28
169190 -61.712 13.6 21.28
154252 -68.0979 13.6 21.28
167545 -64.5367 13.6 21.28
161529 -67.4097 13.6 21.28
167335 -61.3601 13.6 21.28
164510 -59.9322 13.6 21.28
165466 -59.3722 13.6 21.28
160313 -54.1608 13.6 21.28
159115 -64.2924 13.6 21.28
162933 -59.9912 13.6 21.28
191555 -60.1542 20.94 19.9
184037 -57.6408 20.94 19.9
190219 -66.5785 20.94 19.9
186907 -65.1439 20.94 19.9
194580 -67.0344 20.94 19.9
194095 -62.0181 20.94 19.9
195384 -68.3859 20.94 19.9
186416 -63.2328 20.94 19.9
186252 -56.216 20.94 19.9
193539 -66.5366 20.94 19.9
187482 -63.4543 20.94 19.9
191908 -61.8948 20.94 19.9
188188 -58.2346 20.94 19.9
181962 -58.8664 20.94 19.9
192937 -60.8626 20.94 19.9
193133 -60.445 20.94 19.9
186388 -59.255 20.94 19.9
189005 -61.0648 20.94 19.9
198912 -60.4634 20.94 19.9
180421 -60.7134 20.94 19.9
187321 -61.4073 20.94 19.9
193098 -58.1004 20.94 19.9
182182 -66.5364 20.94 19.9
200156 -58.0777 20.94 19.9
183926 -60.5239 20.94 19.9
189663 -57.0955 20.94 19.9
187806 -57.3485 20.94 19.9
177558 -67.5386 20.94 19.9
189233 -67.9126 20.94 19.9
197478 -60.8613 20.94 19.9
195543 -61.557 20.94 19.9
185696 -58.4887 20.94 19.9
182795 -60.8927 20.94 19.9
185668 -64.7373 20.94 19.9
194400 -61.459 20.94 19.9
192401 -56.067 20.94 19.9
189777 -58.3759 20.94 19.9
193392 -60.3346 20.94 19.9
195657 -55.8224 20.94 19.9
127697 -57.7276 16.09 10.27
122752 -55.4554 16.09 10.27
125695 -60.6766 16.09 10.27
125200 -55.4602 16.09 10.27
127214 -58.4271 16.09 10.27
122666 -57.8729 16.09 10.27
116198 -60.5847 16.09 10.27
115741 -55.2079 16.09 10.27
127396 -60.0849 16.09 10.27
126180 -54.1508 16.09 10.27
86227 -73.1975 16.09 10.27
124492 -55.7127 16.09 10.27
120516 -63.4776 16.09 10.27
126478 -55.9715 16.09 10.27
129423 -59.5343 16.09 10.27
127922 -61.0377 16.09 10.27
125707 -55.9896 16.09 10.27
118754 -52.4853 16.09 10.27
122213 -62.0008 16.09 10.27
129159 -55.3604 16.09 10.27
119899 -62.7644 16.09 10.27
128682 -54.8462 16.09 10.27
128590 -54.2874 16.09 10.27
134297 -52.7842 16.09 10.27
117215 -62.4833 16.09 10.27
125075 -57.3055 16.09 10.27
126077 -56.4657 16.09 10.27
118150 -56.7245 16.09 10.27
123151 -55.1135 16.09 10.27
116769 -60.5555 16.09 10.27
117857 -61.6642 16.09 10.27
126877 -56.8104 16.09 10.27
119992 -59.2504 16.09 10.27
126564 -55.1166 16.09 10.27
127053 -56.1863 16.09 10.27
131621 -55.2292 16.09 10.27
118343 -53.6791 16.09 10.27
119219 -53.8262 16.09 10.27
126688 -57.6321 16.09 10.27
177006 -63.139 -15.48 -22.17
187016 -59.6904 -15.48 -22.17
193417 -59.843 -15.48 -22.17
182076 -58.374 -15.48 -22.17
183073 -62.0046 -15.48 -22.17
188552 -54.0424 -15.48 -22.17
186862 -57.5279 -15.48 -22.17
185373 -53.7275 -15.48 -22.17
181655 -57.605 -15.48 -22.17
188822 -58.4875 -15.48 -22.17
181451 -58.4885 -15.48 -22.17
175240 -69.5551 -15.48 -22.17
189635 -60.4376 -15.48 -22.17
185771 -59.3205 -15.48 -22.17
181333 -60.2369 -15.48 -22.17
198473 -56.6627 -15.48 -22.17
192441 -60.2329 -15.48 -22.17
180722 -61.1856 -15.48 -22.17
186266 -63.2282 -15.48 -22.17
187722 -55.0277 -15.48 -22.17
183579 -64.7245 -15.48 -22.17
185217 -62.1828 -15.48 -22.17
178388 -65.6246 -15.48 -22.17
185612 -57.6919 -15.48 -22.17
187071 -63.6671 -15.48 -22.17
183057 -59.3654 -15.48 -22.17
184657 -60.3088 -15.48 -22.17
183187 -60.3767 -15.48 -22.17
186535 -62.815 -15.48 -22.17
193003 -64.0551 -15.48 -22.17
185714 -70.9952 -15.48 -22.17
190008 -58.5805 -15.48 -22.17
185774 -59.9867 -15.48 -22.17
183162 -68.063 -15.48 -22.17
192647 -56.5419 -15.48 -22.17
189906 -56.9284 -15.48 -22.17
185550 -65.8374 -15.48 -22.17
181949 -66.5247 -15.48 -22.17
188263 -60.6241 -15.48 -22.17
