#rtt sig_str x y
172246 -61.2794 8.65 25.02
175530 -62.3301 8.65 25.02
176770 -56.8625 8.65 25.02
177052 -56.3776 8.65 25.02
166922 -60.5374 8.65 25.02
174081 -57.5431 8.65 25.02
170074 -61.2331 8.65 25.02
165544 -60.582 8.65 25.02
168645 -62.6957 8.65 25.02
161586 -62.6457 8.65 25.02
172937 -60.7601 8.65 25.02
177973 -58.9181 8.65 25.02
172671 -60.0861 8.65 25.02
166397 -62.9681 8.65 25.02
181163 -68.0478 8.65 25.02
170307 -61.2204 8.65 25.02
178452 -65.4805 8.65 25.02
172097 -64.9812 8.65 25.02
169448 -58.5123 8.65 25.02
175526 -57.537 8.65 25.02
167913 -59.7802 8.65 25.02
106016 -75.6226 8.65 25.02
179386 -63.9157 8.65 25.02
158986 -68.1763 8.65 25.02
177895 -62.701 8.65 25.02
170926 -62.0541 8.65 25.02
174894 -59.1514 8.65 25.02
180538 -58.9973 8.65 25.02
170798 -56.3927 8.65 25.02
169057 -53.5805 8.65 25.02
172275 -61.9457 8.65 25.02
172788 -59.5181 8.65 25.02
164082 -73.7089 8.65 25.02
171256 -60.3836 8.65 25.02
173883 -56.0022 8.65 25.02
174318 -79.3303 8.65 25.02
165668 -60.0967 8.65 25.02
173937 -58.5481 8.65 25.02
162689 -64.0029 8.65 25.02
123541 -55.8056 -7.16 -16.91
120483 -54.1123 -7.16 -16.91
126035 -58.1862 -7.16 -16.91
119755 -56.1914 -7.16 -16.91
114651 -51.7618 -7.16 -16.91
129619 -56.3898 -7.16 -16.91
124580 -56.9528 -7.16 -16.91
123616 -64.0034 -7.16 -16.91
115373 -59.5995 -7.16 -16.91
112962 -56.968 -7.16 -16.91
124791 -56.2372 -7.16 -16.91
119331 -59.5247 -7.16 -16.91
120140 -65.0396 -7.16 -16.91
121585 -59.1505 -7.16 -16.91
122542 -58.3946 -7.16 -16.91
117307 -55.5261 -7.16 -16.91
119640 -56.7837 -7.16 -16.91
119980 -57.9406 -7.16 -16.91
120293 -54.1252 -7.16 -16.91
115818 -56.9418 -7.16 -16.91
118721 -53.444 -7.16 -16.91
117322 -62.3541 -7.16 -16.91
118751 -58.7418 -7.16 -16.91
119784 -56.8004 -7.16 -16.91
120793 -57.5961 -7.16 -16.91
116757 -59.0742 -7.16 -16.91
118278 -53.1559 -7.16 -16.91
119973 -59.9886 -7.16 -16.91
122598 -54.0336 -7.16 -16.91
124156 -56.8751 -7.16 -16.91
109161 -56.4462 -7.16 -16.91
119871 -57.8164 -7.16 -16.91
113459 -55.1906 -7.16 -16.91
113827 -62.2006 -7.16 -16.91
119450 -56.6719 -7.16 -16.91
110346 -60.4101 -7.16 -16.91
119546 -59.6155 -7.16 -16.91
118613 -57.1851 -7.16 -16.91
111755 -55.9294 -7.16 -16.91
71463 -55.8734 9.78 -5.44
75311 -49.258 9.78 -5.44
67350 -49.1628 9.78 -5.44
70765 -68.0957 9.78 -5.44
73062 -73.5299 9.78 -5.44
63734 -52.1015 9.78 -5.44
70051 -58.1788 9.78 -5.44
65196 -53.8168 9.78 -5.44
73140 -59.5948 9.78 -5.44
62342 -51.7298 9.78 -5.44
75683 -55.2675 9.78 -5.44
70007 -51.9131 9.78 -5.44
76221 -51.3906 9.78 -5.44
69118 -54.0992 9.78 -5.44
76618 -59.0327 9.78 -5.44
66072 -59.4565 9.78 -5.44
69423 -57.6387 9.78 -5.44
69588 -51.5306 9.78 -5.44
66824 -57.9788 9.78 -5.44
71554 -46.5198 9.78 -5.44
67284 -54.5147 9.78 -5.44
72266 -56.5616 9.78 -5.44
64125 -49.8163 9.78 -5.44
73204 -56.0696 9.78 -5.44
65403 -54.0827 9.78 -5.44
63767 -63.179 9.78 -5.44
70101 -48.4122 9.78 -5.44
70868 -50.3845 9.78 -5.44
75304 -57.3421 9.78 -5.44
71138 -55.4605 9.78 -5.44
71598 -47.7385 9.78 -5.44
66445 -61.5113 9.78 -5.44
67336 -58.2935 9.78 -5.44
69038 -57.3897 9.78 -5.44
66468 -52.4606 9.78 -5.44
69277 -55.2061 9.78 -5.44
70961 -52.7577 9.78 -5.44
73207 -52.7059 9.78 -5.44
75563 -60.608 9.78 -5.44
152222 -58.2446 -20.18 8.59
151994 -62.078 -20.18 8.59
145472 -60.8938 -20.18 8.59
145682 -60.7927 -20.18 8.59
150933 -55.8091 -20.18 8.59
145681 -61.7894 -20.18 8.59
143503 -59.3566 -20.18 8.59
153863 -62.1604 -20.18 8.59
146804 -58.9356 -20.18 8.59
156872 -59.7094 -20.18 8.59
152379 -56.5766 -20.18 8.59
151602 -58.6602 -20.18 8.59
156549 -60.3487 -20.18 8.59
150650 -63.4614 -20.18 8.59
153883 -57.1343 -20.18 8.59
151963 -63.7094 -20.18 8.59
139221 -66.45 -20.18 8.59
155417 -59.7162 -20.18 8.59
146572 -60.748 -20.18 8.59
107554 -71.7306 -20.18 8.59
140559 -73.1875 -20.18 8.59
151618 -60.3208 -20.18 8.59
144070 -61.1315 -20.18 8.59
146685 -63.3113 -20.18 8.59
149702 -56.2138 -20.18 8.59
150409 -59.3103 -20.18 8.59
149593 -60.8635 -20.18 8.59
139852 -63.78 -20.18 8.59
149988 -58.3486 -20.18 8.59
155085 -57.8439 -20.18 8.59
156619 -58.7883 -20.18 8.59
148204 -61.0176 -20.18 8.59
154225 -60.1626 -20.18 8.59
136360 -58.4427 -20.18 8.59
154297 -61.7126 -20.18 8.59
153358 -64.3975 -20.18 8.59
150146 -63.9801 -20.18 8.59
151136 -55.4026 -20.18 8.59
148027 -60.0087 -20.18 8.59
215574 -60.62 27.76 12.39
204798 -58.5426 27.76 12.39
203847 -60.3706 27.76 12.39
202419 -59.7305 27.76 12.39
209061 -58.3626 27.76 12.39
197747 -55.8847 27.76 12.39
207050 -66.9958 27.76 12.39
207382 -69.7476 27.76 12.39
206581 -62.2038 27.76 12.39
203913 -61.4533 27.76 12.39
198936 -61.6355 27.76 12.39
207911 -56.0643 27.76 12.39
210057 -61.605 27.76 12.39
208954 -58.4958 27.76 12.39
204440 -56.8827 27.76 12.39
205202 -62.5654 27.76 12.39
205000 -58.6868 27.76 12.39
210781 -62.2718 27.76 12.39
201325 -59.7444 27.76 12.39
181685 -70.2185 27.76 12.39
206005 -56.1674 27.76 12.39
209222 -59.2704 27.76 12.39
204293 -57.6193 27.76 12.39
212237 -58.2031 27.76 12.39
200555 -62.4808 27.76 12.39
199280 -72.4729 27.76 12.39
213800 -70.4628 27.76 12.39
193064 -61.5048 27.76 12.39
207867 -62.3869 27.76 12.39
207333 -58.7112 27.76 12.39
214967 -62.94 27.76 12.39
205752 -63.5467 27.76 12.39
205932 -59.8617 27.76 12.39
205293 -61.6611 27.76 12.39
207506 -60.96 27.76 12.39
209010 -61.2872 27.76 12.39
208893 -57.3311 27.76 12.39
206709 -56.484 27.76 12.39
201053 -70.288 27.76 12.39
81105 -48.5775 -9.2 6.01
87336 -49.5166 -9.2 6.01
82158 -58.4974 -9.2 6.01
85266 -54.4428 -9.2 6.01
81885 -54.3947 -9.2 6.01
96445 -50.2597 -9.2 6.01
78688 -52.2764 -9.2 6.01
74155 -51.5856 -9.2 6.01
79568 -51.9182 -9.2 6.01
80007 -52.8956 -9.2 6.01
76973 -56.4336 -9.2 6.01
80330 -55.9296 -9.2 6.01
80229 -48.7976 -9.2 6.01
77165 -54.6219 -9.2 6.01
77608 -51.437 -9.2 6.01
85398 -57.2819 -9.2 6.01
82412 -52.1763 -9.2 6.01
83365 -50.5088 -9.2 6.01
81224 -57.4988 -9.2 6.01
75220 -53.8407 -9.2 6.01
83248 -51.6746 -9.2 6.01
84803 -52.3728 -9.2 6.01
87379 -53.7862 -9.2 6.01
83045 -53.4569 -9.2 6.01
73021 -59.292 -9.2 6.01
84461 -49.0579 -9.2 6.01
80331 -57.1658 -9.2 6.01
82373 -54.735 -9.2 6.01
75102 -56.7157 -9.2 6.01
80611 -56.3958 -9.2 6.01
83816 -48.5021 -9.2 6.01
78574 -52.993 -9.2 6.01
80139 -46.0222 -9.2 6.01
80676 -50.7887 -9.2 6.01
77502 -49.8139 -9.2 6.01
81043 -62.1486 -9.2 6.01
79497 -56.0436 -9.2 6.01
80152 -58.2327 -9.2 6.01
82460 -51.8164 -9.2 6.01
271483 -64.8509 29.51 25.65
257987 -61.4688 29.51 25.65
261575 -66.4948 29.51 25.65
261162 -55.0859 29.51 25.65
257690 -67.3905 29.51 25.65
259633 -68.9228 29.51 25.65
260825 -66.5149 29.51 25.65
260937 -63.1526 29.51 25.65
252925 -65.1884 29.51 25.65
259110 -66.3134 29.51 25.65
259739 -65.3151 29.51 25.65
256131 -63.1698 29.51 25.65
226335 -75.4023 29.51 25.65
254297 -68.8724 29.51 25.65
261855 -61.6395 29.51 25.65
267099 -79.0171 29.51 25.65
265489 -72.8847 29.51 25.65
259948 -62.8679 29.51 25.65
254112 -67.8969 29.51 25.65
261845 -65.8482 29.51 25.65
258598 -63.6907 29.51 25.65
261114 -64.4489 29.51 25.65
267009 -62.8131 29.51 25.65
261350 -63.6805 29.51 25.65
254500 -65.1494 29.51 25.65
259083 -68.015 29.51 25.65
257660 -68.4874 29.51 25.65
264730 -64.7056 29.51 25.65
257009 -62.3588 29.51 25.65
228616 -72.0037 29.51 25.65
264295 -66.6267 29.51 25.65
260050 -65.4187 29.51 25.65
260827 -64.7563 29.51 25.65
259289 -60.919 29.51 25.65
255660 -60.762 29.51 25.65
263781 -63.0972 29.51 25.65
261228 -65.9299 29.51 25.65
260768 -64.7144 29.51 25.65
260602 -57.1561 29.51 25.65
139274 -56.3638 -15.9 11.8
131003 -57.1302 -15.9 11.8
135052 -61.2937 -15.9 11.8
140571 -53.6465 -15.9 11.8
139944 -59.7675 -15.9 11.8
138471 -57.2988 -15.9 11.8
128598 -60.3095 -15.9 11.8
137407 -58.7114 -15.9 11.8
143494 -59.1189 -15.9 11.8
136021 -56.1859 -15.9 11.8
136321 -56.0152 -15.9 11.8
142697 -55.3401 -15.9 11.8
140727 -54.2757 -15.9 11.8
135254 -54.3794 -15.9 11.8
138207 -57.3253 -15.9 11.8
135598 -62.7091 -15.9 11.8
142429 -52.8171 -15.9 11.8
140120 -56.9219 -15.9 11.8
137104 -61.4163 -15.9 11.8
133993 -57.2162 -15.9 11.8
134433 -66.7209 -15.9 11.8
139880 -58.4375 -15.9 11.8
140448 -59.0586 -15.9 11.8
138160 -62.0967 -15.9 11.8
141969 -62.8919 -15.9 11.8
141531 -57.1404 -15.9 11.8
135961 -72.3146 -15.9 11.8
145326 -56.9227 -15.9 11.8
140164 -55.7529 -15.9 11.8
137380 -65.3272 -15.9 11.8
137260 -59.8375 -15.9 11.8
137246 -61.8592 -15.9 11.8
134231 -59.9479 -15.9 11.8
135998 -64.8074 -15.9 11.8
133342 -61.3296 -15.9 11.8
135223 -63.8962 -15.9 11.8
140586 -55.2354 -15.9 11.8
135565 -61.6524 -15.9 11.8
140135 -57.4694 -15.9 11.8
194124 -66.3052 5.14 -28.59
203207 -58.7569 5.14 -28.59
200024 -57.5493 5.14 -28.59
208399 -65.2677 5.14 -28.59
195647 -65.1323 5.14 -28.59
206812 -60.252 5.14 -28.59
205094 -61.4102 5.14 -28.59
203569 -59.0938 5.14 -28.59
209659 -75.0522 5.14 -28.59
200011 -59.3984 5.14 -28.59
203772 -63.6495 5.14 -28.59
205174 -58.3603 5.14 -28.59
192675 -65.5904 5.14 -28.59
199769 -66.4079 5.14 -28.59
205255 -58.3397 5.14 -28.59
208180 -62.3984 5.14 -28.59
200257 -65.082 5.14 -28.59
200832 -60.4877 5.14 -28.59
207999 -66.9826 5.14 -28.59
197308 -60.2431 5.14 -28.59
207566 -71.6155 5.14 -28.59
205242 -66.243 5.14 -28.59
200007 -64.6946 5.14 -28.59
206235 -67.692 5.14 -28.59
189304 -67.3045 5.14 -28.59
209545 -64.2992 5.14 -28.59
208086 -62.2302 5.14 -28.59
206863 -62.7531 5.14 -28.59
202341 -56.5554 5.14 -28.59
199293 -58.0188 5.14 -28.59
204285 -64.3753 5.14 -28.59
200196 -65.3826 5.14 -28.59
209004 -68.1363 5.14 -28.59
120057 -78.3471 5.14 -28.59
200671 -57.5287 5.14 -28.59
197260 -59.2648 5.14 -28.59
192162 -65.4372 5.14 -28.59
197573 -63.3445 5.14 -28.59
203348 -58.0338 5.14 -28.59
52102 -53.8811 -5.6 -3.59
45028 -46.0598 -5.6 -3.59
47824 -52.9555 -5.6 -3.59
47936 -52.8677 -5.6 -3.59
43059 -46.7351 -5.6 -3.59
52512 -49.1137 -5.6 -3.59
50652 -69.8222 -5.6 -3.59
45863 -54.0192 -5.6 -3.59
53837 -49.2035 -5.6 -3.59
48254 -54.6758 -5.6 -3.59
49871 -46.7688 -5.6 -3.59
49762 -48.9385 -5.6 -3.59
42909 -48.8194 -5.6 -3.59
51310 -43.8428 -5.6 -3.59
48129 -48.1607 -5.6 -3.59
50169 -50.6976 -5.6 -3.59
52888 -49.6251 -5.6 -3.59
44787 -50.9678 -5.6 -3.59
45783 -58.1808 -5.6 -3.59
48487 -49.3595 -5.6 -3.59
49576 -48.2452 -5.6 -3.59
36725 -57.7044 -5.6 -3.59
49033 -47.5266 -5.6 -3.59
46870 -44.4661 -5.6 -3.59
49366 -52.4839 -5.6 -3.59
43953 -50.5523 -5.6 -3.59
42503 -43.5596 -5.6 -3.59
45776 -44.9756 -5.6 -3.59
50224 -44.0752 -5.6 -3.59
51905 -46.2548 -5.6 -3.59
49672 -50.1447 -5.6 -3.59
49566 -51.9322 -5.6 -3.59
48369 -44.2844 -5.6 -3.59
49618 -51.4485 -5.6 -3.59
52507 -51.2021 -5.6 -3.59
46318 -46.8413 -5.6 -3.59
46446 -50.0041 -5.6 -3.59
46821 -46.7256 -5.6 -3.59
49923 -53.1189 -5.6 -3.59
