#rtt sig_str x y
217145 -62.5951 -12.84 -28.27
212080 -63.6458 -12.84 -28.27
219921 -58.1782 -12.84 -28.27
216342 -57.6933 -12.84 -28.27
221498 -61.8531 -12.84 -28.27
215336 -58.8588 -12.84 -28.27
216723 -62.5488 -12.84 -28.27
219781 -61.8977 -12.84 -28.27
212377 -64.0114 -12.84 -28.27
216485 -63.9614 -12.84 -28.27
213173 -62.0758 -12.84 -28.27
217352 -60.2338 -12.84 -28.27
220588 -61.4018 -12.84 -28.27
227323 -64.2838 -12.84 -28.27
210932 -69.3635 -12.84 -28.27
217148 -62.5361 -12.84 -28.27
223884 -66.7962 -12.84 -28.27
223246 -66.2969 -12.84 -28.27
218370 -59.828 -12.84 -28.27
211452 -58.8527 -12.84 -28.27
213311 -61.0959 -12.84 -28.27
193443 -76.9383 -12.84 -28.27
213485 -65.2314 -12.84 -28.27
221037 -69.492 -12.84 -28.27
219536 -64.0167 -12.84 -28.27
222884 -63.3698 -12.84 -28.27
217289 -60.4671 -12.84 -28.27
215241 -60.313 -12.84 -28.27
212924 -57.7084 -12.84 -28.27
224288 -54.8962 -12.84 -28.27
210967 -63.2614 -12.84 -28.27
216907 -60.8338 -12.84 -28.27
214870 -75.0246 -12.84 -28.27
218138 -61.6993 -12.84 -28.27
218753 -57.3179 -12.84 -28.27
227725 -80.646 -12.84 -28.27
214766 -61.4124 -12.84 -28.27
209265 -59.8638 -12.84 -28.27
216263 -65.3186 -12.84 -28.27
196008 -59.7127 27.49 -10.66
186501 -58.0195 27.49 -10.66
198232 -62.0933 27.49 -10.66
193051 -60.0986 27.49 -10.66
198207 -55.669 27.49 -10.66
188764 -60.297 27.49 -10.66
194732 -60.86 27.49 -10.66
193155 -67.9106 27.49 -10.66
186165 -63.5067 27.49 -10.66
190814 -60.8752 27.49 -10.66
189676 -60.1444 27.49 -10.66
184884 -63.4319 27.49 -10.66
193348 -68.9468 27.49 -10.66
189047 -63.0577 27.49 -10.66
185536 -62.3018 27.49 -10.66
197637 -59.4332 27.49 -10.66
191291 -60.6908 27.49 -10.66
193960 -61.8478 27.49 -10.66
197278 -58.0323 27.49 -10.66
192677 -60.849 27.49 -10.66
183122 -57.3511 27.49 -10.66
188347 -66.2613 27.49 -10.66
191437 -62.649 27.49 -10.66
192201 -60.7076 27.49 -10.66
184127 -61.5033 27.49 -10.66
196575 -62.9813 27.49 -10.66
188506 -57.063 27.49 -10.66
191662 -63.8957 27.49 -10.66
181716 -57.9408 27.49 -10.66
193197 -60.7823 27.49 -10.66
182329 -60.3534 27.49 -10.66
190239 -61.7236 27.49 -10.66
194872 -59.0978 27.49 -10.66
196894 -66.1078 27.49 -10.66
192086 -60.579 27.49 -10.66
189789 -64.3173 27.49 -10.66
184072 -63.5227 27.49 -10.66
194329 -61.0923 27.49 -10.66
185539 -59.8366 27.49 -10.66
116992 -59.584 16.22 6.69
116381 -52.9685 16.22 6.69
105505 -52.8733 16.22 6.69
101360 -71.8062 16.22 6.69
122931 -77.2404 16.22 6.69
113997 -55.812 16.22 6.69
119668 -61.8893 16.22 6.69
115184 -57.5273 16.22 6.69
116192 -63.3053 16.22 6.69
115409 -55.4403 16.22 6.69
118114 -58.978 16.22 6.69
108932 -55.6237 16.22 6.69
115549 -55.1011 16.22 6.69
121588 -57.8097 16.22 6.69
121817 -62.7433 16.22 6.69
121118 -63.1671 16.22 6.69
125121 -61.3492 16.22 6.69
120327 -55.2411 16.22 6.69
120045 -61.6893 16.22 6.69
122806 -50.2303 16.22 6.69
116238 -58.2252 16.22 6.69
119970 -60.2721 16.22 6.69
114373 -53.5268 16.22 6.69
120109 -59.7802 16.22 6.69
117283 -57.7932 16.22 6.69
122147 -66.8895 16.22 6.69
120086 -52.1228 16.22 6.69
113323 -54.095 16.22 6.69
117978 -61.0526 16.22 6.69
114312 -59.171 16.22 6.69
114931 -51.449 16.22 6.69
109864 -65.2219 16.22 6.69
107534 -62.0041 16.22 6.69
120178 -61.1002 16.22 6.69
116984 -56.1711 16.22 6.69
115624 -58.9166 16.22 6.69
119326 -56.4682 16.22 6.69
121267 -56.4164 16.22 6.69
127662 -64.3185 16.22 6.69
197676 -60.9694 29.22 8.79
207672 -64.8028 29.22 8.79
201143 -63.6186 29.22 8.79
205059 -63.5175 29.22 8.79
198209 -58.5339 29.22 8.79
199307 -64.5142 29.22 8.79
213609 -62.0814 29.22 8.79
210101 -64.8852 29.22 8.79
209511 -61.6604 29.22 8.79
206148 -62.4342 29.22 8.79
202674 -59.3014 29.22 8.79
205736 -61.385 29.22 8.79
201693 -63.0735 29.22 8.79
195605 -66.1862 29.22 8.79
204360 -59.859 29.22 8.79
200276 -66.4342 29.22 8.79
190951 -69.1747 29.22 8.79
204787 -62.441 29.22 8.79
201914 -63.4728 29.22 8.79
184381 -74.4554 29.22 8.79
179386 -75.9123 29.22 8.79
202497 -63.0456 29.22 8.79
197043 -63.8563 29.22 8.79
208334 -66.0361 29.22 8.79
206037 -58.9386 29.22 8.79
196342 -62.0351 29.22 8.79
204714 -63.5883 29.22 8.79
199848 -66.5048 29.22 8.79
200615 -61.0734 29.22 8.79
202639 -60.5687 29.22 8.79
200383 -61.513 29.22 8.79
203132 -63.7424 29.22 8.79
204165 -62.8874 29.22 8.79
197117 -61.1675 29.22 8.79
202257 -64.4374 29.22 8.79
202081 -67.1223 29.22 8.79
204882 -66.7049 29.22 8.79
198689 -58.1274 29.22 8.79
198795 -62.7335 29.22 8.79
123109 -57.0951 -17.51 -9.31
131819 -55.0178 -17.51 -9.31
124681 -56.8457 -17.51 -9.31
121390 -56.2057 -17.51 -9.31
127481 -54.8378 -17.51 -9.31
125296 -52.3599 -17.51 -9.31
126515 -63.471 -17.51 -9.31
119997 -66.2227 -17.51 -9.31
127809 -58.6789 -17.51 -9.31
120250 -57.9285 -17.51 -9.31
124854 -58.1107 -17.51 -9.31
125945 -52.5395 -17.51 -9.31
122375 -58.0801 -17.51 -9.31
123192 -54.9709 -17.51 -9.31
123170 -53.3578 -17.51 -9.31
124051 -59.0406 -17.51 -9.31
125855 -55.162 -17.51 -9.31
116804 -58.747 -17.51 -9.31
126995 -56.2196 -17.51 -9.31
131208 -66.6937 -17.51 -9.31
123769 -52.6426 -17.51 -9.31
122058 -55.7456 -17.51 -9.31
123227 -54.0945 -17.51 -9.31
129619 -54.6783 -17.51 -9.31
118041 -58.956 -17.51 -9.31
116914 -68.9481 -17.51 -9.31
114743 -66.9379 -17.51 -9.31
128624 -57.9799 -17.51 -9.31
123437 -58.862 -17.51 -9.31
131139 -55.1864 -17.51 -9.31
134009 -59.4152 -17.51 -9.31
131148 -60.0218 -17.51 -9.31
127280 -56.3369 -17.51 -9.31
131929 -58.1363 -17.51 -9.31
118128 -57.4352 -17.51 -9.31
127054 -57.7624 -17.51 -9.31
129151 -53.8063 -17.51 -9.31
130139 -52.9591 -17.51 -9.31
134246 -66.7631 -17.51 -9.31
188732 -56.1491 -21.79 -16.79
183081 -57.0881 -21.79 -16.79
178284 -66.0689 -21.79 -16.79
187746 -62.0144 -21.79 -16.79
179788 -61.9662 -21.79 -16.79
182607 -57.8312 -21.79 -16.79
187614 -59.848 -21.79 -16.79
182698 -59.1572 -21.79 -16.79
182890 -59.4897 -21.79 -16.79
182562 -60.4672 -21.79 -16.79
180247 -64.0052 -21.79 -16.79
181985 -63.5011 -21.79 -16.79
184667 -56.3691 -21.79 -16.79
186402 -62.1934 -21.79 -16.79
182548 -59.0085 -21.79 -16.79
177307 -64.8535 -21.79 -16.79
180041 -59.7479 -21.79 -16.79
187894 -58.0804 -21.79 -16.79
179371 -65.0704 -21.79 -16.79
183686 -61.4122 -21.79 -16.79
181288 -59.2462 -21.79 -16.79
180775 -59.9443 -21.79 -16.79
185156 -61.3578 -21.79 -16.79
180782 -61.0284 -21.79 -16.79
186851 -66.8635 -21.79 -16.79
182038 -56.6295 -21.79 -16.79
182415 -64.7373 -21.79 -16.79
182456 -62.3065 -21.79 -16.79
189705 -64.2873 -21.79 -16.79
182988 -63.9673 -21.79 -16.79
181942 -56.0736 -21.79 -16.79
179221 -60.5646 -21.79 -16.79
180688 -53.5937 -21.79 -16.79
182318 -58.3603 -21.79 -16.79
179257 -57.3854 -21.79 -16.79
189894 -69.7201 -21.79 -16.79
181088 -63.6152 -21.79 -16.79
176142 -65.8042 -21.79 -16.79
187312 -59.388 -21.79 -16.79
230445 -63.9546 24.51 25.09
233304 -60.5725 24.51 25.09
235616 -65.5985 24.51 25.09
235852 -54.1896 24.51 25.09
229185 -66.4942 24.51 25.09
240006 -68.0265 24.51 25.09
219789 -65.6186 24.51 25.09
234270 -62.2563 24.51 25.09
230790 -64.2921 24.51 25.09
213780 -65.4171 24.51 25.09
232465 -64.4188 24.51 25.09
236867 -62.2735 24.51 25.09
214833 -74.506 24.51 25.09
239812 -67.9761 24.51 25.09
239283 -60.7432 24.51 25.09
248977 -78.1208 24.51 25.09
195513 -71.9884 24.51 25.09
225053 -61.9716 24.51 25.09
222581 -67.0006 24.51 25.09
230707 -64.9519 24.51 25.09
229341 -62.7944 24.51 25.09
232636 -63.5526 24.51 25.09
227257 -61.9168 24.51 25.09
228702 -62.7842 24.51 25.09
228874 -64.2531 24.51 25.09
227387 -67.1187 24.51 25.09
240086 -67.5911 24.51 25.09
231822 -63.8093 24.51 25.09
228620 -61.4625 24.51 25.09
225133 -71.1074 24.51 25.09
217297 -65.7304 24.51 25.09
231264 -64.5224 24.51 25.09
234797 -63.86 24.51 25.09
227693 -60.0227 24.51 25.09
229571 -59.8657 24.51 25.09
230954 -62.2009 24.51 25.09
233963 -65.0336 24.51 25.09
227889 -63.8181 24.51 25.09
232545 -56.2598 24.51 25.09
255361 -61.481 -25.89 26.17
254373 -62.2474 -25.89 26.17
257182 -66.4108 -25.89 26.17
248402 -58.7637 -25.89 26.17
263270 -64.8846 -25.89 26.17
253043 -62.416 -25.89 26.17
255400 -65.4267 -25.89 26.17
256208 -63.8286 -25.89 26.17
248523 -64.2361 -25.89 26.17
249967 -61.3031 -25.89 26.17
248253 -61.1324 -25.89 26.17
255967 -60.4573 -25.89 26.17
254451 -59.3928 -25.89 26.17
245090 -59.4965 -25.89 26.17
253835 -62.4424 -25.89 26.17
241690 -67.8263 -25.89 26.17
249311 -57.9343 -25.89 26.17
246312 -62.0391 -25.89 26.17
252856 -66.5334 -25.89 26.17
248413 -62.3334 -25.89 26.17
265410 -71.8381 -25.89 26.17
252820 -63.5547 -25.89 26.17
248332 -64.1758 -25.89 26.17
251868 -67.2139 -25.89 26.17
242960 -68.0091 -25.89 26.17
256833 -62.2576 -25.89 26.17
225453 -77.4318 -25.89 26.17
257508 -62.0399 -25.89 26.17
250731 -60.8701 -25.89 26.17
236514 -70.4444 -25.89 26.17
257619 -64.9547 -25.89 26.17
248039 -66.9763 -25.89 26.17
248987 -65.0651 -25.89 26.17
249299 -69.9246 -25.89 26.17
246164 -66.4468 -25.89 26.17
250252 -69.0133 -25.89 26.17
245949 -60.3525 -25.89 26.17
251521 -66.7696 -25.89 26.17
246347 -62.5865 -25.89 26.17
220410 -67.2341 -25.48 20.19
209719 -59.6858 -25.48 20.19
212345 -58.4782 -25.48 20.19
216387 -66.1965 -25.48 20.19
210102 -66.0611 -25.48 20.19
219655 -61.1809 -25.48 20.19
208456 -62.3391 -25.48 20.19
213065 -60.0227 -25.48 20.19
186840 -75.9811 -25.48 20.19
209688 -60.3273 -25.48 20.19
204661 -64.5784 -25.48 20.19
216858 -59.2892 -25.48 20.19
211184 -66.5193 -25.48 20.19
217540 -67.3368 -25.48 20.19
214294 -59.2686 -25.48 20.19
214198 -63.3273 -25.48 20.19
199761 -66.0109 -25.48 20.19
210718 -61.4166 -25.48 20.19
204124 -67.9114 -25.48 20.19
204407 -61.172 -25.48 20.19
211535 -72.5444 -25.48 20.19
214158 -67.1718 -25.48 20.19
212037 -65.6235 -25.48 20.19
214168 -68.6209 -25.48 20.19
202500 -68.2334 -25.48 20.19
214398 -65.2281 -25.48 20.19
219134 -63.159 -25.48 20.19
210158 -63.682 -25.48 20.19
211889 -57.4843 -25.48 20.19
216122 -58.9477 -25.48 20.19
210144 -65.3042 -25.48 20.19
209036 -66.3115 -25.48 20.19
218530 -69.0652 -25.48 20.19
173692 -79.276 -25.48 20.19
223430 -58.4576 -25.48 20.19
211196 -60.1937 -25.48 20.19
227948 -66.3661 -25.48 20.19
215364 -64.2734 -25.48 20.19
217064 -58.9627 -25.48 20.19
162218 -64.2659 2.61 -23.27
161580 -56.4445 2.61 -23.27
155861 -63.3403 2.61 -23.27
163983 -63.2524 2.61 -23.27
165366 -57.1198 2.61 -23.27
169621 -59.4984 2.61 -23.27
154948 -80.2069 2.61 -23.27
152439 -64.404 2.61 -23.27
163745 -59.5882 2.61 -23.27
169151 -65.0605 2.61 -23.27
160586 -57.1535 2.61 -23.27
163878 -59.3232 2.61 -23.27
170218 -59.2041 2.61 -23.27
167732 -54.2275 2.61 -23.27
158501 -58.5454 2.61 -23.27
163311 -61.0823 2.61 -23.27
163126 -60.0098 2.61 -23.27
161590 -61.3526 2.61 -23.27
155188 -68.5655 2.61 -23.27
165729 -59.7442 2.61 -23.27
161497 -58.6299 2.61 -23.27
160857 -68.0891 2.61 -23.27
162724 -57.9113 2.61 -23.27
162628 -54.8508 2.61 -23.27
164472 -62.8686 2.61 -23.27
157087 -60.937 2.61 -23.27
161484 -53.9444 2.61 -23.27
162099 -55.3603 2.61 -23.27
160330 -54.4599 2.61 -23.27
170532 -56.6395 2.61 -23.27
166014 -60.5294 2.61 -23.27
159626 -62.3169 2.61 -23.27
163523 -54.6691 2.61 -23.27
153903 -61.8332 2.61 -23.27
156127 -61.5868 2.61 -23.27
166771 -57.226 2.61 -23.27
171663 -60.3888 2.61 -23.27
163657 -57.1103 2.61 -23.27
159843 -63.5036 2.61 -23.27
