#rtt sig_str x y
142956 -59.8934 17.03 -14.52
138885 -60.944 17.03 -14.52
147186 -55.4764 17.03 -14.52
146065 -54.9915 17.03 -14.52
149112 -59.1514 17.03 -14.52
142713 -56.157 17.03 -14.52
146494 -59.8471 17.03 -14.52
150282 -59.196 17.03 -14.52
150223 -61.3096 17.03 -14.52
146972 -61.2597 17.03 -14.52
142325 -59.3741 17.03 -14.52
150298 -57.532 17.03 -14.52
151743 -58.7001 17.03 -14.52
147460 -61.582 17.03 -14.52
140160 -66.6617 17.03 -14.52
149952 -59.8343 17.03 -14.52
143576 -64.0945 17.03 -14.52
153138 -63.5951 17.03 -14.52
155492 -57.1262 17.03 -14.52
142785 -56.1509 17.03 -14.52
146732 -58.3942 17.03 -14.52
142098 -74.2366 17.03 -14.52
153296 -62.5296 17.03 -14.52
153558 -66.7902 17.03 -14.52
144711 -61.3149 17.03 -14.52
145497 -60.668 17.03 -14.52
146683 -57.7654 17.03 -14.52
153538 -57.6112 17.03 -14.52
152051 -55.0067 17.03 -14.52
151910 -52.1944 17.03 -14.52
151028 -60.5596 17.03 -14.52
146012 -58.1321 17.03 -14.52
152313 -72.3228 17.03 -14.52
140003 -58.9975 17.03 -14.52
145206 -54.6161 17.03 -14.52
153279 -77.9442 17.03 -14.52
147386 -58.7107 17.03 -14.52
149393 -57.1621 17.03 -14.52
140423 -62.6169 17.03 -14.52
93640 -53.3851 8.09 11.05
92063 -51.6918 8.09 11.05
98181 -55.7657 8.09 11.05
94189 -53.7709 8.09 11.05
88608 -49.3413 8.09 11.05
91793 -53.9693 8.09 11.05
97032 -54.5324 8.09 11.05
93055 -61.5829 8.09 11.05
93325 -57.179 8.09 11.05
99107 -54.5475 8.09 11.05
91828 -53.8167 8.09 11.05
89910 -57.1043 8.09 11.05
91437 -62.6191 8.09 11.05
90254 -56.7301 8.09 11.05
96092 -55.9742 8.09 11.05
93636 -53.1056 8.09 11.05
95852 -54.3632 8.09 11.05
97534 -55.5201 8.09 11.05
99673 -51.7047 8.09 11.05
94154 -54.5213 8.09 11.05
103937 -51.0235 8.09 11.05
97369 -59.9337 8.09 11.05
92657 -56.3213 8.09 11.05
94046 -54.38 8.09 11.05
99575 -55.1756 8.09 11.05
99961 -56.6537 8.09 11.05
98663 -50.7354 8.09 11.05
99553 -57.5681 8.09 11.05
92930 -51.6131 8.09 11.05
94590 -54.4546 8.09 11.05
93472 -54.0258 8.09 11.05
93011 -55.3959 8.09 11.05
89264 -52.7701 8.09 11.05
91933 -59.7801 8.09 11.05
93097 -54.2514 8.09 11.05
91292 -57.9897 8.09 11.05
93284 -57.195 8.09 11.05
94838 -54.7646 8.09 11.05
92464 -53.509 8.09 11.05
206118 -63.7927 -15.06 25.04
203450 -57.1773 -15.06 25.04
202715 -57.082 -15.06 25.04
188858 -76.015 -15.06 25.04
170333 -81.4492 -15.06 25.04
199343 -60.0208 -15.06 25.04
204980 -66.0981 -15.06 25.04
209462 -61.7361 -15.06 25.04
182719 -67.514 -15.06 25.04
200651 -59.649 -15.06 25.04
199240 -63.1867 -15.06 25.04
202813 -59.8324 -15.06 25.04
199675 -59.3098 -15.06 25.04
200202 -62.0184 -15.06 25.04
203944 -66.952 -15.06 25.04
201553 -67.3758 -15.06 25.04
206024 -65.5579 -15.06 25.04
203355 -59.4499 -15.06 25.04
195786 -65.898 -15.06 25.04
206283 -54.4391 -15.06 25.04
209897 -62.434 -15.06 25.04
198843 -64.4809 -15.06 25.04
202708 -57.7355 -15.06 25.04
199012 -63.9889 -15.06 25.04
198469 -62.002 -15.06 25.04
185369 -71.0983 -15.06 25.04
204441 -56.3315 -15.06 25.04
204195 -58.3038 -15.06 25.04
212948 -65.2614 -15.06 25.04
203032 -63.3798 -15.06 25.04
204557 -55.6578 -15.06 25.04
176567 -69.4306 -15.06 25.04
203624 -66.2128 -15.06 25.04
196620 -65.309 -15.06 25.04
204192 -60.3799 -15.06 25.04
211017 -63.1254 -15.06 25.04
197430 -60.677 -15.06 25.04
207252 -60.6252 -15.06 25.04
210440 -68.5273 -15.06 25.04
159708 -58.8243 15.49 -17.71
160033 -62.6577 15.49 -17.71
159194 -61.4735 15.49 -17.71
154507 -61.3724 15.49 -17.71
152351 -56.3888 15.49 -17.71
150603 -62.3691 15.49 -17.71
156829 -59.9363 15.49 -17.71
152060 -62.7401 15.49 -17.71
152938 -59.5153 15.49 -17.71
160725 -60.2891 15.49 -17.71
157745 -57.1563 15.49 -17.71
152569 -59.2399 15.49 -17.71
160512 -60.9284 15.49 -17.71
153474 -64.0411 15.49 -17.71
155208 -57.7139 15.49 -17.71
167080 -64.2891 15.49 -17.71
156915 -67.0296 15.49 -17.71
153392 -60.2959 15.49 -17.71
155036 -61.3277 15.49 -17.71
143601 -72.3103 15.49 -17.71
151093 -73.7672 15.49 -17.71
156830 -60.9005 15.49 -17.71
152400 -61.7112 15.49 -17.71
158535 -63.891 15.49 -17.71
158307 -56.7935 15.49 -17.71
151780 -59.89 15.49 -17.71
156473 -61.4432 15.49 -17.71
156017 -64.3597 15.49 -17.71
153920 -58.9283 15.49 -17.71
157582 -58.4236 15.49 -17.71
163100 -59.3679 15.49 -17.71
148542 -61.5973 15.49 -17.71
151376 -60.7423 15.49 -17.71
156519 -59.0224 15.49 -17.71
161119 -62.2923 15.49 -17.71
164431 -64.9772 15.49 -17.71
154930 -64.5598 15.49 -17.71
157215 -55.9823 15.49 -17.71
158616 -60.5884 15.49 -17.71
216288 -60.9026 -11.22 29.39
218399 -58.8253 -11.22 29.39
206779 -60.6532 -11.22 29.39
211392 -60.0132 -11.22 29.39
210670 -58.6453 -11.22 29.39
213609 -56.1674 -11.22 29.39
219645 -67.2785 -11.22 29.39
216067 -70.0302 -11.22 29.39
216625 -62.4864 -11.22 29.39
213195 -61.736 -11.22 29.39
208700 -61.9182 -11.22 29.39
209458 -56.347 -11.22 29.39
210852 -61.8876 -11.22 29.39
209719 -58.7784 -11.22 29.39
216878 -57.1653 -11.22 29.39
211640 -62.8481 -11.22 29.39
220310 -58.9695 -11.22 29.39
209964 -62.5545 -11.22 29.39
216048 -60.0271 -11.22 29.39
221821 -70.5012 -11.22 29.39
213938 -56.4501 -11.22 29.39
216396 -59.5531 -11.22 29.39
214867 -57.902 -11.22 29.39
216506 -58.4858 -11.22 29.39
216605 -62.7635 -11.22 29.39
209346 -72.7556 -11.22 29.39
211775 -70.7454 -11.22 29.39
211483 -61.7874 -11.22 29.39
216395 -62.6695 -11.22 29.39
220114 -58.9939 -11.22 29.39
207003 -63.2227 -11.22 29.39
215355 -63.8293 -11.22 29.39
211115 -60.1444 -11.22 29.39
210815 -61.9438 -11.22 29.39
210929 -61.2426 -11.22 29.39
216846 -61.5699 -11.22 29.39
213373 -57.6138 -11.22 29.39
212391 -56.7666 -11.22 29.39
207440 -70.5706 -11.22 29.39
197921 -56.6815 26.24 13.13
195534 -57.6205 26.24 13.13
197844 -66.6013 26.24 13.13
188075 -62.5468 26.24 13.13
199956 -62.4986 26.24 13.13
193904 -58.3636 26.24 13.13
199867 -60.3803 26.24 13.13
195677 -59.6896 26.24 13.13
197048 -60.0221 26.24 13.13
191058 -60.9996 26.24 13.13
197572 -64.5376 26.24 13.13
194423 -64.0335 26.24 13.13
195877 -56.9015 26.24 13.13
194812 -62.7258 26.24 13.13
194521 -59.5409 26.24 13.13
199233 -65.3859 26.24 13.13
189817 -60.2803 26.24 13.13
198141 -58.6128 26.24 13.13
199247 -65.6028 26.24 13.13
190653 -61.9446 26.24 13.13
198805 -59.7786 26.24 13.13
201922 -60.4767 26.24 13.13
198045 -61.8902 26.24 13.13
197534 -61.5608 26.24 13.13
203234 -67.3959 26.24 13.13
198281 -57.1619 26.24 13.13
207340 -65.2697 26.24 13.13
190246 -62.8389 26.24 13.13
186639 -64.8197 26.24 13.13
190214 -64.4997 26.24 13.13
194270 -56.606 26.24 13.13
201596 -61.097 26.24 13.13
193607 -54.1261 26.24 13.13
188378 -58.8927 26.24 13.13
202509 -57.9178 26.24 13.13
196922 -70.2525 26.24 13.13
193847 -64.1476 26.24 13.13
189938 -66.3366 26.24 13.13
195092 -59.9204 26.24 13.13
245587 -64.3833 -27.43 -24.75
239655 -61.0013 -27.43 -24.75
245772 -66.0272 -27.43 -24.75
246714 -54.6183 -27.43 -24.75
237449 -66.923 -27.43 -24.75
242155 -68.4552 -27.43 -24.75
245377 -66.0473 -27.43 -24.75
246929 -62.685 -27.43 -24.75
244270 -64.7209 -27.43 -24.75
249156 -65.8458 -27.43 -24.75
250956 -64.8475 -27.43 -24.75
249621 -62.7023 -27.43 -24.75
226636 -74.9347 -27.43 -24.75
246422 -68.4049 -27.43 -24.75
250027 -61.1719 -27.43 -24.75
234125 -78.5495 -27.43 -24.75
221008 -72.4171 -27.43 -24.75
248676 -62.4003 -27.43 -24.75
252849 -67.4293 -27.43 -24.75
253983 -65.3806 -27.43 -24.75
251018 -63.2231 -27.43 -24.75
249480 -63.9813 -27.43 -24.75
247990 -62.3455 -27.43 -24.75
243303 -63.2129 -27.43 -24.75
245155 -64.6818 -27.43 -24.75
246402 -67.5474 -27.43 -24.75
247744 -68.0198 -27.43 -24.75
247500 -64.238 -27.43 -24.75
245472 -61.8912 -27.43 -24.75
220729 -71.5362 -27.43 -24.75
245942 -66.1592 -27.43 -24.75
242374 -64.9512 -27.43 -24.75
244896 -64.2887 -27.43 -24.75
241347 -60.4515 -27.43 -24.75
245341 -60.2944 -27.43 -24.75
247050 -62.6297 -27.43 -24.75
251576 -65.4624 -27.43 -24.75
249929 -64.2468 -27.43 -24.75
254144 -56.6885 -27.43 -24.75
49653 -48.1118 -3.55 -6.36
46161 -48.8781 -3.55 -6.36
48464 -53.0416 -3.55 -6.36
50624 -45.3944 -3.55 -6.36
45735 -51.5154 -3.55 -6.36
45639 -49.0467 -3.55 -6.36
44034 -52.0574 -3.55 -6.36
47086 -50.4594 -3.55 -6.36
53050 -50.8669 -3.55 -6.36
48442 -47.9338 -3.55 -6.36
44772 -47.7631 -3.55 -6.36
45173 -47.088 -3.55 -6.36
47147 -46.0236 -3.55 -6.36
43918 -46.1273 -3.55 -6.36
47842 -49.0732 -3.55 -6.36
38357 -54.4571 -3.55 -6.36
45304 -44.565 -3.55 -6.36
46178 -48.6698 -3.55 -6.36
41858 -53.1642 -3.55 -6.36
49720 -48.9641 -3.55 -6.36
48173 -58.4689 -3.55 -6.36
31544 -50.1854 -3.55 -6.36
46629 -50.8065 -3.55 -6.36
38410 -53.8447 -3.55 -6.36
49600 -54.6398 -3.55 -6.36
44449 -48.8884 -3.55 -6.36
42549 -64.0626 -3.55 -6.36
45731 -48.6707 -3.55 -6.36
48284 -47.5009 -3.55 -6.36
48654 -57.0752 -3.55 -6.36
47516 -51.5854 -3.55 -6.36
51440 -53.6071 -3.55 -6.36
48884 -51.6958 -3.55 -6.36
52818 -56.5554 -3.55 -6.36
46398 -53.0775 -3.55 -6.36
45779 -55.6441 -3.55 -6.36
42803 -46.9833 -3.55 -6.36
46234 -53.4003 -3.55 -6.36
45270 -49.2173 -3.55 -6.36
235703 -68.2212 24.77 -27
247852 -60.6729 24.77 -27
243512 -59.4653 24.77 -27
244027 -67.1837 24.77 -27
245625 -67.0483 24.77 -27
245922 -62.168 24.77 -27
250736 -63.3263 24.77 -27
255439 -61.0098 24.77 -27
263434 -76.9682 24.77 -27
247739 -61.3144 24.77 -27
251381 -65.5656 24.77 -27
243172 -60.2764 24.77 -27
249990 -67.5064 24.77 -27
239190 -68.324 24.77 -27
242541 -60.2557 24.77 -27
244739 -64.3145 24.77 -27
238405 -66.9981 24.77 -27
252543 -62.4038 24.77 -27
248819 -68.8986 24.77 -27
243381 -62.1592 24.77 -27
220856 -73.5315 24.77 -27
240949 -68.159 24.77 -27
256654 -66.6107 24.77 -27
245559 -69.608 24.77 -27
239359 -69.2206 24.77 -27
259512 -66.2153 24.77 -27
253241 -64.1462 24.77 -27
245638 -64.6691 24.77 -27
246160 -58.4714 24.77 -27
242600 -59.9349 24.77 -27
243466 -66.2913 24.77 -27
246885 -67.2986 24.77 -27
239327 -70.0524 24.77 -27
183318 -80.2631 24.77 -27
246074 -59.4447 24.77 -27
247080 -61.1808 24.77 -27
245111 -67.3533 24.77 -27
242698 -65.2606 24.77 -27
249558 -59.9498 24.77 -27
103585 -61.3588 -2.7 -16.24
111283 -53.5374 -2.7 -16.24
109349 -60.4332 -2.7 -16.24
108543 -60.3453 -2.7 -16.24
102498 -54.2127 -2.7 -16.24
109164 -56.5913 -2.7 -16.24
99323 -77.2998 -2.7 -16.24
104547 -61.4969 -2.7 -16.24
104467 -56.6811 -2.7 -16.24
110708 -62.1534 -2.7 -16.24
103958 -54.2464 -2.7 -16.24
105119 -56.4161 -2.7 -16.24
108085 -56.297 -2.7 -16.24
109512 -51.3204 -2.7 -16.24
109737 -55.6383 -2.7 -16.24
103085 -58.1752 -2.7 -16.24
108288 -57.1027 -2.7 -16.24
112417 -58.4455 -2.7 -16.24
108299 -65.6585 -2.7 -16.24
102747 -56.8371 -2.7 -16.24
103897 -55.7228 -2.7 -16.24
95330 -65.182 -2.7 -16.24
105839 -55.0042 -2.7 -16.24
109714 -51.9437 -2.7 -16.24
104484 -59.9615 -2.7 -16.24
102112 -58.0299 -2.7 -16.24
106115 -51.0373 -2.7 -16.24
106624 -52.4532 -2.7 -16.24
109905 -51.5528 -2.7 -16.24
105565 -53.7324 -2.7 -16.24
101595 -57.6223 -2.7 -16.24
105795 -59.4098 -2.7 -16.24
99386 -51.762 -2.7 -16.24
105241 -58.9262 -2.7 -16.24
100370 -58.6797 -2.7 -16.24
112501 -54.3189 -2.7 -16.24
105489 -57.4817 -2.7 -16.24
102503 -54.2033 -2.7 -16.24
110519 -60.5965 -2.7 -16.24
