#rtt sig_str x y
213894 -62.6771 -23.19 21.11
202498 -63.7277 -23.19 21.11
211238 -58.2602 -23.19 21.11
213013 -57.7753 -23.19 21.11
201003 -61.9351 -23.19 21.11
211467 -58.9408 -23.19 21.11
211329 -62.6308 -23.19 21.11
211126 -61.9797 -23.19 21.11
209404 -64.0934 -23.19 21.11
219829 -64.0434 -23.19 21.11
216988 -62.1578 -23.19 21.11
210139 -60.3158 -23.19 21.11
215566 -61.4838 -23.19 21.11
204799 -64.3658 -23.19 21.11
219872 -69.4455 -23.19 21.11
210319 -62.6181 -23.19 21.11
213736 -66.8782 -23.19 21.11
217870 -66.3789 -23.19 21.11
205730 -59.91 -23.19 21.11
208423 -58.9347 -23.19 21.11
216581 -61.1779 -23.19 21.11
222949 -77.0203 -23.19 21.11
197124 -65.3134 -23.19 21.11
209378 -69.574 -23.19 21.11
210645 -64.0987 -23.19 21.11
220928 -63.4517 -23.19 21.11
207239 -60.5491 -23.19 21.11
210027 -60.395 -23.19 21.11
210761 -57.7904 -23.19 21.11
212896 -54.9782 -23.19 21.11
209785 -63.3434 -23.19 21.11
208919 -60.9158 -23.19 21.11
179524 -75.1066 -23.19 21.11
208338 -61.7813 -23.19 21.11
219097 -57.3999 -23.19 21.11
208462 -80.7279 -23.19 21.11
208324 -61.4944 -23.19 21.11
207124 -59.9458 -23.19 21.11
212082 -65.4006 -23.19 21.11
253192 -61.7218 28.47 24.58
260828 -60.0286 28.47 24.58
245333 -64.1024 28.47 24.58
260193 -62.1077 28.47 24.58
260277 -57.678 28.47 24.58
254681 -62.3061 28.47 24.58
260344 -62.8691 28.47 24.58
261349 -69.9197 28.47 24.58
251965 -65.5157 28.47 24.58
253842 -62.8842 28.47 24.58
256987 -62.1534 28.47 24.58
247275 -65.441 28.47 24.58
234583 -70.9559 28.47 24.58
266954 -65.0668 28.47 24.58
270301 -64.3109 28.47 24.58
256528 -61.4423 28.47 24.58
262155 -62.6999 28.47 24.58
266510 -63.8568 28.47 24.58
258450 -60.0414 28.47 24.58
264833 -62.858 28.47 24.58
257941 -59.3602 28.47 24.58
264626 -68.2704 28.47 24.58
257217 -64.6581 28.47 24.58
264694 -62.7167 28.47 24.58
260720 -63.5124 28.47 24.58
247608 -64.9904 28.47 24.58
256406 -59.0721 28.47 24.58
261933 -65.9048 28.47 24.58
254409 -59.9498 28.47 24.58
268819 -62.7914 28.47 24.58
261657 -62.3625 28.47 24.58
250123 -63.7327 28.47 24.58
261505 -61.1069 28.47 24.58
268174 -68.1169 28.47 24.58
267321 -62.5881 28.47 24.58
256331 -66.3264 28.47 24.58
262222 -65.5318 28.47 24.58
257266 -63.1013 28.47 24.58
264797 -61.8457 28.47 24.58
151934 -62.0912 13.73 19.41
154927 -55.4757 13.73 19.41
157035 -55.3805 13.73 19.41
174413 -74.3134 13.73 19.41
102973 -79.7476 13.73 19.41
153253 -58.3192 13.73 19.41
155705 -64.3966 13.73 19.41
162790 -60.0345 13.73 19.41
146489 -65.8125 13.73 19.41
160582 -57.9475 13.73 19.41
156603 -61.4852 13.73 19.41
161210 -58.1309 13.73 19.41
155328 -57.6083 13.73 19.41
157807 -60.3169 13.73 19.41
152074 -65.2505 13.73 19.41
153916 -65.6743 13.73 19.41
154535 -63.8564 13.73 19.41
151494 -57.7483 13.73 19.41
148578 -64.1965 13.73 19.41
157308 -52.7375 13.73 19.41
158112 -60.7324 13.73 19.41
161835 -62.7793 13.73 19.41
158385 -56.034 13.73 19.41
150573 -62.2874 13.73 19.41
157372 -60.3005 13.73 19.41
147181 -69.3968 13.73 19.41
155640 -54.63 13.73 19.41
154915 -56.6022 13.73 19.41
151808 -63.5598 13.73 19.41
148511 -61.6782 13.73 19.41
160378 -53.9562 13.73 19.41
150619 -67.7291 13.73 19.41
156593 -64.5113 13.73 19.41
150058 -63.6074 13.73 19.41
152722 -58.6783 13.73 19.41
150698 -61.4238 13.73 19.41
149548 -58.9755 13.73 19.41
153148 -58.9236 13.73 19.41
160634 -66.8257 13.73 19.41
79904 -53.104 -8.91 -7.68
86773 -56.9374 -8.91 -7.68
80149 -55.7532 -8.91 -7.68
77747 -55.6521 -8.91 -7.68
80449 -50.6684 -8.91 -7.68
71154 -56.6488 -8.91 -7.68
80608 -54.216 -8.91 -7.68
79826 -57.0198 -8.91 -7.68
76145 -53.795 -8.91 -7.68
78293 -54.5688 -8.91 -7.68
78616 -51.436 -8.91 -7.68
76264 -53.5196 -8.91 -7.68
81531 -55.208 -8.91 -7.68
84234 -58.3207 -8.91 -7.68
86841 -51.9936 -8.91 -7.68
83507 -58.5688 -8.91 -7.68
72255 -61.3093 -8.91 -7.68
81763 -54.5756 -8.91 -7.68
79693 -55.6073 -8.91 -7.68
77241 -66.59 -8.91 -7.68
83585 -68.0468 -8.91 -7.68
86725 -55.1802 -8.91 -7.68
70920 -55.9909 -8.91 -7.68
81117 -58.1707 -8.91 -7.68
79330 -51.0732 -8.91 -7.68
80774 -54.1697 -8.91 -7.68
76774 -55.7228 -8.91 -7.68
73730 -58.6394 -8.91 -7.68
81357 -53.2079 -8.91 -7.68
88197 -52.7033 -8.91 -7.68
82272 -53.6476 -8.91 -7.68
81968 -55.877 -8.91 -7.68
83581 -55.022 -8.91 -7.68
81033 -53.3021 -8.91 -7.68
85277 -56.5719 -8.91 -7.68
81137 -59.2569 -8.91 -7.68
82509 -58.8394 -8.91 -7.68
80736 -50.262 -8.91 -7.68
79566 -54.8681 -8.91 -7.68
206768 -60.8577 12.46 28.7
198524 -58.7803 12.46 28.7
206594 -60.6083 12.46 28.7
204553 -59.9682 12.46 28.7
204685 -58.6003 12.46 28.7
210029 -56.1224 12.46 28.7
196084 -67.2336 12.46 28.7
191208 -69.9853 12.46 28.7
205533 -62.4415 12.46 28.7
209498 -61.691 12.46 28.7
206974 -61.8733 12.46 28.7
206931 -56.3021 12.46 28.7
203556 -61.8427 12.46 28.7
205047 -58.7335 12.46 28.7
206330 -57.1204 12.46 28.7
211890 -62.8031 12.46 28.7
201947 -58.9245 12.46 28.7
205496 -62.5096 12.46 28.7
208681 -59.9821 12.46 28.7
214074 -70.4563 12.46 28.7
208594 -56.4051 12.46 28.7
205784 -59.5082 12.46 28.7
208515 -57.8571 12.46 28.7
205578 -58.4409 12.46 28.7
201553 -62.7185 12.46 28.7
223741 -72.7107 12.46 28.7
210668 -70.7005 12.46 28.7
209141 -61.7425 12.46 28.7
206729 -62.6246 12.46 28.7
201593 -58.949 12.46 28.7
208736 -63.1777 12.46 28.7
210483 -63.7844 12.46 28.7
203977 -60.0994 12.46 28.7
211239 -61.8989 12.46 28.7
208155 -61.1977 12.46 28.7
201512 -61.5249 12.46 28.7
199567 -57.5689 12.46 28.7
206411 -56.7217 12.46 28.7
193901 -70.5257 12.46 28.7
209225 -57.2942 17.98 25.99
208084 -58.2332 17.98 25.99
205593 -67.214 17.98 25.99
201043 -63.1594 17.98 25.99
202546 -63.1113 17.98 25.99
200214 -58.9763 17.98 25.99
198206 -60.993 17.98 25.99
211232 -60.3022 17.98 25.99
204992 -60.6348 17.98 25.99
207540 -61.6122 17.98 25.99
208248 -65.1503 17.98 25.99
206859 -64.6462 17.98 25.99
199797 -57.5142 17.98 25.99
206283 -63.3385 17.98 25.99
199143 -60.1536 17.98 25.99
203594 -65.9985 17.98 25.99
205195 -60.8929 17.98 25.99
207404 -59.2254 17.98 25.99
202133 -66.2154 17.98 25.99
207494 -62.5573 17.98 25.99
201384 -60.3912 17.98 25.99
208565 -61.0894 17.98 25.99
207269 -62.5028 17.98 25.99
203726 -62.1735 17.98 25.99
209051 -68.0086 17.98 25.99
205530 -57.7745 17.98 25.99
195487 -65.8824 17.98 25.99
215678 -63.4516 17.98 25.99
203116 -65.4323 17.98 25.99
207486 -65.1124 17.98 25.99
205679 -57.2187 17.98 25.99
207736 -61.7096 17.98 25.99
202064 -54.7388 17.98 25.99
201284 -59.5053 17.98 25.99
204039 -58.5305 17.98 25.99
211555 -70.8652 17.98 25.99
197902 -64.7603 17.98 25.99
198104 -66.9493 17.98 25.99
206055 -60.533 17.98 25.99
59338 -54.2013 8.74 -6.27
66703 -50.8193 8.74 -6.27
65313 -55.8453 8.74 -6.27
72675 -44.4363 8.74 -6.27
66022 -56.741 8.74 -6.27
69156 -58.2732 8.74 -6.27
66169 -55.8653 8.74 -6.27
70831 -52.5031 8.74 -6.27
68014 -54.5389 8.74 -6.27
63450 -55.6638 8.74 -6.27
66429 -54.6656 8.74 -6.27
66870 -52.5203 8.74 -6.27
58808 -64.7528 8.74 -6.27
70362 -58.2229 8.74 -6.27
66256 -50.9899 8.74 -6.27
66424 -68.3675 8.74 -6.27
64006 -62.2352 8.74 -6.27
66405 -52.2183 8.74 -6.27
63153 -57.2473 8.74 -6.27
66063 -55.1986 8.74 -6.27
56954 -53.0412 8.74 -6.27
61095 -53.7993 8.74 -6.27
64355 -52.1636 8.74 -6.27
75370 -53.031 8.74 -6.27
68837 -54.4998 8.74 -6.27
67793 -57.3655 8.74 -6.27
68252 -57.8378 8.74 -6.27
67440 -54.056 8.74 -6.27
72979 -51.7093 8.74 -6.27
66957 -61.3542 8.74 -6.27
66819 -55.9772 8.74 -6.27
72479 -54.7692 8.74 -6.27
70846 -54.1068 8.74 -6.27
68030 -50.2695 8.74 -6.27
67700 -50.1125 8.74 -6.27
76845 -52.4477 8.74 -6.27
69215 -55.2804 8.74 -6.27
67463 -54.0648 8.74 -6.27
62862 -46.5065 8.74 -6.27
88010 -52.6921 -5.12 -11.61
89169 -53.4585 -5.12 -11.61
92599 -57.6219 -5.12 -11.61
89018 -49.9748 -5.12 -11.61
86198 -56.0957 -5.12 -11.61
89726 -53.6271 -5.12 -11.61
88645 -56.6378 -5.12 -11.61
85643 -55.0397 -5.12 -11.61
86621 -55.4472 -5.12 -11.61
87304 -52.5142 -5.12 -11.61
91274 -52.3435 -5.12 -11.61
88627 -51.6684 -5.12 -11.61
94322 -50.6039 -5.12 -11.61
86060 -50.7076 -5.12 -11.61
90234 -53.6535 -5.12 -11.61
91808 -59.0374 -5.12 -11.61
90451 -49.1454 -5.12 -11.61
87225 -53.2502 -5.12 -11.61
91499 -57.7445 -5.12 -11.61
89328 -53.5445 -5.12 -11.61
93525 -63.0492 -5.12 -11.61
90557 -54.7658 -5.12 -11.61
86031 -55.3869 -5.12 -11.61
89726 -58.425 -5.12 -11.61
93198 -59.2202 -5.12 -11.61
87045 -53.4687 -5.12 -11.61
95734 -68.6429 -5.12 -11.61
83606 -53.251 -5.12 -11.61
86749 -52.0812 -5.12 -11.61
87344 -61.6555 -5.12 -11.61
87087 -56.1658 -5.12 -11.61
86227 -58.1874 -5.12 -11.61
87666 -56.2762 -5.12 -11.61
97710 -61.1357 -5.12 -11.61
96294 -57.6579 -5.12 -11.61
90511 -60.2244 -5.12 -11.61
91865 -51.5636 -5.12 -11.61
87008 -57.9807 -5.12 -11.61
89861 -53.7976 -5.12 -11.61
124122 -63.3698 12.36 -16.17
128157 -55.8214 12.36 -16.17
132898 -54.6139 12.36 -16.17
126746 -62.3322 12.36 -16.17
132139 -62.1968 12.36 -16.17
134540 -57.3166 12.36 -16.17
130393 -58.4748 12.36 -16.17
127753 -56.1584 12.36 -16.17
136638 -72.1168 12.36 -16.17
125504 -56.463 12.36 -16.17
129450 -60.7141 12.36 -16.17
135487 -55.4249 12.36 -16.17
126292 -62.655 12.36 -16.17
131100 -63.4725 12.36 -16.17
127456 -55.4042 12.36 -16.17
131446 -59.463 12.36 -16.17
129672 -62.1466 12.36 -16.17
129345 -57.5523 12.36 -16.17
127215 -64.0471 12.36 -16.17
128895 -57.3077 12.36 -16.17
147272 -68.68 12.36 -16.17
123656 -63.3075 12.36 -16.17
121958 -61.7592 12.36 -16.17
131507 -64.7566 12.36 -16.17
129809 -64.3691 12.36 -16.17
123223 -61.3638 12.36 -16.17
125949 -59.2947 12.36 -16.17
132883 -59.8177 12.36 -16.17
133495 -53.62 12.36 -16.17
126377 -55.0834 12.36 -16.17
132897 -61.4399 12.36 -16.17
132196 -62.4472 12.36 -16.17
131879 -65.2009 12.36 -16.17
66714 -75.4117 12.36 -16.17
132823 -54.5933 12.36 -16.17
134737 -56.3293 12.36 -16.17
122034 -62.5018 12.36 -16.17
133294 -60.4091 12.36 -16.17
129450 -55.0983 12.36 -16.17
120531 -61.7247 -15.2 8.07
116284 -53.9033 -15.2 8.07
128411 -60.7991 -15.2 8.07
121498 -60.7112 -15.2 8.07
117402 -54.5786 -15.2 8.07
120284 -56.9573 -15.2 8.07
66643 -77.6658 -15.2 8.07
113390 -61.8628 -15.2 8.07
114133 -57.0471 -15.2 8.07
106992 -62.5193 -15.2 8.07
117730 -54.6124 -15.2 8.07
116276 -56.782 -15.2 8.07
113513 -56.663 -15.2 8.07
121730 -51.6864 -15.2 8.07
113878 -56.0042 -15.2 8.07
119263 -58.5412 -15.2 8.07
117496 -57.4686 -15.2 8.07
118096 -58.8114 -15.2 8.07
113646 -66.0244 -15.2 8.07
122225 -57.203 -15.2 8.07
119937 -56.0887 -15.2 8.07
120376 -65.5479 -15.2 8.07
120606 -55.3702 -15.2 8.07
117505 -52.3097 -15.2 8.07
111230 -60.3274 -15.2 8.07
114196 -58.3958 -15.2 8.07
120723 -51.4032 -15.2 8.07
115693 -52.8192 -15.2 8.07
123325 -51.9188 -15.2 8.07
114451 -54.0984 -15.2 8.07
117063 -57.9883 -15.2 8.07
115545 -59.7758 -15.2 8.07
115475 -52.1279 -15.2 8.07
120789 -59.2921 -15.2 8.07
110435 -59.0457 -15.2 8.07
117206 -54.6849 -15.2 8.07
113852 -57.8476 -15.2 8.07
121265 -54.5692 -15.2 8.07
119440 -60.9624 -15.2 8.07
