#rtt sig_str x y
186065 -62.1149 -28.96 -4.41
189554 -63.1655 -28.96 -4.41
191222 -57.6979 -28.96 -4.41
189463 -57.213 -28.96 -4.41
191270 -61.3729 -28.96 -4.41
192892 -58.3786 -28.96 -4.41
197044 -62.0686 -28.96 -4.41
189512 -61.4175 -28.96 -4.41
189409 -63.5312 -28.96 -4.41
189535 -63.4812 -28.96 -4.41
190624 -61.5956 -28.96 -4.41
193645 -59.7536 -28.96 -4.41
192978 -60.9216 -28.96 -4.41
195150 -63.8036 -28.96 -4.41
195588 -68.8833 -28.96 -4.41
186250 -62.0559 -28.96 -4.41
172750 -66.316 -28.96 -4.41
194128 -65.8166 -28.96 -4.41
191784 -59.3477 -28.96 -4.41
194676 -58.3724 -28.96 -4.41
193997 -60.6157 -28.96 -4.41
195367 -76.4581 -28.96 -4.41
185404 -64.7512 -28.96 -4.41
189257 -69.0117 -28.96 -4.41
187091 -63.5365 -28.96 -4.41
192507 -62.8895 -28.96 -4.41
194109 -59.9869 -28.96 -4.41
192695 -59.8328 -28.96 -4.41
189790 -57.2282 -28.96 -4.41
194439 -54.416 -28.96 -4.41
190347 -62.7812 -28.96 -4.41
191678 -60.3536 -28.96 -4.41
140564 -74.5444 -28.96 -4.41
197428 -61.219 -28.96 -4.41
193346 -56.8376 -28.96 -4.41
165108 -80.1657 -28.96 -4.41
196315 -60.9322 -28.96 -4.41
193052 -59.3836 -28.96 -4.41
194455 -64.8384 -28.96 -4.41
191761 -59.0954 23.5 -14.01
185893 -57.4022 23.5 -14.01
174061 -61.4761 23.5 -14.01
183780 -59.4813 23.5 -14.01
183662 -55.0517 23.5 -14.01
186294 -59.6797 23.5 -14.01
194877 -60.2427 23.5 -14.01
175386 -67.2933 23.5 -14.01
178937 -62.8894 23.5 -14.01
189864 -60.2579 23.5 -14.01
193235 -59.5271 23.5 -14.01
191940 -62.8146 23.5 -14.01
190052 -68.3295 23.5 -14.01
197374 -62.4404 23.5 -14.01
181830 -61.6845 23.5 -14.01
189909 -58.8159 23.5 -14.01
188982 -60.0735 23.5 -14.01
182086 -61.2305 23.5 -14.01
175733 -57.4151 23.5 -14.01
179156 -60.2317 23.5 -14.01
193186 -56.7338 23.5 -14.01
184277 -65.644 23.5 -14.01
182085 -62.0317 23.5 -14.01
184007 -60.0903 23.5 -14.01
183337 -60.886 23.5 -14.01
188288 -62.364 23.5 -14.01
188829 -56.4457 23.5 -14.01
179272 -63.2784 23.5 -14.01
191100 -57.3235 23.5 -14.01
191357 -60.165 23.5 -14.01
186927 -59.7361 23.5 -14.01
191984 -61.1063 23.5 -14.01
184496 -58.4805 23.5 -14.01
199292 -65.4905 23.5 -14.01
180353 -59.9618 23.5 -14.01
184957 -63.7 23.5 -14.01
186223 -62.9054 23.5 -14.01
181829 -60.475 23.5 -14.01
187977 -59.2193 23.5 -14.01
114543 -59.5039 -12.91 11.63
105411 -52.8884 -12.91 11.63
113828 -52.7932 -12.91 11.63
129848 -71.7261 -12.91 11.63
85556 -77.1603 -12.91 11.63
113305 -55.7319 -12.91 11.63
109245 -61.8092 -12.91 11.63
111087 -57.4472 -12.91 11.63
112680 -63.2252 -12.91 11.63
116557 -55.3602 -12.91 11.63
116234 -58.8979 -12.91 11.63
112810 -55.5436 -12.91 11.63
120618 -55.021 -12.91 11.63
111791 -57.7296 -12.91 11.63
114819 -62.6632 -12.91 11.63
112799 -63.087 -12.91 11.63
104027 -61.2691 -12.91 11.63
117258 -55.161 -12.91 11.63
111545 -61.6092 -12.91 11.63
110276 -50.1502 -12.91 11.63
113093 -58.1451 -12.91 11.63
109169 -60.192 -12.91 11.63
113343 -53.4467 -12.91 11.63
112783 -59.7001 -12.91 11.63
111671 -57.7131 -12.91 11.63
110832 -66.8094 -12.91 11.63
117740 -52.0427 -12.91 11.63
111230 -54.0149 -12.91 11.63
114174 -60.9725 -12.91 11.63
110662 -59.0909 -12.91 11.63
115182 -51.3689 -12.91 11.63
107982 -65.1418 -12.91 11.63
118780 -61.924 -12.91 11.63
117049 -61.0201 -12.91 11.63
116281 -56.091 -12.91 11.63
111035 -58.8365 -12.91 11.63
107424 -56.3881 -12.91 11.63
121858 -56.3363 -12.91 11.63
109007 -64.2384 -12.91 11.63
162348 -59.7816 -12.06 -23.51
170670 -63.6151 -12.06 -23.51
166706 -62.4309 -12.06 -23.51
170410 -62.3297 -12.06 -23.51
171997 -57.3461 -12.06 -23.51
164509 -63.3265 -12.06 -23.51
169735 -60.8937 -12.06 -23.51
166165 -63.6974 -12.06 -23.51
172813 -60.4726 -12.06 -23.51
171283 -61.2464 -12.06 -23.51
173070 -58.1137 -12.06 -23.51
169124 -60.1973 -12.06 -23.51
163226 -61.8857 -12.06 -23.51
174076 -64.9984 -12.06 -23.51
169695 -58.6713 -12.06 -23.51
159203 -65.2464 -12.06 -23.51
170574 -67.987 -12.06 -23.51
166075 -61.2532 -12.06 -23.51
163620 -62.285 -12.06 -23.51
142942 -73.2677 -12.06 -23.51
176595 -74.7245 -12.06 -23.51
171985 -61.8579 -12.06 -23.51
167539 -62.6686 -12.06 -23.51
171457 -64.8484 -12.06 -23.51
168551 -57.7509 -12.06 -23.51
170184 -60.8473 -12.06 -23.51
177366 -62.4005 -12.06 -23.51
173952 -65.3171 -12.06 -23.51
164470 -59.8856 -12.06 -23.51
173407 -59.3809 -12.06 -23.51
168521 -60.3253 -12.06 -23.51
168925 -62.5547 -12.06 -23.51
168039 -61.6997 -12.06 -23.51
158236 -59.9798 -12.06 -23.51
169908 -63.2496 -12.06 -23.51
170697 -65.9345 -12.06 -23.51
166322 -65.5171 -12.06 -23.51
169426 -56.9397 -12.06 -23.51
158507 -61.5457 -12.06 -23.51
215909 -61.2636 17.53 27.8
215900 -59.1862 17.53 27.8
216882 -61.0142 17.53 27.8
216461 -60.3741 17.53 27.8
207066 -59.0062 17.53 27.8
208831 -56.5283 17.53 27.8
218854 -67.6394 17.53 27.8
209767 -70.3912 17.53 27.8
210797 -62.8474 17.53 27.8
210713 -62.0969 17.53 27.8
210845 -62.2791 17.53 27.8
208615 -56.7079 17.53 27.8
209973 -62.2486 17.53 27.8
213326 -59.1394 17.53 27.8
212533 -57.5263 17.53 27.8
202585 -63.209 17.53 27.8
211922 -59.3304 17.53 27.8
208668 -62.9154 17.53 27.8
206748 -60.388 17.53 27.8
194177 -70.8621 17.53 27.8
208480 -56.811 17.53 27.8
216721 -59.914 17.53 27.8
215960 -58.2629 17.53 27.8
217133 -58.8467 17.53 27.8
216045 -63.1244 17.53 27.8
208439 -73.1165 17.53 27.8
216018 -71.1064 17.53 27.8
198329 -62.1484 17.53 27.8
207780 -63.0305 17.53 27.8
212228 -59.3548 17.53 27.8
206724 -63.5836 17.53 27.8
215997 -64.1903 17.53 27.8
204775 -60.5053 17.53 27.8
210747 -62.3047 17.53 27.8
213379 -61.6036 17.53 27.8
210375 -61.9308 17.53 27.8
209929 -57.9748 17.53 27.8
213077 -57.1276 17.53 27.8
216364 -70.9316 17.53 27.8
85468 -49.4603 -10.53 -6.22
85607 -50.3993 -10.53 -6.22
83123 -59.3801 -10.53 -6.22
79399 -55.3256 -10.53 -6.22
87661 -55.2774 -10.53 -6.22
80955 -51.1424 -10.53 -6.22
82515 -53.1591 -10.53 -6.22
82020 -52.4684 -10.53 -6.22
78373 -52.8009 -10.53 -6.22
74641 -53.7784 -10.53 -6.22
85647 -57.3164 -10.53 -6.22
83107 -56.8123 -10.53 -6.22
81533 -49.6803 -10.53 -6.22
79972 -55.5046 -10.53 -6.22
85663 -52.3197 -10.53 -6.22
80445 -58.1646 -10.53 -6.22
77348 -53.059 -10.53 -6.22
76637 -51.3915 -10.53 -6.22
84266 -58.3815 -10.53 -6.22
83832 -54.7234 -10.53 -6.22
86222 -52.5574 -10.53 -6.22
81356 -53.2555 -10.53 -6.22
76860 -54.669 -10.53 -6.22
80633 -54.3396 -10.53 -6.22
76251 -60.1747 -10.53 -6.22
83491 -49.9406 -10.53 -6.22
84991 -58.0485 -10.53 -6.22
85290 -55.6177 -10.53 -6.22
82215 -57.5985 -10.53 -6.22
79364 -57.2785 -10.53 -6.22
78301 -49.3848 -10.53 -6.22
88213 -53.8757 -10.53 -6.22
80671 -46.9049 -10.53 -6.22
83183 -51.6714 -10.53 -6.22
81251 -50.6966 -10.53 -6.22
75967 -63.0313 -10.53 -6.22
79780 -56.9264 -10.53 -6.22
77067 -59.1154 -10.53 -6.22
81773 -52.6992 -10.53 -6.22
150141 -60.0773 21.89 -1.23
147529 -56.6953 21.89 -1.23
154146 -61.7212 21.89 -1.23
145985 -50.3123 21.89 -1.23
141383 -62.617 21.89 -1.23
141117 -64.1492 21.89 -1.23
146649 -61.7413 21.89 -1.23
146577 -58.3791 21.89 -1.23
142987 -60.4149 21.89 -1.23
144413 -61.5398 21.89 -1.23
151936 -60.5416 21.89 -1.23
142007 -58.3963 21.89 -1.23
146338 -70.6288 21.89 -1.23
151395 -64.0989 21.89 -1.23
141596 -56.8659 21.89 -1.23
148579 -74.2435 21.89 -1.23
135648 -68.1112 21.89 -1.23
151326 -58.0943 21.89 -1.23
143984 -63.1233 21.89 -1.23
144042 -61.0746 21.89 -1.23
142787 -58.9172 21.89 -1.23
143136 -59.6753 21.89 -1.23
135420 -58.0396 21.89 -1.23
149631 -58.9069 21.89 -1.23
142104 -60.3758 21.89 -1.23
144259 -63.2414 21.89 -1.23
146262 -63.7138 21.89 -1.23
144865 -59.932 21.89 -1.23
147276 -57.5853 21.89 -1.23
146375 -67.2302 21.89 -1.23
141708 -61.8532 21.89 -1.23
142881 -60.6452 21.89 -1.23
142872 -59.9828 21.89 -1.23
140511 -56.1455 21.89 -1.23
146761 -55.9884 21.89 -1.23
142949 -58.3237 21.89 -1.23
151287 -61.1564 21.89 -1.23
146419 -59.9408 21.89 -1.23
143901 -52.3825 21.89 -1.23
99582 -54.1608 -3.15 14.83
91752 -54.9272 -3.15 14.83
88766 -59.0907 -3.15 14.83
98839 -51.4435 -3.15 14.83
97162 -57.5645 -3.15 14.83
99295 -55.0958 -3.15 14.83
97424 -58.1065 -3.15 14.83
100899 -56.5084 -3.15 14.83
96450 -56.9159 -3.15 14.83
99243 -53.9829 -3.15 14.83
92376 -53.8122 -3.15 14.83
91007 -53.1371 -3.15 14.83
97869 -52.0727 -3.15 14.83
97791 -52.1764 -3.15 14.83
99220 -55.1223 -3.15 14.83
88868 -60.5061 -3.15 14.83
94964 -50.6141 -3.15 14.83
98529 -54.7189 -3.15 14.83
96717 -59.2133 -3.15 14.83
97686 -55.0132 -3.15 14.83
98969 -64.5179 -3.15 14.83
99800 -56.2345 -3.15 14.83
102890 -56.8556 -3.15 14.83
97438 -59.8937 -3.15 14.83
96116 -60.6889 -3.15 14.83
102157 -54.9374 -3.15 14.83
110641 -70.1116 -3.15 14.83
93197 -54.7197 -3.15 14.83
97699 -53.5499 -3.15 14.83
96358 -63.1242 -3.15 14.83
92869 -57.6345 -3.15 14.83
103818 -59.6562 -3.15 14.83
103517 -57.7449 -3.15 14.83
101057 -62.6045 -3.15 14.83
97332 -59.1266 -3.15 14.83
94903 -61.6932 -3.15 14.83
97188 -53.0324 -3.15 14.83
101329 -59.4494 -3.15 14.83
84088 -55.2664 -3.15 14.83
25574 -50.1084 2.89 -2.88
31567 -42.5601 2.89 -2.88
32372 -41.3525 2.89 -2.88
29291 -49.0709 2.89 -2.88
35357 -48.9355 2.89 -2.88
32198 -44.0552 2.89 -2.88
29617 -45.2135 2.89 -2.88
30893 -42.897 2.89 -2.88
20861 -58.8555 2.89 -2.88
28121 -43.2017 2.89 -2.88
28363 -47.4528 2.89 -2.88
31846 -42.1636 2.89 -2.88
28645 -49.3937 2.89 -2.88
27821 -50.2112 2.89 -2.88
38573 -42.1429 2.89 -2.88
30258 -46.2017 2.89 -2.88
28738 -48.8853 2.89 -2.88
27982 -44.291 2.89 -2.88
29086 -50.7858 2.89 -2.88
34543 -44.0464 2.89 -2.88
29525 -55.4187 2.89 -2.88
31617 -50.0462 2.89 -2.88
29250 -48.4979 2.89 -2.88
24955 -51.4952 2.89 -2.88
28420 -51.1078 2.89 -2.88
29002 -48.1025 2.89 -2.88
31063 -46.0334 2.89 -2.88
25996 -46.5563 2.89 -2.88
31900 -40.3586 2.89 -2.88
32895 -41.8221 2.89 -2.88
31798 -48.1785 2.89 -2.88
32432 -49.1859 2.89 -2.88
33224 -51.9396 2.89 -2.88
21081 -62.1504 2.89 -2.88
24997 -41.3319 2.89 -2.88
31053 -43.068 2.89 -2.88
22116 -49.2405 2.89 -2.88
29730 -47.1478 2.89 -2.88
31942 -41.837 2.89 -2.88
82812 -59.077 -8.57 9.08
89031 -51.2556 -8.57 9.08
82948 -58.1513 -8.57 9.08
85071 -58.0635 -8.57 9.08
85358 -51.9309 -8.57 9.08
88901 -54.3095 -8.57 9.08
73205 -75.018 -8.57 9.08
95815 -59.2151 -8.57 9.08
81789 -54.3993 -8.57 9.08
81696 -59.8716 -8.57 9.08
86814 -51.9646 -8.57 9.08
83025 -54.1343 -8.57 9.08
80886 -54.0152 -8.57 9.08
82843 -49.0386 -8.57 9.08
81381 -53.3565 -8.57 9.08
81490 -55.8934 -8.57 9.08
84710 -54.8209 -8.57 9.08
86521 -56.1637 -8.57 9.08
78585 -63.3766 -8.57 9.08
81653 -54.5553 -8.57 9.08
81423 -53.441 -8.57 9.08
86256 -62.9002 -8.57 9.08
90308 -52.7224 -8.57 9.08
84964 -49.6619 -8.57 9.08
86587 -57.6797 -8.57 9.08
88988 -55.7481 -8.57 9.08
82646 -48.7555 -8.57 9.08
79878 -50.1714 -8.57 9.08
81686 -49.271 -8.57 9.08
85762 -51.4506 -8.57 9.08
87821 -55.3405 -8.57 9.08
81225 -57.128 -8.57 9.08
83369 -49.4802 -8.57 9.08
88591 -56.6443 -8.57 9.08
86403 -56.3979 -8.57 9.08
91470 -52.0371 -8.57 9.08
77880 -55.1999 -8.57 9.08
81844 -51.9214 -8.57 9.08
77935 -58.3147 -8.57 9.08
