#rtt sig_str x y
81841 -54.7808 -11.94 -1.58
72860 -55.8315 -11.94 -1.58
75155 -50.3639 -11.94 -1.58
80795 -49.879 -11.94 -1.58
73508 -54.0389 -11.94 -1.58
73120 -51.0445 -11.94 -1.58
80696 -54.7345 -11.94 -1.58
71477 -54.0834 -11.94 -1.58
74296 -56.1971 -11.94 -1.58
67846 -56.1471 -11.94 -1.58
76415 -54.2616 -11.94 -1.58
71683 -52.4195 -11.94 -1.58
75512 -53.5876 -11.94 -1.58
76691 -56.4695 -11.94 -1.58
76745 -61.5492 -11.94 -1.58
84493 -54.7218 -11.94 -1.58
76546 -58.9819 -11.94 -1.58
78184 -58.4826 -11.94 -1.58
68074 -52.0137 -11.94 -1.58
69684 -51.0384 -11.94 -1.58
80166 -53.2816 -11.94 -1.58
65421 -69.124 -11.94 -1.58
80429 -57.4171 -11.94 -1.58
69629 -61.6777 -11.94 -1.58
76219 -56.2024 -11.94 -1.58
76891 -55.5555 -11.94 -1.58
71576 -52.6528 -11.94 -1.58
76864 -52.4987 -11.94 -1.58
76630 -49.8941 -11.94 -1.58
78455 -47.0819 -11.94 -1.58
77855 -55.4471 -11.94 -1.58
77686 -53.0195 -11.94 -1.58
83214 -67.2103 -11.94 -1.58
73725 -53.885 -11.94 -1.58
85276 -49.5036 -11.94 -1.58
81659 -72.8317 -11.94 -1.58
73530 -53.5981 -11.94 -1.58
81917 -52.0496 -11.94 -1.58
75347 -57.5044 -11.94 -1.58
145662 -57.233 -15.18 15.69
146376 -55.5397 -15.18 15.69
145468 -59.6136 -15.18 15.69
149941 -57.6188 -15.18 15.69
150250 -53.1892 -15.18 15.69
143838 -57.8173 -15.18 15.69
145424 -58.3803 -15.18 15.69
148095 -65.4308 -15.18 15.69
148950 -61.0269 -15.18 15.69
148483 -58.3954 -15.18 15.69
140315 -57.6646 -15.18 15.69
152599 -60.9522 -15.18 15.69
146036 -66.467 -15.18 15.69
147741 -60.578 -15.18 15.69
150480 -59.8221 -15.18 15.69
145172 -56.9535 -15.18 15.69
150411 -58.2111 -15.18 15.69
141734 -59.368 -15.18 15.69
153497 -55.5526 -15.18 15.69
148171 -58.3692 -15.18 15.69
146473 -54.8714 -15.18 15.69
147735 -63.7816 -15.18 15.69
142279 -60.1692 -15.18 15.69
150449 -58.2279 -15.18 15.69
147094 -59.0235 -15.18 15.69
147413 -60.5016 -15.18 15.69
144749 -54.5833 -15.18 15.69
145802 -61.416 -15.18 15.69
142227 -55.461 -15.18 15.69
145514 -58.3025 -15.18 15.69
142164 -57.8737 -15.18 15.69
147312 -59.2439 -15.18 15.69
153211 -56.6181 -15.18 15.69
146902 -63.628 -15.18 15.69
143327 -58.0993 -15.18 15.69
143476 -61.8376 -15.18 15.69
144818 -61.0429 -15.18 15.69
151668 -58.6125 -15.18 15.69
151569 -57.3569 -15.18 15.69
200973 -64.4078 25.58 -18.35
211331 -57.7923 25.58 -18.35
206653 -57.6971 25.58 -18.35
95710 -76.63 25.58 -18.35
210876 -60.7683 25.58 -18.35
209008 -58.8483 25.58 -18.35
211385 -57.0745 25.58 -18.35
206033 -63.9392 25.58 -18.35
206421 -63.0905 25.58 -18.35
211433 -60.1208 25.58 -18.35
202874 -62.6882 25.58 -18.35
215855 -69.8894 25.58 -18.35
200958 -60.2432 25.58 -18.35
200675 -77.0736 25.58 -18.35
192315 -65.963 25.58 -18.35
202817 -66.5631 25.58 -18.35
200613 -60.2743 25.58 -18.35
208220 -67.5103 25.58 -18.35
207887 -64.5902 25.58 -18.35
213252 -62.7426 25.58 -18.35
203167 -60.1867 25.58 -18.35
207329 -69.1426 25.58 -18.35
199802 -60.2801 25.58 -18.35
203824 -61.131 25.58 -18.35
207746 -59.9318 25.58 -18.35
202848 -63.8317 25.58 -18.35
211171 -57.8989 25.58 -18.35
204806 -60.0121 25.58 -18.35
203452 -66.1918 25.58 -18.35
211040 -73.1734 25.58 -18.35
207582 -65.0201 25.58 -18.35
206246 -67.3668 25.58 -18.35
205455 -57.8424 25.58 -18.35
202513 -64.344 25.58 -18.35
213390 -60.933 25.58 -18.35
204075 -64.8104 25.58 -18.35
203916 -68.4827 25.58 -18.35
210165 -57.7268 25.58 -18.35
213675 -60.0449 25.58 -18.35
194208 -60.1754 23.5 15.76
196924 -59.912 23.5 15.76
205148 -63.7973 23.5 15.76
196396 -61.323 23.5 15.76
190538 -58.9484 23.5 15.76
195254 -69.1775 23.5 15.76
188362 -66.6217 23.5 15.76
191171 -63.7052 23.5 15.76
196434 -57.6265 23.5 15.76
191919 -64.3176 23.5 15.76
196141 -65.5455 23.5 15.76
194894 -58.5988 23.5 15.76
193902 -62.8467 23.5 15.76
191441 -59.3248 23.5 15.76
201960 -67.5332 23.5 15.76
200669 -61.8986 23.5 15.76
196152 -56.3491 23.5 15.76
198770 -58.9593 23.5 15.76
195826 -65.4325 23.5 15.76
193959 -59.5045 23.5 15.76
196857 -62.5926 23.5 15.76
201371 -62.9719 23.5 15.76
201068 -62.0518 23.5 15.76
198305 -62.0688 23.5 15.76
197358 -65.7778 23.5 15.76
192124 -61.3752 23.5 15.76
190254 -61.1112 23.5 15.76
178295 -67.7541 23.5 15.76
128070 -72.1635 23.5 15.76
195498 -62.5072 23.5 15.76
194379 -66.3403 23.5 15.76
189507 -65.3656 23.5 15.76
189637 -65.4319 23.5 15.76
195858 -62.1505 23.5 15.76
196585 -61.3281 23.5 15.76
202971 -62.0695 23.5 15.76
197180 -61.305 23.5 15.76
189771 -67.8006 23.5 15.76
175571 -76.7855 23.5 15.76
99821 -69.4694 11 -10.86
107673 -54.5187 11 -10.86
106429 -55.4452 11 -10.86
101094 -54.5985 11 -10.86
99349 -58.616 11 -10.86
100931 -47.6893 11 -10.86
100300 -59.8018 11 -10.86
112051 -57.4485 11 -10.86
109057 -57.7354 11 -10.86
101009 -53.9818 11 -10.86
104010 -56.8431 11 -10.86
99384 -53.2547 11 -10.86
98931 -54.5464 11 -10.86
105856 -55.3105 11 -10.86
94102 -61.6202 11 -10.86
95557 -55.2535 11 -10.86
103326 -53.5447 11 -10.86
107478 -57.8868 11 -10.86
103234 -50.9339 11 -10.86
106598 -53.5034 11 -10.86
106946 -57.3143 11 -10.86
98897 -56.9035 11 -10.86
100736 -53.6322 11 -10.86
99229 -61.2292 11 -10.86
103544 -53.5636 11 -10.86
105914 -53.5524 11 -10.86
100506 -56.3567 11 -10.86
102187 -61.7009 11 -10.86
103147 -55.6056 11 -10.86
104388 -53.4998 11 -10.86
106873 -52.639 11 -10.86
107397 -55.0757 11 -10.86
103039 -58.3439 11 -10.86
101730 -51.6323 11 -10.86
106933 -57.075 11 -10.86
104526 -51.1298 11 -10.86
99032 -55.0861 11 -10.86
104987 -54.3055 11 -10.86
100518 -52.4966 11 -10.86
191811 -59.8015 4.01 -27.84
183223 -61.6627 4.01 -27.84
191605 -66.7284 4.01 -27.84
193983 -65.2203 4.01 -27.84
170830 -67.7634 4.01 -27.84
190479 -63.8223 4.01 -27.84
191171 -59.1925 4.01 -27.84
191796 -63.4638 4.01 -27.84
192297 -60.2251 4.01 -27.84
189125 -58.1994 4.01 -27.84
195097 -66.6715 4.01 -27.84
195366 -64.1972 4.01 -27.84
189352 -63.2071 4.01 -27.84
185374 -62.0338 4.01 -27.84
188176 -63.1853 4.01 -27.84
186391 -58.8958 4.01 -27.84
190424 -65.3139 4.01 -27.84
192215 -59.3266 4.01 -27.84
198066 -68.4179 4.01 -27.84
189940 -61.7964 4.01 -27.84
186667 -59.7859 4.01 -27.84
186074 -66.8945 4.01 -27.84
188684 -57.0444 4.01 -27.84
192857 -59.6268 4.01 -27.84
179394 -62.5263 4.01 -27.84
191956 -55.3683 4.01 -27.84
186506 -59.5493 4.01 -27.84
190820 -59.2919 4.01 -27.84
188336 -67.7293 4.01 -27.84
193047 -54.8219 4.01 -27.84
193057 -57.0361 4.01 -27.84
187612 -67.1421 4.01 -27.84
186306 -63.8042 4.01 -27.84
186607 -56.303 4.01 -27.84
190424 -60.7624 4.01 -27.84
194529 -66.5837 4.01 -27.84
188146 -61.9349 4.01 -27.84
207136 -67.6676 4.01 -27.84
184155 -59.8168 4.01 -27.84
96384 -52.8534 2.82 14.39
92625 -64.088 2.82 14.39
87555 -61.9714 2.82 14.39
91825 -48.124 2.82 14.39
97171 -63.1764 2.82 14.39
97333 -54.2079 2.82 14.39
92682 -53.3914 2.82 14.39
96488 -56.7858 2.82 14.39
93001 -56.5461 2.82 14.39
99116 -60.1549 2.82 14.39
91511 -57.0052 2.82 14.39
99142 -64.5889 2.82 14.39
92636 -58.5877 2.82 14.39
97452 -55.0458 2.82 14.39
101226 -51.3895 2.82 14.39
97903 -58.6772 2.82 14.39
95780 -48.5462 2.82 14.39
96289 -62.3656 2.82 14.39
91992 -56.6927 2.82 14.39
92998 -58.4847 2.82 14.39
88149 -61.035 2.82 14.39
101953 -55.827 2.82 14.39
100669 -57.8244 2.82 14.39
94410 -52.2063 2.82 14.39
98438 -55.3798 2.82 14.39
90479 -54.0877 2.82 14.39
97261 -53.2468 2.82 14.39
93028 -51.7822 2.82 14.39
90098 -56.8202 2.82 14.39
90658 -57.2261 2.82 14.39
93850 -63.612 2.82 14.39
90357 -60.0508 2.82 14.39
92432 -62.9238 2.82 14.39
95978 -56.8742 2.82 14.39
98775 -55.4463 2.82 14.39
102880 -54.8864 2.82 14.39
91071 -49.6749 2.82 14.39
98734 -59.8066 2.82 14.39
90578 -55.5054 2.82 14.39
173638 -59.2079 -17.38 -19.01
164063 -56.6944 -17.38 -19.01
162152 -65.6321 -17.38 -19.01
156259 -64.1976 -17.38 -19.01
167821 -66.088 -17.38 -19.01
169107 -61.0717 -17.38 -19.01
166114 -67.4395 -17.38 -19.01
167263 -62.2864 -17.38 -19.01
170602 -55.2697 -17.38 -19.01
166825 -65.5902 -17.38 -19.01
168122 -62.5079 -17.38 -19.01
167077 -60.9484 -17.38 -19.01
168090 -57.2882 -17.38 -19.01
168234 -57.9201 -17.38 -19.01
168410 -59.9162 -17.38 -19.01
168566 -59.4986 -17.38 -19.01
168297 -58.3086 -17.38 -19.01
169121 -60.1184 -17.38 -19.01
166603 -59.517 -17.38 -19.01
171876 -59.7671 -17.38 -19.01
166545 -60.461 -17.38 -19.01
166144 -57.1541 -17.38 -19.01
163420 -65.59 -17.38 -19.01
162565 -57.1314 -17.38 -19.01
163810 -59.5775 -17.38 -19.01
165171 -56.1491 -17.38 -19.01
170187 -56.4021 -17.38 -19.01
168180 -66.5922 -17.38 -19.01
162544 -66.9662 -17.38 -19.01
173075 -59.9149 -17.38 -19.01
161261 -60.6106 -17.38 -19.01
168858 -57.5424 -17.38 -19.01
155227 -59.9464 -17.38 -19.01
159381 -63.7909 -17.38 -19.01
166205 -60.5127 -17.38 -19.01
169663 -55.1207 -17.38 -19.01
166861 -57.4295 -17.38 -19.01
170737 -59.3882 -17.38 -19.01
163145 -54.876 -17.38 -19.01
166256 -60.2591 16.19 20.27
166193 -57.9869 16.19 20.27
170202 -63.2081 16.19 20.27
172134 -57.9918 16.19 20.27
171875 -60.9587 16.19 20.27
165703 -60.4044 16.19 20.27
160725 -63.1162 16.19 20.27
173004 -57.7394 16.19 20.27
167425 -62.6165 16.19 20.27
166518 -56.6823 16.19 20.27
142922 -75.729 16.19 20.27
165042 -58.2443 16.19 20.27
163920 -66.0091 16.19 20.27
168891 -58.503 16.19 20.27
166328 -62.0659 16.19 20.27
175185 -63.5693 16.19 20.27
170902 -58.5212 16.19 20.27
173587 -55.0168 16.19 20.27
163676 -64.5323 16.19 20.27
167390 -57.8919 16.19 20.27
170975 -65.2959 16.19 20.27
169516 -57.3777 16.19 20.27
171391 -56.8189 16.19 20.27
166666 -55.3157 16.19 20.27
167884 -65.0149 16.19 20.27
167388 -59.837 16.19 20.27
165003 -58.9972 16.19 20.27
170646 -59.256 16.19 20.27
162774 -57.6451 16.19 20.27
169938 -63.0871 16.19 20.27
178223 -64.1958 16.19 20.27
171593 -59.3419 16.19 20.27
170704 -61.7819 16.19 20.27
167096 -57.6481 16.19 20.27
162714 -58.7178 16.19 20.27
165581 -57.7607 16.19 20.27
175671 -56.2106 16.19 20.27
170020 -56.3577 16.19 20.27
170998 -60.1636 16.19 20.27
236467 -65.14 23.78 24.94
225172 -61.6914 23.78 24.94
229769 -61.844 23.78 24.94
227976 -60.375 23.78 24.94
236561 -64.0056 23.78 24.94
223135 -59.5289 23.78 24.94
236105 -55.7285 23.78 24.94
232015 -59.606 23.78 24.94
223513 -60.4885 23.78 24.94
234537 -60.4895 23.78 24.94
226083 -71.5561 23.78 24.94
218806 -62.4386 23.78 24.94
235003 -61.3215 23.78 24.94
235166 -62.2379 23.78 24.94
237848 -58.6637 23.78 24.94
230097 -62.2339 23.78 24.94
220882 -63.1866 23.78 24.94
233320 -65.2291 23.78 24.94
231675 -57.0287 23.78 24.94
227024 -66.5663 23.78 24.94
229851 -64.1838 23.78 24.94
237957 -67.6256 23.78 24.94
226366 -59.6929 23.78 24.94
221925 -65.6681 23.78 24.94
230041 -61.3664 23.78 24.94
227644 -62.3098 23.78 24.94
228924 -62.3777 23.78 24.94
231422 -64.816 23.78 24.94
230005 -66.0561 23.78 24.94
229313 -72.9961 23.78 24.94
235838 -60.5815 23.78 24.94
227006 -61.9877 23.78 24.94
214695 -70.064 23.78 24.94
237308 -58.5429 23.78 24.94
238068 -58.9294 23.78 24.94
238326 -67.8384 23.78 24.94
234124 -68.5257 23.78 24.94
230798 -62.6251 23.78 24.94
233759 -58.7165 23.78 24.94
