#rtt sig_str x y
108134 -56.4812 10.55 -10.38
100966 -57.5319 10.55 -10.38
105107 -52.0643 10.55 -10.38
109307 -51.5794 10.55 -10.38
112514 -55.7393 10.55 -10.38
107505 -52.7449 10.55 -10.38
107851 -56.4349 10.55 -10.38
106744 -55.7838 10.55 -10.38
103936 -57.8975 10.55 -10.38
111568 -57.8475 10.55 -10.38
115287 -55.962 10.55 -10.38
105336 -54.1199 10.55 -10.38
101736 -55.288 10.55 -10.38
109005 -58.1699 10.55 -10.38
104921 -63.2496 10.55 -10.38
105281 -56.4222 10.55 -10.38
102598 -60.6823 10.55 -10.38
103079 -60.183 10.55 -10.38
104516 -53.7141 10.55 -10.38
100952 -52.7388 10.55 -10.38
95366 -54.982 10.55 -10.38
95239 -70.8244 10.55 -10.38
99402 -59.1175 10.55 -10.38
108045 -63.3781 10.55 -10.38
105470 -57.9028 10.55 -10.38
114845 -57.2559 10.55 -10.38
109121 -54.3532 10.55 -10.38
110207 -54.1991 10.55 -10.38
99768 -51.5945 10.55 -10.38
107275 -48.7823 10.55 -10.38
104646 -57.1475 10.55 -10.38
106947 -54.7199 10.55 -10.38
106320 -68.9107 10.55 -10.38
103032 -55.5854 10.55 -10.38
103483 -51.204 10.55 -10.38
69177 -74.5321 10.55 -10.38
101394 -55.2985 10.55 -10.38
103673 -53.75 10.55 -10.38
97982 -59.2048 10.55 -10.38
180018 -59.0853 -27.32 0.55
173228 -57.392 -27.32 0.55
173752 -61.4659 -27.32 0.55
175473 -59.4711 -27.32 0.55
176668 -55.0415 -27.32 0.55
180491 -59.6695 -27.32 0.55
169336 -60.2325 -27.32 0.55
168553 -67.2831 -27.32 0.55
173719 -62.8792 -27.32 0.55
169796 -60.2477 -27.32 0.55
178896 -59.5169 -27.32 0.55
173297 -62.8044 -27.32 0.55
174503 -68.3193 -27.32 0.55
172105 -62.4302 -27.32 0.55
171875 -61.6743 -27.32 0.55
178810 -58.8058 -27.32 0.55
177414 -60.0634 -27.32 0.55
177813 -61.2203 -27.32 0.55
166375 -57.4049 -27.32 0.55
169995 -60.2215 -27.32 0.55
181057 -56.7237 -27.32 0.55
186711 -65.6338 -27.32 0.55
179346 -62.0215 -27.32 0.55
176046 -60.0802 -27.32 0.55
178657 -60.8758 -27.32 0.55
174740 -62.3539 -27.32 0.55
172479 -56.4356 -27.32 0.55
172045 -63.2683 -27.32 0.55
172796 -57.3133 -27.32 0.55
170887 -60.1548 -27.32 0.55
173726 -59.7259 -27.32 0.55
179389 -61.0961 -27.32 0.55
170738 -58.4703 -27.32 0.55
174988 -65.4803 -27.32 0.55
179782 -59.9516 -27.32 0.55
166788 -63.6898 -27.32 0.55
171385 -62.8952 -27.32 0.55
175953 -60.4648 -27.32 0.55
176932 -59.2092 -27.32 0.55
174240 -63.4948 -9.4 26.57
180374 -56.8793 -9.4 26.57
188126 -56.7841 -9.4 26.57
176519 -75.7171 -9.4 26.57
95306 -81.1512 -9.4 26.57
179938 -59.7229 -9.4 26.57
189397 -65.8002 -9.4 26.57
183525 -61.4382 -9.4 26.57
177556 -67.2161 -9.4 26.57
178392 -59.3511 -9.4 26.57
175612 -62.8888 -9.4 26.57
182917 -59.5345 -9.4 26.57
183747 -59.0119 -9.4 26.57
184476 -61.7205 -9.4 26.57
187025 -66.6541 -9.4 26.57
184902 -67.0779 -9.4 26.57
185035 -65.26 -9.4 26.57
183286 -59.1519 -9.4 26.57
178564 -65.6001 -9.4 26.57
177584 -54.1411 -9.4 26.57
185218 -62.1361 -9.4 26.57
187082 -64.1829 -9.4 26.57
176037 -57.4376 -9.4 26.57
187644 -63.691 -9.4 26.57
181215 -61.7041 -9.4 26.57
157028 -70.8004 -9.4 26.57
189803 -56.0336 -9.4 26.57
180411 -58.0058 -9.4 26.57
185313 -64.9634 -9.4 26.57
183865 -63.0819 -9.4 26.57
181620 -55.3599 -9.4 26.57
195703 -69.1327 -9.4 26.57
187945 -65.9149 -9.4 26.57
181610 -65.0111 -9.4 26.57
180405 -60.082 -9.4 26.57
180312 -62.8275 -9.4 26.57
178353 -60.3791 -9.4 26.57
187059 -60.3272 -9.4 26.57
150288 -68.2294 -9.4 26.57
68103 -50.9896 8.64 2.87
68633 -54.8231 8.64 2.87
63709 -53.6389 8.64 2.87
64315 -53.5377 8.64 2.87
62748 -48.5541 8.64 2.87
61494 -54.5345 8.64 2.87
65505 -52.1017 8.64 2.87
62513 -54.9054 8.64 2.87
65690 -51.6806 8.64 2.87
70012 -52.4544 8.64 2.87
61657 -49.3217 8.64 2.87
67009 -51.4053 8.64 2.87
66180 -53.0937 8.64 2.87
63051 -56.2064 8.64 2.87
63840 -49.8793 8.64 2.87
64095 -56.4544 8.64 2.87
63980 -59.195 8.64 2.87
59522 -52.4612 8.64 2.87
64746 -53.493 8.64 2.87
61040 -64.4757 8.64 2.87
60143 -65.9325 8.64 2.87
62348 -53.0659 8.64 2.87
67431 -53.8766 8.64 2.87
66274 -56.0564 8.64 2.87
67686 -48.9589 8.64 2.87
64415 -52.0554 8.64 2.87
62090 -53.6085 8.64 2.87
67920 -56.5251 8.64 2.87
60903 -51.0936 8.64 2.87
71744 -50.5889 8.64 2.87
68133 -51.5333 8.64 2.87
65711 -53.7627 8.64 2.87
64198 -52.9077 8.64 2.87
66211 -51.1878 8.64 2.87
62712 -54.4576 8.64 2.87
60822 -57.1426 8.64 2.87
63794 -56.7251 8.64 2.87
61560 -48.1477 8.64 2.87
70751 -52.7537 8.64 2.87
214212 -60.629 -12.95 27.54
205054 -58.5516 -12.95 27.54
199639 -60.3796 -12.95 27.54
201917 -59.7395 -12.95 27.54
208172 -58.3716 -12.95 27.54
206349 -55.8937 -12.95 27.54
212343 -67.0049 -12.95 27.54
209470 -69.7566 -12.95 27.54
205315 -62.2128 -12.95 27.54
205580 -61.4624 -12.95 27.54
208938 -61.6446 -12.95 27.54
209177 -56.0734 -12.95 27.54
202602 -61.614 -12.95 27.54
207810 -58.5048 -12.95 27.54
211161 -56.8917 -12.95 27.54
202183 -62.5744 -12.95 27.54
205231 -58.6958 -12.95 27.54
209220 -62.2809 -12.95 27.54
207717 -59.7534 -12.95 27.54
202839 -70.2276 -12.95 27.54
203622 -56.1764 -12.95 27.54
204430 -59.2795 -12.95 27.54
204486 -57.6284 -12.95 27.54
206203 -58.2122 -12.95 27.54
212961 -62.4898 -12.95 27.54
192127 -72.482 -12.95 27.54
205978 -70.4718 -12.95 27.54
210189 -61.5138 -12.95 27.54
200979 -62.3959 -12.95 27.54
210749 -58.7203 -12.95 27.54
214253 -62.949 -12.95 27.54
206447 -63.5557 -12.95 27.54
203493 -59.8707 -12.95 27.54
201924 -61.6702 -12.95 27.54
203085 -60.969 -12.95 27.54
212538 -61.2963 -12.95 27.54
198194 -57.3402 -12.95 27.54
202700 -56.493 -12.95 27.54
195947 -70.297 -12.95 27.54
173181 -55.9864 26.96 0.78
172393 -56.9254 26.96 0.78
182992 -65.9062 26.96 0.78
171800 -61.8517 26.96 0.78
182575 -61.8035 26.96 0.78
175312 -57.6685 26.96 0.78
175168 -59.6853 26.96 0.78
176270 -58.9945 26.96 0.78
181822 -59.327 26.96 0.78
177441 -60.3045 26.96 0.78
170230 -63.8425 26.96 0.78
183073 -63.3384 26.96 0.78
178282 -56.2064 26.96 0.78
180440 -62.0307 26.96 0.78
177930 -58.8459 26.96 0.78
169614 -64.6908 26.96 0.78
178835 -59.5852 26.96 0.78
183661 -57.9177 26.96 0.78
172029 -64.9077 26.96 0.78
182632 -61.2496 26.96 0.78
188163 -59.0835 26.96 0.78
173904 -59.7816 26.96 0.78
180885 -61.1951 26.96 0.78
178887 -60.8657 26.96 0.78
177035 -66.7008 26.96 0.78
175733 -56.4668 26.96 0.78
178153 -64.5746 26.96 0.78
176783 -62.1438 26.96 0.78
172596 -64.1246 26.96 0.78
174178 -63.8046 26.96 0.78
175439 -55.911 26.96 0.78
178588 -60.4019 26.96 0.78
173449 -53.431 26.96 0.78
178523 -58.1976 26.96 0.78
178158 -57.2227 26.96 0.78
177965 -69.5574 26.96 0.78
176422 -63.4525 26.96 0.78
168977 -65.6415 26.96 0.78
176901 -59.2253 26.96 0.78
183259 -62.2041 -20.54 19.57
198579 -58.822 -20.54 19.57
187337 -63.848 -20.54 19.57
194407 -52.4391 -20.54 19.57
185095 -64.7437 -20.54 19.57
166710 -66.276 -20.54 19.57
190732 -63.8681 -20.54 19.57
190003 -60.5058 -20.54 19.57
188153 -62.5416 -20.54 19.57
186659 -63.6666 -20.54 19.57
191732 -62.6683 -20.54 19.57
199165 -60.523 -20.54 19.57
186016 -72.7555 -20.54 19.57
195835 -66.2256 -20.54 19.57
202314 -58.9927 -20.54 19.57
188830 -76.3703 -20.54 19.57
184797 -70.2379 -20.54 19.57
190844 -60.2211 -20.54 19.57
207432 -65.2501 -20.54 19.57
192017 -63.2014 -20.54 19.57
181474 -61.0439 -20.54 19.57
184161 -61.8021 -20.54 19.57
191754 -60.1663 -20.54 19.57
192813 -61.0337 -20.54 19.57
194849 -62.5026 -20.54 19.57
190226 -65.3682 -20.54 19.57
185297 -65.8406 -20.54 19.57
190085 -62.0588 -20.54 19.57
196310 -59.712 -20.54 19.57
174586 -69.3569 -20.54 19.57
184019 -63.9799 -20.54 19.57
195714 -62.7719 -20.54 19.57
196773 -62.1095 -20.54 19.57
191084 -58.2722 -20.54 19.57
188218 -58.1152 -20.54 19.57
193388 -60.4504 -20.54 19.57
184209 -63.2831 -20.54 19.57
193064 -62.0676 -20.54 19.57
194046 -54.5092 -20.54 19.57
52006 -47.9859 -6.72 2.51
44914 -48.7523 -6.72 2.51
45480 -52.9158 -6.72 2.51
41358 -45.2686 -6.72 2.51
44303 -51.3896 -6.72 2.51
43473 -48.9209 -6.72 2.51
42837 -51.9316 -6.72 2.51
43871 -50.3335 -6.72 2.51
36011 -50.741 -6.72 2.51
38461 -47.808 -6.72 2.51
46324 -47.6373 -6.72 2.51
44283 -46.9622 -6.72 2.51
40056 -45.8978 -6.72 2.51
42469 -46.0015 -6.72 2.51
39766 -48.9474 -6.72 2.51
37020 -54.3312 -6.72 2.51
40469 -44.4392 -6.72 2.51
39011 -48.544 -6.72 2.51
45913 -53.0384 -6.72 2.51
45808 -48.8383 -6.72 2.51
35349 -58.343 -6.72 2.51
41379 -50.0596 -6.72 2.51
44772 -50.6807 -6.72 2.51
46408 -53.7188 -6.72 2.51
43315 -54.514 -6.72 2.51
47146 -48.7625 -6.72 2.51
38179 -63.9367 -6.72 2.51
44752 -48.5448 -6.72 2.51
45715 -47.375 -6.72 2.51
46393 -56.9493 -6.72 2.51
40579 -51.4596 -6.72 2.51
44749 -53.4813 -6.72 2.51
46188 -51.57 -6.72 2.51
43717 -56.4295 -6.72 2.51
40789 -52.9517 -6.72 2.51
47826 -55.5183 -6.72 2.51
47452 -46.8575 -6.72 2.51
43976 -53.2745 -6.72 2.51
41265 -49.0915 -6.72 2.51
112365 -62.4687 5.4 17.43
114531 -54.9203 5.4 17.43
112954 -53.7128 5.4 17.43
116009 -61.4311 5.4 17.43
107210 -61.2957 5.4 17.43
116528 -56.4155 5.4 17.43
113961 -57.5737 5.4 17.43
120631 -55.2573 5.4 17.43
121967 -71.2157 5.4 17.43
116747 -55.5619 5.4 17.43
117031 -59.813 5.4 17.43
122124 -54.5238 5.4 17.43
114759 -61.7539 5.4 17.43
123300 -62.5714 5.4 17.43
111856 -54.5031 5.4 17.43
117222 -58.5619 5.4 17.43
115143 -61.2455 5.4 17.43
119882 -56.6512 5.4 17.43
110219 -63.146 5.4 17.43
119211 -56.4066 5.4 17.43
112635 -67.779 5.4 17.43
114442 -62.4064 5.4 17.43
111699 -60.8581 5.4 17.43
116882 -63.8555 5.4 17.43
110904 -63.468 5.4 17.43
121343 -60.4627 5.4 17.43
121839 -58.3936 5.4 17.43
110719 -58.9166 5.4 17.43
109877 -52.7189 5.4 17.43
114588 -54.1823 5.4 17.43
113713 -60.5388 5.4 17.43
117792 -61.5461 5.4 17.43
114303 -64.2998 5.4 17.43
57177 -74.5106 5.4 17.43
122454 -53.6922 5.4 17.43
112782 -55.4283 5.4 17.43
119061 -61.6007 5.4 17.43
115094 -59.508 5.4 17.43
117462 -54.1972 5.4 17.43
128680 -63.0848 -0.73 20.28
136985 -55.2634 -0.73 20.28
133399 -62.1592 -0.73 20.28
139863 -62.0713 -0.73 20.28
137054 -55.9387 -0.73 20.28
135301 -58.3173 -0.73 20.28
131993 -79.0258 -0.73 20.28
138830 -63.2229 -0.73 20.28
139130 -58.4071 -0.73 20.28
131440 -63.8794 -0.73 20.28
140590 -55.9724 -0.73 20.28
133994 -58.1421 -0.73 20.28
134124 -58.023 -0.73 20.28
131202 -53.0464 -0.73 20.28
134428 -57.3643 -0.73 20.28
143684 -59.9012 -0.73 20.28
139472 -58.8287 -0.73 20.28
135859 -60.1715 -0.73 20.28
134714 -67.3845 -0.73 20.28
133192 -58.5631 -0.73 20.28
133852 -57.4488 -0.73 20.28
129401 -66.908 -0.73 20.28
131535 -56.7302 -0.73 20.28
126939 -53.6698 -0.73 20.28
144227 -61.6875 -0.73 20.28
131575 -59.7559 -0.73 20.28
139496 -52.7633 -0.73 20.28
129488 -54.1792 -0.73 20.28
127846 -53.2788 -0.73 20.28
136246 -55.4584 -0.73 20.28
138976 -59.3484 -0.73 20.28
127198 -61.1359 -0.73 20.28
133139 -53.488 -0.73 20.28
136972 -60.6522 -0.73 20.28
128169 -60.4057 -0.73 20.28
138750 -56.0449 -0.73 20.28
132062 -59.2077 -0.73 20.28
137912 -55.9293 -0.73 20.28
135193 -62.3225 -0.73 20.28
