#rtt sig_str x y
159077 -60.2628 20.8 10.73
149944 -61.3135 20.8 10.73
151349 -55.8459 20.8 10.73
151340 -55.361 20.8 10.73
158223 -59.5209 20.8 10.73
153443 -56.5265 20.8 10.73
153051 -60.2165 20.8 10.73
153320 -59.5654 20.8 10.73
148601 -61.6791 20.8 10.73
149908 -61.6291 20.8 10.73
149421 -59.7436 20.8 10.73
152587 -57.9015 20.8 10.73
159328 -59.0696 20.8 10.73
146596 -61.9515 20.8 10.73
158402 -67.0312 20.8 10.73
140299 -60.2038 20.8 10.73
159605 -64.4639 20.8 10.73
154137 -63.9646 20.8 10.73
163309 -57.4957 20.8 10.73
158804 -56.5204 20.8 10.73
157514 -58.7636 20.8 10.73
121468 -74.606 20.8 10.73
152056 -62.8991 20.8 10.73
164323 -67.1597 20.8 10.73
148997 -61.6844 20.8 10.73
150421 -61.0375 20.8 10.73
149774 -58.1348 20.8 10.73
153100 -57.9807 20.8 10.73
159370 -55.3761 20.8 10.73
154878 -52.5639 20.8 10.73
153162 -60.9291 20.8 10.73
156891 -58.5015 20.8 10.73
160802 -72.6923 20.8 10.73
160656 -59.367 20.8 10.73
145531 -54.9856 20.8 10.73
60691 -78.3137 20.8 10.73
157886 -59.0801 20.8 10.73
155197 -57.5316 20.8 10.73
152176 -62.9864 20.8 10.73
138869 -56.9524 3.67 20.78
137948 -55.2592 3.67 20.78
130155 -59.3331 3.67 20.78
144202 -57.3383 3.67 20.78
137784 -52.9087 3.67 20.78
139815 -57.5367 3.67 20.78
137874 -58.0997 3.67 20.78
144436 -65.1503 3.67 20.78
141036 -60.7464 3.67 20.78
132231 -58.1149 3.67 20.78
125320 -57.3841 3.67 20.78
132812 -60.6716 3.67 20.78
132236 -66.1865 3.67 20.78
134569 -60.2974 3.67 20.78
133552 -59.5415 3.67 20.78
139654 -56.6729 3.67 20.78
129858 -57.9305 3.67 20.78
145190 -59.0875 3.67 20.78
142551 -55.2721 3.67 20.78
134141 -58.0887 3.67 20.78
138754 -54.5909 3.67 20.78
140270 -63.501 3.67 20.78
139396 -59.8887 3.67 20.78
137794 -57.9473 3.67 20.78
136126 -58.743 3.67 20.78
146580 -60.221 3.67 20.78
146878 -54.3027 3.67 20.78
138172 -61.1354 3.67 20.78
142237 -55.1805 3.67 20.78
134122 -58.022 3.67 20.78
138892 -57.5931 3.67 20.78
134678 -58.9633 3.67 20.78
133300 -56.3375 3.67 20.78
138552 -63.3475 3.67 20.78
139029 -57.8188 3.67 20.78
133465 -61.557 3.67 20.78
133814 -60.7624 3.67 20.78
140906 -58.332 3.67 20.78
130640 -57.0763 3.67 20.78
181225 -63.4705 -2.71 -27.97
182885 -56.8551 -2.71 -27.97
182569 -56.7598 -2.71 -27.97
188095 -75.6928 -2.71 -27.97
147037 -81.127 -2.71 -27.97
189393 -59.6986 -2.71 -27.97
170935 -65.7759 -2.71 -27.97
178112 -61.4139 -2.71 -27.97
188596 -67.1918 -2.71 -27.97
183239 -59.3268 -2.71 -27.97
178642 -62.8645 -2.71 -27.97
180258 -59.5102 -2.71 -27.97
182289 -58.9876 -2.71 -27.97
182311 -61.6962 -2.71 -27.97
190472 -66.6298 -2.71 -27.97
190556 -67.0536 -2.71 -27.97
191386 -65.2357 -2.71 -27.97
188539 -59.1277 -2.71 -27.97
172859 -65.5758 -2.71 -27.97
187377 -54.1169 -2.71 -27.97
188326 -62.1118 -2.71 -27.97
191098 -64.1586 -2.71 -27.97
182577 -57.4133 -2.71 -27.97
185325 -63.6667 -2.71 -27.97
183654 -61.6798 -2.71 -27.97
187153 -70.7761 -2.71 -27.97
187107 -56.0093 -2.71 -27.97
183831 -57.9816 -2.71 -27.97
178325 -64.9392 -2.71 -27.97
188358 -63.0576 -2.71 -27.97
185234 -55.3356 -2.71 -27.97
171994 -69.1084 -2.71 -27.97
194662 -65.8906 -2.71 -27.97
165583 -64.9868 -2.71 -27.97
187281 -60.0577 -2.71 -27.97
185201 -62.8032 -2.71 -27.97
185320 -60.3548 -2.71 -27.97
181122 -60.303 -2.71 -27.97
192833 -68.2051 -2.71 -27.97
118138 -56.9281 -8.87 16.46
121885 -60.7615 -8.87 16.46
121995 -59.5773 -8.87 16.46
121702 -59.4762 -8.87 16.46
121262 -54.4925 -8.87 16.46
120560 -60.4729 -8.87 16.46
125010 -58.0401 -8.87 16.46
122820 -60.8439 -8.87 16.46
119471 -57.6191 -8.87 16.46
123380 -58.3929 -8.87 16.46
123783 -55.2601 -8.87 16.46
119545 -57.3437 -8.87 16.46
126267 -59.0322 -8.87 16.46
118901 -62.1448 -8.87 16.46
124587 -55.8177 -8.87 16.46
119779 -62.3929 -8.87 16.46
123131 -65.1334 -8.87 16.46
117627 -58.3997 -8.87 16.46
126125 -59.4315 -8.87 16.46
119423 -70.4141 -8.87 16.46
129862 -71.871 -8.87 16.46
125289 -59.0043 -8.87 16.46
122857 -59.815 -8.87 16.46
119628 -61.9948 -8.87 16.46
128123 -54.8973 -8.87 16.46
120692 -57.9938 -8.87 16.46
115460 -59.547 -8.87 16.46
122100 -62.4635 -8.87 16.46
124052 -57.0321 -8.87 16.46
120897 -56.5274 -8.87 16.46
130192 -57.4717 -8.87 16.46
119638 -59.7011 -8.87 16.46
119093 -58.8461 -8.87 16.46
128271 -57.1262 -8.87 16.46
127527 -60.3961 -8.87 16.46
113983 -63.081 -8.87 16.46
124427 -62.6635 -8.87 16.46
117084 -54.0861 -8.87 16.46
126302 -58.6922 -8.87 16.46
92764 -54.461 5.15 13.46
89870 -52.3837 5.15 13.46
89682 -54.2116 5.15 13.46
88224 -53.5716 5.15 13.46
90656 -52.2037 5.15 13.46
96101 -49.7258 5.15 13.46
93085 -60.8369 5.15 13.46
91749 -63.5886 5.15 13.46
95205 -56.0448 5.15 13.46
90989 -55.2944 5.15 13.46
93087 -55.4766 5.15 13.46
92390 -49.9054 5.15 13.46
94614 -55.446 5.15 13.46
89547 -52.3368 5.15 13.46
87996 -50.7237 5.15 13.46
95300 -56.4065 5.15 13.46
92810 -52.5279 5.15 13.46
89546 -56.1129 5.15 13.46
93607 -53.5855 5.15 13.46
93858 -64.0596 5.15 13.46
89354 -50.0085 5.15 13.46
94693 -53.1115 5.15 13.46
95096 -51.4604 5.15 13.46
99815 -52.0442 5.15 13.46
91093 -56.3219 5.15 13.46
95320 -66.314 5.15 13.46
98827 -64.3038 5.15 13.46
87987 -55.3458 5.15 13.46
88541 -56.2279 5.15 13.46
91987 -52.5523 5.15 13.46
89980 -56.7811 5.15 13.46
90687 -57.3877 5.15 13.46
91354 -53.7028 5.15 13.46
93502 -55.5022 5.15 13.46
87248 -54.8011 5.15 13.46
90525 -55.1283 5.15 13.46
88879 -51.1722 5.15 13.46
89655 -50.3251 5.15 13.46
95517 -64.129 5.15 13.46
14675 -39.2631 2.15 -2.83
21311 -40.2021 2.15 -2.83
19508 -49.1829 2.15 -2.83
20494 -45.1283 2.15 -2.83
16502 -45.0802 2.15 -2.83
19947 -40.9452 2.15 -2.83
21271 -42.9619 2.15 -2.83
22048 -42.2711 2.15 -2.83
17597 -42.6037 2.15 -2.83
24894 -43.5811 2.15 -2.83
17656 -47.1192 2.15 -2.83
19990 -46.6151 2.15 -2.83
24534 -39.4831 2.15 -2.83
14425 -45.3074 2.15 -2.83
18621 -42.1225 2.15 -2.83
20195 -47.9674 2.15 -2.83
21647 -42.8618 2.15 -2.83
20781 -41.1943 2.15 -2.83
22326 -48.1843 2.15 -2.83
26428 -44.5262 2.15 -2.83
12589 -42.3601 2.15 -2.83
24640 -43.0583 2.15 -2.83
21466 -44.4717 2.15 -2.83
25260 -44.1424 2.15 -2.83
20298 -49.9775 2.15 -2.83
25802 -39.7434 2.15 -2.83
21967 -47.8513 2.15 -2.83
24244 -45.4205 2.15 -2.83
19927 -47.4012 2.15 -2.83
25040 -47.0813 2.15 -2.83
24048 -39.1876 2.15 -2.83
17805 -43.6785 2.15 -2.83
22817 -36.7077 2.15 -2.83
22973 -41.4742 2.15 -2.83
20146 -40.4994 2.15 -2.83
21278 -52.8341 2.15 -2.83
18713 -46.7292 2.15 -2.83
26787 -48.9182 2.15 -2.83
21600 -42.5019 2.15 -2.83
130862 -59.1785 19.65 -0.68
135068 -55.7964 19.65 -0.68
127933 -60.8224 19.65 -0.68
126959 -49.4135 19.65 -0.68
126137 -61.7181 19.65 -0.68
136531 -63.2504 19.65 -0.68
132036 -60.8425 19.65 -0.68
133569 -57.4802 19.65 -0.68
128245 -59.516 19.65 -0.68
140251 -60.641 19.65 -0.68
129763 -59.6427 19.65 -0.68
127188 -57.4974 19.65 -0.68
127110 -69.7299 19.65 -0.68
127959 -63.2 19.65 -0.68
130566 -55.9671 19.65 -0.68
139182 -73.3447 19.65 -0.68
131897 -67.2123 19.65 -0.68
127216 -57.1955 19.65 -0.68
128224 -62.2245 19.65 -0.68
137665 -60.1758 19.65 -0.68
121842 -58.0183 19.65 -0.68
128867 -58.7765 19.65 -0.68
136005 -57.1407 19.65 -0.68
131234 -58.0081 19.65 -0.68
129620 -59.477 19.65 -0.68
126464 -62.3426 19.65 -0.68
136699 -62.815 19.65 -0.68
121846 -59.0332 19.65 -0.68
128539 -56.6864 19.65 -0.68
136015 -66.3313 19.65 -0.68
128341 -60.9543 19.65 -0.68
138808 -59.7463 19.65 -0.68
133172 -59.0839 19.65 -0.68
130997 -55.2466 19.65 -0.68
130990 -55.0896 19.65 -0.68
131181 -57.4248 19.65 -0.68
126952 -60.2575 19.65 -0.68
134794 -59.042 19.65 -0.68
129213 -51.4836 19.65 -0.68
157118 -58.7533 -14.13 22.36
165371 -59.5197 -14.13 22.36
163435 -63.6832 -14.13 22.36
169575 -56.036 -14.13 22.36
163582 -62.1569 -14.13 22.36
161308 -59.6883 -14.13 22.36
171148 -62.699 -14.13 22.36
170290 -61.1009 -14.13 22.36
155200 -61.5084 -14.13 22.36
162918 -58.5754 -14.13 22.36
170321 -58.4047 -14.13 22.36
167578 -57.7296 -14.13 22.36
162360 -56.6652 -14.13 22.36
172996 -56.7688 -14.13 22.36
163268 -59.7147 -14.13 22.36
171110 -65.0986 -14.13 22.36
166239 -55.2066 -14.13 22.36
171139 -59.3114 -14.13 22.36
163193 -63.8058 -14.13 22.36
169917 -59.6057 -14.13 22.36
165662 -69.1104 -14.13 22.36
168454 -60.827 -14.13 22.36
167279 -61.4481 -14.13 22.36
167397 -64.4862 -14.13 22.36
162555 -65.2814 -14.13 22.36
164001 -59.5299 -14.13 22.36
75842 -74.7041 -14.13 22.36
163906 -59.3122 -14.13 22.36
172754 -58.1424 -14.13 22.36
161449 -67.7167 -14.13 22.36
165738 -62.227 -14.13 22.36
164514 -64.2487 -14.13 22.36
170106 -62.3374 -14.13 22.36
163222 -67.1969 -14.13 22.36
166033 -63.7191 -14.13 22.36
154554 -66.2856 -14.13 22.36
167570 -57.6249 -14.13 22.36
163131 -64.0419 -14.13 22.36
174220 -59.8589 -14.13 22.36
105978 -60.3991 -1.3 14.14
96361 -52.8508 -1.3 14.14
103511 -51.6432 -1.3 14.14
106323 -59.3616 -1.3 14.14
104940 -59.2262 -1.3 14.14
97848 -54.3459 -1.3 14.14
101722 -55.5042 -1.3 14.14
96465 -53.1877 -1.3 14.14
80623 -69.1462 -1.3 14.14
98876 -53.4923 -1.3 14.14
98879 -57.7435 -1.3 14.14
95122 -52.4543 -1.3 14.14
97888 -59.6844 -1.3 14.14
99798 -60.5019 -1.3 14.14
97764 -52.4336 -1.3 14.14
94725 -56.4924 -1.3 14.14
93906 -59.176 -1.3 14.14
93923 -54.5817 -1.3 14.14
100333 -61.0765 -1.3 14.14
97110 -54.3371 -1.3 14.14
97375 -65.7094 -1.3 14.14
89197 -60.3369 -1.3 14.14
90986 -58.7886 -1.3 14.14
91311 -61.7859 -1.3 14.14
99931 -61.3985 -1.3 14.14
100431 -58.3932 -1.3 14.14
98098 -56.3241 -1.3 14.14
94629 -56.847 -1.3 14.14
95467 -50.6493 -1.3 14.14
95776 -52.1128 -1.3 14.14
92962 -58.4692 -1.3 14.14
95431 -59.4766 -1.3 14.14
91977 -62.2303 -1.3 14.14
91912 -72.4411 -1.3 14.14
97749 -51.6226 -1.3 14.14
98164 -53.3587 -1.3 14.14
99472 -59.5312 -1.3 14.14
96597 -57.4385 -1.3 14.14
105519 -52.1277 -1.3 14.14
74725 -57.9462 -9.13 5.93
71057 -50.1249 -9.13 5.93
78103 -57.0206 -9.13 5.93
73583 -56.9328 -9.13 5.93
77516 -50.8001 -9.13 5.93
70486 -53.1788 -9.13 5.93
77314 -73.8873 -9.13 5.93
76619 -58.0843 -9.13 5.93
70944 -53.2686 -9.13 5.93
71175 -58.7409 -9.13 5.93
74911 -50.8339 -9.13 5.93
78835 -53.0035 -9.13 5.93
81836 -52.8845 -9.13 5.93
77562 -47.9079 -9.13 5.93
75656 -52.2258 -9.13 5.93
74770 -54.7627 -9.13 5.93
68007 -53.6901 -9.13 5.93
80217 -55.0329 -9.13 5.93
76192 -62.2459 -9.13 5.93
78478 -53.4245 -9.13 5.93
75264 -52.3102 -9.13 5.93
82007 -61.7694 -9.13 5.93
73216 -51.5917 -9.13 5.93
73991 -48.5312 -9.13 5.93
77650 -56.5489 -9.13 5.93
75418 -54.6173 -9.13 5.93
77597 -47.6247 -9.13 5.93
84230 -49.0407 -9.13 5.93
72258 -48.1403 -9.13 5.93
79322 -50.3199 -9.13 5.93
80129 -54.2098 -9.13 5.93
78933 -55.9973 -9.13 5.93
70922 -48.3494 -9.13 5.93
68707 -55.5136 -9.13 5.93
73551 -55.2672 -9.13 5.93
80848 -50.9064 -9.13 5.93
80996 -54.0692 -9.13 5.93
72667 -50.7907 -9.13 5.93
75568 -57.184 -9.13 5.93
