#rtt sig_str x y
259407 -64.2292 29.06 -24.25
241594 -65.2798 29.06 -24.25
243567 -59.8122 29.06 -24.25
250601 -59.3273 29.06 -24.25
251979 -63.4872 29.06 -24.25
248417 -60.4928 29.06 -24.25
249123 -64.1829 29.06 -24.25
243626 -63.5318 29.06 -24.25
248627 -65.6454 29.06 -24.25
255516 -65.5955 29.06 -24.25
242570 -63.7099 29.06 -24.25
246977 -61.8678 29.06 -24.25
250826 -63.0359 29.06 -24.25
245082 -65.9178 29.06 -24.25
245866 -70.9975 29.06 -24.25
237327 -64.1701 29.06 -24.25
248657 -68.4303 29.06 -24.25
249066 -67.9309 29.06 -24.25
247127 -61.462 29.06 -24.25
250968 -60.4867 29.06 -24.25
241831 -62.73 29.06 -24.25
227360 -78.5724 29.06 -24.25
253501 -66.8654 29.06 -24.25
244509 -71.126 29.06 -24.25
243696 -65.6507 29.06 -24.25
244862 -65.0038 29.06 -24.25
242792 -62.1012 29.06 -24.25
252691 -61.947 29.06 -24.25
248829 -59.3425 29.06 -24.25
248623 -56.5302 29.06 -24.25
254976 -64.8954 29.06 -24.25
249313 -62.4679 29.06 -24.25
270549 -76.6586 29.06 -24.25
250646 -63.3333 29.06 -24.25
245946 -58.9519 29.06 -24.25
255798 -61.5879 29.06 -24.25
246628 -63.2435 29.06 -24.25
250961 -61.8471 29.06 -24.25
251753 -69.694 29.06 -24.25
152474 -53.4115 -10 19.91
147536 -66.1969 -10 19.91
145089 -62.7844 -10 19.91
145536 -62.1021 -10 19.91
149035 -60.1971 -10 19.91
148525 -59.0039 -10 19.91
145506 -64.2847 -10 19.91
149187 -59.6499 -10 19.91
139967 -60.1566 -10 19.91
152265 -63.501 -10 19.91
154966 -57.6026 -10 19.91
150818 -61.4315 -10 19.91
153624 -70.4802 -10 19.91
148078 -56.8868 -10 19.91
153464 -55.4971 -10 19.91
147711 -58.2425 -10 19.91
141561 -63.2628 -10 19.91
153310 -53.88 -10 19.91
149103 -57.257 -10 19.91
148315 -57.0924 -10 19.91
150432 -55.5881 -10 19.91
138654 -56.9893 -10 19.91
143349 -58.824 -10 19.91
150868 -56.8502 -10 19.91
138713 -62.4871 -10 19.91
152215 -61.2591 -10 19.91
152171 -64.6884 -10 19.91
151632 -62.6727 -10 19.91
156917 -57.7896 -10 19.91
148163 -59.318 -10 19.91
147475 -58.1008 -10 19.91
141621 -62.2313 -10 19.91
145088 -61.0224 -10 19.91
148983 -56.2023 -10 19.91
150152 -64.228 -10 19.91
154583 -58.6776 -10 19.91
149213 -59.9661 -10 19.91
149882 -59.1327 -10 19.91
152039 -56.6839 -10 19.91
104112 -54.7533 10.42 -5.22
110522 -54.5523 10.42 -5.22
106098 -54.2527 10.42 -5.22
110299 -52.9784 10.42 -5.22
101164 -52.5687 10.42 -5.22
100973 -50.6487 10.42 -5.22
100076 -48.8749 10.42 -5.22
111590 -55.7395 10.42 -5.22
106913 -54.8909 10.42 -5.22
107365 -51.9212 10.42 -5.22
103576 -54.4886 10.42 -5.22
97502 -61.6897 10.42 -5.22
103135 -52.0436 10.42 -5.22
103414 -68.8739 10.42 -5.22
104812 -57.7633 10.42 -5.22
108068 -58.3635 10.42 -5.22
106088 -52.0747 10.42 -5.22
106133 -59.3106 10.42 -5.22
102837 -56.3906 10.42 -5.22
103018 -54.543 10.42 -5.22
109464 -51.9871 10.42 -5.22
110790 -60.9429 10.42 -5.22
106467 -52.0805 10.42 -5.22
98557 -52.9313 10.42 -5.22
112047 -51.7322 10.42 -5.22
104917 -55.6321 10.42 -5.22
103242 -49.6992 10.42 -5.22
110112 -51.8125 10.42 -5.22
106152 -57.9922 10.42 -5.22
97802 -64.9738 10.42 -5.22
109741 -56.8204 10.42 -5.22
109375 -59.1671 10.42 -5.22
105224 -49.6427 10.42 -5.22
105198 -56.1443 10.42 -5.22
107829 -52.7333 10.42 -5.22
98936 -56.6108 10.42 -5.22
109542 -60.283 10.42 -5.22
101163 -49.5272 10.42 -5.22
108260 -51.8453 10.42 -5.22
129779 -56.964 -18.22 5.97
120438 -56.7005 -18.22 5.97
124857 -60.5859 -18.22 5.97
124102 -58.1116 -18.22 5.97
129584 -55.737 -18.22 5.97
124902 -65.966 -18.22 5.97
124779 -63.4103 -18.22 5.97
124918 -60.4938 -18.22 5.97
124787 -54.4151 -18.22 5.97
129223 -61.1062 -18.22 5.97
128389 -62.3341 -18.22 5.97
121753 -55.3874 -18.22 5.97
125445 -59.6353 -18.22 5.97
129052 -56.1134 -18.22 5.97
121903 -64.3218 -18.22 5.97
119922 -58.6872 -18.22 5.97
129981 -53.1377 -18.22 5.97
127148 -55.7478 -18.22 5.97
120516 -62.2211 -18.22 5.97
126502 -56.2931 -18.22 5.97
118284 -59.3812 -18.22 5.97
122505 -59.7605 -18.22 5.97
120898 -58.8404 -18.22 5.97
123182 -58.8574 -18.22 5.97
123117 -62.5664 -18.22 5.97
129579 -58.1638 -18.22 5.97
125528 -57.8998 -18.22 5.97
121729 -64.5427 -18.22 5.97
127887 -68.9521 -18.22 5.97
125636 -59.2957 -18.22 5.97
119449 -63.1289 -18.22 5.97
128548 -62.1542 -18.22 5.97
133505 -62.2204 -18.22 5.97
125871 -58.9391 -18.22 5.97
123858 -58.1166 -18.22 5.97
122214 -58.8581 -18.22 5.97
125896 -58.0936 -18.22 5.97
124992 -64.5892 -18.22 5.97
115415 -73.5741 -18.22 5.97
136690 -71.9981 -8.73 -19.1
141325 -57.0474 -8.73 -19.1
132674 -57.9739 -8.73 -19.1
147016 -57.1271 -8.73 -19.1
138050 -61.1447 -8.73 -19.1
133333 -50.2179 -8.73 -19.1
134036 -62.3305 -8.73 -19.1
145234 -59.9772 -8.73 -19.1
135413 -60.264 -8.73 -19.1
136039 -56.5104 -8.73 -19.1
130306 -59.3717 -8.73 -19.1
135325 -55.7833 -8.73 -19.1
138477 -57.0751 -8.73 -19.1
136764 -57.8391 -8.73 -19.1
137707 -64.1488 -8.73 -19.1
130787 -57.7821 -8.73 -19.1
141796 -56.0734 -8.73 -19.1
137089 -60.4154 -8.73 -19.1
137323 -53.4626 -8.73 -19.1
136768 -56.032 -8.73 -19.1
128951 -59.843 -8.73 -19.1
139518 -59.4321 -8.73 -19.1
141826 -56.1608 -8.73 -19.1
145865 -63.7579 -8.73 -19.1
134048 -56.0922 -8.73 -19.1
135636 -56.081 -8.73 -19.1
130405 -58.8854 -8.73 -19.1
135618 -64.2295 -8.73 -19.1
132881 -58.1342 -8.73 -19.1
137404 -56.0284 -8.73 -19.1
130826 -55.1676 -8.73 -19.1
140938 -57.6043 -8.73 -19.1
132504 -60.8725 -8.73 -19.1
135303 -54.1609 -8.73 -19.1
138358 -59.6037 -8.73 -19.1
143915 -53.6584 -8.73 -19.1
129044 -57.6148 -8.73 -19.1
139286 -56.8341 -8.73 -19.1
135430 -55.0253 -8.73 -19.1
157441 -58.2749 18.81 -13.88
151731 -60.1362 18.81 -13.88
152156 -65.2019 18.81 -13.88
152850 -63.6937 18.81 -13.88
150960 -66.2369 18.81 -13.88
151198 -62.2957 18.81 -13.88
156276 -57.666 18.81 -13.88
155426 -61.9372 18.81 -13.88
153302 -58.6985 18.81 -13.88
157440 -56.6728 18.81 -13.88
145081 -65.1449 18.81 -13.88
158667 -62.6706 18.81 -13.88
159469 -61.6806 18.81 -13.88
158294 -60.5073 18.81 -13.88
147363 -61.6587 18.81 -13.88
157842 -57.3692 18.81 -13.88
157556 -63.7874 18.81 -13.88
152241 -57.8001 18.81 -13.88
153079 -66.8914 18.81 -13.88
158033 -60.2698 18.81 -13.88
156236 -58.2593 18.81 -13.88
130718 -65.3679 18.81 -13.88
155872 -55.5179 18.81 -13.88
158530 -58.1002 18.81 -13.88
157291 -60.9998 18.81 -13.88
162751 -53.8418 18.81 -13.88
153145 -58.0228 18.81 -13.88
158503 -57.7654 18.81 -13.88
159023 -66.2028 18.81 -13.88
151942 -53.2953 18.81 -13.88
148574 -55.5096 18.81 -13.88
161348 -65.6156 18.81 -13.88
151031 -62.2776 18.81 -13.88
148887 -54.7765 18.81 -13.88
151826 -59.2359 18.81 -13.88
146363 -65.0571 18.81 -13.88
154999 -60.4083 18.81 -13.88
155322 -66.1411 18.81 -13.88
156225 -58.2903 18.81 -13.88
208808 -59.1308 -15.13 27.49
195176 -70.3654 -15.13 27.49
201335 -68.2488 -15.13 27.49
210653 -54.4014 -15.13 27.49
197740 -69.4538 -15.13 27.49
196024 -60.4853 -15.13 27.49
211187 -59.6688 -15.13 27.49
201387 -63.0632 -15.13 27.49
203636 -62.8235 -15.13 27.49
196513 -66.4323 -15.13 27.49
208372 -63.2826 -15.13 27.49
197558 -70.8663 -15.13 27.49
208262 -64.8651 -15.13 27.49
202303 -61.3232 -15.13 27.49
205028 -57.6669 -15.13 27.49
203431 -64.9546 -15.13 27.49
203161 -54.8236 -15.13 27.49
200323 -68.643 -15.13 27.49
207186 -62.9701 -15.13 27.49
211879 -64.7621 -15.13 27.49
204238 -67.3124 -15.13 27.49
210508 -62.1044 -15.13 27.49
207313 -64.1018 -15.13 27.49
207589 -58.4837 -15.13 27.49
210016 -61.6572 -15.13 27.49
205546 -60.3651 -15.13 27.49
211273 -59.5242 -15.13 27.49
206601 -58.0596 -15.13 27.49
208078 -63.0976 -15.13 27.49
207468 -63.5035 -15.13 27.49
210608 -69.8894 -15.13 27.49
212843 -66.3282 -15.13 27.49
194014 -69.2012 -15.13 27.49
204994 -63.1516 -15.13 27.49
200432 -61.7237 -15.13 27.49
203707 -61.1638 -15.13 27.49
208845 -55.9523 -15.13 27.49
209565 -66.084 -15.13 27.49
202753 -61.7828 -15.13 27.49
163271 -58.7464 -2.48 -24.23
155583 -56.233 -2.48 -24.23
159853 -65.1706 -2.48 -24.23
161458 -63.7361 -2.48 -24.23
168656 -65.6266 -2.48 -24.23
163981 -60.6103 -2.48 -24.23
167153 -66.9781 -2.48 -24.23
156017 -61.825 -2.48 -24.23
167417 -54.8082 -2.48 -24.23
159152 -65.1288 -2.48 -24.23
163938 -62.0465 -2.48 -24.23
162067 -60.487 -2.48 -24.23
160403 -56.8268 -2.48 -24.23
162592 -57.4586 -2.48 -24.23
163384 -59.4548 -2.48 -24.23
162804 -59.0372 -2.48 -24.23
159308 -57.8472 -2.48 -24.23
161643 -59.657 -2.48 -24.23
161196 -59.0556 -2.48 -24.23
162489 -59.3056 -2.48 -24.23
158008 -59.9995 -2.48 -24.23
161662 -56.6926 -2.48 -24.23
162793 -65.1286 -2.48 -24.23
160266 -56.6699 -2.48 -24.23
152322 -59.1161 -2.48 -24.23
158098 -55.6877 -2.48 -24.23
162195 -55.9407 -2.48 -24.23
160574 -66.1308 -2.48 -24.23
165472 -66.5048 -2.48 -24.23
154904 -59.4535 -2.48 -24.23
165675 -60.1492 -2.48 -24.23
155644 -57.0809 -2.48 -24.23
159481 -59.4849 -2.48 -24.23
169657 -63.3295 -2.48 -24.23
160683 -60.0512 -2.48 -24.23
160079 -54.6592 -2.48 -24.23
162050 -56.9681 -2.48 -24.23
154253 -58.9268 -2.48 -24.23
162904 -54.4146 -2.48 -24.23
152895 -59.2545 22.64 3.87
155753 -56.9823 22.64 3.87
151063 -62.2035 22.64 3.87
155424 -56.9872 22.64 3.87
152782 -59.9541 22.64 3.87
156355 -59.3998 22.64 3.87
155195 -62.1116 22.64 3.87
163675 -56.7348 22.64 3.87
158644 -61.6119 22.64 3.87
156923 -55.6777 22.64 3.87
160799 -74.7244 22.64 3.87
161689 -57.2397 22.64 3.87
165477 -65.0045 22.64 3.87
155484 -57.4984 22.64 3.87
152921 -61.0613 22.64 3.87
163415 -62.5647 22.64 3.87
155371 -57.5166 22.64 3.87
157840 -54.0122 22.64 3.87
154281 -63.5277 22.64 3.87
150469 -56.8873 22.64 3.87
153551 -64.2913 22.64 3.87
150294 -56.3731 22.64 3.87
158425 -55.8143 22.64 3.87
156750 -54.3111 22.64 3.87
155705 -64.0103 22.64 3.87
151968 -58.8324 22.64 3.87
158222 -57.9926 22.64 3.87
157003 -58.2514 22.64 3.87
157826 -56.6405 22.64 3.87
152315 -62.0825 22.64 3.87
157629 -63.1912 22.64 3.87
160845 -58.3373 22.64 3.87
157615 -60.7773 22.64 3.87
153674 -56.6435 22.64 3.87
154589 -57.7132 22.64 3.87
156628 -56.7561 22.64 3.87
154703 -55.206 22.64 3.87
154875 -55.3531 22.64 3.87
154560 -59.159 22.64 3.87
134927 -60.5271 -6.5 18.6
135124 -57.0785 -6.5 18.6
135630 -57.2311 -6.5 18.6
135036 -55.7621 -6.5 18.6
136574 -59.3927 -6.5 18.6
138569 -51.4305 -6.5 18.6
134788 -54.9161 -6.5 18.6
135132 -51.1156 -6.5 18.6
133161 -54.9931 -6.5 18.6
136618 -55.8757 -6.5 18.6
142958 -55.8767 -6.5 18.6
143252 -66.9432 -6.5 18.6
137471 -57.8257 -6.5 18.6
136941 -56.7086 -6.5 18.6
135618 -57.625 -6.5 18.6
137673 -54.0508 -6.5 18.6
137878 -57.621 -6.5 18.6
135956 -58.5737 -6.5 18.6
132700 -60.6163 -6.5 18.6
137135 -52.4159 -6.5 18.6
131963 -62.1126 -6.5 18.6
136812 -59.571 -6.5 18.6
135129 -63.0128 -6.5 18.6
134367 -55.0801 -6.5 18.6
139352 -61.0553 -6.5 18.6
137047 -56.7535 -6.5 18.6
130781 -57.6969 -6.5 18.6
135576 -57.7648 -6.5 18.6
134973 -60.2031 -6.5 18.6
137630 -61.4433 -6.5 18.6
114886 -68.3833 -6.5 18.6
133424 -55.9687 -6.5 18.6
132219 -57.3748 -6.5 18.6
134804 -65.4512 -6.5 18.6
137843 -53.93 -6.5 18.6
141602 -54.3165 -6.5 18.6
134721 -63.2255 -6.5 18.6
136206 -63.9128 -6.5 18.6
139478 -58.0122 -6.5 18.6
