#rtt sig_str x y
179298 -61.0206 -24.76 6.72
177661 -62.0713 -24.76 6.72
174719 -56.6037 -24.76 6.72
177945 -56.1188 -24.76 6.72
175806 -60.2787 -24.76 6.72
172799 -57.2843 -24.76 6.72
175834 -60.9743 -24.76 6.72
179030 -60.3232 -24.76 6.72
179129 -62.4369 -24.76 6.72
173211 -62.3869 -24.76 6.72
174945 -60.5014 -24.76 6.72
164679 -58.6593 -24.76 6.72
181284 -59.8274 -24.76 6.72
175449 -62.7093 -24.76 6.72
170575 -67.789 -24.76 6.72
180273 -60.9616 -24.76 6.72
179451 -65.2217 -24.76 6.72
191426 -64.7224 -24.76 6.72
184417 -58.2535 -24.76 6.72
177744 -57.2782 -24.76 6.72
180356 -59.5214 -24.76 6.72
182034 -75.3638 -24.76 6.72
174478 -63.6569 -24.76 6.72
174476 -67.9175 -24.76 6.72
177515 -62.4422 -24.76 6.72
176324 -61.7953 -24.76 6.72
181591 -58.8926 -24.76 6.72
178826 -58.7385 -24.76 6.72
174390 -56.1339 -24.76 6.72
179923 -53.3217 -24.76 6.72
177443 -61.6869 -24.76 6.72
183567 -59.2593 -24.76 6.72
177723 -73.4501 -24.76 6.72
178073 -60.1248 -24.76 6.72
175212 -55.7434 -24.76 6.72
203272 -79.0715 -24.76 6.72
178543 -59.8379 -24.76 6.72
177407 -58.2894 -24.76 6.72
179931 -63.7441 -24.76 6.72
130106 -55.9726 -16.17 9.47
121301 -54.2794 -16.17 9.47
126117 -58.3532 -16.17 9.47
129497 -56.3585 -16.17 9.47
121373 -51.9289 -16.17 9.47
124720 -56.5569 -16.17 9.47
121912 -57.1199 -16.17 9.47
123786 -64.1705 -16.17 9.47
117169 -59.7666 -16.17 9.47
122920 -57.135 -16.17 9.47
121113 -56.4043 -16.17 9.47
119106 -59.6918 -16.17 9.47
120627 -65.2067 -16.17 9.47
120959 -59.3176 -16.17 9.47
122328 -58.5617 -16.17 9.47
121653 -55.6931 -16.17 9.47
126678 -56.9507 -16.17 9.47
122805 -58.1077 -16.17 9.47
115663 -54.2922 -16.17 9.47
125589 -57.1089 -16.17 9.47
119183 -53.611 -16.17 9.47
119985 -62.5212 -16.17 9.47
120115 -58.9089 -16.17 9.47
118661 -56.9675 -16.17 9.47
120661 -57.7632 -16.17 9.47
124051 -59.2412 -16.17 9.47
117081 -53.3229 -16.17 9.47
120714 -60.1556 -16.17 9.47
121988 -54.2006 -16.17 9.47
122345 -57.0422 -16.17 9.47
128688 -56.6133 -16.17 9.47
128812 -57.9835 -16.17 9.47
125279 -55.3577 -16.17 9.47
119425 -62.3677 -16.17 9.47
124157 -56.8389 -16.17 9.47
127577 -60.5772 -16.17 9.47
120564 -59.7826 -16.17 9.47
127462 -57.3521 -16.17 9.47
126447 -56.0965 -16.17 9.47
190578 -63.6534 -5.34 28.23
187305 -57.0379 -5.34 28.23
191225 -56.9427 -5.34 28.23
151028 -75.8756 -5.34 28.23
61244 -81.3098 -5.34 28.23
200161 -59.8814 -5.34 28.23
192518 -65.9587 -5.34 28.23
178787 -61.5967 -5.34 28.23
193018 -67.3747 -5.34 28.23
184790 -59.5097 -5.34 28.23
191102 -63.0474 -5.34 28.23
186659 -59.6931 -5.34 28.23
185357 -59.1705 -5.34 28.23
183846 -61.8791 -5.34 28.23
185766 -66.8127 -5.34 28.23
189497 -67.2365 -5.34 28.23
182236 -65.4186 -5.34 28.23
188767 -59.3105 -5.34 28.23
180340 -65.7587 -5.34 28.23
193717 -54.2997 -5.34 28.23
191037 -62.2946 -5.34 28.23
199014 -64.3415 -5.34 28.23
194239 -57.5962 -5.34 28.23
189576 -63.8496 -5.34 28.23
191216 -61.8626 -5.34 28.23
185247 -70.9589 -5.34 28.23
187690 -56.1922 -5.34 28.23
191735 -58.1644 -5.34 28.23
191169 -65.122 -5.34 28.23
190028 -63.2404 -5.34 28.23
187796 -55.5184 -5.34 28.23
195882 -69.2913 -5.34 28.23
188226 -66.0735 -5.34 28.23
181164 -65.1696 -5.34 28.23
186782 -60.2405 -5.34 28.23
188215 -62.986 -5.34 28.23
187749 -60.5376 -5.34 28.23
188791 -60.4858 -5.34 28.23
181372 -68.3879 -5.34 28.23
103869 -55.9593 -11.35 12.15
116055 -59.7928 -11.35 12.15
111487 -58.6086 -11.35 12.15
99971 -58.5074 -11.35 12.15
110921 -53.5238 -11.35 12.15
104711 -59.5042 -11.35 12.15
112824 -57.0714 -11.35 12.15
112596 -59.8751 -11.35 12.15
104515 -56.6503 -11.35 12.15
103555 -57.4241 -11.35 12.15
109981 -54.2914 -11.35 12.15
102602 -56.375 -11.35 12.15
102224 -58.0634 -11.35 12.15
102930 -61.1761 -11.35 12.15
107939 -54.849 -11.35 12.15
101220 -61.4241 -11.35 12.15
103662 -64.1647 -11.35 12.15
104735 -57.4309 -11.35 12.15
111212 -58.4627 -11.35 12.15
109510 -69.4454 -11.35 12.15
113906 -70.9022 -11.35 12.15
105393 -58.0356 -11.35 12.15
108382 -58.8462 -11.35 12.15
107395 -61.0261 -11.35 12.15
104754 -53.9286 -11.35 12.15
96453 -57.025 -11.35 12.15
108693 -58.5782 -11.35 12.15
107966 -61.4948 -11.35 12.15
100558 -56.0633 -11.35 12.15
105839 -55.5586 -11.35 12.15
105192 -56.503 -11.35 12.15
103304 -58.7324 -11.35 12.15
108545 -57.8773 -11.35 12.15
103109 -56.1575 -11.35 12.15
107497 -59.4273 -11.35 12.15
104183 -62.1122 -11.35 12.15
101567 -61.6948 -11.35 12.15
109816 -53.1174 -11.35 12.15
103884 -57.7234 -11.35 12.15
128493 -56.6553 3.96 18.38
131091 -54.5779 3.96 18.38
128437 -56.4059 3.96 18.38
116313 -55.7658 3.96 18.38
128870 -54.3979 3.96 18.38
125744 -51.92 3.96 18.38
125982 -63.0311 3.96 18.38
123640 -65.7829 3.96 18.38
125643 -58.2391 3.96 18.38
126777 -57.4886 3.96 18.38
128885 -57.6708 3.96 18.38
128242 -52.0996 3.96 18.38
123704 -57.6403 3.96 18.38
126127 -54.5311 3.96 18.38
125908 -52.918 3.96 18.38
136857 -58.6007 3.96 18.38
124879 -54.7221 3.96 18.38
122371 -58.3071 3.96 18.38
123520 -55.7797 3.96 18.38
119388 -66.2538 3.96 18.38
129267 -52.2027 3.96 18.38
128426 -55.3057 3.96 18.38
126124 -53.6546 3.96 18.38
131418 -54.2384 3.96 18.38
133762 -58.5161 3.96 18.38
125987 -68.5083 3.96 18.38
120472 -66.4981 3.96 18.38
123560 -57.5401 3.96 18.38
128121 -58.4222 3.96 18.38
123259 -54.7465 3.96 18.38
122391 -58.9753 3.96 18.38
133525 -59.582 3.96 18.38
121303 -55.897 3.96 18.38
127292 -57.6965 3.96 18.38
121861 -56.9953 3.96 18.38
125308 -57.3225 3.96 18.38
121021 -53.3665 3.96 18.38
125971 -52.5193 3.96 18.38
120503 -66.3233 3.96 18.38
170631 -55.7999 2.7 26.23
175349 -56.739 2.7 26.23
182550 -65.7197 2.7 26.23
170244 -61.6652 2.7 26.23
166369 -61.6171 2.7 26.23
175989 -57.482 2.7 26.23
166048 -59.4988 2.7 26.23
178256 -58.808 2.7 26.23
177478 -59.1406 2.7 26.23
168419 -60.118 2.7 26.23
169472 -63.656 2.7 26.23
171507 -63.152 2.7 26.23
169606 -56.02 2.7 26.23
169459 -61.8443 2.7 26.23
176471 -58.6594 2.7 26.23
168754 -64.5043 2.7 26.23
175567 -59.3987 2.7 26.23
169602 -57.7312 2.7 26.23
179251 -64.7212 2.7 26.23
178138 -61.0631 2.7 26.23
175109 -58.897 2.7 26.23
176093 -59.5952 2.7 26.23
174712 -61.0086 2.7 26.23
173253 -60.6793 2.7 26.23
175228 -66.5144 2.7 26.23
177574 -56.2803 2.7 26.23
168273 -64.3881 2.7 26.23
176552 -61.9573 2.7 26.23
173519 -63.9381 2.7 26.23
172220 -63.6182 2.7 26.23
167686 -55.7245 2.7 26.23
170730 -60.2154 2.7 26.23
173330 -53.2446 2.7 26.23
169080 -58.0111 2.7 26.23
177474 -57.0362 2.7 26.23
160466 -69.371 2.7 26.23
177125 -63.266 2.7 26.23
169901 -65.4551 2.7 26.23
171843 -59.0388 2.7 26.23
125574 -58.6522 18.43 -0.79
122688 -55.2702 18.43 -0.79
130495 -60.2961 18.43 -0.79
130348 -48.8872 18.43 -0.79
126174 -61.1919 18.43 -0.79
121691 -62.7241 18.43 -0.79
126107 -60.3162 18.43 -0.79
124706 -56.9539 18.43 -0.79
127108 -58.9898 18.43 -0.79
130648 -60.1147 18.43 -0.79
126132 -59.1164 18.43 -0.79
126426 -56.9712 18.43 -0.79
124546 -69.2036 18.43 -0.79
123872 -62.6738 18.43 -0.79
117869 -55.4408 18.43 -0.79
118476 -72.8184 18.43 -0.79
115117 -66.686 18.43 -0.79
122718 -56.6692 18.43 -0.79
120628 -61.6982 18.43 -0.79
126411 -59.6495 18.43 -0.79
122879 -57.492 18.43 -0.79
123378 -58.2502 18.43 -0.79
129447 -56.6144 18.43 -0.79
115949 -57.4818 18.43 -0.79
115290 -58.9507 18.43 -0.79
125980 -61.8163 18.43 -0.79
122901 -62.2887 18.43 -0.79
120848 -58.5069 18.43 -0.79
125375 -56.1601 18.43 -0.79
128509 -65.805 18.43 -0.79
126860 -60.4281 18.43 -0.79
122023 -59.2201 18.43 -0.79
129656 -58.5576 18.43 -0.79
121161 -54.7203 18.43 -0.79
120504 -54.5633 18.43 -0.79
121853 -56.8986 18.43 -0.79
127286 -59.7313 18.43 -0.79
125096 -58.5157 18.43 -0.79
123083 -50.9574 18.43 -0.79
171499 -58.3735 25.09 -2.93
158589 -59.1399 25.09 -2.93
166972 -63.3033 25.09 -2.93
164365 -55.6562 25.09 -2.93
167494 -61.7771 25.09 -2.93
169509 -59.3085 25.09 -2.93
164488 -62.3191 25.09 -2.93
169683 -60.7211 25.09 -2.93
163965 -61.1286 25.09 -2.93
164002 -58.1955 25.09 -2.93
170497 -58.0249 25.09 -2.93
165359 -57.3497 25.09 -2.93
168047 -56.2853 25.09 -2.93
174184 -56.389 25.09 -2.93
168893 -59.3349 25.09 -2.93
175558 -64.7188 25.09 -2.93
168494 -54.8267 25.09 -2.93
170714 -58.9316 25.09 -2.93
174371 -63.4259 25.09 -2.93
162958 -59.2259 25.09 -2.93
153031 -68.7306 25.09 -2.93
165144 -60.4472 25.09 -2.93
168195 -61.0683 25.09 -2.93
165636 -64.1064 25.09 -2.93
169428 -64.9016 25.09 -2.93
164166 -59.1501 25.09 -2.93
79660 -74.3243 25.09 -2.93
173634 -58.9324 25.09 -2.93
163522 -57.7626 25.09 -2.93
173269 -67.3369 25.09 -2.93
166874 -61.8472 25.09 -2.93
158003 -63.8688 25.09 -2.93
161360 -61.9576 25.09 -2.93
168270 -66.8171 25.09 -2.93
168971 -63.3393 25.09 -2.93
186287 -65.9058 25.09 -2.93
163303 -57.245 25.09 -2.93
154796 -63.6621 25.09 -2.93
166597 -59.479 25.09 -2.93
62605 -57.0685 1.33 9.39
62766 -49.5202 1.33 9.39
67742 -48.3126 1.33 9.39
61031 -56.031 1.33 9.39
65755 -55.8955 1.33 9.39
58559 -51.0153 1.33 9.39
62292 -52.1735 1.33 9.39
63857 -49.8571 1.33 9.39
52012 -65.8155 1.33 9.39
59852 -50.1617 1.33 9.39
64870 -54.4128 1.33 9.39
54993 -49.1236 1.33 9.39
66089 -56.3537 1.33 9.39
68986 -57.1712 1.33 9.39
64571 -49.103 1.33 9.39
61986 -53.1617 1.33 9.39
60768 -55.8453 1.33 9.39
58092 -51.251 1.33 9.39
67096 -57.7459 1.33 9.39
64800 -51.0064 1.33 9.39
64879 -62.3788 1.33 9.39
59784 -57.0062 1.33 9.39
64273 -55.4579 1.33 9.39
65049 -58.4553 1.33 9.39
59348 -58.0678 1.33 9.39
68946 -55.0625 1.33 9.39
65029 -52.9935 1.33 9.39
66281 -53.5164 1.33 9.39
62789 -47.3187 1.33 9.39
59261 -48.7821 1.33 9.39
58264 -55.1386 1.33 9.39
64728 -56.1459 1.33 9.39
53832 -58.8996 1.33 9.39
60515 -69.1104 1.33 9.39
56383 -48.292 1.33 9.39
62317 -50.0281 1.33 9.39
60348 -56.2005 1.33 9.39
62137 -54.1078 1.33 9.39
55290 -48.7971 1.33 9.39
59353 -57.9847 -4.52 -9.96
63579 -50.1633 -4.52 -9.96
69275 -57.0591 -4.52 -9.96
73674 -56.9712 -4.52 -9.96
65677 -50.8386 -4.52 -9.96
67984 -53.2172 -4.52 -9.96
79697 -73.9257 -4.52 -9.96
64453 -58.1228 -4.52 -9.96
68025 -53.307 -4.52 -9.96
63573 -58.7793 -4.52 -9.96
66675 -50.8724 -4.52 -9.96
66269 -53.042 -4.52 -9.96
65795 -52.9229 -4.52 -9.96
59684 -47.9463 -4.52 -9.96
62676 -52.2642 -4.52 -9.96
68199 -54.8011 -4.52 -9.96
65079 -53.7286 -4.52 -9.96
62636 -55.0714 -4.52 -9.96
67052 -62.2844 -4.52 -9.96
71823 -53.463 -4.52 -9.96
72088 -52.3487 -4.52 -9.96
59937 -61.8079 -4.52 -9.96
71192 -51.6302 -4.52 -9.96
66556 -48.5697 -4.52 -9.96
66141 -56.5874 -4.52 -9.96
71909 -54.6558 -4.52 -9.96
64877 -47.6632 -4.52 -9.96
65296 -49.0792 -4.52 -9.96
70347 -48.1788 -4.52 -9.96
69202 -50.3583 -4.52 -9.96
67197 -54.2483 -4.52 -9.96
71136 -56.0358 -4.52 -9.96
58066 -48.3879 -4.52 -9.96
65406 -55.5521 -4.52 -9.96
68647 -55.3057 -4.52 -9.96
58298 -50.9449 -4.52 -9.96
68629 -54.1076 -4.52 -9.96
69893 -50.8292 -4.52 -9.96
61956 -57.2224 -4.52 -9.96
