#rtt sig_str x y
207629 -62.6706 25.45 18.28
198394 -63.7212 25.45 18.28
203459 -58.2537 25.45 18.28
205121 -57.7688 25.45 18.28
204604 -61.9286 25.45 18.28
207911 -58.9343 25.45 18.28
197801 -62.6243 25.45 18.28
210794 -61.9732 25.45 18.28
204365 -64.0869 25.45 18.28
204527 -64.0369 25.45 18.28
200178 -62.1513 25.45 18.28
201649 -60.3093 25.45 18.28
202368 -61.4773 25.45 18.28
207982 -64.3593 25.45 18.28
206579 -69.439 25.45 18.28
203873 -62.6116 25.45 18.28
207660 -66.8717 25.45 18.28
207280 -66.3724 25.45 18.28
217609 -59.9035 25.45 18.28
205424 -58.9282 25.45 18.28
209638 -61.1714 25.45 18.28
144184 -77.0138 25.45 18.28
207386 -65.3069 25.45 18.28
207966 -69.5675 25.45 18.28
211056 -64.0922 25.45 18.28
201860 -63.4452 25.45 18.28
209006 -60.5426 25.45 18.28
208033 -60.3885 25.45 18.28
205447 -57.7839 25.45 18.28
209422 -54.9717 25.45 18.28
211570 -63.3369 25.45 18.28
199820 -60.9093 25.45 18.28
199489 -75.1001 25.45 18.28
191306 -61.7748 25.45 18.28
208427 -57.3934 25.45 18.28
188614 -80.7215 25.45 18.28
208363 -61.4879 25.45 18.28
203873 -59.9393 25.45 18.28
200567 -65.3941 25.45 18.28
144331 -57.3435 -20.53 8.25
149919 -55.6502 -20.53 8.25
150105 -59.7241 -20.53 8.25
145082 -57.7293 -20.53 8.25
147132 -53.2997 -20.53 8.25
149174 -57.9277 -20.53 8.25
149215 -58.4907 -20.53 8.25
140110 -65.5413 -20.53 8.25
145180 -61.1374 -20.53 8.25
146171 -58.5059 -20.53 8.25
147679 -57.7751 -20.53 8.25
149157 -61.0626 -20.53 8.25
142751 -66.5775 -20.53 8.25
143640 -60.6885 -20.53 8.25
147730 -59.9325 -20.53 8.25
154284 -57.064 -20.53 8.25
142101 -58.3216 -20.53 8.25
142971 -59.4785 -20.53 8.25
147866 -55.6631 -20.53 8.25
147364 -58.4797 -20.53 8.25
145985 -54.9819 -20.53 8.25
148409 -63.892 -20.53 8.25
141994 -60.2797 -20.53 8.25
148540 -58.3384 -20.53 8.25
148810 -59.134 -20.53 8.25
154763 -60.6121 -20.53 8.25
149412 -54.6938 -20.53 8.25
142675 -61.5265 -20.53 8.25
152285 -55.5715 -20.53 8.25
141122 -58.413 -20.53 8.25
149121 -57.9842 -20.53 8.25
144574 -59.3543 -20.53 8.25
151629 -56.7285 -20.53 8.25
149634 -63.7385 -20.53 8.25
146771 -58.2098 -20.53 8.25
147187 -61.948 -20.53 8.25
143842 -61.1534 -20.53 8.25
151993 -58.723 -20.53 8.25
147852 -57.4674 -20.53 8.25
240454 -65.5634 22.02 28.75
237777 -58.948 22.02 28.75
237888 -58.8528 22.02 28.75
146546 -77.7857 22.02 28.75
247529 -61.924 22.02 28.75
242600 -60.004 22.02 28.75
240593 -58.2302 22.02 28.75
245625 -65.0949 22.02 28.75
239022 -64.2462 22.02 28.75
248806 -61.2765 22.02 28.75
242725 -63.8439 22.02 28.75
243963 -71.045 22.02 28.75
245049 -61.3989 22.02 28.75
221943 -78.2292 22.02 28.75
243250 -67.1187 22.02 28.75
238509 -67.7188 22.02 28.75
241396 -61.43 22.02 28.75
248534 -68.6659 22.02 28.75
243388 -65.7459 22.02 28.75
240831 -63.8983 22.02 28.75
242357 -61.3424 22.02 28.75
231453 -70.2983 22.02 28.75
249802 -61.4358 22.02 28.75
240402 -62.2867 22.02 28.75
243419 -61.0875 22.02 28.75
248916 -64.9874 22.02 28.75
238616 -59.0545 22.02 28.75
241628 -61.1678 22.02 28.75
245962 -67.3475 22.02 28.75
223891 -74.3291 22.02 28.75
242949 -66.1757 22.02 28.75
246693 -68.5224 22.02 28.75
246659 -58.9981 22.02 28.75
244062 -65.4996 22.02 28.75
242725 -62.0886 22.02 28.75
237909 -65.9661 22.02 28.75
244813 -69.6384 22.02 28.75
244766 -58.8825 22.02 28.75
243577 -61.2006 22.02 28.75
180645 -59.379 -24.95 -6.13
177729 -59.1155 -24.95 -6.13
178622 -63.0009 -24.95 -6.13
170405 -60.5266 -24.95 -6.13
179865 -58.152 -24.95 -6.13
149027 -68.381 -24.95 -6.13
175747 -65.8253 -24.95 -6.13
178316 -62.9088 -24.95 -6.13
174247 -56.8301 -24.95 -6.13
179783 -63.5212 -24.95 -6.13
171684 -64.7491 -24.95 -6.13
174338 -57.8024 -24.95 -6.13
168545 -62.0502 -24.95 -6.13
179630 -58.5284 -24.95 -6.13
176320 -66.7368 -24.95 -6.13
179177 -61.1022 -24.95 -6.13
174451 -55.5527 -24.95 -6.13
182740 -58.1628 -24.95 -6.13
174833 -64.6361 -24.95 -6.13
174626 -58.7081 -24.95 -6.13
169668 -61.7962 -24.95 -6.13
173461 -62.1755 -24.95 -6.13
170066 -61.2554 -24.95 -6.13
172122 -61.2723 -24.95 -6.13
184485 -64.9814 -24.95 -6.13
168688 -60.5788 -24.95 -6.13
185022 -60.3148 -24.95 -6.13
171785 -66.9577 -24.95 -6.13
167135 -71.3671 -24.95 -6.13
178370 -61.7107 -24.95 -6.13
174477 -65.5439 -24.95 -6.13
168897 -64.5692 -24.95 -6.13
172950 -64.6354 -24.95 -6.13
177826 -61.3541 -24.95 -6.13
170218 -60.5316 -24.95 -6.13
173798 -61.2731 -24.95 -6.13
172794 -60.5086 -24.95 -6.13
162140 -67.0042 -24.95 -6.13
168991 -75.9891 -24.95 -6.13
82880 -67.8565 4.42 11.92
74739 -52.9058 4.42 11.92
81221 -53.8323 4.42 11.92
77856 -52.9855 4.42 11.92
75778 -57.003 4.42 11.92
78618 -46.0763 4.42 11.92
80908 -58.1889 4.42 11.92
76298 -55.8356 4.42 11.92
77572 -56.1224 4.42 11.92
73807 -52.3688 4.42 11.92
78914 -55.2301 4.42 11.92
75484 -51.6417 4.42 11.92
76746 -52.9334 4.42 11.92
74451 -53.6975 4.42 11.92
73659 -60.0072 4.42 11.92
80102 -53.6405 4.42 11.92
78533 -51.9318 4.42 11.92
80191 -56.2738 4.42 11.92
77384 -49.321 4.42 11.92
81721 -51.8904 4.42 11.92
79935 -55.7014 4.42 11.92
74734 -55.2905 4.42 11.92
75961 -52.0192 4.42 11.92
74269 -59.6163 4.42 11.92
76609 -51.9506 4.42 11.92
81905 -51.9394 4.42 11.92
70928 -54.7438 4.42 11.92
81152 -60.0879 4.42 11.92
80732 -53.9926 4.42 11.92
78165 -51.8868 4.42 11.92
78189 -51.026 4.42 11.92
83386 -53.4627 4.42 11.92
83498 -56.7309 4.42 11.92
80623 -50.0193 4.42 11.92
83353 -55.4621 4.42 11.92
78005 -49.5168 4.42 11.92
83432 -53.4732 4.42 11.92
81281 -52.6925 4.42 11.92
83565 -50.8837 4.42 11.92
186242 -60.2055 -13.09 26.48
181591 -62.0668 -13.09 26.48
191377 -67.1324 -13.09 26.48
190939 -65.6243 -13.09 26.48
167658 -68.1674 -13.09 26.48
189171 -64.2263 -13.09 26.48
189747 -59.5965 -13.09 26.48
193803 -63.8678 -13.09 26.48
194755 -60.6291 -13.09 26.48
180567 -58.6034 -13.09 26.48
191507 -67.0755 -13.09 26.48
184966 -64.6012 -13.09 26.48
196222 -63.6111 -13.09 26.48
189849 -62.4379 -13.09 26.48
180891 -63.5893 -13.09 26.48
192113 -59.2998 -13.09 26.48
199926 -65.7179 -13.09 26.48
192087 -59.7306 -13.09 26.48
179939 -68.8219 -13.09 26.48
197160 -62.2004 -13.09 26.48
189950 -60.1899 -13.09 26.48
183775 -67.2985 -13.09 26.48
189881 -57.4484 -13.09 26.48
190072 -60.0308 -13.09 26.48
192523 -62.9303 -13.09 26.48
189897 -55.7723 -13.09 26.48
193973 -59.9533 -13.09 26.48
186743 -59.6959 -13.09 26.48
188540 -68.1334 -13.09 26.48
189919 -55.2259 -13.09 26.48
193320 -57.4401 -13.09 26.48
187743 -67.5461 -13.09 26.48
178033 -64.2082 -13.09 26.48
195355 -56.7071 -13.09 26.48
184881 -61.1664 -13.09 26.48
192516 -66.9877 -13.09 26.48
188811 -62.3389 -13.09 26.48
189427 -68.0716 -13.09 26.48
192780 -60.2209 -13.09 26.48
157588 -56.6402 -14.63 -18.01
150000 -67.8748 -14.63 -18.01
166463 -65.7582 -14.63 -18.01
154486 -51.9108 -14.63 -18.01
158242 -66.9632 -14.63 -18.01
149617 -57.9947 -14.63 -18.01
151815 -57.1782 -14.63 -18.01
148660 -60.5726 -14.63 -18.01
152365 -60.3329 -14.63 -18.01
148808 -63.9418 -14.63 -18.01
151900 -60.7921 -14.63 -18.01
151251 -68.3758 -14.63 -18.01
154368 -62.3746 -14.63 -18.01
155163 -58.8326 -14.63 -18.01
148650 -55.1763 -14.63 -18.01
148669 -62.4641 -14.63 -18.01
154993 -52.333 -14.63 -18.01
162089 -66.1525 -14.63 -18.01
151579 -60.4796 -14.63 -18.01
147022 -62.2716 -14.63 -18.01
148333 -64.8218 -14.63 -18.01
153541 -59.6138 -14.63 -18.01
155186 -61.6113 -14.63 -18.01
154609 -55.9932 -14.63 -18.01
156940 -59.1667 -14.63 -18.01
154711 -57.8745 -14.63 -18.01
153662 -57.0337 -14.63 -18.01
145600 -55.5691 -14.63 -18.01
153840 -60.607 -14.63 -18.01
149759 -61.0129 -14.63 -18.01
150352 -67.3989 -14.63 -18.01
149920 -63.8377 -14.63 -18.01
155945 -66.7106 -14.63 -18.01
154020 -60.6611 -14.63 -18.01
152893 -59.2332 -14.63 -18.01
149648 -58.6732 -14.63 -18.01
149755 -53.4618 -14.63 -18.01
147709 -63.5934 -14.63 -18.01
151523 -59.2922 -14.63 -18.01
36486 -44.2979 3.84 1.77
37808 -41.7844 3.84 1.77
34428 -50.7221 3.84 1.77
30925 -49.2876 3.84 1.77
32146 -51.178 3.84 1.77
31544 -46.1617 3.84 1.77
28508 -52.5295 3.84 1.77
32518 -47.3764 3.84 1.77
31453 -40.3597 3.84 1.77
37388 -50.6802 3.84 1.77
39079 -47.5979 3.84 1.77
32754 -46.0384 3.84 1.77
33878 -42.3782 3.84 1.77
35884 -43.0101 3.84 1.77
34999 -45.0062 3.84 1.77
37873 -44.5886 3.84 1.77
28972 -43.3986 3.84 1.77
34182 -45.2084 3.84 1.77
34509 -44.607 3.84 1.77
36763 -44.8571 3.84 1.77
39167 -45.551 3.84 1.77
33830 -42.2441 3.84 1.77
32644 -50.68 3.84 1.77
32324 -42.2214 3.84 1.77
27193 -44.6675 3.84 1.77
28745 -41.2391 3.84 1.77
36625 -41.4921 3.84 1.77
34539 -51.6822 3.84 1.77
35615 -52.0562 3.84 1.77
33654 -45.0049 3.84 1.77
32514 -45.7006 3.84 1.77
28221 -42.6324 3.84 1.77
33936 -45.0364 3.84 1.77
34459 -48.8809 3.84 1.77
33481 -45.6027 3.84 1.77
32973 -40.2107 3.84 1.77
33750 -42.5195 3.84 1.77
34285 -44.4782 3.84 1.77
32225 -39.966 3.84 1.77
175178 -60.4501 -16.81 20.55
172621 -58.178 -16.81 20.55
181433 -63.3991 -16.81 20.55
181838 -58.1828 -16.81 20.55
180443 -61.1497 -16.81 20.55
174450 -60.5954 -16.81 20.55
174011 -63.3072 -16.81 20.55
173896 -57.9304 -16.81 20.55
175196 -62.8075 -16.81 20.55
172974 -56.8733 -16.81 20.55
176705 -75.92 -16.81 20.55
174182 -58.4353 -16.81 20.55
172470 -66.2001 -16.81 20.55
175040 -58.694 -16.81 20.55
164657 -62.2569 -16.81 20.55
173787 -63.7603 -16.81 20.55
175056 -58.7122 -16.81 20.55
174644 -55.2078 -16.81 20.55
173202 -64.7233 -16.81 20.55
169102 -58.0829 -16.81 20.55
181920 -65.4869 -16.81 20.55
180621 -57.5688 -16.81 20.55
173472 -57.0099 -16.81 20.55
174063 -55.5067 -16.81 20.55
159605 -65.2059 -16.81 20.55
172333 -60.028 -16.81 20.55
172881 -59.1882 -16.81 20.55
168270 -59.447 -16.81 20.55
175751 -57.8361 -16.81 20.55
182581 -63.2781 -16.81 20.55
171631 -64.3868 -16.81 20.55
183613 -59.5329 -16.81 20.55
178332 -61.973 -16.81 20.55
177343 -57.8391 -16.81 20.55
181647 -58.9088 -16.81 20.55
180971 -57.9517 -16.81 20.55
174196 -56.4016 -16.81 20.55
165840 -56.5487 -16.81 20.55
178003 -60.3546 -16.81 20.55
190109 -63.4962 8.92 -26.79
185140 -60.0477 8.92 -26.79
189986 -60.2002 8.92 -26.79
180309 -58.7313 8.92 -26.79
192704 -62.3618 8.92 -26.79
190965 -54.3996 8.92 -26.79
181196 -57.8852 8.92 -26.79
187833 -54.0848 8.92 -26.79
188130 -57.9623 8.92 -26.79
189131 -58.8448 8.92 -26.79
190748 -58.8458 8.92 -26.79
180455 -69.9124 8.92 -26.79
177937 -60.7948 8.92 -26.79
184300 -59.6778 8.92 -26.79
190766 -60.5941 8.92 -26.79
200274 -57.0199 8.92 -26.79
189333 -60.5901 8.92 -26.79
182150 -61.5429 8.92 -26.79
190675 -63.5854 8.92 -26.79
193534 -55.385 8.92 -26.79
191549 -65.0818 8.92 -26.79
180853 -62.5401 8.92 -26.79
193468 -65.9819 8.92 -26.79
186222 -58.0492 8.92 -26.79
188271 -64.0244 8.92 -26.79
192797 -59.7226 8.92 -26.79
197123 -60.666 8.92 -26.79
192672 -60.734 8.92 -26.79
191181 -63.1722 8.92 -26.79
186552 -64.4124 8.92 -26.79
169900 -71.3524 8.92 -26.79
185815 -58.9378 8.92 -26.79
190398 -60.344 8.92 -26.79
195569 -68.4203 8.92 -26.79
184954 -56.8992 8.92 -26.79
195486 -57.2856 8.92 -26.79
188421 -66.1946 8.92 -26.79
190564 -66.8819 8.92 -26.79
194875 -60.9814 8.92 -26.79
