#rtt sig_str x y
138114 -59.1115 -11.95 16.48
142407 -60.1622 -11.95 16.48
146664 -54.6946 -11.95 16.48
140929 -54.2097 -11.95 16.48
143337 -58.3696 -11.95 16.48
143730 -55.3752 -11.95 16.48
148160 -59.0653 -11.95 16.48
145301 -58.4142 -11.95 16.48
133936 -60.5278 -11.95 16.48
136725 -60.4779 -11.95 16.48
142685 -58.5923 -11.95 16.48
137193 -56.7502 -11.95 16.48
138603 -57.9183 -11.95 16.48
142896 -60.8002 -11.95 16.48
151342 -65.8799 -11.95 16.48
141148 -59.0525 -11.95 16.48
146016 -63.3126 -11.95 16.48
142994 -62.8133 -11.95 16.48
135541 -56.3444 -11.95 16.48
137915 -55.3691 -11.95 16.48
142883 -57.6124 -11.95 16.48
135670 -73.4548 -11.95 16.48
137636 -61.7478 -11.95 16.48
126766 -66.0084 -11.95 16.48
143604 -60.5331 -11.95 16.48
145789 -59.8862 -11.95 16.48
147886 -56.9835 -11.95 16.48
144400 -56.8294 -11.95 16.48
137560 -54.2248 -11.95 16.48
143875 -51.4126 -11.95 16.48
138464 -59.7778 -11.95 16.48
135737 -57.3503 -11.95 16.48
156861 -71.541 -11.95 16.48
139906 -58.2157 -11.95 16.48
149247 -53.8343 -11.95 16.48
100028 -77.1624 -11.95 16.48
145026 -57.9288 -11.95 16.48
143379 -56.3803 -11.95 16.48
142844 -61.8351 -11.95 16.48
162082 -57.756 -18.79 13.71
152005 -56.0628 -18.79 13.71
157800 -60.1367 -18.79 13.71
153776 -58.1419 -18.79 13.71
156664 -53.7123 -18.79 13.71
156958 -58.3403 -18.79 13.71
155772 -58.9033 -18.79 13.71
166454 -65.9539 -18.79 13.71
156164 -61.55 -18.79 13.71
151529 -58.9185 -18.79 13.71
149092 -58.1877 -18.79 13.71
148051 -61.4752 -18.79 13.71
160144 -66.9901 -18.79 13.71
156063 -61.101 -18.79 13.71
146439 -60.3451 -18.79 13.71
145986 -57.4765 -18.79 13.71
147981 -58.7341 -18.79 13.71
152705 -59.8911 -18.79 13.71
155535 -56.0757 -18.79 13.71
156997 -58.8923 -18.79 13.71
154478 -55.3945 -18.79 13.71
155711 -64.3046 -18.79 13.71
158072 -60.6923 -18.79 13.71
151472 -58.7509 -18.79 13.71
156094 -59.5466 -18.79 13.71
148145 -61.0246 -18.79 13.71
160954 -55.1063 -18.79 13.71
150853 -61.939 -18.79 13.71
154325 -55.9841 -18.79 13.71
144386 -58.8256 -18.79 13.71
157443 -58.3967 -18.79 13.71
155016 -59.7669 -18.79 13.71
150402 -57.1411 -18.79 13.71
159593 -64.1511 -18.79 13.71
148145 -58.6224 -18.79 13.71
151665 -62.3606 -18.79 13.71
155528 -61.566 -18.79 13.71
147772 -59.1356 -18.79 13.71
158062 -57.8799 -18.79 13.71
106182 -57.2533 -10.61 7.9
92360 -50.6378 -10.61 7.9
99201 -50.5426 -10.61 7.9
102080 -69.4755 -10.61 7.9
87097 -74.9097 -10.61 7.9
103112 -53.4813 -10.61 7.9
96774 -59.5586 -10.61 7.9
102775 -55.1966 -10.61 7.9
98304 -60.9746 -10.61 7.9
104624 -53.1096 -10.61 7.9
101616 -56.6473 -10.61 7.9
99109 -53.2929 -10.61 7.9
97388 -52.7704 -10.61 7.9
97072 -55.479 -10.61 7.9
95466 -60.4125 -10.61 7.9
96165 -60.8364 -10.61 7.9
99032 -59.0185 -10.61 7.9
98493 -52.9104 -10.61 7.9
97183 -59.3586 -10.61 7.9
105527 -47.8996 -10.61 7.9
98820 -55.8945 -10.61 7.9
106831 -57.9414 -10.61 7.9
105985 -51.1961 -10.61 7.9
99464 -57.4494 -10.61 7.9
105685 -55.4625 -10.61 7.9
105699 -64.5588 -10.61 7.9
98402 -49.7921 -10.61 7.9
99781 -51.7643 -10.61 7.9
95790 -58.7219 -10.61 7.9
97957 -56.8403 -10.61 7.9
106689 -49.1183 -10.61 7.9
102789 -62.8912 -10.61 7.9
98387 -59.6734 -10.61 7.9
102412 -58.7695 -10.61 7.9
105885 -53.8404 -10.61 7.9
93261 -56.5859 -10.61 7.9
93534 -54.1375 -10.61 7.9
100497 -54.0857 -10.61 7.9
97785 -61.9878 -10.61 7.9
107597 -56.4104 9.95 14.47
105787 -60.2439 9.95 14.47
110011 -59.0597 9.95 14.47
109863 -58.9585 9.95 14.47
112350 -53.9749 9.95 14.47
98241 -59.9553 9.95 14.47
108590 -57.5225 9.95 14.47
115262 -60.3262 9.95 14.47
109330 -57.1014 9.95 14.47
106725 -57.8752 9.95 14.47
110132 -54.7424 9.95 14.47
108775 -56.8261 9.95 14.47
104522 -58.5145 9.95 14.47
110513 -61.6272 9.95 14.47
112400 -55.3001 9.95 14.47
111372 -61.8752 9.95 14.47
102036 -64.6158 9.95 14.47
110217 -57.882 9.95 14.47
104720 -58.9138 9.95 14.47
110212 -69.8965 9.95 14.47
87536 -71.3533 9.95 14.47
111577 -58.4866 9.95 14.47
111770 -59.2973 9.95 14.47
106018 -61.4772 9.95 14.47
104284 -54.3797 9.95 14.47
112070 -57.4761 9.95 14.47
107500 -59.0293 9.95 14.47
108771 -61.9459 9.95 14.47
116441 -56.5144 9.95 14.47
111532 -56.0097 9.95 14.47
104769 -56.9541 9.95 14.47
108894 -59.1834 9.95 14.47
111794 -58.3284 9.95 14.47
105553 -56.6085 9.95 14.47
103358 -59.8784 9.95 14.47
107544 -62.5633 9.95 14.47
115560 -62.1459 9.95 14.47
111455 -53.5684 9.95 14.47
111872 -58.1745 9.95 14.47
99124 -55.0311 4.02 14.91
98287 -52.9537 4.02 14.91
105273 -54.7817 4.02 14.91
99881 -54.1416 4.02 14.91
102111 -52.7737 4.02 14.91
98432 -50.2958 4.02 14.91
101966 -61.407 4.02 14.91
100979 -64.1587 4.02 14.91
94679 -56.6149 4.02 14.91
110805 -55.8645 4.02 14.91
97650 -56.0467 4.02 14.91
102758 -50.4755 4.02 14.91
106083 -56.0161 4.02 14.91
101217 -52.9069 4.02 14.91
99102 -51.2938 4.02 14.91
93586 -56.9765 4.02 14.91
99462 -53.0979 4.02 14.91
95555 -56.683 4.02 14.91
97382 -54.1555 4.02 14.91
104604 -64.6297 4.02 14.91
99099 -50.5785 4.02 14.91
105341 -53.6816 4.02 14.91
97542 -52.0305 4.02 14.91
101697 -52.6143 4.02 14.91
100328 -56.8919 4.02 14.91
92964 -66.8841 4.02 14.91
100416 -64.8739 4.02 14.91
107374 -55.9159 4.02 14.91
98323 -56.798 4.02 14.91
104921 -53.1224 4.02 14.91
95521 -57.3511 4.02 14.91
95834 -57.9578 4.02 14.91
100238 -54.2729 4.02 14.91
104178 -56.0723 4.02 14.91
105332 -55.3711 4.02 14.91
95633 -55.6984 4.02 14.91
102931 -51.7423 4.02 14.91
98526 -50.8951 4.02 14.91
99062 -64.6991 4.02 14.91
59460 -44.0848 -6.11 1.82
52183 -45.0238 -6.11 1.82
53739 -54.0046 -6.11 1.82
64231 -49.9501 -6.11 1.82
59656 -49.9019 -6.11 1.82
58712 -45.7669 -6.11 1.82
55449 -47.7836 -6.11 1.82
56419 -47.0929 -6.11 1.82
56702 -47.4254 -6.11 1.82
54154 -48.4029 -6.11 1.82
54353 -51.9409 -6.11 1.82
63573 -51.4368 -6.11 1.82
58417 -44.3048 -6.11 1.82
54049 -50.1291 -6.11 1.82
55177 -46.9442 -6.11 1.82
57461 -52.7892 -6.11 1.82
55115 -47.6836 -6.11 1.82
57606 -46.0161 -6.11 1.82
53993 -53.0061 -6.11 1.82
60056 -49.3479 -6.11 1.82
59856 -47.1819 -6.11 1.82
55189 -47.88 -6.11 1.82
53435 -49.2935 -6.11 1.82
55263 -48.9641 -6.11 1.82
57065 -54.7992 -6.11 1.82
63947 -44.5652 -6.11 1.82
61831 -52.673 -6.11 1.82
53051 -50.2422 -6.11 1.82
57998 -52.223 -6.11 1.82
58504 -51.903 -6.11 1.82
57931 -44.0093 -6.11 1.82
60244 -48.5003 -6.11 1.82
57265 -41.5294 -6.11 1.82
54690 -46.296 -6.11 1.82
56248 -45.3211 -6.11 1.82
59201 -57.6558 -6.11 1.82
61260 -51.5509 -6.11 1.82
57723 -53.7399 -6.11 1.82
55114 -47.3237 -6.11 1.82
181927 -61.7539 -7.24 25.87
173879 -58.3718 -7.24 25.87
179901 -63.3978 -7.24 25.87
172275 -51.9889 -7.24 25.87
175763 -64.2936 -7.24 25.87
177573 -65.8258 -7.24 25.87
174828 -63.4179 -7.24 25.87
177515 -60.0556 -7.24 25.87
176265 -62.0915 -7.24 25.87
172606 -63.2164 -7.24 25.87
165691 -62.2181 -7.24 25.87
168618 -60.0728 -7.24 25.87
186676 -72.3053 -7.24 25.87
172335 -65.7755 -7.24 25.87
174878 -58.5425 -7.24 25.87
129440 -75.9201 -7.24 25.87
164874 -69.7877 -7.24 25.87
174137 -59.7709 -7.24 25.87
175306 -64.7999 -7.24 25.87
173223 -62.7512 -7.24 25.87
176001 -60.5937 -7.24 25.87
170168 -61.3519 -7.24 25.87
176960 -59.7161 -7.24 25.87
169796 -60.5835 -7.24 25.87
173051 -62.0524 -7.24 25.87
181969 -64.918 -7.24 25.87
179372 -65.3904 -7.24 25.87
176180 -61.6086 -7.24 25.87
173536 -59.2618 -7.24 25.87
182056 -68.9067 -7.24 25.87
172732 -63.5298 -7.24 25.87
172015 -62.3217 -7.24 25.87
171988 -61.6593 -7.24 25.87
169055 -57.822 -7.24 25.87
174479 -57.665 -7.24 25.87
180635 -60.0003 -7.24 25.87
173206 -62.8329 -7.24 25.87
177847 -61.6174 -7.24 25.87
177016 -54.0591 -7.24 25.87
202180 -60.28 -29.37 12.26
213006 -61.0464 -29.37 12.26
205198 -65.2098 -29.37 12.26
201936 -57.5627 -29.37 12.26
204676 -63.6836 -29.37 12.26
206714 -61.215 -29.37 12.26
207024 -64.2256 -29.37 12.26
211284 -62.6276 -29.37 12.26
208353 -63.0351 -29.37 12.26
197463 -60.102 -29.37 12.26
203554 -59.9314 -29.37 12.26
205635 -59.2562 -29.37 12.26
211135 -58.1918 -29.37 12.26
211622 -58.2955 -29.37 12.26
206058 -61.2414 -29.37 12.26
197908 -66.6253 -29.37 12.26
204043 -56.7332 -29.37 12.26
203140 -60.8381 -29.37 12.26
193966 -65.3324 -29.37 12.26
202733 -61.1324 -29.37 12.26
206710 -70.6371 -29.37 12.26
203332 -62.3537 -29.37 12.26
213116 -62.9748 -29.37 12.26
211388 -66.0129 -29.37 12.26
192463 -66.8081 -29.37 12.26
211229 -61.0566 -29.37 12.26
206853 -76.2308 -29.37 12.26
199727 -60.8389 -29.37 12.26
210810 -59.6691 -29.37 12.26
207517 -69.2434 -29.37 12.26
203234 -63.7537 -29.37 12.26
196026 -65.7753 -29.37 12.26
205981 -63.8641 -29.37 12.26
201935 -68.7236 -29.37 12.26
198014 -65.2458 -29.37 12.26
215287 -67.8123 -29.37 12.26
206980 -59.1515 -29.37 12.26
202456 -65.5686 -29.37 12.26
207952 -61.3855 -29.37 12.26
207918 -66.8049 -19.78 23.69
214643 -59.2566 -19.78 23.69
212559 -58.049 -19.78 23.69
215913 -65.7674 -19.78 23.69
213220 -65.632 -19.78 23.69
212331 -60.7517 -19.78 23.69
203673 -61.91 -19.78 23.69
211607 -59.5935 -19.78 23.69
211491 -75.552 -19.78 23.69
207601 -59.8981 -19.78 23.69
206250 -64.1493 -19.78 23.69
211648 -58.8601 -19.78 23.69
208593 -66.0902 -19.78 23.69
205973 -66.9077 -19.78 23.69
201952 -58.8394 -19.78 23.69
209819 -62.8982 -19.78 23.69
199174 -65.5818 -19.78 23.69
206176 -60.9875 -19.78 23.69
192606 -67.4823 -19.78 23.69
207405 -60.7429 -19.78 23.69
195166 -72.1152 -19.78 23.69
202898 -66.7427 -19.78 23.69
203937 -65.1944 -19.78 23.69
209327 -68.1917 -19.78 23.69
210700 -67.8043 -19.78 23.69
217730 -64.799 -19.78 23.69
203617 -62.7299 -19.78 23.69
203432 -63.2528 -19.78 23.69
209958 -57.0551 -19.78 23.69
202363 -58.5186 -19.78 23.69
205496 -64.875 -19.78 23.69
214170 -65.8824 -19.78 23.69
222504 -68.6361 -19.78 23.69
155716 -78.8469 -19.78 23.69
212422 -58.0284 -19.78 23.69
213205 -59.7645 -19.78 23.69
214563 -65.937 -19.78 23.69
216968 -63.8443 -19.78 23.69
205863 -58.5335 -19.78 23.69
209649 -66.6833 -22.6 21.78
200038 -58.862 -22.6 21.78
209083 -65.7577 -22.6 21.78
207322 -65.6698 -22.6 21.78
209567 -59.5372 -22.6 21.78
208160 -61.9159 -22.6 21.78
201952 -58.7581 -22.6 21.78
204344 -54.9577 -22.6 21.78
211845 -58.8352 -22.6 21.78
217114 -59.7177 -22.6 21.78
206577 -59.7187 -22.6 21.78
218216 -70.7853 -22.6 21.78
201565 -61.6678 -22.6 21.78
206191 -60.5507 -22.6 21.78
203485 -61.4671 -22.6 21.78
207071 -57.8928 -22.6 21.78
212569 -61.4631 -22.6 21.78
209870 -62.4158 -22.6 21.78
209516 -64.4583 -22.6 21.78
205007 -56.2579 -22.6 21.78
201487 -65.9547 -22.6 21.78
198456 -63.413 -22.6 21.78
217530 -66.8548 -22.6 21.78
216314 -58.9221 -22.6 21.78
221468 -64.8973 -22.6 21.78
215919 -60.5956 -22.6 21.78
207635 -61.539 -22.6 21.78
216417 -61.6069 -22.6 21.78
206881 -64.0452 -22.6 21.78
214260 -65.2853 -22.6 21.78
170893 -72.2253 -22.6 21.78
207355 -59.8107 -22.6 21.78
208936 -61.2169 -22.6 21.78
200485 -69.2932 -22.6 21.78
211308 -57.7721 -22.6 21.78
205876 -58.1586 -22.6 21.78
203132 -67.0675 -22.6 21.78
194481 -67.7549 -22.6 21.78
204598 -61.8543 -22.6 21.78
