#rtt sig_str x y
197463 -62.086 19.47 21.75
193059 -63.1366 19.47 21.75
201148 -57.6691 19.47 21.75
197932 -57.1842 19.47 21.75
196312 -61.344 19.47 21.75
193224 -58.3497 19.47 21.75
199545 -62.0397 19.47 21.75
194759 -61.3886 19.47 21.75
198204 -63.5023 19.47 21.75
204042 -63.4523 19.47 21.75
203421 -61.5667 19.47 21.75
200443 -59.7247 19.47 21.75
203973 -60.8927 19.47 21.75
196969 -63.7747 19.47 21.75
194297 -68.8544 19.47 21.75
189270 -62.027 19.47 21.75
200877 -66.2871 19.47 21.75
193202 -65.7878 19.47 21.75
197780 -59.3189 19.47 21.75
198345 -58.3436 19.47 21.75
205060 -60.5868 19.47 21.75
170002 -76.4292 19.47 21.75
200536 -64.7223 19.47 21.75
196383 -68.9829 19.47 21.75
197966 -63.5076 19.47 21.75
197112 -62.8606 19.47 21.75
202375 -59.958 19.47 21.75
195598 -59.8039 19.47 21.75
200708 -57.1993 19.47 21.75
198065 -54.3871 19.47 21.75
204081 -62.7523 19.47 21.75
188594 -60.3247 19.47 21.75
202765 -74.5155 19.47 21.75
198793 -61.1902 19.47 21.75
197464 -56.8088 19.47 21.75
130860 -80.1368 19.47 21.75
193458 -60.9033 19.47 21.75
198704 -59.3547 19.47 21.75
193956 -64.8095 19.47 21.75
209696 -60.4276 -19.12 -25.85
212211 -58.7343 -19.12 -25.85
205320 -62.8082 -19.12 -25.85
203483 -60.8134 -19.12 -25.85
214759 -56.3838 -19.12 -25.85
208141 -61.0119 -19.12 -25.85
213926 -61.5749 -19.12 -25.85
219813 -68.6254 -19.12 -25.85
211202 -64.2215 -19.12 -25.85
206649 -61.59 -19.12 -25.85
204506 -60.8592 -19.12 -25.85
208293 -64.1468 -19.12 -25.85
206749 -69.6616 -19.12 -25.85
212767 -63.7726 -19.12 -25.85
214395 -63.0167 -19.12 -25.85
208236 -60.1481 -19.12 -25.85
202347 -61.4057 -19.12 -25.85
211242 -62.5626 -19.12 -25.85
210907 -58.7472 -19.12 -25.85
210382 -61.5638 -19.12 -25.85
206391 -58.066 -19.12 -25.85
215060 -66.9762 -19.12 -25.85
215862 -63.3638 -19.12 -25.85
200402 -61.4225 -19.12 -25.85
203269 -62.2181 -19.12 -25.85
214202 -63.6962 -19.12 -25.85
209442 -57.7779 -19.12 -25.85
217259 -64.6106 -19.12 -25.85
217063 -58.6556 -19.12 -25.85
212135 -61.4971 -19.12 -25.85
207438 -61.0683 -19.12 -25.85
215435 -62.4385 -19.12 -25.85
213715 -59.8127 -19.12 -25.85
203125 -66.8226 -19.12 -25.85
213561 -61.2939 -19.12 -25.85
207198 -65.0322 -19.12 -25.85
209719 -64.2375 -19.12 -25.85
213480 -61.8071 -19.12 -25.85
217507 -60.5515 -19.12 -25.85
153700 -61.7391 22.64 2.54
152354 -55.1236 22.64 2.54
151674 -55.0284 22.64 2.54
154493 -73.9613 22.64 2.54
122572 -79.3955 22.64 2.54
143394 -57.9671 22.64 2.54
142264 -64.0444 22.64 2.54
148789 -59.6824 22.64 2.54
141303 -65.4604 22.64 2.54
146591 -57.5954 22.64 2.54
142257 -61.1331 22.64 2.54
150374 -57.7788 22.64 2.54
148763 -57.2562 22.64 2.54
148438 -59.9648 22.64 2.54
152601 -64.8984 22.64 2.54
150926 -65.3222 22.64 2.54
147159 -63.5043 22.64 2.54
150229 -57.3962 22.64 2.54
146750 -63.8444 22.64 2.54
153886 -52.3854 22.64 2.54
153522 -60.3803 22.64 2.54
151884 -62.4272 22.64 2.54
151807 -55.6819 22.64 2.54
145430 -61.9353 22.64 2.54
143998 -59.9483 22.64 2.54
151124 -69.0447 22.64 2.54
150815 -54.2779 22.64 2.54
151474 -56.2501 22.64 2.54
152196 -63.2077 22.64 2.54
152393 -61.3261 22.64 2.54
149583 -53.6041 22.64 2.54
152884 -67.377 22.64 2.54
158738 -64.1592 22.64 2.54
144736 -63.2553 22.64 2.54
146525 -58.3262 22.64 2.54
154796 -61.0717 22.64 2.54
148649 -58.6233 22.64 2.54
139189 -58.5715 22.64 2.54
153517 -66.4736 22.64 2.54
184748 -60.2865 27.9 3.26
180371 -64.1199 27.9 3.26
189130 -62.9357 27.9 3.26
183723 -62.8346 27.9 3.26
183309 -57.8509 27.9 3.26
185727 -63.8313 27.9 3.26
187249 -61.3985 27.9 3.26
182811 -64.2023 27.9 3.26
187517 -60.9775 27.9 3.26
185345 -61.7513 27.9 3.26
184667 -58.6185 27.9 3.26
176725 -60.7021 27.9 3.26
182498 -62.3906 27.9 3.26
181491 -65.5032 27.9 3.26
185415 -59.1761 27.9 3.26
185180 -65.7513 27.9 3.26
174920 -68.4918 27.9 3.26
178618 -61.7581 27.9 3.26
184801 -62.7899 27.9 3.26
148705 -73.7725 27.9 3.26
152415 -75.2294 27.9 3.26
185320 -62.3627 27.9 3.26
186921 -63.1734 27.9 3.26
177165 -65.3532 27.9 3.26
183180 -58.2557 27.9 3.26
186760 -61.3522 27.9 3.26
180269 -62.9054 27.9 3.26
177229 -65.8219 27.9 3.26
179657 -60.3905 27.9 3.26
185387 -59.8858 27.9 3.26
178470 -60.8301 27.9 3.26
176858 -63.0595 27.9 3.26
178176 -62.2045 27.9 3.26
175691 -60.4846 27.9 3.26
179643 -63.7545 27.9 3.26
183151 -66.4394 27.9 3.26
173680 -66.0219 27.9 3.26
188343 -57.4445 27.9 3.26
186285 -62.0506 27.9 3.26
219377 -61.4709 -29.79 -15.76
215690 -59.3936 -29.79 -15.76
217369 -61.2216 -29.79 -15.76
211556 -60.5815 -29.79 -15.76
212234 -59.2136 -29.79 -15.76
208345 -56.7357 -29.79 -15.76
217788 -67.8468 -29.79 -15.76
225575 -70.5986 -29.79 -15.76
218569 -63.0547 -29.79 -15.76
225012 -62.3043 -29.79 -15.76
222000 -62.4865 -29.79 -15.76
227433 -56.9153 -29.79 -15.76
219731 -62.4559 -29.79 -15.76
221828 -59.3467 -29.79 -15.76
217853 -57.7336 -29.79 -15.76
226525 -63.4164 -29.79 -15.76
222611 -59.5378 -29.79 -15.76
216444 -63.1228 -29.79 -15.76
218636 -60.5954 -29.79 -15.76
225156 -71.0695 -29.79 -15.76
220898 -57.0184 -29.79 -15.76
221579 -60.1214 -29.79 -15.76
214935 -58.4703 -29.79 -15.76
214336 -59.0541 -29.79 -15.76
212702 -63.3318 -29.79 -15.76
214127 -73.3239 -29.79 -15.76
213565 -71.3137 -29.79 -15.76
216819 -62.3557 -29.79 -15.76
218624 -63.2378 -29.79 -15.76
217013 -59.5622 -29.79 -15.76
218160 -63.791 -29.79 -15.76
215529 -64.3977 -29.79 -15.76
222763 -60.7127 -29.79 -15.76
224963 -62.5121 -29.79 -15.76
219906 -61.811 -29.79 -15.76
216046 -62.1382 -29.79 -15.76
214528 -58.1821 -29.79 -15.76
220030 -57.335 -29.79 -15.76
171864 -71.139 -29.79 -15.76
180921 -56.2236 25.42 11.15
184228 -57.1626 25.42 11.15
185961 -66.1434 25.42 11.15
189448 -62.0889 25.42 11.15
189726 -62.0407 25.42 11.15
189923 -57.9057 25.42 11.15
188152 -59.9225 25.42 11.15
190133 -59.2317 25.42 11.15
179906 -59.5642 25.42 11.15
186330 -60.5417 25.42 11.15
184924 -64.0797 25.42 11.15
184860 -63.5757 25.42 11.15
182183 -56.4437 25.42 11.15
187776 -62.268 25.42 11.15
184653 -59.0831 25.42 11.15
187555 -64.928 25.42 11.15
177638 -59.8224 25.42 11.15
187837 -58.1549 25.42 11.15
182108 -65.1449 25.42 11.15
188893 -61.4868 25.42 11.15
188293 -59.3207 25.42 11.15
184823 -60.0188 25.42 11.15
187600 -61.4323 25.42 11.15
187860 -61.1029 25.42 11.15
182929 -66.938 25.42 11.15
187623 -56.704 25.42 11.15
183284 -64.8118 25.42 11.15
186593 -62.381 25.42 11.15
190046 -64.3618 25.42 11.15
187590 -64.0418 25.42 11.15
185069 -56.1482 25.42 11.15
187500 -60.6391 25.42 11.15
184675 -53.6682 25.42 11.15
188795 -58.4348 25.42 11.15
181688 -57.4599 25.42 11.15
176031 -69.7946 25.42 11.15
193937 -63.6897 25.42 11.15
187199 -65.8787 25.42 11.15
190341 -59.4625 25.42 11.15
176652 -61.9154 7.77 26.27
175134 -58.5333 7.77 26.27
176282 -63.5593 7.77 26.27
183883 -52.1504 7.77 26.27
173503 -64.4551 7.77 26.27
177747 -65.9873 7.77 26.27
181197 -63.5794 7.77 26.27
173384 -60.2171 7.77 26.27
171690 -62.253 7.77 26.27
172500 -63.3779 7.77 26.27
181935 -62.3796 7.77 26.27
177585 -60.2344 7.77 26.27
134775 -72.4668 7.77 26.27
174668 -65.937 7.77 26.27
175862 -58.704 7.77 26.27
169031 -76.0816 7.77 26.27
130582 -69.9492 7.77 26.27
179499 -59.9324 7.77 26.27
167591 -64.9614 7.77 26.27
181969 -62.9127 7.77 26.27
174158 -60.7552 7.77 26.27
180885 -61.5134 7.77 26.27
178387 -59.8776 7.77 26.27
181407 -60.745 7.77 26.27
171185 -62.2139 7.77 26.27
176202 -65.0795 7.77 26.27
158527 -65.5519 7.77 26.27
180966 -61.7701 7.77 26.27
176126 -59.4233 7.77 26.27
189696 -69.0682 7.77 26.27
172638 -63.6913 7.77 26.27
173246 -62.4833 7.77 26.27
184052 -61.8208 7.77 26.27
175952 -57.9835 7.77 26.27
181590 -57.8265 7.77 26.27
177018 -60.1618 7.77 26.27
175791 -62.9945 7.77 26.27
183099 -61.7789 7.77 26.27
175405 -54.2206 7.77 26.27
80491 -52.1597 -11.74 -1.92
72920 -52.926 -11.74 -1.92
78227 -57.0895 -11.74 -1.92
72118 -49.4424 -11.74 -1.92
76398 -55.5633 -11.74 -1.92
75471 -53.0947 -11.74 -1.92
74551 -56.1053 -11.74 -1.92
77060 -54.5073 -11.74 -1.92
79709 -54.9148 -11.74 -1.92
80415 -51.9817 -11.74 -1.92
72118 -51.8111 -11.74 -1.92
68924 -51.1359 -11.74 -1.92
69243 -50.0715 -11.74 -1.92
81564 -50.1752 -11.74 -1.92
77215 -53.1211 -11.74 -1.92
71075 -58.505 -11.74 -1.92
79501 -48.6129 -11.74 -1.92
74689 -52.7178 -11.74 -1.92
74823 -57.2121 -11.74 -1.92
80681 -53.0121 -11.74 -1.92
73277 -62.5168 -11.74 -1.92
81564 -54.2334 -11.74 -1.92
76545 -54.8545 -11.74 -1.92
78873 -57.8926 -11.74 -1.92
70774 -58.6878 -11.74 -1.92
73014 -52.9363 -11.74 -1.92
83259 -68.1105 -11.74 -1.92
75269 -52.7186 -11.74 -1.92
75779 -51.5488 -11.74 -1.92
79283 -61.1231 -11.74 -1.92
74095 -55.6334 -11.74 -1.92
70478 -57.655 -11.74 -1.92
78224 -55.7438 -11.74 -1.92
77760 -60.6033 -11.74 -1.92
75252 -57.1255 -11.74 -1.92
75207 -59.692 -11.74 -1.92
78496 -51.0312 -11.74 -1.92
80420 -57.4482 -11.74 -1.92
79767 -53.2652 -11.74 -1.92
183262 -65.9125 -9.55 26
191483 -58.3642 -9.55 26
187723 -57.1566 -9.55 26
184986 -64.875 -9.55 26
185736 -64.7396 -9.55 26
186902 -59.8593 -9.55 26
190192 -61.0176 -9.55 26
190331 -58.7011 -9.55 26
186013 -74.6595 -9.55 26
182128 -59.0057 -9.55 26
186862 -63.2569 -9.55 26
191465 -57.9677 -9.55 26
186958 -65.1977 -9.55 26
182442 -66.0153 -9.55 26
187856 -57.947 -9.55 26
189282 -62.0058 -9.55 26
190614 -64.6894 -9.55 26
184796 -60.0951 -9.55 26
189765 -66.5899 -9.55 26
182598 -59.8504 -9.55 26
198699 -71.2228 -9.55 26
195166 -65.8503 -9.55 26
189639 -64.302 -9.55 26
187251 -67.2993 -9.55 26
192427 -66.9119 -9.55 26
189324 -63.9066 -9.55 26
181474 -61.8375 -9.55 26
183693 -62.3604 -9.55 26
188476 -56.1627 -9.55 26
192430 -57.6262 -9.55 26
187867 -63.9826 -9.55 26
174345 -64.9899 -9.55 26
183878 -67.7437 -9.55 26
177352 -77.9544 -9.55 26
188493 -57.136 -9.55 26
182662 -58.8721 -9.55 26
181772 -65.0446 -9.55 26
187761 -62.9519 -9.55 26
188751 -57.6411 -9.55 26
184734 -65.7101 -21.56 -17.7
184236 -57.8887 -21.56 -17.7
181269 -64.7845 -21.56 -17.7
186647 -64.6966 -21.56 -17.7
186257 -58.564 -21.56 -17.7
187127 -60.9427 -21.56 -17.7
127923 -81.6511 -21.56 -17.7
183365 -65.8482 -21.56 -17.7
184160 -61.0324 -21.56 -17.7
183911 -66.5047 -21.56 -17.7
185304 -58.5978 -21.56 -17.7
180341 -60.7674 -21.56 -17.7
189163 -60.6484 -21.56 -17.7
192394 -55.6718 -21.56 -17.7
180286 -59.9896 -21.56 -17.7
175141 -62.5266 -21.56 -17.7
184644 -61.454 -21.56 -17.7
174007 -62.7968 -21.56 -17.7
181002 -70.0098 -21.56 -17.7
181545 -61.1884 -21.56 -17.7
185751 -60.0741 -21.56 -17.7
184967 -69.5333 -21.56 -17.7
182867 -59.3556 -21.56 -17.7
181055 -56.2951 -21.56 -17.7
181847 -64.3128 -21.56 -17.7
181190 -62.3812 -21.56 -17.7
183542 -55.3886 -21.56 -17.7
180106 -56.8046 -21.56 -17.7
184963 -55.9042 -21.56 -17.7
188834 -58.0838 -21.56 -17.7
188591 -61.9737 -21.56 -17.7
181130 -63.7612 -21.56 -17.7
182738 -56.1133 -21.56 -17.7
177191 -63.2775 -21.56 -17.7
174497 -63.0311 -21.56 -17.7
179617 -58.6703 -21.56 -17.7
182800 -61.833 -21.56 -17.7
179369 -58.5546 -21.56 -17.7
175910 -64.9478 -21.56 -17.7
