#rtt sig_str x y
179279 -61.6998 -16.88 22.16
180313 -62.7505 -16.88 22.16
185993 -57.2829 -16.88 22.16
193336 -56.798 -16.88 22.16
180445 -60.9579 -16.88 22.16
189103 -57.9635 -16.88 22.16
178146 -61.6535 -16.88 22.16
182787 -61.0024 -16.88 22.16
193172 -63.1161 -16.88 22.16
179430 -63.0661 -16.88 22.16
191577 -61.1805 -16.88 22.16
179204 -59.3385 -16.88 22.16
184509 -60.5065 -16.88 22.16
183193 -63.3885 -16.88 22.16
172028 -68.4682 -16.88 22.16
181796 -61.6408 -16.88 22.16
183643 -65.9009 -16.88 22.16
183423 -65.4016 -16.88 22.16
178009 -58.9327 -16.88 22.16
185237 -57.9574 -16.88 22.16
186197 -60.2006 -16.88 22.16
164149 -76.043 -16.88 22.16
180360 -64.3361 -16.88 22.16
186616 -68.5967 -16.88 22.16
184429 -63.1214 -16.88 22.16
181578 -62.4745 -16.88 22.16
181776 -59.5718 -16.88 22.16
184576 -59.4177 -16.88 22.16
185297 -56.8131 -16.88 22.16
186952 -54.0009 -16.88 22.16
177827 -62.3661 -16.88 22.16
186911 -59.9385 -16.88 22.16
176494 -74.1293 -16.88 22.16
187059 -60.804 -16.88 22.16
180000 -56.4226 -16.88 22.16
56416 -79.7507 -16.88 22.16
186389 -60.5171 -16.88 22.16
185626 -58.9685 -16.88 22.16
189768 -64.4233 -16.88 22.16
190711 -59.802 -28.12 9.88
194895 -58.1088 -28.12 9.88
195488 -62.1826 -28.12 9.88
194242 -60.1879 -28.12 9.88
194647 -55.7582 -28.12 9.88
199668 -60.3863 -28.12 9.88
191651 -60.9493 -28.12 9.88
210859 -67.9998 -28.12 9.88
201761 -63.5959 -28.12 9.88
199262 -60.9644 -28.12 9.88
197527 -60.2336 -28.12 9.88
195550 -63.5212 -28.12 9.88
200825 -69.036 -28.12 9.88
196800 -63.147 -28.12 9.88
192754 -62.3911 -28.12 9.88
186087 -59.5225 -28.12 9.88
194483 -60.7801 -28.12 9.88
193462 -61.937 -28.12 9.88
200513 -58.1216 -28.12 9.88
195273 -60.9382 -28.12 9.88
198991 -57.4404 -28.12 9.88
197172 -66.3506 -28.12 9.88
192733 -62.7382 -28.12 9.88
201879 -60.7969 -28.12 9.88
197940 -61.5925 -28.12 9.88
196637 -63.0706 -28.12 9.88
199598 -57.1523 -28.12 9.88
198537 -63.985 -28.12 9.88
197926 -58.03 -28.12 9.88
189444 -60.8715 -28.12 9.88
197024 -60.4427 -28.12 9.88
194123 -61.8129 -28.12 9.88
197404 -59.1871 -28.12 9.88
185891 -66.197 -28.12 9.88
198083 -60.6683 -28.12 9.88
194272 -64.4066 -28.12 9.88
195432 -63.6119 -28.12 9.88
193037 -61.1815 -28.12 9.88
193051 -59.9259 -28.12 9.88
104704 -58.171 -12.77 -7.45
101095 -51.5556 -12.77 -7.45
104895 -51.4603 -12.77 -7.45
95173 -70.3933 -12.77 -7.45
77149 -75.8275 -12.77 -7.45
102613 -54.3991 -12.77 -7.45
100643 -60.4764 -12.77 -7.45
104617 -56.1144 -12.77 -7.45
106723 -61.8923 -12.77 -7.45
107655 -54.0274 -12.77 -7.45
104044 -57.5651 -12.77 -7.45
106164 -54.2107 -12.77 -7.45
105019 -53.6881 -12.77 -7.45
106883 -56.3967 -12.77 -7.45
111883 -61.3303 -12.77 -7.45
101553 -61.7541 -12.77 -7.45
112989 -59.9362 -12.77 -7.45
100380 -53.8282 -12.77 -7.45
103069 -60.2764 -12.77 -7.45
105440 -48.8174 -12.77 -7.45
104856 -56.8123 -12.77 -7.45
103944 -58.8592 -12.77 -7.45
104468 -52.1138 -12.77 -7.45
100995 -58.3672 -12.77 -7.45
107695 -56.3803 -12.77 -7.45
106439 -65.4766 -12.77 -7.45
107448 -50.7098 -12.77 -7.45
104722 -52.6821 -12.77 -7.45
107838 -59.6397 -12.77 -7.45
108237 -57.7581 -12.77 -7.45
104017 -50.0361 -12.77 -7.45
105874 -63.8089 -12.77 -7.45
99825 -60.5911 -12.77 -7.45
102031 -59.6873 -12.77 -7.45
99789 -54.7582 -12.77 -7.45
106355 -57.5037 -12.77 -7.45
102206 -55.0553 -12.77 -7.45
102709 -55.0035 -12.77 -7.45
98596 -62.9056 -12.77 -7.45
143889 -57.5731 -19.64 -4.8
136233 -61.4065 -19.64 -4.8
145106 -60.2223 -19.64 -4.8
137768 -60.1212 -19.64 -4.8
138395 -55.1376 -19.64 -4.8
148920 -61.1179 -19.64 -4.8
142975 -58.6851 -19.64 -4.8
139242 -61.4889 -19.64 -4.8
141501 -58.2641 -19.64 -4.8
147909 -59.0379 -19.64 -4.8
140318 -55.9051 -19.64 -4.8
142342 -57.9887 -19.64 -4.8
144317 -59.6772 -19.64 -4.8
141164 -62.7899 -19.64 -4.8
147759 -56.4627 -19.64 -4.8
138721 -63.0379 -19.64 -4.8
133351 -65.7784 -19.64 -4.8
139653 -59.0447 -19.64 -4.8
139290 -60.0765 -19.64 -4.8
131951 -71.0591 -19.64 -4.8
105955 -72.516 -19.64 -4.8
145201 -59.6493 -19.64 -4.8
143759 -60.46 -19.64 -4.8
140844 -62.6398 -19.64 -4.8
149043 -55.5423 -19.64 -4.8
130370 -58.6388 -19.64 -4.8
141502 -60.192 -19.64 -4.8
136368 -63.1085 -19.64 -4.8
144796 -57.6771 -19.64 -4.8
139098 -57.1724 -19.64 -4.8
139775 -58.1167 -19.64 -4.8
137246 -60.3461 -19.64 -4.8
139231 -59.4911 -19.64 -4.8
146142 -57.7712 -19.64 -4.8
142779 -61.0411 -19.64 -4.8
141641 -63.726 -19.64 -4.8
137307 -63.3086 -19.64 -4.8
138412 -54.7311 -19.64 -4.8
144343 -59.3372 -19.64 -4.8
82164 -53.3078 -11.8 4.22
85472 -51.2305 -11.8 4.22
91979 -53.0584 -11.8 4.22
82819 -52.4184 -11.8 4.22
94156 -51.0505 -11.8 4.22
90034 -48.5726 -11.8 4.22
83348 -59.6837 -11.8 4.22
90499 -62.4354 -11.8 4.22
91862 -54.8916 -11.8 4.22
84797 -54.1412 -11.8 4.22
90232 -54.3234 -11.8 4.22
86606 -48.7522 -11.8 4.22
92129 -54.2928 -11.8 4.22
90272 -51.1836 -11.8 4.22
83294 -49.5705 -11.8 4.22
91993 -55.2533 -11.8 4.22
88945 -51.3747 -11.8 4.22
86356 -54.9597 -11.8 4.22
90851 -52.4323 -11.8 4.22
89268 -62.9064 -11.8 4.22
91677 -48.8553 -11.8 4.22
89605 -51.9583 -11.8 4.22
88035 -50.3072 -11.8 4.22
88627 -50.891 -11.8 4.22
85629 -55.1687 -11.8 4.22
88351 -65.1608 -11.8 4.22
88418 -63.1506 -11.8 4.22
92113 -54.1926 -11.8 4.22
85185 -55.0747 -11.8 4.22
85828 -51.3991 -11.8 4.22
91259 -55.6279 -11.8 4.22
84026 -56.2345 -11.8 4.22
92445 -52.5496 -11.8 4.22
85510 -54.349 -11.8 4.22
90423 -53.6478 -11.8 4.22
94964 -53.9751 -11.8 4.22
89485 -50.019 -11.8 4.22
93255 -49.1718 -11.8 4.22
90479 -62.9758 -11.8 4.22
152871 -54.2869 -20.23 8.52
152376 -55.2259 -20.23 8.52
153678 -64.2067 -20.23 8.52
150281 -60.1522 -20.23 8.52
145002 -60.104 -20.23 8.52
154392 -55.969 -20.23 8.52
155624 -57.9857 -20.23 8.52
162746 -57.295 -20.23 8.52
155101 -57.6275 -20.23 8.52
153919 -58.605 -20.23 8.52
152241 -62.143 -20.23 8.52
143879 -61.6389 -20.23 8.52
147530 -54.5069 -20.23 8.52
160062 -60.3312 -20.23 8.52
146081 -57.1463 -20.23 8.52
148026 -62.9913 -20.23 8.52
148932 -57.8856 -20.23 8.52
150431 -56.2181 -20.23 8.52
154551 -63.2081 -20.23 8.52
153216 -59.55 -20.23 8.52
159429 -57.384 -20.23 8.52
151733 -58.0821 -20.23 8.52
150644 -59.4956 -20.23 8.52
152766 -59.1662 -20.23 8.52
161262 -65.0013 -20.23 8.52
155085 -54.7672 -20.23 8.52
145547 -62.8751 -20.23 8.52
152672 -60.4443 -20.23 8.52
149556 -62.4251 -20.23 8.52
148111 -62.1051 -20.23 8.52
151283 -54.2114 -20.23 8.52
148156 -58.7023 -20.23 8.52
150307 -51.7315 -20.23 8.52
155392 -56.4981 -20.23 8.52
152538 -55.5232 -20.23 8.52
151553 -67.8579 -20.23 8.52
147424 -61.753 -20.23 8.52
147568 -63.942 -20.23 8.52
157577 -57.5258 -20.23 8.52
169991 -61.4486 11.96 -22.96
166464 -58.0666 11.96 -22.96
167478 -63.0925 11.96 -22.96
165237 -51.6836 11.96 -22.96
163273 -63.9883 11.96 -22.96
173364 -65.5205 11.96 -22.96
166214 -63.1126 11.96 -22.96
168545 -59.7503 11.96 -22.96
163084 -61.7862 11.96 -22.96
175864 -62.9111 11.96 -22.96
164521 -61.9128 11.96 -22.96
164677 -59.7676 11.96 -22.96
158471 -72 11.96 -22.96
169830 -65.4702 11.96 -22.96
169566 -58.2372 11.96 -22.96
173242 -75.6148 11.96 -22.96
173009 -69.4824 11.96 -22.96
167285 -59.4656 11.96 -22.96
164064 -64.4946 11.96 -22.96
170643 -62.4459 11.96 -22.96
170110 -60.2884 11.96 -22.96
163505 -61.0466 11.96 -22.96
163362 -59.4108 11.96 -22.96
169498 -60.2782 11.96 -22.96
157902 -61.7471 11.96 -22.96
168464 -64.6127 11.96 -22.96
169264 -65.0851 11.96 -22.96
158154 -61.3033 11.96 -22.96
167009 -58.9565 11.96 -22.96
156171 -68.6015 11.96 -22.96
170107 -63.2245 11.96 -22.96
170853 -62.0165 11.96 -22.96
164529 -61.354 11.96 -22.96
164180 -57.5168 11.96 -22.96
173223 -57.3597 11.96 -22.96
166871 -59.695 11.96 -22.96
160271 -62.5277 11.96 -22.96
160834 -61.3121 11.96 -22.96
168222 -53.7538 11.96 -22.96
215163 -60.2574 16.29 27.24
211481 -61.0238 16.29 27.24
217097 -65.1873 16.29 27.24
213443 -57.5401 16.29 27.24
216019 -63.6611 16.29 27.24
210588 -61.1924 16.29 27.24
210823 -64.2031 16.29 27.24
211438 -62.605 16.29 27.24
210739 -63.0125 16.29 27.24
209961 -60.0795 16.29 27.24
210854 -59.9088 16.29 27.24
211840 -59.2337 16.29 27.24
210601 -58.1693 16.29 27.24
208018 -58.273 16.29 27.24
205652 -61.2189 16.29 27.24
212535 -66.6027 16.29 27.24
208903 -56.7107 16.29 27.24
214904 -60.8155 16.29 27.24
193107 -65.3099 16.29 27.24
213088 -61.1098 16.29 27.24
219072 -70.6145 16.29 27.24
211471 -62.3311 16.29 27.24
211372 -62.9522 16.29 27.24
215795 -65.9903 16.29 27.24
214919 -66.7855 16.29 27.24
206095 -61.034 16.29 27.24
211350 -76.2082 16.29 27.24
210474 -60.8163 16.29 27.24
210533 -59.6465 16.29 27.24
208867 -69.2208 16.29 27.24
216396 -63.7311 16.29 27.24
207626 -65.7528 16.29 27.24
207448 -63.8415 16.29 27.24
215064 -68.701 16.29 27.24
214269 -65.2232 16.29 27.24
207845 -67.7898 16.29 27.24
209609 -59.129 16.29 27.24
206731 -65.546 16.29 27.24
211001 -61.363 16.29 27.24
16655 -46.6844 0.87 -2.55
11128 -39.1361 0.87 -2.55
11450 -37.9285 0.87 -2.55
19071 -45.6469 0.87 -2.55
15285 -45.5115 0.87 -2.55
18443 -40.6312 0.87 -2.55
17314 -41.7895 0.87 -2.55
15324 -39.473 0.87 -2.55
16428 -55.4315 0.87 -2.55
21997 -39.7776 0.87 -2.55
14069 -44.0288 0.87 -2.55
7583 -38.7396 0.87 -2.55
12141 -45.9697 0.87 -2.55
11472 -46.7872 0.87 -2.55
14756 -38.7189 0.87 -2.55
16678 -42.7777 0.87 -2.55
9851 -45.4613 0.87 -2.55
19235 -40.867 0.87 -2.55
14373 -47.3618 0.87 -2.55
17476 -40.6224 0.87 -2.55
12825 -51.9947 0.87 -2.55
17034 -46.6222 0.87 -2.55
16643 -45.0739 0.87 -2.55
22637 -48.0712 0.87 -2.55
10566 -47.6838 0.87 -2.55
19605 -44.6785 0.87 -2.55
17409 -42.6094 0.87 -2.55
19915 -43.1323 0.87 -2.55
16937 -36.9346 0.87 -2.55
14549 -38.3981 0.87 -2.55
21269 -44.7545 0.87 -2.55
12022 -45.7619 0.87 -2.55
19298 -48.5156 0.87 -2.55
17525 -58.7263 0.87 -2.55
15522 -37.9079 0.87 -2.55
10911 -39.644 0.87 -2.55
19146 -45.8165 0.87 -2.55
20766 -43.7238 0.87 -2.55
6068 -38.413 0.87 -2.55
155043 -63.9966 -15.85 16.2
149645 -56.1752 -15.85 16.2
149512 -63.071 -15.85 16.2
145437 -62.9831 -15.85 16.2
152369 -56.8505 -15.85 16.2
149719 -59.2291 -15.85 16.2
96091 -79.9376 -15.85 16.2
146999 -64.1347 -15.85 16.2
153247 -59.3189 -15.85 16.2
152597 -64.7912 -15.85 16.2
150800 -56.8842 -15.85 16.2
150898 -59.0539 -15.85 16.2
150549 -58.9348 -15.85 16.2
155357 -53.9582 -15.85 16.2
149012 -58.2761 -15.85 16.2
149730 -60.813 -15.85 16.2
154616 -59.7405 -15.85 16.2
149720 -61.0833 -15.85 16.2
146687 -68.2963 -15.85 16.2
152170 -59.4749 -15.85 16.2
154748 -58.3606 -15.85 16.2
144474 -67.8198 -15.85 16.2
149092 -57.6421 -15.85 16.2
152681 -54.5816 -15.85 16.2
152813 -62.5993 -15.85 16.2
152539 -60.6677 -15.85 16.2
155409 -53.6751 -15.85 16.2
145899 -55.091 -15.85 16.2
150396 -54.1906 -15.85 16.2
151659 -56.3702 -15.85 16.2
144826 -60.2602 -15.85 16.2
147243 -62.0477 -15.85 16.2
153473 -54.3998 -15.85 16.2
151045 -61.564 -15.85 16.2
150297 -61.3176 -15.85 16.2
150385 -56.9567 -15.85 16.2
149913 -60.1195 -15.85 16.2
146222 -56.8411 -15.85 16.2
147354 -63.2343 -15.85 16.2
