#rtt sig_str x y
81267 -55.7731 -12.23 -5.91
81183 -56.8238 -12.23 -5.91
82564 -51.3562 -12.23 -5.91
77718 -50.8713 -12.23 -5.91
86680 -55.0312 -12.23 -5.91
77029 -52.0368 -12.23 -5.91
75082 -55.7268 -12.23 -5.91
82972 -55.0757 -12.23 -5.91
84149 -57.1894 -12.23 -5.91
86435 -57.1394 -12.23 -5.91
81268 -55.2539 -12.23 -5.91
83740 -53.4118 -12.23 -5.91
89322 -54.5798 -12.23 -5.91
84243 -57.4618 -12.23 -5.91
90528 -62.5415 -12.23 -5.91
82149 -55.7141 -12.23 -5.91
81773 -59.9742 -12.23 -5.91
80814 -59.4749 -12.23 -5.91
79669 -53.006 -12.23 -5.91
84656 -52.0307 -12.23 -5.91
85301 -54.2739 -12.23 -5.91
83941 -70.1163 -12.23 -5.91
80137 -58.4094 -12.23 -5.91
82062 -62.67 -12.23 -5.91
81057 -57.1947 -12.23 -5.91
80611 -56.5478 -12.23 -5.91
85935 -53.6451 -12.23 -5.91
88137 -53.491 -12.23 -5.91
85584 -50.8864 -12.23 -5.91
84102 -48.0742 -12.23 -5.91
84011 -56.4394 -12.23 -5.91
86484 -54.0118 -12.23 -5.91
87688 -68.2026 -12.23 -5.91
80162 -54.8773 -12.23 -5.91
80898 -50.4959 -12.23 -5.91
78673 -73.824 -12.23 -5.91
82975 -54.5904 -12.23 -5.91
80472 -53.0418 -12.23 -5.91
81102 -58.4966 -12.23 -5.91
127143 -56.2675 18.55 5.75
132387 -54.5743 18.55 5.75
134685 -58.6481 18.55 5.75
129802 -56.6534 18.55 5.75
138047 -52.2237 18.55 5.75
132306 -56.8518 18.55 5.75
130621 -57.4148 18.55 5.75
132516 -64.4653 18.55 5.75
133371 -60.0614 18.55 5.75
125673 -57.4299 18.55 5.75
130079 -56.6991 18.55 5.75
130029 -59.9867 18.55 5.75
134544 -65.5015 18.55 5.75
137830 -59.6125 18.55 5.75
132093 -58.8566 18.55 5.75
129208 -55.988 18.55 5.75
135572 -57.2456 18.55 5.75
132752 -58.4025 18.55 5.75
133829 -54.5871 18.55 5.75
131828 -57.4037 18.55 5.75
129981 -53.9059 18.55 5.75
123401 -62.8161 18.55 5.75
127938 -59.2037 18.55 5.75
131267 -57.2624 18.55 5.75
129731 -58.058 18.55 5.75
138660 -59.5361 18.55 5.75
132073 -53.6178 18.55 5.75
134398 -60.4505 18.55 5.75
129859 -54.4955 18.55 5.75
127959 -57.337 18.55 5.75
134659 -56.9082 18.55 5.75
132543 -58.2784 18.55 5.75
133302 -55.6526 18.55 5.75
126704 -62.6626 18.55 5.75
131385 -57.1338 18.55 5.75
131721 -60.8721 18.55 5.75
135472 -60.0774 18.55 5.75
129202 -57.647 18.55 5.75
137913 -56.3914 18.55 5.75
144405 -61.5261 -8.99 -20.3
142097 -54.9107 -8.99 -20.3
146926 -54.8154 -8.99 -20.3
137494 -73.7484 -8.99 -20.3
83246 -79.1825 -8.99 -20.3
139338 -57.7542 -8.99 -20.3
135241 -63.8315 -8.99 -20.3
137801 -59.4695 -8.99 -20.3
142043 -65.2474 -8.99 -20.3
132735 -57.3824 -8.99 -20.3
140120 -60.9201 -8.99 -20.3
141591 -57.5658 -8.99 -20.3
143117 -57.0432 -8.99 -20.3
151368 -59.7518 -8.99 -20.3
136728 -64.6854 -8.99 -20.3
144965 -65.1092 -8.99 -20.3
139484 -63.2913 -8.99 -20.3
143966 -57.1833 -8.99 -20.3
142133 -63.6314 -8.99 -20.3
140335 -52.1725 -8.99 -20.3
143263 -60.1674 -8.99 -20.3
140109 -62.2142 -8.99 -20.3
138717 -55.4689 -8.99 -20.3
134657 -61.7223 -8.99 -20.3
139038 -59.7354 -8.99 -20.3
133285 -68.8317 -8.99 -20.3
147467 -54.0649 -8.99 -20.3
148571 -56.0371 -8.99 -20.3
136106 -62.9947 -8.99 -20.3
139867 -61.1132 -8.99 -20.3
140702 -53.3912 -8.99 -20.3
140707 -67.164 -8.99 -20.3
136511 -63.9462 -8.99 -20.3
139103 -63.0424 -8.99 -20.3
139235 -58.1133 -8.99 -20.3
143015 -60.8588 -8.99 -20.3
139829 -58.4104 -8.99 -20.3
136353 -58.3586 -8.99 -20.3
144177 -66.2607 -8.99 -20.3
178829 -60.1811 17.37 21.62
175331 -64.0145 17.37 21.62
178222 -62.8303 17.37 21.62
178754 -62.7292 17.37 21.62
176609 -57.7456 17.37 21.62
177018 -63.7259 17.37 21.62
180593 -61.2932 17.37 21.62
174488 -64.0969 17.37 21.62
185194 -60.8721 17.37 21.62
182515 -61.6459 17.37 21.62
184694 -58.5131 17.37 21.62
175810 -60.5967 17.37 21.62
181408 -62.2852 17.37 21.62
173732 -65.3979 17.37 21.62
183541 -59.0708 17.37 21.62
180250 -65.6459 17.37 21.62
172379 -68.3865 17.37 21.62
188890 -61.6527 17.37 21.62
187614 -62.6845 17.37 21.62
153026 -73.6672 17.37 21.62
187486 -75.124 17.37 21.62
176023 -62.2573 17.37 21.62
183619 -63.068 17.37 21.62
183633 -65.2479 17.37 21.62
174937 -58.1503 17.37 21.62
181724 -61.2468 17.37 21.62
183039 -62.8 17.37 21.62
170446 -65.7165 17.37 21.62
182252 -60.2851 17.37 21.62
181501 -59.7804 17.37 21.62
185697 -60.7248 17.37 21.62
178634 -62.9541 17.37 21.62
177751 -62.0991 17.37 21.62
182939 -60.3792 17.37 21.62
171980 -63.6491 17.37 21.62
180181 -66.334 17.37 21.62
178077 -65.9166 17.37 21.62
186270 -57.3391 17.37 21.62
180479 -61.9452 17.37 21.62
147652 -57.8511 3.68 -21.42
143690 -55.7737 3.68 -21.42
147085 -57.6017 3.68 -21.42
149258 -56.9616 3.68 -21.42
145498 -55.5937 3.68 -21.42
152629 -53.1158 3.68 -21.42
144720 -64.227 3.68 -21.42
150957 -66.9787 3.68 -21.42
148638 -59.4349 3.68 -21.42
146037 -58.6844 3.68 -21.42
148528 -58.8667 3.68 -21.42
152472 -53.2955 3.68 -21.42
149628 -58.8361 3.68 -21.42
146640 -55.7269 3.68 -21.42
145449 -54.1138 3.68 -21.42
152374 -59.7965 3.68 -21.42
148859 -55.9179 3.68 -21.42
147843 -59.503 3.68 -21.42
144299 -56.9755 3.68 -21.42
153033 -67.4497 3.68 -21.42
149628 -53.3985 3.68 -21.42
142481 -56.5015 3.68 -21.42
151547 -54.8505 3.68 -21.42
146573 -55.4343 3.68 -21.42
151623 -59.7119 3.68 -21.42
144505 -69.7041 3.68 -21.42
139238 -67.6939 3.68 -21.42
143570 -58.7359 3.68 -21.42
151220 -59.618 3.68 -21.42
155665 -55.9424 3.68 -21.42
152580 -60.1711 3.68 -21.42
155086 -60.7778 3.68 -21.42
144262 -57.0928 3.68 -21.42
153365 -58.8923 3.68 -21.42
142500 -58.1911 3.68 -21.42
146041 -58.5183 3.68 -21.42
152935 -54.5623 3.68 -21.42
153139 -53.7151 3.68 -21.42
145323 -67.5191 3.68 -21.42
130633 -53.4237 -14.79 -13.12
125928 -54.3627 -14.79 -13.12
129096 -63.3435 -14.79 -13.12
127589 -59.289 -14.79 -13.12
130351 -59.2408 -14.79 -13.12
127366 -55.1058 -14.79 -13.12
126083 -57.1225 -14.79 -13.12
130917 -56.4318 -14.79 -13.12
126983 -56.7643 -14.79 -13.12
131750 -57.7417 -14.79 -13.12
132250 -61.2798 -14.79 -13.12
125496 -60.7757 -14.79 -13.12
120416 -53.6437 -14.79 -13.12
120251 -59.468 -14.79 -13.12
127368 -56.2831 -14.79 -13.12
138155 -62.128 -14.79 -13.12
131710 -57.0224 -14.79 -13.12
129747 -55.3549 -14.79 -13.12
137766 -62.3449 -14.79 -13.12
125406 -58.6868 -14.79 -13.12
129237 -56.5208 -14.79 -13.12
128053 -57.2189 -14.79 -13.12
122109 -58.6323 -14.79 -13.12
125990 -58.303 -14.79 -13.12
127188 -64.1381 -14.79 -13.12
131142 -53.904 -14.79 -13.12
133593 -62.0119 -14.79 -13.12
134486 -59.5811 -14.79 -13.12
115073 -61.5619 -14.79 -13.12
132300 -61.2419 -14.79 -13.12
130771 -53.3482 -14.79 -13.12
125312 -57.8391 -14.79 -13.12
126497 -50.8683 -14.79 -13.12
131243 -55.6348 -14.79 -13.12
135333 -54.66 -14.79 -13.12
129927 -66.9947 -14.79 -13.12
129685 -60.8898 -14.79 -13.12
125810 -63.0788 -14.79 -13.12
130661 -56.6625 -14.79 -13.12
168716 -61.3815 -23.71 9.86
173548 -57.9994 -23.71 9.86
168938 -63.0254 -23.71 9.86
162548 -51.6164 -23.71 9.86
159933 -63.9211 -23.71 9.86
161454 -65.4534 -23.71 9.86
163689 -63.0455 -23.71 9.86
162762 -59.6832 -23.71 9.86
165595 -61.719 -23.71 9.86
165046 -62.844 -23.71 9.86
172895 -61.8457 -23.71 9.86
168416 -59.7004 -23.71 9.86
155209 -71.9329 -23.71 9.86
168713 -65.403 -23.71 9.86
162755 -58.17 -23.71 9.86
168761 -75.5477 -23.71 9.86
135330 -69.4153 -23.71 9.86
162646 -59.3985 -23.71 9.86
170988 -64.4275 -23.71 9.86
165367 -62.3788 -23.71 9.86
163564 -60.2213 -23.71 9.86
167804 -60.9795 -23.71 9.86
164447 -59.3437 -23.71 9.86
170237 -60.2111 -23.71 9.86
169098 -61.68 -23.71 9.86
161819 -64.5456 -23.71 9.86
159638 -65.018 -23.71 9.86
168042 -61.2362 -23.71 9.86
160473 -58.8894 -23.71 9.86
165913 -68.5343 -23.71 9.86
165576 -63.1573 -23.71 9.86
162959 -61.9493 -23.71 9.86
167246 -61.2869 -23.71 9.86
166462 -57.4496 -23.71 9.86
163753 -57.2926 -23.71 9.86
162743 -59.6278 -23.71 9.86
162260 -62.4605 -23.71 9.86
161144 -61.245 -23.71 9.86
166876 -53.6866 -23.71 9.86
196012 -59.9155 -26.5 -15
198956 -60.6818 -26.5 -15
190370 -64.8453 -26.5 -15
201813 -57.1981 -26.5 -15
195626 -63.3191 -26.5 -15
197198 -60.8504 -26.5 -15
186271 -63.8611 -26.5 -15
201364 -62.2631 -26.5 -15
193354 -62.6706 -26.5 -15
202304 -59.7375 -26.5 -15
197438 -59.5668 -26.5 -15
196385 -58.8917 -26.5 -15
201577 -57.8273 -26.5 -15
200864 -57.931 -26.5 -15
192693 -60.8769 -26.5 -15
192352 -66.2608 -26.5 -15
198942 -56.3687 -26.5 -15
196749 -60.4735 -26.5 -15
198629 -64.9679 -26.5 -15
196108 -60.7678 -26.5 -15
191928 -70.2726 -26.5 -15
200955 -61.9891 -26.5 -15
203194 -62.6102 -26.5 -15
187917 -65.6484 -26.5 -15
204081 -66.4435 -26.5 -15
197985 -60.6921 -26.5 -15
164302 -75.8663 -26.5 -15
199151 -60.4744 -26.5 -15
198486 -59.3046 -26.5 -15
199755 -68.8789 -26.5 -15
199468 -63.3891 -26.5 -15
201649 -65.4108 -26.5 -15
188942 -63.4995 -26.5 -15
208085 -68.3591 -26.5 -15
203739 -64.8812 -26.5 -15
199843 -67.4478 -26.5 -15
202914 -58.787 -26.5 -15
206571 -65.204 -26.5 -15
204542 -61.021 -26.5 -15
80627 -59.5949 10.4 7.6
84083 -52.0466 10.4 7.6
85627 -50.839 10.4 7.6
77875 -58.5574 10.4 7.6
83035 -58.422 10.4 7.6
81562 -53.5417 10.4 7.6
86324 -54.7 10.4 7.6
81793 -52.3835 10.4 7.6
80434 -68.3419 10.4 7.6
79790 -52.6881 10.4 7.6
83539 -56.9393 10.4 7.6
76971 -51.6501 10.4 7.6
77466 -58.8801 10.4 7.6
84036 -59.6977 10.4 7.6
80288 -51.6294 10.4 7.6
85232 -55.6882 10.4 7.6
84930 -58.3717 10.4 7.6
80490 -53.7774 10.4 7.6
78200 -60.2723 10.4 7.6
76665 -53.5328 10.4 7.6
80521 -64.9052 10.4 7.6
85495 -59.5327 10.4 7.6
82165 -57.9844 10.4 7.6
88593 -60.9817 10.4 7.6
82684 -60.5942 10.4 7.6
77553 -57.589 10.4 7.6
81984 -55.5199 10.4 7.6
74294 -56.0428 10.4 7.6
79286 -49.8451 10.4 7.6
77961 -51.3086 10.4 7.6
80388 -57.665 10.4 7.6
83500 -58.6723 10.4 7.6
83513 -61.426 10.4 7.6
64546 -71.6368 10.4 7.6
80096 -50.8184 10.4 7.6
83430 -52.5545 10.4 7.6
77684 -58.727 10.4 7.6
78001 -56.6343 10.4 7.6
83864 -51.3235 10.4 7.6
186848 -65.4765 11.87 -24.38
182784 -57.6551 11.87 -24.38
182051 -64.5508 11.87 -24.38
178977 -64.463 11.87 -24.38
180021 -58.3304 11.87 -24.38
182730 -60.709 11.87 -24.38
150347 -81.4175 11.87 -24.38
186045 -65.6146 11.87 -24.38
186477 -60.7988 11.87 -24.38
184893 -66.2711 11.87 -24.38
177989 -58.3641 11.87 -24.38
170985 -60.5338 11.87 -24.38
179895 -60.4147 11.87 -24.38
181318 -55.4381 11.87 -24.38
175955 -59.756 11.87 -24.38
176383 -62.2929 11.87 -24.38
177848 -61.2204 11.87 -24.38
177459 -62.5632 11.87 -24.38
185577 -69.7761 11.87 -24.38
179466 -60.9548 11.87 -24.38
179627 -59.8405 11.87 -24.38
178611 -69.2997 11.87 -24.38
182463 -59.1219 11.87 -24.38
180594 -56.0614 11.87 -24.38
182138 -64.0792 11.87 -24.38
183175 -62.1476 11.87 -24.38
179786 -55.155 11.87 -24.38
178759 -56.5709 11.87 -24.38
176769 -55.6705 11.87 -24.38
176038 -57.8501 11.87 -24.38
179147 -61.74 11.87 -24.38
178317 -63.5275 11.87 -24.38
179533 -55.8797 11.87 -24.38
171649 -63.0438 11.87 -24.38
178751 -62.7974 11.87 -24.38
185826 -58.4366 11.87 -24.38
180818 -61.5994 11.87 -24.38
176087 -58.3209 11.87 -24.38
177720 -64.7142 11.87 -24.38
