#rtt sig_str x y
199436 -61.545 25.65 9.46
194281 -62.5956 25.65 9.46
189941 -57.128 25.65 9.46
198569 -56.6431 25.65 9.46
194277 -60.803 25.65 9.46
195302 -57.8086 25.65 9.46
187979 -61.4987 25.65 9.46
192733 -60.8476 25.65 9.46
187698 -62.9612 25.65 9.46
200046 -62.9113 25.65 9.46
178688 -61.0257 25.65 9.46
199289 -59.1836 25.65 9.46
188348 -60.3517 25.65 9.46
192041 -63.2336 25.65 9.46
152607 -68.3133 25.65 9.46
194441 -61.4859 25.65 9.46
176877 -65.7461 25.65 9.46
188461 -65.2467 25.65 9.46
193464 -58.7778 25.65 9.46
193244 -57.8025 25.65 9.46
187514 -60.0458 25.65 9.46
160703 -75.8882 25.65 9.46
188745 -64.1812 25.65 9.46
190115 -68.4418 25.65 9.46
184554 -62.9665 25.65 9.46
190125 -62.3196 25.65 9.46
194175 -59.417 25.65 9.46
198151 -59.2628 25.65 9.46
193027 -56.6583 25.65 9.46
193430 -53.846 25.65 9.46
190181 -62.2112 25.65 9.46
194701 -59.7837 25.65 9.46
193428 -73.9744 25.65 9.46
189259 -60.6491 25.65 9.46
197046 -56.2677 25.65 9.46
184275 -79.5958 25.65 9.46
198789 -60.3622 25.65 9.46
194850 -58.8137 25.65 9.46
186098 -64.2685 25.65 9.46
225816 -60.7783 22.35 -25.02
218533 -59.0851 22.35 -25.02
227346 -63.1589 22.35 -25.02
223545 -61.1642 22.35 -25.02
229984 -56.7345 22.35 -25.02
227623 -61.3626 22.35 -25.02
219923 -61.9256 22.35 -25.02
222069 -68.9762 22.35 -25.02
238074 -64.5722 22.35 -25.02
222324 -61.9407 22.35 -25.02
220944 -61.2099 22.35 -25.02
228414 -64.4975 22.35 -25.02
233373 -70.0124 22.35 -25.02
224354 -64.1233 22.35 -25.02
224997 -63.3674 22.35 -25.02
227603 -60.4988 22.35 -25.02
221921 -61.7564 22.35 -25.02
222412 -62.9133 22.35 -25.02
225948 -59.0979 22.35 -25.02
231022 -61.9145 22.35 -25.02
227595 -58.4167 22.35 -25.02
222441 -67.3269 22.35 -25.02
230297 -63.7146 22.35 -25.02
222629 -61.7732 22.35 -25.02
221497 -62.5689 22.35 -25.02
228030 -64.0469 22.35 -25.02
221508 -58.1286 22.35 -25.02
216765 -64.9613 22.35 -25.02
221721 -59.0063 22.35 -25.02
228418 -61.8479 22.35 -25.02
220910 -61.419 22.35 -25.02
220096 -62.7892 22.35 -25.02
219510 -60.1634 22.35 -25.02
217429 -67.1734 22.35 -25.02
225783 -61.6446 22.35 -25.02
224876 -65.3829 22.35 -25.02
220481 -64.5883 22.35 -25.02
231521 -62.1578 22.35 -25.02
226822 -60.9022 22.35 -25.02
145171 -61.8309 5.08 -22.47
152314 -55.2155 5.08 -22.47
151570 -55.1203 5.08 -22.47
153276 -74.0532 5.08 -22.47
119321 -79.4874 5.08 -22.47
157833 -58.059 5.08 -22.47
156260 -64.1363 5.08 -22.47
150170 -59.7743 5.08 -22.47
156180 -65.5523 5.08 -22.47
151863 -57.6873 5.08 -22.47
152010 -61.225 5.08 -22.47
153491 -57.8706 5.08 -22.47
156869 -57.3481 5.08 -22.47
153447 -60.0567 5.08 -22.47
154329 -64.9902 5.08 -22.47
162428 -65.414 5.08 -22.47
143939 -63.5962 5.08 -22.47
154928 -57.4881 5.08 -22.47
145830 -63.9363 5.08 -22.47
158352 -52.4773 5.08 -22.47
154188 -60.4722 5.08 -22.47
143611 -62.5191 5.08 -22.47
153283 -55.7738 5.08 -22.47
156058 -62.0271 5.08 -22.47
150795 -60.0402 5.08 -22.47
160999 -69.1365 5.08 -22.47
155455 -54.3697 5.08 -22.47
152831 -56.342 5.08 -22.47
153434 -63.2996 5.08 -22.47
153559 -61.418 5.08 -22.47
160073 -53.696 5.08 -22.47
155532 -67.4688 5.08 -22.47
153207 -64.251 5.08 -22.47
154990 -63.3472 5.08 -22.47
153028 -58.4181 5.08 -22.47
149025 -61.1636 5.08 -22.47
157287 -58.7152 5.08 -22.47
146468 -58.6634 5.08 -22.47
150832 -66.5655 5.08 -22.47
208414 -61.1884 24.31 -19.77
205340 -65.0218 24.31 -19.77
212756 -63.8376 24.31 -19.77
213095 -63.7365 24.31 -19.77
214115 -58.7529 24.31 -19.77
208620 -64.7332 24.31 -19.77
208110 -62.3004 24.31 -19.77
221752 -65.1042 24.31 -19.77
206555 -61.8794 24.31 -19.77
206421 -62.6532 24.31 -19.77
208332 -59.5204 24.31 -19.77
210207 -61.604 24.31 -19.77
211992 -63.2925 24.31 -19.77
213089 -66.4052 24.31 -19.77
204147 -60.078 24.31 -19.77
206553 -66.6532 24.31 -19.77
203932 -69.3937 24.31 -19.77
208766 -62.66 24.31 -19.77
211022 -63.6918 24.31 -19.77
191826 -74.6744 24.31 -19.77
214330 -76.1313 24.31 -19.77
201823 -63.2646 24.31 -19.77
207422 -64.0753 24.31 -19.77
206817 -66.2551 24.31 -19.77
205621 -59.1576 24.31 -19.77
204378 -62.2541 24.31 -19.77
209164 -63.8073 24.31 -19.77
205376 -66.7238 24.31 -19.77
202642 -61.2924 24.31 -19.77
215393 -60.7877 24.31 -19.77
209356 -61.732 24.31 -19.77
208531 -63.9614 24.31 -19.77
206095 -63.1064 24.31 -19.77
214235 -61.3865 24.31 -19.77
213096 -64.6564 24.31 -19.77
213183 -67.3413 24.31 -19.77
210679 -66.9239 24.31 -19.77
210157 -58.3464 24.31 -19.77
211868 -62.9525 24.31 -19.77
163246 -58.7802 -10.99 21.7
160038 -56.7029 -10.99 21.7
161107 -58.5309 -10.99 21.7
153276 -57.8908 -10.99 21.7
153823 -56.5229 -10.99 21.7
162898 -54.045 -10.99 21.7
161585 -65.1561 -10.99 21.7
160132 -67.9079 -10.99 21.7
158778 -60.3641 -10.99 21.7
154773 -59.6136 -10.99 21.7
150657 -59.7958 -10.99 21.7
159463 -54.2246 -10.99 21.7
155708 -59.7653 -10.99 21.7
157127 -56.6561 -10.99 21.7
162614 -55.043 -10.99 21.7
156144 -60.7257 -10.99 21.7
154117 -56.8471 -10.99 21.7
159083 -60.4321 -10.99 21.7
157748 -57.9047 -10.99 21.7
161269 -68.3788 -10.99 21.7
154690 -54.3277 -10.99 21.7
156619 -57.4307 -10.99 21.7
160896 -55.7796 -10.99 21.7
155679 -56.3634 -10.99 21.7
161124 -60.6411 -10.99 21.7
156312 -70.6332 -10.99 21.7
155787 -68.623 -10.99 21.7
161775 -59.6651 -10.99 21.7
155352 -60.5472 -10.99 21.7
158470 -56.8715 -10.99 21.7
164030 -61.1003 -10.99 21.7
163983 -61.707 -10.99 21.7
155170 -58.022 -10.99 21.7
159840 -59.8214 -10.99 21.7
166324 -59.1203 -10.99 21.7
152221 -59.4475 -10.99 21.7
159864 -55.4914 -10.99 21.7
157496 -54.6443 -10.99 21.7
156565 -68.4483 -10.99 21.7
240940 -58.1648 -21.12 -28.06
238775 -59.1038 -21.12 -28.06
242733 -68.0846 -21.12 -28.06
237565 -64.0301 -21.12 -28.06
249362 -63.982 -21.12 -28.06
240537 -59.8469 -21.12 -28.06
237638 -61.8637 -21.12 -28.06
237183 -61.1729 -21.12 -28.06
230794 -61.5054 -21.12 -28.06
242022 -62.4829 -21.12 -28.06
238108 -66.0209 -21.12 -28.06
231215 -65.5169 -21.12 -28.06
235051 -58.3849 -21.12 -28.06
237005 -64.2092 -21.12 -28.06
240020 -61.0243 -21.12 -28.06
231255 -66.8692 -21.12 -28.06
241686 -61.7636 -21.12 -28.06
240451 -60.0961 -21.12 -28.06
240082 -67.0861 -21.12 -28.06
245653 -63.428 -21.12 -28.06
239718 -61.2619 -21.12 -28.06
238553 -61.96 -21.12 -28.06
235215 -63.3735 -21.12 -28.06
231938 -63.0442 -21.12 -28.06
234512 -68.8793 -21.12 -28.06
234521 -58.6452 -21.12 -28.06
226880 -66.753 -21.12 -28.06
244227 -64.3222 -21.12 -28.06
236793 -66.303 -21.12 -28.06
247358 -65.9831 -21.12 -28.06
242838 -58.0894 -21.12 -28.06
241349 -62.5803 -21.12 -28.06
241503 -55.6094 -21.12 -28.06
234842 -60.376 -21.12 -28.06
240953 -59.4011 -21.12 -28.06
235287 -71.7359 -21.12 -28.06
235139 -65.6309 -21.12 -28.06
236299 -67.82 -21.12 -28.06
238664 -61.4037 -21.12 -28.06
152418 -60.6789 21.58 -9.51
157054 -57.2968 21.58 -9.51
164748 -62.3228 21.58 -9.51
162260 -50.9138 21.58 -9.51
157822 -63.2185 21.58 -9.51
159736 -64.7508 21.58 -9.51
162049 -62.3429 21.58 -9.51
152903 -58.9806 21.58 -9.51
152462 -61.0164 21.58 -9.51
156806 -62.1414 21.58 -9.51
157257 -61.1431 21.58 -9.51
151483 -58.9978 21.58 -9.51
143027 -71.2303 21.58 -9.51
171056 -64.7004 21.58 -9.51
158011 -57.4675 21.58 -9.51
152479 -74.8451 21.58 -9.51
162145 -68.7127 21.58 -9.51
157906 -58.6959 21.58 -9.51
152117 -63.7249 21.58 -9.51
155243 -61.6762 21.58 -9.51
162721 -59.5187 21.58 -9.51
152974 -60.2769 21.58 -9.51
156559 -58.6411 21.58 -9.51
157545 -59.5085 21.58 -9.51
156755 -60.9774 21.58 -9.51
158646 -63.843 21.58 -9.51
164737 -64.3154 21.58 -9.51
154491 -60.5336 21.58 -9.51
154875 -58.1868 21.58 -9.51
144690 -67.8317 21.58 -9.51
151318 -62.4547 21.58 -9.51
162979 -61.2467 21.58 -9.51
157251 -60.5843 21.58 -9.51
159133 -56.747 21.58 -9.51
158013 -56.59 21.58 -9.51
163367 -58.9252 21.58 -9.51
155463 -61.7579 21.58 -9.51
157643 -60.5424 21.58 -9.51
156762 -52.984 21.58 -9.51
55364 -48.6512 -3.98 -6.68
49906 -49.4176 -3.98 -6.68
49327 -53.5811 -3.98 -6.68
46259 -45.9339 -3.98 -6.68
50447 -52.0549 -3.98 -6.68
47657 -49.5862 -3.98 -6.68
47785 -52.5969 -3.98 -6.68
50491 -50.9988 -3.98 -6.68
51899 -51.4063 -3.98 -6.68
50015 -48.4733 -3.98 -6.68
48458 -48.3026 -3.98 -6.68
44061 -47.6275 -3.98 -6.68
44645 -46.5631 -3.98 -6.68
50261 -46.6668 -3.98 -6.68
58202 -49.6127 -3.98 -6.68
46908 -54.9965 -3.98 -6.68
52107 -45.1045 -3.98 -6.68
51102 -49.2093 -3.98 -6.68
44943 -53.7037 -3.98 -6.68
48784 -49.5036 -3.98 -6.68
45707 -59.0083 -3.98 -6.68
47168 -50.7249 -3.98 -6.68
45416 -51.346 -3.98 -6.68
46569 -54.3841 -3.98 -6.68
53014 -55.1793 -3.98 -6.68
50459 -49.4278 -3.98 -6.68
38805 -64.602 -3.98 -6.68
46548 -49.2101 -3.98 -6.68
53936 -48.0403 -3.98 -6.68
46851 -57.6146 -3.98 -6.68
55203 -52.1249 -3.98 -6.68
51443 -54.1466 -3.98 -6.68
45952 -52.2353 -3.98 -6.68
50155 -57.0948 -3.98 -6.68
49709 -53.617 -3.98 -6.68
47850 -56.1835 -3.98 -6.68
51110 -47.5228 -3.98 -6.68
49129 -53.9398 -3.98 -6.68
49400 -49.7568 -3.98 -6.68
151910 -64.1545 -0.39 -22.38
146582 -56.6062 -0.39 -22.38
154492 -55.3986 -0.39 -22.38
152749 -63.117 -0.39 -22.38
138884 -62.9815 -0.39 -22.38
153919 -58.1013 -0.39 -22.38
147785 -59.2595 -0.39 -22.38
149635 -56.9431 -0.39 -22.38
153245 -72.9015 -0.39 -22.38
154816 -57.2477 -0.39 -22.38
147018 -61.4988 -0.39 -22.38
156360 -56.2096 -0.39 -22.38
160411 -63.4397 -0.39 -22.38
151422 -64.2572 -0.39 -22.38
144959 -56.189 -0.39 -22.38
150246 -60.2477 -0.39 -22.38
145801 -62.9313 -0.39 -22.38
154223 -58.337 -0.39 -22.38
141429 -64.8318 -0.39 -22.38
156819 -58.0924 -0.39 -22.38
148917 -69.4648 -0.39 -22.38
157187 -64.0922 -0.39 -22.38
149160 -62.5439 -0.39 -22.38
153993 -65.5413 -0.39 -22.38
142807 -65.1538 -0.39 -22.38
147636 -62.1485 -0.39 -22.38
152007 -60.0795 -0.39 -22.38
144711 -60.6024 -0.39 -22.38
147230 -54.4047 -0.39 -22.38
155690 -55.8681 -0.39 -22.38
155116 -62.2246 -0.39 -22.38
153102 -63.2319 -0.39 -22.38
152284 -65.9856 -0.39 -22.38
127981 -76.1964 -0.39 -22.38
153369 -55.378 -0.39 -22.38
154281 -57.1141 -0.39 -22.38
157300 -63.2865 -0.39 -22.38
157135 -61.1938 -0.39 -22.38
148884 -55.8831 -0.39 -22.38
100932 -61.6479 -2.85 -16.81
104996 -53.8265 -2.85 -16.81
105174 -60.7222 -2.85 -16.81
102295 -60.6344 -2.85 -16.81
105871 -54.5018 -2.85 -16.81
112146 -56.8804 -2.85 -16.81
113674 -77.5889 -2.85 -16.81
99454 -61.786 -2.85 -16.81
108606 -56.9702 -2.85 -16.81
109721 -62.4425 -2.85 -16.81
102834 -54.5355 -2.85 -16.81
112668 -56.7052 -2.85 -16.81
111045 -56.5861 -2.85 -16.81
110588 -51.6095 -2.85 -16.81
104371 -55.9274 -2.85 -16.81
109230 -58.4643 -2.85 -16.81
107949 -57.3918 -2.85 -16.81
105385 -58.7346 -2.85 -16.81
103157 -65.9475 -2.85 -16.81
110041 -57.1262 -2.85 -16.81
105599 -56.0119 -2.85 -16.81
109125 -65.4711 -2.85 -16.81
107538 -55.2933 -2.85 -16.81
108701 -52.2328 -2.85 -16.81
109296 -60.2506 -2.85 -16.81
109997 -58.319 -2.85 -16.81
114784 -51.3264 -2.85 -16.81
102955 -52.7423 -2.85 -16.81
113759 -51.8419 -2.85 -16.81
116937 -54.0215 -2.85 -16.81
108675 -57.9114 -2.85 -16.81
112518 -59.6989 -2.85 -16.81
105987 -52.0511 -2.85 -16.81
106885 -59.2152 -2.85 -16.81
108644 -58.9688 -2.85 -16.81
111790 -54.608 -2.85 -16.81
106703 -57.7708 -2.85 -16.81
105572 -54.4923 -2.85 -16.81
99001 -60.8856 -2.85 -16.81
