#rtt sig_str x y
256031 -64.2751 -23.6 29.86
257719 -65.3257 -23.6 29.86
262023 -59.8581 -23.6 29.86
249716 -59.3732 -23.6 29.86
263784 -63.5331 -23.6 29.86
258616 -60.5388 -23.6 29.86
254309 -64.2288 -23.6 29.86
262820 -63.5777 -23.6 29.86
264687 -65.6914 -23.6 29.86
259964 -65.6414 -23.6 29.86
262822 -63.7558 -23.6 29.86
256569 -61.9138 -23.6 29.86
266000 -63.0818 -23.6 29.86
256428 -65.9638 -23.6 29.86
253415 -71.0435 -23.6 29.86
262528 -64.2161 -23.6 29.86
263545 -68.4762 -23.6 29.86
263589 -67.9768 -23.6 29.86
252039 -61.5079 -23.6 29.86
264320 -60.5326 -23.6 29.86
247247 -62.7759 -23.6 29.86
196668 -78.6183 -23.6 29.86
254726 -66.9114 -23.6 29.86
252967 -71.1719 -23.6 29.86
257865 -65.6967 -23.6 29.86
263120 -65.0497 -23.6 29.86
263698 -62.1471 -23.6 29.86
257286 -61.993 -23.6 29.86
263506 -59.3884 -23.6 29.86
256310 -56.5762 -23.6 29.86
254160 -64.9414 -23.6 29.86
257371 -62.5138 -23.6 29.86
251921 -76.7046 -23.6 29.86
266008 -63.3792 -23.6 29.86
254397 -58.9978 -23.6 29.86
258489 -61.6338 -23.6 29.86
254342 -63.2894 -23.6 29.86
258341 -61.893 -23.6 29.86
258266 -69.7399 -23.6 29.86
88804 -48.4766 11.06 -5.27
90727 -61.262 11.06 -5.27
95690 -57.8495 11.06 -5.27
83513 -57.1672 11.06 -5.27
89721 -55.2621 11.06 -5.27
85582 -54.069 11.06 -5.27
84340 -59.3498 11.06 -5.27
86702 -54.715 11.06 -5.27
82327 -55.2217 11.06 -5.27
84200 -58.5661 11.06 -5.27
86278 -52.6677 11.06 -5.27
87234 -56.4966 11.06 -5.27
91577 -65.5453 11.06 -5.27
85342 -51.9518 11.06 -5.27
87410 -50.5621 11.06 -5.27
80500 -53.3075 11.06 -5.27
87492 -58.3278 11.06 -5.27
93101 -48.9451 11.06 -5.27
90273 -52.322 11.06 -5.27
85017 -52.1574 11.06 -5.27
92680 -50.6532 11.06 -5.27
89220 -52.0543 11.06 -5.27
86107 -53.8891 11.06 -5.27
85346 -51.9152 11.06 -5.27
88870 -57.5521 11.06 -5.27
83071 -56.3241 11.06 -5.27
91233 -59.7534 11.06 -5.27
93610 -57.7378 11.06 -5.27
86703 -52.8546 11.06 -5.27
80807 -54.383 11.06 -5.27
90181 -53.1659 11.06 -5.27
96351 -57.2964 11.06 -5.27
90582 -56.0874 11.06 -5.27
85506 -51.2673 11.06 -5.27
84981 -59.2931 11.06 -5.27
85621 -53.7426 11.06 -5.27
87011 -55.0311 11.06 -5.27
84076 -54.1977 11.06 -5.27
90532 -51.749 11.06 -5.27
168826 -61.3157 2.1 -25.73
172250 -61.1148 2.1 -25.73
167284 -60.8151 2.1 -25.73
166364 -59.5408 2.1 -25.73
173043 -59.1311 2.1 -25.73
163321 -57.2111 2.1 -25.73
171012 -55.4373 2.1 -25.73
169993 -62.302 2.1 -25.73
172958 -61.4533 2.1 -25.73
165565 -58.4836 2.1 -25.73
168723 -61.051 2.1 -25.73
167108 -68.2522 2.1 -25.73
168989 -58.606 2.1 -25.73
182796 -75.4364 2.1 -25.73
162785 -64.3258 2.1 -25.73
163104 -64.9259 2.1 -25.73
171039 -58.6371 2.1 -25.73
165679 -65.8731 2.1 -25.73
168761 -62.953 2.1 -25.73
168017 -61.1054 2.1 -25.73
168612 -58.5495 2.1 -25.73
182733 -67.5054 2.1 -25.73
173100 -58.6429 2.1 -25.73
171607 -59.4938 2.1 -25.73
172434 -58.2946 2.1 -25.73
170247 -62.1945 2.1 -25.73
176839 -56.2617 2.1 -25.73
174420 -58.3749 2.1 -25.73
175585 -64.5546 2.1 -25.73
169947 -71.5362 2.1 -25.73
169951 -63.3829 2.1 -25.73
166812 -65.7296 2.1 -25.73
167653 -56.2052 2.1 -25.73
175338 -62.7068 2.1 -25.73
171616 -59.2958 2.1 -25.73
172028 -63.1732 2.1 -25.73
171980 -66.8455 2.1 -25.73
167879 -56.0896 2.1 -25.73
170393 -58.4077 2.1 -25.73
85515 -53.0055 -7.85 8.9
83871 -52.742 -7.85 8.9
82518 -56.6274 -7.85 8.9
85586 -54.1531 -7.85 8.9
86312 -51.7785 -7.85 8.9
83274 -62.0075 -7.85 8.9
84197 -59.4518 -7.85 8.9
84526 -56.5353 -7.85 8.9
89057 -50.4566 -7.85 8.9
86438 -57.1477 -7.85 8.9
82529 -58.3756 -7.85 8.9
84514 -51.4289 -7.85 8.9
87474 -55.6768 -7.85 8.9
88851 -52.1549 -7.85 8.9
90286 -60.3633 -7.85 8.9
80984 -54.7287 -7.85 8.9
78009 -49.1792 -7.85 8.9
88832 -51.7893 -7.85 8.9
83881 -58.2626 -7.85 8.9
85369 -52.3346 -7.85 8.9
88347 -55.4227 -7.85 8.9
84551 -55.802 -7.85 8.9
91167 -54.8819 -7.85 8.9
89094 -54.8989 -7.85 8.9
82076 -58.6079 -7.85 8.9
80643 -54.2053 -7.85 8.9
82242 -53.9413 -7.85 8.9
80300 -60.5842 -7.85 8.9
73248 -64.9936 -7.85 8.9
81530 -55.3372 -7.85 8.9
79165 -59.1704 -7.85 8.9
81385 -58.1957 -7.85 8.9
83989 -58.2619 -7.85 8.9
82927 -54.9806 -7.85 8.9
86542 -54.1582 -7.85 8.9
81280 -54.8996 -7.85 8.9
88340 -54.1351 -7.85 8.9
82786 -60.6307 -7.85 8.9
92452 -69.6156 -7.85 8.9
148730 -74.733 -5.24 -28.78
187530 -59.7823 -5.24 -28.78
184003 -60.7088 -5.24 -28.78
191920 -59.862 -5.24 -28.78
189687 -63.8795 -5.24 -28.78
187050 -52.9528 -5.24 -28.78
188265 -65.0654 -5.24 -28.78
186284 -62.7121 -5.24 -28.78
197895 -62.9989 -5.24 -28.78
184885 -59.2453 -5.24 -28.78
181902 -62.1066 -5.24 -28.78
184686 -58.5182 -5.24 -28.78
185652 -59.81 -5.24 -28.78
182371 -60.574 -5.24 -28.78
188674 -66.8837 -5.24 -28.78
188449 -60.517 -5.24 -28.78
181362 -58.8083 -5.24 -28.78
181750 -63.1503 -5.24 -28.78
191755 -56.1975 -5.24 -28.78
183862 -58.7669 -5.24 -28.78
182861 -62.5779 -5.24 -28.78
184897 -62.167 -5.24 -28.78
185242 -58.8957 -5.24 -28.78
174652 -66.4928 -5.24 -28.78
181396 -58.8271 -5.24 -28.78
187870 -58.8159 -5.24 -28.78
179070 -61.6203 -5.24 -28.78
189103 -66.9644 -5.24 -28.78
188086 -60.8691 -5.24 -28.78
187944 -58.7633 -5.24 -28.78
192099 -57.9025 -5.24 -28.78
184938 -60.3392 -5.24 -28.78
186476 -63.6074 -5.24 -28.78
184039 -56.8958 -5.24 -28.78
182333 -62.3386 -5.24 -28.78
192613 -56.3933 -5.24 -28.78
188511 -60.3497 -5.24 -28.78
190271 -59.569 -5.24 -28.78
179882 -57.7602 -5.24 -28.78
65096 -51.311 5.27 8.56
71228 -53.1723 5.27 8.56
66425 -58.2379 5.27 8.56
64278 -56.7298 5.27 8.56
69166 -59.2729 5.27 8.56
67933 -55.3318 5.27 8.56
60577 -50.702 5.27 8.56
74622 -54.9733 5.27 8.56
67637 -51.7346 5.27 8.56
70784 -49.7089 5.27 8.56
64270 -58.181 5.27 8.56
67860 -55.7067 5.27 8.56
68489 -54.7166 5.27 8.56
71225 -53.5434 5.27 8.56
74261 -54.6948 5.27 8.56
69192 -50.4053 5.27 8.56
64413 -56.8234 5.27 8.56
74332 -50.8361 5.27 8.56
66758 -59.9274 5.27 8.56
67182 -53.3059 5.27 8.56
62048 -51.2954 5.27 8.56
70023 -58.404 5.27 8.56
69172 -48.5539 5.27 8.56
72647 -51.1363 5.27 8.56
75033 -54.0358 5.27 8.56
75567 -46.8778 5.27 8.56
73530 -51.0588 5.27 8.56
69054 -50.8014 5.27 8.56
71324 -59.2389 5.27 8.56
73923 -46.3314 5.27 8.56
66319 -48.5456 5.27 8.56
72429 -58.6516 5.27 8.56
69128 -55.3137 5.27 8.56
65737 -47.8126 5.27 8.56
65803 -52.2719 5.27 8.56
73471 -58.0932 5.27 8.56
69207 -53.4444 5.27 8.56
69008 -59.1771 5.27 8.56
66651 -51.3264 5.27 8.56
190754 -58.6725 12.97 26.7
195949 -69.9071 12.97 26.7
194049 -67.7905 12.97 26.7
196287 -53.9431 12.97 26.7
196042 -68.9955 12.97 26.7
188418 -60.0271 12.97 26.7
190607 -59.2106 12.97 26.7
198042 -62.6049 12.97 26.7
189033 -62.3652 12.97 26.7
195414 -65.9741 12.97 26.7
194462 -62.8244 12.97 26.7
186491 -70.4081 12.97 26.7
197931 -64.4069 12.97 26.7
192892 -60.865 12.97 26.7
194918 -57.2087 12.97 26.7
194922 -64.4964 12.97 26.7
191442 -54.3653 12.97 26.7
192249 -68.1848 12.97 26.7
196638 -62.5119 12.97 26.7
188763 -64.3039 12.97 26.7
182704 -66.8542 12.97 26.7
193621 -61.6461 12.97 26.7
201039 -63.6436 12.97 26.7
196514 -58.0255 12.97 26.7
189221 -61.199 12.97 26.7
190231 -59.9069 12.97 26.7
194095 -59.066 12.97 26.7
186646 -57.6014 12.97 26.7
181954 -62.6393 12.97 26.7
193828 -63.0453 12.97 26.7
195934 -69.4312 12.97 26.7
183441 -65.87 12.97 26.7
199126 -68.743 12.97 26.7
190189 -62.6934 12.97 26.7
190759 -61.2655 12.97 26.7
190487 -60.7055 12.97 26.7
194281 -55.4941 12.97 26.7
197663 -65.6257 12.97 26.7
189230 -61.3245 12.97 26.7
188412 -60.3529 -19.6 22.17
188974 -57.8395 -19.6 22.17
178515 -66.7772 -19.6 22.17
189755 -65.3426 -19.6 22.17
182003 -67.2331 -19.6 22.17
190658 -62.2168 -19.6 22.17
197240 -68.5846 -19.6 22.17
197582 -63.4315 -19.6 22.17
190007 -56.4147 -19.6 22.17
189979 -66.7353 -19.6 22.17
182872 -63.653 -19.6 22.17
187625 -62.0935 -19.6 22.17
179630 -58.4333 -19.6 22.17
185834 -59.0652 -19.6 22.17
197438 -61.0613 -19.6 22.17
186565 -60.6437 -19.6 22.17
185764 -59.4537 -19.6 22.17
195363 -61.2635 -19.6 22.17
191005 -60.6621 -19.6 22.17
185359 -60.9122 -19.6 22.17
188847 -61.6061 -19.6 22.17
190545 -58.2992 -19.6 22.17
200764 -66.7351 -19.6 22.17
189306 -58.2764 -19.6 22.17
192243 -60.7226 -19.6 22.17
186889 -57.2942 -19.6 22.17
198677 -57.5472 -19.6 22.17
188578 -67.7373 -19.6 22.17
164699 -68.1113 -19.6 22.17
191768 -61.06 -19.6 22.17
190820 -61.7557 -19.6 22.17
190804 -58.6875 -19.6 22.17
190198 -61.0914 -19.6 22.17
183069 -64.936 -19.6 22.17
182847 -61.6577 -19.6 22.17
192685 -56.2658 -19.6 22.17
189841 -58.5746 -19.6 22.17
185510 -60.5333 -19.6 22.17
192574 -56.0211 -19.6 22.17
263905 -63.6865 -26 29.47
264926 -61.4143 -26 29.47
271255 -66.6355 -26 29.47
257906 -61.4191 -26 29.47
263221 -64.386 -26 29.47
267165 -63.8317 -26 29.47
266329 -66.5436 -26 29.47
270290 -61.1668 -26 29.47
265921 -66.0438 -26 29.47
262185 -60.1096 -26 29.47
205911 -79.1564 -26 29.47
268062 -61.6716 -26 29.47
266178 -69.4365 -26 29.47
261347 -61.9304 -26 29.47
272600 -65.4932 -26 29.47
269528 -66.9966 -26 29.47
267261 -61.9485 -26 29.47
266067 -58.4441 -26 29.47
268236 -67.9597 -26 29.47
268387 -61.3193 -26 29.47
264591 -68.7233 -26 29.47
265335 -60.8051 -26 29.47
264337 -60.2463 -26 29.47
265788 -58.7431 -26 29.47
266867 -68.4422 -26 29.47
264799 -63.2644 -26 29.47
261853 -62.4246 -26 29.47
258434 -62.6834 -26 29.47
263515 -61.0724 -26 29.47
274293 -66.5144 -26 29.47
266179 -67.6231 -26 29.47
265710 -62.7692 -26 29.47
267629 -65.2093 -26 29.47
263530 -61.0754 -26 29.47
260961 -62.1452 -26 29.47
271675 -61.1881 -26 29.47
266789 -59.6379 -26 29.47
269368 -59.785 -26 29.47
262354 -63.591 -26 29.47
100730 -58.2216 0.04 14.9
100175 -54.773 0.04 14.9
100218 -54.9255 0.04 14.9
91764 -53.4566 0.04 14.9
99474 -57.0872 0.04 14.9
86983 -49.1249 0.04 14.9
104412 -52.6105 0.04 14.9
101400 -48.8101 0.04 14.9
103030 -52.6876 0.04 14.9
98215 -53.5701 0.04 14.9
100867 -53.5711 0.04 14.9
87551 -64.6377 0.04 14.9
99595 -55.5201 0.04 14.9
98706 -54.4031 0.04 14.9
97041 -55.3195 0.04 14.9
98909 -51.7452 0.04 14.9
92410 -55.3155 0.04 14.9
97439 -56.2682 0.04 14.9
102448 -58.3107 0.04 14.9
102926 -50.1103 0.04 14.9
95512 -59.8071 0.04 14.9
99221 -57.2654 0.04 14.9
103299 -60.7072 0.04 14.9
95641 -52.7745 0.04 14.9
102847 -58.7497 0.04 14.9
101682 -54.448 0.04 14.9
98331 -55.3914 0.04 14.9
93981 -55.4593 0.04 14.9
96054 -57.8975 0.04 14.9
90068 -59.1377 0.04 14.9
106477 -66.0777 0.04 14.9
96237 -53.6631 0.04 14.9
102914 -55.0693 0.04 14.9
100415 -63.1456 0.04 14.9
101826 -51.6245 0.04 14.9
95841 -52.0109 0.04 14.9
91319 -60.9199 0.04 14.9
104936 -61.6073 0.04 14.9
97321 -55.7067 0.04 14.9
