#rtt sig_str x y
115859 -58.3193 -17.87 -4.76
123010 -59.37 -17.87 -4.76
118634 -53.9024 -17.87 -4.76
119846 -53.4175 -17.87 -4.76
125039 -57.5773 -17.87 -4.76
123384 -54.583 -17.87 -4.76
112303 -58.273 -17.87 -4.76
114162 -57.6219 -17.87 -4.76
118410 -59.7356 -17.87 -4.76
113572 -59.6856 -17.87 -4.76
107958 -57.8 -17.87 -4.76
114254 -55.958 -17.87 -4.76
115532 -57.126 -17.87 -4.76
117051 -60.008 -17.87 -4.76
113454 -65.0877 -17.87 -4.76
118698 -58.2603 -17.87 -4.76
117569 -62.5204 -17.87 -4.76
122816 -62.0211 -17.87 -4.76
117797 -55.5522 -17.87 -4.76
119255 -54.5769 -17.87 -4.76
115010 -56.8201 -17.87 -4.76
93965 -72.6625 -17.87 -4.76
114191 -60.9556 -17.87 -4.76
107069 -65.2162 -17.87 -4.76
121970 -59.7409 -17.87 -4.76
116362 -59.094 -17.87 -4.76
119558 -56.1913 -17.87 -4.76
109646 -56.0372 -17.87 -4.76
115871 -53.4326 -17.87 -4.76
115982 -50.6204 -17.87 -4.76
113434 -58.9856 -17.87 -4.76
119160 -56.558 -17.87 -4.76
122478 -70.7488 -17.87 -4.76
118277 -57.4235 -17.87 -4.76
118175 -53.0421 -17.87 -4.76
121667 -76.3702 -17.87 -4.76
114940 -57.1366 -17.87 -4.76
118482 -55.588 -17.87 -4.76
121800 -61.0428 -17.87 -4.76
199499 -60.1329 17.08 25.9
214434 -58.4397 17.08 25.9
207048 -62.5135 17.08 25.9
208244 -60.5188 17.08 25.9
204822 -56.0891 17.08 25.9
206205 -60.7172 17.08 25.9
210901 -61.2802 17.08 25.9
207577 -68.3308 17.08 25.9
203897 -63.9268 17.08 25.9
208995 -61.2953 17.08 25.9
205723 -60.5645 17.08 25.9
205832 -63.8521 17.08 25.9
208172 -69.367 17.08 25.9
203494 -63.4779 17.08 25.9
210151 -62.722 17.08 25.9
206390 -59.8534 17.08 25.9
202672 -61.111 17.08 25.9
211576 -62.2679 17.08 25.9
208896 -58.4525 17.08 25.9
209812 -61.2691 17.08 25.9
207933 -57.7713 17.08 25.9
207178 -66.6815 17.08 25.9
207150 -63.0692 17.08 25.9
209431 -61.1278 17.08 25.9
208594 -61.9235 17.08 25.9
208772 -63.4015 17.08 25.9
208468 -57.4832 17.08 25.9
212897 -64.3159 17.08 25.9
211658 -58.3609 17.08 25.9
207877 -61.2025 17.08 25.9
203722 -60.7736 17.08 25.9
207364 -62.1438 17.08 25.9
203149 -59.518 17.08 25.9
206472 -66.528 17.08 25.9
211948 -60.9992 17.08 25.9
204020 -64.7375 17.08 25.9
210764 -63.9429 17.08 25.9
213759 -61.5124 17.08 25.9
207215 -60.2568 17.08 25.9
213034 -64.5135 21.64 -23.42
221372 -57.898 21.64 -23.42
213346 -57.8028 21.64 -23.42
164362 -76.7358 21.64 -23.42
218939 -60.874 21.64 -23.42
217050 -58.9541 21.64 -23.42
214783 -57.1803 21.64 -23.42
213669 -64.0449 21.64 -23.42
215947 -63.1963 21.64 -23.42
211457 -60.2265 21.64 -23.42
213950 -62.794 21.64 -23.42
219154 -69.9951 21.64 -23.42
214453 -60.349 21.64 -23.42
200270 -77.1793 21.64 -23.42
213529 -66.0687 21.64 -23.42
222603 -66.6688 21.64 -23.42
213375 -60.3801 21.64 -23.42
214207 -67.616 21.64 -23.42
220007 -64.6959 21.64 -23.42
221025 -62.8483 21.64 -23.42
213212 -60.2925 21.64 -23.42
221222 -69.2483 21.64 -23.42
217183 -60.3858 21.64 -23.42
218302 -61.2367 21.64 -23.42
217564 -60.0375 21.64 -23.42
214363 -63.9375 21.64 -23.42
215452 -58.0046 21.64 -23.42
220376 -60.1178 21.64 -23.42
225083 -66.2976 21.64 -23.42
215629 -73.2791 21.64 -23.42
225396 -65.1258 21.64 -23.42
214425 -67.4725 21.64 -23.42
209247 -57.9481 21.64 -23.42
214727 -64.4497 21.64 -23.42
216442 -61.0387 21.64 -23.42
216307 -64.9162 21.64 -23.42
213799 -68.5884 21.64 -23.42
211670 -57.8326 21.64 -23.42
224684 -60.1506 21.64 -23.42
70661 -52.2509 -10.38 3.09
70213 -51.9874 -10.38 3.09
66901 -55.8728 -10.38 3.09
72418 -53.3985 -10.38 3.09
75364 -51.0239 -10.38 3.09
64642 -61.2529 -10.38 3.09
69595 -58.6972 -10.38 3.09
60654 -55.7807 -10.38 3.09
68818 -49.702 -10.38 3.09
77222 -56.3931 -10.38 3.09
69249 -57.621 -10.38 3.09
69485 -50.6743 -10.38 3.09
69726 -54.9222 -10.38 3.09
71979 -51.4003 -10.38 3.09
71189 -59.6087 -10.38 3.09
72594 -53.9741 -10.38 3.09
68533 -48.4246 -10.38 3.09
76286 -51.0347 -10.38 3.09
70531 -57.508 -10.38 3.09
74203 -51.58 -10.38 3.09
70810 -54.6681 -10.38 3.09
71852 -55.0474 -10.38 3.09
70203 -54.1273 -10.38 3.09
74602 -54.1443 -10.38 3.09
71456 -57.8533 -10.38 3.09
66752 -53.4507 -10.38 3.09
75805 -53.1867 -10.38 3.09
64085 -59.8296 -10.38 3.09
71400 -64.239 -10.38 3.09
67061 -54.5826 -10.38 3.09
70664 -58.4158 -10.38 3.09
72379 -57.4411 -10.38 3.09
74868 -57.5073 -10.38 3.09
71609 -54.226 -10.38 3.09
64138 -53.4035 -10.38 3.09
71775 -54.145 -10.38 3.09
68973 -53.3805 -10.38 3.09
69081 -59.8761 -10.38 3.09
72526 -68.861 -10.38 3.09
83393 -71.1136 -15.07 11.35
127108 -56.1629 -15.07 11.35
121483 -57.0894 -15.07 11.35
115568 -56.2427 -15.07 11.35
117860 -60.2602 -15.07 11.35
127529 -49.3335 -15.07 11.35
122223 -61.446 -15.07 11.35
118693 -59.0927 -15.07 11.35
120929 -59.3796 -15.07 11.35
124040 -55.626 -15.07 11.35
118805 -58.4873 -15.07 11.35
119797 -54.8989 -15.07 11.35
126233 -56.1906 -15.07 11.35
123363 -56.9547 -15.07 11.35
118189 -63.2644 -15.07 11.35
125408 -56.8977 -15.07 11.35
120742 -55.1889 -15.07 11.35
120015 -59.531 -15.07 11.35
122017 -52.5781 -15.07 11.35
116823 -55.1475 -15.07 11.35
118739 -58.9585 -15.07 11.35
126412 -58.5477 -15.07 11.35
118667 -55.2764 -15.07 11.35
129359 -62.8734 -15.07 11.35
124675 -55.2078 -15.07 11.35
124454 -55.1966 -15.07 11.35
121771 -58.0009 -15.07 11.35
125113 -63.3451 -15.07 11.35
125718 -57.2498 -15.07 11.35
120222 -55.144 -15.07 11.35
125270 -54.2832 -15.07 11.35
114529 -56.7199 -15.07 11.35
127590 -59.9881 -15.07 11.35
117111 -53.2765 -15.07 11.35
113515 -58.7192 -15.07 11.35
126601 -52.774 -15.07 11.35
128148 -56.7303 -15.07 11.35
119650 -55.9497 -15.07 11.35
118875 -54.1408 -15.07 11.35
184867 -59.7615 18.62 20.9
187497 -61.6228 18.62 20.9
190503 -66.6884 18.62 20.9
191012 -65.1803 18.62 20.9
175524 -67.7234 18.62 20.9
179553 -63.7823 18.62 20.9
181300 -59.1525 18.62 20.9
190342 -63.4238 18.62 20.9
188195 -60.1851 18.62 20.9
181095 -58.1594 18.62 20.9
186688 -66.6315 18.62 20.9
178749 -64.1572 18.62 20.9
182665 -63.1671 18.62 20.9
177710 -61.9938 18.62 20.9
190154 -63.1453 18.62 20.9
177219 -58.8558 18.62 20.9
181100 -65.2739 18.62 20.9
180008 -59.2866 18.62 20.9
190123 -68.3779 18.62 20.9
189833 -61.7564 18.62 20.9
178623 -59.7459 18.62 20.9
189545 -66.8545 18.62 20.9
183416 -57.0044 18.62 20.9
182136 -59.5868 18.62 20.9
185949 -62.4863 18.62 20.9
180586 -55.3283 18.62 20.9
182710 -59.5093 18.62 20.9
179205 -59.2519 18.62 20.9
195811 -67.6894 18.62 20.9
180131 -54.7819 18.62 20.9
178872 -56.9961 18.62 20.9
181345 -67.1021 18.62 20.9
185593 -63.7642 18.62 20.9
186397 -56.2631 18.62 20.9
181303 -60.7224 18.62 20.9
184512 -66.5437 18.62 20.9
175474 -61.8949 18.62 20.9
183579 -67.6276 18.62 20.9
183126 -59.7769 18.62 20.9
93864 -51.7466 12.81 -0.58
92971 -62.9812 12.81 -0.58
92338 -60.8646 12.81 -0.58
100291 -47.0172 12.81 -0.58
95979 -62.0696 12.81 -0.58
100263 -53.1012 12.81 -0.58
98184 -52.2847 12.81 -0.58
97976 -55.679 12.81 -0.58
98929 -55.4393 12.81 -0.58
98796 -59.0482 12.81 -0.58
98544 -55.8985 12.81 -0.58
85800 -63.4822 12.81 -0.58
96644 -57.481 12.81 -0.58
93741 -53.9391 12.81 -0.58
93421 -50.2828 12.81 -0.58
105162 -57.5705 12.81 -0.58
105126 -47.4394 12.81 -0.58
94637 -61.2589 12.81 -0.58
104163 -55.586 12.81 -0.58
96244 -57.378 12.81 -0.58
96888 -59.9283 12.81 -0.58
94700 -54.7202 12.81 -0.58
99696 -56.7177 12.81 -0.58
92939 -51.0996 12.81 -0.58
95894 -54.2731 12.81 -0.58
94448 -52.9809 12.81 -0.58
98129 -52.1401 12.81 -0.58
94881 -50.6755 12.81 -0.58
91578 -55.7134 12.81 -0.58
97416 -56.1193 12.81 -0.58
100225 -62.5053 12.81 -0.58
95493 -58.9441 12.81 -0.58
94517 -61.817 12.81 -0.58
96060 -55.7675 12.81 -0.58
97881 -54.3396 12.81 -0.58
98390 -53.7796 12.81 -0.58
101420 -48.5682 12.81 -0.58
95923 -58.6998 12.81 -0.58
98766 -54.3986 12.81 -0.58
181172 -59.1515 9.68 -23.68
168060 -56.6381 9.68 -23.68
172885 -65.5757 9.68 -23.68
173810 -64.1412 9.68 -23.68
169581 -66.0316 9.68 -23.68
170591 -61.0154 9.68 -23.68
175989 -67.3832 9.68 -23.68
177402 -62.23 9.68 -23.68
178070 -55.2133 9.68 -23.68
170519 -65.5338 9.68 -23.68
175231 -62.4516 9.68 -23.68
171679 -60.8921 9.68 -23.68
175950 -57.2318 9.68 -23.68
170390 -57.8637 9.68 -23.68
175295 -59.8599 9.68 -23.68
168074 -59.4423 9.68 -23.68
176991 -58.2523 9.68 -23.68
176724 -60.062 9.68 -23.68
178398 -59.4607 9.68 -23.68
171615 -59.7107 9.68 -23.68
178411 -60.4046 9.68 -23.68
176722 -57.0977 9.68 -23.68
173469 -65.5337 9.68 -23.68
174668 -57.075 9.68 -23.68
176055 -59.5211 9.68 -23.68
182611 -56.0928 9.68 -23.68
169010 -56.3458 9.68 -23.68
176660 -66.5359 9.68 -23.68
175163 -66.9098 9.68 -23.68
172034 -59.8586 9.68 -23.68
173041 -60.5542 9.68 -23.68
173230 -57.486 9.68 -23.68
172760 -59.89 9.68 -23.68
169323 -63.7346 9.68 -23.68
177408 -60.4563 9.68 -23.68
182622 -55.0643 9.68 -23.68
182104 -57.3732 9.68 -23.68
169519 -59.3319 9.68 -23.68
174999 -54.8197 9.68 -23.68
110718 -57.3199 12.63 -13.06
115187 -55.0478 12.63 -13.06
118356 -60.2689 12.63 -13.06
112980 -55.0526 12.63 -13.06
118108 -58.0195 12.63 -13.06
114629 -57.4652 12.63 -13.06
117728 -60.177 12.63 -13.06
117815 -54.8002 12.63 -13.06
116038 -59.6773 12.63 -13.06
113990 -53.7431 12.63 -13.06
109587 -72.7898 12.63 -13.06
111810 -55.3051 12.63 -13.06
105736 -63.0699 12.63 -13.06
117064 -55.5638 12.63 -13.06
109383 -59.1267 12.63 -13.06
121750 -60.6301 12.63 -13.06
117374 -55.582 12.63 -13.06
109902 -52.0776 12.63 -13.06
119165 -61.5931 12.63 -13.06
113954 -54.9527 12.63 -13.06
111087 -62.3567 12.63 -13.06
111011 -54.4386 12.63 -13.06
117101 -53.8797 12.63 -13.06
113638 -52.3765 12.63 -13.06
114384 -62.0757 12.63 -13.06
120586 -56.8978 12.63 -13.06
118154 -56.058 12.63 -13.06
114431 -56.3168 12.63 -13.06
115633 -54.7059 12.63 -13.06
116742 -60.1479 12.63 -13.06
118141 -61.2566 12.63 -13.06
114286 -56.4027 12.63 -13.06
110839 -58.8428 12.63 -13.06
110814 -54.7089 12.63 -13.06
114271 -55.7786 12.63 -13.06
112091 -54.8215 12.63 -13.06
106403 -53.2714 12.63 -13.06
106976 -53.4185 12.63 -13.06
115188 -57.2244 12.63 -13.06
240933 -65.4618 -23.23 27.28
237851 -62.0132 -23.23 27.28
242787 -62.1658 -23.23 27.28
239784 -60.6968 -23.23 27.28
239716 -64.3274 -23.23 27.28
235264 -59.8507 -23.23 27.28
232754 -56.0503 -23.23 27.28
237636 -59.9278 -23.23 27.28
235106 -60.8104 -23.23 27.28
235301 -60.8114 -23.23 27.28
243602 -71.8779 -23.23 27.28
242222 -62.7604 -23.23 27.28
237491 -61.6433 -23.23 27.28
230992 -62.5597 -23.23 27.28
238099 -58.9855 -23.23 27.28
237806 -62.5557 -23.23 27.28
236396 -63.5084 -23.23 27.28
236180 -65.551 -23.23 27.28
239855 -57.3505 -23.23 27.28
243913 -66.8881 -23.23 27.28
237921 -64.5057 -23.23 27.28
236514 -67.9475 -23.23 27.28
239087 -60.0148 -23.23 27.28
238690 -65.99 -23.23 27.28
238167 -61.6882 -23.23 27.28
234649 -62.6316 -23.23 27.28
236773 -62.6995 -23.23 27.28
235645 -65.1378 -23.23 27.28
240835 -66.378 -23.23 27.28
248382 -73.318 -23.23 27.28
237516 -60.9034 -23.23 27.28
225106 -62.3095 -23.23 27.28
242385 -70.3859 -23.23 27.28
231071 -58.8647 -23.23 27.28
239906 -59.2512 -23.23 27.28
240627 -68.1602 -23.23 27.28
233462 -68.8475 -23.23 27.28
228007 -62.9469 -23.23 27.28
237850 -59.0384 -23.23 27.28
