#rtt sig_str x y
74518 -54.3282 -11.35 1.08
78157 -55.3789 -11.35 1.08
77291 -49.9113 -11.35 1.08
79259 -49.4264 -11.35 1.08
76301 -53.5863 -11.35 1.08
69368 -50.5919 -11.35 1.08
75226 -54.282 -11.35 1.08
68499 -53.6308 -11.35 1.08
73571 -55.7445 -11.35 1.08
68928 -55.6946 -11.35 1.08
80601 -53.809 -11.35 1.08
74978 -51.9669 -11.35 1.08
72753 -53.135 -11.35 1.08
73296 -56.0169 -11.35 1.08
67476 -61.0966 -11.35 1.08
74766 -54.2692 -11.35 1.08
73556 -58.5293 -11.35 1.08
75300 -58.03 -11.35 1.08
74421 -51.5611 -11.35 1.08
75558 -50.5858 -11.35 1.08
74451 -52.8291 -11.35 1.08
77679 -68.6714 -11.35 1.08
74223 -56.9645 -11.35 1.08
77169 -61.2251 -11.35 1.08
77288 -55.7498 -11.35 1.08
72478 -55.1029 -11.35 1.08
71883 -52.2002 -11.35 1.08
74437 -52.0461 -11.35 1.08
74356 -49.4415 -11.35 1.08
64046 -46.6293 -11.35 1.08
77459 -54.9945 -11.35 1.08
73033 -52.567 -11.35 1.08
71638 -66.7577 -11.35 1.08
68983 -53.4324 -11.35 1.08
73922 -49.051 -11.35 1.08
52666 -72.3791 -11.35 1.08
72620 -53.1455 -11.35 1.08
76610 -51.597 -11.35 1.08
70057 -57.0518 -11.35 1.08
220990 -60.9584 19.14 -28.45
222794 -59.2652 19.14 -28.45
212350 -63.339 19.14 -28.45
218904 -61.3443 19.14 -28.45
217421 -56.9146 19.14 -28.45
215638 -61.5427 19.14 -28.45
222608 -62.1057 19.14 -28.45
209560 -69.1563 19.14 -28.45
226325 -64.7523 19.14 -28.45
217285 -62.1208 19.14 -28.45
218843 -61.39 19.14 -28.45
217358 -64.6776 19.14 -28.45
204482 -70.1925 19.14 -28.45
216356 -64.3034 19.14 -28.45
221379 -63.5475 19.14 -28.45
214784 -60.6789 19.14 -28.45
212795 -61.9365 19.14 -28.45
218222 -63.0934 19.14 -28.45
220507 -59.278 19.14 -28.45
216391 -62.0946 19.14 -28.45
220476 -58.5968 19.14 -28.45
213475 -67.507 19.14 -28.45
217881 -63.8947 19.14 -28.45
221377 -61.9533 19.14 -28.45
215520 -62.749 19.14 -28.45
224046 -64.227 19.14 -28.45
214714 -58.3087 19.14 -28.45
212507 -65.1414 19.14 -28.45
217261 -59.1864 19.14 -28.45
225541 -62.028 19.14 -28.45
214773 -61.5991 19.14 -28.45
223231 -62.9693 19.14 -28.45
223842 -60.3435 19.14 -28.45
217084 -67.3535 19.14 -28.45
222337 -61.8247 19.14 -28.45
217048 -65.563 19.14 -28.45
221393 -64.7684 19.14 -28.45
216845 -62.3379 19.14 -28.45
221574 -61.0823 19.14 -28.45
103056 -58.8903 -9.92 12.72
101006 -52.2749 -9.92 12.72
103822 -52.1796 -9.92 12.72
112502 -71.1126 -9.92 12.72
114416 -76.5467 -9.92 12.72
110210 -55.1184 -9.92 12.72
107510 -61.1957 -9.92 12.72
105120 -56.8337 -9.92 12.72
103369 -62.6116 -9.92 12.72
103092 -54.7466 -9.92 12.72
108723 -58.2843 -9.92 12.72
104820 -54.93 -9.92 12.72
104377 -54.4074 -9.92 12.72
109109 -57.116 -9.92 12.72
103676 -62.0496 -9.92 12.72
103699 -62.4734 -9.92 12.72
106107 -60.6555 -9.92 12.72
103707 -54.5475 -9.92 12.72
102019 -60.9956 -9.92 12.72
107694 -49.5367 -9.92 12.72
105581 -57.5316 -9.92 12.72
95527 -59.5784 -9.92 12.72
99651 -52.8331 -9.92 12.72
108826 -59.0865 -9.92 12.72
104817 -57.0996 -9.92 12.72
105296 -66.1959 -9.92 12.72
102822 -51.4291 -9.92 12.72
97046 -53.4013 -9.92 12.72
106359 -60.3589 -9.92 12.72
101559 -58.4774 -9.92 12.72
104138 -50.7554 -9.92 12.72
98222 -64.5282 -9.92 12.72
100203 -61.3104 -9.92 12.72
100871 -60.4066 -9.92 12.72
103376 -55.4775 -9.92 12.72
100937 -58.223 -9.92 12.72
103423 -55.7746 -9.92 12.72
103759 -55.7228 -9.92 12.72
101527 -63.6249 -9.92 12.72
131922 -57.5777 -18.38 -8.45
124942 -61.4112 -18.38 -8.45
132311 -60.2269 -18.38 -8.45
131878 -60.1258 -18.38 -8.45
135284 -55.1422 -18.38 -8.45
127648 -61.1225 -18.38 -8.45
133249 -58.6898 -18.38 -8.45
127712 -61.4935 -18.38 -8.45
128016 -58.2687 -18.38 -8.45
132461 -59.0425 -18.38 -8.45
129797 -55.9097 -18.38 -8.45
128552 -57.9934 -18.38 -8.45
131270 -59.6818 -18.38 -8.45
129785 -62.7945 -18.38 -8.45
127186 -56.4674 -18.38 -8.45
122287 -63.0425 -18.38 -8.45
131724 -65.7831 -18.38 -8.45
132863 -59.0493 -18.38 -8.45
126759 -60.0811 -18.38 -8.45
127288 -71.0638 -18.38 -8.45
127922 -72.5206 -18.38 -8.45
132938 -59.6539 -18.38 -8.45
129763 -60.4646 -18.38 -8.45
133765 -62.6445 -18.38 -8.45
128284 -55.547 -18.38 -8.45
123200 -58.6434 -18.38 -8.45
129337 -60.1966 -18.38 -8.45
129417 -63.1131 -18.38 -8.45
131936 -57.6817 -18.38 -8.45
133736 -57.177 -18.38 -8.45
124061 -58.1214 -18.38 -8.45
132131 -60.3507 -18.38 -8.45
125218 -59.4957 -18.38 -8.45
129181 -57.7758 -18.38 -8.45
130017 -61.0457 -18.38 -8.45
131584 -63.7306 -18.38 -8.45
129331 -63.3132 -18.38 -8.45
127803 -54.7357 -18.38 -8.45
132067 -59.3418 -18.38 -8.45
216647 -60.9663 -23.39 21.4
212556 -58.8889 -23.39 21.4
203372 -60.7169 -23.39 21.4
212448 -60.0768 -23.39 21.4
219719 -58.7089 -23.39 21.4
209886 -56.231 -23.39 21.4
214522 -67.3422 -23.39 21.4
212365 -70.0939 -23.39 21.4
212987 -62.5501 -23.39 21.4
215016 -61.7997 -23.39 21.4
214750 -61.9819 -23.39 21.4
214754 -56.4107 -23.39 21.4
211977 -61.9513 -23.39 21.4
211734 -58.8421 -23.39 21.4
212784 -57.229 -23.39 21.4
209727 -62.9117 -23.39 21.4
215254 -59.0331 -23.39 21.4
208964 -62.6182 -23.39 21.4
215608 -60.0907 -23.39 21.4
217080 -70.5649 -23.39 21.4
211565 -56.5137 -23.39 21.4
208376 -59.6168 -23.39 21.4
212788 -57.9657 -23.39 21.4
211942 -58.5495 -23.39 21.4
211625 -62.8271 -23.39 21.4
187775 -72.8193 -23.39 21.4
186545 -70.8091 -23.39 21.4
206206 -61.8511 -23.39 21.4
210610 -62.7332 -23.39 21.4
212593 -59.0576 -23.39 21.4
204907 -63.2863 -23.39 21.4
217761 -63.893 -23.39 21.4
220645 -60.208 -23.39 21.4
209150 -62.0075 -23.39 21.4
217501 -61.3063 -23.39 21.4
205029 -61.6336 -23.39 21.4
221800 -57.6775 -23.39 21.4
216006 -56.8303 -23.39 21.4
210729 -70.6343 -23.39 21.4
181644 -56.3079 27.74 4.11
181148 -57.2469 27.74 4.11
191480 -66.2277 27.74 4.11
185975 -62.1732 27.74 4.11
189950 -62.125 27.74 4.11
186478 -57.99 27.74 4.11
186341 -60.0067 27.74 4.11
186149 -59.316 27.74 4.11
182799 -59.6485 27.74 4.11
179486 -60.626 27.74 4.11
183386 -64.164 27.74 4.11
186201 -63.6599 27.74 4.11
185876 -56.5279 27.74 4.11
180740 -62.3522 27.74 4.11
179851 -59.1673 27.74 4.11
185209 -65.0123 27.74 4.11
184097 -59.9067 27.74 4.11
185401 -58.2391 27.74 4.11
185137 -65.2291 27.74 4.11
186030 -61.571 27.74 4.11
184775 -59.405 27.74 4.11
182489 -60.1031 27.74 4.11
182187 -61.5166 27.74 4.11
177910 -61.1872 27.74 4.11
195880 -67.0223 27.74 4.11
188406 -56.7883 27.74 4.11
179813 -64.8961 27.74 4.11
185296 -62.4653 27.74 4.11
186077 -64.4461 27.74 4.11
181469 -64.1261 27.74 4.11
185395 -56.2324 27.74 4.11
188733 -60.7234 27.74 4.11
185625 -53.7525 27.74 4.11
184149 -58.5191 27.74 4.11
182314 -57.5442 27.74 4.11
168772 -69.8789 27.74 4.11
183542 -63.774 27.74 4.11
188976 -65.963 27.74 4.11
188535 -59.5468 27.74 4.11
170454 -61.5636 21.91 14.46
163807 -58.1815 21.91 14.46
167906 -63.2075 21.91 14.46
171455 -51.7985 21.91 14.46
180101 -64.1032 21.91 14.46
171447 -65.6355 21.91 14.46
161100 -63.2276 21.91 14.46
161583 -59.8653 21.91 14.46
165451 -61.9011 21.91 14.46
166441 -63.0261 21.91 14.46
166731 -62.0278 21.91 14.46
167391 -59.8825 21.91 14.46
176066 -72.115 21.91 14.46
162860 -65.5851 21.91 14.46
169809 -58.3521 21.91 14.46
178009 -75.7298 21.91 14.46
160595 -69.5974 21.91 14.46
175030 -59.5806 21.91 14.46
171604 -64.6096 21.91 14.46
165951 -62.5609 21.91 14.46
169917 -60.4034 21.91 14.46
173163 -61.1616 21.91 14.46
168578 -59.5258 21.91 14.46
175185 -60.3932 21.91 14.46
164505 -61.8621 21.91 14.46
169843 -64.7277 21.91 14.46
165577 -65.2001 21.91 14.46
166002 -61.4183 21.91 14.46
167782 -59.0715 21.91 14.46
168052 -68.7164 21.91 14.46
165720 -63.3394 21.91 14.46
163168 -62.1314 21.91 14.46
176727 -61.469 21.91 14.46
171299 -57.6317 21.91 14.46
170307 -57.4747 21.91 14.46
169829 -59.8099 21.91 14.46
169316 -62.6426 21.91 14.46
165655 -61.4271 21.91 14.46
173765 -53.8687 21.91 14.46
146954 -56.9657 21.15 -2.51
138873 -57.7321 21.15 -2.51
142486 -61.8955 21.15 -2.51
144020 -54.2484 21.15 -2.51
143623 -60.3693 21.15 -2.51
140919 -57.9007 21.15 -2.51
145117 -60.9113 21.15 -2.51
147877 -59.3133 21.15 -2.51
143444 -59.7208 21.15 -2.51
144127 -56.7877 21.15 -2.51
141312 -56.6171 21.15 -2.51
141273 -55.9419 21.15 -2.51
142467 -54.8775 21.15 -2.51
137958 -54.9812 21.15 -2.51
143375 -57.9271 21.15 -2.51
144951 -63.311 21.15 -2.51
142403 -53.4189 21.15 -2.51
144003 -57.5238 21.15 -2.51
139947 -62.0181 21.15 -2.51
146653 -57.8181 21.15 -2.51
137656 -67.3228 21.15 -2.51
147069 -59.0394 21.15 -2.51
146687 -59.6605 21.15 -2.51
148416 -62.6986 21.15 -2.51
143293 -63.4938 21.15 -2.51
142133 -57.7423 21.15 -2.51
129885 -72.9165 21.15 -2.51
150011 -57.5246 21.15 -2.51
149159 -56.3548 21.15 -2.51
136542 -65.9291 21.15 -2.51
138435 -60.4394 21.15 -2.51
145223 -62.461 21.15 -2.51
143154 -60.5498 21.15 -2.51
137123 -65.4093 21.15 -2.51
144603 -61.9315 21.15 -2.51
140402 -64.498 21.15 -2.51
147145 -55.8372 21.15 -2.51
149470 -62.2543 21.15 -2.51
143936 -58.0712 21.15 -2.51
232086 -68.0005 -25.23 -25.22
234825 -60.4521 -25.23 -25.22
236839 -59.2446 -25.23 -25.22
231625 -66.9629 -25.23 -25.22
229584 -66.8275 -25.23 -25.22
238635 -61.9473 -25.23 -25.22
231234 -63.1055 -25.23 -25.22
234022 -60.7891 -25.23 -25.22
227535 -76.7475 -25.23 -25.22
236311 -61.0937 -25.23 -25.22
236604 -65.3448 -25.23 -25.22
228540 -60.0556 -25.23 -25.22
235376 -67.2857 -25.23 -25.22
242779 -68.1032 -25.23 -25.22
230795 -60.0349 -25.23 -25.22
227886 -64.0937 -25.23 -25.22
240852 -66.7773 -25.23 -25.22
232335 -62.183 -25.23 -25.22
229841 -68.6778 -25.23 -25.22
237074 -61.9384 -25.23 -25.22
232449 -73.3107 -25.23 -25.22
250074 -67.9382 -25.23 -25.22
235755 -66.3899 -25.23 -25.22
228884 -69.3873 -25.23 -25.22
234460 -68.9998 -25.23 -25.22
226808 -65.9945 -25.23 -25.22
240092 -63.9254 -25.23 -25.22
235458 -64.4483 -25.23 -25.22
232668 -58.2507 -25.23 -25.22
238594 -59.7141 -25.23 -25.22
227427 -66.0705 -25.23 -25.22
221643 -67.0779 -25.23 -25.22
231722 -69.8316 -25.23 -25.22
208564 -80.0424 -25.23 -25.22
231553 -59.224 -25.23 -25.22
232514 -60.96 -25.23 -25.22
215075 -67.1325 -25.23 -25.22
246949 -65.0398 -25.23 -25.22
236908 -59.729 -25.23 -25.22
165693 -65.0859 15.65 -20.59
166704 -57.2645 15.65 -20.59
172571 -64.1603 15.65 -20.59
164462 -64.0724 15.65 -20.59
163968 -57.9398 15.65 -20.59
162581 -60.3184 15.65 -20.59
212900 -81.0269 15.65 -20.59
164284 -65.224 15.65 -20.59
164127 -60.4082 15.65 -20.59
167763 -65.8805 15.65 -20.59
165753 -57.9736 15.65 -20.59
166566 -60.1432 15.65 -20.59
162244 -60.0241 15.65 -20.59
172550 -55.0475 15.65 -20.59
165510 -59.3654 15.65 -20.59
165910 -61.9023 15.65 -20.59
161229 -60.8298 15.65 -20.59
165899 -62.1726 15.65 -20.59
163600 -69.3856 15.65 -20.59
163492 -60.5642 15.65 -20.59
165268 -59.4499 15.65 -20.59
168050 -68.9091 15.65 -20.59
165267 -58.7314 15.65 -20.59
175046 -55.6709 15.65 -20.59
161613 -63.6886 15.65 -20.59
170356 -61.757 15.65 -20.59
167788 -54.7644 15.65 -20.59
167177 -56.1804 15.65 -20.59
165155 -55.28 15.65 -20.59
167475 -57.4595 15.65 -20.59
166857 -61.3495 15.65 -20.59
158493 -63.137 15.65 -20.59
168095 -55.4891 15.65 -20.59
166798 -62.6533 15.65 -20.59
163234 -62.4069 15.65 -20.59
171828 -58.0461 15.65 -20.59
155381 -61.2088 15.65 -20.59
165996 -57.9304 15.65 -20.59
165009 -64.3236 15.65 -20.59
