#rtt sig_str x y
263303 -64.1925 25.15 -28.06
260885 -65.2432 25.15 -28.06
269463 -59.7756 25.15 -28.06
274776 -59.2907 25.15 -28.06
269040 -63.4506 25.15 -28.06
264789 -60.4562 25.15 -28.06
266268 -64.1462 25.15 -28.06
271763 -63.4951 25.15 -28.06
265395 -65.6088 25.15 -28.06
272990 -65.5589 25.15 -28.06
271900 -63.6733 25.15 -28.06
269599 -61.8312 25.15 -28.06
270004 -62.9993 25.15 -28.06
273668 -65.8812 25.15 -28.06
268012 -70.9609 25.15 -28.06
265447 -64.1335 25.15 -28.06
270612 -68.3936 25.15 -28.06
265515 -67.8943 25.15 -28.06
267810 -61.4254 25.15 -28.06
273708 -60.4501 25.15 -28.06
272566 -62.6934 25.15 -28.06
267835 -78.5357 25.15 -28.06
279204 -66.8288 25.15 -28.06
274107 -71.0894 25.15 -28.06
270643 -65.6141 25.15 -28.06
268718 -64.9672 25.15 -28.06
275115 -62.0645 25.15 -28.06
270845 -61.9104 25.15 -28.06
276387 -59.3058 25.15 -28.06
275091 -56.4936 25.15 -28.06
275153 -64.8588 25.15 -28.06
276260 -62.4313 25.15 -28.06
228376 -76.622 25.15 -28.06
271981 -63.2967 25.15 -28.06
277999 -58.9153 25.15 -28.06
270152 -61.5513 25.15 -28.06
273869 -63.2069 25.15 -28.06
268500 -61.8104 25.15 -28.06
254928 -69.6573 25.15 -28.06
76640 -48.4794 8.53 -8.8
79124 -61.2649 8.53 -8.8
77401 -57.8524 8.53 -8.8
76012 -57.1701 8.53 -8.8
77997 -55.265 8.53 -8.8
73277 -54.0719 8.53 -8.8
80853 -59.3526 8.53 -8.8
77614 -54.7178 8.53 -8.8
74461 -55.2246 8.53 -8.8
81086 -58.5689 8.53 -8.8
78517 -52.6705 8.53 -8.8
75719 -56.4995 8.53 -8.8
81644 -65.5482 8.53 -8.8
71252 -51.9547 8.53 -8.8
81026 -50.565 8.53 -8.8
73045 -53.3104 8.53 -8.8
75275 -58.3307 8.53 -8.8
78426 -48.948 8.53 -8.8
75624 -52.3249 8.53 -8.8
81290 -52.1603 8.53 -8.8
72925 -50.656 8.53 -8.8
77368 -52.0572 8.53 -8.8
81601 -53.8919 8.53 -8.8
73815 -51.9181 8.53 -8.8
76574 -57.555 8.53 -8.8
73646 -56.327 8.53 -8.8
75134 -59.7563 8.53 -8.8
75397 -57.7407 8.53 -8.8
68095 -52.8575 8.53 -8.8
77664 -54.3859 8.53 -8.8
67571 -53.1687 8.53 -8.8
63673 -57.2993 8.53 -8.8
77423 -56.0903 8.53 -8.8
71788 -51.2702 8.53 -8.8
73726 -59.296 8.53 -8.8
73328 -53.7455 8.53 -8.8
76475 -55.034 8.53 -8.8
70475 -54.2006 8.53 -8.8
78650 -51.7518 8.53 -8.8
204589 -62.964 15.23 -27.6
205554 -62.763 15.23 -27.6
207791 -62.4634 15.23 -27.6
210456 -60.6469 15.23 -27.6
211291 -66.7242 15.23 -27.6
218506 -62.3622 15.23 -27.6
211168 -68.1401 15.23 -27.6
205044 -60.2751 15.23 -27.6
201726 -63.8128 15.23 -27.6
213960 -60.4585 15.23 -27.6
212808 -59.9359 15.23 -27.6
199953 -62.6445 15.23 -27.6
196591 -67.5781 15.23 -27.6
210992 -68.0019 15.23 -27.6
207092 -66.184 15.23 -27.6
204414 -60.0759 15.23 -27.6
211439 -66.5241 15.23 -27.6
198789 -55.0651 15.23 -27.6
209553 -60.552 15.23 -27.6
191183 -65.8881 15.23 -27.6
210982 -58.3616 15.23 -27.6
196779 -64.615 15.23 -27.6
208602 -62.6281 15.23 -27.6
213129 -71.7244 15.23 -27.6
215752 -56.9576 15.23 -27.6
209903 -58.9298 15.23 -27.6
216623 -65.8874 15.23 -27.6
201668 -64.0059 15.23 -27.6
207408 -56.2838 15.23 -27.6
210024 -70.0567 15.23 -27.6
217457 -66.8389 15.23 -27.6
216541 -65.9351 15.23 -27.6
202588 -61.006 15.23 -27.6
209546 -63.7515 15.23 -27.6
207096 -61.3031 15.23 -27.6
208312 -61.2512 15.23 -27.6
203312 -69.1534 15.23 -27.6
197127 -62.1348 15.23 -27.6
204843 -57.8943 15.23 -27.6
188349 -63.0448 -21.64 18.49
194649 -62.9436 -21.64 18.49
187386 -57.96 -21.64 18.49
188706 -63.9404 -21.64 18.49
189341 -61.5076 -21.64 18.49
189731 -64.3113 -21.64 18.49
192638 -61.0865 -21.64 18.49
188279 -61.8603 -21.64 18.49
185585 -58.7276 -21.64 18.49
188272 -60.8112 -21.64 18.49
198454 -62.4996 -21.64 18.49
180307 -65.6123 -21.64 18.49
195243 -59.2852 -21.64 18.49
192430 -65.8603 -21.64 18.49
178625 -68.6009 -21.64 18.49
192619 -61.8671 -21.64 18.49
197946 -62.8989 -21.64 18.49
164045 -73.8816 -21.64 18.49
188266 -56.1418 -21.64 18.49
191835 -67.3288 -21.64 18.49
189103 -63.2824 -21.64 18.49
184246 -65.4623 -21.64 18.49
195214 -58.3648 -21.64 18.49
189194 -61.4612 -21.64 18.49
192911 -63.0144 -21.64 18.49
186507 -65.931 -21.64 18.49
199189 -60.4995 -21.64 18.49
189246 -59.9948 -21.64 18.49
192819 -60.9392 -21.64 18.49
191661 -63.1686 -21.64 18.49
191464 -62.3135 -21.64 18.49
193776 -60.5937 -21.64 18.49
191135 -63.8635 -21.64 18.49
175512 -66.5484 -21.64 18.49
188565 -66.131 -21.64 18.49
192866 -57.5535 -21.64 18.49
196395 -62.1596 -21.64 18.49
189134 -64.4399 -21.64 18.49
192539 -60.7227 -21.64 18.49
169104 -59.2473 -24.76 -9.53
176690 -58.6073 -24.76 -9.53
168347 -57.2394 -24.76 -9.53
175121 -54.7615 -24.76 -9.53
163398 -65.8726 -24.76 -9.53
165995 -68.6243 -24.76 -9.53
172297 -61.0805 -24.76 -9.53
175441 -60.3301 -24.76 -9.53
173462 -60.5123 -24.76 -9.53
165697 -54.9411 -24.76 -9.53
172070 -60.4817 -24.76 -9.53
177510 -57.3725 -24.76 -9.53
170912 -55.7594 -24.76 -9.53
178137 -61.4422 -24.76 -9.53
163127 -57.5636 -24.76 -9.53
167076 -61.1486 -24.76 -9.53
171553 -58.6212 -24.76 -9.53
171065 -69.0953 -24.76 -9.53
165181 -63.2216 -24.76 -9.53
175364 -60.9727 -24.76 -9.53
179747 -56.4961 -24.76 -9.53
172225 -57.0799 -24.76 -9.53
172598 -61.3576 -24.76 -9.53
170101 -71.3497 -24.76 -9.53
178735 -69.3395 -24.76 -9.53
173504 -60.3815 -24.76 -9.53
174538 -61.2636 -24.76 -9.53
170260 -57.588 -24.76 -9.53
174200 -61.8168 -24.76 -9.53
164604 -62.4234 -24.76 -9.53
170927 -58.7385 -24.76 -9.53
173711 -60.5379 -24.76 -9.53
178722 -59.8368 -24.76 -9.53
169951 -60.164 -24.76 -9.53
175531 -56.2079 -24.76 -9.53
170378 -55.3607 -24.76 -9.53
173737 -69.1647 -24.76 -9.53
177913 -60.6077 -24.76 -9.53
174560 -64.2303 -24.76 -9.53
189968 -66.5162 17.28 23.34
191315 -62.4616 17.28 23.34
182374 -62.4135 17.28 23.34
190110 -58.2785 17.28 23.34
188966 -60.2952 17.28 23.34
190082 -59.6045 17.28 23.34
189337 -59.937 17.28 23.34
192020 -60.9144 17.28 23.34
187774 -64.4525 17.28 23.34
184277 -63.9484 17.28 23.34
188915 -56.8164 17.28 23.34
187035 -62.6407 17.28 23.34
188483 -59.4558 17.28 23.34
189219 -65.3007 17.28 23.34
187984 -60.1951 17.28 23.34
191124 -58.5276 17.28 23.34
183933 -65.5176 17.28 23.34
182676 -61.8595 17.28 23.34
185068 -62.2441 17.28 23.34
192355 -62.2196 17.28 23.34
183192 -61.805 17.28 23.34
186581 -61.4757 17.28 23.34
182328 -67.3108 17.28 23.34
184735 -57.0767 17.28 23.34
189363 -65.1846 17.28 23.34
184804 -62.7538 17.28 23.34
194393 -64.7346 17.28 23.34
179882 -64.4146 17.28 23.34
192928 -56.5209 17.28 23.34
183957 -61.0118 17.28 23.34
190689 -54.041 17.28 23.34
185464 -64.4293 17.28 23.34
187939 -56.5667 17.28 23.34
191707 -70.1674 17.28 23.34
186530 -64.0625 17.28 23.34
183143 -66.2515 17.28 23.34
183928 -59.8352 17.28 23.34
191543 -70.4332 17.28 23.34
184877 -58.5001 17.28 23.34
111350 -60.3016 -10.43 15.23
122142 -48.8926 -10.43 15.23
119471 -61.1973 -10.43 15.23
118614 -62.7296 -10.43 15.23
116500 -60.3216 -10.43 15.23
120688 -56.9594 -10.43 15.23
122230 -64.3771 -10.43 15.23
123621 -58.4454 -10.43 15.23
128025 -59.1219 -10.43 15.23
116448 -56.9766 -10.43 15.23
118929 -69.2091 -10.43 15.23
111267 -62.6792 -10.43 15.23
112495 -55.4462 -10.43 15.23
114250 -72.8238 -10.43 15.23
119939 -66.6915 -10.43 15.23
118532 -56.6747 -10.43 15.23
115855 -61.7037 -10.43 15.23
114564 -59.6549 -10.43 15.23
122339 -57.831 -10.43 15.23
117387 -55.789 -10.43 15.23
116996 -56.6199 -10.43 15.23
112651 -57.4873 -10.43 15.23
120094 -58.9561 -10.43 15.23
122264 -61.8218 -10.43 15.23
114089 -62.2941 -10.43 15.23
120347 -58.5123 -10.43 15.23
119671 -56.1656 -10.43 15.23
118179 -65.8105 -10.43 15.23
116699 -60.4335 -10.43 15.23
121617 -59.2255 -10.43 15.23
108302 -58.5631 -10.43 15.23
116249 -54.7258 -10.43 15.23
118442 -54.5688 -10.43 15.23
127450 -56.904 -10.43 15.23
124149 -59.7367 -10.43 15.23
123063 -58.5211 -10.43 15.23
128843 -50.9628 -10.43 15.23
122337 -70.7086 -10.43 15.23
119631 -62.8461 -10.43 15.23
73471 -57.029 2.46 11.55
73423 -49.3819 2.46 11.55
69924 -55.5028 2.46 11.55
80061 -53.0342 2.46 11.55
73316 -56.0448 2.46 11.55
76421 -54.4468 2.46 11.55
77344 -54.8543 2.46 11.55
81580 -51.9212 2.46 11.55
74980 -51.7506 2.46 11.55
73378 -51.0754 2.46 11.55
72086 -50.011 2.46 11.55
74376 -50.1147 2.46 11.55
80133 -53.0606 2.46 11.55
69653 -58.4445 2.46 11.55
78786 -48.5524 2.46 11.55
77837 -52.6573 2.46 11.55
71295 -57.1516 2.46 11.55
79940 -52.9516 2.46 11.55
76252 -53.9109 2.46 11.55
78249 -55.5754 2.46 11.55
74371 -54.794 2.46 11.55
69936 -57.8321 2.46 11.55
80584 -58.6273 2.46 11.55
78567 -52.8758 2.46 11.55
42414 -68.05 2.46 11.55
69853 -52.6581 2.46 11.55
75563 -51.4883 2.46 11.55
77829 -61.0626 2.46 11.55
72989 -55.5729 2.46 11.55
72319 -57.5945 2.46 11.55
72039 -55.6833 2.46 11.55
71458 -60.5428 2.46 11.55
77595 -57.065 2.46 11.55
79077 -59.6315 2.46 11.55
82879 -50.9707 2.46 11.55
70415 -57.3877 2.46 11.55
78434 -53.2047 2.46 11.55
77602 -54.7387 2.46 11.55
74137 -55.8435 2.46 11.55
99115 -52.4194 -15.59 -0.56
103437 -60.1378 -15.59 -0.56
111088 -60.0023 -15.59 -0.56
103133 -55.1221 -15.59 -0.56
110914 -56.2803 -15.59 -0.56
108796 -53.9639 -15.59 -0.56
108777 -69.9223 -15.59 -0.56
108718 -54.2685 -15.59 -0.56
109815 -58.5196 -15.59 -0.56
109714 -53.2304 -15.59 -0.56
106528 -60.4605 -15.59 -0.56
98339 -61.278 -15.59 -0.56
105382 -53.2098 -15.59 -0.56
103547 -57.2685 -15.59 -0.56
104992 -59.9521 -15.59 -0.56
109668 -55.3578 -15.59 -0.56
103561 -61.8527 -15.59 -0.56
106139 -55.1132 -15.59 -0.56
104751 -56.8707 -15.59 -0.56
116893 -57.4073 -15.59 -0.56
100812 -59.5647 -15.59 -0.56
94661 -62.5621 -15.59 -0.56
104280 -62.1746 -15.59 -0.56
104281 -59.1693 -15.59 -0.56
110731 -57.1003 -15.59 -0.56
110324 -57.6232 -15.59 -0.56
111601 -51.4255 -15.59 -0.56
98287 -52.8889 -15.59 -0.56
109529 -59.2454 -15.59 -0.56
106262 -60.2527 -15.59 -0.56
105295 -63.0064 -15.59 -0.56
90523 -73.2172 -15.59 -0.56
101161 -52.3988 -15.59 -0.56
108820 -54.1349 -15.59 -0.56
103961 -60.3073 -15.59 -0.56
110052 -58.2146 -15.59 -0.56
107003 -52.9039 -15.59 -0.56
104161 -55.2586 -15.59 -0.56
105590 -57.2976 -15.59 -0.56
150034 -62.9622 2.73 22.2
143548 -62.8743 2.73 22.2
148480 -56.7417 2.73 22.2
138789 -59.1203 2.73 22.2
71286 -79.8288 2.73 22.2
147771 -64.0259 2.73 22.2
145008 -59.2101 2.73 22.2
154365 -64.6824 2.73 22.2
151440 -56.7754 2.73 22.2
147643 -58.9451 2.73 22.2
147730 -58.826 2.73 22.2
148488 -53.8494 2.73 22.2
151410 -58.1673 2.73 22.2
145913 -60.7042 2.73 22.2
144764 -59.6317 2.73 22.2
152081 -60.9745 2.73 22.2
144037 -68.1875 2.73 22.2
148622 -59.3661 2.73 22.2
143930 -55.7305 2.73 22.2
145009 -58.0556 2.73 22.2
149957 -57.5332 2.73 22.2
146286 -54.4728 2.73 22.2
138732 -62.4905 2.73 22.2
146832 -60.5589 2.73 22.2
148884 -53.5663 2.73 22.2
144015 -54.9822 2.73 22.2
144916 -54.0818 2.73 22.2
148972 -56.2614 2.73 22.2
147423 -60.1514 2.73 22.2
134702 -61.9388 2.73 22.2
146484 -54.291 2.73 22.2
141119 -61.4552 2.73 22.2
141377 -61.2087 2.73 22.2
143357 -56.8479 2.73 22.2
142117 -60.0107 2.73 22.2
147686 -56.7323 2.73 22.2
147094 -63.1255 2.73 22.2
141580 -57.5611 2.73 22.2
147155 -62.7445 2.73 22.2
