#rtt sig_str x y
44832 -49.086 0.04 -6.04
45144 -50.1367 0.04 -6.04
43746 -44.6691 0.04 -6.04
48203 -44.1842 0.04 -6.04
46248 -48.344 0.04 -6.04
47359 -45.3497 0.04 -6.04
39977 -49.0397 0.04 -6.04
34761 -48.3886 0.04 -6.04
45873 -50.5023 0.04 -6.04
42416 -50.4523 0.04 -6.04
44683 -48.5667 0.04 -6.04
40935 -46.7247 0.04 -6.04
44471 -47.8927 0.04 -6.04
38159 -50.7747 0.04 -6.04
40805 -55.8544 0.04 -6.04
45383 -49.027 0.04 -6.04
38335 -53.2871 0.04 -6.04
46353 -52.7878 0.04 -6.04
38701 -46.3189 0.04 -6.04
45187 -45.3436 0.04 -6.04
41066 -47.5868 0.04 -6.04
41020 -63.4292 0.04 -6.04
33523 -51.7223 0.04 -6.04
43940 -55.9829 0.04 -6.04
40379 -50.5076 0.04 -6.04
46180 -49.8607 0.04 -6.04
44255 -46.958 0.04 -6.04
37148 -46.8039 0.04 -6.04
48222 -44.1993 0.04 -6.04
45612 -41.3871 0.04 -6.04
34455 -49.7523 0.04 -6.04
40924 -47.3247 0.04 -6.04
36959 -61.5155 0.04 -6.04
42534 -48.1902 0.04 -6.04
41794 -43.8088 0.04 -6.04
44303 -67.1369 0.04 -6.04
43101 -47.9033 0.04 -6.04
43625 -46.3547 0.04 -6.04
41493 -51.8095 0.04 -6.04
8932 -40.8661 -1.92 -2.31
16724 -39.1728 -1.92 -2.31
18087 -43.2467 -1.92 -2.31
16694 -41.2519 -1.92 -2.31
13505 -36.8223 -1.92 -2.31
13465 -41.4503 -1.92 -2.31
9222 -42.0133 -1.92 -2.31
11144 -49.0639 -1.92 -2.31
10976 -44.66 -1.92 -2.31
11881 -42.0285 -1.92 -2.31
15040 -41.2977 -1.92 -2.31
17052 -44.5852 -1.92 -2.31
12280 -50.1001 -1.92 -2.31
10509 -44.211 -1.92 -2.31
11772 -43.4551 -1.92 -2.31
12758 -40.5866 -1.92 -2.31
13130 -41.8442 -1.92 -2.31
22412 -43.0011 -1.92 -2.31
9917 -39.1857 -1.92 -2.31
11034 -42.0023 -1.92 -2.31
15512 -38.5045 -1.92 -2.31
17588 -47.4146 -1.92 -2.31
13590 -43.8023 -1.92 -2.31
12670 -41.861 -1.92 -2.31
8469 -42.6566 -1.92 -2.31
11487 -44.1347 -1.92 -2.31
19808 -38.2164 -1.92 -2.31
10258 -45.0491 -1.92 -2.31
14649 -39.0941 -1.92 -2.31
18037 -41.9356 -1.92 -2.31
13568 -41.5067 -1.92 -2.31
12725 -42.8769 -1.92 -2.31
19209 -40.2511 -1.92 -2.31
19610 -47.2611 -1.92 -2.31
9615 -41.7324 -1.92 -2.31
15897 -45.4706 -1.92 -2.31
15538 -44.676 -1.92 -2.31
14317 -42.2456 -1.92 -2.31
6664 -40.99 -1.92 -2.31
126885 -60.167 0.05 18.83
130703 -53.5515 0.05 18.83
126076 -53.4563 0.05 18.83
110248 -72.3893 0.05 18.83
112134 -77.8234 0.05 18.83
129882 -56.3951 0.05 18.83
127334 -62.4724 0.05 18.83
127115 -58.1104 0.05 18.83
126330 -63.8883 0.05 18.83
127148 -56.0233 0.05 18.83
123601 -59.561 0.05 18.83
130419 -56.2067 0.05 18.83
129316 -55.6841 0.05 18.83
124480 -58.3927 0.05 18.83
124531 -63.3263 0.05 18.83
123993 -63.7501 0.05 18.83
129394 -61.9322 0.05 18.83
123310 -55.8241 0.05 18.83
128581 -62.2723 0.05 18.83
130185 -50.8133 0.05 18.83
132722 -58.8083 0.05 18.83
121300 -60.8551 0.05 18.83
124284 -54.1098 0.05 18.83
121984 -60.3632 0.05 18.83
125719 -58.3763 0.05 18.83
125634 -67.4726 0.05 18.83
125777 -52.7058 0.05 18.83
130656 -54.678 0.05 18.83
125888 -61.6356 0.05 18.83
128780 -59.7541 0.05 18.83
128719 -52.0321 0.05 18.83
133427 -65.8049 0.05 18.83
131951 -62.5871 0.05 18.83
125668 -61.6833 0.05 18.83
118574 -56.7542 0.05 18.83
129645 -59.4997 0.05 18.83
121889 -57.0513 0.05 18.83
122342 -56.9994 0.05 18.83
119460 -64.9016 0.05 18.83
145560 -58.0486 -21.05 -3.95
141457 -61.8821 -21.05 -3.95
137292 -60.6979 -21.05 -3.95
140361 -60.5967 -21.05 -3.95
145389 -55.6131 -21.05 -3.95
149041 -61.5935 -21.05 -3.95
148389 -59.1607 -21.05 -3.95
146409 -61.9644 -21.05 -3.95
133917 -58.7396 -21.05 -3.95
139753 -59.5134 -21.05 -3.95
143299 -56.3806 -21.05 -3.95
147200 -58.4643 -21.05 -3.95
145975 -60.1527 -21.05 -3.95
141930 -63.2654 -21.05 -3.95
139723 -56.9383 -21.05 -3.95
141113 -63.5134 -21.05 -3.95
143162 -66.254 -21.05 -3.95
130182 -59.5202 -21.05 -3.95
144356 -60.552 -21.05 -3.95
110700 -71.5347 -21.05 -3.95
144919 -72.9915 -21.05 -3.95
142321 -60.1248 -21.05 -3.95
139519 -60.9355 -21.05 -3.95
138645 -63.1154 -21.05 -3.95
143478 -56.0179 -21.05 -3.95
141438 -59.1143 -21.05 -3.95
143093 -60.6675 -21.05 -3.95
131805 -63.5841 -21.05 -3.95
138147 -58.1526 -21.05 -3.95
140346 -57.6479 -21.05 -3.95
136532 -58.5923 -21.05 -3.95
140134 -60.8216 -21.05 -3.95
141259 -59.9666 -21.05 -3.95
144657 -58.2467 -21.05 -3.95
143383 -61.5166 -21.05 -3.95
140138 -64.2015 -21.05 -3.95
139375 -63.7841 -21.05 -3.95
132976 -55.2066 -21.05 -3.95
138963 -59.8127 -21.05 -3.95
190268 -60.3892 19.22 22.46
191631 -58.3118 19.22 22.46
191564 -60.1398 19.22 22.46
187789 -59.4997 19.22 22.46
190193 -58.1319 19.22 22.46
185389 -55.6539 19.22 22.46
192962 -66.7651 19.22 22.46
196716 -69.5168 19.22 22.46
186702 -61.973 19.22 22.46
196931 -61.2226 19.22 22.46
186856 -61.4048 19.22 22.46
195579 -55.8336 19.22 22.46
188686 -61.3742 19.22 22.46
190082 -58.265 19.22 22.46
193254 -56.6519 19.22 22.46
184728 -62.3346 19.22 22.46
193283 -58.456 19.22 22.46
184523 -62.0411 19.22 22.46
186231 -59.5136 19.22 22.46
192515 -69.9878 19.22 22.46
196665 -55.9366 19.22 22.46
187151 -59.0397 19.22 22.46
186799 -57.3886 19.22 22.46
183329 -57.9724 19.22 22.46
192915 -62.25 19.22 22.46
186790 -72.2422 19.22 22.46
198051 -70.232 19.22 22.46
197284 -61.274 19.22 22.46
198826 -62.1561 19.22 22.46
189958 -58.4805 19.22 22.46
196366 -62.7092 19.22 22.46
191585 -63.3159 19.22 22.46
199302 -59.631 19.22 22.46
186201 -61.4304 19.22 22.46
185946 -60.7292 19.22 22.46
192816 -61.0565 19.22 22.46
190922 -57.1004 19.22 22.46
193518 -56.2532 19.22 22.46
185668 -70.0572 19.22 22.46
146789 -54.2325 -10.72 -18.99
138034 -55.1716 -10.72 -18.99
151194 -64.1524 -10.72 -18.99
147371 -60.0978 -10.72 -18.99
148339 -60.0497 -10.72 -18.99
141880 -55.9146 -10.72 -18.99
139849 -57.9314 -10.72 -18.99
142909 -57.2406 -10.72 -18.99
144858 -57.5732 -10.72 -18.99
145163 -58.5506 -10.72 -18.99
138557 -62.0886 -10.72 -18.99
149862 -61.5846 -10.72 -18.99
143414 -54.4526 -10.72 -18.99
143858 -60.2769 -10.72 -18.99
145495 -57.092 -10.72 -18.99
139788 -62.9369 -10.72 -18.99
141100 -57.8313 -10.72 -18.99
137937 -56.1638 -10.72 -18.99
145998 -63.1538 -10.72 -18.99
145818 -59.4957 -10.72 -18.99
148337 -57.3296 -10.72 -18.99
147954 -58.0278 -10.72 -18.99
142196 -59.4412 -10.72 -18.99
139043 -59.1119 -10.72 -18.99
150867 -64.947 -10.72 -18.99
141279 -54.7129 -10.72 -18.99
139815 -62.8207 -10.72 -18.99
146338 -60.39 -10.72 -18.99
140599 -62.3707 -10.72 -18.99
144696 -62.0508 -10.72 -18.99
143004 -54.1571 -10.72 -18.99
143632 -58.648 -10.72 -18.99
140042 -51.6772 -10.72 -18.99
143479 -56.4437 -10.72 -18.99
141411 -55.4689 -10.72 -18.99
145640 -67.8036 -10.72 -18.99
138954 -61.6986 -10.72 -18.99
140852 -63.8877 -10.72 -18.99
144808 -57.4714 -10.72 -18.99
119186 -58.4363 16.75 6.51
115217 -55.0543 16.75 6.51
116843 -60.0803 16.75 6.51
121428 -48.6713 16.75 6.51
118442 -60.976 16.75 6.51
121168 -62.5082 16.75 6.51
122175 -60.1003 16.75 6.51
120780 -56.7381 16.75 6.51
123343 -58.7739 16.75 6.51
122976 -59.8988 16.75 6.51
110429 -58.9006 16.75 6.51
118557 -56.7553 16.75 6.51
95650 -68.9878 16.75 6.51
113069 -62.4579 16.75 6.51
126191 -55.2249 16.75 6.51
106903 -72.6025 16.75 6.51
123920 -66.4702 16.75 6.51
122066 -56.4534 16.75 6.51
111846 -61.4824 16.75 6.51
120653 -59.4336 16.75 6.51
121594 -57.2762 16.75 6.51
123853 -58.0343 16.75 6.51
123961 -56.3986 16.75 6.51
117731 -57.266 16.75 6.51
108633 -58.7348 16.75 6.51
120747 -61.6005 16.75 6.51
113250 -62.0728 16.75 6.51
116662 -58.291 16.75 6.51
119892 -55.9443 16.75 6.51
128727 -65.5892 16.75 6.51
114809 -60.2122 16.75 6.51
116254 -59.0042 16.75 6.51
114225 -58.3418 16.75 6.51
117061 -54.5045 16.75 6.51
119621 -54.3475 16.75 6.51
117636 -56.6827 16.75 6.51
115602 -59.5154 16.75 6.51
122749 -58.2998 16.75 6.51
120566 -50.7415 16.75 6.51
215243 -60.4338 18.91 -26.34
209247 -61.2002 18.91 -26.34
201495 -65.3637 18.91 -26.34
216946 -57.7165 18.91 -26.34
218865 -63.8374 18.91 -26.34
216060 -61.3688 18.91 -26.34
213278 -64.3795 18.91 -26.34
205440 -62.7814 18.91 -26.34
213461 -63.1889 18.91 -26.34
215107 -60.2559 18.91 -26.34
215745 -60.0852 18.91 -26.34
209658 -59.4101 18.91 -26.34
210725 -58.3457 18.91 -26.34
208594 -58.4493 18.91 -26.34
210045 -61.3952 18.91 -26.34
216152 -66.7791 18.91 -26.34
212914 -56.8871 18.91 -26.34
212943 -60.9919 18.91 -26.34
216988 -65.4863 18.91 -26.34
210567 -61.2862 18.91 -26.34
216598 -70.7909 18.91 -26.34
218237 -62.5075 18.91 -26.34
199644 -63.1286 18.91 -26.34
207109 -66.1667 18.91 -26.34
215334 -66.9619 18.91 -26.34
210622 -61.2104 18.91 -26.34
191251 -76.3846 18.91 -26.34
212511 -60.9927 18.91 -26.34
206106 -59.8229 18.91 -26.34
187725 -69.3972 18.91 -26.34
214812 -63.9075 18.91 -26.34
208994 -65.9292 18.91 -26.34
206539 -64.0179 18.91 -26.34
209714 -68.8774 18.91 -26.34
207919 -65.3996 18.91 -26.34
205644 -67.9661 18.91 -26.34
209135 -59.3054 18.91 -26.34
211275 -65.7224 18.91 -26.34
202926 -61.5394 18.91 -26.34
268930 -69.0904 -29.12 -28.45
268796 -61.5421 -29.12 -28.45
275266 -60.3345 -29.12 -28.45
279808 -68.0529 -29.12 -28.45
268683 -67.9174 -29.12 -28.45
272553 -63.0372 -29.12 -28.45
271230 -64.1954 -29.12 -28.45
276783 -61.879 -29.12 -28.45
251034 -77.8374 -29.12 -28.45
270099 -62.1836 -29.12 -28.45
269731 -66.4347 -29.12 -28.45
276495 -61.1455 -29.12 -28.45
265969 -68.3756 -29.12 -28.45
271745 -69.1931 -29.12 -28.45
266738 -61.1249 -29.12 -28.45
275489 -65.1836 -29.12 -28.45
265697 -67.8672 -29.12 -28.45
275392 -63.2729 -29.12 -28.45
278339 -69.7678 -29.12 -28.45
271009 -63.0283 -29.12 -28.45
253894 -74.4007 -29.12 -28.45
262322 -69.0281 -29.12 -28.45
266140 -67.4798 -29.12 -28.45
264890 -70.4772 -29.12 -28.45
272345 -70.0897 -29.12 -28.45
270085 -67.0844 -29.12 -28.45
267864 -65.0154 -29.12 -28.45
278762 -65.5383 -29.12 -28.45
271729 -59.3406 -29.12 -28.45
265875 -60.804 -29.12 -28.45
275872 -67.1605 -29.12 -28.45
261577 -68.1678 -29.12 -28.45
276726 -70.9215 -29.12 -28.45
250651 -81.1323 -29.12 -28.45
270054 -60.3139 -29.12 -28.45
266720 -62.05 -29.12 -28.45
276061 -68.2224 -29.12 -28.45
278904 -66.1297 -29.12 -28.45
268698 -60.819 -29.12 -28.45
198740 -66.3213 -16.35 -25.2
203274 -58.4999 -16.35 -25.2
199780 -65.3957 -16.35 -25.2
197209 -65.3078 -16.35 -25.2
193844 -59.1752 -16.35 -25.2
198565 -61.5538 -16.35 -25.2
197671 -58.396 -16.35 -25.2
200763 -54.5956 -16.35 -25.2
192634 -58.4731 -16.35 -25.2
199453 -59.3557 -16.35 -25.2
203566 -59.3567 -16.35 -25.2
190460 -70.4232 -16.35 -25.2
204669 -61.3057 -16.35 -25.2
199706 -60.1886 -16.35 -25.2
204633 -61.105 -16.35 -25.2
202559 -57.5308 -16.35 -25.2
205834 -61.101 -16.35 -25.2
197741 -62.0537 -16.35 -25.2
204547 -64.0963 -16.35 -25.2
199045 -55.8958 -16.35 -25.2
202164 -65.5926 -16.35 -25.2
205507 -63.051 -16.35 -25.2
200222 -66.4928 -16.35 -25.2
200059 -58.5601 -16.35 -25.2
190581 -64.5352 -16.35 -25.2
200371 -60.2335 -16.35 -25.2
194751 -61.1769 -16.35 -25.2
198149 -61.2448 -16.35 -25.2
196680 -63.6831 -16.35 -25.2
194414 -64.9233 -16.35 -25.2
133385 -71.8633 -16.35 -25.2
194702 -59.4486 -16.35 -25.2
200030 -60.8548 -16.35 -25.2
195178 -68.9311 -16.35 -25.2
200876 -57.41 -16.35 -25.2
206278 -57.7965 -16.35 -25.2
190621 -66.7055 -16.35 -25.2
193262 -67.3928 -16.35 -25.2
202375 -61.4922 -16.35 -25.2
