#rtt sig_str x y
181541 -61.5869 -27.24 3.61
179165 -62.6375 -27.24 3.61
178462 -57.17 -27.24 3.61
180136 -56.6851 -27.24 3.61
181763 -60.8449 -27.24 3.61
184896 -57.8506 -27.24 3.61
190950 -61.5406 -27.24 3.61
180232 -60.8895 -27.24 3.61
181565 -63.0032 -27.24 3.61
172723 -62.9532 -27.24 3.61
182555 -61.0676 -27.24 3.61
176396 -59.2256 -27.24 3.61
180561 -60.3936 -27.24 3.61
184090 -63.2756 -27.24 3.61
185469 -68.3553 -27.24 3.61
184831 -61.5279 -27.24 3.61
186486 -65.788 -27.24 3.61
176427 -65.2886 -27.24 3.61
178786 -58.8198 -27.24 3.61
183115 -57.8445 -27.24 3.61
180763 -60.0877 -27.24 3.61
125522 -75.9301 -27.24 3.61
174308 -64.2232 -27.24 3.61
181436 -68.4838 -27.24 3.61
179911 -63.0085 -27.24 3.61
182621 -62.3615 -27.24 3.61
181348 -59.4589 -27.24 3.61
178097 -59.3048 -27.24 3.61
178858 -56.7002 -27.24 3.61
184557 -53.888 -27.24 3.61
182792 -62.2532 -27.24 3.61
170533 -59.8256 -27.24 3.61
180348 -74.0164 -27.24 3.61
182922 -60.6911 -27.24 3.61
179507 -56.3097 -27.24 3.61
190991 -79.6377 -27.24 3.61
184252 -60.4042 -27.24 3.61
183965 -58.8556 -27.24 3.61
183203 -64.3104 -27.24 3.61
60815 -48.8413 -7.79 -1.29
57185 -47.148 -7.79 -1.29
62462 -51.2219 -7.79 -1.29
62069 -49.2271 -7.79 -1.29
59695 -44.7975 -7.79 -1.29
60544 -49.4255 -7.79 -1.29
58801 -49.9886 -7.79 -1.29
61115 -57.0391 -7.79 -1.29
45670 -52.6352 -7.79 -1.29
57984 -50.0037 -7.79 -1.29
66845 -49.2729 -7.79 -1.29
62089 -52.5605 -7.79 -1.29
64472 -58.0753 -7.79 -1.29
61689 -52.1863 -7.79 -1.29
56776 -51.4304 -7.79 -1.29
57672 -48.5618 -7.79 -1.29
55673 -49.8194 -7.79 -1.29
63695 -50.9763 -7.79 -1.29
56467 -47.1609 -7.79 -1.29
58128 -49.9775 -7.79 -1.29
57671 -46.4797 -7.79 -1.29
57904 -55.3899 -7.79 -1.29
65730 -51.7775 -7.79 -1.29
57813 -49.8362 -7.79 -1.29
58321 -50.6318 -7.79 -1.29
54632 -52.1099 -7.79 -1.29
57220 -46.1916 -7.79 -1.29
58771 -53.0243 -7.79 -1.29
60793 -47.0693 -7.79 -1.29
61909 -49.9108 -7.79 -1.29
54140 -49.482 -7.79 -1.29
60125 -50.8521 -7.79 -1.29
61930 -48.2264 -7.79 -1.29
54533 -55.2363 -7.79 -1.29
59803 -49.7076 -7.79 -1.29
59693 -53.4459 -7.79 -1.29
57697 -52.6512 -7.79 -1.29
64148 -50.2208 -7.79 -1.29
55412 -48.9652 -7.79 -1.29
121691 -60.2475 -15.46 -11.07
118214 -53.632 -15.46 -11.07
121399 -53.5368 -15.46 -11.07
122670 -72.4698 -15.46 -11.07
85640 -77.9039 -15.46 -11.07
117859 -56.4755 -15.46 -11.07
108996 -62.5529 -15.46 -11.07
116714 -58.1908 -15.46 -11.07
113002 -63.9688 -15.46 -11.07
112617 -56.1038 -15.46 -11.07
109064 -59.6415 -15.46 -11.07
111129 -56.2872 -15.46 -11.07
113523 -55.7646 -15.46 -11.07
117674 -58.4732 -15.46 -11.07
121665 -63.4068 -15.46 -11.07
116656 -63.8306 -15.46 -11.07
119736 -62.0127 -15.46 -11.07
119913 -55.9046 -15.46 -11.07
116863 -62.3528 -15.46 -11.07
115778 -50.8938 -15.46 -11.07
113375 -58.8888 -15.46 -11.07
116973 -60.9356 -15.46 -11.07
117594 -54.1903 -15.46 -11.07
121650 -60.4437 -15.46 -11.07
115857 -58.4568 -15.46 -11.07
106418 -67.5531 -15.46 -11.07
123733 -52.7863 -15.46 -11.07
115318 -54.7585 -15.46 -11.07
119001 -61.7161 -15.46 -11.07
113427 -59.8345 -15.46 -11.07
117979 -52.1125 -15.46 -11.07
106099 -65.8854 -15.46 -11.07
125458 -62.6676 -15.46 -11.07
114922 -61.7638 -15.46 -11.07
118796 -56.8347 -15.46 -11.07
117942 -59.5801 -15.46 -11.07
123035 -57.1318 -15.46 -11.07
130993 -57.0799 -15.46 -11.07
114474 -64.9821 -15.46 -11.07
74556 -52.51 7.71 -7.77
87616 -56.3434 7.71 -7.77
77616 -55.1592 7.71 -7.77
76915 -55.0581 7.71 -7.77
79288 -50.0744 7.71 -7.77
71302 -56.0548 7.71 -7.77
80151 -53.622 7.71 -7.77
80442 -56.4258 7.71 -7.77
83858 -53.201 7.71 -7.77
74208 -53.9748 7.71 -7.77
84139 -50.842 7.71 -7.77
83452 -52.9256 7.71 -7.77
83321 -54.6141 7.71 -7.77
75792 -57.7267 7.71 -7.77
80385 -51.3996 7.71 -7.77
83285 -57.9748 7.71 -7.77
82192 -60.7153 7.71 -7.77
74829 -53.9816 7.71 -7.77
79118 -55.0134 7.71 -7.77
74490 -65.996 7.71 -7.77
84957 -67.4529 7.71 -7.77
81926 -54.5862 7.71 -7.77
78592 -55.3969 7.71 -7.77
78123 -57.5767 7.71 -7.77
79173 -50.4792 7.71 -7.77
78043 -53.5757 7.71 -7.77
79878 -55.1289 7.71 -7.77
80737 -58.0454 7.71 -7.77
79002 -52.614 7.71 -7.77
79205 -52.1093 7.71 -7.77
78078 -53.0536 7.71 -7.77
76279 -55.283 7.71 -7.77
75890 -54.428 7.71 -7.77
79699 -52.7081 7.71 -7.77
80792 -55.978 7.71 -7.77
78286 -58.6629 7.71 -7.77
83792 -58.2454 7.71 -7.77
76773 -49.668 7.71 -7.77
78680 -54.2741 7.71 -7.77
211445 -61.1475 29.41 13.61
211745 -59.0702 29.41 13.61
217857 -60.8981 29.41 13.61
216368 -60.258 29.41 13.61
214822 -58.8902 29.41 13.61
212400 -56.4123 29.41 13.61
218365 -67.5234 29.41 13.61
214156 -70.2751 29.41 13.61
217176 -62.7313 29.41 13.61
215756 -61.9809 29.41 13.61
216602 -62.1631 29.41 13.61
216944 -56.5919 29.41 13.61
220947 -62.1325 29.41 13.61
224925 -59.0233 29.41 13.61
219184 -57.4102 29.41 13.61
218560 -63.093 29.41 13.61
216044 -59.2143 29.41 13.61
224072 -62.7994 29.41 13.61
209793 -60.272 29.41 13.61
214019 -70.7461 29.41 13.61
209458 -56.6949 29.41 13.61
227316 -59.798 29.41 13.61
222202 -58.1469 29.41 13.61
217428 -58.7307 29.41 13.61
212980 -63.0084 29.41 13.61
219138 -73.0005 29.41 13.61
220621 -70.9903 29.41 13.61
216553 -62.0323 29.41 13.61
217043 -62.9144 29.41 13.61
224357 -59.2388 29.41 13.61
226115 -63.4676 29.41 13.61
216479 -64.0742 29.41 13.61
219649 -60.3893 29.41 13.61
222524 -62.1887 29.41 13.61
213230 -61.4875 29.41 13.61
221959 -61.8148 29.41 13.61
216618 -57.8587 29.41 13.61
219854 -57.0115 29.41 13.61
221875 -70.8155 29.41 13.61
175834 -55.6668 -22.17 -13.48
180106 -56.6058 -22.17 -13.48
171858 -65.5866 -22.17 -13.48
176213 -61.532 -22.17 -13.48
174258 -61.4839 -22.17 -13.48
175921 -57.3489 -22.17 -13.48
170771 -59.3656 -22.17 -13.48
175498 -58.6748 -22.17 -13.48
177162 -59.0074 -22.17 -13.48
181858 -59.9848 -22.17 -13.48
182447 -63.5229 -22.17 -13.48
178160 -63.0188 -22.17 -13.48
177120 -55.8868 -22.17 -13.48
170777 -61.7111 -22.17 -13.48
176241 -58.5262 -22.17 -13.48
171929 -64.3711 -22.17 -13.48
174903 -59.2655 -22.17 -13.48
173060 -57.598 -22.17 -13.48
169929 -64.588 -22.17 -13.48
176068 -60.9299 -22.17 -13.48
170968 -58.7638 -22.17 -13.48
176278 -59.462 -22.17 -13.48
173515 -60.8754 -22.17 -13.48
173300 -60.5461 -22.17 -13.48
171249 -66.3812 -22.17 -13.48
168850 -56.1471 -22.17 -13.48
173284 -64.255 -22.17 -13.48
174749 -61.8242 -22.17 -13.48
174864 -63.8049 -22.17 -13.48
174405 -63.485 -22.17 -13.48
174084 -55.5913 -22.17 -13.48
179049 -60.0822 -22.17 -13.48
167975 -53.1114 -22.17 -13.48
172139 -57.8779 -22.17 -13.48
172053 -56.9031 -22.17 -13.48
174212 -69.2378 -22.17 -13.48
169269 -63.1329 -22.17 -13.48
172723 -65.3219 -22.17 -13.48
173321 -58.9056 -22.17 -13.48
191054 -62.8103 -19.59 -23.42
203484 -59.4282 -19.59 -23.42
193145 -64.4542 -19.59 -23.42
197520 -53.0452 -19.59 -23.42
196446 -65.3499 -19.59 -23.42
198016 -66.8822 -19.59 -23.42
196350 -64.4743 -19.59 -23.42
195051 -61.112 -19.59 -23.42
199661 -63.1478 -19.59 -23.42
194867 -64.2728 -19.59 -23.42
189788 -63.2745 -19.59 -23.42
197572 -61.1292 -19.59 -23.42
194143 -73.3617 -19.59 -23.42
202140 -66.8318 -19.59 -23.42
202784 -59.5989 -19.59 -23.42
191553 -76.9765 -19.59 -23.42
194184 -70.8441 -19.59 -23.42
195845 -60.8273 -19.59 -23.42
198042 -65.8563 -19.59 -23.42
189201 -63.8076 -19.59 -23.42
203343 -61.6501 -19.59 -23.42
199492 -62.4083 -19.59 -23.42
187568 -60.7725 -19.59 -23.42
203405 -61.6399 -19.59 -23.42
192902 -63.1088 -19.59 -23.42
196617 -65.9744 -19.59 -23.42
191163 -66.4468 -19.59 -23.42
202727 -62.665 -19.59 -23.42
190757 -60.3182 -19.59 -23.42
196739 -69.9631 -19.59 -23.42
192801 -64.5861 -19.59 -23.42
196683 -63.3781 -19.59 -23.42
192544 -62.7157 -19.59 -23.42
189883 -58.8784 -19.59 -23.42
196148 -58.7214 -19.59 -23.42
183863 -61.0566 -19.59 -23.42
195515 -63.8893 -19.59 -23.42
198820 -62.6738 -19.59 -23.42
187942 -55.1154 -19.59 -23.42
194489 -59.6755 -14.5 25.78
199093 -60.4419 -14.5 25.78
195145 -64.6053 -14.5 25.78
198067 -56.9582 -14.5 25.78
190479 -63.0791 -14.5 25.78
192847 -60.6105 -14.5 25.78
194216 -63.6211 -14.5 25.78
188948 -62.0231 -14.5 25.78
195575 -62.4306 -14.5 25.78
193943 -59.4976 -14.5 25.78
186705 -59.3269 -14.5 25.78
195325 -58.6517 -14.5 25.78
199135 -57.5873 -14.5 25.78
198068 -57.691 -14.5 25.78
202119 -60.6369 -14.5 25.78
204305 -66.0208 -14.5 25.78
196548 -56.1288 -14.5 25.78
202076 -60.2336 -14.5 25.78
195583 -64.7279 -14.5 25.78
189966 -60.5279 -14.5 25.78
197349 -70.0326 -14.5 25.78
187908 -61.7492 -14.5 25.78
189415 -62.3703 -14.5 25.78
196687 -65.4084 -14.5 25.78
199248 -66.2036 -14.5 25.78
199051 -60.4521 -14.5 25.78
180638 -75.6263 -14.5 25.78
200044 -60.2344 -14.5 25.78
194997 -59.0646 -14.5 25.78
191216 -68.6389 -14.5 25.78
189340 -63.1492 -14.5 25.78
190959 -65.1708 -14.5 25.78
188331 -63.2596 -14.5 25.78
188523 -68.1191 -14.5 25.78
200809 -64.6413 -14.5 25.78
186532 -67.2078 -14.5 25.78
199764 -58.547 -14.5 25.78
200911 -64.9641 -14.5 25.78
191873 -60.781 -14.5 25.78
86823 -59.8449 -4.9 12.34
84879 -52.2966 -4.9 12.34
85195 -51.089 -4.9 12.34
80704 -58.8074 -4.9 12.34
88296 -58.672 -4.9 12.34
79138 -53.7917 -4.9 12.34
85806 -54.95 -4.9 12.34
78250 -52.6335 -4.9 12.34
81611 -68.592 -4.9 12.34
80355 -52.9381 -4.9 12.34
78928 -57.1893 -4.9 12.34
84332 -51.9001 -4.9 12.34
77152 -59.1302 -4.9 12.34
77048 -59.9477 -4.9 12.34
84592 -51.8794 -4.9 12.34
84828 -55.9382 -4.9 12.34
75674 -58.6218 -4.9 12.34
78538 -54.0275 -4.9 12.34
77285 -60.5223 -4.9 12.34
82685 -53.7829 -4.9 12.34
86143 -65.1552 -4.9 12.34
90733 -59.7827 -4.9 12.34
83792 -58.2344 -4.9 12.34
82325 -61.2317 -4.9 12.34
83240 -60.8443 -4.9 12.34
84758 -57.839 -4.9 12.34
80577 -55.7699 -4.9 12.34
83753 -56.2928 -4.9 12.34
84406 -50.0951 -4.9 12.34
85017 -51.5586 -4.9 12.34
85275 -57.915 -4.9 12.34
82130 -58.9224 -4.9 12.34
94525 -61.6761 -4.9 12.34
61464 -71.8869 -4.9 12.34
84529 -51.0684 -4.9 12.34
77210 -52.8045 -4.9 12.34
75957 -58.977 -4.9 12.34
81965 -56.8843 -4.9 12.34
83111 -51.5735 -4.9 12.34
199902 -66.1154 -22.14 -19.19
203607 -58.294 -22.14 -19.19
198858 -65.1898 -22.14 -19.19
195776 -65.1019 -22.14 -19.19
196727 -58.9693 -22.14 -19.19
196266 -61.3479 -22.14 -19.19
190753 -58.1901 -22.14 -19.19
192889 -54.3897 -22.14 -19.19
201890 -58.2672 -22.14 -19.19
194453 -59.1498 -22.14 -19.19
199341 -59.1508 -22.14 -19.19
182191 -70.2173 -22.14 -19.19
192177 -61.0998 -22.14 -19.19
194216 -59.9827 -22.14 -19.19
192834 -60.8991 -22.14 -19.19
190648 -57.3249 -22.14 -19.19
199766 -60.8951 -22.14 -19.19
198502 -61.8478 -22.14 -19.19
192897 -63.8904 -22.14 -19.19
194103 -55.6899 -22.14 -19.19
196738 -65.3867 -22.14 -19.19
201034 -62.8451 -22.14 -19.19
191165 -66.2869 -22.14 -19.19
199645 -58.3542 -22.14 -19.19
194112 -64.3294 -22.14 -19.19
194984 -60.0276 -22.14 -19.19
192961 -60.971 -22.14 -19.19
195246 -61.0389 -22.14 -19.19
186055 -63.4772 -22.14 -19.19
195220 -64.7174 -22.14 -19.19
185149 -71.6574 -22.14 -19.19
203502 -59.2427 -22.14 -19.19
193174 -60.6489 -22.14 -19.19
199848 -68.7252 -22.14 -19.19
201641 -57.2041 -22.14 -19.19
203230 -57.5906 -22.14 -19.19
195491 -66.4996 -22.14 -19.19
189897 -67.1869 -22.14 -19.19
184871 -61.2863 -22.14 -19.19
