#rtt sig_str x y
65249 -54.0135 8.85 6.49
72759 -55.0642 8.85 6.49
60575 -49.5966 8.85 6.49
75192 -49.1117 8.85 6.49
71253 -53.2716 8.85 6.49
66154 -50.2772 8.85 6.49
68157 -53.9673 8.85 6.49
75927 -53.3161 8.85 6.49
60994 -55.4298 8.85 6.49
75070 -55.3799 8.85 6.49
72282 -53.4943 8.85 6.49
67158 -51.6522 8.85 6.49
72525 -52.8203 8.85 6.49
70931 -55.7022 8.85 6.49
72363 -60.7819 8.85 6.49
70466 -53.9545 8.85 6.49
65538 -58.2146 8.85 6.49
69886 -57.7153 8.85 6.49
70551 -51.2464 8.85 6.49
71083 -50.2711 8.85 6.49
67115 -52.5144 8.85 6.49
63849 -68.3567 8.85 6.49
72917 -56.6498 8.85 6.49
61157 -60.9104 8.85 6.49
70522 -55.4351 8.85 6.49
72496 -54.7882 8.85 6.49
72873 -51.8855 8.85 6.49
68207 -51.7314 8.85 6.49
64188 -49.1268 8.85 6.49
70661 -46.3146 8.85 6.49
75378 -54.6798 8.85 6.49
70304 -52.2523 8.85 6.49
64907 -66.443 8.85 6.49
71125 -53.1177 8.85 6.49
74834 -48.7363 8.85 6.49
65258 -72.0644 8.85 6.49
71136 -52.8308 8.85 6.49
65459 -51.2823 8.85 6.49
80033 -56.7371 8.85 6.49
165140 -58.1791 0.43 24.48
159790 -56.4859 0.43 24.48
158468 -60.5598 0.43 24.48
160937 -58.565 0.43 24.48
162157 -54.1354 0.43 24.48
156552 -58.7634 0.43 24.48
164599 -59.3264 0.43 24.48
166408 -66.377 0.43 24.48
171205 -61.9731 0.43 24.48
169687 -59.3416 0.43 24.48
165239 -58.6108 0.43 24.48
163159 -61.8983 0.43 24.48
161063 -67.4132 0.43 24.48
160501 -61.5241 0.43 24.48
163335 -60.7682 0.43 24.48
163150 -57.8996 0.43 24.48
167221 -59.1572 0.43 24.48
161093 -60.3142 0.43 24.48
166663 -56.4988 0.43 24.48
165895 -59.3154 0.43 24.48
159685 -55.8176 0.43 24.48
160270 -64.7277 0.43 24.48
163560 -61.1154 0.43 24.48
168742 -59.174 0.43 24.48
167101 -59.9697 0.43 24.48
154145 -61.4477 0.43 24.48
159494 -55.5294 0.43 24.48
160109 -62.3621 0.43 24.48
167603 -56.4072 0.43 24.48
166943 -59.2487 0.43 24.48
166932 -58.8198 0.43 24.48
167868 -60.19 0.43 24.48
165144 -57.5642 0.43 24.48
156187 -64.5742 0.43 24.48
159612 -59.0455 0.43 24.48
168653 -62.7837 0.43 24.48
164023 -61.9891 0.43 24.48
168077 -59.5587 0.43 24.48
169635 -58.303 0.43 24.48
75084 -54.3518 1.7 9.15
72762 -47.7364 1.7 9.15
72249 -47.6411 1.7 9.15
75094 -66.5741 1.7 9.15
75452 -72.0083 1.7 9.15
75948 -50.5799 1.7 9.15
78704 -56.6572 1.7 9.15
75049 -52.2952 1.7 9.15
82683 -58.0731 1.7 9.15
82048 -50.2082 1.7 9.15
74242 -53.7459 1.7 9.15
77412 -50.3915 1.7 9.15
81688 -49.869 1.7 9.15
72570 -52.5776 1.7 9.15
80632 -57.5111 1.7 9.15
81315 -57.9349 1.7 9.15
79521 -56.117 1.7 9.15
70573 -50.009 1.7 9.15
79053 -56.4572 1.7 9.15
78426 -44.9982 1.7 9.15
79822 -52.9931 1.7 9.15
72645 -55.04 1.7 9.15
70676 -48.2947 1.7 9.15
75962 -54.548 1.7 9.15
77593 -52.5611 1.7 9.15
79064 -61.6574 1.7 9.15
78543 -46.8906 1.7 9.15
77207 -48.8629 1.7 9.15
73091 -55.8205 1.7 9.15
78079 -53.9389 1.7 9.15
73456 -46.2169 1.7 9.15
77045 -59.9897 1.7 9.15
69901 -56.7719 1.7 9.15
72933 -55.8681 1.7 9.15
70491 -50.939 1.7 9.15
83569 -53.6845 1.7 9.15
75099 -51.2361 1.7 9.15
77727 -51.1843 1.7 9.15
76656 -59.0864 1.7 9.15
174586 -60.0409 23.78 13.34
170278 -63.8744 23.78 13.34
179535 -62.6901 23.78 13.34
182422 -62.589 23.78 13.34
178132 -57.6054 23.78 13.34
166683 -63.5857 23.78 13.34
178516 -61.153 23.78 13.34
176069 -63.9567 23.78 13.34
174131 -60.7319 23.78 13.34
175722 -61.5057 23.78 13.34
173714 -58.3729 23.78 13.34
174224 -60.4565 23.78 13.34
183790 -62.145 23.78 13.34
179734 -65.2577 23.78 13.34
174318 -58.9306 23.78 13.34
183764 -65.5057 23.78 13.34
187781 -68.2463 23.78 13.34
173061 -61.5125 23.78 13.34
177736 -62.5443 23.78 13.34
120712 -73.527 23.78 13.34
135516 -74.9838 23.78 13.34
173802 -62.1171 23.78 13.34
183716 -62.9278 23.78 13.34
175106 -65.1077 23.78 13.34
179444 -58.0102 23.78 13.34
181568 -61.1066 23.78 13.34
183087 -62.6598 23.78 13.34
184146 -65.5763 23.78 13.34
178656 -60.1449 23.78 13.34
176429 -59.6402 23.78 13.34
177503 -60.5846 23.78 13.34
173940 -62.8139 23.78 13.34
178570 -61.9589 23.78 13.34
182162 -60.239 23.78 13.34
172763 -63.5089 23.78 13.34
163797 -66.1938 23.78 13.34
170947 -65.7764 23.78 13.34
181241 -57.1989 23.78 13.34
175092 -61.805 23.78 13.34
137121 -57.2046 12 -16.12
146140 -55.1273 12 -16.12
143104 -56.9552 12 -16.12
138613 -56.3152 12 -16.12
140909 -54.9473 12 -16.12
143755 -52.4694 12 -16.12
143724 -63.5805 12 -16.12
137268 -66.3322 12 -16.12
140439 -58.7884 12 -16.12
139586 -58.038 12 -16.12
147545 -58.2202 12 -16.12
143016 -52.649 12 -16.12
138300 -58.1896 12 -16.12
141211 -55.0804 12 -16.12
138490 -53.4673 12 -16.12
141866 -59.1501 12 -16.12
143252 -55.2715 12 -16.12
139464 -58.8565 12 -16.12
142702 -56.3291 12 -16.12
136483 -66.8032 12 -16.12
143364 -52.7521 12 -16.12
151209 -55.8551 12 -16.12
146661 -54.204 12 -16.12
135561 -54.7878 12 -16.12
144470 -59.0655 12 -16.12
125010 -69.0576 12 -16.12
138296 -67.0474 12 -16.12
141436 -58.0894 12 -16.12
143893 -58.9715 12 -16.12
141802 -55.2959 12 -16.12
145188 -59.5247 12 -16.12
141367 -60.1314 12 -16.12
142938 -56.4464 12 -16.12
135686 -58.2458 12 -16.12
143466 -57.5447 12 -16.12
142081 -57.8719 12 -16.12
140270 -53.9158 12 -16.12
144335 -53.0687 12 -16.12
143101 -66.8726 12 -16.12
174333 -55.5738 12.86 -22.2
167091 -56.5128 12.86 -22.2
178454 -65.4936 12.86 -22.2
172024 -61.4391 12.86 -22.2
169775 -61.3909 12.86 -22.2
174396 -57.2559 12.86 -22.2
168800 -59.2727 12.86 -22.2
166331 -58.5819 12.86 -22.2
161588 -58.9144 12.86 -22.2
165066 -59.8919 12.86 -22.2
166588 -63.4299 12.86 -22.2
172381 -62.9258 12.86 -22.2
166572 -55.7938 12.86 -22.2
166283 -61.6181 12.86 -22.2
174989 -58.4332 12.86 -22.2
166307 -64.2782 12.86 -22.2
159634 -59.1726 12.86 -22.2
167072 -57.5051 12.86 -22.2
166671 -64.4951 12.86 -22.2
172649 -60.8369 12.86 -22.2
169631 -58.6709 12.86 -22.2
167213 -59.369 12.86 -22.2
158271 -60.7825 12.86 -22.2
160545 -60.4531 12.86 -22.2
170827 -66.2882 12.86 -22.2
163262 -56.0542 12.86 -22.2
158197 -64.162 12.86 -22.2
167338 -61.7312 12.86 -22.2
168065 -63.712 12.86 -22.2
169176 -63.392 12.86 -22.2
161696 -55.4983 12.86 -22.2
168485 -59.9893 12.86 -22.2
163138 -53.0184 12.86 -22.2
170483 -57.785 12.86 -22.2
176227 -56.8101 12.86 -22.2
175683 -69.1448 12.86 -22.2
170645 -63.0399 12.86 -22.2
162101 -65.2289 12.86 -22.2
166540 -58.8127 12.86 -22.2
167896 -61.0928 13.04 21.09
170464 -57.7108 13.04 21.09
170135 -62.7367 13.04 21.09
170184 -51.3278 13.04 21.09
165408 -63.6325 13.04 21.09
169376 -65.1647 13.04 21.09
169953 -62.7568 13.04 21.09
167574 -59.3945 13.04 21.09
165482 -61.4304 13.04 21.09
168839 -62.5553 13.04 21.09
176715 -61.557 13.04 21.09
164168 -59.4118 13.04 21.09
149572 -71.6443 13.04 21.09
167084 -65.1144 13.04 21.09
170334 -57.8814 13.04 21.09
181720 -75.259 13.04 21.09
164547 -69.1266 13.04 21.09
175535 -59.1098 13.04 21.09
172392 -64.1388 13.04 21.09
172478 -62.0901 13.04 21.09
175340 -59.9326 13.04 21.09
166671 -60.6908 13.04 21.09
169142 -59.0551 13.04 21.09
177443 -59.9224 13.04 21.09
172934 -61.3913 13.04 21.09
173368 -64.2569 13.04 21.09
178963 -64.7293 13.04 21.09
166691 -60.9475 13.04 21.09
171896 -58.6007 13.04 21.09
154886 -68.2457 13.04 21.09
162682 -62.8687 13.04 21.09
165246 -61.6607 13.04 21.09
171701 -60.9983 13.04 21.09
173443 -57.161 13.04 21.09
173943 -57.0039 13.04 21.09
176092 -59.3392 13.04 21.09
171075 -62.1719 13.04 21.09
167656 -60.9563 13.04 21.09
175555 -53.398 13.04 21.09
216943 -60.4936 -16.63 28.11
217732 -61.26 -16.63 28.11
206496 -65.4234 -16.63 28.11
218806 -57.7763 -16.63 28.11
223680 -63.8972 -16.63 28.11
217508 -61.4286 -16.63 28.11
211479 -64.4393 -16.63 28.11
223996 -62.8412 -16.63 28.11
221219 -63.2487 -16.63 28.11
222250 -60.3157 -16.63 28.11
224819 -60.145 -16.63 28.11
221994 -59.4699 -16.63 28.11
222397 -58.4054 -16.63 28.11
220085 -58.5091 -16.63 28.11
220559 -61.455 -16.63 28.11
225056 -66.8389 -16.63 28.11
218721 -56.9469 -16.63 28.11
220789 -61.0517 -16.63 28.11
220057 -65.546 -16.63 28.11
215378 -61.346 -16.63 28.11
237129 -70.8507 -16.63 28.11
229177 -62.5673 -16.63 28.11
223997 -63.1884 -16.63 28.11
225106 -66.2265 -16.63 28.11
226274 -67.0217 -16.63 28.11
226789 -61.2702 -16.63 28.11
205794 -76.4444 -16.63 28.11
209927 -61.0525 -16.63 28.11
223858 -59.8827 -16.63 28.11
220521 -69.457 -16.63 28.11
225520 -63.9673 -16.63 28.11
220139 -65.9889 -16.63 28.11
211209 -64.0777 -16.63 28.11
230561 -68.9372 -16.63 28.11
223612 -65.4594 -16.63 28.11
226053 -68.0259 -16.63 28.11
220601 -59.3651 -16.63 28.11
225787 -65.7822 -16.63 28.11
216392 -61.5991 -16.63 28.11
182588 -65.9441 -19.49 -19.83
184768 -58.3957 -19.49 -19.83
189266 -57.1882 -19.49 -19.83
192789 -64.9065 -19.49 -19.83
184544 -64.7711 -19.49 -19.83
181379 -59.8909 -19.49 -19.83
186086 -61.0491 -19.49 -19.83
192111 -58.7327 -19.49 -19.83
188847 -74.6911 -19.49 -19.83
177572 -59.0373 -19.49 -19.83
186429 -63.2884 -19.49 -19.83
189745 -57.9992 -19.49 -19.83
182703 -65.2293 -19.49 -19.83
184237 -66.0468 -19.49 -19.83
182063 -57.9785 -19.49 -19.83
190379 -62.0373 -19.49 -19.83
168397 -64.7209 -19.49 -19.83
186456 -60.1266 -19.49 -19.83
188112 -66.6214 -19.49 -19.83
188761 -59.882 -19.49 -19.83
192941 -71.2543 -19.49 -19.83
181969 -65.8818 -19.49 -19.83
179534 -64.3335 -19.49 -19.83
186848 -67.3309 -19.49 -19.83
189271 -66.9434 -19.49 -19.83
187995 -63.9381 -19.49 -19.83
185364 -61.869 -19.49 -19.83
181500 -62.392 -19.49 -19.83
186990 -56.1943 -19.49 -19.83
185532 -57.6577 -19.49 -19.83
186830 -64.0142 -19.49 -19.83
190751 -65.0215 -19.49 -19.83
188103 -67.7752 -19.49 -19.83
93561 -77.986 -19.49 -19.83
191181 -57.1676 -19.49 -19.83
182036 -58.9036 -19.49 -19.83
175082 -65.0761 -19.49 -19.83
187316 -62.9834 -19.49 -19.83
183567 -57.6726 -19.49 -19.83
47166 -55.0871 -2.59 7.25
52348 -47.2657 -2.59 7.25
47136 -54.1615 -2.59 7.25
45850 -54.0736 -2.59 7.25
47234 -47.941 -2.59 7.25
57133 -50.3197 -2.59 7.25
40532 -71.0282 -2.59 7.25
50238 -55.2252 -2.59 7.25
47565 -50.4095 -2.59 7.25
50037 -55.8817 -2.59 7.25
47406 -47.9748 -2.59 7.25
49909 -50.1444 -2.59 7.25
44602 -50.0254 -2.59 7.25
52630 -45.0488 -2.59 7.25
48015 -49.3666 -2.59 7.25
45943 -51.9036 -2.59 7.25
51139 -50.831 -2.59 7.25
53270 -52.1738 -2.59 7.25
51762 -59.3868 -2.59 7.25
52275 -50.5654 -2.59 7.25
42969 -49.4511 -2.59 7.25
42922 -58.9103 -2.59 7.25
48860 -48.7326 -2.59 7.25
49343 -45.6721 -2.59 7.25
47157 -53.6898 -2.59 7.25
47967 -51.7582 -2.59 7.25
51149 -44.7656 -2.59 7.25
46550 -46.1816 -2.59 7.25
46893 -45.2812 -2.59 7.25
48145 -47.4608 -2.59 7.25
55965 -51.3507 -2.59 7.25
52758 -53.1382 -2.59 7.25
48413 -45.4903 -2.59 7.25
54155 -52.6545 -2.59 7.25
50113 -52.4081 -2.59 7.25
52781 -48.0473 -2.59 7.25
42645 -51.21 -2.59 7.25
56399 -47.9316 -2.59 7.25
54546 -54.3248 -2.59 7.25
