#rtt sig_str x y
218293 -63.3367 23.16 24.85
223258 -64.3874 23.16 24.85
225418 -58.9198 23.16 24.85
221924 -58.4349 23.16 24.85
218880 -62.5948 23.16 24.85
222738 -59.6004 23.16 24.85
225823 -63.2905 23.16 24.85
222084 -62.6394 23.16 24.85
218222 -64.753 23.16 24.85
218600 -64.7031 23.16 24.85
226518 -62.8175 23.16 24.85
224148 -60.9754 23.16 24.85
219389 -62.1435 23.16 24.85
231489 -65.0254 23.16 24.85
214130 -70.1051 23.16 24.85
215173 -63.2777 23.16 24.85
224809 -67.5379 23.16 24.85
222492 -67.0385 23.16 24.85
219544 -60.5696 23.16 24.85
222559 -59.5943 23.16 24.85
218732 -61.8376 23.16 24.85
236320 -77.68 23.16 24.85
230146 -65.973 23.16 24.85
231449 -70.2336 23.16 24.85
224927 -64.7583 23.16 24.85
221374 -64.1114 23.16 24.85
215928 -61.2087 23.16 24.85
223152 -61.0546 23.16 24.85
224483 -58.4501 23.16 24.85
224834 -55.6378 23.16 24.85
220433 -64.003 23.16 24.85
219812 -61.5755 23.16 24.85
206439 -75.7662 23.16 24.85
218213 -62.4409 23.16 24.85
223917 -58.0595 23.16 24.85
169561 -81.3876 23.16 24.85
222839 -62.154 23.16 24.85
215386 -60.6055 23.16 24.85
212099 -66.0603 23.16 24.85
155607 -57.7879 17.32 -15.66
155157 -56.0946 17.32 -15.66
155734 -60.1685 17.32 -15.66
158667 -58.1737 17.32 -15.66
151686 -53.7441 17.32 -15.66
158525 -58.3721 17.32 -15.66
160812 -58.9351 17.32 -15.66
141599 -65.9857 17.32 -15.66
158197 -61.5818 17.32 -15.66
150274 -58.9503 17.32 -15.66
156295 -58.2195 17.32 -15.66
145774 -61.5071 17.32 -15.66
148077 -67.0219 17.32 -15.66
151879 -61.1329 17.32 -15.66
154774 -60.3769 17.32 -15.66
163627 -57.5084 17.32 -15.66
155036 -58.766 17.32 -15.66
162902 -59.9229 17.32 -15.66
157411 -56.1075 17.32 -15.66
151614 -58.9241 17.32 -15.66
156208 -55.4263 17.32 -15.66
151064 -64.3364 17.32 -15.66
153647 -60.7241 17.32 -15.66
151635 -58.7828 17.32 -15.66
164788 -59.5784 17.32 -15.66
150205 -61.0565 17.32 -15.66
158134 -55.1382 17.32 -15.66
160964 -61.9709 17.32 -15.66
155741 -56.0159 17.32 -15.66
153867 -58.8574 17.32 -15.66
156876 -58.4286 17.32 -15.66
152458 -59.7987 17.32 -15.66
153256 -57.1729 17.32 -15.66
156907 -64.1829 17.32 -15.66
154483 -58.6542 17.32 -15.66
156673 -62.3924 17.32 -15.66
161178 -61.5978 17.32 -15.66
154551 -59.1674 17.32 -15.66
158033 -57.9118 17.32 -15.66
129032 -60.6553 -4.52 19.46
130446 -54.0399 -4.52 19.46
130443 -53.9446 -4.52 19.46
89624 -72.8776 -4.52 19.46
135856 -78.3118 -4.52 19.46
132589 -56.8834 -4.52 19.46
125273 -62.9607 -4.52 19.46
131054 -58.5987 -4.52 19.46
128381 -64.3766 -4.52 19.46
126056 -56.5116 -4.52 19.46
129320 -60.0493 -4.52 19.46
132260 -56.695 -4.52 19.46
125444 -56.1724 -4.52 19.46
124339 -58.881 -4.52 19.46
133747 -63.8146 -4.52 19.46
132416 -64.2384 -4.52 19.46
135313 -62.4205 -4.52 19.46
123211 -56.3125 -4.52 19.46
123904 -62.7606 -4.52 19.46
134538 -51.3017 -4.52 19.46
134363 -59.2966 -4.52 19.46
128114 -61.3434 -4.52 19.46
129657 -54.5981 -4.52 19.46
131044 -60.8515 -4.52 19.46
136353 -58.8646 -4.52 19.46
132881 -67.9609 -4.52 19.46
131378 -53.1941 -4.52 19.46
132847 -55.1664 -4.52 19.46
130284 -62.124 -4.52 19.46
125065 -60.2424 -4.52 19.46
127317 -52.5204 -4.52 19.46
122471 -66.2932 -4.52 19.46
124803 -63.0754 -4.52 19.46
133216 -62.1716 -4.52 19.46
130305 -57.2425 -4.52 19.46
126483 -59.988 -4.52 19.46
129598 -57.5396 -4.52 19.46
131063 -57.4878 -4.52 19.46
127640 -65.3899 -4.52 19.46
212361 -60.7067 -1.27 -29.53
206198 -64.5401 -1.27 -29.53
214443 -63.3559 -1.27 -29.53
201038 -63.2548 -1.27 -29.53
205050 -58.2712 -1.27 -29.53
202427 -64.2515 -1.27 -29.53
208539 -61.8187 -1.27 -29.53
208671 -64.6225 -1.27 -29.53
206808 -61.3977 -1.27 -29.53
205888 -62.1715 -1.27 -29.53
206047 -59.0387 -1.27 -29.53
199971 -61.1223 -1.27 -29.53
207043 -62.8108 -1.27 -29.53
205240 -65.9234 -1.27 -29.53
205816 -59.5963 -1.27 -29.53
192924 -66.1715 -1.27 -29.53
206920 -68.912 -1.27 -29.53
211166 -62.1783 -1.27 -29.53
203451 -63.2101 -1.27 -29.53
219680 -74.1927 -1.27 -29.53
173467 -75.6496 -1.27 -29.53
197662 -62.7829 -1.27 -29.53
206052 -63.5936 -1.27 -29.53
193018 -65.7734 -1.27 -29.53
206504 -58.6759 -1.27 -29.53
207298 -61.7724 -1.27 -29.53
200797 -63.3256 -1.27 -29.53
202137 -66.2421 -1.27 -29.53
201642 -60.8107 -1.27 -29.53
211161 -60.306 -1.27 -29.53
203954 -61.2503 -1.27 -29.53
199124 -63.4797 -1.27 -29.53
200277 -62.6247 -1.27 -29.53
207170 -60.9048 -1.27 -29.53
207900 -64.1747 -1.27 -29.53
209543 -66.8596 -1.27 -29.53
203356 -66.4421 -1.27 -29.53
208203 -57.8647 -1.27 -29.53
199697 -62.4708 -1.27 -29.53
252668 -62.6077 -29.98 -24.44
247690 -60.5303 -29.98 -24.44
242911 -62.3583 -29.98 -24.44
247302 -61.7182 -29.98 -24.44
255959 -60.3503 -29.98 -24.44
256098 -57.8724 -29.98 -24.44
248537 -68.9835 -29.98 -24.44
256916 -71.7353 -29.98 -24.44
249896 -64.1915 -29.98 -24.44
235152 -63.441 -29.98 -24.44
244954 -63.6232 -29.98 -24.44
247725 -58.052 -29.98 -24.44
253001 -63.5927 -29.98 -24.44
251844 -60.4835 -29.98 -24.44
250879 -58.8704 -29.98 -24.44
241766 -64.5531 -29.98 -24.44
252762 -60.6745 -29.98 -24.44
249595 -64.2595 -29.98 -24.44
241690 -61.7321 -29.98 -24.44
257725 -72.2062 -29.98 -24.44
245208 -58.1551 -29.98 -24.44
241200 -61.2581 -29.98 -24.44
241524 -59.607 -29.98 -24.44
250681 -60.1908 -29.98 -24.44
250469 -64.4685 -29.98 -24.44
235503 -74.4606 -29.98 -24.44
246250 -72.4505 -29.98 -24.44
248088 -63.4925 -29.98 -24.44
248850 -64.3746 -29.98 -24.44
246640 -60.6989 -29.98 -24.44
252079 -64.9277 -29.98 -24.44
257407 -65.5344 -29.98 -24.44
245502 -61.8494 -29.98 -24.44
255499 -63.6488 -29.98 -24.44
238059 -62.9477 -29.98 -24.44
254246 -63.2749 -29.98 -24.44
250684 -59.3189 -29.98 -24.44
246630 -58.4717 -29.98 -24.44
250777 -72.2757 -29.98 -24.44
160136 -55.6369 21.39 -14.52
162867 -56.5759 21.39 -14.52
161732 -65.5567 21.39 -14.52
159648 -61.5022 21.39 -14.52
158556 -61.454 21.39 -14.52
162015 -57.319 21.39 -14.52
161702 -59.3357 21.39 -14.52
160872 -58.645 21.39 -14.52
160267 -58.9775 21.39 -14.52
167698 -59.955 21.39 -14.52
160922 -63.493 21.39 -14.52
158819 -62.9889 21.39 -14.52
158868 -55.8569 21.39 -14.52
162845 -61.6812 21.39 -14.52
157746 -58.4963 21.39 -14.52
162180 -64.3413 21.39 -14.52
169067 -59.2357 21.39 -14.52
161370 -57.5681 21.39 -14.52
164298 -64.5582 21.39 -14.52
160281 -60.9 21.39 -14.52
156427 -58.734 21.39 -14.52
154121 -59.4321 21.39 -14.52
160812 -60.8456 21.39 -14.52
164156 -60.5162 21.39 -14.52
161827 -66.3513 21.39 -14.52
161886 -56.1173 21.39 -14.52
158913 -64.2251 21.39 -14.52
160473 -61.7943 21.39 -14.52
165306 -63.7751 21.39 -14.52
159315 -63.4551 21.39 -14.52
161354 -55.5614 21.39 -14.52
160379 -60.0524 21.39 -14.52
159019 -53.0815 21.39 -14.52
163645 -57.8481 21.39 -14.52
162173 -56.8732 21.39 -14.52
162174 -69.2079 21.39 -14.52
154895 -63.103 21.39 -14.52
166304 -65.292 21.39 -14.52
159219 -58.8758 21.39 -14.52
172839 -61.9231 -8.8 25.97
185354 -58.541 -8.8 25.97
174148 -63.567 -8.8 25.97
177908 -52.158 -8.8 25.97
175877 -64.4627 -8.8 25.97
175244 -65.995 -8.8 25.97
179739 -63.5871 -8.8 25.97
179548 -60.2248 -8.8 25.97
182854 -62.2606 -8.8 25.97
175454 -63.3856 -8.8 25.97
181932 -62.3873 -8.8 25.97
172798 -60.242 -8.8 25.97
185850 -72.4745 -8.8 25.97
177649 -65.9446 -8.8 25.97
183343 -58.7116 -8.8 25.97
182996 -76.0893 -8.8 25.97
175934 -69.9569 -8.8 25.97
172584 -59.9401 -8.8 25.97
174298 -64.9691 -8.8 25.97
183448 -62.9204 -8.8 25.97
178288 -60.7629 -8.8 25.97
181254 -61.5211 -8.8 25.97
175920 -59.8853 -8.8 25.97
178323 -60.7527 -8.8 25.97
186224 -62.2216 -8.8 25.97
170711 -65.0872 -8.8 25.97
175760 -65.5596 -8.8 25.97
173928 -61.7778 -8.8 25.97
175147 -59.431 -8.8 25.97
170822 -69.0759 -8.8 25.97
181285 -63.6989 -8.8 25.97
183336 -62.4909 -8.8 25.97
172057 -61.8285 -8.8 25.97
175256 -57.9912 -8.8 25.97
185222 -57.8342 -8.8 25.97
173465 -60.1694 -8.8 25.97
170752 -63.0021 -8.8 25.97
178801 -61.7866 -8.8 25.97
175184 -54.2282 -8.8 25.97
115914 -54.377 -3.52 15.16
116897 -55.1434 -3.52 15.16
113922 -59.3069 -3.52 15.16
115135 -51.6597 -3.52 15.16
114010 -57.7806 -3.52 15.16
111120 -55.312 -3.52 15.16
113441 -58.3227 -3.52 15.16
111908 -56.7246 -3.52 15.16
108095 -57.1321 -3.52 15.16
115400 -54.1991 -3.52 15.16
111647 -54.0284 -3.52 15.16
112450 -53.3533 -3.52 15.16
114455 -52.2889 -3.52 15.16
109150 -52.3925 -3.52 15.16
113615 -55.3384 -3.52 15.16
121030 -60.7223 -3.52 15.16
110269 -50.8303 -3.52 15.16
114511 -54.9351 -3.52 15.16
109328 -59.4295 -3.52 15.16
116401 -55.2294 -3.52 15.16
103475 -64.7341 -3.52 15.16
110971 -56.4507 -3.52 15.16
111426 -57.0718 -3.52 15.16
114081 -60.1099 -3.52 15.16
110865 -60.9051 -3.52 15.16
115865 -55.1536 -3.52 15.16
97783 -70.3278 -3.52 15.16
106496 -54.9359 -3.52 15.16
119319 -53.7661 -3.52 15.16
111873 -63.3404 -3.52 15.16
103552 -57.8507 -3.52 15.16
111396 -59.8724 -3.52 15.16
119241 -57.9611 -3.52 15.16
115606 -62.8206 -3.52 15.16
112460 -59.3428 -3.52 15.16
114074 -61.9093 -3.52 15.16
116655 -53.2486 -3.52 15.16
107581 -59.6656 -3.52 15.16
103901 -55.4825 -3.52 15.16
211997 -66.3734 26.32 -12.85
211058 -58.825 26.32 -12.85
201878 -57.6175 26.32 -12.85
194351 -65.3358 26.32 -12.85
193918 -65.2004 26.32 -12.85
198436 -60.3202 26.32 -12.85
200466 -61.4784 26.32 -12.85
201653 -59.162 26.32 -12.85
157243 -75.1204 26.32 -12.85
208731 -59.4666 26.32 -12.85
205348 -63.7177 26.32 -12.85
206774 -58.4285 26.32 -12.85
200078 -65.6586 26.32 -12.85
211408 -66.4761 26.32 -12.85
200343 -58.4078 26.32 -12.85
207291 -62.4666 26.32 -12.85
206021 -65.1502 26.32 -12.85
201544 -60.5559 26.32 -12.85
204280 -67.0507 26.32 -12.85
206267 -60.3113 26.32 -12.85
207587 -71.6836 26.32 -12.85
199864 -66.3111 26.32 -12.85
201291 -64.7628 26.32 -12.85
195946 -67.7602 26.32 -12.85
198682 -67.3727 26.32 -12.85
191002 -64.3674 26.32 -12.85
198556 -62.2983 26.32 -12.85
210891 -62.8213 26.32 -12.85
201001 -56.6236 26.32 -12.85
200734 -58.087 26.32 -12.85
206747 -64.4435 26.32 -12.85
197347 -65.4508 26.32 -12.85
205046 -68.2045 26.32 -12.85
194099 -78.4153 26.32 -12.85
207157 -57.5969 26.32 -12.85
202858 -59.3329 26.32 -12.85
200194 -65.5054 26.32 -12.85
210421 -63.4127 26.32 -12.85
209311 -58.1019 26.32 -12.85
98874 -59.693 13.06 -3.23
99411 -51.8716 13.06 -3.23
88844 -58.7674 13.06 -3.23
91115 -58.6795 13.06 -3.23
99267 -52.5469 13.06 -3.23
93166 -54.9256 13.06 -3.23
61696 -75.6341 13.06 -3.23
97838 -59.8311 13.06 -3.23
102130 -55.0154 13.06 -3.23
95954 -60.4876 13.06 -3.23
103951 -52.5807 13.06 -3.23
96556 -54.7503 13.06 -3.23
90964 -54.6313 13.06 -3.23
91244 -49.6547 13.06 -3.23
98733 -53.9725 13.06 -3.23
91048 -56.5095 13.06 -3.23
92823 -55.4369 13.06 -3.23
100431 -56.7797 13.06 -3.23
89483 -63.9927 13.06 -3.23
91996 -55.1713 13.06 -3.23
92639 -54.057 13.06 -3.23
99005 -63.5162 13.06 -3.23
97462 -53.3385 13.06 -3.23
92305 -50.278 13.06 -3.23
97262 -58.2957 13.06 -3.23
96343 -56.3641 13.06 -3.23
99362 -49.3715 13.06 -3.23
96099 -50.7875 13.06 -3.23
99175 -49.8871 13.06 -3.23
88755 -52.0667 13.06 -3.23
88533 -55.9566 13.06 -3.23
97506 -57.7441 13.06 -3.23
90133 -50.0962 13.06 -3.23
97089 -57.2604 13.06 -3.23
94598 -57.014 13.06 -3.23
93271 -52.6532 13.06 -3.23
92800 -55.8159 13.06 -3.23
99900 -52.5375 13.06 -3.23
95751 -58.9307 13.06 -3.23
