#rtt sig_str x y
108281 -57.7138 -17.12 -1.49
110328 -58.7645 -17.12 -1.49
110015 -53.2969 -17.12 -1.49
108661 -52.812 -17.12 -1.49
111126 -56.9719 -17.12 -1.49
109669 -53.9775 -17.12 -1.49
114159 -57.6675 -17.12 -1.49
111929 -57.0164 -17.12 -1.49
112859 -59.1301 -17.12 -1.49
112789 -59.0801 -17.12 -1.49
117069 -57.1946 -17.12 -1.49
107417 -55.3525 -17.12 -1.49
109000 -56.5206 -17.12 -1.49
110012 -59.4025 -17.12 -1.49
103698 -64.4822 -17.12 -1.49
115442 -57.6548 -17.12 -1.49
104042 -61.9149 -17.12 -1.49
111985 -61.4156 -17.12 -1.49
111745 -54.9467 -17.12 -1.49
114039 -53.9714 -17.12 -1.49
115047 -56.2146 -17.12 -1.49
126394 -72.057 -17.12 -1.49
114079 -60.3501 -17.12 -1.49
99175 -64.6107 -17.12 -1.49
106658 -59.1354 -17.12 -1.49
111429 -58.4885 -17.12 -1.49
112046 -55.5858 -17.12 -1.49
108390 -55.4317 -17.12 -1.49
119303 -52.8271 -17.12 -1.49
104657 -50.0149 -17.12 -1.49
109901 -58.3801 -17.12 -1.49
104499 -55.9525 -17.12 -1.49
105792 -70.1433 -17.12 -1.49
107463 -56.818 -17.12 -1.49
111731 -52.4366 -17.12 -1.49
94379 -75.7647 -17.12 -1.49
110457 -56.5311 -17.12 -1.49
110077 -54.9826 -17.12 -1.49
109963 -60.4374 -17.12 -1.49
222314 -60.8934 24.57 23.53
224085 -59.2001 24.57 23.53
225082 -63.274 24.57 23.53
224960 -61.2792 24.57 23.53
227296 -56.8496 24.57 23.53
227016 -61.4776 24.57 23.53
220527 -62.0406 24.57 23.53
222521 -69.0912 24.57 23.53
231267 -64.6873 24.57 23.53
226335 -62.0558 24.57 23.53
227491 -61.325 24.57 23.53
228024 -64.6125 24.57 23.53
222764 -70.1274 24.57 23.53
224402 -64.2383 24.57 23.53
225547 -63.4824 24.57 23.53
225808 -60.6139 24.57 23.53
226731 -61.8715 24.57 23.53
228675 -63.0284 24.57 23.53
225691 -59.213 24.57 23.53
228129 -62.0296 24.57 23.53
215232 -58.5318 24.57 23.53
226366 -67.4419 24.57 23.53
228201 -63.8296 24.57 23.53
227712 -61.8882 24.57 23.53
227444 -62.6839 24.57 23.53
231614 -64.162 24.57 23.53
231766 -58.2437 24.57 23.53
232191 -65.0764 24.57 23.53
231294 -59.1214 24.57 23.53
229125 -61.9629 24.57 23.53
230519 -61.534 24.57 23.53
228015 -62.9042 24.57 23.53
222475 -60.2784 24.57 23.53
225678 -67.2884 24.57 23.53
219424 -61.7597 24.57 23.53
213168 -65.4979 24.57 23.53
225422 -64.7033 24.57 23.53
225687 -62.2729 24.57 23.53
230073 -61.0172 24.57 23.53
225513 -65.0833 19.04 -28.37
220825 -58.4679 19.04 -28.37
217195 -58.3726 19.04 -28.37
224335 -77.3056 19.04 -28.37
218406 -61.4439 19.04 -28.37
222076 -59.5239 19.04 -28.37
226844 -57.7501 19.04 -28.37
219432 -64.6148 19.04 -28.37
217429 -63.7661 19.04 -28.37
228354 -60.7964 19.04 -28.37
223759 -63.3638 19.04 -28.37
228435 -70.5649 19.04 -28.37
225139 -60.9188 19.04 -28.37
171715 -77.7491 19.04 -28.37
218127 -66.6385 19.04 -28.37
221335 -67.2387 19.04 -28.37
220433 -60.9499 19.04 -28.37
229450 -68.1858 19.04 -28.37
228240 -65.2658 19.04 -28.37
225898 -63.4182 19.04 -28.37
225782 -60.8623 19.04 -28.37
218153 -69.8182 19.04 -28.37
227085 -60.9557 19.04 -28.37
225152 -61.8066 19.04 -28.37
232193 -60.6074 19.04 -28.37
224959 -64.5073 19.04 -28.37
220100 -58.5744 19.04 -28.37
228817 -60.6877 19.04 -28.37
223504 -66.8674 19.04 -28.37
240050 -73.849 19.04 -28.37
223398 -65.6956 19.04 -28.37
219768 -68.0423 19.04 -28.37
229502 -58.5179 19.04 -28.37
221594 -65.0195 19.04 -28.37
222591 -61.6085 19.04 -28.37
228700 -65.486 19.04 -28.37
216792 -69.1583 19.04 -28.37
226461 -58.4024 19.04 -28.37
226941 -60.7205 19.04 -28.37
178975 -59.8237 24.24 12.15
181544 -59.5602 24.24 12.15
181708 -63.4456 24.24 12.15
175802 -60.9713 24.24 12.15
178957 -58.5967 24.24 12.15
175119 -68.8257 24.24 12.15
175086 -66.27 24.24 12.15
177617 -63.3535 24.24 12.15
182240 -57.2747 24.24 12.15
177948 -63.9659 24.24 12.15
181429 -65.1938 24.24 12.15
178996 -58.2471 24.24 12.15
172421 -62.4949 24.24 12.15
176875 -58.9731 24.24 12.15
178785 -67.1815 24.24 12.15
175737 -61.5469 24.24 12.15
175407 -55.9974 24.24 12.15
180872 -58.6075 24.24 12.15
166110 -65.0808 24.24 12.15
177502 -59.1528 24.24 12.15
173202 -62.2408 24.24 12.15
175351 -62.6202 24.24 12.15
170391 -61.7001 24.24 12.15
174520 -61.717 24.24 12.15
170794 -65.4261 24.24 12.15
177973 -61.0234 24.24 12.15
181301 -60.7595 24.24 12.15
179344 -67.4024 24.24 12.15
166702 -71.8118 24.24 12.15
179166 -62.1554 24.24 12.15
179480 -65.9885 24.24 12.15
177354 -65.0139 24.24 12.15
177480 -65.0801 24.24 12.15
176113 -61.7988 24.24 12.15
180027 -60.9763 24.24 12.15
177915 -61.7178 24.24 12.15
175576 -60.9532 24.24 12.15
189450 -67.4488 24.24 12.15
153658 -76.4338 24.24 12.15
82207 -68.32 12.41 5.18
88479 -53.3693 12.41 5.18
89562 -54.2958 12.41 5.18
85850 -53.449 12.41 5.18
86778 -57.4666 12.41 5.18
85656 -46.5399 12.41 5.18
81917 -58.6524 12.41 5.18
81999 -56.2991 12.41 5.18
85002 -56.586 12.41 5.18
80806 -52.8323 12.41 5.18
88219 -55.6936 12.41 5.18
87494 -52.1053 12.41 5.18
90056 -53.397 12.41 5.18
85131 -54.1611 12.41 5.18
85239 -60.4707 12.41 5.18
84221 -54.104 12.41 5.18
81626 -52.3953 12.41 5.18
86120 -56.7374 12.41 5.18
89423 -49.7845 12.41 5.18
87982 -52.3539 12.41 5.18
72608 -56.1649 12.41 5.18
92282 -55.7541 12.41 5.18
84338 -52.4828 12.41 5.18
85885 -60.0798 12.41 5.18
85016 -52.4142 12.41 5.18
84828 -52.403 12.41 5.18
88086 -55.2073 12.41 5.18
89017 -60.5514 12.41 5.18
89097 -54.4561 12.41 5.18
83592 -52.3503 12.41 5.18
88423 -51.4895 12.41 5.18
88606 -53.9263 12.41 5.18
89478 -57.1945 12.41 5.18
86416 -50.4829 12.41 5.18
88713 -55.9256 12.41 5.18
87476 -49.9803 12.41 5.18
87219 -53.9367 12.41 5.18
90170 -53.1561 12.41 5.18
81352 -51.3472 12.41 5.18
149435 -58.13 -22.92 -1.51
145484 -59.9913 -22.92 -1.51
146553 -65.0569 -22.92 -1.51
152600 -63.5488 -22.92 -1.51
156633 -66.0919 -22.92 -1.51
148458 -62.1508 -22.92 -1.51
153295 -57.521 -22.92 -1.51
148029 -61.7923 -22.92 -1.51
138473 -58.5536 -22.92 -1.51
151602 -56.5279 -22.92 -1.51
150037 -65 -22.92 -1.51
149354 -62.5257 -22.92 -1.51
147808 -61.5356 -22.92 -1.51
145864 -60.3623 -22.92 -1.51
143182 -61.5138 -22.92 -1.51
148266 -57.2243 -22.92 -1.51
151011 -63.6424 -22.92 -1.51
144285 -57.6551 -22.92 -1.51
140303 -66.7464 -22.92 -1.51
145408 -60.1249 -22.92 -1.51
147694 -58.1144 -22.92 -1.51
150811 -65.223 -22.92 -1.51
143774 -55.3729 -22.92 -1.51
154488 -57.9553 -22.92 -1.51
143421 -60.8548 -22.92 -1.51
147686 -53.6968 -22.92 -1.51
156005 -57.8778 -22.92 -1.51
149404 -57.6204 -22.92 -1.51
139544 -66.0579 -22.92 -1.51
148269 -53.1504 -22.92 -1.51
149181 -55.3646 -22.92 -1.51
143599 -65.4706 -22.92 -1.51
145954 -62.1327 -22.92 -1.51
148897 -54.6316 -22.92 -1.51
150165 -59.0909 -22.92 -1.51
157443 -64.9122 -22.92 -1.51
144468 -60.2634 -22.92 -1.51
151745 -65.9961 -22.92 -1.51
152943 -58.1454 -22.92 -1.51
153999 -57.106 -24.46 -2.11
151780 -68.3406 -24.46 -2.11
149421 -66.224 -24.46 -2.11
158853 -52.3766 -24.46 -2.11
156926 -67.429 -24.46 -2.11
152322 -58.4605 -24.46 -2.11
159304 -57.644 -24.46 -2.11
153581 -61.0384 -24.46 -2.11
153073 -60.7987 -24.46 -2.11
151826 -64.4075 -24.46 -2.11
158012 -61.2578 -24.46 -2.11
151586 -68.8416 -24.46 -2.11
156220 -62.8404 -24.46 -2.11
151804 -59.2984 -24.46 -2.11
158843 -55.6421 -24.46 -2.11
156659 -62.9298 -24.46 -2.11
157694 -52.7988 -24.46 -2.11
149977 -66.6183 -24.46 -2.11
156372 -60.9454 -24.46 -2.11
152587 -62.7373 -24.46 -2.11
155384 -65.2876 -24.46 -2.11
145718 -60.0796 -24.46 -2.11
152262 -62.0771 -24.46 -2.11
149867 -56.459 -24.46 -2.11
155758 -59.6325 -24.46 -2.11
158168 -58.3403 -24.46 -2.11
154636 -57.4995 -24.46 -2.11
156185 -56.0349 -24.46 -2.11
158581 -61.0728 -24.46 -2.11
155201 -61.4787 -24.46 -2.11
140878 -67.8647 -24.46 -2.11
149278 -64.3034 -24.46 -2.11
162041 -67.1764 -24.46 -2.11
155335 -61.1269 -24.46 -2.11
155070 -59.6989 -24.46 -2.11
157126 -59.139 -24.46 -2.11
157577 -53.9276 -24.46 -2.11
154964 -64.0592 -24.46 -2.11
153671 -59.758 -24.46 -2.11
98592 -55.0392 3.72 -15.09
101584 -52.5258 3.72 -15.09
98096 -61.4634 3.72 -15.09
97639 -60.0289 3.72 -15.09
93896 -61.9194 3.72 -15.09
104113 -56.9031 3.72 -15.09
100051 -63.2709 3.72 -15.09
99163 -58.1178 3.72 -15.09
100279 -51.101 3.72 -15.09
102114 -61.4216 3.72 -15.09
95448 -58.3393 3.72 -15.09
100107 -56.7798 3.72 -15.09
104231 -53.1195 3.72 -15.09
98515 -53.7514 3.72 -15.09
99503 -55.7476 3.72 -15.09
102652 -55.33 3.72 -15.09
101453 -54.14 3.72 -15.09
98611 -55.9498 3.72 -15.09
100210 -55.3484 3.72 -15.09
105554 -55.5984 3.72 -15.09
99251 -56.2923 3.72 -15.09
101214 -52.9854 3.72 -15.09
106647 -61.4214 3.72 -15.09
108772 -52.9627 3.72 -15.09
101039 -55.4089 3.72 -15.09
103341 -51.9805 3.72 -15.09
100555 -52.2335 3.72 -15.09
99155 -62.4236 3.72 -15.09
103087 -62.7976 3.72 -15.09
96380 -55.7463 3.72 -15.09
96900 -56.442 3.72 -15.09
102173 -53.3737 3.72 -15.09
96501 -55.7777 3.72 -15.09
94261 -59.6223 3.72 -15.09
97008 -56.344 3.72 -15.09
99713 -50.952 3.72 -15.09
101957 -53.2609 3.72 -15.09
102002 -55.2196 3.72 -15.09
97568 -50.7074 3.72 -15.09
99445 -55.0756 4.29 13.16
94862 -52.8034 4.29 13.16
96728 -58.0246 4.29 13.16
100462 -52.8082 4.29 13.16
97305 -55.7751 4.29 13.16
99381 -55.2208 4.29 13.16
95812 -57.9327 4.29 13.16
98115 -52.5559 4.29 13.16
99355 -57.4329 4.29 13.16
91679 -51.4987 4.29 13.16
110582 -70.5455 4.29 13.16
98618 -53.0607 4.29 13.16
98687 -60.8256 4.29 13.16
104175 -53.3195 4.29 13.16
96072 -56.8823 4.29 13.16
88749 -58.3857 4.29 13.16
100071 -53.3376 4.29 13.16
97354 -49.8332 4.29 13.16
98540 -59.3488 4.29 13.16
99736 -52.7084 4.29 13.16
98022 -60.1124 4.29 13.16
96059 -52.1942 4.29 13.16
96858 -51.6354 4.29 13.16
101861 -50.1322 4.29 13.16
98668 -59.8313 4.29 13.16
102911 -54.6535 4.29 13.16
93819 -53.8137 4.29 13.16
92781 -54.0725 4.29 13.16
97127 -52.4615 4.29 13.16
95514 -57.9035 4.29 13.16
89834 -59.0122 4.29 13.16
96784 -54.1583 4.29 13.16
95607 -56.5984 4.29 13.16
102684 -52.4645 4.29 13.16
88977 -53.5343 4.29 13.16
100889 -52.5772 4.29 13.16
104438 -51.027 4.29 13.16
106310 -51.1742 4.29 13.16
101398 -54.9801 4.29 13.16
203201 -64.2101 -27.67 -13.5
200031 -60.7616 -27.67 -13.5
211167 -60.9141 -27.67 -13.5
202228 -59.4452 -27.67 -13.5
206719 -63.0757 -27.67 -13.5
204692 -58.5991 -27.67 -13.5
206009 -54.7987 -27.67 -13.5
213001 -58.6762 -27.67 -13.5
199579 -59.5587 -27.67 -13.5
202211 -59.5597 -27.67 -13.5
205346 -70.6263 -27.67 -13.5
200500 -61.5087 -27.67 -13.5
201604 -60.3917 -27.67 -13.5
203876 -61.308 -27.67 -13.5
209085 -57.7338 -27.67 -13.5
203825 -61.304 -27.67 -13.5
207352 -62.2567 -27.67 -13.5
207350 -64.2993 -27.67 -13.5
206866 -56.0989 -27.67 -13.5
199559 -65.6364 -27.67 -13.5
200990 -63.254 -27.67 -13.5
204150 -66.6958 -27.67 -13.5
204434 -58.7631 -27.67 -13.5
188479 -64.7383 -27.67 -13.5
198292 -60.4365 -27.67 -13.5
203600 -61.3799 -27.67 -13.5
202459 -61.4479 -27.67 -13.5
206262 -63.8861 -27.67 -13.5
200651 -65.1263 -27.67 -13.5
210707 -72.0663 -27.67 -13.5
207926 -59.6517 -27.67 -13.5
198538 -61.0579 -27.67 -13.5
211037 -69.1342 -27.67 -13.5
206591 -57.6131 -27.67 -13.5
202604 -57.9995 -27.67 -13.5
207537 -66.9085 -27.67 -13.5
204967 -67.5958 -27.67 -13.5
202197 -61.6953 -27.67 -13.5
206290 -57.7867 -27.67 -13.5
