#rtt sig_str x y
187014 -61.7301 20.22 19.31
178242 -62.7808 20.22 19.31
187895 -57.3132 20.22 19.31
178739 -56.8283 20.22 19.31
177134 -60.9882 20.22 19.31
181801 -57.9938 20.22 19.31
171930 -61.6839 20.22 19.31
185503 -61.0327 20.22 19.31
177515 -63.1464 20.22 19.31
178337 -63.0965 20.22 19.31
178264 -61.2109 20.22 19.31
176634 -59.3688 20.22 19.31
179460 -60.5369 20.22 19.31
167567 -63.4188 20.22 19.31
180901 -68.4985 20.22 19.31
186156 -61.6711 20.22 19.31
183513 -65.9312 20.22 19.31
175542 -65.4319 20.22 19.31
177181 -58.963 20.22 19.31
182058 -57.9877 20.22 19.31
176867 -60.231 20.22 19.31
91938 -76.0733 20.22 19.31
182862 -64.3664 20.22 19.31
183548 -68.627 20.22 19.31
179856 -63.1517 20.22 19.31
185087 -62.5048 20.22 19.31
181945 -59.6021 20.22 19.31
179430 -59.448 20.22 19.31
182711 -56.8434 20.22 19.31
186248 -54.0312 20.22 19.31
175496 -62.3964 20.22 19.31
177312 -59.9689 20.22 19.31
169106 -74.1596 20.22 19.31
187719 -60.8343 20.22 19.31
183228 -56.4529 20.22 19.31
165418 -79.781 20.22 19.31
184006 -60.5474 20.22 19.31
184723 -58.9989 20.22 19.31
192192 -64.4537 20.22 19.31
202287 -59.867 28.22 10.3
199063 -58.1738 28.22 10.3
201596 -62.2476 28.22 10.3
193851 -60.2529 28.22 10.3
201351 -55.8232 28.22 10.3
194195 -60.4513 28.22 10.3
197735 -61.0143 28.22 10.3
200472 -68.0649 28.22 10.3
199846 -63.6609 28.22 10.3
193181 -61.0294 28.22 10.3
198009 -60.2986 28.22 10.3
190883 -63.5862 28.22 10.3
194193 -69.1011 28.22 10.3
196432 -63.212 28.22 10.3
199233 -62.4561 28.22 10.3
201829 -59.5875 28.22 10.3
187636 -60.8451 28.22 10.3
195405 -62.002 28.22 10.3
199516 -58.1866 28.22 10.3
202273 -61.0032 28.22 10.3
202804 -57.5054 28.22 10.3
203483 -66.4156 28.22 10.3
204985 -62.8033 28.22 10.3
198453 -60.8619 28.22 10.3
195023 -61.6576 28.22 10.3
199421 -63.1356 28.22 10.3
202731 -57.2173 28.22 10.3
192623 -64.05 28.22 10.3
200296 -58.095 28.22 10.3
198525 -60.9366 28.22 10.3
197278 -60.5077 28.22 10.3
208070 -61.8779 28.22 10.3
191622 -59.2521 28.22 10.3
202596 -66.2621 28.22 10.3
196844 -60.7333 28.22 10.3
192816 -64.4716 28.22 10.3
196398 -63.677 28.22 10.3
197822 -61.2465 28.22 10.3
195942 -59.9909 28.22 10.3
151639 -61.7317 -3.17 -22.54
151993 -55.1163 -3.17 -22.54
148930 -55.0211 -3.17 -22.54
128092 -73.954 -3.17 -22.54
54163 -79.3882 -3.17 -22.54
150716 -57.9598 -3.17 -22.54
149657 -64.0371 -3.17 -22.54
146819 -59.6751 -3.17 -22.54
144637 -65.4531 -3.17 -22.54
153966 -57.5881 -3.17 -22.54
149670 -61.1258 -3.17 -22.54
147898 -57.7714 -3.17 -22.54
153777 -57.2489 -3.17 -22.54
143944 -59.9575 -3.17 -22.54
149788 -64.891 -3.17 -22.54
157997 -65.3149 -3.17 -22.54
142937 -63.497 -3.17 -22.54
148737 -57.3889 -3.17 -22.54
146567 -63.8371 -3.17 -22.54
146321 -52.3781 -3.17 -22.54
152580 -60.373 -3.17 -22.54
141556 -62.4199 -3.17 -22.54
157312 -55.6746 -3.17 -22.54
153835 -61.9279 -3.17 -22.54
154519 -59.941 -3.17 -22.54
140155 -69.0373 -3.17 -22.54
147765 -54.2706 -3.17 -22.54
148185 -56.2428 -3.17 -22.54
146409 -63.2004 -3.17 -22.54
148274 -61.3188 -3.17 -22.54
151059 -53.5968 -3.17 -22.54
156312 -67.3697 -3.17 -22.54
144971 -64.1519 -3.17 -22.54
156907 -63.248 -3.17 -22.54
153990 -58.3189 -3.17 -22.54
151481 -61.0644 -3.17 -22.54
148452 -58.616 -3.17 -22.54
153497 -58.5642 -3.17 -22.54
148467 -66.4663 -3.17 -22.54
84454 -53.999 -12.93 -2.17
86514 -57.8325 -12.93 -2.17
84108 -56.6483 -12.93 -2.17
83476 -56.5471 -12.93 -2.17
86003 -51.5635 -12.93 -2.17
83355 -57.5439 -12.93 -2.17
88690 -55.1111 -12.93 -2.17
83645 -57.9148 -12.93 -2.17
83530 -54.69 -12.93 -2.17
84475 -55.4638 -12.93 -2.17
83813 -52.3311 -12.93 -2.17
84855 -54.4147 -12.93 -2.17
82806 -56.1031 -12.93 -2.17
77577 -59.2158 -12.93 -2.17
83739 -52.8887 -12.93 -2.17
83288 -59.4638 -12.93 -2.17
88825 -62.2044 -12.93 -2.17
85734 -55.4706 -12.93 -2.17
77982 -56.5024 -12.93 -2.17
86576 -67.4851 -12.93 -2.17
76824 -68.9419 -12.93 -2.17
74834 -56.0753 -12.93 -2.17
90529 -56.8859 -12.93 -2.17
89424 -59.0658 -12.93 -2.17
85261 -51.9683 -12.93 -2.17
80336 -55.0647 -12.93 -2.17
85554 -56.6179 -12.93 -2.17
84218 -59.5345 -12.93 -2.17
84469 -54.103 -12.93 -2.17
85358 -53.5983 -12.93 -2.17
84678 -54.5427 -12.93 -2.17
83992 -56.7721 -12.93 -2.17
87613 -55.917 -12.93 -2.17
84155 -54.1972 -12.93 -2.17
85028 -57.467 -12.93 -2.17
90276 -60.1519 -12.93 -2.17
81192 -59.7345 -12.93 -2.17
87492 -51.157 -12.93 -2.17
85013 -55.7631 -12.93 -2.17
146289 -58.1772 16.28 -15.69
150530 -56.0999 16.28 -15.69
140001 -57.9278 16.28 -15.69
144096 -57.2878 16.28 -15.69
145889 -55.9199 16.28 -15.69
146180 -53.442 16.28 -15.69
144536 -64.5531 16.28 -15.69
142615 -67.3048 16.28 -15.69
143583 -59.761 16.28 -15.69
152518 -59.0106 16.28 -15.69
145285 -59.1928 16.28 -15.69
150930 -53.6216 16.28 -15.69
138645 -59.1622 16.28 -15.69
143983 -56.053 16.28 -15.69
147196 -54.4399 16.28 -15.69
147723 -60.1227 16.28 -15.69
146800 -56.2441 16.28 -15.69
151320 -59.8291 16.28 -15.69
150719 -57.3017 16.28 -15.69
125774 -67.7758 16.28 -15.69
139486 -53.7247 16.28 -15.69
144965 -56.8277 16.28 -15.69
145303 -55.1766 16.28 -15.69
141283 -55.7604 16.28 -15.69
144553 -60.0381 16.28 -15.69
142481 -70.0302 16.28 -15.69
147299 -68.02 16.28 -15.69
146980 -59.062 16.28 -15.69
144910 -59.9441 16.28 -15.69
141844 -56.2685 16.28 -15.69
152519 -60.4973 16.28 -15.69
136427 -61.1039 16.28 -15.69
143107 -57.419 16.28 -15.69
142633 -59.2184 16.28 -15.69
153527 -58.5173 16.28 -15.69
139522 -58.8445 16.28 -15.69
140318 -54.8884 16.28 -15.69
150592 -54.0413 16.28 -15.69
144513 -67.8452 16.28 -15.69
173568 -55.6419 -12.07 -22.88
174601 -56.581 -12.07 -22.88
160514 -65.5617 -12.07 -22.88
173284 -61.5072 -12.07 -22.88
174027 -61.4591 -12.07 -22.88
182117 -57.324 -12.07 -22.88
170059 -59.3408 -12.07 -22.88
174709 -58.65 -12.07 -22.88
175021 -58.9826 -12.07 -22.88
174213 -59.96 -12.07 -22.88
168095 -63.498 -12.07 -22.88
178448 -62.994 -12.07 -22.88
180199 -55.862 -12.07 -22.88
177396 -61.6863 -12.07 -22.88
178244 -58.5014 -12.07 -22.88
175455 -64.3463 -12.07 -22.88
183505 -59.2407 -12.07 -22.88
176155 -57.5732 -12.07 -22.88
168405 -64.5632 -12.07 -22.88
169110 -60.9051 -12.07 -22.88
180044 -58.739 -12.07 -22.88
172299 -59.4372 -12.07 -22.88
179033 -60.8506 -12.07 -22.88
170021 -60.5213 -12.07 -22.88
167695 -66.3564 -12.07 -22.88
167264 -56.1223 -12.07 -22.88
167988 -64.2301 -12.07 -22.88
176876 -61.7993 -12.07 -22.88
169137 -63.7801 -12.07 -22.88
169807 -63.4602 -12.07 -22.88
170485 -55.5665 -12.07 -22.88
180032 -60.0574 -12.07 -22.88
177053 -53.0866 -12.07 -22.88
171863 -57.8531 -12.07 -22.88
179306 -56.8782 -12.07 -22.88
169058 -69.213 -12.07 -22.88
173364 -63.108 -12.07 -22.88
178170 -65.2971 -12.07 -22.88
168097 -58.8808 -12.07 -22.88
187484 -62.2715 28.58 1.15
185954 -58.8895 28.58 1.15
200675 -63.9154 28.58 1.15
197810 -52.5065 28.58 1.15
192551 -64.8112 28.58 1.15
203821 -66.3434 28.58 1.15
196983 -63.9355 28.58 1.15
200976 -60.5732 28.58 1.15
196774 -62.6091 28.58 1.15
204557 -63.734 28.58 1.15
196926 -62.7357 28.58 1.15
199546 -60.5905 28.58 1.15
195605 -72.8229 28.58 1.15
184069 -66.2931 28.58 1.15
196225 -59.0601 28.58 1.15
208469 -76.4377 28.58 1.15
193789 -70.3053 28.58 1.15
200016 -60.2885 28.58 1.15
189898 -65.3175 28.58 1.15
197372 -63.2688 28.58 1.15
198271 -61.1113 28.58 1.15
196325 -61.8695 28.58 1.15
193625 -60.2337 28.58 1.15
198198 -61.1011 28.58 1.15
192701 -62.57 28.58 1.15
197625 -65.4356 28.58 1.15
202151 -65.908 28.58 1.15
206468 -62.1262 28.58 1.15
191345 -59.7794 28.58 1.15
191078 -69.4243 28.58 1.15
194316 -64.0474 28.58 1.15
192051 -62.8394 28.58 1.15
198369 -62.1769 28.58 1.15
192717 -58.3396 28.58 1.15
196992 -58.1826 28.58 1.15
194035 -60.5179 28.58 1.15
194001 -63.3506 28.58 1.15
195736 -62.135 28.58 1.15
200631 -54.5767 28.58 1.15
246614 -61.4541 25.75 -26.14
240387 -62.2205 25.75 -26.14
249473 -66.384 25.75 -26.14
245588 -58.7368 25.75 -26.14
244458 -64.8578 25.75 -26.14
253578 -62.3891 25.75 -26.14
243436 -65.3998 25.75 -26.14
248240 -63.8017 25.75 -26.14
251790 -64.2092 25.75 -26.14
249060 -61.2762 25.75 -26.14
243260 -61.1055 25.75 -26.14
243843 -60.4304 25.75 -26.14
242308 -59.366 25.75 -26.14
242387 -59.4697 25.75 -26.14
233236 -62.4156 25.75 -26.14
221274 -67.7994 25.75 -26.14
250990 -57.9074 25.75 -26.14
238665 -62.0122 25.75 -26.14
250922 -66.5066 25.75 -26.14
248269 -62.3065 25.75 -26.14
254636 -71.8112 25.75 -26.14
250016 -63.5278 25.75 -26.14
253569 -64.1489 25.75 -26.14
247878 -67.187 25.75 -26.14
245122 -67.9822 25.75 -26.14
234981 -62.2307 25.75 -26.14
201263 -77.4049 25.75 -26.14
239942 -62.013 25.75 -26.14
239773 -60.8432 25.75 -26.14
229913 -70.4175 25.75 -26.14
249906 -64.9278 25.75 -26.14
235300 -66.9495 25.75 -26.14
245181 -65.0382 25.75 -26.14
252542 -69.8977 25.75 -26.14
248621 -66.4199 25.75 -26.14
252574 -68.9864 25.75 -26.14
250342 -60.3257 25.75 -26.14
249996 -66.7427 25.75 -26.14
244167 -62.5597 25.75 -26.14
211837 -66.7374 -17.72 -24.96
203004 -59.1891 -17.72 -24.96
207840 -57.9815 -17.72 -24.96
202746 -65.6999 -17.72 -24.96
193134 -65.5645 -17.72 -24.96
201265 -60.6842 -17.72 -24.96
207237 -61.8425 -17.72 -24.96
202204 -59.526 -17.72 -24.96
201783 -75.4844 -17.72 -24.96
203170 -59.8306 -17.72 -24.96
199748 -64.0817 -17.72 -24.96
199028 -58.7925 -17.72 -24.96
203302 -66.0226 -17.72 -24.96
200410 -66.8401 -17.72 -24.96
205972 -58.7719 -17.72 -24.96
202256 -62.8306 -17.72 -24.96
207792 -65.5142 -17.72 -24.96
203023 -60.9199 -17.72 -24.96
206247 -67.4148 -17.72 -24.96
201785 -60.6753 -17.72 -24.96
215342 -72.0477 -17.72 -24.96
211224 -66.6752 -17.72 -24.96
210964 -65.1268 -17.72 -24.96
184668 -68.1242 -17.72 -24.96
186293 -67.7367 -17.72 -24.96
206994 -64.7315 -17.72 -24.96
208113 -62.6624 -17.72 -24.96
208139 -63.1853 -17.72 -24.96
209840 -56.9876 -17.72 -24.96
205486 -58.451 -17.72 -24.96
205602 -64.8075 -17.72 -24.96
214772 -65.8148 -17.72 -24.96
211405 -68.5685 -17.72 -24.96
193606 -78.7793 -17.72 -24.96
205335 -57.9609 -17.72 -24.96
201437 -59.697 -17.72 -24.96
213894 -65.8695 -17.72 -24.96
207334 -63.7768 -17.72 -24.96
204050 -58.466 -17.72 -24.96
105715 -61.0828 -9.29 12.93
108140 -53.2614 -9.29 12.93
101777 -60.1572 -9.29 12.93
98771 -60.0693 -9.29 12.93
102864 -53.9367 -9.29 12.93
105670 -56.3153 -9.29 12.93
106261 -77.0238 -9.29 12.93
100824 -61.2209 -9.29 12.93
106644 -56.4051 -9.29 12.93
105270 -61.8774 -9.29 12.93
106078 -53.9704 -9.29 12.93
99882 -56.1401 -9.29 12.93
103498 -56.021 -9.29 12.93
98256 -51.0444 -9.29 12.93
105954 -55.3623 -9.29 12.93
108240 -57.8992 -9.29 12.93
105847 -56.8267 -9.29 12.93
95143 -58.1695 -9.29 12.93
107485 -65.3824 -9.29 12.93
102782 -56.5611 -9.29 12.93
108556 -55.4468 -9.29 12.93
104376 -64.906 -9.29 12.93
101461 -54.7282 -9.29 12.93
108153 -51.6677 -9.29 12.93
99794 -59.6855 -9.29 12.93
100396 -57.7539 -9.29 12.93
97508 -50.7613 -9.29 12.93
104429 -52.1772 -9.29 12.93
100985 -51.2768 -9.29 12.93
106364 -53.4564 -9.29 12.93
103521 -57.3463 -9.29 12.93
99412 -59.1338 -9.29 12.93
103368 -51.486 -9.29 12.93
102004 -58.6501 -9.29 12.93
105303 -58.4037 -9.29 12.93
105700 -54.0429 -9.29 12.93
94166 -57.2057 -9.29 12.93
98799 -53.9272 -9.29 12.93
107652 -60.3205 -9.29 12.93
