#rtt sig_str x y
116187 -57.8469 13.94 -10.52
123390 -58.8975 13.94 -10.52
121157 -53.43 13.94 -10.52
113340 -52.9451 13.94 -10.52
118868 -57.1049 13.94 -10.52
117279 -54.1106 13.94 -10.52
116108 -57.8006 13.94 -10.52
121413 -57.1495 13.94 -10.52
124609 -59.2632 13.94 -10.52
120859 -59.2132 13.94 -10.52
119678 -57.3276 13.94 -10.52
119552 -55.4856 13.94 -10.52
123313 -56.6536 13.94 -10.52
117321 -59.5356 13.94 -10.52
121496 -64.6153 13.94 -10.52
121467 -57.7879 13.94 -10.52
121958 -62.048 13.94 -10.52
117744 -61.5486 13.94 -10.52
118991 -55.0798 13.94 -10.52
119398 -54.1045 13.94 -10.52
120533 -56.3477 13.94 -10.52
121819 -72.1901 13.94 -10.52
127886 -60.4832 13.94 -10.52
122837 -64.7437 13.94 -10.52
117480 -59.2685 13.94 -10.52
110365 -58.6215 13.94 -10.52
120171 -55.7189 13.94 -10.52
117203 -55.5648 13.94 -10.52
124369 -52.9602 13.94 -10.52
120616 -50.148 13.94 -10.52
117309 -58.5132 13.94 -10.52
122699 -56.0856 13.94 -10.52
127668 -70.2764 13.94 -10.52
120825 -56.9511 13.94 -10.52
122841 -52.5697 13.94 -10.52
89611 -75.8977 13.94 -10.52
120091 -56.6642 13.94 -10.52
123693 -55.1156 13.94 -10.52
115763 -60.5704 13.94 -10.52
206392 -59.9241 4.03 -29.98
201414 -58.2309 4.03 -29.98
206662 -62.3048 4.03 -29.98
202011 -60.31 4.03 -29.98
199288 -55.8804 4.03 -29.98
200204 -60.5084 4.03 -29.98
202827 -61.0714 4.03 -29.98
205839 -68.122 4.03 -29.98
192044 -63.7181 4.03 -29.98
201545 -61.0866 4.03 -29.98
200163 -60.3558 4.03 -29.98
201031 -63.6433 4.03 -29.98
179905 -69.1582 4.03 -29.98
204621 -63.2691 4.03 -29.98
206639 -62.5132 4.03 -29.98
196063 -59.6446 4.03 -29.98
198969 -60.9022 4.03 -29.98
202154 -62.0592 4.03 -29.98
199664 -58.2438 4.03 -29.98
200716 -61.0604 4.03 -29.98
196408 -57.5625 4.03 -29.98
194867 -66.4727 4.03 -29.98
195010 -62.8604 4.03 -29.98
197128 -60.919 4.03 -29.98
200577 -61.7147 4.03 -29.98
202763 -63.1927 4.03 -29.98
201142 -57.2744 4.03 -29.98
193239 -64.1071 4.03 -29.98
195498 -58.1522 4.03 -29.98
195825 -60.9937 4.03 -29.98
201443 -60.5648 4.03 -29.98
203138 -61.935 4.03 -29.98
214629 -59.3092 4.03 -29.98
203561 -66.3192 4.03 -29.98
200735 -60.7905 4.03 -29.98
203912 -64.5287 4.03 -29.98
198068 -63.7341 4.03 -29.98
197316 -61.3037 4.03 -29.98
195275 -60.048 4.03 -29.98
157793 -62.3657 -11.93 -21.49
159725 -55.7502 -11.93 -21.49
161684 -55.655 -11.93 -21.49
150336 -74.5879 -11.93 -21.49
201777 -80.0221 -11.93 -21.49
155490 -58.5937 -11.93 -21.49
161973 -64.671 -11.93 -21.49
159495 -60.309 -11.93 -21.49
151452 -66.087 -11.93 -21.49
150563 -58.222 -11.93 -21.49
165277 -61.7597 -11.93 -21.49
163515 -58.4054 -11.93 -21.49
163700 -57.8828 -11.93 -21.49
152919 -60.5914 -11.93 -21.49
163547 -65.525 -11.93 -21.49
162648 -65.9488 -11.93 -21.49
163692 -64.1309 -11.93 -21.49
157822 -58.0228 -11.93 -21.49
158727 -64.471 -11.93 -21.49
165694 -53.012 -11.93 -21.49
163737 -61.0069 -11.93 -21.49
162809 -63.0538 -11.93 -21.49
159783 -56.3085 -11.93 -21.49
160301 -62.5619 -11.93 -21.49
163023 -60.5749 -11.93 -21.49
158038 -69.6712 -11.93 -21.49
158345 -54.9045 -11.93 -21.49
162048 -56.8767 -11.93 -21.49
157051 -63.8343 -11.93 -21.49
158071 -61.9527 -11.93 -21.49
160968 -54.2307 -11.93 -21.49
172440 -68.0036 -11.93 -21.49
161375 -64.7858 -11.93 -21.49
164600 -63.8819 -11.93 -21.49
161565 -58.9528 -11.93 -21.49
161218 -61.6983 -11.93 -21.49
172785 -59.2499 -11.93 -21.49
161743 -59.1981 -11.93 -21.49
165604 -67.1002 -11.93 -21.49
160070 -58.8165 16.84 16.4
153199 -62.65 16.84 16.4
149368 -61.4658 16.84 16.4
157021 -61.3646 16.84 16.4
157233 -56.381 16.84 16.4
158038 -62.3614 16.84 16.4
156255 -59.9286 16.84 16.4
149296 -62.7323 16.84 16.4
160664 -59.5075 16.84 16.4
154588 -60.2813 16.84 16.4
155249 -57.1486 16.84 16.4
156546 -59.2322 16.84 16.4
150301 -60.9206 16.84 16.4
152434 -64.0333 16.84 16.4
148561 -57.7062 16.84 16.4
163049 -64.2813 16.84 16.4
154943 -67.0219 16.84 16.4
140957 -60.2881 16.84 16.4
155970 -61.3199 16.84 16.4
146990 -72.3026 16.84 16.4
120843 -73.7594 16.84 16.4
157893 -60.8928 16.84 16.4
157115 -61.7035 16.84 16.4
151661 -63.8833 16.84 16.4
157302 -56.7858 16.84 16.4
162249 -59.8823 16.84 16.4
154918 -61.4354 16.84 16.4
155982 -64.352 16.84 16.4
159663 -58.9205 16.84 16.4
152909 -58.4158 16.84 16.4
152679 -59.3602 16.84 16.4
155762 -61.5896 16.84 16.4
151802 -60.7346 16.84 16.4
150878 -59.0147 16.84 16.4
152120 -62.2845 16.84 16.4
149175 -64.9695 16.84 16.4
153025 -64.552 16.84 16.4
155244 -55.9746 16.84 16.4
154601 -60.5806 16.84 16.4
31904 -46.722 -0.13 -5.64
36727 -44.6446 -0.13 -5.64
32971 -46.4726 -0.13 -5.64
29157 -45.8325 -0.13 -5.64
36126 -44.4646 -0.13 -5.64
38065 -41.9867 -0.13 -5.64
38951 -53.0979 -0.13 -5.64
36618 -55.8496 -0.13 -5.64
36572 -48.3058 -0.13 -5.64
37087 -47.5554 -0.13 -5.64
36190 -47.7376 -0.13 -5.64
41621 -42.1664 -0.13 -5.64
37019 -47.707 -0.13 -5.64
37866 -44.5978 -0.13 -5.64
36929 -42.9847 -0.13 -5.64
38840 -48.6674 -0.13 -5.64
38070 -44.7888 -0.13 -5.64
39069 -48.3739 -0.13 -5.64
34903 -45.8464 -0.13 -5.64
37481 -56.3206 -0.13 -5.64
36207 -42.2694 -0.13 -5.64
37755 -45.3725 -0.13 -5.64
43517 -43.7214 -0.13 -5.64
31150 -44.3052 -0.13 -5.64
32433 -48.5828 -0.13 -5.64
43615 -58.575 -0.13 -5.64
34906 -56.5648 -0.13 -5.64
36344 -47.6068 -0.13 -5.64
33253 -48.4889 -0.13 -5.64
38337 -44.8133 -0.13 -5.64
37258 -49.042 -0.13 -5.64
35892 -49.6487 -0.13 -5.64
39940 -45.9638 -0.13 -5.64
37142 -47.7632 -0.13 -5.64
37221 -47.062 -0.13 -5.64
35701 -47.3893 -0.13 -5.64
34202 -43.4332 -0.13 -5.64
42397 -42.586 -0.13 -5.64
36597 -56.39 -0.13 -5.64
223638 -57.876 -22.87 -25.04
224957 -58.8151 -22.87 -25.04
222417 -67.7959 -22.87 -25.04
216980 -63.7413 -22.87 -25.04
220309 -63.6932 -22.87 -25.04
223396 -59.5582 -22.87 -25.04
222381 -61.5749 -22.87 -25.04
217381 -60.8841 -22.87 -25.04
218316 -61.2167 -22.87 -25.04
216884 -62.1941 -22.87 -25.04
225740 -65.7321 -22.87 -25.04
210269 -65.2281 -22.87 -25.04
221718 -58.0961 -22.87 -25.04
216976 -63.9204 -22.87 -25.04
217657 -60.7355 -22.87 -25.04
214814 -66.5804 -22.87 -25.04
213212 -61.4748 -22.87 -25.04
222807 -59.8073 -22.87 -25.04
222919 -66.7973 -22.87 -25.04
229617 -63.1392 -22.87 -25.04
213783 -60.9731 -22.87 -25.04
218802 -61.6713 -22.87 -25.04
214628 -63.0847 -22.87 -25.04
225177 -62.7554 -22.87 -25.04
211581 -68.5905 -22.87 -25.04
220538 -58.3564 -22.87 -25.04
216646 -66.4642 -22.87 -25.04
220648 -64.0335 -22.87 -25.04
219154 -66.0142 -22.87 -25.04
213444 -65.6943 -22.87 -25.04
221078 -57.8006 -22.87 -25.04
213076 -62.2915 -22.87 -25.04
224269 -55.3207 -22.87 -25.04
222405 -60.0872 -22.87 -25.04
219632 -59.1124 -22.87 -25.04
107162 -71.4471 -22.87 -25.04
217440 -65.3421 -22.87 -25.04
218272 -67.5312 -22.87 -25.04
214888 -61.1149 -22.87 -25.04
85797 -54.8728 -6.69 -9.56
87141 -51.4908 -6.69 -9.56
92443 -56.5167 -6.69 -9.56
93139 -45.1078 -6.69 -9.56
85776 -57.4125 -6.69 -9.56
94004 -58.9447 -6.69 -9.56
94061 -56.5368 -6.69 -9.56
90924 -53.1745 -6.69 -9.56
82462 -55.2104 -6.69 -9.56
90452 -56.3353 -6.69 -9.56
94840 -55.337 -6.69 -9.56
90100 -53.1918 -6.69 -9.56
82553 -65.4242 -6.69 -9.56
90003 -58.8944 -6.69 -9.56
96937 -51.6614 -6.69 -9.56
87676 -69.039 -6.69 -9.56
96712 -62.9066 -6.69 -9.56
88344 -52.8898 -6.69 -9.56
89935 -57.9188 -6.69 -9.56
89075 -55.8701 -6.69 -9.56
91218 -53.7126 -6.69 -9.56
85386 -54.4708 -6.69 -9.56
90861 -52.835 -6.69 -9.56
92711 -53.7024 -6.69 -9.56
89541 -55.1713 -6.69 -9.56
92454 -58.0369 -6.69 -9.56
83072 -58.5093 -6.69 -9.56
91938 -54.7275 -6.69 -9.56
92424 -52.3807 -6.69 -9.56
74992 -62.0257 -6.69 -9.56
92568 -56.6487 -6.69 -9.56
89258 -55.4407 -6.69 -9.56
88521 -54.7782 -6.69 -9.56
93752 -50.9409 -6.69 -9.56
93544 -50.7839 -6.69 -9.56
98092 -53.1192 -6.69 -9.56
87242 -55.9519 -6.69 -9.56
82298 -54.7363 -6.69 -9.56
90193 -47.178 -6.69 -9.56
94255 -53.8032 -6.32 13.07
96743 -54.5696 -6.32 13.07
104199 -58.7331 -6.32 13.07
97254 -51.0859 -6.32 13.07
98414 -57.2068 -6.32 13.07
102920 -54.7382 -6.32 13.07
91132 -57.7489 -6.32 13.07
92229 -56.1508 -6.32 13.07
89916 -56.5583 -6.32 13.07
97437 -53.6253 -6.32 13.07
99309 -53.4546 -6.32 13.07
98555 -52.7795 -6.32 13.07
99517 -51.7151 -6.32 13.07
94308 -51.8187 -6.32 13.07
100677 -54.7646 -6.32 13.07
96777 -60.1485 -6.32 13.07
102781 -50.2565 -6.32 13.07
99358 -54.3613 -6.32 13.07
90717 -58.8557 -6.32 13.07
95869 -54.6556 -6.32 13.07
92210 -64.1603 -6.32 13.07
94561 -55.8769 -6.32 13.07
101218 -56.498 -6.32 13.07
83265 -59.5361 -6.32 13.07
91022 -60.3313 -6.32 13.07
100615 -54.5798 -6.32 13.07
97093 -69.754 -6.32 13.07
95647 -54.3621 -6.32 13.07
96008 -53.1923 -6.32 13.07
97451 -62.7666 -6.32 13.07
98101 -57.2769 -6.32 13.07
98726 -59.2986 -6.32 13.07
94420 -57.3873 -6.32 13.07
99197 -62.2468 -6.32 13.07
98808 -58.769 -6.32 13.07
101411 -61.3355 -6.32 13.07
99089 -52.6748 -6.32 13.07
98679 -59.0918 -6.32 13.07
97490 -54.9088 -6.32 13.07
123858 -62.2514 -9.75 -14.86
123224 -54.703 -9.75 -14.86
123532 -53.4955 -9.75 -14.86
131592 -61.2138 -9.75 -14.86
126675 -61.0784 -9.75 -14.86
122317 -56.1982 -9.75 -14.86
135765 -57.3564 -9.75 -14.86
121561 -55.04 -9.75 -14.86
134168 -70.9984 -9.75 -14.86
126819 -55.3446 -9.75 -14.86
121050 -59.5957 -9.75 -14.86
124838 -54.3065 -9.75 -14.86
120596 -61.5366 -9.75 -14.86
129562 -62.3541 -9.75 -14.86
122959 -54.2858 -9.75 -14.86
119479 -58.3446 -9.75 -14.86
123852 -61.0282 -9.75 -14.86
122343 -56.4339 -9.75 -14.86
132934 -62.9287 -9.75 -14.86
125523 -56.1893 -9.75 -14.86
114482 -67.5617 -9.75 -14.86
121708 -62.1891 -9.75 -14.86
135382 -60.6408 -9.75 -14.86
127639 -63.6382 -9.75 -14.86
120250 -63.2507 -9.75 -14.86
127945 -60.2454 -9.75 -14.86
132044 -58.1763 -9.75 -14.86
131228 -58.6993 -9.75 -14.86
123180 -52.5016 -9.75 -14.86
128873 -53.965 -9.75 -14.86
119439 -60.3215 -9.75 -14.86
121525 -61.3288 -9.75 -14.86
131784 -64.0825 -9.75 -14.86
88219 -74.2933 -9.75 -14.86
128849 -53.4749 -9.75 -14.86
131524 -55.211 -9.75 -14.86
129035 -61.3834 -9.75 -14.86
131178 -59.2907 -9.75 -14.86
123542 -53.9799 -9.75 -14.86
217402 -67.1846 -25.05 22.02
210723 -59.3632 -25.05 22.02
201524 -66.259 -25.05 22.02
208392 -66.1711 -25.05 22.02
203151 -60.0385 -25.05 22.02
212019 -62.4171 -25.05 22.02
213591 -59.2593 -25.05 22.02
212861 -55.4589 -25.05 22.02
210322 -59.3364 -25.05 22.02
211054 -60.219 -25.05 22.02
209730 -60.2199 -25.05 22.02
220164 -71.2865 -25.05 22.02
209416 -62.169 -25.05 22.02
214777 -61.0519 -25.05 22.02
207131 -61.9683 -25.05 22.02
218019 -58.3941 -25.05 22.02
218201 -61.9643 -25.05 22.02
212093 -62.917 -25.05 22.02
207276 -64.9596 -25.05 22.02
215798 -56.7591 -25.05 22.02
194099 -66.4559 -25.05 22.02
217588 -63.9143 -25.05 22.02
219024 -67.3561 -25.05 22.02
211555 -59.4234 -25.05 22.02
216919 -65.3985 -25.05 22.02
218008 -61.0968 -25.05 22.02
210742 -62.0402 -25.05 22.02
211536 -62.1081 -25.05 22.02
214769 -64.5464 -25.05 22.02
210899 -65.7866 -25.05 22.02
220046 -72.7266 -25.05 22.02
205342 -60.3119 -25.05 22.02
207975 -61.7181 -25.05 22.02
211303 -69.7944 -25.05 22.02
207732 -58.2733 -25.05 22.02
214716 -58.6598 -25.05 22.02
204474 -67.5688 -25.05 22.02
209401 -68.2561 -25.05 22.02
221470 -62.3555 -25.05 22.02
