#rtt sig_str x y
112476 -57.5691 10.34 13.35
109307 -58.6198 10.34 13.35
104697 -53.1522 10.34 13.35
115646 -52.6673 10.34 13.35
106423 -56.8272 10.34 13.35
103176 -53.8328 10.34 13.35
110870 -57.5229 10.34 13.35
111968 -56.8718 10.34 13.35
106448 -58.9854 10.34 13.35
113998 -58.9355 10.34 13.35
111662 -57.0499 10.34 13.35
113491 -55.2078 10.34 13.35
110335 -56.3759 10.34 13.35
112695 -59.2578 10.34 13.35
113349 -64.3375 10.34 13.35
118835 -57.5101 10.34 13.35
113315 -61.7703 10.34 13.35
103600 -61.2709 10.34 13.35
111549 -54.802 10.34 13.35
105879 -53.8267 10.34 13.35
110665 -56.07 10.34 13.35
106418 -71.9124 10.34 13.35
110716 -60.2054 10.34 13.35
112540 -64.466 10.34 13.35
115270 -58.9907 10.34 13.35
112607 -58.3438 10.34 13.35
107250 -55.4411 10.34 13.35
107805 -55.287 10.34 13.35
107197 -52.6825 10.34 13.35
113454 -49.8702 10.34 13.35
110787 -58.2354 10.34 13.35
108988 -55.8079 10.34 13.35
108188 -69.9986 10.34 13.35
105213 -56.6733 10.34 13.35
115791 -52.2919 10.34 13.35
78024 -75.62 10.34 13.35
107897 -56.3864 10.34 13.35
117435 -54.8379 10.34 13.35
110765 -60.2927 10.34 13.35
128282 -56.4823 -0.72 19.92
132753 -54.7891 -0.72 19.92
121979 -58.8629 -0.72 19.92
132556 -56.8682 -0.72 19.92
131412 -52.4386 -0.72 19.92
130255 -57.0666 -0.72 19.92
123224 -57.6296 -0.72 19.92
121336 -64.6802 -0.72 19.92
132392 -60.2763 -0.72 19.92
129433 -57.6448 -0.72 19.92
128788 -56.914 -0.72 19.92
130006 -60.2015 -0.72 19.92
134911 -65.7164 -0.72 19.92
127742 -59.8273 -0.72 19.92
126382 -59.0714 -0.72 19.92
126643 -56.2028 -0.72 19.92
129591 -57.4604 -0.72 19.92
117493 -58.6174 -0.72 19.92
123279 -54.8019 -0.72 19.92
128927 -57.6186 -0.72 19.92
127881 -54.1207 -0.72 19.92
128065 -63.0309 -0.72 19.92
125570 -59.4186 -0.72 19.92
126764 -57.4772 -0.72 19.92
127322 -58.2729 -0.72 19.92
124528 -59.7509 -0.72 19.92
130553 -53.8326 -0.72 19.92
124941 -60.6653 -0.72 19.92
130218 -54.7104 -0.72 19.92
127292 -57.5519 -0.72 19.92
130610 -57.123 -0.72 19.92
129117 -58.4932 -0.72 19.92
128610 -55.8674 -0.72 19.92
131509 -62.8774 -0.72 19.92
129017 -57.3487 -0.72 19.92
121638 -61.0869 -0.72 19.92
130504 -60.2923 -0.72 19.92
134952 -57.8619 -0.72 19.92
127976 -56.6062 -0.72 19.92
157628 -62.189 19.53 14.05
163530 -55.5735 19.53 14.05
160000 -55.4783 19.53 14.05
153482 -74.4113 19.53 14.05
119556 -79.8454 19.53 14.05
166410 -58.4171 19.53 14.05
157484 -64.4944 19.53 14.05
159095 -60.1324 19.53 14.05
159530 -65.9103 19.53 14.05
162057 -58.0453 19.53 14.05
156329 -61.583 19.53 14.05
162493 -58.2287 19.53 14.05
169683 -57.7061 19.53 14.05
156667 -60.4147 19.53 14.05
165631 -65.3483 19.53 14.05
159764 -65.7721 19.53 14.05
154066 -63.9542 19.53 14.05
162474 -57.8462 19.53 14.05
157626 -64.2943 19.53 14.05
151501 -52.8353 19.53 14.05
156163 -60.8303 19.53 14.05
155477 -62.8771 19.53 14.05
158682 -56.1318 19.53 14.05
162736 -62.3852 19.53 14.05
157596 -60.3983 19.53 14.05
161462 -69.4946 19.53 14.05
156628 -54.7278 19.53 14.05
166040 -56.7 19.53 14.05
152732 -63.6576 19.53 14.05
168293 -61.7761 19.53 14.05
156480 -54.0541 19.53 14.05
153446 -67.8269 19.53 14.05
136766 -64.6091 19.53 14.05
163404 -63.7053 19.53 14.05
152998 -58.7762 19.53 14.05
160413 -61.5217 19.53 14.05
158901 -59.0733 19.53 14.05
159592 -59.0215 19.53 14.05
156951 -66.9236 19.53 14.05
209123 -60.9919 -28.12 12.06
214920 -64.8254 -28.12 12.06
212939 -63.6412 -28.12 12.06
212301 -63.5401 -28.12 12.06
209495 -58.5564 -28.12 12.06
197856 -64.5368 -28.12 12.06
201756 -62.104 -28.12 12.06
215275 -64.9077 -28.12 12.06
207839 -61.683 -28.12 12.06
208831 -62.4568 -28.12 12.06
215682 -59.324 -28.12 12.06
199434 -61.4076 -28.12 12.06
213015 -63.096 -28.12 12.06
209712 -66.2087 -28.12 12.06
206612 -59.8816 -28.12 12.06
209335 -66.4568 -28.12 12.06
192323 -69.1973 -28.12 12.06
206839 -62.4635 -28.12 12.06
209511 -63.4953 -28.12 12.06
185841 -74.478 -28.12 12.06
209411 -75.9348 -28.12 12.06
206607 -63.0682 -28.12 12.06
204323 -63.8789 -28.12 12.06
215579 -66.0587 -28.12 12.06
207525 -58.9612 -28.12 12.06
206526 -62.0577 -28.12 12.06
206578 -63.6108 -28.12 12.06
204227 -66.5274 -28.12 12.06
199331 -61.0959 -28.12 12.06
205654 -60.5912 -28.12 12.06
201813 -61.5356 -28.12 12.06
206714 -63.765 -28.12 12.06
207973 -62.91 -28.12 12.06
199528 -61.1901 -28.12 12.06
202615 -64.4599 -28.12 12.06
210150 -67.1449 -28.12 12.06
211778 -66.7274 -28.12 12.06
205613 -58.15 -28.12 12.06
205721 -62.7561 -28.12 12.06
188710 -59.357 18.49 -18.4
179277 -57.2797 18.49 -18.4
176392 -59.1076 18.49 -18.4
180668 -58.4675 18.49 -18.4
180559 -57.0997 18.49 -18.4
181807 -54.6218 18.49 -18.4
181403 -65.7329 18.49 -18.4
147176 -68.4846 18.49 -18.4
178296 -60.9408 18.49 -18.4
184066 -60.1904 18.49 -18.4
184074 -60.3726 18.49 -18.4
179218 -54.8014 18.49 -18.4
178775 -60.342 18.49 -18.4
184952 -57.2328 18.49 -18.4
183924 -55.6197 18.49 -18.4
180139 -61.3025 18.49 -18.4
179982 -57.4238 18.49 -18.4
178833 -61.0089 18.49 -18.4
176916 -58.4814 18.49 -18.4
186825 -68.9556 18.49 -18.4
178795 -54.9044 18.49 -18.4
184352 -58.0075 18.49 -18.4
180924 -56.3564 18.49 -18.4
186231 -56.9402 18.49 -18.4
178229 -61.2179 18.49 -18.4
189776 -71.21 18.49 -18.4
180824 -69.1998 18.49 -18.4
180498 -60.2418 18.49 -18.4
191532 -61.1239 18.49 -18.4
182014 -57.4483 18.49 -18.4
176511 -61.6771 18.49 -18.4
177074 -62.2837 18.49 -18.4
181240 -58.5988 18.49 -18.4
178735 -60.3982 18.49 -18.4
180397 -59.697 18.49 -18.4
178970 -60.0243 18.49 -18.4
183889 -56.0682 18.49 -18.4
182501 -55.221 18.49 -18.4
175321 -69.025 18.49 -18.4
200498 -56.5619 3.94 28.65
193281 -57.501 3.94 28.65
201006 -66.4818 3.94 28.65
199670 -62.4272 3.94 28.65
199840 -62.3791 3.94 28.65
193507 -58.2441 3.94 28.65
197534 -60.2608 3.94 28.65
196038 -59.57 3.94 28.65
192549 -59.9026 3.94 28.65
197332 -60.88 3.94 28.65
186940 -64.418 3.94 28.65
194355 -63.914 3.94 28.65
192652 -56.782 3.94 28.65
205495 -62.6063 3.94 28.65
204899 -59.4214 3.94 28.65
202853 -65.2663 3.94 28.65
194172 -60.1607 3.94 28.65
187819 -58.4932 3.94 28.65
193613 -65.4832 3.94 28.65
194143 -61.8251 3.94 28.65
191972 -59.659 3.94 28.65
198057 -60.3572 3.94 28.65
195291 -61.7706 3.94 28.65
193008 -61.4413 3.94 28.65
199455 -67.2764 3.94 28.65
200315 -57.0423 3.94 28.65
189140 -65.1501 3.94 28.65
189396 -62.7194 3.94 28.65
198946 -64.7001 3.94 28.65
204672 -64.3802 3.94 28.65
200732 -56.4865 3.94 28.65
200141 -60.9774 3.94 28.65
198908 -54.0066 3.94 28.65
200703 -58.7731 3.94 28.65
195092 -57.7983 3.94 28.65
201417 -70.133 3.94 28.65
194669 -64.028 3.94 28.65
194290 -66.2171 3.94 28.65
200070 -59.8008 3.94 28.65
79097 -55.7669 -12.14 4.66
78622 -52.3848 -12.14 4.66
84366 -57.4108 -12.14 4.66
80130 -46.0019 -12.14 4.66
75171 -58.3066 -12.14 4.66
81515 -59.8388 -12.14 4.66
80420 -57.4309 -12.14 4.66
75152 -54.0686 -12.14 4.66
83094 -56.1045 -12.14 4.66
78286 -57.2294 -12.14 4.66
73685 -56.2311 -12.14 4.66
83187 -54.0858 -12.14 4.66
75316 -66.3183 -12.14 4.66
76576 -59.7885 -12.14 4.66
78497 -52.5555 -12.14 4.66
75160 -69.9331 -12.14 4.66
80977 -63.8007 -12.14 4.66
77562 -53.7839 -12.14 4.66
81693 -58.8129 -12.14 4.66
76923 -56.7642 -12.14 4.66
84185 -54.6067 -12.14 4.66
76418 -55.3649 -12.14 4.66
75156 -53.7291 -12.14 4.66
79577 -54.5965 -12.14 4.66
78124 -56.0654 -12.14 4.66
81134 -58.931 -12.14 4.66
84102 -59.4034 -12.14 4.66
80429 -55.6216 -12.14 4.66
76081 -53.2748 -12.14 4.66
83573 -62.9197 -12.14 4.66
77053 -57.5428 -12.14 4.66
82154 -56.3348 -12.14 4.66
80332 -55.6723 -12.14 4.66
78710 -51.835 -12.14 4.66
75219 -51.678 -12.14 4.66
70728 -54.0133 -12.14 4.66
80842 -56.8459 -12.14 4.66
75058 -55.6304 -12.14 4.66
82899 -48.0721 -12.14 4.66
184164 -58.9877 -27.2 0.83
181403 -59.7541 -27.2 0.83
184256 -63.9176 -27.2 0.83
185770 -56.2704 -27.2 0.83
183917 -62.3914 -27.2 0.83
180147 -59.9227 -27.2 0.83
194591 -62.9334 -27.2 0.83
179766 -61.3353 -27.2 0.83
193590 -61.7428 -27.2 0.83
182694 -58.8098 -27.2 0.83
188827 -58.6391 -27.2 0.83
180640 -57.964 -27.2 0.83
191574 -56.8996 -27.2 0.83
185129 -57.0033 -27.2 0.83
183639 -59.9492 -27.2 0.83
180655 -65.333 -27.2 0.83
189979 -55.441 -27.2 0.83
186721 -59.5458 -27.2 0.83
192237 -64.0402 -27.2 0.83
178355 -59.8401 -27.2 0.83
192156 -69.3448 -27.2 0.83
187878 -61.0614 -27.2 0.83
184284 -61.6825 -27.2 0.83
193136 -64.7206 -27.2 0.83
196268 -65.5158 -27.2 0.83
182888 -59.7643 -27.2 0.83
169271 -74.9385 -27.2 0.83
191795 -59.5466 -27.2 0.83
182377 -58.3768 -27.2 0.83
191969 -67.9511 -27.2 0.83
184012 -62.4614 -27.2 0.83
180052 -64.4831 -27.2 0.83
179745 -62.5718 -27.2 0.83
177083 -67.4314 -27.2 0.83
181891 -63.9535 -27.2 0.83
178847 -66.5201 -27.2 0.83
186745 -57.8593 -27.2 0.83
187751 -64.2763 -27.2 0.83
181218 -60.0933 -27.2 0.83
220742 -68.1247 29.44 21.09
247783 -60.5764 29.44 21.09
249446 -59.3688 29.44 21.09
244885 -67.0872 29.44 21.09
251148 -66.9517 29.44 21.09
259761 -62.0715 29.44 21.09
245284 -63.2297 29.44 21.09
255276 -60.9133 29.44 21.09
266554 -76.8717 29.44 21.09
257586 -61.2179 29.44 21.09
255618 -65.469 29.44 21.09
253949 -60.1798 29.44 21.09
247195 -67.4099 29.44 21.09
256357 -68.2274 29.44 21.09
252085 -60.1592 29.44 21.09
250756 -64.2179 29.44 21.09
255336 -66.9015 29.44 21.09
247545 -62.3072 29.44 21.09
234935 -68.8021 29.44 21.09
246329 -62.0626 29.44 21.09
232583 -73.435 29.44 21.09
235513 -68.0625 29.44 21.09
240203 -66.5141 29.44 21.09
241458 -69.5115 29.44 21.09
242909 -69.124 29.44 21.09
244979 -66.1187 29.44 21.09
250903 -64.0497 29.44 21.09
249324 -64.5726 29.44 21.09
255974 -58.3749 29.44 21.09
244562 -59.8383 29.44 21.09
256665 -66.1948 29.44 21.09
248410 -67.2021 29.44 21.09
252804 -69.9558 29.44 21.09
187616 -80.1666 29.44 21.09
243188 -59.3482 29.44 21.09
253611 -61.0843 29.44 21.09
249281 -67.2567 29.44 21.09
261065 -65.164 29.44 21.09
255564 -59.8533 29.44 21.09
196091 -66.433 -29.6 -7.14
204663 -58.6116 -29.6 -7.14
191569 -65.5074 -29.6 -7.14
193249 -65.4195 -29.6 -7.14
197238 -59.2869 -29.6 -7.14
204568 -61.6656 -29.6 -7.14
196699 -58.5078 -29.6 -7.14
192711 -54.7074 -29.6 -7.14
200821 -58.5849 -29.6 -7.14
192176 -59.4674 -29.6 -7.14
196085 -59.4684 -29.6 -7.14
196990 -70.535 -29.6 -7.14
196674 -61.4175 -29.6 -7.14
196065 -60.3004 -29.6 -7.14
197168 -61.2168 -29.6 -7.14
191459 -57.6425 -29.6 -7.14
196088 -61.2128 -29.6 -7.14
193076 -62.1655 -29.6 -7.14
202274 -64.208 -29.6 -7.14
197676 -56.0076 -29.6 -7.14
200571 -65.7044 -29.6 -7.14
190294 -63.1627 -29.6 -7.14
187198 -66.6045 -29.6 -7.14
198461 -58.6718 -29.6 -7.14
201062 -64.647 -29.6 -7.14
195156 -60.3453 -29.6 -7.14
199248 -61.2887 -29.6 -7.14
198825 -61.3566 -29.6 -7.14
188380 -63.7948 -29.6 -7.14
193226 -65.035 -29.6 -7.14
201455 -71.975 -29.6 -7.14
194783 -59.5604 -29.6 -7.14
188762 -60.9666 -29.6 -7.14
178074 -69.0429 -29.6 -7.14
194952 -57.5218 -29.6 -7.14
195603 -57.9083 -29.6 -7.14
201742 -66.8172 -29.6 -7.14
197431 -67.5046 -29.6 -7.14
182808 -61.604 -29.6 -7.14
