# sig_str_dBm p-value param0 (gamma) param1 (delta) param2 (xi) param3 (lambda) 
-3.400000000000000000e+01 9.564448216501413302e-01 3.185354317604146779e+00 5.478262165530669137e+00 6.607306595955902594e+03 1.057004908239790529e+04
-5.400000000000000000e+01 8.029763645977154862e-01 5.244677635165818863e+00 6.784963249330898449e+00 1.133762165352968623e+04 1.342249177763342050e+04
-5.700000000000000000e+01 7.480890566621167803e-01 1.152621953540154820e+01 1.175256997908031309e+01 2.397268246527833981e+04 2.115745764517223870e+04
-6.000000000000000000e+01 9.963665675921581366e-01 2.955792135442459667e+00 5.964536004213012887e+00 7.871392874146462418e+03 1.662255659360095888e+04
-6.300000000000000000e+01 8.039257133209317674e-01 6.531332615907573746e+00 9.919020162635561633e+00 2.047299811290661455e+04 3.032420728528186009e+04
-6.600000000000000000e+01 9.979394212618688531e-01 1.567922320973301531e+00 2.651102194031285109e+00 6.467335055986081898e+03 1.078068594789191775e+04
-6.900000000000000000e+01 6.810697009521589074e-01 1.191902515980642452e+00 1.756974001198971180e+00 5.315277549936767173e+03 9.231043791364496428e+03
-7.200000000000000000e+01 3.645886913439476684e-01 1.683626613441482789e+00 1.538246324360655226e+00 9.816638928305339505e+03 9.491487540612657540e+03
-7.400000000000000000e+01 1.539412127639722128e-02 4.689858735589265137e+00 1.958733746505123552e+00 2.843942680297018524e+04 6.570588773099477294e+03
-7.500000000000000000e+01 1.196539846602290638e-02 5.456350713475307757e+00 1.947768410367369363e+00 3.005410998533451129e+04 4.864245629274695602e+03
-7.600000000000000000e+01 8.619929197505232787e-03 7.139744646153246777e+00 2.171068689059474366e+00 3.898874739421080449e+04 3.882820051622387837e+03
-7.700000000000000000e+01 1.915120828910930835e-05 8.262140730541272404e+00 2.134512796579846494e+00 4.213322288891718199e+04 2.389299049716969876e+03
-7.800000000000000000e+01 1.150728526163237503e-05 8.522080144367578214e+00 2.687266469105907163e+00 6.479477378244051943e+04 7.235395990126871766e+03
-7.900000000000000000e+01 6.566380710936853791e-04 9.641640107814577476e+00 3.012802523339633609e+00 8.127530052138754399e+04 8.765970931713083701e+03
-8.000000000000000000e+01 4.567805409581508606e-06 1.056101124325277141e+01 3.345671831847210065e+00 9.972465034040552564e+04 1.125849606408089312e+04
-8.100000000000000000e+01 1.347554004881287913e-04 1.527327368062722002e+01 5.383312465271288261e+00 1.902291241426303750e+05 2.717772363591991598e+04
-8.200000000000000000e+01 2.718049110509558695e-03 2.162335985714914344e+01 7.213057201209605473e+00 2.829431457930520410e+05 3.315566004202136537e+04
