#rtt sig_str x y
196677 -60.8122 -4.98 29.84
198706 -60.8122 -4.98 29.84
203538 -60.8122 -4.98 29.84
204552 -60.8122 -4.98 29.84
202183 -60.8122 -4.98 29.84
202250 -60.8122 -4.98 29.84
203846 -60.8122 -4.98 29.84
205856 -60.8122 -4.98 29.84
205844 -60.8122 -4.98 29.84
203021 -60.8122 -4.98 29.84
201081 -60.8122 -4.98 29.84
202925 -60.8122 -4.98 29.84
207434 -60.8122 -4.98 29.84
204751 -60.8122 -4.98 29.84
204739 -60.8122 -4.98 29.84
199197 -60.8122 -4.98 29.84
196469 -60.8122 -4.98 29.84
198801 -60.8122 -4.98 29.84
201427 -60.8122 -4.98 29.84
206901 -60.8122 -4.98 29.84
202272 -60.8122 -4.98 29.84
204209 -60.8122 -4.98 29.84
206158 -60.8122 -4.98 29.84
205834 -60.8122 -4.98 29.84
201338 -60.8122 -4.98 29.84
198638 -60.8122 -4.98 29.84
193321 -60.8122 -4.98 29.84
197452 -60.8122 -4.98 29.84
198157 -60.8122 -4.98 29.84
200896 -60.8122 -4.98 29.84
200177 -60.8122 -4.98 29.84
193804 -60.8122 -4.98 29.84
201920 -60.8122 -4.98 29.84
192552 -60.8122 -4.98 29.84
207294 -60.8122 -4.98 29.84
195274 -60.8122 -4.98 29.84
195645 -60.8122 -4.98 29.84
198121 -60.8122 -4.98 29.84
203099 -60.8122 -4.98 29.84
181058 -60.5008 13.22 25.96
179620 -60.5008 13.22 25.96
179426 -60.5008 13.22 25.96
186629 -60.5008 13.22 25.96
185265 -60.5008 13.22 25.96
183478 -60.5008 13.22 25.96
183578 -60.5008 13.22 25.96
178876 -60.5008 13.22 25.96
185834 -60.5008 13.22 25.96
181865 -60.5008 13.22 25.96
179859 -60.5008 13.22 25.96
179539 -60.5008 13.22 25.96
182857 -60.5008 13.22 25.96
183141 -60.5008 13.22 25.96
177662 -60.5008 13.22 25.96
190216 -60.5008 13.22 25.96
183092 -60.5008 13.22 25.96
186657 -60.5008 13.22 25.96
182019 -60.5008 13.22 25.96
185405 -60.5008 13.22 25.96
182019 -60.5008 13.22 25.96
184391 -60.5008 13.22 25.96
185407 -60.5008 13.22 25.96
182412 -60.5008 13.22 25.96
175312 -60.5008 13.22 25.96
183821 -60.5008 13.22 25.96
188138 -60.5008 13.22 25.96
182098 -60.5008 13.22 25.96
182264 -60.5008 13.22 25.96
190839 -60.5008 13.22 25.96
181235 -60.5008 13.22 25.96
181566 -60.5008 13.22 25.96
190393 -60.5008 13.22 25.96
181987 -60.5008 13.22 25.96
183025 -60.5008 13.22 25.96
180117 -60.5008 13.22 25.96
188908 -60.5008 13.22 25.96
184475 -60.5008 13.22 25.96
181454 -60.5008 13.22 25.96
250847 -62.5606 -30 -22.32
248516 -62.5606 -30 -22.32
248621 -62.5606 -30 -22.32
258296 -62.5606 -30 -22.32
251192 -62.5606 -30 -22.32
250171 -62.5606 -30 -22.32
259103 -62.5606 -30 -22.32
252025 -62.5606 -30 -22.32
250514 -62.5606 -30 -22.32
250270 -62.5606 -30 -22.32
256469 -62.5606 -30 -22.32
253086 -62.5606 -30 -22.32
259694 -62.5606 -30 -22.32
238828 -62.5606 -30 -22.32
250521 -62.5606 -30 -22.32
249738 -62.5606 -30 -22.32
244479 -62.5606 -30 -22.32
253055 -62.5606 -30 -22.32
240496 -62.5606 -30 -22.32
252632 -62.5606 -30 -22.32
253835 -62.5606 -30 -22.32
258061 -62.5606 -30 -22.32
245299 -62.5606 -30 -22.32
253772 -62.5606 -30 -22.32
251575 -62.5606 -30 -22.32
247747 -62.5606 -30 -22.32
252553 -62.5606 -30 -22.32
252362 -62.5606 -30 -22.32
259053 -62.5606 -30 -22.32
246135 -62.5606 -30 -22.32
255382 -62.5606 -30 -22.32
253116 -62.5606 -30 -22.32
255738 -62.5606 -30 -22.32
247282 -62.5606 -30 -22.32
252703 -62.5606 -30 -22.32
253991 -62.5606 -30 -22.32
252969 -62.5606 -30 -22.32
255699 -62.5606 -30 -22.32
244815 -62.5606 -30 -22.32
206773 -61.3302 -11.86 29.95
208097 -61.3302 -11.86 29.95
217543 -61.3302 -11.86 29.95
206985 -61.3302 -11.86 29.95
209770 -61.3302 -11.86 29.95
208238 -61.3302 -11.86 29.95
195859 -61.3302 -11.86 29.95
214907 -61.3302 -11.86 29.95
206354 -61.3302 -11.86 29.95
211356 -61.3302 -11.86 29.95
206464 -61.3302 -11.86 29.95
212626 -61.3302 -11.86 29.95
205958 -61.3302 -11.86 29.95
208746 -61.3302 -11.86 29.95
201299 -61.3302 -11.86 29.95
214211 -61.3302 -11.86 29.95
207175 -61.3302 -11.86 29.95
213814 -61.3302 -11.86 29.95
211713 -61.3302 -11.86 29.95
210103 -61.3302 -11.86 29.95
208105 -61.3302 -11.86 29.95
209624 -61.3302 -11.86 29.95
205487 -61.3302 -11.86 29.95
217491 -61.3302 -11.86 29.95
202275 -61.3302 -11.86 29.95
215176 -61.3302 -11.86 29.95
204915 -61.3302 -11.86 29.95
205643 -61.3302 -11.86 29.95
208754 -61.3302 -11.86 29.95
213458 -61.3302 -11.86 29.95
214329 -61.3302 -11.86 29.95
210071 -61.3302 -11.86 29.95
213764 -61.3302 -11.86 29.95
210226 -61.3302 -11.86 29.95
206252 -61.3302 -11.86 29.95
207684 -61.3302 -11.86 29.95
216223 -61.3302 -11.86 29.95
210245 -61.3302 -11.86 29.95
207413 -61.3302 -11.86 29.95
174449 -59.7082 -21.2 -15.84
175678 -59.7082 -21.2 -15.84
164601 -59.7082 -21.2 -15.84
175261 -59.7082 -21.2 -15.84
171451 -59.7082 -21.2 -15.84
168741 -59.7082 -21.2 -15.84
168343 -59.7082 -21.2 -15.84
176785 -59.7082 -21.2 -15.84
170575 -59.7082 -21.2 -15.84
168273 -59.7082 -21.2 -15.84
165190 -59.7082 -21.2 -15.84
162867 -59.7082 -21.2 -15.84
173422 -59.7082 -21.2 -15.84
168156 -59.7082 -21.2 -15.84
176935 -59.7082 -21.2 -15.84
168229 -59.7082 -21.2 -15.84
166809 -59.7082 -21.2 -15.84
165003 -59.7082 -21.2 -15.84
173761 -59.7082 -21.2 -15.84
168847 -59.7082 -21.2 -15.84
174156 -59.7082 -21.2 -15.84
171620 -59.7082 -21.2 -15.84
169624 -59.7082 -21.2 -15.84
165974 -59.7082 -21.2 -15.84
167631 -59.7082 -21.2 -15.84
172544 -59.7082 -21.2 -15.84
167083 -59.7082 -21.2 -15.84
176725 -59.7082 -21.2 -15.84
172504 -59.7082 -21.2 -15.84
168356 -59.7082 -21.2 -15.84
166593 -59.7082 -21.2 -15.84
173104 -59.7082 -21.2 -15.84
169623 -59.7082 -21.2 -15.84
174261 -59.7082 -21.2 -15.84
169378 -59.7082 -21.2 -15.84
170099 -59.7082 -21.2 -15.84
171671 -59.7082 -21.2 -15.84
171996 -59.7082 -21.2 -15.84
166338 -59.7082 -21.2 -15.84
152842 -59.3161 -24.46 -6.21
160229 -59.3161 -24.46 -6.21
159436 -59.3161 -24.46 -6.21
160991 -59.3161 -24.46 -6.21
155641 -59.3161 -24.46 -6.21
160047 -59.3161 -24.46 -6.21
150974 -59.3161 -24.46 -6.21
158404 -59.3161 -24.46 -6.21
156163 -59.3161 -24.46 -6.21
160912 -59.3161 -24.46 -6.21
153163 -59.3161 -24.46 -6.21
163595 -59.3161 -24.46 -6.21
160228 -59.3161 -24.46 -6.21
154622 -59.3161 -24.46 -6.21
151219 -59.3161 -24.46 -6.21
162684 -59.3161 -24.46 -6.21
161999 -59.3161 -24.46 -6.21
163509 -59.3161 -24.46 -6.21
160376 -59.3161 -24.46 -6.21
154962 -59.3161 -24.46 -6.21
161607 -59.3161 -24.46 -6.21
163251 -59.3161 -24.46 -6.21
165494 -59.3161 -24.46 -6.21
157171 -59.3161 -24.46 -6.21
162506 -59.3161 -24.46 -6.21
158559 -59.3161 -24.46 -6.21
163426 -59.3161 -24.46 -6.21
159774 -59.3161 -24.46 -6.21
160666 -59.3161 -24.46 -6.21
165986 -59.3161 -24.46 -6.21
161445 -59.3161 -24.46 -6.21
154901 -59.3161 -24.46 -6.21
161477 -59.3161 -24.46 -6.21
162051 -59.3161 -24.46 -6.21
160920 -59.3161 -24.46 -6.21
160884 -59.3161 -24.46 -6.21
158516 -59.3161 -24.46 -6.21
157865 -59.3161 -24.46 -6.21
152225 -59.3161 -24.46 -6.21
138928 -57.3958 -18.83 -6.73
133809 -57.3958 -18.83 -6.73
136041 -57.3958 -18.83 -6.73
143067 -57.3958 -18.83 -6.73
128408 -57.3958 -18.83 -6.73
138904 -57.3958 -18.83 -6.73
135494 -57.3958 -18.83 -6.73
132388 -57.3958 -18.83 -6.73
137171 -57.3958 -18.83 -6.73
128252 -57.3958 -18.83 -6.73
130026 -57.3958 -18.83 -6.73
135656 -57.3958 -18.83 -6.73
135919 -57.3958 -18.83 -6.73
132679 -57.3958 -18.83 -6.73
138597 -57.3958 -18.83 -6.73
140399 -57.3958 -18.83 -6.73
125984 -57.3958 -18.83 -6.73
130244 -57.3958 -18.83 -6.73
137210 -57.3958 -18.83 -6.73
141359 -57.3958 -18.83 -6.73
135623 -57.3958 -18.83 -6.73
135914 -57.3958 -18.83 -6.73
130637 -57.3958 -18.83 -6.73
135878 -57.3958 -18.83 -6.73
131875 -57.3958 -18.83 -6.73
134175 -57.3958 -18.83 -6.73
135847 -57.3958 -18.83 -6.73
128409 -57.3958 -18.83 -6.73
138046 -57.3958 -18.83 -6.73
135241 -57.3958 -18.83 -6.73
138453 -57.3958 -18.83 -6.73
135391 -57.3958 -18.83 -6.73
129016 -57.3958 -18.83 -6.73
132070 -57.3958 -18.83 -6.73
127905 -57.3958 -18.83 -6.73
135725 -57.3958 -18.83 -6.73
132086 -57.3958 -18.83 -6.73
131081 -57.3958 -18.83 -6.73
135649 -57.3958 -18.83 -6.73
87716 -54.3208 -9.27 10.19
86504 -54.3208 -9.27 10.19
83437 -54.3208 -9.27 10.19
91401 -54.3208 -9.27 10.19
88029 -54.3208 -9.27 10.19
88731 -54.3208 -9.27 10.19
92776 -54.3208 -9.27 10.19
89766 -54.3208 -9.27 10.19
86259 -54.3208 -9.27 10.19
92211 -54.3208 -9.27 10.19
86020 -54.3208 -9.27 10.19
86563 -54.3208 -9.27 10.19
87405 -54.3208 -9.27 10.19
86843 -54.3208 -9.27 10.19
90897 -54.3208 -9.27 10.19
97686 -54.3208 -9.27 10.19
87664 -54.3208 -9.27 10.19
84422 -54.3208 -9.27 10.19
87118 -54.3208 -9.27 10.19
90923 -54.3208 -9.27 10.19
77323 -54.3208 -9.27 10.19
82694 -54.3208 -9.27 10.19
84220 -54.3208 -9.27 10.19
87815 -54.3208 -9.27 10.19
92022 -54.3208 -9.27 10.19
88997 -54.3208 -9.27 10.19
86331 -54.3208 -9.27 10.19
85978 -54.3208 -9.27 10.19
88651 -54.3208 -9.27 10.19
87436 -54.3208 -9.27 10.19
87906 -54.3208 -9.27 10.19
94009 -54.3208 -9.27 10.19
79571 -54.3208 -9.27 10.19
89425 -54.3208 -9.27 10.19
88543 -54.3208 -9.27 10.19
82037 -54.3208 -9.27 10.19
86429 -54.3208 -9.27 10.19
86715 -54.3208 -9.27 10.19
87009 -54.3208 -9.27 10.19
171553 -59.8316 -6.19 26.14
180101 -59.8316 -6.19 26.14
184258 -59.8316 -6.19 26.14
170655 -59.8316 -6.19 26.14
178205 -59.8316 -6.19 26.14
181947 -59.8316 -6.19 26.14
180726 -59.8316 -6.19 26.14
176647 -59.8316 -6.19 26.14
175422 -59.8316 -6.19 26.14
176420 -59.8316 -6.19 26.14
176382 -59.8316 -6.19 26.14
177017 -59.8316 -6.19 26.14
184451 -59.8316 -6.19 26.14
177361 -59.8316 -6.19 26.14
172909 -59.8316 -6.19 26.14
178197 -59.8316 -6.19 26.14
179799 -59.8316 -6.19 26.14
169546 -59.8316 -6.19 26.14
173528 -59.8316 -6.19 26.14
175412 -59.8316 -6.19 26.14
173002 -59.8316 -6.19 26.14
181731 -59.8316 -6.19 26.14
169749 -59.8316 -6.19 26.14
178266 -59.8316 -6.19 26.14
177209 -59.8316 -6.19 26.14
179628 -59.8316 -6.19 26.14
173412 -59.8316 -6.19 26.14
172195 -59.8316 -6.19 26.14
184644 -59.8316 -6.19 26.14
174959 -59.8316 -6.19 26.14
181427 -59.8316 -6.19 26.14
171374 -59.8316 -6.19 26.14
176846 -59.8316 -6.19 26.14
178084 -59.8316 -6.19 26.14
181812 -59.8316 -6.19 26.14
177620 -59.8316 -6.19 26.14
181886 -59.8316 -6.19 26.14
178367 -59.8316 -6.19 26.14
183259 -59.8316 -6.19 26.14
139844 -57.7645 2.33 20.78
134070 -57.7645 2.33 20.78
131866 -57.7645 2.33 20.78
134957 -57.7645 2.33 20.78
133189 -57.7645 2.33 20.78
135933 -57.7645 2.33 20.78
132349 -57.7645 2.33 20.78
130282 -57.7645 2.33 20.78
131247 -57.7645 2.33 20.78
139160 -57.7645 2.33 20.78
136982 -57.7645 2.33 20.78
133709 -57.7645 2.33 20.78
130426 -57.7645 2.33 20.78
134412 -57.7645 2.33 20.78
129836 -57.7645 2.33 20.78
132209 -57.7645 2.33 20.78
134595 -57.7645 2.33 20.78
133242 -57.7645 2.33 20.78
134325 -57.7645 2.33 20.78
140230 -57.7645 2.33 20.78
139731 -57.7645 2.33 20.78
135656 -57.7645 2.33 20.78
139851 -57.7645 2.33 20.78
132749 -57.7645 2.33 20.78
144067 -57.7645 2.33 20.78
128756 -57.7645 2.33 20.78
136050 -57.7645 2.33 20.78
134776 -57.7645 2.33 20.78
128544 -57.7645 2.33 20.78
139895 -57.7645 2.33 20.78
132316 -57.7645 2.33 20.78
131597 -57.7645 2.33 20.78
133714 -57.7645 2.33 20.78
132100 -57.7645 2.33 20.78
128338 -57.7645 2.33 20.78
132903 -57.7645 2.33 20.78
136333 -57.7645 2.33 20.78
129713 -57.7645 2.33 20.78
136696 -57.7645 2.33 20.78
