#rtt sig_str x y
131604 -57.0974 -3.84 -18.9
124735 -57.0974 -3.84 -18.9
120768 -57.0974 -3.84 -18.9
122034 -57.0974 -3.84 -18.9
122398 -57.0974 -3.84 -18.9
125530 -57.0974 -3.84 -18.9
123068 -57.0974 -3.84 -18.9
119874 -57.0974 -3.84 -18.9
124862 -57.0974 -3.84 -18.9
123686 -57.0974 -3.84 -18.9
126467 -57.0974 -3.84 -18.9
123897 -57.0974 -3.84 -18.9
128800 -57.0974 -3.84 -18.9
120223 -57.0974 -3.84 -18.9
121756 -57.0974 -3.84 -18.9
117235 -57.0974 -3.84 -18.9
127930 -57.0974 -3.84 -18.9
132267 -57.0974 -3.84 -18.9
126317 -57.0974 -3.84 -18.9
128273 -57.0974 -3.84 -18.9
122723 -57.0974 -3.84 -18.9
133632 -57.0974 -3.84 -18.9
122980 -57.0974 -3.84 -18.9
123139 -57.0974 -3.84 -18.9
126448 -57.0974 -3.84 -18.9
125729 -57.0974 -3.84 -18.9
127872 -57.0974 -3.84 -18.9
125889 -57.0974 -3.84 -18.9
120737 -57.0974 -3.84 -18.9
128497 -57.0974 -3.84 -18.9
122719 -57.0974 -3.84 -18.9
122449 -57.0974 -3.84 -18.9
124889 -57.0974 -3.84 -18.9
119498 -57.0974 -3.84 -18.9
127080 -57.0974 -3.84 -18.9
122819 -57.0974 -3.84 -18.9
129864 -57.0974 -3.84 -18.9
123390 -57.0974 -3.84 -18.9
120440 -57.0974 -3.84 -18.9
247210 -62.7958 -28.45 25.9
255035 -62.7958 -28.45 25.9
256569 -62.7958 -28.45 25.9
261378 -62.7958 -28.45 25.9
254572 -62.7958 -28.45 25.9
253073 -62.7958 -28.45 25.9
261338 -62.7958 -28.45 25.9
252706 -62.7958 -28.45 25.9
249550 -62.7958 -28.45 25.9
253723 -62.7958 -28.45 25.9
259492 -62.7958 -28.45 25.9
255300 -62.7958 -28.45 25.9
253790 -62.7958 -28.45 25.9
255932 -62.7958 -28.45 25.9
248224 -62.7958 -28.45 25.9
258167 -62.7958 -28.45 25.9
251460 -62.7958 -28.45 25.9
256845 -62.7958 -28.45 25.9
247977 -62.7958 -28.45 25.9
251116 -62.7958 -28.45 25.9
253192 -62.7958 -28.45 25.9
250892 -62.7958 -28.45 25.9
255585 -62.7958 -28.45 25.9
251504 -62.7958 -28.45 25.9
255380 -62.7958 -28.45 25.9
249464 -62.7958 -28.45 25.9
248850 -62.7958 -28.45 25.9
254385 -62.7958 -28.45 25.9
252439 -62.7958 -28.45 25.9
252359 -62.7958 -28.45 25.9
250261 -62.7958 -28.45 25.9
248028 -62.7958 -28.45 25.9
255329 -62.7958 -28.45 25.9
257107 -62.7958 -28.45 25.9
249893 -62.7958 -28.45 25.9
260503 -62.7958 -28.45 25.9
255465 -62.7958 -28.45 25.9
255594 -62.7958 -28.45 25.9
254869 -62.7958 -28.45 25.9
172133 -59.8842 2.98 26.87
183182 -59.8842 2.98 26.87
176195 -59.8842 2.98 26.87
169427 -59.8842 2.98 26.87
170917 -59.8842 2.98 26.87
175377 -59.8842 2.98 26.87
172918 -59.8842 2.98 26.87
178327 -59.8842 2.98 26.87
171149 -59.8842 2.98 26.87
173690 -59.8842 2.98 26.87
172411 -59.8842 2.98 26.87
176719 -59.8842 2.98 26.87
178248 -59.8842 2.98 26.87
169545 -59.8842 2.98 26.87
176306 -59.8842 2.98 26.87
177499 -59.8842 2.98 26.87
177764 -59.8842 2.98 26.87
179060 -59.8842 2.98 26.87
174122 -59.8842 2.98 26.87
174871 -59.8842 2.98 26.87
167717 -59.8842 2.98 26.87
175820 -59.8842 2.98 26.87
170632 -59.8842 2.98 26.87
178482 -59.8842 2.98 26.87
170217 -59.8842 2.98 26.87
169718 -59.8842 2.98 26.87
177535 -59.8842 2.98 26.87
185774 -59.8842 2.98 26.87
176073 -59.8842 2.98 26.87
176638 -59.8842 2.98 26.87
169330 -59.8842 2.98 26.87
170010 -59.8842 2.98 26.87
181821 -59.8842 2.98 26.87
177968 -59.8842 2.98 26.87
165987 -59.8842 2.98 26.87
176120 -59.8842 2.98 26.87
177387 -59.8842 2.98 26.87
173872 -59.8842 2.98 26.87
188541 -59.8842 2.98 26.87
25659 -44.0912 -3.88 -0.92
20112 -44.0912 -3.88 -0.92
30348 -44.0912 -3.88 -0.92
30158 -44.0912 -3.88 -0.92
29072 -44.0912 -3.88 -0.92
27983 -44.0912 -3.88 -0.92
26979 -44.0912 -3.88 -0.92
30248 -44.0912 -3.88 -0.92
33064 -44.0912 -3.88 -0.92
26544 -44.0912 -3.88 -0.92
30023 -44.0912 -3.88 -0.92
22598 -44.0912 -3.88 -0.92
29528 -44.0912 -3.88 -0.92
27262 -44.0912 -3.88 -0.92
23183 -44.0912 -3.88 -0.92
19509 -44.0912 -3.88 -0.92
29679 -44.0912 -3.88 -0.92
29897 -44.0912 -3.88 -0.92
22231 -44.0912 -3.88 -0.92
30224 -44.0912 -3.88 -0.92
25468 -44.0912 -3.88 -0.92
27172 -44.0912 -3.88 -0.92
27563 -44.0912 -3.88 -0.92
27795 -44.0912 -3.88 -0.92
27485 -44.0912 -3.88 -0.92
30651 -44.0912 -3.88 -0.92
28785 -44.0912 -3.88 -0.92
30902 -44.0912 -3.88 -0.92
23906 -44.0912 -3.88 -0.92
20546 -44.0912 -3.88 -0.92
35608 -44.0912 -3.88 -0.92
25524 -44.0912 -3.88 -0.92
29096 -44.0912 -3.88 -0.92
27756 -44.0912 -3.88 -0.92
29573 -44.0912 -3.88 -0.92
27370 -44.0912 -3.88 -0.92
30760 -44.0912 -3.88 -0.92
30018 -44.0912 -3.88 -0.92
30543 -44.0912 -3.88 -0.92
82872 -53.0316 -4.78 -10.77
77505 -53.0316 -4.78 -10.77
75925 -53.0316 -4.78 -10.77
84427 -53.0316 -4.78 -10.77
79583 -53.0316 -4.78 -10.77
75854 -53.0316 -4.78 -10.77
72054 -53.0316 -4.78 -10.77
82181 -53.0316 -4.78 -10.77
82026 -53.0316 -4.78 -10.77
81939 -53.0316 -4.78 -10.77
76560 -53.0316 -4.78 -10.77
81453 -53.0316 -4.78 -10.77
83494 -53.0316 -4.78 -10.77
78901 -53.0316 -4.78 -10.77
85587 -53.0316 -4.78 -10.77
82505 -53.0316 -4.78 -10.77
81226 -53.0316 -4.78 -10.77
74427 -53.0316 -4.78 -10.77
81512 -53.0316 -4.78 -10.77
78580 -53.0316 -4.78 -10.77
88446 -53.0316 -4.78 -10.77
77852 -53.0316 -4.78 -10.77
80472 -53.0316 -4.78 -10.77
76952 -53.0316 -4.78 -10.77
84036 -53.0316 -4.78 -10.77
78771 -53.0316 -4.78 -10.77
72392 -53.0316 -4.78 -10.77
81232 -53.0316 -4.78 -10.77
84488 -53.0316 -4.78 -10.77
77066 -53.0316 -4.78 -10.77
86299 -53.0316 -4.78 -10.77
77885 -53.0316 -4.78 -10.77
82608 -53.0316 -4.78 -10.77
80345 -53.0316 -4.78 -10.77
82888 -53.0316 -4.78 -10.77
77391 -53.0316 -4.78 -10.77
73502 -53.0316 -4.78 -10.77
81034 -53.0316 -4.78 -10.77
77520 -53.0316 -4.78 -10.77
143967 -58.5876 -10.18 -20.74
146946 -58.5876 -10.18 -20.74
156712 -58.5876 -10.18 -20.74
154437 -58.5876 -10.18 -20.74
149135 -58.5876 -10.18 -20.74
148380 -58.5876 -10.18 -20.74
142505 -58.5876 -10.18 -20.74
150959 -58.5876 -10.18 -20.74
150135 -58.5876 -10.18 -20.74
148813 -58.5876 -10.18 -20.74
150244 -58.5876 -10.18 -20.74
148885 -58.5876 -10.18 -20.74
147300 -58.5876 -10.18 -20.74
153984 -58.5876 -10.18 -20.74
149943 -58.5876 -10.18 -20.74
154460 -58.5876 -10.18 -20.74
147880 -58.5876 -10.18 -20.74
144172 -58.5876 -10.18 -20.74
148176 -58.5876 -10.18 -20.74
153678 -58.5876 -10.18 -20.74
145159 -58.5876 -10.18 -20.74
148765 -58.5876 -10.18 -20.74
149396 -58.5876 -10.18 -20.74
144773 -58.5876 -10.18 -20.74
143234 -58.5876 -10.18 -20.74
144789 -58.5876 -10.18 -20.74
149808 -58.5876 -10.18 -20.74
144465 -58.5876 -10.18 -20.74
142907 -58.5876 -10.18 -20.74
141469 -58.5876 -10.18 -20.74
151282 -58.5876 -10.18 -20.74
146479 -58.5876 -10.18 -20.74
148830 -58.5876 -10.18 -20.74
148472 -58.5876 -10.18 -20.74
152036 -58.5876 -10.18 -20.74
144874 -58.5876 -10.18 -20.74
153598 -58.5876 -10.18 -20.74
153656 -58.5876 -10.18 -20.74
145362 -58.5876 -10.18 -20.74
135838 -57.9408 -17.72 11.93
136233 -57.9408 -17.72 11.93
139397 -57.9408 -17.72 11.93
136843 -57.9408 -17.72 11.93
143730 -57.9408 -17.72 11.93
139810 -57.9408 -17.72 11.93
137872 -57.9408 -17.72 11.93
138808 -57.9408 -17.72 11.93
134567 -57.9408 -17.72 11.93
140714 -57.9408 -17.72 11.93
145169 -57.9408 -17.72 11.93
138659 -57.9408 -17.72 11.93
145178 -57.9408 -17.72 11.93
138668 -57.9408 -17.72 11.93
141114 -57.9408 -17.72 11.93
143775 -57.9408 -17.72 11.93
136140 -57.9408 -17.72 11.93
138586 -57.9408 -17.72 11.93
140149 -57.9408 -17.72 11.93
139763 -57.9408 -17.72 11.93
139265 -57.9408 -17.72 11.93
143673 -57.9408 -17.72 11.93
142899 -57.9408 -17.72 11.93
144977 -57.9408 -17.72 11.93
138089 -57.9408 -17.72 11.93
134380 -57.9408 -17.72 11.93
142037 -57.9408 -17.72 11.93
137143 -57.9408 -17.72 11.93
137973 -57.9408 -17.72 11.93
141778 -57.9408 -17.72 11.93
147293 -57.9408 -17.72 11.93
142446 -57.9408 -17.72 11.93
140554 -57.9408 -17.72 11.93
143824 -57.9408 -17.72 11.93
149594 -57.9408 -17.72 11.93
144653 -57.9408 -17.72 11.93
134251 -57.9408 -17.72 11.93
143837 -57.9408 -17.72 11.93
146168 -57.9408 -17.72 11.93
154654 -58.8698 7.16 -22.81
167334 -58.8698 7.16 -22.81
160673 -58.8698 7.16 -22.81
161051 -58.8698 7.16 -22.81
161245 -58.8698 7.16 -22.81
164045 -58.8698 7.16 -22.81
167883 -58.8698 7.16 -22.81
162843 -58.8698 7.16 -22.81
159626 -58.8698 7.16 -22.81
160997 -58.8698 7.16 -22.81
157817 -58.8698 7.16 -22.81
161858 -58.8698 7.16 -22.81
166990 -58.8698 7.16 -22.81
148334 -58.8698 7.16 -22.81
155533 -58.8698 7.16 -22.81
162348 -58.8698 7.16 -22.81
158458 -58.8698 7.16 -22.81
150497 -58.8698 7.16 -22.81
153260 -58.8698 7.16 -22.81
160185 -58.8698 7.16 -22.81
160690 -58.8698 7.16 -22.81
160441 -58.8698 7.16 -22.81
154200 -58.8698 7.16 -22.81
152302 -58.8698 7.16 -22.81
160813 -58.8698 7.16 -22.81
163530 -58.8698 7.16 -22.81
159608 -58.8698 7.16 -22.81
162205 -58.8698 7.16 -22.81
162265 -58.8698 7.16 -22.81
161102 -58.8698 7.16 -22.81
151609 -58.8698 7.16 -22.81
158190 -58.8698 7.16 -22.81
162418 -58.8698 7.16 -22.81
159417 -58.8698 7.16 -22.81
164360 -58.8698 7.16 -22.81
157693 -58.8698 7.16 -22.81
158889 -58.8698 7.16 -22.81
165221 -58.8698 7.16 -22.81
157862 -58.8698 7.16 -22.81
81171 -53.2184 -12.02 -0.89
79727 -53.2184 -12.02 -0.89
75889 -53.2184 -12.02 -0.89
82577 -53.2184 -12.02 -0.89
83720 -53.2184 -12.02 -0.89
79670 -53.2184 -12.02 -0.89
77249 -53.2184 -12.02 -0.89
76478 -53.2184 -12.02 -0.89
86458 -53.2184 -12.02 -0.89
79414 -53.2184 -12.02 -0.89
77208 -53.2184 -12.02 -0.89
84557 -53.2184 -12.02 -0.89
79771 -53.2184 -12.02 -0.89
80246 -53.2184 -12.02 -0.89
78707 -53.2184 -12.02 -0.89
81653 -53.2184 -12.02 -0.89
78642 -53.2184 -12.02 -0.89
73757 -53.2184 -12.02 -0.89
83666 -53.2184 -12.02 -0.89
77645 -53.2184 -12.02 -0.89
79683 -53.2184 -12.02 -0.89
80201 -53.2184 -12.02 -0.89
82229 -53.2184 -12.02 -0.89
79040 -53.2184 -12.02 -0.89
79814 -53.2184 -12.02 -0.89
84144 -53.2184 -12.02 -0.89
84439 -53.2184 -12.02 -0.89
70362 -53.2184 -12.02 -0.89
75275 -53.2184 -12.02 -0.89
83535 -53.2184 -12.02 -0.89
74624 -53.2184 -12.02 -0.89
81058 -53.2184 -12.02 -0.89
81609 -53.2184 -12.02 -0.89
79221 -53.2184 -12.02 -0.89
83254 -53.2184 -12.02 -0.89
80117 -53.2184 -12.02 -0.89
76357 -53.2184 -12.02 -0.89
84200 -53.2184 -12.02 -0.89
75228 -53.2184 -12.02 -0.89
140484 -55.6079 -13.99 7.97
131056 -55.6079 -13.99 7.97
138711 -55.6079 -13.99 7.97
135366 -55.6079 -13.99 7.97
137093 -55.6079 -13.99 7.97
136569 -55.6079 -13.99 7.97
137794 -55.6079 -13.99 7.97
131731 -55.6079 -13.99 7.97
139576 -55.6079 -13.99 7.97
130863 -55.6079 -13.99 7.97
138232 -55.6079 -13.99 7.97
140323 -55.6079 -13.99 7.97
135133 -55.6079 -13.99 7.97
135047 -55.6079 -13.99 7.97
136137 -55.6079 -13.99 7.97
139913 -55.6079 -13.99 7.97
134892 -55.6079 -13.99 7.97
136555 -55.6079 -13.99 7.97
136114 -55.6079 -13.99 7.97
136405 -55.6079 -13.99 7.97
134116 -55.6079 -13.99 7.97
138457 -55.6079 -13.99 7.97
132690 -55.6079 -13.99 7.97
135373 -55.6079 -13.99 7.97
136172 -55.6079 -13.99 7.97
136124 -55.6079 -13.99 7.97
135370 -55.6079 -13.99 7.97
138013 -55.6079 -13.99 7.97
141082 -55.6079 -13.99 7.97
134640 -55.6079 -13.99 7.97
137569 -55.6079 -13.99 7.97
134533 -55.6079 -13.99 7.97
133729 -55.6079 -13.99 7.97
133741 -55.6079 -13.99 7.97
138771 -55.6079 -13.99 7.97
138090 -55.6079 -13.99 7.97
137214 -55.6079 -13.99 7.97
139002 -55.6079 -13.99 7.97
140966 -55.6079 -13.99 7.97
