#rtt sig_str x y
165848 -59.5431 3.05 -25.76
166476 -59.5431 3.05 -25.76
166610 -59.5431 3.05 -25.76
164165 -59.5431 3.05 -25.76
167498 -59.5431 3.05 -25.76
165975 -59.5431 3.05 -25.76
168815 -59.5431 3.05 -25.76
165537 -59.5431 3.05 -25.76
166030 -59.5431 3.05 -25.76
168225 -59.5431 3.05 -25.76
159050 -59.5431 3.05 -25.76
163364 -59.5431 3.05 -25.76
155577 -59.5431 3.05 -25.76
166173 -59.5431 3.05 -25.76
168920 -59.5431 3.05 -25.76
165367 -59.5431 3.05 -25.76
167503 -59.5431 3.05 -25.76
157727 -59.5431 3.05 -25.76
162859 -59.5431 3.05 -25.76
160484 -59.5431 3.05 -25.76
164840 -59.5431 3.05 -25.76
163936 -59.5431 3.05 -25.76
167305 -59.5431 3.05 -25.76
158250 -59.5431 3.05 -25.76
166555 -59.5431 3.05 -25.76
163644 -59.5431 3.05 -25.76
174264 -59.5431 3.05 -25.76
167730 -59.5431 3.05 -25.76
169950 -59.5431 3.05 -25.76
169325 -59.5431 3.05 -25.76
167215 -59.5431 3.05 -25.76
164084 -59.5431 3.05 -25.76
170606 -59.5431 3.05 -25.76
170405 -59.5431 3.05 -25.76
169127 -59.5431 3.05 -25.76
157364 -59.5431 3.05 -25.76
168248 -59.5431 3.05 -25.76
167208 -59.5431 3.05 -25.76
158360 -59.5431 3.05 -25.76
166443 -58.8741 12.49 20.4
159904 -58.8741 12.49 20.4
167767 -58.8741 12.49 20.4
156153 -58.8741 12.49 20.4
162446 -58.8741 12.49 20.4
149963 -58.8741 12.49 20.4
166897 -58.8741 12.49 20.4
161808 -58.8741 12.49 20.4
164504 -58.8741 12.49 20.4
162319 -58.8741 12.49 20.4
153900 -58.8741 12.49 20.4
163658 -58.8741 12.49 20.4
163163 -58.8741 12.49 20.4
162053 -58.8741 12.49 20.4
171552 -58.8741 12.49 20.4
155980 -58.8741 12.49 20.4
171064 -58.8741 12.49 20.4
165613 -58.8741 12.49 20.4
162362 -58.8741 12.49 20.4
155874 -58.8741 12.49 20.4
166997 -58.8741 12.49 20.4
158581 -58.8741 12.49 20.4
165064 -58.8741 12.49 20.4
161217 -58.8741 12.49 20.4
166710 -58.8741 12.49 20.4
167209 -58.8741 12.49 20.4
160995 -58.8741 12.49 20.4
160963 -58.8741 12.49 20.4
158853 -58.8741 12.49 20.4
169091 -58.8741 12.49 20.4
161548 -58.8741 12.49 20.4
165219 -58.8741 12.49 20.4
163141 -58.8741 12.49 20.4
167833 -58.8741 12.49 20.4
162789 -58.8741 12.49 20.4
165521 -58.8741 12.49 20.4
162021 -58.8741 12.49 20.4
165340 -58.8741 12.49 20.4
165947 -58.8741 12.49 20.4
170244 -59.5481 -12.55 -22.72
168212 -59.5481 -12.55 -22.72
167685 -59.5481 -12.55 -22.72
169341 -59.5481 -12.55 -22.72
170264 -59.5481 -12.55 -22.72
169260 -59.5481 -12.55 -22.72
168310 -59.5481 -12.55 -22.72
167871 -59.5481 -12.55 -22.72
167218 -59.5481 -12.55 -22.72
166046 -59.5481 -12.55 -22.72
176632 -59.5481 -12.55 -22.72
167950 -59.5481 -12.55 -22.72
171494 -59.5481 -12.55 -22.72
167223 -59.5481 -12.55 -22.72
164471 -59.5481 -12.55 -22.72
158711 -59.5481 -12.55 -22.72
168439 -59.5481 -12.55 -22.72
163923 -59.5481 -12.55 -22.72
161202 -59.5481 -12.55 -22.72
172772 -59.5481 -12.55 -22.72
172875 -59.5481 -12.55 -22.72
163287 -59.5481 -12.55 -22.72
161017 -59.5481 -12.55 -22.72
166649 -59.5481 -12.55 -22.72
169379 -59.5481 -12.55 -22.72
166182 -59.5481 -12.55 -22.72
164056 -59.5481 -12.55 -22.72
167478 -59.5481 -12.55 -22.72
170242 -59.5481 -12.55 -22.72
165186 -59.5481 -12.55 -22.72
165287 -59.5481 -12.55 -22.72
166395 -59.5481 -12.55 -22.72
164255 -59.5481 -12.55 -22.72
165484 -59.5481 -12.55 -22.72
168866 -59.5481 -12.55 -22.72
165514 -59.5481 -12.55 -22.72
169393 -59.5481 -12.55 -22.72
165157 -59.5481 -12.55 -22.72
159949 -59.5481 -12.55 -22.72
32828 -44.54 0.65 4.16
43390 -44.54 0.65 4.16
41778 -44.54 0.65 4.16
44362 -44.54 0.65 4.16
28635 -44.54 0.65 4.16
38486 -44.54 0.65 4.16
39830 -44.54 0.65 4.16
36660 -44.54 0.65 4.16
34064 -44.54 0.65 4.16
42053 -44.54 0.65 4.16
34717 -44.54 0.65 4.16
35109 -44.54 0.65 4.16
38646 -44.54 0.65 4.16
37111 -44.54 0.65 4.16
37322 -44.54 0.65 4.16
39420 -44.54 0.65 4.16
34753 -44.54 0.65 4.16
39312 -44.54 0.65 4.16
40239 -44.54 0.65 4.16
31722 -44.54 0.65 4.16
34089 -44.54 0.65 4.16
34099 -44.54 0.65 4.16
40542 -44.54 0.65 4.16
37352 -44.54 0.65 4.16
37962 -44.54 0.65 4.16
42055 -44.54 0.65 4.16
37560 -44.54 0.65 4.16
41110 -44.54 0.65 4.16
39459 -44.54 0.65 4.16
43949 -44.54 0.65 4.16
35269 -44.54 0.65 4.16
37843 -44.54 0.65 4.16
36453 -44.54 0.65 4.16
41604 -44.54 0.65 4.16
30388 -44.54 0.65 4.16
41346 -44.54 0.65 4.16
35382 -44.54 0.65 4.16
44776 -44.54 0.65 4.16
37291 -44.54 0.65 4.16
156449 -58.8607 23.58 -3.78
155425 -58.8607 23.58 -3.78
158905 -58.8607 23.58 -3.78
165801 -58.8607 23.58 -3.78
148703 -58.8607 23.58 -3.78
157228 -58.8607 23.58 -3.78
154662 -58.8607 23.58 -3.78
155691 -58.8607 23.58 -3.78
164939 -58.8607 23.58 -3.78
155787 -58.8607 23.58 -3.78
154268 -58.8607 23.58 -3.78
157597 -58.8607 23.58 -3.78
163601 -58.8607 23.58 -3.78
159576 -58.8607 23.58 -3.78
151311 -58.8607 23.58 -3.78
154519 -58.8607 23.58 -3.78
161536 -58.8607 23.58 -3.78
150943 -58.8607 23.58 -3.78
153361 -58.8607 23.58 -3.78
157583 -58.8607 23.58 -3.78
166128 -58.8607 23.58 -3.78
157131 -58.8607 23.58 -3.78
157000 -58.8607 23.58 -3.78
161414 -58.8607 23.58 -3.78
161774 -58.8607 23.58 -3.78
158093 -58.8607 23.58 -3.78
157784 -58.8607 23.58 -3.78
162848 -58.8607 23.58 -3.78
154802 -58.8607 23.58 -3.78
159539 -58.8607 23.58 -3.78
157083 -58.8607 23.58 -3.78
157460 -58.8607 23.58 -3.78
159620 -58.8607 23.58 -3.78
152650 -58.8607 23.58 -3.78
155846 -58.8607 23.58 -3.78
160344 -58.8607 23.58 -3.78
162637 -58.8607 23.58 -3.78
154372 -58.8607 23.58 -3.78
157285 -58.8607 23.58 -3.78
260328 -62.5646 23.78 -28.88
253150 -62.5646 23.78 -28.88
261390 -62.5646 23.78 -28.88
255013 -62.5646 23.78 -28.88
264507 -62.5646 23.78 -28.88
252233 -62.5646 23.78 -28.88
250241 -62.5646 23.78 -28.88
260020 -62.5646 23.78 -28.88
257757 -62.5646 23.78 -28.88
254376 -62.5646 23.78 -28.88
256653 -62.5646 23.78 -28.88
262078 -62.5646 23.78 -28.88
249176 -62.5646 23.78 -28.88
254476 -62.5646 23.78 -28.88
256749 -62.5646 23.78 -28.88
264482 -62.5646 23.78 -28.88
250976 -62.5646 23.78 -28.88
248893 -62.5646 23.78 -28.88
257908 -62.5646 23.78 -28.88
260805 -62.5646 23.78 -28.88
253372 -62.5646 23.78 -28.88
252272 -62.5646 23.78 -28.88
253674 -62.5646 23.78 -28.88
254321 -62.5646 23.78 -28.88
253036 -62.5646 23.78 -28.88
256652 -62.5646 23.78 -28.88
260042 -62.5646 23.78 -28.88
247914 -62.5646 23.78 -28.88
255312 -62.5646 23.78 -28.88
252232 -62.5646 23.78 -28.88
263072 -62.5646 23.78 -28.88
253816 -62.5646 23.78 -28.88
248142 -62.5646 23.78 -28.88
253356 -62.5646 23.78 -28.88
257204 -62.5646 23.78 -28.88
264161 -62.5646 23.78 -28.88
258379 -62.5646 23.78 -28.88
247799 -62.5646 23.78 -28.88
249462 -62.5646 23.78 -28.88
243972 -62.1476 -22.47 -27.57
228933 -62.1476 -22.47 -27.57
236526 -62.1476 -22.47 -27.57
226487 -62.1476 -22.47 -27.57
225401 -62.1476 -22.47 -27.57
236349 -62.1476 -22.47 -27.57
221000 -62.1476 -22.47 -27.57
227207 -62.1476 -22.47 -27.57
223165 -62.1476 -22.47 -27.57
233353 -62.1476 -22.47 -27.57
233420 -62.1476 -22.47 -27.57
230479 -62.1476 -22.47 -27.57
222657 -62.1476 -22.47 -27.57
232529 -62.1476 -22.47 -27.57
230484 -62.1476 -22.47 -27.57
235529 -62.1476 -22.47 -27.57
236318 -62.1476 -22.47 -27.57
232171 -62.1476 -22.47 -27.57
226018 -62.1476 -22.47 -27.57
230328 -62.1476 -22.47 -27.57
231949 -62.1476 -22.47 -27.57
237089 -62.1476 -22.47 -27.57
233011 -62.1476 -22.47 -27.57
233461 -62.1476 -22.47 -27.57
237214 -62.1476 -22.47 -27.57
239618 -62.1476 -22.47 -27.57
229722 -62.1476 -22.47 -27.57
240618 -62.1476 -22.47 -27.57
226395 -62.1476 -22.47 -27.57
239728 -62.1476 -22.47 -27.57
224201 -62.1476 -22.47 -27.57
237995 -62.1476 -22.47 -27.57
234690 -62.1476 -22.47 -27.57
229756 -62.1476 -22.47 -27.57
231539 -62.1476 -22.47 -27.57
236991 -62.1476 -22.47 -27.57
224949 -62.1476 -22.47 -27.57
232848 -62.1476 -22.47 -27.57
236127 -62.1476 -22.47 -27.57
156157 -58.6172 -17.57 -15.13
147418 -58.6172 -17.57 -15.13
153049 -58.6172 -17.57 -15.13
152250 -58.6172 -17.57 -15.13
159262 -58.6172 -17.57 -15.13
150166 -58.6172 -17.57 -15.13
153732 -58.6172 -17.57 -15.13
145468 -58.6172 -17.57 -15.13
154020 -58.6172 -17.57 -15.13
154821 -58.6172 -17.57 -15.13
147914 -58.6172 -17.57 -15.13
151684 -58.6172 -17.57 -15.13
156553 -58.6172 -17.57 -15.13
143821 -58.6172 -17.57 -15.13
153380 -58.6172 -17.57 -15.13
152756 -58.6172 -17.57 -15.13
160380 -58.6172 -17.57 -15.13
144293 -58.6172 -17.57 -15.13
160001 -58.6172 -17.57 -15.13
148308 -58.6172 -17.57 -15.13
149098 -58.6172 -17.57 -15.13
161143 -58.6172 -17.57 -15.13
149107 -58.6172 -17.57 -15.13
153320 -58.6172 -17.57 -15.13
144178 -58.6172 -17.57 -15.13
148974 -58.6172 -17.57 -15.13
152171 -58.6172 -17.57 -15.13
151023 -58.6172 -17.57 -15.13
151669 -58.6172 -17.57 -15.13
148242 -58.6172 -17.57 -15.13
153386 -58.6172 -17.57 -15.13
153677 -58.6172 -17.57 -15.13
149891 -58.6172 -17.57 -15.13
146320 -58.6172 -17.57 -15.13
154290 -58.6172 -17.57 -15.13
150068 -58.6172 -17.57 -15.13
146745 -58.6172 -17.57 -15.13
152454 -58.6172 -17.57 -15.13
149676 -58.6172 -17.57 -15.13
230306 -62.3218 -26.92 -24.39
233310 -62.3218 -26.92 -24.39
233724 -62.3218 -26.92 -24.39
227818 -62.3218 -26.92 -24.39
225474 -62.3218 -26.92 -24.39
238201 -62.3218 -26.92 -24.39
242868 -62.3218 -26.92 -24.39
226606 -62.3218 -26.92 -24.39
241009 -62.3218 -26.92 -24.39
234556 -62.3218 -26.92 -24.39
228306 -62.3218 -26.92 -24.39
243662 -62.3218 -26.92 -24.39
238888 -62.3218 -26.92 -24.39
234043 -62.3218 -26.92 -24.39
231196 -62.3218 -26.92 -24.39
225569 -62.3218 -26.92 -24.39
232938 -62.3218 -26.92 -24.39
231353 -62.3218 -26.92 -24.39
234803 -62.3218 -26.92 -24.39
234799 -62.3218 -26.92 -24.39
234431 -62.3218 -26.92 -24.39
232822 -62.3218 -26.92 -24.39
230651 -62.3218 -26.92 -24.39
239711 -62.3218 -26.92 -24.39
234203 -62.3218 -26.92 -24.39
224770 -62.3218 -26.92 -24.39
235513 -62.3218 -26.92 -24.39
230563 -62.3218 -26.92 -24.39
233696 -62.3218 -26.92 -24.39
233172 -62.3218 -26.92 -24.39
232228 -62.3218 -26.92 -24.39
230520 -62.3218 -26.92 -24.39
235820 -62.3218 -26.92 -24.39
228475 -62.3218 -26.92 -24.39
231957 -62.3218 -26.92 -24.39
234636 -62.3218 -26.92 -24.39
223837 -62.3218 -26.92 -24.39
234173 -62.3218 -26.92 -24.39
236645 -62.3218 -26.92 -24.39
76261 -53.3301 -3.55 11.69
83594 -53.3301 -3.55 11.69
70026 -53.3301 -3.55 11.69
79034 -53.3301 -3.55 11.69
78233 -53.3301 -3.55 11.69
78741 -53.3301 -3.55 11.69
76157 -53.3301 -3.55 11.69
80979 -53.3301 -3.55 11.69
73289 -53.3301 -3.55 11.69
81313 -53.3301 -3.55 11.69
79860 -53.3301 -3.55 11.69
75966 -53.3301 -3.55 11.69
76865 -53.3301 -3.55 11.69
84836 -53.3301 -3.55 11.69
82290 -53.3301 -3.55 11.69
80285 -53.3301 -3.55 11.69
79953 -53.3301 -3.55 11.69
77996 -53.3301 -3.55 11.69
76057 -53.3301 -3.55 11.69
74642 -53.3301 -3.55 11.69
81510 -53.3301 -3.55 11.69
77837 -53.3301 -3.55 11.69
76077 -53.3301 -3.55 11.69
77501 -53.3301 -3.55 11.69
85510 -53.3301 -3.55 11.69
83255 -53.3301 -3.55 11.69
78798 -53.3301 -3.55 11.69
75625 -53.3301 -3.55 11.69
75267 -53.3301 -3.55 11.69
79484 -53.3301 -3.55 11.69
72807 -53.3301 -3.55 11.69
77158 -53.3301 -3.55 11.69
81878 -53.3301 -3.55 11.69
74197 -53.3301 -3.55 11.69
78017 -53.3301 -3.55 11.69
80933 -53.3301 -3.55 11.69
80698 -53.3301 -3.55 11.69
81436 -53.3301 -3.55 11.69
73288 -53.3301 -3.55 11.69
