#rtt sig_str x y
238935 -62.4572 28.03 24.04
253803 -62.4572 28.03 24.04
237936 -62.4572 28.03 24.04
231532 -62.4572 28.03 24.04
237583 -62.4572 28.03 24.04
242285 -62.4572 28.03 24.04
245478 -62.4572 28.03 24.04
240852 -62.4572 28.03 24.04
250731 -62.4572 28.03 24.04
243158 -62.4572 28.03 24.04
240791 -62.4572 28.03 24.04
248680 -62.4572 28.03 24.04
248076 -62.4572 28.03 24.04
240202 -62.4572 28.03 24.04
246597 -62.4572 28.03 24.04
230542 -62.4572 28.03 24.04
241464 -62.4572 28.03 24.04
248998 -62.4572 28.03 24.04
248942 -62.4572 28.03 24.04
244092 -62.4572 28.03 24.04
238720 -62.4572 28.03 24.04
244469 -62.4572 28.03 24.04
249244 -62.4572 28.03 24.04
240896 -62.4572 28.03 24.04
238364 -62.4572 28.03 24.04
239693 -62.4572 28.03 24.04
235441 -62.4572 28.03 24.04
246668 -62.4572 28.03 24.04
241586 -62.4572 28.03 24.04
237193 -62.4572 28.03 24.04
238132 -62.4572 28.03 24.04
238076 -62.4572 28.03 24.04
239448 -62.4572 28.03 24.04
241815 -62.4572 28.03 24.04
245686 -62.4572 28.03 24.04
242619 -62.4572 28.03 24.04
241926 -62.4572 28.03 24.04
243558 -62.4572 28.03 24.04
239156 -62.4572 28.03 24.04
131369 -57.3322 2.83 -19.64
131766 -57.3322 2.83 -19.64
127481 -57.3322 2.83 -19.64
127657 -57.3322 2.83 -19.64
122377 -57.3322 2.83 -19.64
130689 -57.3322 2.83 -19.64
125948 -57.3322 2.83 -19.64
127450 -57.3322 2.83 -19.64
126126 -57.3322 2.83 -19.64
132606 -57.3322 2.83 -19.64
125175 -57.3322 2.83 -19.64
124190 -57.3322 2.83 -19.64
122547 -57.3322 2.83 -19.64
134185 -57.3322 2.83 -19.64
128642 -57.3322 2.83 -19.64
124432 -57.3322 2.83 -19.64
127726 -57.3322 2.83 -19.64
135298 -57.3322 2.83 -19.64
132822 -57.3322 2.83 -19.64
125742 -57.3322 2.83 -19.64
123465 -57.3322 2.83 -19.64
124895 -57.3322 2.83 -19.64
124161 -57.3322 2.83 -19.64
124632 -57.3322 2.83 -19.64
129956 -57.3322 2.83 -19.64
130010 -57.3322 2.83 -19.64
126281 -57.3322 2.83 -19.64
134947 -57.3322 2.83 -19.64
127402 -57.3322 2.83 -19.64
127594 -57.3322 2.83 -19.64
123676 -57.3322 2.83 -19.64
127490 -57.3322 2.83 -19.64
127496 -57.3322 2.83 -19.64
126299 -57.3322 2.83 -19.64
123049 -57.3322 2.83 -19.64
127212 -57.3322 2.83 -19.64
126380 -57.3322 2.83 -19.64
126758 -57.3322 2.83 -19.64
129875 -57.3322 2.83 -19.64
221101 -62.132 28.37 21.34
234146 -62.132 28.37 21.34
230461 -62.132 28.37 21.34
229524 -62.132 28.37 21.34
228439 -62.132 28.37 21.34
225711 -62.132 28.37 21.34
239890 -62.132 28.37 21.34
231689 -62.132 28.37 21.34
232394 -62.132 28.37 21.34
228496 -62.132 28.37 21.34
222563 -62.132 28.37 21.34
231732 -62.132 28.37 21.34
233644 -62.132 28.37 21.34
229510 -62.132 28.37 21.34
233646 -62.132 28.37 21.34
231052 -62.132 28.37 21.34
221985 -62.132 28.37 21.34
225280 -62.132 28.37 21.34
229560 -62.132 28.37 21.34
230127 -62.132 28.37 21.34
236590 -62.132 28.37 21.34
235321 -62.132 28.37 21.34
226917 -62.132 28.37 21.34
231703 -62.132 28.37 21.34
231330 -62.132 28.37 21.34
232906 -62.132 28.37 21.34
226413 -62.132 28.37 21.34
228276 -62.132 28.37 21.34
218782 -62.132 28.37 21.34
228964 -62.132 28.37 21.34
232924 -62.132 28.37 21.34
224451 -62.132 28.37 21.34
229557 -62.132 28.37 21.34
228287 -62.132 28.37 21.34
238789 -62.132 28.37 21.34
228682 -62.132 28.37 21.34
231590 -62.132 28.37 21.34
230938 -62.132 28.37 21.34
230380 -62.132 28.37 21.34
94784 -54.7176 12.89 6.54
89107 -54.7176 12.89 6.54
91887 -54.7176 12.89 6.54
94736 -54.7176 12.89 6.54
98189 -54.7176 12.89 6.54
88834 -54.7176 12.89 6.54
100359 -54.7176 12.89 6.54
97009 -54.7176 12.89 6.54
97798 -54.7176 12.89 6.54
93834 -54.7176 12.89 6.54
96437 -54.7176 12.89 6.54
91178 -54.7176 12.89 6.54
102752 -54.7176 12.89 6.54
91912 -54.7176 12.89 6.54
97652 -54.7176 12.89 6.54
92930 -54.7176 12.89 6.54
89535 -54.7176 12.89 6.54
98595 -54.7176 12.89 6.54
94625 -54.7176 12.89 6.54
98244 -54.7176 12.89 6.54
101879 -54.7176 12.89 6.54
93259 -54.7176 12.89 6.54
91923 -54.7176 12.89 6.54
95729 -54.7176 12.89 6.54
100359 -54.7176 12.89 6.54
101702 -54.7176 12.89 6.54
95178 -54.7176 12.89 6.54
94131 -54.7176 12.89 6.54
92504 -54.7176 12.89 6.54
97128 -54.7176 12.89 6.54
96073 -54.7176 12.89 6.54
93682 -54.7176 12.89 6.54
96692 -54.7176 12.89 6.54
99067 -54.7176 12.89 6.54
100970 -54.7176 12.89 6.54
97901 -54.7176 12.89 6.54
98648 -54.7176 12.89 6.54
93592 -54.7176 12.89 6.54
90896 -54.7176 12.89 6.54
83722 -53.9894 11.87 5.85
88176 -53.9894 11.87 5.85
95164 -53.9894 11.87 5.85
84436 -53.9894 11.87 5.85
90691 -53.9894 11.87 5.85
85937 -53.9894 11.87 5.85
86034 -53.9894 11.87 5.85
88829 -53.9894 11.87 5.85
88184 -53.9894 11.87 5.85
87698 -53.9894 11.87 5.85
90365 -53.9894 11.87 5.85
86811 -53.9894 11.87 5.85
84551 -53.9894 11.87 5.85
81515 -53.9894 11.87 5.85
86607 -53.9894 11.87 5.85
93821 -53.9894 11.87 5.85
84069 -53.9894 11.87 5.85
87071 -53.9894 11.87 5.85
89728 -53.9894 11.87 5.85
86019 -53.9894 11.87 5.85
85665 -53.9894 11.87 5.85
84802 -53.9894 11.87 5.85
86628 -53.9894 11.87 5.85
91098 -53.9894 11.87 5.85
84486 -53.9894 11.87 5.85
90160 -53.9894 11.87 5.85
85498 -53.9894 11.87 5.85
83792 -53.9894 11.87 5.85
89632 -53.9894 11.87 5.85
83283 -53.9894 11.87 5.85
88699 -53.9894 11.87 5.85
82279 -53.9894 11.87 5.85
86737 -53.9894 11.87 5.85
82969 -53.9894 11.87 5.85
91272 -53.9894 11.87 5.85
85166 -53.9894 11.87 5.85
88224 -53.9894 11.87 5.85
84390 -53.9894 11.87 5.85
80429 -53.9894 11.87 5.85
177890 -60.0098 -17.04 -21.52
177351 -60.0098 -17.04 -21.52
173778 -60.0098 -17.04 -21.52
180037 -60.0098 -17.04 -21.52
175002 -60.0098 -17.04 -21.52
175383 -60.0098 -17.04 -21.52
180974 -60.0098 -17.04 -21.52
180375 -60.0098 -17.04 -21.52
172229 -60.0098 -17.04 -21.52
173250 -60.0098 -17.04 -21.52
172568 -60.0098 -17.04 -21.52
178430 -60.0098 -17.04 -21.52
173154 -60.0098 -17.04 -21.52
182964 -60.0098 -17.04 -21.52
179360 -60.0098 -17.04 -21.52
171692 -60.0098 -17.04 -21.52
181238 -60.0098 -17.04 -21.52
179758 -60.0098 -17.04 -21.52
175551 -60.0098 -17.04 -21.52
177490 -60.0098 -17.04 -21.52
177732 -60.0098 -17.04 -21.52
181945 -60.0098 -17.04 -21.52
183973 -60.0098 -17.04 -21.52
173481 -60.0098 -17.04 -21.52
170466 -60.0098 -17.04 -21.52
176064 -60.0098 -17.04 -21.52
178310 -60.0098 -17.04 -21.52
180834 -60.0098 -17.04 -21.52
176487 -60.0098 -17.04 -21.52
181941 -60.0098 -17.04 -21.52
177311 -60.0098 -17.04 -21.52
177476 -60.0098 -17.04 -21.52
172831 -60.0098 -17.04 -21.52
179417 -60.0098 -17.04 -21.52
176420 -60.0098 -17.04 -21.52
183096 -60.0098 -17.04 -21.52
177840 -60.0098 -17.04 -21.52
173341 -60.0098 -17.04 -21.52
181757 -60.0098 -17.04 -21.52
216948 -61.5335 28.58 -16.53
218140 -61.5335 28.58 -16.53
222581 -61.5335 28.58 -16.53
225427 -61.5335 28.58 -16.53
217602 -61.5335 28.58 -16.53
211876 -61.5335 28.58 -16.53
221130 -61.5335 28.58 -16.53
217901 -61.5335 28.58 -16.53
217338 -61.5335 28.58 -16.53
214393 -61.5335 28.58 -16.53
213664 -61.5335 28.58 -16.53
231065 -61.5335 28.58 -16.53
224247 -61.5335 28.58 -16.53
217833 -61.5335 28.58 -16.53
219787 -61.5335 28.58 -16.53
222558 -61.5335 28.58 -16.53
204133 -61.5335 28.58 -16.53
212520 -61.5335 28.58 -16.53
226847 -61.5335 28.58 -16.53
217180 -61.5335 28.58 -16.53
214858 -61.5335 28.58 -16.53
219794 -61.5335 28.58 -16.53
216303 -61.5335 28.58 -16.53
223001 -61.5335 28.58 -16.53
222111 -61.5335 28.58 -16.53
221114 -61.5335 28.58 -16.53
215757 -61.5335 28.58 -16.53
222619 -61.5335 28.58 -16.53
223912 -61.5335 28.58 -16.53
223587 -61.5335 28.58 -16.53
218354 -61.5335 28.58 -16.53
210342 -61.5335 28.58 -16.53
211188 -61.5335 28.58 -16.53
224563 -61.5335 28.58 -16.53
219245 -61.5335 28.58 -16.53
223900 -61.5335 28.58 -16.53
227246 -61.5335 28.58 -16.53
223281 -61.5335 28.58 -16.53
216616 -61.5335 28.58 -16.53
216444 -61.2585 -29.63 11.91
214681 -61.2585 -29.63 11.91
206500 -61.2585 -29.63 11.91
211596 -61.2585 -29.63 11.91
201814 -61.2585 -29.63 11.91
215340 -61.2585 -29.63 11.91
209091 -61.2585 -29.63 11.91
205505 -61.2585 -29.63 11.91
215202 -61.2585 -29.63 11.91
207369 -61.2585 -29.63 11.91
202911 -61.2585 -29.63 11.91
211039 -61.2585 -29.63 11.91
208623 -61.2585 -29.63 11.91
212895 -61.2585 -29.63 11.91
212678 -61.2585 -29.63 11.91
214439 -61.2585 -29.63 11.91
207741 -61.2585 -29.63 11.91
207959 -61.2585 -29.63 11.91
207255 -61.2585 -29.63 11.91
204145 -61.2585 -29.63 11.91
214868 -61.2585 -29.63 11.91
209187 -61.2585 -29.63 11.91
203980 -61.2585 -29.63 11.91
211862 -61.2585 -29.63 11.91
218875 -61.2585 -29.63 11.91
207851 -61.2585 -29.63 11.91
215380 -61.2585 -29.63 11.91
208295 -61.2585 -29.63 11.91
209777 -61.2585 -29.63 11.91
215190 -61.2585 -29.63 11.91
211114 -61.2585 -29.63 11.91
214147 -61.2585 -29.63 11.91
210296 -61.2585 -29.63 11.91
215624 -61.2585 -29.63 11.91
214145 -61.2585 -29.63 11.91
211625 -61.2585 -29.63 11.91
211033 -61.2585 -29.63 11.91
214257 -61.2585 -29.63 11.91
199165 -61.2585 -29.63 11.91
191871 -60.2817 -14.82 24.19
188531 -60.2817 -14.82 24.19
182426 -60.2817 -14.82 24.19
183097 -60.2817 -14.82 24.19
184509 -60.2817 -14.82 24.19
190453 -60.2817 -14.82 24.19
192145 -60.2817 -14.82 24.19
200451 -60.2817 -14.82 24.19
193138 -60.2817 -14.82 24.19
175532 -60.2817 -14.82 24.19
189534 -60.2817 -14.82 24.19
186635 -60.2817 -14.82 24.19
189624 -60.2817 -14.82 24.19
184533 -60.2817 -14.82 24.19
185419 -60.2817 -14.82 24.19
191721 -60.2817 -14.82 24.19
185790 -60.2817 -14.82 24.19
192151 -60.2817 -14.82 24.19
187099 -60.2817 -14.82 24.19
192343 -60.2817 -14.82 24.19
186586 -60.2817 -14.82 24.19
190649 -60.2817 -14.82 24.19
189428 -60.2817 -14.82 24.19
185968 -60.2817 -14.82 24.19
189472 -60.2817 -14.82 24.19
188196 -60.2817 -14.82 24.19
195526 -60.2817 -14.82 24.19
189222 -60.2817 -14.82 24.19
194081 -60.2817 -14.82 24.19
183051 -60.2817 -14.82 24.19
185415 -60.2817 -14.82 24.19
194512 -60.2817 -14.82 24.19
185856 -60.2817 -14.82 24.19
186084 -60.2817 -14.82 24.19
188246 -60.2817 -14.82 24.19
187556 -60.2817 -14.82 24.19
189867 -60.2817 -14.82 24.19
190054 -60.2817 -14.82 24.19
189609 -60.2817 -14.82 24.19
62937 -50.7035 -3.91 7.98
61771 -50.7035 -3.91 7.98
59376 -50.7035 -3.91 7.98
55689 -50.7035 -3.91 7.98
60175 -50.7035 -3.91 7.98
58652 -50.7035 -3.91 7.98
57901 -50.7035 -3.91 7.98
56265 -50.7035 -3.91 7.98
54789 -50.7035 -3.91 7.98
59922 -50.7035 -3.91 7.98
56641 -50.7035 -3.91 7.98
58619 -50.7035 -3.91 7.98
59983 -50.7035 -3.91 7.98
56394 -50.7035 -3.91 7.98
57239 -50.7035 -3.91 7.98
60652 -50.7035 -3.91 7.98
53809 -50.7035 -3.91 7.98
59254 -50.7035 -3.91 7.98
64871 -50.7035 -3.91 7.98
61011 -50.7035 -3.91 7.98
61175 -50.7035 -3.91 7.98
61937 -50.7035 -3.91 7.98
62819 -50.7035 -3.91 7.98
58327 -50.7035 -3.91 7.98
60142 -50.7035 -3.91 7.98
64813 -50.7035 -3.91 7.98
58366 -50.7035 -3.91 7.98
64596 -50.7035 -3.91 7.98
61613 -50.7035 -3.91 7.98
58314 -50.7035 -3.91 7.98
61968 -50.7035 -3.91 7.98
66977 -50.7035 -3.91 7.98
61312 -50.7035 -3.91 7.98
55859 -50.7035 -3.91 7.98
57889 -50.7035 -3.91 7.98
55871 -50.7035 -3.91 7.98
56696 -50.7035 -3.91 7.98
60519 -50.7035 -3.91 7.98
62475 -50.7035 -3.91 7.98
