#rtt sig_str x y
206078 -61.1386 -16.68 -26.69
216086 -61.1386 -16.68 -26.69
204769 -61.1386 -16.68 -26.69
215042 -61.1386 -16.68 -26.69
213837 -61.1386 -16.68 -26.69
214967 -61.1386 -16.68 -26.69
215857 -61.1386 -16.68 -26.69
216084 -61.1386 -16.68 -26.69
214942 -61.1386 -16.68 -26.69
218167 -61.1386 -16.68 -26.69
206086 -61.1386 -16.68 -26.69
211833 -61.1386 -16.68 -26.69
213536 -61.1386 -16.68 -26.69
204181 -61.1386 -16.68 -26.69
211356 -61.1386 -16.68 -26.69
219085 -61.1386 -16.68 -26.69
209810 -61.1386 -16.68 -26.69
210704 -61.1386 -16.68 -26.69
207782 -61.1386 -16.68 -26.69
218610 -61.1386 -16.68 -26.69
212458 -61.1386 -16.68 -26.69
214126 -61.1386 -16.68 -26.69
206445 -61.1386 -16.68 -26.69
214213 -61.1386 -16.68 -26.69
208145 -61.1386 -16.68 -26.69
210582 -61.1386 -16.68 -26.69
207661 -61.1386 -16.68 -26.69
204353 -61.1386 -16.68 -26.69
210553 -61.1386 -16.68 -26.69
213663 -61.1386 -16.68 -26.69
211227 -61.1386 -16.68 -26.69
212782 -61.1386 -16.68 -26.69
200178 -61.1386 -16.68 -26.69
209920 -61.1386 -16.68 -26.69
207187 -61.1386 -16.68 -26.69
206652 -61.1386 -16.68 -26.69
214134 -61.1386 -16.68 -26.69
206009 -61.1386 -16.68 -26.69
216794 -61.1386 -16.68 -26.69
188578 -60.6982 22.25 19.88
191313 -60.6982 22.25 19.88
188914 -60.6982 22.25 19.88
198926 -60.6982 22.25 19.88
190162 -60.6982 22.25 19.88
197304 -60.6982 22.25 19.88
194560 -60.6982 22.25 19.88
196014 -60.6982 22.25 19.88
193879 -60.6982 22.25 19.88
200494 -60.6982 22.25 19.88
195502 -60.6982 22.25 19.88
191110 -60.6982 22.25 19.88
194522 -60.6982 22.25 19.88
196747 -60.6982 22.25 19.88
193899 -60.6982 22.25 19.88
196748 -60.6982 22.25 19.88
192555 -60.6982 22.25 19.88
191527 -60.6982 22.25 19.88
196647 -60.6982 22.25 19.88
191518 -60.6982 22.25 19.88
195901 -60.6982 22.25 19.88
195110 -60.6982 22.25 19.88
194094 -60.6982 22.25 19.88
188936 -60.6982 22.25 19.88
196797 -60.6982 22.25 19.88
195672 -60.6982 22.25 19.88
196374 -60.6982 22.25 19.88
196840 -60.6982 22.25 19.88
193191 -60.6982 22.25 19.88
191446 -60.6982 22.25 19.88
197259 -60.6982 22.25 19.88
191248 -60.6982 22.25 19.88
189925 -60.6982 22.25 19.88
193863 -60.6982 22.25 19.88
195228 -60.6982 22.25 19.88
192968 -60.6982 22.25 19.88
201795 -60.6982 22.25 19.88
197753 -60.6982 22.25 19.88
201894 -60.6982 22.25 19.88
121125 -57.1494 -17.6 -8.18
132549 -57.1494 -17.6 -8.18
125615 -57.1494 -17.6 -8.18
134263 -57.1494 -17.6 -8.18
135326 -57.1494 -17.6 -8.18
135966 -57.1494 -17.6 -8.18
126933 -57.1494 -17.6 -8.18
139534 -57.1494 -17.6 -8.18
128656 -57.1494 -17.6 -8.18
124598 -57.1494 -17.6 -8.18
134793 -57.1494 -17.6 -8.18
130355 -57.1494 -17.6 -8.18
133572 -57.1494 -17.6 -8.18
130971 -57.1494 -17.6 -8.18
126485 -57.1494 -17.6 -8.18
134643 -57.1494 -17.6 -8.18
131186 -57.1494 -17.6 -8.18
127500 -57.1494 -17.6 -8.18
127876 -57.1494 -17.6 -8.18
129468 -57.1494 -17.6 -8.18
133691 -57.1494 -17.6 -8.18
133279 -57.1494 -17.6 -8.18
131334 -57.1494 -17.6 -8.18
134359 -57.1494 -17.6 -8.18
134446 -57.1494 -17.6 -8.18
130202 -57.1494 -17.6 -8.18
125467 -57.1494 -17.6 -8.18
125140 -57.1494 -17.6 -8.18
126684 -57.1494 -17.6 -8.18
133863 -57.1494 -17.6 -8.18
128812 -57.1494 -17.6 -8.18
133453 -57.1494 -17.6 -8.18
124616 -57.1494 -17.6 -8.18
130368 -57.1494 -17.6 -8.18
132096 -57.1494 -17.6 -8.18
140514 -57.1494 -17.6 -8.18
131003 -57.1494 -17.6 -8.18
130207 -57.1494 -17.6 -8.18
127924 -57.1494 -17.6 -8.18
252640 -62.7355 25.12 28.77
245282 -62.7355 25.12 28.77
254530 -62.7355 25.12 28.77
239746 -62.7355 25.12 28.77
241606 -62.7355 25.12 28.77
249523 -62.7355 25.12 28.77
254863 -62.7355 25.12 28.77
245848 -62.7355 25.12 28.77
251401 -62.7355 25.12 28.77
251375 -62.7355 25.12 28.77
250453 -62.7355 25.12 28.77
248724 -62.7355 25.12 28.77
254656 -62.7355 25.12 28.77
256307 -62.7355 25.12 28.77
261434 -62.7355 25.12 28.77
249362 -62.7355 25.12 28.77
252306 -62.7355 25.12 28.77
253372 -62.7355 25.12 28.77
253993 -62.7355 25.12 28.77
254642 -62.7355 25.12 28.77
254858 -62.7355 25.12 28.77
263370 -62.7355 25.12 28.77
251848 -62.7355 25.12 28.77
252067 -62.7355 25.12 28.77
254726 -62.7355 25.12 28.77
252969 -62.7355 25.12 28.77
249127 -62.7355 25.12 28.77
252793 -62.7355 25.12 28.77
254803 -62.7355 25.12 28.77
252769 -62.7355 25.12 28.77
248933 -62.7355 25.12 28.77
256426 -62.7355 25.12 28.77
259074 -62.7355 25.12 28.77
245122 -62.7355 25.12 28.77
250600 -62.7355 25.12 28.77
249648 -62.7355 25.12 28.77
253103 -62.7355 25.12 28.77
251051 -62.7355 25.12 28.77
243516 -62.7355 25.12 28.77
165068 -59.1122 -0.7 -24.61
167772 -59.1122 -0.7 -24.61
164421 -59.1122 -0.7 -24.61
159885 -59.1122 -0.7 -24.61
161755 -59.1122 -0.7 -24.61
155905 -59.1122 -0.7 -24.61
164332 -59.1122 -0.7 -24.61
167237 -59.1122 -0.7 -24.61
157687 -59.1122 -0.7 -24.61
159292 -59.1122 -0.7 -24.61
166746 -59.1122 -0.7 -24.61
165352 -59.1122 -0.7 -24.61
158346 -59.1122 -0.7 -24.61
163769 -59.1122 -0.7 -24.61
159631 -59.1122 -0.7 -24.61
164193 -59.1122 -0.7 -24.61
162881 -59.1122 -0.7 -24.61
158862 -59.1122 -0.7 -24.61
161232 -59.1122 -0.7 -24.61
154845 -59.1122 -0.7 -24.61
158034 -59.1122 -0.7 -24.61
154588 -59.1122 -0.7 -24.61
164353 -59.1122 -0.7 -24.61
162867 -59.1122 -0.7 -24.61
161531 -59.1122 -0.7 -24.61
160537 -59.1122 -0.7 -24.61
164802 -59.1122 -0.7 -24.61
166134 -59.1122 -0.7 -24.61
164109 -59.1122 -0.7 -24.61
164287 -59.1122 -0.7 -24.61
164777 -59.1122 -0.7 -24.61
158332 -59.1122 -0.7 -24.61
167274 -59.1122 -0.7 -24.61
159725 -59.1122 -0.7 -24.61
159979 -59.1122 -0.7 -24.61
157997 -59.1122 -0.7 -24.61
162264 -59.1122 -0.7 -24.61
160361 -59.1122 -0.7 -24.61
167905 -59.1122 -0.7 -24.61
57441 -50.9319 6.71 -6.2
65839 -50.9319 6.71 -6.2
63695 -50.9319 6.71 -6.2
60863 -50.9319 6.71 -6.2
56273 -50.9319 6.71 -6.2
65899 -50.9319 6.71 -6.2
61787 -50.9319 6.71 -6.2
65330 -50.9319 6.71 -6.2
60363 -50.9319 6.71 -6.2
62427 -50.9319 6.71 -6.2
61414 -50.9319 6.71 -6.2
61040 -50.9319 6.71 -6.2
66606 -50.9319 6.71 -6.2
64931 -50.9319 6.71 -6.2
65615 -50.9319 6.71 -6.2
58299 -50.9319 6.71 -6.2
57482 -50.9319 6.71 -6.2
59834 -50.9319 6.71 -6.2
61737 -50.9319 6.71 -6.2
60266 -50.9319 6.71 -6.2
65713 -50.9319 6.71 -6.2
64546 -50.9319 6.71 -6.2
65941 -50.9319 6.71 -6.2
62851 -50.9319 6.71 -6.2
65052 -50.9319 6.71 -6.2
67957 -50.9319 6.71 -6.2
61196 -50.9319 6.71 -6.2
68896 -50.9319 6.71 -6.2
60628 -50.9319 6.71 -6.2
62849 -50.9319 6.71 -6.2
61397 -50.9319 6.71 -6.2
61324 -50.9319 6.71 -6.2
64169 -50.9319 6.71 -6.2
64702 -50.9319 6.71 -6.2
58596 -50.9319 6.71 -6.2
64346 -50.9319 6.71 -6.2
67063 -50.9319 6.71 -6.2
61440 -50.9319 6.71 -6.2
59820 -50.9319 6.71 -6.2
118229 -56.6196 15.96 -8.75
111190 -56.6196 15.96 -8.75
121375 -56.6196 15.96 -8.75
116034 -56.6196 15.96 -8.75
115013 -56.6196 15.96 -8.75
123325 -56.6196 15.96 -8.75
121237 -56.6196 15.96 -8.75
121723 -56.6196 15.96 -8.75
113486 -56.6196 15.96 -8.75
114455 -56.6196 15.96 -8.75
118549 -56.6196 15.96 -8.75
116173 -56.6196 15.96 -8.75
118501 -56.6196 15.96 -8.75
113348 -56.6196 15.96 -8.75
112590 -56.6196 15.96 -8.75
119024 -56.6196 15.96 -8.75
116351 -56.6196 15.96 -8.75
114705 -56.6196 15.96 -8.75
113999 -56.6196 15.96 -8.75
127849 -56.6196 15.96 -8.75
114974 -56.6196 15.96 -8.75
120888 -56.6196 15.96 -8.75
116145 -56.6196 15.96 -8.75
119023 -56.6196 15.96 -8.75
112768 -56.6196 15.96 -8.75
120252 -56.6196 15.96 -8.75
116363 -56.6196 15.96 -8.75
111397 -56.6196 15.96 -8.75
117754 -56.6196 15.96 -8.75
119434 -56.6196 15.96 -8.75
124787 -56.6196 15.96 -8.75
119512 -56.6196 15.96 -8.75
119334 -56.6196 15.96 -8.75
119793 -56.6196 15.96 -8.75
124562 -56.6196 15.96 -8.75
122863 -56.6196 15.96 -8.75
121144 -56.6196 15.96 -8.75
121787 -56.6196 15.96 -8.75
122219 -56.6196 15.96 -8.75
11097 -35.2648 1.11 -0.8
12532 -35.2648 1.11 -0.8
7953 -35.2648 1.11 -0.8
7293 -35.2648 1.11 -0.8
10818 -35.2648 1.11 -0.8
9438 -35.2648 1.11 -0.8
12659 -35.2648 1.11 -0.8
14557 -35.2648 1.11 -0.8
20940 -35.2648 1.11 -0.8
11657 -35.2648 1.11 -0.8
13490 -35.2648 1.11 -0.8
11762 -35.2648 1.11 -0.8
6530 -35.2648 1.11 -0.8
14847 -35.2648 1.11 -0.8
6282 -35.2648 1.11 -0.8
8958 -35.2648 1.11 -0.8
13865 -35.2648 1.11 -0.8
9375 -35.2648 1.11 -0.8
12395 -35.2648 1.11 -0.8
11991 -35.2648 1.11 -0.8
11868 -35.2648 1.11 -0.8
11475 -35.2648 1.11 -0.8
18050 -35.2648 1.11 -0.8
7627 -35.2648 1.11 -0.8
13177 -35.2648 1.11 -0.8
11754 -35.2648 1.11 -0.8
11135 -35.2648 1.11 -0.8
14166 -35.2648 1.11 -0.8
7777 -35.2648 1.11 -0.8
14511 -35.2648 1.11 -0.8
10704 -35.2648 1.11 -0.8
11055 -35.2648 1.11 -0.8
13941 -35.2648 1.11 -0.8
14140 -35.2648 1.11 -0.8
8254 -35.2648 1.11 -0.8
10665 -35.2648 1.11 -0.8
12884 -35.2648 1.11 -0.8
10035 -35.2648 1.11 -0.8
9551 -35.2648 1.11 -0.8
209399 -61.2428 -12.19 29.45
202462 -61.2428 -12.19 29.45
201577 -61.2428 -12.19 29.45
204851 -61.2428 -12.19 29.45
205480 -61.2428 -12.19 29.45
209726 -61.2428 -12.19 29.45
208917 -61.2428 -12.19 29.45
210439 -61.2428 -12.19 29.45
206798 -61.2428 -12.19 29.45
210589 -61.2428 -12.19 29.45
206727 -61.2428 -12.19 29.45
211274 -61.2428 -12.19 29.45
204640 -61.2428 -12.19 29.45
208009 -61.2428 -12.19 29.45
212257 -61.2428 -12.19 29.45
210341 -61.2428 -12.19 29.45
215771 -61.2428 -12.19 29.45
207859 -61.2428 -12.19 29.45
210096 -61.2428 -12.19 29.45
206958 -61.2428 -12.19 29.45
208669 -61.2428 -12.19 29.45
209943 -61.2428 -12.19 29.45
210375 -61.2428 -12.19 29.45
211285 -61.2428 -12.19 29.45
201290 -61.2428 -12.19 29.45
211386 -61.2428 -12.19 29.45
209990 -61.2428 -12.19 29.45
205318 -61.2428 -12.19 29.45
209575 -61.2428 -12.19 29.45
207943 -61.2428 -12.19 29.45
207713 -61.2428 -12.19 29.45
208099 -61.2428 -12.19 29.45
209279 -61.2428 -12.19 29.45
208787 -61.2428 -12.19 29.45
209349 -61.2428 -12.19 29.45
219365 -61.2428 -12.19 29.45
222061 -61.2428 -12.19 29.45
210699 -61.2428 -12.19 29.45
208046 -61.2428 -12.19 29.45
179175 -59.6673 -18.74 18.5
172586 -59.6673 -18.74 18.5
174284 -59.6673 -18.74 18.5
177942 -59.6673 -18.74 18.5
175591 -59.6673 -18.74 18.5
172528 -59.6673 -18.74 18.5
185165 -59.6673 -18.74 18.5
174116 -59.6673 -18.74 18.5
181138 -59.6673 -18.74 18.5
180083 -59.6673 -18.74 18.5
170289 -59.6673 -18.74 18.5
177048 -59.6673 -18.74 18.5
174891 -59.6673 -18.74 18.5
181448 -59.6673 -18.74 18.5
184414 -59.6673 -18.74 18.5
175431 -59.6673 -18.74 18.5
174352 -59.6673 -18.74 18.5
173633 -59.6673 -18.74 18.5
170629 -59.6673 -18.74 18.5
176905 -59.6673 -18.74 18.5
167767 -59.6673 -18.74 18.5
176085 -59.6673 -18.74 18.5
172697 -59.6673 -18.74 18.5
187284 -59.6673 -18.74 18.5
171269 -59.6673 -18.74 18.5
180688 -59.6673 -18.74 18.5
173264 -59.6673 -18.74 18.5
171931 -59.6673 -18.74 18.5
175864 -59.6673 -18.74 18.5
175773 -59.6673 -18.74 18.5
170766 -59.6673 -18.74 18.5
181013 -59.6673 -18.74 18.5
173734 -59.6673 -18.74 18.5
174372 -59.6673 -18.74 18.5
176710 -59.6673 -18.74 18.5
178473 -59.6673 -18.74 18.5
172404 -59.6673 -18.74 18.5
175254 -59.6673 -18.74 18.5
180364 -59.6673 -18.74 18.5
