#rtt sig_str x y
218844 -62.1863 23.58 26.85
233550 -62.1863 23.58 26.85
231845 -62.1863 23.58 26.85
230455 -62.1863 23.58 26.85
228535 -62.1863 23.58 26.85
226473 -62.1863 23.58 26.85
226989 -62.1863 23.58 26.85
232061 -62.1863 23.58 26.85
226073 -62.1863 23.58 26.85
222752 -62.1863 23.58 26.85
222868 -62.1863 23.58 26.85
222824 -62.1863 23.58 26.85
233393 -62.1863 23.58 26.85
226139 -62.1863 23.58 26.85
217054 -62.1863 23.58 26.85
222136 -62.1863 23.58 26.85
233046 -62.1863 23.58 26.85
222877 -62.1863 23.58 26.85
221338 -62.1863 23.58 26.85
229445 -62.1863 23.58 26.85
228444 -62.1863 23.58 26.85
229250 -62.1863 23.58 26.85
222031 -62.1863 23.58 26.85
227773 -62.1863 23.58 26.85
221661 -62.1863 23.58 26.85
225725 -62.1863 23.58 26.85
221289 -62.1863 23.58 26.85
228735 -62.1863 23.58 26.85
227564 -62.1863 23.58 26.85
224833 -62.1863 23.58 26.85
235919 -62.1863 23.58 26.85
225395 -62.1863 23.58 26.85
231845 -62.1863 23.58 26.85
223621 -62.1863 23.58 26.85
238061 -62.1863 23.58 26.85
227563 -62.1863 23.58 26.85
222110 -62.1863 23.58 26.85
229021 -62.1863 23.58 26.85
231113 -62.1863 23.58 26.85
135276 -57.4563 -10.08 -17.44
136210 -57.4563 -10.08 -17.44
129436 -57.4563 -10.08 -17.44
136658 -57.4563 -10.08 -17.44
132068 -57.4563 -10.08 -17.44
128161 -57.4563 -10.08 -17.44
129735 -57.4563 -10.08 -17.44
137272 -57.4563 -10.08 -17.44
136322 -57.4563 -10.08 -17.44
130512 -57.4563 -10.08 -17.44
133251 -57.4563 -10.08 -17.44
131482 -57.4563 -10.08 -17.44
135704 -57.4563 -10.08 -17.44
134143 -57.4563 -10.08 -17.44
136068 -57.4563 -10.08 -17.44
135874 -57.4563 -10.08 -17.44
137405 -57.4563 -10.08 -17.44
139995 -57.4563 -10.08 -17.44
133273 -57.4563 -10.08 -17.44
136775 -57.4563 -10.08 -17.44
128133 -57.4563 -10.08 -17.44
135370 -57.4563 -10.08 -17.44
137865 -57.4563 -10.08 -17.44
135407 -57.4563 -10.08 -17.44
137520 -57.4563 -10.08 -17.44
140298 -57.4563 -10.08 -17.44
132835 -57.4563 -10.08 -17.44
139769 -57.4563 -10.08 -17.44
135124 -57.4563 -10.08 -17.44
144707 -57.4563 -10.08 -17.44
126998 -57.4563 -10.08 -17.44
134848 -57.4563 -10.08 -17.44
134308 -57.4563 -10.08 -17.44
136878 -57.4563 -10.08 -17.44
131523 -57.4563 -10.08 -17.44
135539 -57.4563 -10.08 -17.44
136080 -57.4563 -10.08 -17.44
133130 -57.4563 -10.08 -17.44
137089 -57.4563 -10.08 -17.44
216778 -61.4007 19.28 -26.15
216051 -61.4007 19.28 -26.15
222978 -61.4007 19.28 -26.15
214303 -61.4007 19.28 -26.15
230326 -61.4007 19.28 -26.15
223078 -61.4007 19.28 -26.15
211894 -61.4007 19.28 -26.15
215647 -61.4007 19.28 -26.15
210426 -61.4007 19.28 -26.15
218529 -61.4007 19.28 -26.15
219227 -61.4007 19.28 -26.15
223614 -61.4007 19.28 -26.15
219625 -61.4007 19.28 -26.15
220176 -61.4007 19.28 -26.15
224102 -61.4007 19.28 -26.15
221023 -61.4007 19.28 -26.15
220450 -61.4007 19.28 -26.15
223943 -61.4007 19.28 -26.15
222286 -61.4007 19.28 -26.15
224880 -61.4007 19.28 -26.15
219676 -61.4007 19.28 -26.15
217592 -61.4007 19.28 -26.15
216943 -61.4007 19.28 -26.15
218481 -61.4007 19.28 -26.15
215469 -61.4007 19.28 -26.15
217660 -61.4007 19.28 -26.15
219369 -61.4007 19.28 -26.15
211275 -61.4007 19.28 -26.15
216320 -61.4007 19.28 -26.15
215189 -61.4007 19.28 -26.15
216071 -61.4007 19.28 -26.15
218084 -61.4007 19.28 -26.15
217259 -61.4007 19.28 -26.15
224698 -61.4007 19.28 -26.15
221688 -61.4007 19.28 -26.15
215269 -61.4007 19.28 -26.15
212375 -61.4007 19.28 -26.15
220107 -61.4007 19.28 -26.15
221709 -61.4007 19.28 -26.15
188170 -60.3435 -27.5 -7.79
182664 -60.3435 -27.5 -7.79
197647 -60.3435 -27.5 -7.79
193219 -60.3435 -27.5 -7.79
181677 -60.3435 -27.5 -7.79
184643 -60.3435 -27.5 -7.79
189832 -60.3435 -27.5 -7.79
186516 -60.3435 -27.5 -7.79
186254 -60.3435 -27.5 -7.79
186552 -60.3435 -27.5 -7.79
189898 -60.3435 -27.5 -7.79
191618 -60.3435 -27.5 -7.79
187003 -60.3435 -27.5 -7.79
181907 -60.3435 -27.5 -7.79
182705 -60.3435 -27.5 -7.79
194993 -60.3435 -27.5 -7.79
192928 -60.3435 -27.5 -7.79
189453 -60.3435 -27.5 -7.79
185355 -60.3435 -27.5 -7.79
185604 -60.3435 -27.5 -7.79
191809 -60.3435 -27.5 -7.79
189849 -60.3435 -27.5 -7.79
188706 -60.3435 -27.5 -7.79
190590 -60.3435 -27.5 -7.79
182367 -60.3435 -27.5 -7.79
181414 -60.3435 -27.5 -7.79
191984 -60.3435 -27.5 -7.79
188418 -60.3435 -27.5 -7.79
189511 -60.3435 -27.5 -7.79
188059 -60.3435 -27.5 -7.79
184209 -60.3435 -27.5 -7.79
191212 -60.3435 -27.5 -7.79
189734 -60.3435 -27.5 -7.79
184234 -60.3435 -27.5 -7.79
188065 -60.3435 -27.5 -7.79
191101 -60.3435 -27.5 -7.79
184636 -60.3435 -27.5 -7.79
190097 -60.3435 -27.5 -7.79
189935 -60.3435 -27.5 -7.79
250090 -62.5704 -23.54 29.11
250960 -62.5704 -23.54 29.11
251012 -62.5704 -23.54 29.11
247931 -62.5704 -23.54 29.11
255325 -62.5704 -23.54 29.11
247981 -62.5704 -23.54 29.11
257123 -62.5704 -23.54 29.11
254932 -62.5704 -23.54 29.11
258892 -62.5704 -23.54 29.11
246091 -62.5704 -23.54 29.11
243731 -62.5704 -23.54 29.11
246350 -62.5704 -23.54 29.11
247474 -62.5704 -23.54 29.11
249013 -62.5704 -23.54 29.11
240856 -62.5704 -23.54 29.11
252397 -62.5704 -23.54 29.11
252760 -62.5704 -23.54 29.11
254512 -62.5704 -23.54 29.11
255850 -62.5704 -23.54 29.11
247145 -62.5704 -23.54 29.11
252543 -62.5704 -23.54 29.11
242548 -62.5704 -23.54 29.11
239492 -62.5704 -23.54 29.11
240263 -62.5704 -23.54 29.11
256108 -62.5704 -23.54 29.11
255083 -62.5704 -23.54 29.11
241030 -62.5704 -23.54 29.11
242926 -62.5704 -23.54 29.11
249855 -62.5704 -23.54 29.11
247644 -62.5704 -23.54 29.11
255230 -62.5704 -23.54 29.11
251069 -62.5704 -23.54 29.11
242798 -62.5704 -23.54 29.11
244670 -62.5704 -23.54 29.11
243675 -62.5704 -23.54 29.11
247078 -62.5704 -23.54 29.11
244598 -62.5704 -23.54 29.11
248914 -62.5704 -23.54 29.11
252227 -62.5704 -23.54 29.11
163647 -59.1411 5.7 -24.04
153951 -59.1411 5.7 -24.04
154525 -59.1411 5.7 -24.04
152416 -59.1411 5.7 -24.04
159480 -59.1411 5.7 -24.04
150735 -59.1411 5.7 -24.04
163352 -59.1411 5.7 -24.04
156054 -59.1411 5.7 -24.04
149158 -59.1411 5.7 -24.04
157643 -59.1411 5.7 -24.04
156843 -59.1411 5.7 -24.04
151806 -59.1411 5.7 -24.04
153645 -59.1411 5.7 -24.04
149600 -59.1411 5.7 -24.04
150964 -59.1411 5.7 -24.04
157182 -59.1411 5.7 -24.04
162087 -59.1411 5.7 -24.04
155004 -59.1411 5.7 -24.04
157909 -59.1411 5.7 -24.04
159098 -59.1411 5.7 -24.04
152274 -59.1411 5.7 -24.04
154528 -59.1411 5.7 -24.04
158458 -59.1411 5.7 -24.04
149774 -59.1411 5.7 -24.04
160072 -59.1411 5.7 -24.04
157398 -59.1411 5.7 -24.04
164994 -59.1411 5.7 -24.04
156291 -59.1411 5.7 -24.04
144442 -59.1411 5.7 -24.04
152170 -59.1411 5.7 -24.04
149412 -59.1411 5.7 -24.04
154984 -59.1411 5.7 -24.04
152324 -59.1411 5.7 -24.04
153106 -59.1411 5.7 -24.04
156371 -59.1411 5.7 -24.04
157046 -59.1411 5.7 -24.04
155205 -59.1411 5.7 -24.04
155514 -59.1411 5.7 -24.04
159706 -59.1411 5.7 -24.04
50917 -48.4364 1.79 6.51
49353 -48.4364 1.79 6.51
50419 -48.4364 1.79 6.51
45342 -48.4364 1.79 6.51
60791 -48.4364 1.79 6.51
51277 -48.4364 1.79 6.51
60363 -48.4364 1.79 6.51
53484 -48.4364 1.79 6.51
51056 -48.4364 1.79 6.51
45494 -48.4364 1.79 6.51
55839 -48.4364 1.79 6.51
52638 -48.4364 1.79 6.51
49254 -48.4364 1.79 6.51
55596 -48.4364 1.79 6.51
44637 -48.4364 1.79 6.51
49795 -48.4364 1.79 6.51
46398 -48.4364 1.79 6.51
51282 -48.4364 1.79 6.51
52301 -48.4364 1.79 6.51
59925 -48.4364 1.79 6.51
56793 -48.4364 1.79 6.51
48347 -48.4364 1.79 6.51
37824 -48.4364 1.79 6.51
53480 -48.4364 1.79 6.51
55947 -48.4364 1.79 6.51
46604 -48.4364 1.79 6.51
53096 -48.4364 1.79 6.51
54141 -48.4364 1.79 6.51
54270 -48.4364 1.79 6.51
50621 -48.4364 1.79 6.51
47397 -48.4364 1.79 6.51
50488 -48.4364 1.79 6.51
55156 -48.4364 1.79 6.51
51624 -48.4364 1.79 6.51
51928 -48.4364 1.79 6.51
52068 -48.4364 1.79 6.51
53600 -48.4364 1.79 6.51
51857 -48.4364 1.79 6.51
52255 -48.4364 1.79 6.51
32498 -46.2801 -4.87 1.82
43437 -46.2801 -4.87 1.82
40171 -46.2801 -4.87 1.82
45079 -46.2801 -4.87 1.82
39829 -46.2801 -4.87 1.82
36387 -46.2801 -4.87 1.82
35108 -46.2801 -4.87 1.82
36902 -46.2801 -4.87 1.82
36010 -46.2801 -4.87 1.82
40106 -46.2801 -4.87 1.82
40576 -46.2801 -4.87 1.82
38659 -46.2801 -4.87 1.82
38324 -46.2801 -4.87 1.82
30661 -46.2801 -4.87 1.82
40368 -46.2801 -4.87 1.82
34542 -46.2801 -4.87 1.82
39121 -46.2801 -4.87 1.82
35782 -46.2801 -4.87 1.82
40089 -46.2801 -4.87 1.82
45190 -46.2801 -4.87 1.82
38480 -46.2801 -4.87 1.82
34714 -46.2801 -4.87 1.82
41233 -46.2801 -4.87 1.82
38469 -46.2801 -4.87 1.82
37537 -46.2801 -4.87 1.82
34889 -46.2801 -4.87 1.82
44963 -46.2801 -4.87 1.82
44363 -46.2801 -4.87 1.82
43725 -46.2801 -4.87 1.82
40967 -46.2801 -4.87 1.82
41060 -46.2801 -4.87 1.82
45660 -46.2801 -4.87 1.82
32002 -46.2801 -4.87 1.82
37128 -46.2801 -4.87 1.82
37015 -46.2801 -4.87 1.82
36772 -46.2801 -4.87 1.82
37076 -46.2801 -4.87 1.82
41458 -46.2801 -4.87 1.82
43772 -46.2801 -4.87 1.82
60772 -51.6227 -9.88 -1.03
67860 -51.6227 -9.88 -1.03
61926 -51.6227 -9.88 -1.03
66562 -51.6227 -9.88 -1.03
65181 -51.6227 -9.88 -1.03
58523 -51.6227 -9.88 -1.03
66355 -51.6227 -9.88 -1.03
67062 -51.6227 -9.88 -1.03
61424 -51.6227 -9.88 -1.03
63901 -51.6227 -9.88 -1.03
57479 -51.6227 -9.88 -1.03
63293 -51.6227 -9.88 -1.03
59705 -51.6227 -9.88 -1.03
64192 -51.6227 -9.88 -1.03
63110 -51.6227 -9.88 -1.03
63102 -51.6227 -9.88 -1.03
69237 -51.6227 -9.88 -1.03
69280 -51.6227 -9.88 -1.03
62267 -51.6227 -9.88 -1.03
65211 -51.6227 -9.88 -1.03
66901 -51.6227 -9.88 -1.03
61420 -51.6227 -9.88 -1.03
55408 -51.6227 -9.88 -1.03
62856 -51.6227 -9.88 -1.03
61070 -51.6227 -9.88 -1.03
67256 -51.6227 -9.88 -1.03
69946 -51.6227 -9.88 -1.03
61982 -51.6227 -9.88 -1.03
65832 -51.6227 -9.88 -1.03
65066 -51.6227 -9.88 -1.03
65526 -51.6227 -9.88 -1.03
63830 -51.6227 -9.88 -1.03
64269 -51.6227 -9.88 -1.03
55358 -51.6227 -9.88 -1.03
56008 -51.6227 -9.88 -1.03
65146 -51.6227 -9.88 -1.03
69545 -51.6227 -9.88 -1.03
63973 -51.6227 -9.88 -1.03
61072 -51.6227 -9.88 -1.03
138513 -57.7438 7.35 19.52
138296 -57.7438 7.35 19.52
133259 -57.7438 7.35 19.52
134400 -57.7438 7.35 19.52
134946 -57.7438 7.35 19.52
135021 -57.7438 7.35 19.52
134879 -57.7438 7.35 19.52
137803 -57.7438 7.35 19.52
132487 -57.7438 7.35 19.52
133024 -57.7438 7.35 19.52
134457 -57.7438 7.35 19.52
135332 -57.7438 7.35 19.52
138246 -57.7438 7.35 19.52
142676 -57.7438 7.35 19.52
130793 -57.7438 7.35 19.52
135880 -57.7438 7.35 19.52
129366 -57.7438 7.35 19.52
139461 -57.7438 7.35 19.52
134494 -57.7438 7.35 19.52
133633 -57.7438 7.35 19.52
129058 -57.7438 7.35 19.52
140752 -57.7438 7.35 19.52
132310 -57.7438 7.35 19.52
133446 -57.7438 7.35 19.52
136159 -57.7438 7.35 19.52
135915 -57.7438 7.35 19.52
137981 -57.7438 7.35 19.52
133424 -57.7438 7.35 19.52
131352 -57.7438 7.35 19.52
134788 -57.7438 7.35 19.52
133797 -57.7438 7.35 19.52
135868 -57.7438 7.35 19.52
138433 -57.7438 7.35 19.52
128879 -57.7438 7.35 19.52
134936 -57.7438 7.35 19.52
129915 -57.7438 7.35 19.52
135942 -57.7438 7.35 19.52
134455 -57.7438 7.35 19.52
130491 -57.7438 7.35 19.52
