#rtt sig_str x y
188137 -60.8082 -25.43 -16.36
185837 -60.8082 -25.43 -16.36
197037 -60.8082 -25.43 -16.36
193098 -60.8082 -25.43 -16.36
192778 -60.8082 -25.43 -16.36
191266 -60.8082 -25.43 -16.36
189520 -60.8082 -25.43 -16.36
198585 -60.8082 -25.43 -16.36
189227 -60.8082 -25.43 -16.36
195648 -60.8082 -25.43 -16.36
193538 -60.8082 -25.43 -16.36
189408 -60.8082 -25.43 -16.36
187941 -60.8082 -25.43 -16.36
195390 -60.8082 -25.43 -16.36
198067 -60.8082 -25.43 -16.36
193734 -60.8082 -25.43 -16.36
191503 -60.8082 -25.43 -16.36
194980 -60.8082 -25.43 -16.36
198170 -60.8082 -25.43 -16.36
190775 -60.8082 -25.43 -16.36
191318 -60.8082 -25.43 -16.36
188718 -60.8082 -25.43 -16.36
196444 -60.8082 -25.43 -16.36
200902 -60.8082 -25.43 -16.36
198850 -60.8082 -25.43 -16.36
189951 -60.8082 -25.43 -16.36
193249 -60.8082 -25.43 -16.36
188413 -60.8082 -25.43 -16.36
200051 -60.8082 -25.43 -16.36
189299 -60.8082 -25.43 -16.36
187854 -60.8082 -25.43 -16.36
197011 -60.8082 -25.43 -16.36
194997 -60.8082 -25.43 -16.36
192106 -60.8082 -25.43 -16.36
197842 -60.8082 -25.43 -16.36
193393 -60.8082 -25.43 -16.36
190267 -60.8082 -25.43 -16.36
191288 -60.8082 -25.43 -16.36
197814 -60.8082 -25.43 -16.36
139359 -57.3991 16.8 -10.86
135787 -57.3991 16.8 -10.86
138427 -57.3991 16.8 -10.86
131406 -57.3991 16.8 -10.86
136895 -57.3991 16.8 -10.86
132540 -57.3991 16.8 -10.86
134152 -57.3991 16.8 -10.86
136692 -57.3991 16.8 -10.86
135193 -57.3991 16.8 -10.86
129679 -57.3991 16.8 -10.86
139520 -57.3991 16.8 -10.86
134596 -57.3991 16.8 -10.86
138213 -57.3991 16.8 -10.86
129328 -57.3991 16.8 -10.86
133105 -57.3991 16.8 -10.86
137663 -57.3991 16.8 -10.86
129352 -57.3991 16.8 -10.86
135565 -57.3991 16.8 -10.86
134648 -57.3991 16.8 -10.86
136865 -57.3991 16.8 -10.86
142361 -57.3991 16.8 -10.86
129587 -57.3991 16.8 -10.86
132740 -57.3991 16.8 -10.86
137153 -57.3991 16.8 -10.86
134555 -57.3991 16.8 -10.86
135524 -57.3991 16.8 -10.86
129854 -57.3991 16.8 -10.86
135730 -57.3991 16.8 -10.86
142094 -57.3991 16.8 -10.86
130760 -57.3991 16.8 -10.86
135443 -57.3991 16.8 -10.86
131175 -57.3991 16.8 -10.86
133320 -57.3991 16.8 -10.86
131681 -57.3991 16.8 -10.86
133165 -57.3991 16.8 -10.86
131800 -57.3991 16.8 -10.86
141820 -57.3991 16.8 -10.86
136792 -57.3991 16.8 -10.86
144891 -57.3991 16.8 -10.86
194343 -60.4455 -3.7 28.7
197348 -60.4455 -3.7 28.7
195007 -60.4455 -3.7 28.7
186834 -60.4455 -3.7 28.7
188213 -60.4455 -3.7 28.7
195337 -60.4455 -3.7 28.7
195478 -60.4455 -3.7 28.7
191644 -60.4455 -3.7 28.7
184950 -60.4455 -3.7 28.7
188751 -60.4455 -3.7 28.7
197412 -60.4455 -3.7 28.7
191077 -60.4455 -3.7 28.7
192113 -60.4455 -3.7 28.7
190310 -60.4455 -3.7 28.7
193180 -60.4455 -3.7 28.7
188943 -60.4455 -3.7 28.7
198994 -60.4455 -3.7 28.7
197439 -60.4455 -3.7 28.7
190721 -60.4455 -3.7 28.7
191655 -60.4455 -3.7 28.7
192622 -60.4455 -3.7 28.7
189404 -60.4455 -3.7 28.7
185051 -60.4455 -3.7 28.7
194327 -60.4455 -3.7 28.7
191624 -60.4455 -3.7 28.7
188837 -60.4455 -3.7 28.7
194173 -60.4455 -3.7 28.7
189155 -60.4455 -3.7 28.7
197453 -60.4455 -3.7 28.7
192798 -60.4455 -3.7 28.7
196003 -60.4455 -3.7 28.7
192761 -60.4455 -3.7 28.7
199186 -60.4455 -3.7 28.7
190959 -60.4455 -3.7 28.7
193049 -60.4455 -3.7 28.7
195406 -60.4455 -3.7 28.7
199576 -60.4455 -3.7 28.7
192904 -60.4455 -3.7 28.7
191263 -60.4455 -3.7 28.7
98475 -54.2592 13.41 -2.67
88765 -54.2592 13.41 -2.67
92669 -54.2592 13.41 -2.67
87898 -54.2592 13.41 -2.67
93708 -54.2592 13.41 -2.67
93224 -54.2592 13.41 -2.67
90663 -54.2592 13.41 -2.67
98573 -54.2592 13.41 -2.67
93694 -54.2592 13.41 -2.67
91273 -54.2592 13.41 -2.67
87773 -54.2592 13.41 -2.67
98133 -54.2592 13.41 -2.67
101555 -54.2592 13.41 -2.67
94405 -54.2592 13.41 -2.67
95083 -54.2592 13.41 -2.67
96044 -54.2592 13.41 -2.67
93974 -54.2592 13.41 -2.67
90631 -54.2592 13.41 -2.67
95949 -54.2592 13.41 -2.67
91495 -54.2592 13.41 -2.67
95370 -54.2592 13.41 -2.67
90851 -54.2592 13.41 -2.67
89440 -54.2592 13.41 -2.67
89976 -54.2592 13.41 -2.67
86944 -54.2592 13.41 -2.67
97327 -54.2592 13.41 -2.67
98986 -54.2592 13.41 -2.67
86097 -54.2592 13.41 -2.67
94204 -54.2592 13.41 -2.67
89110 -54.2592 13.41 -2.67
98888 -54.2592 13.41 -2.67
96546 -54.2592 13.41 -2.67
96234 -54.2592 13.41 -2.67
94353 -54.2592 13.41 -2.67
90794 -54.2592 13.41 -2.67
91889 -54.2592 13.41 -2.67
88917 -54.2592 13.41 -2.67
86479 -54.2592 13.41 -2.67
96250 -54.2592 13.41 -2.67
211105 -60.9888 28.68 -11.52
209858 -60.9888 28.68 -11.52
204736 -60.9888 28.68 -11.52
207521 -60.9888 28.68 -11.52
206843 -60.9888 28.68 -11.52
200540 -60.9888 28.68 -11.52
205234 -60.9888 28.68 -11.52
211625 -60.9888 28.68 -11.52
205123 -60.9888 28.68 -11.52
211534 -60.9888 28.68 -11.52
203984 -60.9888 28.68 -11.52
208804 -60.9888 28.68 -11.52
207452 -60.9888 28.68 -11.52
199563 -60.9888 28.68 -11.52
202086 -60.9888 28.68 -11.52
208069 -60.9888 28.68 -11.52
209078 -60.9888 28.68 -11.52
202589 -60.9888 28.68 -11.52
208429 -60.9888 28.68 -11.52
204493 -60.9888 28.68 -11.52
212880 -60.9888 28.68 -11.52
207344 -60.9888 28.68 -11.52
214744 -60.9888 28.68 -11.52
207616 -60.9888 28.68 -11.52
205818 -60.9888 28.68 -11.52
217296 -60.9888 28.68 -11.52
203126 -60.9888 28.68 -11.52
213465 -60.9888 28.68 -11.52
205315 -60.9888 28.68 -11.52
206231 -60.9888 28.68 -11.52
213769 -60.9888 28.68 -11.52
208208 -60.9888 28.68 -11.52
206922 -60.9888 28.68 -11.52
213972 -60.9888 28.68 -11.52
205455 -60.9888 28.68 -11.52
207098 -60.9888 28.68 -11.52
209837 -60.9888 28.68 -11.52
209622 -60.9888 28.68 -11.52
214351 -60.9888 28.68 -11.52
90500 -54.6619 2.31 -14.17
92149 -54.6619 2.31 -14.17
94405 -54.6619 2.31 -14.17
86220 -54.6619 2.31 -14.17
87359 -54.6619 2.31 -14.17
90084 -54.6619 2.31 -14.17
88044 -54.6619 2.31 -14.17
89620 -54.6619 2.31 -14.17
92449 -54.6619 2.31 -14.17
86872 -54.6619 2.31 -14.17
80137 -54.6619 2.31 -14.17
91567 -54.6619 2.31 -14.17
95575 -54.6619 2.31 -14.17
85276 -54.6619 2.31 -14.17
89446 -54.6619 2.31 -14.17
92692 -54.6619 2.31 -14.17
92975 -54.6619 2.31 -14.17
89670 -54.6619 2.31 -14.17
86347 -54.6619 2.31 -14.17
90389 -54.6619 2.31 -14.17
92940 -54.6619 2.31 -14.17
89274 -54.6619 2.31 -14.17
89765 -54.6619 2.31 -14.17
87061 -54.6619 2.31 -14.17
87984 -54.6619 2.31 -14.17
91441 -54.6619 2.31 -14.17
94389 -54.6619 2.31 -14.17
94856 -54.6619 2.31 -14.17
92149 -54.6619 2.31 -14.17
85965 -54.6619 2.31 -14.17
92415 -54.6619 2.31 -14.17
95106 -54.6619 2.31 -14.17
89562 -54.6619 2.31 -14.17
84255 -54.6619 2.31 -14.17
90558 -54.6619 2.31 -14.17
90617 -54.6619 2.31 -14.17
89766 -54.6619 2.31 -14.17
86024 -54.6619 2.31 -14.17
89380 -54.6619 2.31 -14.17
151953 -59.1723 0.07 -24.8
168998 -59.1723 0.07 -24.8
170453 -59.1723 0.07 -24.8
161905 -59.1723 0.07 -24.8
161285 -59.1723 0.07 -24.8
156854 -59.1723 0.07 -24.8
166242 -59.1723 0.07 -24.8
161122 -59.1723 0.07 -24.8
162217 -59.1723 0.07 -24.8
165637 -59.1723 0.07 -24.8
166785 -59.1723 0.07 -24.8
158817 -59.1723 0.07 -24.8
162768 -59.1723 0.07 -24.8
162293 -59.1723 0.07 -24.8
165757 -59.1723 0.07 -24.8
158786 -59.1723 0.07 -24.8
165594 -59.1723 0.07 -24.8
163214 -59.1723 0.07 -24.8
159023 -59.1723 0.07 -24.8
168377 -59.1723 0.07 -24.8
167661 -59.1723 0.07 -24.8
164699 -59.1723 0.07 -24.8
161393 -59.1723 0.07 -24.8
161246 -59.1723 0.07 -24.8
163746 -59.1723 0.07 -24.8
160152 -59.1723 0.07 -24.8
161692 -59.1723 0.07 -24.8
169051 -59.1723 0.07 -24.8
164152 -59.1723 0.07 -24.8
154906 -59.1723 0.07 -24.8
155395 -59.1723 0.07 -24.8
172620 -59.1723 0.07 -24.8
160353 -59.1723 0.07 -24.8
166100 -59.1723 0.07 -24.8
166484 -59.1723 0.07 -24.8
166256 -59.1723 0.07 -24.8
165099 -59.1723 0.07 -24.8
165984 -59.1723 0.07 -24.8
159381 -59.1723 0.07 -24.8
183188 -59.604 -25.68 -4.84
183534 -59.604 -25.68 -4.84
183712 -59.604 -25.68 -4.84
179669 -59.604 -25.68 -4.84
173960 -59.604 -25.68 -4.84
170819 -59.604 -25.68 -4.84
174572 -59.604 -25.68 -4.84
173177 -59.604 -25.68 -4.84
173123 -59.604 -25.68 -4.84
186922 -59.604 -25.68 -4.84
178945 -59.604 -25.68 -4.84
180448 -59.604 -25.68 -4.84
176188 -59.604 -25.68 -4.84
171817 -59.604 -25.68 -4.84
174156 -59.604 -25.68 -4.84
181461 -59.604 -25.68 -4.84
180090 -59.604 -25.68 -4.84
168602 -59.604 -25.68 -4.84
185449 -59.604 -25.68 -4.84
179884 -59.604 -25.68 -4.84
178063 -59.604 -25.68 -4.84
173540 -59.604 -25.68 -4.84
175297 -59.604 -25.68 -4.84
183994 -59.604 -25.68 -4.84
184485 -59.604 -25.68 -4.84
172993 -59.604 -25.68 -4.84
180521 -59.604 -25.68 -4.84
180379 -59.604 -25.68 -4.84
183409 -59.604 -25.68 -4.84
174379 -59.604 -25.68 -4.84
181613 -59.604 -25.68 -4.84
175038 -59.604 -25.68 -4.84
179454 -59.604 -25.68 -4.84
168875 -59.604 -25.68 -4.84
182533 -59.604 -25.68 -4.84
177934 -59.604 -25.68 -4.84
178245 -59.604 -25.68 -4.84
180479 -59.604 -25.68 -4.84
171238 -59.604 -25.68 -4.84
216523 -61.328 -13.9 -29.05
218679 -61.328 -13.9 -29.05
217052 -61.328 -13.9 -29.05
215278 -61.328 -13.9 -29.05
219079 -61.328 -13.9 -29.05
209952 -61.328 -13.9 -29.05
213071 -61.328 -13.9 -29.05
212849 -61.328 -13.9 -29.05
210993 -61.328 -13.9 -29.05
207482 -61.328 -13.9 -29.05
212938 -61.328 -13.9 -29.05
214979 -61.328 -13.9 -29.05
214480 -61.328 -13.9 -29.05
213605 -61.328 -13.9 -29.05
211229 -61.328 -13.9 -29.05
216323 -61.328 -13.9 -29.05
218759 -61.328 -13.9 -29.05
214314 -61.328 -13.9 -29.05
222933 -61.328 -13.9 -29.05
213775 -61.328 -13.9 -29.05
214999 -61.328 -13.9 -29.05
215490 -61.328 -13.9 -29.05
220477 -61.328 -13.9 -29.05
221820 -61.328 -13.9 -29.05
211938 -61.328 -13.9 -29.05
214847 -61.328 -13.9 -29.05
215418 -61.328 -13.9 -29.05
219122 -61.328 -13.9 -29.05
210685 -61.328 -13.9 -29.05
209488 -61.328 -13.9 -29.05
213548 -61.328 -13.9 -29.05
220936 -61.328 -13.9 -29.05
222675 -61.328 -13.9 -29.05
221975 -61.328 -13.9 -29.05
215337 -61.328 -13.9 -29.05
218246 -61.328 -13.9 -29.05
208478 -61.328 -13.9 -29.05
210325 -61.328 -13.9 -29.05
221682 -61.328 -13.9 -29.05
22333 -36.9095 -0.01 1.67
30839 -36.9095 -0.01 1.67
28200 -36.9095 -0.01 1.67
19001 -36.9095 -0.01 1.67
27688 -36.9095 -0.01 1.67
28843 -36.9095 -0.01 1.67
23653 -36.9095 -0.01 1.67
28442 -36.9095 -0.01 1.67
22609 -36.9095 -0.01 1.67
18188 -36.9095 -0.01 1.67
21271 -36.9095 -0.01 1.67
17826 -36.9095 -0.01 1.67
24445 -36.9095 -0.01 1.67
22013 -36.9095 -0.01 1.67
24889 -36.9095 -0.01 1.67
25291 -36.9095 -0.01 1.67
21684 -36.9095 -0.01 1.67
22991 -36.9095 -0.01 1.67
23078 -36.9095 -0.01 1.67
24061 -36.9095 -0.01 1.67
19850 -36.9095 -0.01 1.67
21244 -36.9095 -0.01 1.67
20268 -36.9095 -0.01 1.67
24451 -36.9095 -0.01 1.67
27428 -36.9095 -0.01 1.67
27998 -36.9095 -0.01 1.67
21089 -36.9095 -0.01 1.67
22107 -36.9095 -0.01 1.67
20376 -36.9095 -0.01 1.67
24771 -36.9095 -0.01 1.67
27022 -36.9095 -0.01 1.67
28950 -36.9095 -0.01 1.67
25417 -36.9095 -0.01 1.67
22030 -36.9095 -0.01 1.67
25624 -36.9095 -0.01 1.67
23263 -36.9095 -0.01 1.67
22612 -36.9095 -0.01 1.67
24317 -36.9095 -0.01 1.67
19531 -36.9095 -0.01 1.67
