#rtt sig_str x y
250283 -62.4555 22.41 -29.34
250319 -62.4555 22.41 -29.34
246472 -62.4555 22.41 -29.34
253765 -62.4555 22.41 -29.34
255647 -62.4555 22.41 -29.34
249694 -62.4555 22.41 -29.34
246190 -62.4555 22.41 -29.34
262424 -62.4555 22.41 -29.34
247097 -62.4555 22.41 -29.34
257655 -62.4555 22.41 -29.34
259912 -62.4555 22.41 -29.34
256216 -62.4555 22.41 -29.34
252966 -62.4555 22.41 -29.34
255959 -62.4555 22.41 -29.34
256477 -62.4555 22.41 -29.34
253038 -62.4555 22.41 -29.34
257962 -62.4555 22.41 -29.34
246534 -62.4555 22.41 -29.34
249553 -62.4555 22.41 -29.34
258036 -62.4555 22.41 -29.34
247896 -62.4555 22.41 -29.34
254580 -62.4555 22.41 -29.34
249813 -62.4555 22.41 -29.34
252770 -62.4555 22.41 -29.34
257451 -62.4555 22.41 -29.34
251097 -62.4555 22.41 -29.34
253052 -62.4555 22.41 -29.34
250689 -62.4555 22.41 -29.34
258872 -62.4555 22.41 -29.34
246879 -62.4555 22.41 -29.34
247941 -62.4555 22.41 -29.34
257051 -62.4555 22.41 -29.34
257065 -62.4555 22.41 -29.34
251627 -62.4555 22.41 -29.34
250632 -62.4555 22.41 -29.34
265464 -62.4555 22.41 -29.34
245878 -62.4555 22.41 -29.34
251989 -62.4555 22.41 -29.34
248949 -62.4555 22.41 -29.34
203437 -61.321 28.12 -15.64
211081 -61.321 28.12 -15.64
213925 -61.321 28.12 -15.64
206090 -61.321 28.12 -15.64
204140 -61.321 28.12 -15.64
214744 -61.321 28.12 -15.64
205319 -61.321 28.12 -15.64
207887 -61.321 28.12 -15.64
205230 -61.321 28.12 -15.64
204791 -61.321 28.12 -15.64
211574 -61.321 28.12 -15.64
206660 -61.321 28.12 -15.64
211187 -61.321 28.12 -15.64
210968 -61.321 28.12 -15.64
206297 -61.321 28.12 -15.64
207093 -61.321 28.12 -15.64
207869 -61.321 28.12 -15.64
202214 -61.321 28.12 -15.64
210884 -61.321 28.12 -15.64
210057 -61.321 28.12 -15.64
205800 -61.321 28.12 -15.64
210732 -61.321 28.12 -15.64
204266 -61.321 28.12 -15.64
205981 -61.321 28.12 -15.64
201556 -61.321 28.12 -15.64
206310 -61.321 28.12 -15.64
207483 -61.321 28.12 -15.64
210859 -61.321 28.12 -15.64
211462 -61.321 28.12 -15.64
204115 -61.321 28.12 -15.64
214756 -61.321 28.12 -15.64
206599 -61.321 28.12 -15.64
213968 -61.321 28.12 -15.64
213314 -61.321 28.12 -15.64
205368 -61.321 28.12 -15.64
203972 -61.321 28.12 -15.64
213282 -61.321 28.12 -15.64
210376 -61.321 28.12 -15.64
209583 -61.321 28.12 -15.64
167864 -58.6741 22.16 -7.35
156502 -58.6741 22.16 -7.35
161512 -58.6741 22.16 -7.35
159288 -58.6741 22.16 -7.35
155811 -58.6741 22.16 -7.35
155953 -58.6741 22.16 -7.35
160064 -58.6741 22.16 -7.35
162415 -58.6741 22.16 -7.35
158154 -58.6741 22.16 -7.35
159191 -58.6741 22.16 -7.35
158141 -58.6741 22.16 -7.35
162913 -58.6741 22.16 -7.35
160588 -58.6741 22.16 -7.35
155151 -58.6741 22.16 -7.35
151141 -58.6741 22.16 -7.35
161973 -58.6741 22.16 -7.35
157003 -58.6741 22.16 -7.35
159428 -58.6741 22.16 -7.35
152062 -58.6741 22.16 -7.35
157000 -58.6741 22.16 -7.35
159212 -58.6741 22.16 -7.35
151382 -58.6741 22.16 -7.35
158373 -58.6741 22.16 -7.35
158553 -58.6741 22.16 -7.35
160500 -58.6741 22.16 -7.35
158041 -58.6741 22.16 -7.35
158660 -58.6741 22.16 -7.35
150208 -58.6741 22.16 -7.35
164031 -58.6741 22.16 -7.35
156272 -58.6741 22.16 -7.35
160989 -58.6741 22.16 -7.35
156144 -58.6741 22.16 -7.35
153806 -58.6741 22.16 -7.35
150560 -58.6741 22.16 -7.35
152184 -58.6741 22.16 -7.35
154710 -58.6741 22.16 -7.35
162077 -58.6741 22.16 -7.35
155823 -58.6741 22.16 -7.35
153275 -58.6741 22.16 -7.35
122263 -57.0086 1.85 18.99
125794 -57.0086 1.85 18.99
121187 -57.0086 1.85 18.99
123518 -57.0086 1.85 18.99
123478 -57.0086 1.85 18.99
117953 -57.0086 1.85 18.99
126164 -57.0086 1.85 18.99
121334 -57.0086 1.85 18.99
129962 -57.0086 1.85 18.99
113813 -57.0086 1.85 18.99
123412 -57.0086 1.85 18.99
120558 -57.0086 1.85 18.99
114886 -57.0086 1.85 18.99
119774 -57.0086 1.85 18.99
117354 -57.0086 1.85 18.99
120958 -57.0086 1.85 18.99
118210 -57.0086 1.85 18.99
123520 -57.0086 1.85 18.99
126191 -57.0086 1.85 18.99
120856 -57.0086 1.85 18.99
117010 -57.0086 1.85 18.99
125105 -57.0086 1.85 18.99
119095 -57.0086 1.85 18.99
123333 -57.0086 1.85 18.99
123554 -57.0086 1.85 18.99
126369 -57.0086 1.85 18.99
122523 -57.0086 1.85 18.99
122878 -57.0086 1.85 18.99
124363 -57.0086 1.85 18.99
126703 -57.0086 1.85 18.99
126206 -57.0086 1.85 18.99
124191 -57.0086 1.85 18.99
117492 -57.0086 1.85 18.99
122606 -57.0086 1.85 18.99
120366 -57.0086 1.85 18.99
120118 -57.0086 1.85 18.99
123740 -57.0086 1.85 18.99
119140 -57.0086 1.85 18.99
116721 -57.0086 1.85 18.99
113816 -55.9109 -16.04 -4.66
113641 -55.9109 -16.04 -4.66
114258 -55.9109 -16.04 -4.66
115664 -55.9109 -16.04 -4.66
115103 -55.9109 -16.04 -4.66
117922 -55.9109 -16.04 -4.66
115201 -55.9109 -16.04 -4.66
112866 -55.9109 -16.04 -4.66
114222 -55.9109 -16.04 -4.66
111529 -55.9109 -16.04 -4.66
114626 -55.9109 -16.04 -4.66
114008 -55.9109 -16.04 -4.66
120067 -55.9109 -16.04 -4.66
116175 -55.9109 -16.04 -4.66
113867 -55.9109 -16.04 -4.66
115260 -55.9109 -16.04 -4.66
114087 -55.9109 -16.04 -4.66
114088 -55.9109 -16.04 -4.66
114459 -55.9109 -16.04 -4.66
113231 -55.9109 -16.04 -4.66
117415 -55.9109 -16.04 -4.66
116384 -55.9109 -16.04 -4.66
124570 -55.9109 -16.04 -4.66
116962 -55.9109 -16.04 -4.66
117168 -55.9109 -16.04 -4.66
121431 -55.9109 -16.04 -4.66
114073 -55.9109 -16.04 -4.66
116563 -55.9109 -16.04 -4.66
116591 -55.9109 -16.04 -4.66
119771 -55.9109 -16.04 -4.66
123582 -55.9109 -16.04 -4.66
115380 -55.9109 -16.04 -4.66
115286 -55.9109 -16.04 -4.66
111226 -55.9109 -16.04 -4.66
118814 -55.9109 -16.04 -4.66
115344 -55.9109 -16.04 -4.66
117479 -55.9109 -16.04 -4.66
116558 -55.9109 -16.04 -4.66
113064 -55.9109 -16.04 -4.66
191517 -60.765 -29.32 6.72
196339 -60.765 -29.32 6.72
194631 -60.765 -29.32 6.72
192468 -60.765 -29.32 6.72
199589 -60.765 -29.32 6.72
206648 -60.765 -29.32 6.72
197430 -60.765 -29.32 6.72
203873 -60.765 -29.32 6.72
196574 -60.765 -29.32 6.72
198042 -60.765 -29.32 6.72
193954 -60.765 -29.32 6.72
198539 -60.765 -29.32 6.72
196047 -60.765 -29.32 6.72
198143 -60.765 -29.32 6.72
205022 -60.765 -29.32 6.72
201414 -60.765 -29.32 6.72
199387 -60.765 -29.32 6.72
196435 -60.765 -29.32 6.72
195851 -60.765 -29.32 6.72
201684 -60.765 -29.32 6.72
203224 -60.765 -29.32 6.72
205114 -60.765 -29.32 6.72
201551 -60.765 -29.32 6.72
202850 -60.765 -29.32 6.72
195716 -60.765 -29.32 6.72
198797 -60.765 -29.32 6.72
194594 -60.765 -29.32 6.72
198046 -60.765 -29.32 6.72
196262 -60.765 -29.32 6.72
198297 -60.765 -29.32 6.72
201876 -60.765 -29.32 6.72
195814 -60.765 -29.32 6.72
195763 -60.765 -29.32 6.72
198343 -60.765 -29.32 6.72
199199 -60.765 -29.32 6.72
200153 -60.765 -29.32 6.72
202941 -60.765 -29.32 6.72
205154 -60.765 -29.32 6.72
205094 -60.765 -29.32 6.72
101083 -55.8126 -4.17 15.97
111842 -55.8126 -4.17 15.97
109757 -55.8126 -4.17 15.97
108082 -55.8126 -4.17 15.97
105797 -55.8126 -4.17 15.97
105276 -55.8126 -4.17 15.97
103505 -55.8126 -4.17 15.97
111089 -55.8126 -4.17 15.97
113248 -55.8126 -4.17 15.97
104986 -55.8126 -4.17 15.97
109465 -55.8126 -4.17 15.97
107610 -55.8126 -4.17 15.97
104010 -55.8126 -4.17 15.97
106016 -55.8126 -4.17 15.97
106509 -55.8126 -4.17 15.97
107000 -55.8126 -4.17 15.97
109714 -55.8126 -4.17 15.97
105290 -55.8126 -4.17 15.97
102884 -55.8126 -4.17 15.97
111186 -55.8126 -4.17 15.97
106461 -55.8126 -4.17 15.97
112864 -55.8126 -4.17 15.97
103168 -55.8126 -4.17 15.97
107367 -55.8126 -4.17 15.97
107256 -55.8126 -4.17 15.97
113727 -55.8126 -4.17 15.97
107923 -55.8126 -4.17 15.97
115577 -55.8126 -4.17 15.97
106799 -55.8126 -4.17 15.97
110062 -55.8126 -4.17 15.97
105338 -55.8126 -4.17 15.97
106827 -55.8126 -4.17 15.97
112144 -55.8126 -4.17 15.97
100621 -55.8126 -4.17 15.97
113817 -55.8126 -4.17 15.97
108480 -55.8126 -4.17 15.97
106569 -55.8126 -4.17 15.97
106078 -55.8126 -4.17 15.97
103345 -55.8126 -4.17 15.97
47911 -50.1487 -5.86 -5.89
36987 -50.1487 -5.86 -5.89
47825 -50.1487 -5.86 -5.89
45172 -50.1487 -5.86 -5.89
43582 -50.1487 -5.86 -5.89
58167 -50.1487 -5.86 -5.89
47887 -50.1487 -5.86 -5.89
48275 -50.1487 -5.86 -5.89
49881 -50.1487 -5.86 -5.89
47981 -50.1487 -5.86 -5.89
49441 -50.1487 -5.86 -5.89
46270 -50.1487 -5.86 -5.89
49472 -50.1487 -5.86 -5.89
52766 -50.1487 -5.86 -5.89
47076 -50.1487 -5.86 -5.89
47737 -50.1487 -5.86 -5.89
43071 -50.1487 -5.86 -5.89
47222 -50.1487 -5.86 -5.89
46421 -50.1487 -5.86 -5.89
47976 -50.1487 -5.86 -5.89
43403 -50.1487 -5.86 -5.89
41214 -50.1487 -5.86 -5.89
44570 -50.1487 -5.86 -5.89
41755 -50.1487 -5.86 -5.89
57528 -50.1487 -5.86 -5.89
47216 -50.1487 -5.86 -5.89
45127 -50.1487 -5.86 -5.89
44682 -50.1487 -5.86 -5.89
48404 -50.1487 -5.86 -5.89
47704 -50.1487 -5.86 -5.89
52801 -50.1487 -5.86 -5.89
49141 -50.1487 -5.86 -5.89
38325 -50.1487 -5.86 -5.89
46807 -50.1487 -5.86 -5.89
56610 -50.1487 -5.86 -5.89
55899 -50.1487 -5.86 -5.89
48081 -50.1487 -5.86 -5.89
52683 -50.1487 -5.86 -5.89
47584 -50.1487 -5.86 -5.89
156739 -58.3219 1.36 22.33
151740 -58.3219 1.36 22.33
152847 -58.3219 1.36 22.33
157374 -58.3219 1.36 22.33
155214 -58.3219 1.36 22.33
150299 -58.3219 1.36 22.33
160060 -58.3219 1.36 22.33
147432 -58.3219 1.36 22.33
163262 -58.3219 1.36 22.33
160371 -58.3219 1.36 22.33
158867 -58.3219 1.36 22.33
151296 -58.3219 1.36 22.33
152734 -58.3219 1.36 22.33
156779 -58.3219 1.36 22.33
159881 -58.3219 1.36 22.33
155134 -58.3219 1.36 22.33
158168 -58.3219 1.36 22.33
154294 -58.3219 1.36 22.33
156749 -58.3219 1.36 22.33
157243 -58.3219 1.36 22.33
155955 -58.3219 1.36 22.33
154870 -58.3219 1.36 22.33
160250 -58.3219 1.36 22.33
163571 -58.3219 1.36 22.33
165624 -58.3219 1.36 22.33
157805 -58.3219 1.36 22.33
158765 -58.3219 1.36 22.33
150184 -58.3219 1.36 22.33
164978 -58.3219 1.36 22.33
154027 -58.3219 1.36 22.33
152654 -58.3219 1.36 22.33
162341 -58.3219 1.36 22.33
157527 -58.3219 1.36 22.33
150973 -58.3219 1.36 22.33
157395 -58.3219 1.36 22.33
149114 -58.3219 1.36 22.33
157022 -58.3219 1.36 22.33
153518 -58.3219 1.36 22.33
159956 -58.3219 1.36 22.33
165066 -59.4417 -1.3 25.59
170389 -59.4417 -1.3 25.59
167511 -59.4417 -1.3 25.59
168300 -59.4417 -1.3 25.59
166578 -59.4417 -1.3 25.59
170515 -59.4417 -1.3 25.59
168755 -59.4417 -1.3 25.59
167865 -59.4417 -1.3 25.59
169972 -59.4417 -1.3 25.59
167797 -59.4417 -1.3 25.59
171166 -59.4417 -1.3 25.59
173086 -59.4417 -1.3 25.59
165136 -59.4417 -1.3 25.59
164146 -59.4417 -1.3 25.59
168967 -59.4417 -1.3 25.59
173566 -59.4417 -1.3 25.59
174836 -59.4417 -1.3 25.59
171722 -59.4417 -1.3 25.59
167758 -59.4417 -1.3 25.59
168587 -59.4417 -1.3 25.59
158746 -59.4417 -1.3 25.59
174649 -59.4417 -1.3 25.59
168847 -59.4417 -1.3 25.59
167860 -59.4417 -1.3 25.59
170947 -59.4417 -1.3 25.59
163571 -59.4417 -1.3 25.59
173711 -59.4417 -1.3 25.59
168168 -59.4417 -1.3 25.59
166932 -59.4417 -1.3 25.59
168756 -59.4417 -1.3 25.59
161843 -59.4417 -1.3 25.59
168372 -59.4417 -1.3 25.59
173565 -59.4417 -1.3 25.59
175105 -59.4417 -1.3 25.59
166512 -59.4417 -1.3 25.59
167762 -59.4417 -1.3 25.59
177484 -59.4417 -1.3 25.59
167524 -59.4417 -1.3 25.59
172379 -59.4417 -1.3 25.59
