#rtt sig_str x y
202231 -60.8751 -29.38 -8.13
196811 -60.8751 -29.38 -8.13
206192 -60.8751 -29.38 -8.13
202135 -60.8751 -29.38 -8.13
210369 -60.8751 -29.38 -8.13
200401 -60.8751 -29.38 -8.13
197279 -60.8751 -29.38 -8.13
202950 -60.8751 -29.38 -8.13
196910 -60.8751 -29.38 -8.13
202040 -60.8751 -29.38 -8.13
205392 -60.8751 -29.38 -8.13
206304 -60.8751 -29.38 -8.13
199179 -60.8751 -29.38 -8.13
197380 -60.8751 -29.38 -8.13
200174 -60.8751 -29.38 -8.13
199833 -60.8751 -29.38 -8.13
202541 -60.8751 -29.38 -8.13
198800 -60.8751 -29.38 -8.13
199371 -60.8751 -29.38 -8.13
201010 -60.8751 -29.38 -8.13
193682 -60.8751 -29.38 -8.13
199152 -60.8751 -29.38 -8.13
204324 -60.8751 -29.38 -8.13
206133 -60.8751 -29.38 -8.13
204792 -60.8751 -29.38 -8.13
192363 -60.8751 -29.38 -8.13
203286 -60.8751 -29.38 -8.13
201574 -60.8751 -29.38 -8.13
197770 -60.8751 -29.38 -8.13
198526 -60.8751 -29.38 -8.13
200543 -60.8751 -29.38 -8.13
203590 -60.8751 -29.38 -8.13
204097 -60.8751 -29.38 -8.13
199900 -60.8751 -29.38 -8.13
204830 -60.8751 -29.38 -8.13
196364 -60.8751 -29.38 -8.13
198044 -60.8751 -29.38 -8.13
206282 -60.8751 -29.38 -8.13
201368 -60.8751 -29.38 -8.13
200094 -60.6186 -0.25 -29.55
207380 -60.6186 -0.25 -29.55
202458 -60.6186 -0.25 -29.55
206242 -60.6186 -0.25 -29.55
198799 -60.6186 -0.25 -29.55
201970 -60.6186 -0.25 -29.55
199630 -60.6186 -0.25 -29.55
203961 -60.6186 -0.25 -29.55
199729 -60.6186 -0.25 -29.55
202810 -60.6186 -0.25 -29.55
204936 -60.6186 -0.25 -29.55
203507 -60.6186 -0.25 -29.55
205748 -60.6186 -0.25 -29.55
201684 -60.6186 -0.25 -29.55
202323 -60.6186 -0.25 -29.55
201008 -60.6186 -0.25 -29.55
205713 -60.6186 -0.25 -29.55
210377 -60.6186 -0.25 -29.55
206354 -60.6186 -0.25 -29.55
206642 -60.6186 -0.25 -29.55
209412 -60.6186 -0.25 -29.55
195736 -60.6186 -0.25 -29.55
197564 -60.6186 -0.25 -29.55
195744 -60.6186 -0.25 -29.55
197243 -60.6186 -0.25 -29.55
196362 -60.6186 -0.25 -29.55
197784 -60.6186 -0.25 -29.55
209544 -60.6186 -0.25 -29.55
201720 -60.6186 -0.25 -29.55
202222 -60.6186 -0.25 -29.55
201896 -60.6186 -0.25 -29.55
205390 -60.6186 -0.25 -29.55
204880 -60.6186 -0.25 -29.55
207416 -60.6186 -0.25 -29.55
204359 -60.6186 -0.25 -29.55
206180 -60.6186 -0.25 -29.55
206027 -60.6186 -0.25 -29.55
198875 -60.6186 -0.25 -29.55
197314 -60.6186 -0.25 -29.55
160401 -59.0999 -21.97 -11.03
165327 -59.0999 -21.97 -11.03
160326 -59.0999 -21.97 -11.03
162385 -59.0999 -21.97 -11.03
164471 -59.0999 -21.97 -11.03
161736 -59.0999 -21.97 -11.03
162535 -59.0999 -21.97 -11.03
156615 -59.0999 -21.97 -11.03
158193 -59.0999 -21.97 -11.03
162502 -59.0999 -21.97 -11.03
160952 -59.0999 -21.97 -11.03
155910 -59.0999 -21.97 -11.03
164142 -59.0999 -21.97 -11.03
154569 -59.0999 -21.97 -11.03
160437 -59.0999 -21.97 -11.03
164398 -59.0999 -21.97 -11.03
156892 -59.0999 -21.97 -11.03
163273 -59.0999 -21.97 -11.03
163239 -59.0999 -21.97 -11.03
163015 -59.0999 -21.97 -11.03
155196 -59.0999 -21.97 -11.03
169569 -59.0999 -21.97 -11.03
169599 -59.0999 -21.97 -11.03
161990 -59.0999 -21.97 -11.03
164466 -59.0999 -21.97 -11.03
152299 -59.0999 -21.97 -11.03
159141 -59.0999 -21.97 -11.03
163085 -59.0999 -21.97 -11.03
157796 -59.0999 -21.97 -11.03
170159 -59.0999 -21.97 -11.03
161121 -59.0999 -21.97 -11.03
162010 -59.0999 -21.97 -11.03
156499 -59.0999 -21.97 -11.03
162601 -59.0999 -21.97 -11.03
163329 -59.0999 -21.97 -11.03
151250 -59.0999 -21.97 -11.03
166080 -59.0999 -21.97 -11.03
157122 -59.0999 -21.97 -11.03
160220 -59.0999 -21.97 -11.03
241682 -62.3063 -21.48 -29.21
240235 -62.3063 -21.48 -29.21
240965 -62.3063 -21.48 -29.21
244462 -62.3063 -21.48 -29.21
240889 -62.3063 -21.48 -29.21
240593 -62.3063 -21.48 -29.21
241219 -62.3063 -21.48 -29.21
241139 -62.3063 -21.48 -29.21
247491 -62.3063 -21.48 -29.21
242859 -62.3063 -21.48 -29.21
245301 -62.3063 -21.48 -29.21
241818 -62.3063 -21.48 -29.21
241633 -62.3063 -21.48 -29.21
228126 -62.3063 -21.48 -29.21
243117 -62.3063 -21.48 -29.21
241040 -62.3063 -21.48 -29.21
245532 -62.3063 -21.48 -29.21
239109 -62.3063 -21.48 -29.21
237193 -62.3063 -21.48 -29.21
236162 -62.3063 -21.48 -29.21
244842 -62.3063 -21.48 -29.21
239385 -62.3063 -21.48 -29.21
243491 -62.3063 -21.48 -29.21
243069 -62.3063 -21.48 -29.21
240198 -62.3063 -21.48 -29.21
239965 -62.3063 -21.48 -29.21
238002 -62.3063 -21.48 -29.21
241590 -62.3063 -21.48 -29.21
241943 -62.3063 -21.48 -29.21
232668 -62.3063 -21.48 -29.21
241998 -62.3063 -21.48 -29.21
240312 -62.3063 -21.48 -29.21
248169 -62.3063 -21.48 -29.21
226386 -62.3063 -21.48 -29.21
235171 -62.3063 -21.48 -29.21
231279 -62.3063 -21.48 -29.21
251099 -62.3063 -21.48 -29.21
243911 -62.3063 -21.48 -29.21
246286 -62.3063 -21.48 -29.21
188214 -60.2459 -16.89 22.64
189115 -60.2459 -16.89 22.64
187395 -60.2459 -16.89 22.64
181643 -60.2459 -16.89 22.64
182918 -60.2459 -16.89 22.64
178711 -60.2459 -16.89 22.64
177569 -60.2459 -16.89 22.64
181580 -60.2459 -16.89 22.64
185009 -60.2459 -16.89 22.64
184889 -60.2459 -16.89 22.64
182366 -60.2459 -16.89 22.64
184055 -60.2459 -16.89 22.64
183497 -60.2459 -16.89 22.64
182872 -60.2459 -16.89 22.64
181630 -60.2459 -16.89 22.64
182242 -60.2459 -16.89 22.64
182753 -60.2459 -16.89 22.64
182545 -60.2459 -16.89 22.64
185532 -60.2459 -16.89 22.64
182725 -60.2459 -16.89 22.64
184443 -60.2459 -16.89 22.64
186528 -60.2459 -16.89 22.64
185514 -60.2459 -16.89 22.64
186717 -60.2459 -16.89 22.64
183276 -60.2459 -16.89 22.64
177416 -60.2459 -16.89 22.64
183735 -60.2459 -16.89 22.64
179437 -60.2459 -16.89 22.64
183904 -60.2459 -16.89 22.64
183643 -60.2459 -16.89 22.64
185535 -60.2459 -16.89 22.64
187326 -60.2459 -16.89 22.64
187076 -60.2459 -16.89 22.64
183395 -60.2459 -16.89 22.64
184032 -60.2459 -16.89 22.64
178476 -60.2459 -16.89 22.64
184490 -60.2459 -16.89 22.64
183528 -60.2459 -16.89 22.64
187274 -60.2459 -16.89 22.64
149998 -58.2929 -4.89 -21.75
151971 -58.2929 -4.89 -21.75
151607 -58.2929 -4.89 -21.75
147846 -58.2929 -4.89 -21.75
149654 -58.2929 -4.89 -21.75
149057 -58.2929 -4.89 -21.75
149523 -58.2929 -4.89 -21.75
150085 -58.2929 -4.89 -21.75
145798 -58.2929 -4.89 -21.75
151025 -58.2929 -4.89 -21.75
148427 -58.2929 -4.89 -21.75
145203 -58.2929 -4.89 -21.75
148045 -58.2929 -4.89 -21.75
157944 -58.2929 -4.89 -21.75
155728 -58.2929 -4.89 -21.75
151541 -58.2929 -4.89 -21.75
143980 -58.2929 -4.89 -21.75
152192 -58.2929 -4.89 -21.75
154161 -58.2929 -4.89 -21.75
146647 -58.2929 -4.89 -21.75
152326 -58.2929 -4.89 -21.75
147469 -58.2929 -4.89 -21.75
147528 -58.2929 -4.89 -21.75
149335 -58.2929 -4.89 -21.75
145020 -58.2929 -4.89 -21.75
152769 -58.2929 -4.89 -21.75
149975 -58.2929 -4.89 -21.75
145664 -58.2929 -4.89 -21.75
152841 -58.2929 -4.89 -21.75
153474 -58.2929 -4.89 -21.75
141560 -58.2929 -4.89 -21.75
139749 -58.2929 -4.89 -21.75
148701 -58.2929 -4.89 -21.75
152625 -58.2929 -4.89 -21.75
146620 -58.2929 -4.89 -21.75
156265 -58.2929 -4.89 -21.75
147331 -58.2929 -4.89 -21.75
137407 -58.2929 -4.89 -21.75
151463 -58.2929 -4.89 -21.75
183822 -59.7006 -15.12 -21.69
179402 -59.7006 -15.12 -21.69
179598 -59.7006 -15.12 -21.69
181024 -59.7006 -15.12 -21.69
179973 -59.7006 -15.12 -21.69
172747 -59.7006 -15.12 -21.69
169630 -59.7006 -15.12 -21.69
179144 -59.7006 -15.12 -21.69
175318 -59.7006 -15.12 -21.69
177919 -59.7006 -15.12 -21.69
174754 -59.7006 -15.12 -21.69
183401 -59.7006 -15.12 -21.69
177389 -59.7006 -15.12 -21.69
180429 -59.7006 -15.12 -21.69
177758 -59.7006 -15.12 -21.69
179943 -59.7006 -15.12 -21.69
181702 -59.7006 -15.12 -21.69
175960 -59.7006 -15.12 -21.69
179482 -59.7006 -15.12 -21.69
178372 -59.7006 -15.12 -21.69
175542 -59.7006 -15.12 -21.69
178243 -59.7006 -15.12 -21.69
166162 -59.7006 -15.12 -21.69
179417 -59.7006 -15.12 -21.69
178309 -59.7006 -15.12 -21.69
182553 -59.7006 -15.12 -21.69
178016 -59.7006 -15.12 -21.69
179740 -59.7006 -15.12 -21.69
177411 -59.7006 -15.12 -21.69
181949 -59.7006 -15.12 -21.69
186148 -59.7006 -15.12 -21.69
180030 -59.7006 -15.12 -21.69
173713 -59.7006 -15.12 -21.69
174879 -59.7006 -15.12 -21.69
182586 -59.7006 -15.12 -21.69
173165 -59.7006 -15.12 -21.69
179338 -59.7006 -15.12 -21.69
177317 -59.7006 -15.12 -21.69
178934 -59.7006 -15.12 -21.69
174673 -59.4763 -24.96 -6.25
173876 -59.4763 -24.96 -6.25
176287 -59.4763 -24.96 -6.25
167017 -59.4763 -24.96 -6.25
169022 -59.4763 -24.96 -6.25
171096 -59.4763 -24.96 -6.25
172222 -59.4763 -24.96 -6.25
169537 -59.4763 -24.96 -6.25
167915 -59.4763 -24.96 -6.25
168571 -59.4763 -24.96 -6.25
171976 -59.4763 -24.96 -6.25
176620 -59.4763 -24.96 -6.25
176409 -59.4763 -24.96 -6.25
169477 -59.4763 -24.96 -6.25
173660 -59.4763 -24.96 -6.25
178859 -59.4763 -24.96 -6.25
176407 -59.4763 -24.96 -6.25
172071 -59.4763 -24.96 -6.25
173190 -59.4763 -24.96 -6.25
172063 -59.4763 -24.96 -6.25
171870 -59.4763 -24.96 -6.25
174992 -59.4763 -24.96 -6.25
172225 -59.4763 -24.96 -6.25
171231 -59.4763 -24.96 -6.25
169844 -59.4763 -24.96 -6.25
175703 -59.4763 -24.96 -6.25
168231 -59.4763 -24.96 -6.25
174519 -59.4763 -24.96 -6.25
175133 -59.4763 -24.96 -6.25
173747 -59.4763 -24.96 -6.25
168687 -59.4763 -24.96 -6.25
176217 -59.4763 -24.96 -6.25
176282 -59.4763 -24.96 -6.25
179473 -59.4763 -24.96 -6.25
177448 -59.4763 -24.96 -6.25
167820 -59.4763 -24.96 -6.25
173545 -59.4763 -24.96 -6.25
178147 -59.4763 -24.96 -6.25
173803 -59.4763 -24.96 -6.25
61783 -51.0571 -9.27 -0.32
60032 -51.0571 -9.27 -0.32
67140 -51.0571 -9.27 -0.32
67777 -51.0571 -9.27 -0.32
57533 -51.0571 -9.27 -0.32
55900 -51.0571 -9.27 -0.32
64730 -51.0571 -9.27 -0.32
64323 -51.0571 -9.27 -0.32
64645 -51.0571 -9.27 -0.32
69292 -51.0571 -9.27 -0.32
59907 -51.0571 -9.27 -0.32
69757 -51.0571 -9.27 -0.32
58549 -51.0571 -9.27 -0.32
65605 -51.0571 -9.27 -0.32
62092 -51.0571 -9.27 -0.32
62343 -51.0571 -9.27 -0.32
62875 -51.0571 -9.27 -0.32
64329 -51.0571 -9.27 -0.32
65738 -51.0571 -9.27 -0.32
60212 -51.0571 -9.27 -0.32
59073 -51.0571 -9.27 -0.32
65427 -51.0571 -9.27 -0.32
66662 -51.0571 -9.27 -0.32
61712 -51.0571 -9.27 -0.32
67740 -51.0571 -9.27 -0.32
66739 -51.0571 -9.27 -0.32
63021 -51.0571 -9.27 -0.32
60819 -51.0571 -9.27 -0.32
66703 -51.0571 -9.27 -0.32
61221 -51.0571 -9.27 -0.32
62092 -51.0571 -9.27 -0.32
69247 -51.0571 -9.27 -0.32
63473 -51.0571 -9.27 -0.32
66825 -51.0571 -9.27 -0.32
65598 -51.0571 -9.27 -0.32
72948 -51.0571 -9.27 -0.32
66188 -51.0571 -9.27 -0.32
63936 -51.0571 -9.27 -0.32
67400 -51.0571 -9.27 -0.32
150070 -58.4981 -20 -11.06
160983 -58.4981 -20 -11.06
156682 -58.4981 -20 -11.06
158992 -58.4981 -20 -11.06
150179 -58.4981 -20 -11.06
160791 -58.4981 -20 -11.06
153704 -58.4981 -20 -11.06
153906 -58.4981 -20 -11.06
160962 -58.4981 -20 -11.06
157965 -58.4981 -20 -11.06
157670 -58.4981 -20 -11.06
154447 -58.4981 -20 -11.06
152112 -58.4981 -20 -11.06
154682 -58.4981 -20 -11.06
159519 -58.4981 -20 -11.06
157246 -58.4981 -20 -11.06
158871 -58.4981 -20 -11.06
156286 -58.4981 -20 -11.06
153014 -58.4981 -20 -11.06
154025 -58.4981 -20 -11.06
158499 -58.4981 -20 -11.06
156396 -58.4981 -20 -11.06
151632 -58.4981 -20 -11.06
154397 -58.4981 -20 -11.06
160678 -58.4981 -20 -11.06
155957 -58.4981 -20 -11.06
157787 -58.4981 -20 -11.06
159600 -58.4981 -20 -11.06
165916 -58.4981 -20 -11.06
159310 -58.4981 -20 -11.06
158649 -58.4981 -20 -11.06
158553 -58.4981 -20 -11.06
158359 -58.4981 -20 -11.06
163803 -58.4981 -20 -11.06
157975 -58.4981 -20 -11.06
160095 -58.4981 -20 -11.06
152885 -58.4981 -20 -11.06
158501 -58.4981 -20 -11.06
159264 -58.4981 -20 -11.06
