#rtt sig_str x y
134275 -57.5088 16.28 -12.08
130467 -57.5088 16.28 -12.08
130681 -57.5088 16.28 -12.08
131303 -57.5088 16.28 -12.08
134068 -57.5088 16.28 -12.08
134343 -57.5088 16.28 -12.08
137463 -57.5088 16.28 -12.08
132978 -57.5088 16.28 -12.08
128790 -57.5088 16.28 -12.08
143919 -57.5088 16.28 -12.08
134605 -57.5088 16.28 -12.08
127236 -57.5088 16.28 -12.08
136854 -57.5088 16.28 -12.08
130122 -57.5088 16.28 -12.08
138475 -57.5088 16.28 -12.08
129704 -57.5088 16.28 -12.08
137445 -57.5088 16.28 -12.08
135032 -57.5088 16.28 -12.08
126052 -57.5088 16.28 -12.08
137671 -57.5088 16.28 -12.08
132099 -57.5088 16.28 -12.08
132761 -57.5088 16.28 -12.08
133756 -57.5088 16.28 -12.08
132759 -57.5088 16.28 -12.08
131459 -57.5088 16.28 -12.08
135889 -57.5088 16.28 -12.08
133926 -57.5088 16.28 -12.08
142244 -57.5088 16.28 -12.08
130305 -57.5088 16.28 -12.08
133702 -57.5088 16.28 -12.08
138420 -57.5088 16.28 -12.08
128940 -57.5088 16.28 -12.08
135672 -57.5088 16.28 -12.08
138537 -57.5088 16.28 -12.08
129117 -57.5088 16.28 -12.08
129176 -57.5088 16.28 -12.08
130008 -57.5088 16.28 -12.08
135432 -57.5088 16.28 -12.08
128818 -57.5088 16.28 -12.08
193744 -60.3952 -28.76 -0.32
193525 -60.3952 -28.76 -0.32
191993 -60.3952 -28.76 -0.32
184567 -60.3952 -28.76 -0.32
188066 -60.3952 -28.76 -0.32
199150 -60.3952 -28.76 -0.32
199573 -60.3952 -28.76 -0.32
189827 -60.3952 -28.76 -0.32
186806 -60.3952 -28.76 -0.32
193234 -60.3952 -28.76 -0.32
190991 -60.3952 -28.76 -0.32
193245 -60.3952 -28.76 -0.32
188041 -60.3952 -28.76 -0.32
188459 -60.3952 -28.76 -0.32
182272 -60.3952 -28.76 -0.32
185230 -60.3952 -28.76 -0.32
196970 -60.3952 -28.76 -0.32
190965 -60.3952 -28.76 -0.32
188778 -60.3952 -28.76 -0.32
195806 -60.3952 -28.76 -0.32
193627 -60.3952 -28.76 -0.32
187060 -60.3952 -28.76 -0.32
195957 -60.3952 -28.76 -0.32
192224 -60.3952 -28.76 -0.32
189070 -60.3952 -28.76 -0.32
196909 -60.3952 -28.76 -0.32
191180 -60.3952 -28.76 -0.32
183065 -60.3952 -28.76 -0.32
190220 -60.3952 -28.76 -0.32
191541 -60.3952 -28.76 -0.32
189837 -60.3952 -28.76 -0.32
190525 -60.3952 -28.76 -0.32
188324 -60.3952 -28.76 -0.32
191694 -60.3952 -28.76 -0.32
189605 -60.3952 -28.76 -0.32
185912 -60.3952 -28.76 -0.32
190987 -60.3952 -28.76 -0.32
194353 -60.3952 -28.76 -0.32
190172 -60.3952 -28.76 -0.32
60038 -50.5463 8.02 -3.42
55592 -50.5463 8.02 -3.42
57340 -50.5463 8.02 -3.42
54352 -50.5463 8.02 -3.42
56006 -50.5463 8.02 -3.42
51985 -50.5463 8.02 -3.42
49433 -50.5463 8.02 -3.42
51837 -50.5463 8.02 -3.42
44627 -50.5463 8.02 -3.42
58982 -50.5463 8.02 -3.42
50895 -50.5463 8.02 -3.42
52444 -50.5463 8.02 -3.42
52391 -50.5463 8.02 -3.42
57727 -50.5463 8.02 -3.42
53190 -50.5463 8.02 -3.42
65326 -50.5463 8.02 -3.42
58427 -50.5463 8.02 -3.42
56226 -50.5463 8.02 -3.42
62339 -50.5463 8.02 -3.42
59945 -50.5463 8.02 -3.42
59599 -50.5463 8.02 -3.42
59410 -50.5463 8.02 -3.42
58560 -50.5463 8.02 -3.42
55579 -50.5463 8.02 -3.42
58363 -50.5463 8.02 -3.42
59094 -50.5463 8.02 -3.42
55464 -50.5463 8.02 -3.42
54214 -50.5463 8.02 -3.42
55215 -50.5463 8.02 -3.42
52093 -50.5463 8.02 -3.42
54647 -50.5463 8.02 -3.42
50205 -50.5463 8.02 -3.42
55446 -50.5463 8.02 -3.42
52291 -50.5463 8.02 -3.42
60896 -50.5463 8.02 -3.42
54974 -50.5463 8.02 -3.42
60479 -50.5463 8.02 -3.42
52043 -50.5463 8.02 -3.42
56175 -50.5463 8.02 -3.42
170851 -59.2035 14.93 19.92
159914 -59.2035 14.93 19.92
161972 -59.2035 14.93 19.92
154590 -59.2035 14.93 19.92
163473 -59.2035 14.93 19.92
157571 -59.2035 14.93 19.92
153799 -59.2035 14.93 19.92
170372 -59.2035 14.93 19.92
167644 -59.2035 14.93 19.92
163496 -59.2035 14.93 19.92
167492 -59.2035 14.93 19.92
163303 -59.2035 14.93 19.92
169112 -59.2035 14.93 19.92
163970 -59.2035 14.93 19.92
153244 -59.2035 14.93 19.92
161548 -59.2035 14.93 19.92
163281 -59.2035 14.93 19.92
163618 -59.2035 14.93 19.92
167673 -59.2035 14.93 19.92
161566 -59.2035 14.93 19.92
159984 -59.2035 14.93 19.92
160629 -59.2035 14.93 19.92
167341 -59.2035 14.93 19.92
167423 -59.2035 14.93 19.92
162193 -59.2035 14.93 19.92
164452 -59.2035 14.93 19.92
160290 -59.2035 14.93 19.92
160364 -59.2035 14.93 19.92
170231 -59.2035 14.93 19.92
160744 -59.2035 14.93 19.92
163691 -59.2035 14.93 19.92
156392 -59.2035 14.93 19.92
152402 -59.2035 14.93 19.92
159124 -59.2035 14.93 19.92
155902 -59.2035 14.93 19.92
155913 -59.2035 14.93 19.92
171001 -59.2035 14.93 19.92
158216 -59.2035 14.93 19.92
169758 -59.2035 14.93 19.92
30468 -45.9595 -0.09 5
27263 -45.9595 -0.09 5
30727 -45.9595 -0.09 5
29279 -45.9595 -0.09 5
22283 -45.9595 -0.09 5
30307 -45.9595 -0.09 5
33120 -45.9595 -0.09 5
27529 -45.9595 -0.09 5
26701 -45.9595 -0.09 5
30510 -45.9595 -0.09 5
27378 -45.9595 -0.09 5
31091 -45.9595 -0.09 5
34001 -45.9595 -0.09 5
24817 -45.9595 -0.09 5
29140 -45.9595 -0.09 5
29710 -45.9595 -0.09 5
29475 -45.9595 -0.09 5
28898 -45.9595 -0.09 5
32231 -45.9595 -0.09 5
29511 -45.9595 -0.09 5
31946 -45.9595 -0.09 5
29738 -45.9595 -0.09 5
27749 -45.9595 -0.09 5
28706 -45.9595 -0.09 5
32949 -45.9595 -0.09 5
22840 -45.9595 -0.09 5
37519 -45.9595 -0.09 5
31817 -45.9595 -0.09 5
22816 -45.9595 -0.09 5
27877 -45.9595 -0.09 5
26764 -45.9595 -0.09 5
32480 -45.9595 -0.09 5
22314 -45.9595 -0.09 5
31878 -45.9595 -0.09 5
25573 -45.9595 -0.09 5
25581 -45.9595 -0.09 5
24959 -45.9595 -0.09 5
23211 -45.9595 -0.09 5
30454 -45.9595 -0.09 5
237073 -61.5115 -16.51 -28.49
231199 -61.5115 -16.51 -28.49
240311 -61.5115 -16.51 -28.49
240304 -61.5115 -16.51 -28.49
235327 -61.5115 -16.51 -28.49
226006 -61.5115 -16.51 -28.49
232341 -61.5115 -16.51 -28.49
232383 -61.5115 -16.51 -28.49
238180 -61.5115 -16.51 -28.49
242770 -61.5115 -16.51 -28.49
238427 -61.5115 -16.51 -28.49
239277 -61.5115 -16.51 -28.49
242623 -61.5115 -16.51 -28.49
240356 -61.5115 -16.51 -28.49
230255 -61.5115 -16.51 -28.49
232001 -61.5115 -16.51 -28.49
240926 -61.5115 -16.51 -28.49
237292 -61.5115 -16.51 -28.49
240778 -61.5115 -16.51 -28.49
243261 -61.5115 -16.51 -28.49
238477 -61.5115 -16.51 -28.49
238628 -61.5115 -16.51 -28.49
233675 -61.5115 -16.51 -28.49
243501 -61.5115 -16.51 -28.49
238240 -61.5115 -16.51 -28.49
235989 -61.5115 -16.51 -28.49
236590 -61.5115 -16.51 -28.49
240751 -61.5115 -16.51 -28.49
230450 -61.5115 -16.51 -28.49
243040 -61.5115 -16.51 -28.49
239647 -61.5115 -16.51 -28.49
237458 -61.5115 -16.51 -28.49
234370 -61.5115 -16.51 -28.49
234486 -61.5115 -16.51 -28.49
233594 -61.5115 -16.51 -28.49
241224 -61.5115 -16.51 -28.49
240436 -61.5115 -16.51 -28.49
237539 -61.5115 -16.51 -28.49
241475 -61.5115 -16.51 -28.49
138179 -58.1994 -18.12 12.55
147698 -58.1994 -18.12 12.55
144822 -58.1994 -18.12 12.55
149685 -58.1994 -18.12 12.55
145519 -58.1994 -18.12 12.55
141098 -58.1994 -18.12 12.55
144584 -58.1994 -18.12 12.55
145701 -58.1994 -18.12 12.55
147120 -58.1994 -18.12 12.55
144864 -58.1994 -18.12 12.55
149071 -58.1994 -18.12 12.55
143496 -58.1994 -18.12 12.55
141215 -58.1994 -18.12 12.55
141532 -58.1994 -18.12 12.55
142253 -58.1994 -18.12 12.55
146823 -58.1994 -18.12 12.55
149871 -58.1994 -18.12 12.55
141375 -58.1994 -18.12 12.55
150560 -58.1994 -18.12 12.55
141850 -58.1994 -18.12 12.55
138729 -58.1994 -18.12 12.55
146878 -58.1994 -18.12 12.55
143333 -58.1994 -18.12 12.55
149656 -58.1994 -18.12 12.55
140822 -58.1994 -18.12 12.55
148148 -58.1994 -18.12 12.55
151557 -58.1994 -18.12 12.55
137712 -58.1994 -18.12 12.55
141405 -58.1994 -18.12 12.55
146294 -58.1994 -18.12 12.55
141059 -58.1994 -18.12 12.55
145089 -58.1994 -18.12 12.55
142530 -58.1994 -18.12 12.55
153329 -58.1994 -18.12 12.55
141734 -58.1994 -18.12 12.55
146886 -58.1994 -18.12 12.55
145589 -58.1994 -18.12 12.55
137943 -58.1994 -18.12 12.55
141488 -58.1994 -18.12 12.55
144629 -57.8117 15.63 -14.07
141672 -57.8117 15.63 -14.07
142835 -57.8117 15.63 -14.07
143565 -57.8117 15.63 -14.07
142776 -57.8117 15.63 -14.07
138418 -57.8117 15.63 -14.07
141599 -57.8117 15.63 -14.07
139626 -57.8117 15.63 -14.07
145703 -57.8117 15.63 -14.07
143661 -57.8117 15.63 -14.07
145424 -57.8117 15.63 -14.07
137808 -57.8117 15.63 -14.07
144076 -57.8117 15.63 -14.07
143233 -57.8117 15.63 -14.07
134587 -57.8117 15.63 -14.07
148814 -57.8117 15.63 -14.07
141139 -57.8117 15.63 -14.07
145449 -57.8117 15.63 -14.07
142001 -57.8117 15.63 -14.07
147517 -57.8117 15.63 -14.07
139268 -57.8117 15.63 -14.07
147996 -57.8117 15.63 -14.07
141058 -57.8117 15.63 -14.07
137824 -57.8117 15.63 -14.07
136663 -57.8117 15.63 -14.07
147011 -57.8117 15.63 -14.07
144308 -57.8117 15.63 -14.07
142372 -57.8117 15.63 -14.07
138306 -57.8117 15.63 -14.07
134215 -57.8117 15.63 -14.07
142773 -57.8117 15.63 -14.07
149653 -57.8117 15.63 -14.07
138533 -57.8117 15.63 -14.07
143477 -57.8117 15.63 -14.07
143002 -57.8117 15.63 -14.07
140822 -57.8117 15.63 -14.07
142032 -57.8117 15.63 -14.07
144788 -57.8117 15.63 -14.07
134573 -57.8117 15.63 -14.07
170242 -59.041 -19.86 -14.19
166339 -59.041 -19.86 -14.19
166599 -59.041 -19.86 -14.19
163157 -59.041 -19.86 -14.19
169686 -59.041 -19.86 -14.19
168587 -59.041 -19.86 -14.19
172056 -59.041 -19.86 -14.19
170128 -59.041 -19.86 -14.19
169753 -59.041 -19.86 -14.19
171160 -59.041 -19.86 -14.19
169210 -59.041 -19.86 -14.19
162248 -59.041 -19.86 -14.19
172145 -59.041 -19.86 -14.19
169587 -59.041 -19.86 -14.19
169539 -59.041 -19.86 -14.19
177319 -59.041 -19.86 -14.19
160210 -59.041 -19.86 -14.19
166192 -59.041 -19.86 -14.19
166167 -59.041 -19.86 -14.19
162357 -59.041 -19.86 -14.19
168727 -59.041 -19.86 -14.19
170687 -59.041 -19.86 -14.19
170049 -59.041 -19.86 -14.19
164571 -59.041 -19.86 -14.19
170422 -59.041 -19.86 -14.19
167949 -59.041 -19.86 -14.19
174844 -59.041 -19.86 -14.19
165273 -59.041 -19.86 -14.19
162284 -59.041 -19.86 -14.19
171049 -59.041 -19.86 -14.19
166895 -59.041 -19.86 -14.19
159845 -59.041 -19.86 -14.19
171018 -59.041 -19.86 -14.19
170611 -59.041 -19.86 -14.19
172122 -59.041 -19.86 -14.19
162701 -59.041 -19.86 -14.19
166637 -59.041 -19.86 -14.19
168731 -59.041 -19.86 -14.19
166390 -59.041 -19.86 -14.19
217616 -61.38 -24.7 -20.98
216363 -61.38 -24.7 -20.98
217179 -61.38 -24.7 -20.98
212531 -61.38 -24.7 -20.98
220741 -61.38 -24.7 -20.98
210995 -61.38 -24.7 -20.98
216641 -61.38 -24.7 -20.98
202875 -61.38 -24.7 -20.98
215087 -61.38 -24.7 -20.98
214981 -61.38 -24.7 -20.98
216325 -61.38 -24.7 -20.98
212030 -61.38 -24.7 -20.98
216643 -61.38 -24.7 -20.98
210717 -61.38 -24.7 -20.98
216727 -61.38 -24.7 -20.98
225375 -61.38 -24.7 -20.98
214209 -61.38 -24.7 -20.98
216017 -61.38 -24.7 -20.98
208505 -61.38 -24.7 -20.98
213826 -61.38 -24.7 -20.98
210715 -61.38 -24.7 -20.98
210061 -61.38 -24.7 -20.98
214961 -61.38 -24.7 -20.98
214959 -61.38 -24.7 -20.98
212129 -61.38 -24.7 -20.98
222446 -61.38 -24.7 -20.98
211113 -61.38 -24.7 -20.98
216782 -61.38 -24.7 -20.98
212540 -61.38 -24.7 -20.98
209067 -61.38 -24.7 -20.98
208908 -61.38 -24.7 -20.98
214978 -61.38 -24.7 -20.98
215608 -61.38 -24.7 -20.98
208758 -61.38 -24.7 -20.98
207613 -61.38 -24.7 -20.98
220860 -61.38 -24.7 -20.98
210286 -61.38 -24.7 -20.98
209258 -61.38 -24.7 -20.98
214745 -61.38 -24.7 -20.98
