#rtt sig_str x y
63253 -52.1538 2.6 10.27
68815 -52.1538 2.6 10.27
73738 -52.1538 2.6 10.27
70763 -52.1538 2.6 10.27
71611 -52.1538 2.6 10.27
68509 -52.1538 2.6 10.27
63990 -52.1538 2.6 10.27
69022 -52.1538 2.6 10.27
66772 -52.1538 2.6 10.27
69547 -52.1538 2.6 10.27
72402 -52.1538 2.6 10.27
72279 -52.1538 2.6 10.27
71013 -52.1538 2.6 10.27
70100 -52.1538 2.6 10.27
65898 -52.1538 2.6 10.27
70414 -52.1538 2.6 10.27
72936 -52.1538 2.6 10.27
66318 -52.1538 2.6 10.27
59874 -52.1538 2.6 10.27
70972 -52.1538 2.6 10.27
60386 -52.1538 2.6 10.27
70405 -52.1538 2.6 10.27
64114 -52.1538 2.6 10.27
60949 -52.1538 2.6 10.27
72843 -52.1538 2.6 10.27
65370 -52.1538 2.6 10.27
67674 -52.1538 2.6 10.27
66642 -52.1538 2.6 10.27
62607 -52.1538 2.6 10.27
68031 -52.1538 2.6 10.27
70369 -52.1538 2.6 10.27
59207 -52.1538 2.6 10.27
70949 -52.1538 2.6 10.27
69545 -52.1538 2.6 10.27
74770 -52.1538 2.6 10.27
70785 -52.1538 2.6 10.27
65730 -52.1538 2.6 10.27
69427 -52.1538 2.6 10.27
69675 -52.1538 2.6 10.27
96185 -54.6347 -13.3 -5.28
89108 -54.6347 -13.3 -5.28
86955 -54.6347 -13.3 -5.28
91726 -54.6347 -13.3 -5.28
92801 -54.6347 -13.3 -5.28
91834 -54.6347 -13.3 -5.28
95483 -54.6347 -13.3 -5.28
91489 -54.6347 -13.3 -5.28
94753 -54.6347 -13.3 -5.28
93324 -54.6347 -13.3 -5.28
100908 -54.6347 -13.3 -5.28
98864 -54.6347 -13.3 -5.28
97168 -54.6347 -13.3 -5.28
91314 -54.6347 -13.3 -5.28
85863 -54.6347 -13.3 -5.28
98979 -54.6347 -13.3 -5.28
96881 -54.6347 -13.3 -5.28
90324 -54.6347 -13.3 -5.28
94669 -54.6347 -13.3 -5.28
92776 -54.6347 -13.3 -5.28
91454 -54.6347 -13.3 -5.28
102882 -54.6347 -13.3 -5.28
92706 -54.6347 -13.3 -5.28
94787 -54.6347 -13.3 -5.28
87308 -54.6347 -13.3 -5.28
95158 -54.6347 -13.3 -5.28
94529 -54.6347 -13.3 -5.28
93548 -54.6347 -13.3 -5.28
99466 -54.6347 -13.3 -5.28
94486 -54.6347 -13.3 -5.28
90089 -54.6347 -13.3 -5.28
93786 -54.6347 -13.3 -5.28
94177 -54.6347 -13.3 -5.28
102955 -54.6347 -13.3 -5.28
93555 -54.6347 -13.3 -5.28
98106 -54.6347 -13.3 -5.28
92733 -54.6347 -13.3 -5.28
96036 -54.6347 -13.3 -5.28
93386 -54.6347 -13.3 -5.28
32858 -45.6172 -4.53 1.58
30405 -45.6172 -4.53 1.58
30855 -45.6172 -4.53 1.58
34442 -45.6172 -4.53 1.58
30923 -45.6172 -4.53 1.58
37980 -45.6172 -4.53 1.58
31545 -45.6172 -4.53 1.58
30342 -45.6172 -4.53 1.58
30081 -45.6172 -4.53 1.58
35775 -45.6172 -4.53 1.58
34615 -45.6172 -4.53 1.58
33010 -45.6172 -4.53 1.58
34814 -45.6172 -4.53 1.58
32693 -45.6172 -4.53 1.58
38683 -45.6172 -4.53 1.58
32175 -45.6172 -4.53 1.58
34836 -45.6172 -4.53 1.58
37214 -45.6172 -4.53 1.58
32838 -45.6172 -4.53 1.58
34726 -45.6172 -4.53 1.58
36036 -45.6172 -4.53 1.58
31128 -45.6172 -4.53 1.58
39595 -45.6172 -4.53 1.58
27283 -45.6172 -4.53 1.58
30598 -45.6172 -4.53 1.58
36744 -45.6172 -4.53 1.58
31395 -45.6172 -4.53 1.58
31202 -45.6172 -4.53 1.58
38806 -45.6172 -4.53 1.58
33401 -45.6172 -4.53 1.58
32012 -45.6172 -4.53 1.58
35051 -45.6172 -4.53 1.58
41018 -45.6172 -4.53 1.58
30391 -45.6172 -4.53 1.58
30288 -45.6172 -4.53 1.58
37004 -45.6172 -4.53 1.58
34989 -45.6172 -4.53 1.58
34485 -45.6172 -4.53 1.58
33521 -45.6172 -4.53 1.58
196209 -60.6167 20.69 -21.09
201699 -60.6167 20.69 -21.09
199333 -60.6167 20.69 -21.09
198290 -60.6167 20.69 -21.09
201572 -60.6167 20.69 -21.09
194085 -60.6167 20.69 -21.09
203209 -60.6167 20.69 -21.09
197617 -60.6167 20.69 -21.09
196367 -60.6167 20.69 -21.09
204913 -60.6167 20.69 -21.09
201620 -60.6167 20.69 -21.09
196953 -60.6167 20.69 -21.09
200621 -60.6167 20.69 -21.09
199161 -60.6167 20.69 -21.09
210730 -60.6167 20.69 -21.09
196835 -60.6167 20.69 -21.09
200766 -60.6167 20.69 -21.09
192767 -60.6167 20.69 -21.09
198338 -60.6167 20.69 -21.09
198947 -60.6167 20.69 -21.09
200902 -60.6167 20.69 -21.09
198675 -60.6167 20.69 -21.09
200053 -60.6167 20.69 -21.09
195600 -60.6167 20.69 -21.09
192908 -60.6167 20.69 -21.09
204786 -60.6167 20.69 -21.09
200094 -60.6167 20.69 -21.09
202691 -60.6167 20.69 -21.09
199663 -60.6167 20.69 -21.09
198019 -60.6167 20.69 -21.09
199581 -60.6167 20.69 -21.09
206774 -60.6167 20.69 -21.09
197074 -60.6167 20.69 -21.09
194033 -60.6167 20.69 -21.09
193330 -60.6167 20.69 -21.09
203575 -60.6167 20.69 -21.09
199721 -60.6167 20.69 -21.09
199871 -60.6167 20.69 -21.09
195686 -60.6167 20.69 -21.09
234776 -62.2843 -29.72 -20.6
246810 -62.2843 -29.72 -20.6
239176 -62.2843 -29.72 -20.6
241529 -62.2843 -29.72 -20.6
237361 -62.2843 -29.72 -20.6
238070 -62.2843 -29.72 -20.6
227730 -62.2843 -29.72 -20.6
234364 -62.2843 -29.72 -20.6
237765 -62.2843 -29.72 -20.6
229226 -62.2843 -29.72 -20.6
236963 -62.2843 -29.72 -20.6
238729 -62.2843 -29.72 -20.6
233219 -62.2843 -29.72 -20.6
236326 -62.2843 -29.72 -20.6
228545 -62.2843 -29.72 -20.6
241468 -62.2843 -29.72 -20.6
237794 -62.2843 -29.72 -20.6
235071 -62.2843 -29.72 -20.6
241396 -62.2843 -29.72 -20.6
240974 -62.2843 -29.72 -20.6
240774 -62.2843 -29.72 -20.6
238221 -62.2843 -29.72 -20.6
240975 -62.2843 -29.72 -20.6
239274 -62.2843 -29.72 -20.6
245364 -62.2843 -29.72 -20.6
240275 -62.2843 -29.72 -20.6
238022 -62.2843 -29.72 -20.6
235865 -62.2843 -29.72 -20.6
244049 -62.2843 -29.72 -20.6
238246 -62.2843 -29.72 -20.6
234932 -62.2843 -29.72 -20.6
246691 -62.2843 -29.72 -20.6
245534 -62.2843 -29.72 -20.6
242029 -62.2843 -29.72 -20.6
237021 -62.2843 -29.72 -20.6
238730 -62.2843 -29.72 -20.6
240687 -62.2843 -29.72 -20.6
237755 -62.2843 -29.72 -20.6
243310 -62.2843 -29.72 -20.6
198947 -60.6028 -22.71 -18.82
199187 -60.6028 -22.71 -18.82
206240 -60.6028 -22.71 -18.82
197571 -60.6028 -22.71 -18.82
203510 -60.6028 -22.71 -18.82
196147 -60.6028 -22.71 -18.82
198866 -60.6028 -22.71 -18.82
200003 -60.6028 -22.71 -18.82
197215 -60.6028 -22.71 -18.82
195096 -60.6028 -22.71 -18.82
190992 -60.6028 -22.71 -18.82
198386 -60.6028 -22.71 -18.82
195128 -60.6028 -22.71 -18.82
199852 -60.6028 -22.71 -18.82
200798 -60.6028 -22.71 -18.82
199324 -60.6028 -22.71 -18.82
205052 -60.6028 -22.71 -18.82
192656 -60.6028 -22.71 -18.82
199803 -60.6028 -22.71 -18.82
191764 -60.6028 -22.71 -18.82
199588 -60.6028 -22.71 -18.82
200878 -60.6028 -22.71 -18.82
200194 -60.6028 -22.71 -18.82
201153 -60.6028 -22.71 -18.82
201038 -60.6028 -22.71 -18.82
196587 -60.6028 -22.71 -18.82
202446 -60.6028 -22.71 -18.82
202552 -60.6028 -22.71 -18.82
202651 -60.6028 -22.71 -18.82
206388 -60.6028 -22.71 -18.82
203433 -60.6028 -22.71 -18.82
197322 -60.6028 -22.71 -18.82
205228 -60.6028 -22.71 -18.82
198826 -60.6028 -22.71 -18.82
198323 -60.6028 -22.71 -18.82
193521 -60.6028 -22.71 -18.82
202095 -60.6028 -22.71 -18.82
200142 -60.6028 -22.71 -18.82
206672 -60.6028 -22.71 -18.82
134489 -57.4772 10.25 -17.4
131934 -57.4772 10.25 -17.4
130543 -57.4772 10.25 -17.4
136832 -57.4772 10.25 -17.4
131738 -57.4772 10.25 -17.4
137647 -57.4772 10.25 -17.4
126947 -57.4772 10.25 -17.4
133770 -57.4772 10.25 -17.4
131581 -57.4772 10.25 -17.4
133761 -57.4772 10.25 -17.4
136795 -57.4772 10.25 -17.4
127729 -57.4772 10.25 -17.4
130058 -57.4772 10.25 -17.4
130786 -57.4772 10.25 -17.4
134796 -57.4772 10.25 -17.4
136854 -57.4772 10.25 -17.4
133999 -57.4772 10.25 -17.4
134841 -57.4772 10.25 -17.4
141535 -57.4772 10.25 -17.4
131143 -57.4772 10.25 -17.4
130322 -57.4772 10.25 -17.4
135623 -57.4772 10.25 -17.4
127441 -57.4772 10.25 -17.4
142064 -57.4772 10.25 -17.4
135067 -57.4772 10.25 -17.4
132896 -57.4772 10.25 -17.4
130394 -57.4772 10.25 -17.4
128268 -57.4772 10.25 -17.4
141413 -57.4772 10.25 -17.4
137378 -57.4772 10.25 -17.4
130764 -57.4772 10.25 -17.4
132177 -57.4772 10.25 -17.4
125718 -57.4772 10.25 -17.4
121965 -57.4772 10.25 -17.4
138304 -57.4772 10.25 -17.4
131556 -57.4772 10.25 -17.4
140634 -57.4772 10.25 -17.4
131605 -57.4772 10.25 -17.4
134843 -57.4772 10.25 -17.4
122949 -57.2956 19.55 -2.84
129398 -57.2956 19.55 -2.84
121828 -57.2956 19.55 -2.84
131001 -57.2956 19.55 -2.84
124542 -57.2956 19.55 -2.84
126160 -57.2956 19.55 -2.84
132295 -57.2956 19.55 -2.84
129371 -57.2956 19.55 -2.84
124107 -57.2956 19.55 -2.84
124504 -57.2956 19.55 -2.84
122443 -57.2956 19.55 -2.84
129729 -57.2956 19.55 -2.84
132244 -57.2956 19.55 -2.84
127607 -57.2956 19.55 -2.84
135399 -57.2956 19.55 -2.84
126609 -57.2956 19.55 -2.84
126481 -57.2956 19.55 -2.84
129999 -57.2956 19.55 -2.84
126684 -57.2956 19.55 -2.84
126133 -57.2956 19.55 -2.84
133914 -57.2956 19.55 -2.84
132941 -57.2956 19.55 -2.84
129513 -57.2956 19.55 -2.84
126239 -57.2956 19.55 -2.84
132202 -57.2956 19.55 -2.84
130240 -57.2956 19.55 -2.84
137089 -57.2956 19.55 -2.84
126759 -57.2956 19.55 -2.84
131316 -57.2956 19.55 -2.84
120266 -57.2956 19.55 -2.84
130688 -57.2956 19.55 -2.84
123148 -57.2956 19.55 -2.84
128882 -57.2956 19.55 -2.84
126821 -57.2956 19.55 -2.84
129339 -57.2956 19.55 -2.84
131868 -57.2956 19.55 -2.84
126917 -57.2956 19.55 -2.84
130273 -57.2956 19.55 -2.84
127230 -57.2956 19.55 -2.84
198650 -61.0457 -21.8 22.21
201226 -61.0457 -21.8 22.21
196247 -61.0457 -21.8 22.21
196105 -61.0457 -21.8 22.21
197867 -61.0457 -21.8 22.21
200950 -61.0457 -21.8 22.21
207539 -61.0457 -21.8 22.21
198266 -61.0457 -21.8 22.21
204013 -61.0457 -21.8 22.21
197029 -61.0457 -21.8 22.21
201510 -61.0457 -21.8 22.21
197894 -61.0457 -21.8 22.21
210911 -61.0457 -21.8 22.21
197797 -61.0457 -21.8 22.21
203334 -61.0457 -21.8 22.21
200647 -61.0457 -21.8 22.21
209188 -61.0457 -21.8 22.21
202457 -61.0457 -21.8 22.21
205633 -61.0457 -21.8 22.21
204996 -61.0457 -21.8 22.21
206609 -61.0457 -21.8 22.21
196100 -61.0457 -21.8 22.21
197626 -61.0457 -21.8 22.21
209978 -61.0457 -21.8 22.21
201080 -61.0457 -21.8 22.21
195559 -61.0457 -21.8 22.21
201201 -61.0457 -21.8 22.21
204114 -61.0457 -21.8 22.21
199398 -61.0457 -21.8 22.21
204025 -61.0457 -21.8 22.21
199786 -61.0457 -21.8 22.21
198512 -61.0457 -21.8 22.21
204846 -61.0457 -21.8 22.21
202579 -61.0457 -21.8 22.21
195554 -61.0457 -21.8 22.21
204398 -61.0457 -21.8 22.21
201840 -61.0457 -21.8 22.21
201625 -61.0457 -21.8 22.21
199505 -61.0457 -21.8 22.21
173769 -59.7398 4.51 -26.18
183350 -59.7398 4.51 -26.18
177484 -59.7398 4.51 -26.18
187400 -59.7398 4.51 -26.18
180275 -59.7398 4.51 -26.18
176035 -59.7398 4.51 -26.18
174866 -59.7398 4.51 -26.18
180140 -59.7398 4.51 -26.18
179944 -59.7398 4.51 -26.18
179017 -59.7398 4.51 -26.18
176012 -59.7398 4.51 -26.18
176727 -59.7398 4.51 -26.18
177633 -59.7398 4.51 -26.18
172614 -59.7398 4.51 -26.18
176801 -59.7398 4.51 -26.18
183017 -59.7398 4.51 -26.18
176162 -59.7398 4.51 -26.18
181332 -59.7398 4.51 -26.18
177657 -59.7398 4.51 -26.18
176566 -59.7398 4.51 -26.18
181823 -59.7398 4.51 -26.18
190222 -59.7398 4.51 -26.18
177551 -59.7398 4.51 -26.18
178869 -59.7398 4.51 -26.18
172010 -59.7398 4.51 -26.18
182674 -59.7398 4.51 -26.18
183573 -59.7398 4.51 -26.18
179417 -59.7398 4.51 -26.18
180034 -59.7398 4.51 -26.18
184921 -59.7398 4.51 -26.18
180504 -59.7398 4.51 -26.18
180045 -59.7398 4.51 -26.18
174074 -59.7398 4.51 -26.18
171264 -59.7398 4.51 -26.18
175051 -59.7398 4.51 -26.18
172195 -59.7398 4.51 -26.18
180186 -59.7398 4.51 -26.18
176634 -59.7398 4.51 -26.18
189841 -59.7398 4.51 -26.18
