#rtt sig_str x y
212332 -61.3379 -19.19 -25.91
213178 -61.3379 -19.19 -25.91
215403 -61.3379 -19.19 -25.91
216569 -61.3379 -19.19 -25.91
206623 -61.3379 -19.19 -25.91
200885 -61.3379 -19.19 -25.91
204923 -61.3379 -19.19 -25.91
212541 -61.3379 -19.19 -25.91
210146 -61.3379 -19.19 -25.91
212337 -61.3379 -19.19 -25.91
212716 -61.3379 -19.19 -25.91
203365 -61.3379 -19.19 -25.91
208472 -61.3379 -19.19 -25.91
213505 -61.3379 -19.19 -25.91
219783 -61.3379 -19.19 -25.91
207105 -61.3379 -19.19 -25.91
216194 -61.3379 -19.19 -25.91
212764 -61.3379 -19.19 -25.91
210513 -61.3379 -19.19 -25.91
209270 -61.3379 -19.19 -25.91
212065 -61.3379 -19.19 -25.91
209447 -61.3379 -19.19 -25.91
208797 -61.3379 -19.19 -25.91
212537 -61.3379 -19.19 -25.91
207017 -61.3379 -19.19 -25.91
201350 -61.3379 -19.19 -25.91
210360 -61.3379 -19.19 -25.91
210829 -61.3379 -19.19 -25.91
204296 -61.3379 -19.19 -25.91
209546 -61.3379 -19.19 -25.91
201717 -61.3379 -19.19 -25.91
213885 -61.3379 -19.19 -25.91
214142 -61.3379 -19.19 -25.91
210992 -61.3379 -19.19 -25.91
213364 -61.3379 -19.19 -25.91
208041 -61.3379 -19.19 -25.91
204484 -61.3379 -19.19 -25.91
216453 -61.3379 -19.19 -25.91
204024 -61.3379 -19.19 -25.91
206700 -60.8754 -28.84 9.88
198615 -60.8754 -28.84 9.88
206206 -60.8754 -28.84 9.88
200529 -60.8754 -28.84 9.88
205887 -60.8754 -28.84 9.88
207877 -60.8754 -28.84 9.88
203136 -60.8754 -28.84 9.88
204958 -60.8754 -28.84 9.88
206153 -60.8754 -28.84 9.88
201903 -60.8754 -28.84 9.88
204421 -60.8754 -28.84 9.88
210492 -60.8754 -28.84 9.88
196003 -60.8754 -28.84 9.88
207793 -60.8754 -28.84 9.88
202712 -60.8754 -28.84 9.88
201924 -60.8754 -28.84 9.88
198378 -60.8754 -28.84 9.88
207709 -60.8754 -28.84 9.88
204524 -60.8754 -28.84 9.88
200843 -60.8754 -28.84 9.88
204823 -60.8754 -28.84 9.88
198103 -60.8754 -28.84 9.88
204787 -60.8754 -28.84 9.88
201345 -60.8754 -28.84 9.88
205710 -60.8754 -28.84 9.88
195490 -60.8754 -28.84 9.88
197979 -60.8754 -28.84 9.88
202777 -60.8754 -28.84 9.88
208454 -60.8754 -28.84 9.88
201231 -60.8754 -28.84 9.88
198540 -60.8754 -28.84 9.88
202954 -60.8754 -28.84 9.88
204361 -60.8754 -28.84 9.88
200920 -60.8754 -28.84 9.88
204659 -60.8754 -28.84 9.88
206110 -60.8754 -28.84 9.88
204718 -60.8754 -28.84 9.88
199110 -60.8754 -28.84 9.88
201632 -60.8754 -28.84 9.88
126245 -56.7506 -2.21 -18.36
126227 -56.7506 -2.21 -18.36
119464 -56.7506 -2.21 -18.36
119657 -56.7506 -2.21 -18.36
118450 -56.7506 -2.21 -18.36
123625 -56.7506 -2.21 -18.36
127784 -56.7506 -2.21 -18.36
121519 -56.7506 -2.21 -18.36
122735 -56.7506 -2.21 -18.36
123810 -56.7506 -2.21 -18.36
123998 -56.7506 -2.21 -18.36
127774 -56.7506 -2.21 -18.36
120183 -56.7506 -2.21 -18.36
127965 -56.7506 -2.21 -18.36
121640 -56.7506 -2.21 -18.36
123396 -56.7506 -2.21 -18.36
120425 -56.7506 -2.21 -18.36
123098 -56.7506 -2.21 -18.36
130232 -56.7506 -2.21 -18.36
122983 -56.7506 -2.21 -18.36
122292 -56.7506 -2.21 -18.36
119925 -56.7506 -2.21 -18.36
129943 -56.7506 -2.21 -18.36
121650 -56.7506 -2.21 -18.36
127698 -56.7506 -2.21 -18.36
127074 -56.7506 -2.21 -18.36
127865 -56.7506 -2.21 -18.36
118190 -56.7506 -2.21 -18.36
123913 -56.7506 -2.21 -18.36
124297 -56.7506 -2.21 -18.36
116967 -56.7506 -2.21 -18.36
123638 -56.7506 -2.21 -18.36
122558 -56.7506 -2.21 -18.36
119769 -56.7506 -2.21 -18.36
124543 -56.7506 -2.21 -18.36
118339 -56.7506 -2.21 -18.36
122176 -56.7506 -2.21 -18.36
122713 -56.7506 -2.21 -18.36
120268 -56.7506 -2.21 -18.36
185947 -60.4416 13.5 25.58
187406 -60.4416 13.5 25.58
184176 -60.4416 13.5 25.58
189624 -60.4416 13.5 25.58
191420 -60.4416 13.5 25.58
185104 -60.4416 13.5 25.58
189744 -60.4416 13.5 25.58
183227 -60.4416 13.5 25.58
186400 -60.4416 13.5 25.58
179810 -60.4416 13.5 25.58
189099 -60.4416 13.5 25.58
187308 -60.4416 13.5 25.58
185585 -60.4416 13.5 25.58
190939 -60.4416 13.5 25.58
188100 -60.4416 13.5 25.58
182892 -60.4416 13.5 25.58
190199 -60.4416 13.5 25.58
185628 -60.4416 13.5 25.58
179708 -60.4416 13.5 25.58
190163 -60.4416 13.5 25.58
185273 -60.4416 13.5 25.58
182330 -60.4416 13.5 25.58
177729 -60.4416 13.5 25.58
184095 -60.4416 13.5 25.58
186519 -60.4416 13.5 25.58
178019 -60.4416 13.5 25.58
188081 -60.4416 13.5 25.58
178793 -60.4416 13.5 25.58
189365 -60.4416 13.5 25.58
186736 -60.4416 13.5 25.58
183300 -60.4416 13.5 25.58
182658 -60.4416 13.5 25.58
183778 -60.4416 13.5 25.58
188679 -60.4416 13.5 25.58
187178 -60.4416 13.5 25.58
184863 -60.4416 13.5 25.58
183614 -60.4416 13.5 25.58
191544 -60.4416 13.5 25.58
193410 -60.4416 13.5 25.58
160929 -58.9598 -4.79 -23.69
157986 -58.9598 -4.79 -23.69
163787 -58.9598 -4.79 -23.69
165224 -58.9598 -4.79 -23.69
157672 -58.9598 -4.79 -23.69
162650 -58.9598 -4.79 -23.69
162766 -58.9598 -4.79 -23.69
155859 -58.9598 -4.79 -23.69
159509 -58.9598 -4.79 -23.69
159212 -58.9598 -4.79 -23.69
159056 -58.9598 -4.79 -23.69
151356 -58.9598 -4.79 -23.69
157574 -58.9598 -4.79 -23.69
164371 -58.9598 -4.79 -23.69
162646 -58.9598 -4.79 -23.69
151067 -58.9598 -4.79 -23.69
162990 -58.9598 -4.79 -23.69
163836 -58.9598 -4.79 -23.69
164282 -58.9598 -4.79 -23.69
158155 -58.9598 -4.79 -23.69
156396 -58.9598 -4.79 -23.69
154414 -58.9598 -4.79 -23.69
158293 -58.9598 -4.79 -23.69
157172 -58.9598 -4.79 -23.69
160749 -58.9598 -4.79 -23.69
164997 -58.9598 -4.79 -23.69
155723 -58.9598 -4.79 -23.69
161853 -58.9598 -4.79 -23.69
161543 -58.9598 -4.79 -23.69
158015 -58.9598 -4.79 -23.69
153192 -58.9598 -4.79 -23.69
155864 -58.9598 -4.79 -23.69
162796 -58.9598 -4.79 -23.69
163619 -58.9598 -4.79 -23.69
156456 -58.9598 -4.79 -23.69
157034 -58.9598 -4.79 -23.69
160841 -58.9598 -4.79 -23.69
157973 -58.9598 -4.79 -23.69
159172 -58.9598 -4.79 -23.69
109297 -55.8014 -0.87 -16.46
112319 -55.8014 -0.87 -16.46
105525 -55.8014 -0.87 -16.46
106847 -55.8014 -0.87 -16.46
110103 -55.8014 -0.87 -16.46
102527 -55.8014 -0.87 -16.46
105620 -55.8014 -0.87 -16.46
105105 -55.8014 -0.87 -16.46
111071 -55.8014 -0.87 -16.46
110702 -55.8014 -0.87 -16.46
103926 -55.8014 -0.87 -16.46
112794 -55.8014 -0.87 -16.46
109098 -55.8014 -0.87 -16.46
114066 -55.8014 -0.87 -16.46
111375 -55.8014 -0.87 -16.46
100124 -55.8014 -0.87 -16.46
112271 -55.8014 -0.87 -16.46
111667 -55.8014 -0.87 -16.46
110235 -55.8014 -0.87 -16.46
108060 -55.8014 -0.87 -16.46
104730 -55.8014 -0.87 -16.46
112249 -55.8014 -0.87 -16.46
109113 -55.8014 -0.87 -16.46
113341 -55.8014 -0.87 -16.46
114201 -55.8014 -0.87 -16.46
109651 -55.8014 -0.87 -16.46
110650 -55.8014 -0.87 -16.46
112175 -55.8014 -0.87 -16.46
105050 -55.8014 -0.87 -16.46
113135 -55.8014 -0.87 -16.46
106550 -55.8014 -0.87 -16.46
107820 -55.8014 -0.87 -16.46
107027 -55.8014 -0.87 -16.46
107258 -55.8014 -0.87 -16.46
102474 -55.8014 -0.87 -16.46
110085 -55.8014 -0.87 -16.46
111276 -55.8014 -0.87 -16.46
107058 -55.8014 -0.87 -16.46
109098 -55.8014 -0.87 -16.46
252427 -62.6258 -29.24 23.78
258782 -62.6258 -29.24 23.78
259081 -62.6258 -29.24 23.78
260050 -62.6258 -29.24 23.78
255885 -62.6258 -29.24 23.78
259014 -62.6258 -29.24 23.78
257521 -62.6258 -29.24 23.78
246567 -62.6258 -29.24 23.78
260686 -62.6258 -29.24 23.78
261059 -62.6258 -29.24 23.78
254619 -62.6258 -29.24 23.78
253316 -62.6258 -29.24 23.78
256093 -62.6258 -29.24 23.78
261211 -62.6258 -29.24 23.78
260229 -62.6258 -29.24 23.78
254151 -62.6258 -29.24 23.78
259379 -62.6258 -29.24 23.78
262020 -62.6258 -29.24 23.78
254544 -62.6258 -29.24 23.78
256446 -62.6258 -29.24 23.78
254582 -62.6258 -29.24 23.78
253515 -62.6258 -29.24 23.78
263461 -62.6258 -29.24 23.78
259436 -62.6258 -29.24 23.78
255740 -62.6258 -29.24 23.78
250755 -62.6258 -29.24 23.78
255556 -62.6258 -29.24 23.78
248242 -62.6258 -29.24 23.78
252810 -62.6258 -29.24 23.78
256667 -62.6258 -29.24 23.78
261430 -62.6258 -29.24 23.78
251162 -62.6258 -29.24 23.78
257221 -62.6258 -29.24 23.78
256716 -62.6258 -29.24 23.78
249424 -62.6258 -29.24 23.78
253876 -62.6258 -29.24 23.78
253350 -62.6258 -29.24 23.78
255108 -62.6258 -29.24 23.78
252455 -62.6258 -29.24 23.78
133378 -57.2241 -0.76 19.57
131228 -57.2241 -0.76 19.57
128426 -57.2241 -0.76 19.57
131016 -57.2241 -0.76 19.57
138822 -57.2241 -0.76 19.57
135152 -57.2241 -0.76 19.57
135948 -57.2241 -0.76 19.57
131452 -57.2241 -0.76 19.57
129154 -57.2241 -0.76 19.57
130037 -57.2241 -0.76 19.57
124477 -57.2241 -0.76 19.57
141796 -57.2241 -0.76 19.57
128794 -57.2241 -0.76 19.57
125748 -57.2241 -0.76 19.57
134319 -57.2241 -0.76 19.57
135264 -57.2241 -0.76 19.57
131675 -57.2241 -0.76 19.57
127223 -57.2241 -0.76 19.57
128354 -57.2241 -0.76 19.57
129958 -57.2241 -0.76 19.57
127304 -57.2241 -0.76 19.57
135022 -57.2241 -0.76 19.57
128311 -57.2241 -0.76 19.57
130697 -57.2241 -0.76 19.57
131336 -57.2241 -0.76 19.57
136447 -57.2241 -0.76 19.57
130924 -57.2241 -0.76 19.57
131104 -57.2241 -0.76 19.57
131198 -57.2241 -0.76 19.57
133169 -57.2241 -0.76 19.57
132860 -57.2241 -0.76 19.57
138770 -57.2241 -0.76 19.57
129680 -57.2241 -0.76 19.57
132918 -57.2241 -0.76 19.57
132484 -57.2241 -0.76 19.57
136313 -57.2241 -0.76 19.57
134469 -57.2241 -0.76 19.57
136309 -57.2241 -0.76 19.57
129299 -57.2241 -0.76 19.57
243291 -62.2605 26.51 -24.44
244987 -62.2605 26.51 -24.44
244719 -62.2605 26.51 -24.44
239717 -62.2605 26.51 -24.44
252883 -62.2605 26.51 -24.44
247860 -62.2605 26.51 -24.44
240819 -62.2605 26.51 -24.44
234986 -62.2605 26.51 -24.44
246209 -62.2605 26.51 -24.44
244217 -62.2605 26.51 -24.44
248344 -62.2605 26.51 -24.44
242637 -62.2605 26.51 -24.44
237426 -62.2605 26.51 -24.44
241892 -62.2605 26.51 -24.44
234950 -62.2605 26.51 -24.44
241062 -62.2605 26.51 -24.44
248475 -62.2605 26.51 -24.44
243649 -62.2605 26.51 -24.44
246630 -62.2605 26.51 -24.44
238816 -62.2605 26.51 -24.44
244126 -62.2605 26.51 -24.44
241829 -62.2605 26.51 -24.44
241593 -62.2605 26.51 -24.44
235272 -62.2605 26.51 -24.44
235086 -62.2605 26.51 -24.44
248350 -62.2605 26.51 -24.44
242754 -62.2605 26.51 -24.44
236416 -62.2605 26.51 -24.44
247847 -62.2605 26.51 -24.44
248340 -62.2605 26.51 -24.44
243010 -62.2605 26.51 -24.44
235082 -62.2605 26.51 -24.44
240229 -62.2605 26.51 -24.44
244435 -62.2605 26.51 -24.44
249108 -62.2605 26.51 -24.44
241026 -62.2605 26.51 -24.44
237225 -62.2605 26.51 -24.44
240375 -62.2605 26.51 -24.44
243074 -62.2605 26.51 -24.44
203969 -61.137 21.05 23.39
213027 -61.137 21.05 23.39
210373 -61.137 21.05 23.39
207267 -61.137 21.05 23.39
203802 -61.137 21.05 23.39
210020 -61.137 21.05 23.39
208786 -61.137 21.05 23.39
209576 -61.137 21.05 23.39
204490 -61.137 21.05 23.39
203912 -61.137 21.05 23.39
206863 -61.137 21.05 23.39
205408 -61.137 21.05 23.39
202038 -61.137 21.05 23.39
210134 -61.137 21.05 23.39
207973 -61.137 21.05 23.39
211692 -61.137 21.05 23.39
212176 -61.137 21.05 23.39
215303 -61.137 21.05 23.39
205579 -61.137 21.05 23.39
212852 -61.137 21.05 23.39
202943 -61.137 21.05 23.39
207466 -61.137 21.05 23.39
208527 -61.137 21.05 23.39
208320 -61.137 21.05 23.39
197562 -61.137 21.05 23.39
200623 -61.137 21.05 23.39
210172 -61.137 21.05 23.39
202589 -61.137 21.05 23.39
213441 -61.137 21.05 23.39
206380 -61.137 21.05 23.39
208884 -61.137 21.05 23.39
206124 -61.137 21.05 23.39
209141 -61.137 21.05 23.39
201823 -61.137 21.05 23.39
211230 -61.137 21.05 23.39
208483 -61.137 21.05 23.39
211800 -61.137 21.05 23.39
205872 -61.137 21.05 23.39
209640 -61.137 21.05 23.39
