#rtt sig_str x y
138490 -57.7998 -20.75 -3.23
134393 -57.7998 -20.75 -3.23
137885 -57.7998 -20.75 -3.23
136074 -57.7998 -20.75 -3.23
133437 -57.7998 -20.75 -3.23
137064 -57.7998 -20.75 -3.23
130752 -57.7998 -20.75 -3.23
139451 -57.7998 -20.75 -3.23
136419 -57.7998 -20.75 -3.23
134268 -57.7998 -20.75 -3.23
134438 -57.7998 -20.75 -3.23
136361 -57.7998 -20.75 -3.23
133359 -57.7998 -20.75 -3.23
133725 -57.7998 -20.75 -3.23
140651 -57.7998 -20.75 -3.23
130388 -57.7998 -20.75 -3.23
138756 -57.7998 -20.75 -3.23
135352 -57.7998 -20.75 -3.23
139096 -57.7998 -20.75 -3.23
142453 -57.7998 -20.75 -3.23
137980 -57.7998 -20.75 -3.23
138564 -57.7998 -20.75 -3.23
136558 -57.7998 -20.75 -3.23
133999 -57.7998 -20.75 -3.23
131850 -57.7998 -20.75 -3.23
142020 -57.7998 -20.75 -3.23
142823 -57.7998 -20.75 -3.23
138988 -57.7998 -20.75 -3.23
133579 -57.7998 -20.75 -3.23
140736 -57.7998 -20.75 -3.23
137755 -57.7998 -20.75 -3.23
131635 -57.7998 -20.75 -3.23
141274 -57.7998 -20.75 -3.23
132003 -57.7998 -20.75 -3.23
137955 -57.7998 -20.75 -3.23
134332 -57.7998 -20.75 -3.23
136012 -57.7998 -20.75 -3.23
137761 -57.7998 -20.75 -3.23
136777 -57.7998 -20.75 -3.23
187905 -59.7638 14.41 22.41
183605 -59.7638 14.41 22.41
194650 -59.7638 14.41 22.41
194003 -59.7638 14.41 22.41
185910 -59.7638 14.41 22.41
184172 -59.7638 14.41 22.41
183882 -59.7638 14.41 22.41
191029 -59.7638 14.41 22.41
180794 -59.7638 14.41 22.41
188256 -59.7638 14.41 22.41
189001 -59.7638 14.41 22.41
186654 -59.7638 14.41 22.41
189145 -59.7638 14.41 22.41
189955 -59.7638 14.41 22.41
187633 -59.7638 14.41 22.41
191179 -59.7638 14.41 22.41
189736 -59.7638 14.41 22.41
188883 -59.7638 14.41 22.41
190720 -59.7638 14.41 22.41
195674 -59.7638 14.41 22.41
189241 -59.7638 14.41 22.41
193513 -59.7638 14.41 22.41
187524 -59.7638 14.41 22.41
189770 -59.7638 14.41 22.41
186640 -59.7638 14.41 22.41
185760 -59.7638 14.41 22.41
191436 -59.7638 14.41 22.41
185891 -59.7638 14.41 22.41
188691 -59.7638 14.41 22.41
186607 -59.7638 14.41 22.41
188322 -59.7638 14.41 22.41
195687 -59.7638 14.41 22.41
180821 -59.7638 14.41 22.41
185566 -59.7638 14.41 22.41
186508 -59.7638 14.41 22.41
189321 -59.7638 14.41 22.41
187939 -59.7638 14.41 22.41
199283 -59.7638 14.41 22.41
187992 -59.7638 14.41 22.41
201572 -60.3472 -14.2 -24.82
196490 -60.3472 -14.2 -24.82
193017 -60.3472 -14.2 -24.82
193984 -60.3472 -14.2 -24.82
198055 -60.3472 -14.2 -24.82
199078 -60.3472 -14.2 -24.82
196465 -60.3472 -14.2 -24.82
195459 -60.3472 -14.2 -24.82
192326 -60.3472 -14.2 -24.82
191659 -60.3472 -14.2 -24.82
195393 -60.3472 -14.2 -24.82
190931 -60.3472 -14.2 -24.82
196065 -60.3472 -14.2 -24.82
198553 -60.3472 -14.2 -24.82
196855 -60.3472 -14.2 -24.82
198264 -60.3472 -14.2 -24.82
197676 -60.3472 -14.2 -24.82
196115 -60.3472 -14.2 -24.82
205001 -60.3472 -14.2 -24.82
196433 -60.3472 -14.2 -24.82
200914 -60.3472 -14.2 -24.82
193908 -60.3472 -14.2 -24.82
190207 -60.3472 -14.2 -24.82
202454 -60.3472 -14.2 -24.82
191550 -60.3472 -14.2 -24.82
196578 -60.3472 -14.2 -24.82
198211 -60.3472 -14.2 -24.82
196814 -60.3472 -14.2 -24.82
194428 -60.3472 -14.2 -24.82
192689 -60.3472 -14.2 -24.82
184930 -60.3472 -14.2 -24.82
199687 -60.3472 -14.2 -24.82
198863 -60.3472 -14.2 -24.82
197924 -60.3472 -14.2 -24.82
192159 -60.3472 -14.2 -24.82
200564 -60.3472 -14.2 -24.82
197300 -60.3472 -14.2 -24.82
192500 -60.3472 -14.2 -24.82
197950 -60.3472 -14.2 -24.82
88271 -54.1974 2.02 13.42
83540 -54.1974 2.02 13.42
82990 -54.1974 2.02 13.42
85399 -54.1974 2.02 13.42
78725 -54.1974 2.02 13.42
84597 -54.1974 2.02 13.42
88578 -54.1974 2.02 13.42
87580 -54.1974 2.02 13.42
81340 -54.1974 2.02 13.42
87293 -54.1974 2.02 13.42
88890 -54.1974 2.02 13.42
87352 -54.1974 2.02 13.42
84042 -54.1974 2.02 13.42
88121 -54.1974 2.02 13.42
89538 -54.1974 2.02 13.42
86838 -54.1974 2.02 13.42
89870 -54.1974 2.02 13.42
80269 -54.1974 2.02 13.42
92908 -54.1974 2.02 13.42
91780 -54.1974 2.02 13.42
80839 -54.1974 2.02 13.42
82522 -54.1974 2.02 13.42
85828 -54.1974 2.02 13.42
83594 -54.1974 2.02 13.42
87575 -54.1974 2.02 13.42
81642 -54.1974 2.02 13.42
86059 -54.1974 2.02 13.42
82526 -54.1974 2.02 13.42
82314 -54.1974 2.02 13.42
91051 -54.1974 2.02 13.42
84501 -54.1974 2.02 13.42
83436 -54.1974 2.02 13.42
84662 -54.1974 2.02 13.42
80005 -54.1974 2.02 13.42
82722 -54.1974 2.02 13.42
87653 -54.1974 2.02 13.42
85705 -54.1974 2.02 13.42
85826 -54.1974 2.02 13.42
82395 -54.1974 2.02 13.42
217809 -60.8739 -29.13 -8.97
213012 -60.8739 -29.13 -8.97
215155 -60.8739 -29.13 -8.97
213906 -60.8739 -29.13 -8.97
211925 -60.8739 -29.13 -8.97
209565 -60.8739 -29.13 -8.97
215624 -60.8739 -29.13 -8.97
207075 -60.8739 -29.13 -8.97
220003 -60.8739 -29.13 -8.97
215444 -60.8739 -29.13 -8.97
211506 -60.8739 -29.13 -8.97
216690 -60.8739 -29.13 -8.97
216138 -60.8739 -29.13 -8.97
211524 -60.8739 -29.13 -8.97
212627 -60.8739 -29.13 -8.97
212914 -60.8739 -29.13 -8.97
216773 -60.8739 -29.13 -8.97
208196 -60.8739 -29.13 -8.97
198027 -60.8739 -29.13 -8.97
215025 -60.8739 -29.13 -8.97
214192 -60.8739 -29.13 -8.97
212377 -60.8739 -29.13 -8.97
210051 -60.8739 -29.13 -8.97
205157 -60.8739 -29.13 -8.97
213011 -60.8739 -29.13 -8.97
216916 -60.8739 -29.13 -8.97
215432 -60.8739 -29.13 -8.97
211922 -60.8739 -29.13 -8.97
216530 -60.8739 -29.13 -8.97
217230 -60.8739 -29.13 -8.97
211405 -60.8739 -29.13 -8.97
207012 -60.8739 -29.13 -8.97
213465 -60.8739 -29.13 -8.97
210225 -60.8739 -29.13 -8.97
220617 -60.8739 -29.13 -8.97
208836 -60.8739 -29.13 -8.97
217749 -60.8739 -29.13 -8.97
210937 -60.8739 -29.13 -8.97
215939 -60.8739 -29.13 -8.97
263349 -62.6065 25.13 -27.97
269615 -62.6065 25.13 -27.97
270042 -62.6065 25.13 -27.97
270072 -62.6065 25.13 -27.97
270991 -62.6065 25.13 -27.97
274915 -62.6065 25.13 -27.97
271421 -62.6065 25.13 -27.97
263063 -62.6065 25.13 -27.97
273419 -62.6065 25.13 -27.97
271142 -62.6065 25.13 -27.97
260693 -62.6065 25.13 -27.97
268168 -62.6065 25.13 -27.97
273024 -62.6065 25.13 -27.97
268782 -62.6065 25.13 -27.97
269778 -62.6065 25.13 -27.97
268118 -62.6065 25.13 -27.97
268965 -62.6065 25.13 -27.97
271215 -62.6065 25.13 -27.97
268487 -62.6065 25.13 -27.97
270123 -62.6065 25.13 -27.97
262985 -62.6065 25.13 -27.97
266123 -62.6065 25.13 -27.97
267125 -62.6065 25.13 -27.97
266444 -62.6065 25.13 -27.97
270491 -62.6065 25.13 -27.97
261220 -62.6065 25.13 -27.97
261528 -62.6065 25.13 -27.97
268384 -62.6065 25.13 -27.97
267442 -62.6065 25.13 -27.97
267976 -62.6065 25.13 -27.97
276435 -62.6065 25.13 -27.97
267630 -62.6065 25.13 -27.97
263665 -62.6065 25.13 -27.97
270828 -62.6065 25.13 -27.97
274102 -62.6065 25.13 -27.97
270215 -62.6065 25.13 -27.97
263056 -62.6065 25.13 -27.97
263989 -62.6065 25.13 -27.97
265595 -62.6065 25.13 -27.97
175520 -59.8747 24.05 -12.28
175699 -59.8747 24.05 -12.28
179265 -59.8747 24.05 -12.28
172509 -59.8747 24.05 -12.28
184097 -59.8747 24.05 -12.28
171434 -59.8747 24.05 -12.28
175442 -59.8747 24.05 -12.28
179802 -59.8747 24.05 -12.28
175586 -59.8747 24.05 -12.28
173006 -59.8747 24.05 -12.28
175940 -59.8747 24.05 -12.28
179937 -59.8747 24.05 -12.28
173054 -59.8747 24.05 -12.28
174060 -59.8747 24.05 -12.28
180039 -59.8747 24.05 -12.28
177983 -59.8747 24.05 -12.28
168091 -59.8747 24.05 -12.28
172331 -59.8747 24.05 -12.28
183924 -59.8747 24.05 -12.28
173993 -59.8747 24.05 -12.28
179624 -59.8747 24.05 -12.28
171405 -59.8747 24.05 -12.28
178017 -59.8747 24.05 -12.28
173563 -59.8747 24.05 -12.28
171605 -59.8747 24.05 -12.28
174278 -59.8747 24.05 -12.28
169586 -59.8747 24.05 -12.28
168243 -59.8747 24.05 -12.28
178055 -59.8747 24.05 -12.28
174743 -59.8747 24.05 -12.28
173988 -59.8747 24.05 -12.28
176799 -59.8747 24.05 -12.28
174674 -59.8747 24.05 -12.28
177516 -59.8747 24.05 -12.28
175938 -59.8747 24.05 -12.28
178264 -59.8747 24.05 -12.28
173789 -59.8747 24.05 -12.28
176728 -59.8747 24.05 -12.28
174769 -59.8747 24.05 -12.28
265970 -62.5997 -28 -25.05
266157 -62.5997 -28 -25.05
264463 -62.5997 -28 -25.05
264242 -62.5997 -28 -25.05
265712 -62.5997 -28 -25.05
262840 -62.5997 -28 -25.05
269724 -62.5997 -28 -25.05
270038 -62.5997 -28 -25.05
267176 -62.5997 -28 -25.05
270848 -62.5997 -28 -25.05
270651 -62.5997 -28 -25.05
269362 -62.5997 -28 -25.05
267155 -62.5997 -28 -25.05
259124 -62.5997 -28 -25.05
265133 -62.5997 -28 -25.05
257738 -62.5997 -28 -25.05
262337 -62.5997 -28 -25.05
258758 -62.5997 -28 -25.05
264487 -62.5997 -28 -25.05
266476 -62.5997 -28 -25.05
261582 -62.5997 -28 -25.05
270605 -62.5997 -28 -25.05
266659 -62.5997 -28 -25.05
262145 -62.5997 -28 -25.05
266124 -62.5997 -28 -25.05
268682 -62.5997 -28 -25.05
267911 -62.5997 -28 -25.05
271627 -62.5997 -28 -25.05
262806 -62.5997 -28 -25.05
264476 -62.5997 -28 -25.05
267531 -62.5997 -28 -25.05
268140 -62.5997 -28 -25.05
265548 -62.5997 -28 -25.05
268174 -62.5997 -28 -25.05
258332 -62.5997 -28 -25.05
266691 -62.5997 -28 -25.05
264191 -62.5997 -28 -25.05
269578 -62.5997 -28 -25.05
262786 -62.5997 -28 -25.05
196291 -60.9036 27.42 13.56
190202 -60.9036 27.42 13.56
193495 -60.9036 27.42 13.56
196023 -60.9036 27.42 13.56
194868 -60.9036 27.42 13.56
189425 -60.9036 27.42 13.56
194754 -60.9036 27.42 13.56
189188 -60.9036 27.42 13.56
197145 -60.9036 27.42 13.56
193201 -60.9036 27.42 13.56
192231 -60.9036 27.42 13.56
191288 -60.9036 27.42 13.56
188828 -60.9036 27.42 13.56
190412 -60.9036 27.42 13.56
197152 -60.9036 27.42 13.56
186879 -60.9036 27.42 13.56
194104 -60.9036 27.42 13.56
193531 -60.9036 27.42 13.56
193077 -60.9036 27.42 13.56
188179 -60.9036 27.42 13.56
197062 -60.9036 27.42 13.56
191925 -60.9036 27.42 13.56
198279 -60.9036 27.42 13.56
200157 -60.9036 27.42 13.56
179620 -60.9036 27.42 13.56
180564 -60.9036 27.42 13.56
189329 -60.9036 27.42 13.56
196829 -60.9036 27.42 13.56
193287 -60.9036 27.42 13.56
190239 -60.9036 27.42 13.56
192014 -60.9036 27.42 13.56
193632 -60.9036 27.42 13.56
186479 -60.9036 27.42 13.56
195570 -60.9036 27.42 13.56
192738 -60.9036 27.42 13.56
195891 -60.9036 27.42 13.56
185939 -60.9036 27.42 13.56
193354 -60.9036 27.42 13.56
193038 -60.9036 27.42 13.56
154833 -58.575 -21.77 -7.63
154361 -58.575 -21.77 -7.63
153390 -58.575 -21.77 -7.63
156149 -58.575 -21.77 -7.63
157480 -58.575 -21.77 -7.63
154233 -58.575 -21.77 -7.63
154153 -58.575 -21.77 -7.63
164703 -58.575 -21.77 -7.63
149527 -58.575 -21.77 -7.63
161505 -58.575 -21.77 -7.63
151000 -58.575 -21.77 -7.63
150999 -58.575 -21.77 -7.63
150206 -58.575 -21.77 -7.63
152441 -58.575 -21.77 -7.63
156584 -58.575 -21.77 -7.63
158438 -58.575 -21.77 -7.63
155003 -58.575 -21.77 -7.63
161682 -58.575 -21.77 -7.63
154972 -58.575 -21.77 -7.63
149743 -58.575 -21.77 -7.63
155327 -58.575 -21.77 -7.63
162832 -58.575 -21.77 -7.63
162093 -58.575 -21.77 -7.63
160909 -58.575 -21.77 -7.63
153928 -58.575 -21.77 -7.63
158248 -58.575 -21.77 -7.63
152103 -58.575 -21.77 -7.63
155366 -58.575 -21.77 -7.63
160781 -58.575 -21.77 -7.63
147515 -58.575 -21.77 -7.63
156573 -58.575 -21.77 -7.63
156425 -58.575 -21.77 -7.63
152456 -58.575 -21.77 -7.63
150389 -58.575 -21.77 -7.63
155574 -58.575 -21.77 -7.63
152014 -58.575 -21.77 -7.63
156685 -58.575 -21.77 -7.63
154215 -58.575 -21.77 -7.63
159745 -58.575 -21.77 -7.63
