#rtt sig_str x y
123607 -56.4641 16.66 6.44
117428 -56.4641 16.66 6.44
115243 -56.4641 16.66 6.44
116444 -56.4641 16.66 6.44
114614 -56.4641 16.66 6.44
117106 -56.4641 16.66 6.44
116436 -56.4641 16.66 6.44
117202 -56.4641 16.66 6.44
119282 -56.4641 16.66 6.44
118771 -56.4641 16.66 6.44
113343 -56.4641 16.66 6.44
117849 -56.4641 16.66 6.44
123805 -56.4641 16.66 6.44
116976 -56.4641 16.66 6.44
118281 -56.4641 16.66 6.44
112533 -56.4641 16.66 6.44
122256 -56.4641 16.66 6.44
111526 -56.4641 16.66 6.44
122228 -56.4641 16.66 6.44
127783 -56.4641 16.66 6.44
122184 -56.4641 16.66 6.44
122791 -56.4641 16.66 6.44
117513 -56.4641 16.66 6.44
120069 -56.4641 16.66 6.44
115814 -56.4641 16.66 6.44
115908 -56.4641 16.66 6.44
120209 -56.4641 16.66 6.44
117758 -56.4641 16.66 6.44
118257 -56.4641 16.66 6.44
115130 -56.4641 16.66 6.44
119101 -56.4641 16.66 6.44
119338 -56.4641 16.66 6.44
113363 -56.4641 16.66 6.44
114511 -56.4641 16.66 6.44
124367 -56.4641 16.66 6.44
114028 -56.4641 16.66 6.44
113881 -56.4641 16.66 6.44
117540 -56.4641 16.66 6.44
122188 -56.4641 16.66 6.44
177384 -59.7839 -15.75 21.57
177757 -59.7839 -15.75 21.57
180061 -59.7839 -15.75 21.57
172684 -59.7839 -15.75 21.57
170650 -59.7839 -15.75 21.57
174880 -59.7839 -15.75 21.57
174974 -59.7839 -15.75 21.57
178002 -59.7839 -15.75 21.57
176042 -59.7839 -15.75 21.57
172226 -59.7839 -15.75 21.57
182784 -59.7839 -15.75 21.57
179292 -59.7839 -15.75 21.57
170403 -59.7839 -15.75 21.57
172425 -59.7839 -15.75 21.57
178151 -59.7839 -15.75 21.57
167400 -59.7839 -15.75 21.57
177808 -59.7839 -15.75 21.57
179366 -59.7839 -15.75 21.57
179796 -59.7839 -15.75 21.57
171580 -59.7839 -15.75 21.57
181351 -59.7839 -15.75 21.57
177897 -59.7839 -15.75 21.57
179362 -59.7839 -15.75 21.57
169739 -59.7839 -15.75 21.57
177855 -59.7839 -15.75 21.57
174195 -59.7839 -15.75 21.57
179335 -59.7839 -15.75 21.57
170932 -59.7839 -15.75 21.57
175634 -59.7839 -15.75 21.57
176842 -59.7839 -15.75 21.57
180762 -59.7839 -15.75 21.57
172939 -59.7839 -15.75 21.57
165274 -59.7839 -15.75 21.57
173143 -59.7839 -15.75 21.57
174517 -59.7839 -15.75 21.57
178678 -59.7839 -15.75 21.57
163453 -59.7839 -15.75 21.57
179348 -59.7839 -15.75 21.57
175019 -59.7839 -15.75 21.57
201893 -60.8991 19.46 23.58
202592 -60.8991 19.46 23.58
195628 -60.8991 19.46 23.58
194266 -60.8991 19.46 23.58
204081 -60.8991 19.46 23.58
196824 -60.8991 19.46 23.58
201958 -60.8991 19.46 23.58
198477 -60.8991 19.46 23.58
188882 -60.8991 19.46 23.58
197597 -60.8991 19.46 23.58
201244 -60.8991 19.46 23.58
187404 -60.8991 19.46 23.58
194960 -60.8991 19.46 23.58
192887 -60.8991 19.46 23.58
201504 -60.8991 19.46 23.58
197845 -60.8991 19.46 23.58
191999 -60.8991 19.46 23.58
197801 -60.8991 19.46 23.58
199243 -60.8991 19.46 23.58
200306 -60.8991 19.46 23.58
207697 -60.8991 19.46 23.58
200317 -60.8991 19.46 23.58
201584 -60.8991 19.46 23.58
201639 -60.8991 19.46 23.58
203844 -60.8991 19.46 23.58
197210 -60.8991 19.46 23.58
204923 -60.8991 19.46 23.58
203020 -60.8991 19.46 23.58
197399 -60.8991 19.46 23.58
199963 -60.8991 19.46 23.58
205399 -60.8991 19.46 23.58
195430 -60.8991 19.46 23.58
196141 -60.8991 19.46 23.58
201332 -60.8991 19.46 23.58
192903 -60.8991 19.46 23.58
184632 -60.8991 19.46 23.58
192874 -60.8991 19.46 23.58
197408 -60.8991 19.46 23.58
192937 -60.8991 19.46 23.58
218723 -61.7607 27.95 -19.25
220475 -61.7607 27.95 -19.25
217862 -61.7607 27.95 -19.25
222884 -61.7607 27.95 -19.25
215620 -61.7607 27.95 -19.25
218826 -61.7607 27.95 -19.25
216747 -61.7607 27.95 -19.25
209962 -61.7607 27.95 -19.25
210872 -61.7607 27.95 -19.25
213874 -61.7607 27.95 -19.25
223414 -61.7607 27.95 -19.25
218526 -61.7607 27.95 -19.25
217443 -61.7607 27.95 -19.25
215505 -61.7607 27.95 -19.25
211434 -61.7607 27.95 -19.25
212613 -61.7607 27.95 -19.25
223425 -61.7607 27.95 -19.25
227387 -61.7607 27.95 -19.25
225029 -61.7607 27.95 -19.25
218706 -61.7607 27.95 -19.25
212050 -61.7607 27.95 -19.25
220000 -61.7607 27.95 -19.25
223296 -61.7607 27.95 -19.25
223659 -61.7607 27.95 -19.25
214806 -61.7607 27.95 -19.25
221200 -61.7607 27.95 -19.25
214522 -61.7607 27.95 -19.25
210617 -61.7607 27.95 -19.25
213502 -61.7607 27.95 -19.25
220842 -61.7607 27.95 -19.25
212629 -61.7607 27.95 -19.25
224131 -61.7607 27.95 -19.25
216264 -61.7607 27.95 -19.25
222089 -61.7607 27.95 -19.25
222098 -61.7607 27.95 -19.25
210687 -61.7607 27.95 -19.25
216153 -61.7607 27.95 -19.25
212646 -61.7607 27.95 -19.25
216023 -61.7607 27.95 -19.25
223892 -61.3599 28.36 15.52
219448 -61.3599 28.36 15.52
223850 -61.3599 28.36 15.52
225810 -61.3599 28.36 15.52
211477 -61.3599 28.36 15.52
221054 -61.3599 28.36 15.52
212579 -61.3599 28.36 15.52
222217 -61.3599 28.36 15.52
224112 -61.3599 28.36 15.52
217454 -61.3599 28.36 15.52
223813 -61.3599 28.36 15.52
220223 -61.3599 28.36 15.52
218822 -61.3599 28.36 15.52
215841 -61.3599 28.36 15.52
221978 -61.3599 28.36 15.52
221846 -61.3599 28.36 15.52
221347 -61.3599 28.36 15.52
223134 -61.3599 28.36 15.52
217575 -61.3599 28.36 15.52
221360 -61.3599 28.36 15.52
215900 -61.3599 28.36 15.52
217505 -61.3599 28.36 15.52
213465 -61.3599 28.36 15.52
218491 -61.3599 28.36 15.52
221039 -61.3599 28.36 15.52
218400 -61.3599 28.36 15.52
224138 -61.3599 28.36 15.52
219571 -61.3599 28.36 15.52
223171 -61.3599 28.36 15.52
218926 -61.3599 28.36 15.52
221809 -61.3599 28.36 15.52
220856 -61.3599 28.36 15.52
223563 -61.3599 28.36 15.52
217696 -61.3599 28.36 15.52
224920 -61.3599 28.36 15.52
214517 -61.3599 28.36 15.52
222138 -61.3599 28.36 15.52
220654 -61.3599 28.36 15.52
223094 -61.3599 28.36 15.52
93911 -55.2168 -2.79 15.1
95984 -55.2168 -2.79 15.1
92066 -55.2168 -2.79 15.1
93093 -55.2168 -2.79 15.1
98732 -55.2168 -2.79 15.1
98336 -55.2168 -2.79 15.1
94472 -55.2168 -2.79 15.1
96512 -55.2168 -2.79 15.1
94547 -55.2168 -2.79 15.1
93167 -55.2168 -2.79 15.1
95871 -55.2168 -2.79 15.1
93245 -55.2168 -2.79 15.1
95911 -55.2168 -2.79 15.1
97533 -55.2168 -2.79 15.1
96944 -55.2168 -2.79 15.1
99062 -55.2168 -2.79 15.1
90566 -55.2168 -2.79 15.1
91167 -55.2168 -2.79 15.1
93210 -55.2168 -2.79 15.1
93258 -55.2168 -2.79 15.1
91035 -55.2168 -2.79 15.1
96189 -55.2168 -2.79 15.1
94202 -55.2168 -2.79 15.1
95051 -55.2168 -2.79 15.1
92738 -55.2168 -2.79 15.1
89578 -55.2168 -2.79 15.1
97806 -55.2168 -2.79 15.1
92508 -55.2168 -2.79 15.1
98461 -55.2168 -2.79 15.1
100236 -55.2168 -2.79 15.1
100937 -55.2168 -2.79 15.1
97114 -55.2168 -2.79 15.1
94287 -55.2168 -2.79 15.1
105647 -55.2168 -2.79 15.1
103948 -55.2168 -2.79 15.1
98535 -55.2168 -2.79 15.1
96425 -55.2168 -2.79 15.1
98826 -55.2168 -2.79 15.1
96689 -55.2168 -2.79 15.1
57540 -50.9704 6.54 6.44
58251 -50.9704 6.54 6.44
48985 -50.9704 6.54 6.44
53773 -50.9704 6.54 6.44
61674 -50.9704 6.54 6.44
55709 -50.9704 6.54 6.44
62341 -50.9704 6.54 6.44
58938 -50.9704 6.54 6.44
53627 -50.9704 6.54 6.44
58258 -50.9704 6.54 6.44
54911 -50.9704 6.54 6.44
55569 -50.9704 6.54 6.44
61054 -50.9704 6.54 6.44
56052 -50.9704 6.54 6.44
61730 -50.9704 6.54 6.44
56139 -50.9704 6.54 6.44
65395 -50.9704 6.54 6.44
58267 -50.9704 6.54 6.44
59188 -50.9704 6.54 6.44
57648 -50.9704 6.54 6.44
59207 -50.9704 6.54 6.44
52014 -50.9704 6.54 6.44
52817 -50.9704 6.54 6.44
62684 -50.9704 6.54 6.44
53936 -50.9704 6.54 6.44
59283 -50.9704 6.54 6.44
56832 -50.9704 6.54 6.44
51367 -50.9704 6.54 6.44
50005 -50.9704 6.54 6.44
57748 -50.9704 6.54 6.44
62862 -50.9704 6.54 6.44
56570 -50.9704 6.54 6.44
63866 -50.9704 6.54 6.44
63657 -50.9704 6.54 6.44
54592 -50.9704 6.54 6.44
54234 -50.9704 6.54 6.44
52571 -50.9704 6.54 6.44
52525 -50.9704 6.54 6.44
53553 -50.9704 6.54 6.44
162499 -58.9615 16.53 17.64
170538 -58.9615 16.53 17.64
161683 -58.9615 16.53 17.64
159372 -58.9615 16.53 17.64
160469 -58.9615 16.53 17.64
166481 -58.9615 16.53 17.64
162919 -58.9615 16.53 17.64
167478 -58.9615 16.53 17.64
162891 -58.9615 16.53 17.64
167932 -58.9615 16.53 17.64
160723 -58.9615 16.53 17.64
164833 -58.9615 16.53 17.64
157757 -58.9615 16.53 17.64
161600 -58.9615 16.53 17.64
163916 -58.9615 16.53 17.64
164188 -58.9615 16.53 17.64
160963 -58.9615 16.53 17.64
165451 -58.9615 16.53 17.64
158293 -58.9615 16.53 17.64
164211 -58.9615 16.53 17.64
159424 -58.9615 16.53 17.64
164744 -58.9615 16.53 17.64
168199 -58.9615 16.53 17.64
164306 -58.9615 16.53 17.64
164381 -58.9615 16.53 17.64
168160 -58.9615 16.53 17.64
163701 -58.9615 16.53 17.64
165695 -58.9615 16.53 17.64
165877 -58.9615 16.53 17.64
148239 -58.9615 16.53 17.64
172987 -58.9615 16.53 17.64
159087 -58.9615 16.53 17.64
161888 -58.9615 16.53 17.64
171873 -58.9615 16.53 17.64
160828 -58.9615 16.53 17.64
161680 -58.9615 16.53 17.64
167936 -58.9615 16.53 17.64
158405 -58.9615 16.53 17.64
159939 -58.9615 16.53 17.64
66299 -52.3398 8.5 -6.72
73555 -52.3398 8.5 -6.72
65614 -52.3398 8.5 -6.72
65069 -52.3398 8.5 -6.72
68835 -52.3398 8.5 -6.72
61793 -52.3398 8.5 -6.72
64269 -52.3398 8.5 -6.72
65511 -52.3398 8.5 -6.72
62732 -52.3398 8.5 -6.72
63684 -52.3398 8.5 -6.72
66218 -52.3398 8.5 -6.72
57972 -52.3398 8.5 -6.72
68935 -52.3398 8.5 -6.72
62559 -52.3398 8.5 -6.72
64198 -52.3398 8.5 -6.72
62792 -52.3398 8.5 -6.72
72238 -52.3398 8.5 -6.72
68079 -52.3398 8.5 -6.72
62043 -52.3398 8.5 -6.72
61093 -52.3398 8.5 -6.72
67863 -52.3398 8.5 -6.72
67260 -52.3398 8.5 -6.72
72626 -52.3398 8.5 -6.72
69329 -52.3398 8.5 -6.72
60298 -52.3398 8.5 -6.72
67580 -52.3398 8.5 -6.72
65570 -52.3398 8.5 -6.72
70318 -52.3398 8.5 -6.72
67238 -52.3398 8.5 -6.72
70791 -52.3398 8.5 -6.72
74286 -52.3398 8.5 -6.72
67983 -52.3398 8.5 -6.72
63231 -52.3398 8.5 -6.72
71998 -52.3398 8.5 -6.72
72955 -52.3398 8.5 -6.72
71406 -52.3398 8.5 -6.72
65584 -52.3398 8.5 -6.72
70943 -52.3398 8.5 -6.72
72402 -52.3398 8.5 -6.72
98737 -55.7634 13.32 -9.58
105129 -55.7634 13.32 -9.58
108470 -55.7634 13.32 -9.58
105044 -55.7634 13.32 -9.58
100532 -55.7634 13.32 -9.58
105561 -55.7634 13.32 -9.58
102123 -55.7634 13.32 -9.58
109768 -55.7634 13.32 -9.58
93372 -55.7634 13.32 -9.58
104788 -55.7634 13.32 -9.58
103522 -55.7634 13.32 -9.58
110738 -55.7634 13.32 -9.58
112142 -55.7634 13.32 -9.58
103282 -55.7634 13.32 -9.58
108035 -55.7634 13.32 -9.58
100783 -55.7634 13.32 -9.58
97652 -55.7634 13.32 -9.58
99182 -55.7634 13.32 -9.58
97441 -55.7634 13.32 -9.58
105850 -55.7634 13.32 -9.58
104917 -55.7634 13.32 -9.58
103237 -55.7634 13.32 -9.58
101960 -55.7634 13.32 -9.58
101627 -55.7634 13.32 -9.58
103359 -55.7634 13.32 -9.58
102766 -55.7634 13.32 -9.58
102560 -55.7634 13.32 -9.58
101496 -55.7634 13.32 -9.58
112680 -55.7634 13.32 -9.58
100854 -55.7634 13.32 -9.58
106269 -55.7634 13.32 -9.58
100672 -55.7634 13.32 -9.58
101088 -55.7634 13.32 -9.58
106838 -55.7634 13.32 -9.58
100548 -55.7634 13.32 -9.58
105347 -55.7634 13.32 -9.58
104316 -55.7634 13.32 -9.58
97035 -55.7634 13.32 -9.58
101832 -55.7634 13.32 -9.58
