#rtt sig_str x y
166566 -59.348 0.84 25.32
165214 -59.348 0.84 25.32
164488 -59.348 0.84 25.32
169619 -59.348 0.84 25.32
173359 -59.348 0.84 25.32
170943 -59.348 0.84 25.32
163093 -59.348 0.84 25.32
169623 -59.348 0.84 25.32
169135 -59.348 0.84 25.32
173405 -59.348 0.84 25.32
167124 -59.348 0.84 25.32
161757 -59.348 0.84 25.32
166943 -59.348 0.84 25.32
171110 -59.348 0.84 25.32
163463 -59.348 0.84 25.32
166765 -59.348 0.84 25.32
163977 -59.348 0.84 25.32
173642 -59.348 0.84 25.32
169713 -59.348 0.84 25.32
171475 -59.348 0.84 25.32
169631 -59.348 0.84 25.32
168332 -59.348 0.84 25.32
170751 -59.348 0.84 25.32
168518 -59.348 0.84 25.32
172332 -59.348 0.84 25.32
162983 -59.348 0.84 25.32
173972 -59.348 0.84 25.32
166266 -59.348 0.84 25.32
171124 -59.348 0.84 25.32
167957 -59.348 0.84 25.32
171411 -59.348 0.84 25.32
164467 -59.348 0.84 25.32
169005 -59.348 0.84 25.32
166671 -59.348 0.84 25.32
168868 -59.348 0.84 25.32
168787 -59.348 0.84 25.32
163835 -59.348 0.84 25.32
159935 -59.348 0.84 25.32
170235 -59.348 0.84 25.32
109267 -56.9607 16.39 9.55
122218 -56.9607 16.39 9.55
115885 -56.9607 16.39 9.55
120681 -56.9607 16.39 9.55
124942 -56.9607 16.39 9.55
116888 -56.9607 16.39 9.55
124421 -56.9607 16.39 9.55
116120 -56.9607 16.39 9.55
119135 -56.9607 16.39 9.55
117119 -56.9607 16.39 9.55
117313 -56.9607 16.39 9.55
118256 -56.9607 16.39 9.55
111908 -56.9607 16.39 9.55
120778 -56.9607 16.39 9.55
119795 -56.9607 16.39 9.55
120587 -56.9607 16.39 9.55
121215 -56.9607 16.39 9.55
123393 -56.9607 16.39 9.55
118502 -56.9607 16.39 9.55
127574 -56.9607 16.39 9.55
120130 -56.9607 16.39 9.55
123951 -56.9607 16.39 9.55
114809 -56.9607 16.39 9.55
126273 -56.9607 16.39 9.55
110266 -56.9607 16.39 9.55
115370 -56.9607 16.39 9.55
119781 -56.9607 16.39 9.55
119583 -56.9607 16.39 9.55
123664 -56.9607 16.39 9.55
119780 -56.9607 16.39 9.55
123070 -56.9607 16.39 9.55
116990 -56.9607 16.39 9.55
116926 -56.9607 16.39 9.55
115102 -56.9607 16.39 9.55
116485 -56.9607 16.39 9.55
118103 -56.9607 16.39 9.55
122041 -56.9607 16.39 9.55
116200 -56.9607 16.39 9.55
123052 -56.9607 16.39 9.55
155352 -58.7744 22.23 -8.02
149696 -58.7744 22.23 -8.02
159283 -58.7744 22.23 -8.02
147962 -58.7744 22.23 -8.02
149077 -58.7744 22.23 -8.02
151512 -58.7744 22.23 -8.02
150664 -58.7744 22.23 -8.02
148020 -58.7744 22.23 -8.02
147996 -58.7744 22.23 -8.02
150646 -58.7744 22.23 -8.02
143301 -58.7744 22.23 -8.02
148816 -58.7744 22.23 -8.02
152513 -58.7744 22.23 -8.02
148090 -58.7744 22.23 -8.02
146080 -58.7744 22.23 -8.02
157215 -58.7744 22.23 -8.02
155504 -58.7744 22.23 -8.02
152822 -58.7744 22.23 -8.02
151648 -58.7744 22.23 -8.02
144750 -58.7744 22.23 -8.02
156788 -58.7744 22.23 -8.02
151594 -58.7744 22.23 -8.02
150938 -58.7744 22.23 -8.02
144962 -58.7744 22.23 -8.02
148852 -58.7744 22.23 -8.02
142532 -58.7744 22.23 -8.02
147522 -58.7744 22.23 -8.02
149673 -58.7744 22.23 -8.02
150555 -58.7744 22.23 -8.02
148272 -58.7744 22.23 -8.02
150844 -58.7744 22.23 -8.02
152097 -58.7744 22.23 -8.02
149591 -58.7744 22.23 -8.02
151918 -58.7744 22.23 -8.02
150786 -58.7744 22.23 -8.02
154294 -58.7744 22.23 -8.02
150811 -58.7744 22.23 -8.02
147495 -58.7744 22.23 -8.02
146961 -58.7744 22.23 -8.02
242929 -62.3074 -29.52 -21.06
243281 -62.3074 -29.52 -21.06
243982 -62.3074 -29.52 -21.06
242827 -62.3074 -29.52 -21.06
244158 -62.3074 -29.52 -21.06
243653 -62.3074 -29.52 -21.06
245420 -62.3074 -29.52 -21.06
239494 -62.3074 -29.52 -21.06
248141 -62.3074 -29.52 -21.06
249444 -62.3074 -29.52 -21.06
241537 -62.3074 -29.52 -21.06
236077 -62.3074 -29.52 -21.06
245213 -62.3074 -29.52 -21.06
244774 -62.3074 -29.52 -21.06
239416 -62.3074 -29.52 -21.06
236316 -62.3074 -29.52 -21.06
240600 -62.3074 -29.52 -21.06
243963 -62.3074 -29.52 -21.06
247635 -62.3074 -29.52 -21.06
252957 -62.3074 -29.52 -21.06
243112 -62.3074 -29.52 -21.06
249818 -62.3074 -29.52 -21.06
244078 -62.3074 -29.52 -21.06
245821 -62.3074 -29.52 -21.06
236134 -62.3074 -29.52 -21.06
246956 -62.3074 -29.52 -21.06
241655 -62.3074 -29.52 -21.06
240706 -62.3074 -29.52 -21.06
239066 -62.3074 -29.52 -21.06
238444 -62.3074 -29.52 -21.06
245880 -62.3074 -29.52 -21.06
254791 -62.3074 -29.52 -21.06
240091 -62.3074 -29.52 -21.06
247064 -62.3074 -29.52 -21.06
243258 -62.3074 -29.52 -21.06
243359 -62.3074 -29.52 -21.06
236434 -62.3074 -29.52 -21.06
240501 -62.3074 -29.52 -21.06
242168 -62.3074 -29.52 -21.06
136581 -57.9006 -11.42 -17.93
135100 -57.9006 -11.42 -17.93
136595 -57.9006 -11.42 -17.93
138768 -57.9006 -11.42 -17.93
140427 -57.9006 -11.42 -17.93
139330 -57.9006 -11.42 -17.93
143264 -57.9006 -11.42 -17.93
138523 -57.9006 -11.42 -17.93
137452 -57.9006 -11.42 -17.93
141343 -57.9006 -11.42 -17.93
144228 -57.9006 -11.42 -17.93
140762 -57.9006 -11.42 -17.93
139540 -57.9006 -11.42 -17.93
138055 -57.9006 -11.42 -17.93
141614 -57.9006 -11.42 -17.93
136869 -57.9006 -11.42 -17.93
154258 -57.9006 -11.42 -17.93
131156 -57.9006 -11.42 -17.93
133312 -57.9006 -11.42 -17.93
140923 -57.9006 -11.42 -17.93
142212 -57.9006 -11.42 -17.93
137691 -57.9006 -11.42 -17.93
135421 -57.9006 -11.42 -17.93
142514 -57.9006 -11.42 -17.93
137528 -57.9006 -11.42 -17.93
139487 -57.9006 -11.42 -17.93
144971 -57.9006 -11.42 -17.93
142749 -57.9006 -11.42 -17.93
136126 -57.9006 -11.42 -17.93
142591 -57.9006 -11.42 -17.93
143635 -57.9006 -11.42 -17.93
135225 -57.9006 -11.42 -17.93
140190 -57.9006 -11.42 -17.93
138932 -57.9006 -11.42 -17.93
138657 -57.9006 -11.42 -17.93
142534 -57.9006 -11.42 -17.93
139439 -57.9006 -11.42 -17.93
143167 -57.9006 -11.42 -17.93
137931 -57.9006 -11.42 -17.93
216036 -61.3088 27.46 -16.68
220412 -61.3088 27.46 -16.68
211900 -61.3088 27.46 -16.68
218960 -61.3088 27.46 -16.68
213150 -61.3088 27.46 -16.68
222907 -61.3088 27.46 -16.68
215546 -61.3088 27.46 -16.68
220662 -61.3088 27.46 -16.68
217530 -61.3088 27.46 -16.68
218942 -61.3088 27.46 -16.68
219665 -61.3088 27.46 -16.68
216739 -61.3088 27.46 -16.68
220523 -61.3088 27.46 -16.68
212271 -61.3088 27.46 -16.68
213129 -61.3088 27.46 -16.68
218951 -61.3088 27.46 -16.68
225233 -61.3088 27.46 -16.68
217075 -61.3088 27.46 -16.68
210842 -61.3088 27.46 -16.68
216072 -61.3088 27.46 -16.68
219702 -61.3088 27.46 -16.68
218068 -61.3088 27.46 -16.68
220397 -61.3088 27.46 -16.68
213545 -61.3088 27.46 -16.68
217491 -61.3088 27.46 -16.68
218296 -61.3088 27.46 -16.68
216323 -61.3088 27.46 -16.68
218057 -61.3088 27.46 -16.68
219813 -61.3088 27.46 -16.68
216308 -61.3088 27.46 -16.68
217089 -61.3088 27.46 -16.68
210409 -61.3088 27.46 -16.68
214605 -61.3088 27.46 -16.68
218739 -61.3088 27.46 -16.68
217386 -61.3088 27.46 -16.68
222981 -61.3088 27.46 -16.68
220788 -61.3088 27.46 -16.68
221080 -61.3088 27.46 -16.68
212827 -61.3088 27.46 -16.68
70393 -52.3651 0.79 -10.84
71665 -52.3651 0.79 -10.84
61563 -52.3651 0.79 -10.84
70801 -52.3651 0.79 -10.84
70389 -52.3651 0.79 -10.84
66333 -52.3651 0.79 -10.84
67393 -52.3651 0.79 -10.84
73497 -52.3651 0.79 -10.84
69734 -52.3651 0.79 -10.84
66704 -52.3651 0.79 -10.84
73741 -52.3651 0.79 -10.84
74251 -52.3651 0.79 -10.84
68315 -52.3651 0.79 -10.84
68261 -52.3651 0.79 -10.84
67329 -52.3651 0.79 -10.84
74691 -52.3651 0.79 -10.84
71875 -52.3651 0.79 -10.84
72153 -52.3651 0.79 -10.84
76469 -52.3651 0.79 -10.84
68417 -52.3651 0.79 -10.84
71459 -52.3651 0.79 -10.84
71589 -52.3651 0.79 -10.84
71601 -52.3651 0.79 -10.84
67422 -52.3651 0.79 -10.84
70520 -52.3651 0.79 -10.84
66085 -52.3651 0.79 -10.84
75800 -52.3651 0.79 -10.84
71053 -52.3651 0.79 -10.84
68546 -52.3651 0.79 -10.84
77551 -52.3651 0.79 -10.84
69122 -52.3651 0.79 -10.84
67898 -52.3651 0.79 -10.84
66227 -52.3651 0.79 -10.84
65615 -52.3651 0.79 -10.84
61309 -52.3651 0.79 -10.84
68843 -52.3651 0.79 -10.84
69562 -52.3651 0.79 -10.84
70592 -52.3651 0.79 -10.84
67485 -52.3651 0.79 -10.84
94316 -54.221 -10.9 -8.15
90173 -54.221 -10.9 -8.15
91961 -54.221 -10.9 -8.15
91973 -54.221 -10.9 -8.15
94091 -54.221 -10.9 -8.15
90721 -54.221 -10.9 -8.15
96273 -54.221 -10.9 -8.15
99685 -54.221 -10.9 -8.15
87006 -54.221 -10.9 -8.15
92920 -54.221 -10.9 -8.15
97020 -54.221 -10.9 -8.15
89967 -54.221 -10.9 -8.15
99671 -54.221 -10.9 -8.15
92137 -54.221 -10.9 -8.15
89461 -54.221 -10.9 -8.15
81621 -54.221 -10.9 -8.15
93178 -54.221 -10.9 -8.15
88575 -54.221 -10.9 -8.15
97093 -54.221 -10.9 -8.15
89657 -54.221 -10.9 -8.15
91172 -54.221 -10.9 -8.15
90952 -54.221 -10.9 -8.15
87358 -54.221 -10.9 -8.15
86812 -54.221 -10.9 -8.15
90507 -54.221 -10.9 -8.15
83420 -54.221 -10.9 -8.15
93420 -54.221 -10.9 -8.15
90498 -54.221 -10.9 -8.15
90011 -54.221 -10.9 -8.15
94110 -54.221 -10.9 -8.15
96747 -54.221 -10.9 -8.15
90619 -54.221 -10.9 -8.15
90642 -54.221 -10.9 -8.15
95377 -54.221 -10.9 -8.15
94665 -54.221 -10.9 -8.15
95775 -54.221 -10.9 -8.15
97324 -54.221 -10.9 -8.15
96821 -54.221 -10.9 -8.15
92609 -54.221 -10.9 -8.15
27942 -42.5702 2.35 2.34
21507 -42.5702 2.35 2.34
22284 -42.5702 2.35 2.34
22681 -42.5702 2.35 2.34
17653 -42.5702 2.35 2.34
19395 -42.5702 2.35 2.34
25545 -42.5702 2.35 2.34
21003 -42.5702 2.35 2.34
19535 -42.5702 2.35 2.34
28548 -42.5702 2.35 2.34
18374 -42.5702 2.35 2.34
19710 -42.5702 2.35 2.34
24308 -42.5702 2.35 2.34
21465 -42.5702 2.35 2.34
18741 -42.5702 2.35 2.34
24852 -42.5702 2.35 2.34
23554 -42.5702 2.35 2.34
22250 -42.5702 2.35 2.34
18751 -42.5702 2.35 2.34
26364 -42.5702 2.35 2.34
18190 -42.5702 2.35 2.34
22578 -42.5702 2.35 2.34
20164 -42.5702 2.35 2.34
23168 -42.5702 2.35 2.34
16986 -42.5702 2.35 2.34
21898 -42.5702 2.35 2.34
20888 -42.5702 2.35 2.34
14765 -42.5702 2.35 2.34
26039 -42.5702 2.35 2.34
25444 -42.5702 2.35 2.34
24890 -42.5702 2.35 2.34
23073 -42.5702 2.35 2.34
15577 -42.5702 2.35 2.34
22915 -42.5702 2.35 2.34
24255 -42.5702 2.35 2.34
16388 -42.5702 2.35 2.34
17470 -42.5702 2.35 2.34
23919 -42.5702 2.35 2.34
22185 -42.5702 2.35 2.34
138312 -57.3816 -16.73 10.89
131313 -57.3816 -16.73 10.89
135361 -57.3816 -16.73 10.89
136717 -57.3816 -16.73 10.89
127674 -57.3816 -16.73 10.89
131509 -57.3816 -16.73 10.89
133760 -57.3816 -16.73 10.89
138523 -57.3816 -16.73 10.89
136078 -57.3816 -16.73 10.89
137295 -57.3816 -16.73 10.89
138743 -57.3816 -16.73 10.89
132752 -57.3816 -16.73 10.89
130614 -57.3816 -16.73 10.89
134764 -57.3816 -16.73 10.89
131178 -57.3816 -16.73 10.89
133144 -57.3816 -16.73 10.89
126392 -57.3816 -16.73 10.89
136140 -57.3816 -16.73 10.89
135227 -57.3816 -16.73 10.89
139849 -57.3816 -16.73 10.89
135619 -57.3816 -16.73 10.89
139225 -57.3816 -16.73 10.89
140440 -57.3816 -16.73 10.89
138952 -57.3816 -16.73 10.89
137389 -57.3816 -16.73 10.89
133908 -57.3816 -16.73 10.89
142983 -57.3816 -16.73 10.89
137383 -57.3816 -16.73 10.89
131890 -57.3816 -16.73 10.89
136739 -57.3816 -16.73 10.89
136284 -57.3816 -16.73 10.89
133418 -57.3816 -16.73 10.89
137903 -57.3816 -16.73 10.89
132657 -57.3816 -16.73 10.89
138227 -57.3816 -16.73 10.89
131211 -57.3816 -16.73 10.89
135273 -57.3816 -16.73 10.89
131978 -57.3816 -16.73 10.89
133093 -57.3816 -16.73 10.89
