#rtt sig_str x y
179769 -60.2169 20.93 18.82
176835 -60.2169 20.93 18.82
186389 -60.2169 20.93 18.82
183890 -60.2169 20.93 18.82
180912 -60.2169 20.93 18.82
179923 -60.2169 20.93 18.82
179226 -60.2169 20.93 18.82
173768 -60.2169 20.93 18.82
177505 -60.2169 20.93 18.82
186056 -60.2169 20.93 18.82
178154 -60.2169 20.93 18.82
178486 -60.2169 20.93 18.82
181007 -60.2169 20.93 18.82
185933 -60.2169 20.93 18.82
176373 -60.2169 20.93 18.82
179270 -60.2169 20.93 18.82
186544 -60.2169 20.93 18.82
182847 -60.2169 20.93 18.82
174436 -60.2169 20.93 18.82
181461 -60.2169 20.93 18.82
181523 -60.2169 20.93 18.82
181859 -60.2169 20.93 18.82
180137 -60.2169 20.93 18.82
183393 -60.2169 20.93 18.82
179643 -60.2169 20.93 18.82
183372 -60.2169 20.93 18.82
183841 -60.2169 20.93 18.82
179781 -60.2169 20.93 18.82
178392 -60.2169 20.93 18.82
175540 -60.2169 20.93 18.82
184247 -60.2169 20.93 18.82
182243 -60.2169 20.93 18.82
181997 -60.2169 20.93 18.82
182071 -60.2169 20.93 18.82
178055 -60.2169 20.93 18.82
192894 -60.2169 20.93 18.82
181527 -60.2169 20.93 18.82
184387 -60.2169 20.93 18.82
186565 -60.2169 20.93 18.82
140450 -57.4113 -19.27 5.48
150997 -57.4113 -19.27 5.48
139371 -57.4113 -19.27 5.48
148820 -57.4113 -19.27 5.48
150870 -57.4113 -19.27 5.48
154622 -57.4113 -19.27 5.48
149771 -57.4113 -19.27 5.48
148873 -57.4113 -19.27 5.48
142155 -57.4113 -19.27 5.48
150816 -57.4113 -19.27 5.48
149064 -57.4113 -19.27 5.48
148325 -57.4113 -19.27 5.48
147448 -57.4113 -19.27 5.48
146214 -57.4113 -19.27 5.48
146863 -57.4113 -19.27 5.48
147067 -57.4113 -19.27 5.48
150523 -57.4113 -19.27 5.48
150626 -57.4113 -19.27 5.48
150549 -57.4113 -19.27 5.48
151948 -57.4113 -19.27 5.48
141537 -57.4113 -19.27 5.48
144864 -57.4113 -19.27 5.48
146148 -57.4113 -19.27 5.48
144583 -57.4113 -19.27 5.48
156658 -57.4113 -19.27 5.48
149476 -57.4113 -19.27 5.48
148605 -57.4113 -19.27 5.48
148449 -57.4113 -19.27 5.48
149130 -57.4113 -19.27 5.48
153719 -57.4113 -19.27 5.48
151380 -57.4113 -19.27 5.48
156144 -57.4113 -19.27 5.48
147234 -57.4113 -19.27 5.48
143769 -57.4113 -19.27 5.48
150676 -57.4113 -19.27 5.48
151900 -57.4113 -19.27 5.48
148504 -57.4113 -19.27 5.48
148207 -57.4113 -19.27 5.48
148869 -57.4113 -19.27 5.48
244610 -62.1305 -26.74 -23.34
242536 -62.1305 -26.74 -23.34
238325 -62.1305 -26.74 -23.34
241066 -62.1305 -26.74 -23.34
239071 -62.1305 -26.74 -23.34
239219 -62.1305 -26.74 -23.34
242847 -62.1305 -26.74 -23.34
243789 -62.1305 -26.74 -23.34
239342 -62.1305 -26.74 -23.34
237936 -62.1305 -26.74 -23.34
243021 -62.1305 -26.74 -23.34
241193 -62.1305 -26.74 -23.34
236624 -62.1305 -26.74 -23.34
239288 -62.1305 -26.74 -23.34
229921 -62.1305 -26.74 -23.34
243994 -62.1305 -26.74 -23.34
234376 -62.1305 -26.74 -23.34
237919 -62.1305 -26.74 -23.34
239095 -62.1305 -26.74 -23.34
237002 -62.1305 -26.74 -23.34
237769 -62.1305 -26.74 -23.34
233644 -62.1305 -26.74 -23.34
239931 -62.1305 -26.74 -23.34
236611 -62.1305 -26.74 -23.34
236888 -62.1305 -26.74 -23.34
235683 -62.1305 -26.74 -23.34
243545 -62.1305 -26.74 -23.34
239215 -62.1305 -26.74 -23.34
245560 -62.1305 -26.74 -23.34
236269 -62.1305 -26.74 -23.34
232952 -62.1305 -26.74 -23.34
238926 -62.1305 -26.74 -23.34
243566 -62.1305 -26.74 -23.34
237530 -62.1305 -26.74 -23.34
244412 -62.1305 -26.74 -23.34
242040 -62.1305 -26.74 -23.34
232253 -62.1305 -26.74 -23.34
244162 -62.1305 -26.74 -23.34
238442 -62.1305 -26.74 -23.34
140412 -57.7398 -8.31 19.12
136902 -57.7398 -8.31 19.12
147716 -57.7398 -8.31 19.12
135844 -57.7398 -8.31 19.12
135968 -57.7398 -8.31 19.12
140545 -57.7398 -8.31 19.12
136626 -57.7398 -8.31 19.12
139001 -57.7398 -8.31 19.12
138456 -57.7398 -8.31 19.12
141963 -57.7398 -8.31 19.12
140436 -57.7398 -8.31 19.12
139459 -57.7398 -8.31 19.12
136707 -57.7398 -8.31 19.12
136413 -57.7398 -8.31 19.12
139605 -57.7398 -8.31 19.12
144125 -57.7398 -8.31 19.12
135784 -57.7398 -8.31 19.12
130682 -57.7398 -8.31 19.12
139968 -57.7398 -8.31 19.12
137242 -57.7398 -8.31 19.12
137469 -57.7398 -8.31 19.12
138103 -57.7398 -8.31 19.12
134698 -57.7398 -8.31 19.12
140032 -57.7398 -8.31 19.12
131097 -57.7398 -8.31 19.12
138198 -57.7398 -8.31 19.12
133787 -57.7398 -8.31 19.12
139498 -57.7398 -8.31 19.12
147553 -57.7398 -8.31 19.12
133172 -57.7398 -8.31 19.12
142773 -57.7398 -8.31 19.12
139327 -57.7398 -8.31 19.12
135768 -57.7398 -8.31 19.12
137455 -57.7398 -8.31 19.12
137471 -57.7398 -8.31 19.12
130712 -57.7398 -8.31 19.12
131940 -57.7398 -8.31 19.12
137534 -57.7398 -8.31 19.12
130739 -57.7398 -8.31 19.12
191449 -60.4439 -13.48 25.6
189188 -60.4439 -13.48 25.6
188825 -60.4439 -13.48 25.6
180654 -60.4439 -13.48 25.6
187336 -60.4439 -13.48 25.6
193146 -60.4439 -13.48 25.6
186037 -60.4439 -13.48 25.6
177207 -60.4439 -13.48 25.6
194270 -60.4439 -13.48 25.6
188254 -60.4439 -13.48 25.6
188445 -60.4439 -13.48 25.6
186504 -60.4439 -13.48 25.6
188057 -60.4439 -13.48 25.6
190056 -60.4439 -13.48 25.6
194746 -60.4439 -13.48 25.6
197906 -60.4439 -13.48 25.6
187830 -60.4439 -13.48 25.6
187702 -60.4439 -13.48 25.6
191827 -60.4439 -13.48 25.6
181315 -60.4439 -13.48 25.6
191805 -60.4439 -13.48 25.6
189110 -60.4439 -13.48 25.6
187817 -60.4439 -13.48 25.6
191483 -60.4439 -13.48 25.6
183916 -60.4439 -13.48 25.6
186362 -60.4439 -13.48 25.6
192468 -60.4439 -13.48 25.6
187582 -60.4439 -13.48 25.6
193660 -60.4439 -13.48 25.6
187793 -60.4439 -13.48 25.6
187455 -60.4439 -13.48 25.6
180377 -60.4439 -13.48 25.6
188474 -60.4439 -13.48 25.6
189825 -60.4439 -13.48 25.6
190093 -60.4439 -13.48 25.6
191091 -60.4439 -13.48 25.6
187378 -60.4439 -13.48 25.6
192618 -60.4439 -13.48 25.6
188865 -60.4439 -13.48 25.6
188377 -60.3391 1.8 -28.51
180226 -60.3391 1.8 -28.51
183395 -60.3391 1.8 -28.51
185134 -60.3391 1.8 -28.51
188042 -60.3391 1.8 -28.51
182104 -60.3391 1.8 -28.51
188915 -60.3391 1.8 -28.51
182972 -60.3391 1.8 -28.51
188438 -60.3391 1.8 -28.51
185912 -60.3391 1.8 -28.51
186679 -60.3391 1.8 -28.51
185388 -60.3391 1.8 -28.51
188522 -60.3391 1.8 -28.51
192933 -60.3391 1.8 -28.51
190410 -60.3391 1.8 -28.51
186254 -60.3391 1.8 -28.51
191370 -60.3391 1.8 -28.51
191725 -60.3391 1.8 -28.51
186460 -60.3391 1.8 -28.51
187379 -60.3391 1.8 -28.51
190189 -60.3391 1.8 -28.51
187564 -60.3391 1.8 -28.51
189264 -60.3391 1.8 -28.51
175618 -60.3391 1.8 -28.51
187564 -60.3391 1.8 -28.51
187720 -60.3391 1.8 -28.51
187002 -60.3391 1.8 -28.51
195478 -60.3391 1.8 -28.51
186794 -60.3391 1.8 -28.51
186620 -60.3391 1.8 -28.51
191560 -60.3391 1.8 -28.51
182521 -60.3391 1.8 -28.51
189139 -60.3391 1.8 -28.51
192730 -60.3391 1.8 -28.51
186459 -60.3391 1.8 -28.51
185359 -60.3391 1.8 -28.51
184227 -60.3391 1.8 -28.51
186496 -60.3391 1.8 -28.51
189447 -60.3391 1.8 -28.51
144333 -58.3977 -11.65 19.34
149969 -58.3977 -11.65 19.34
146500 -58.3977 -11.65 19.34
148949 -58.3977 -11.65 19.34
148569 -58.3977 -11.65 19.34
150451 -58.3977 -11.65 19.34
149238 -58.3977 -11.65 19.34
151617 -58.3977 -11.65 19.34
145207 -58.3977 -11.65 19.34
148251 -58.3977 -11.65 19.34
149242 -58.3977 -11.65 19.34
151285 -58.3977 -11.65 19.34
149183 -58.3977 -11.65 19.34
145975 -58.3977 -11.65 19.34
147372 -58.3977 -11.65 19.34
149848 -58.3977 -11.65 19.34
151405 -58.3977 -11.65 19.34
143112 -58.3977 -11.65 19.34
144243 -58.3977 -11.65 19.34
148568 -58.3977 -11.65 19.34
152303 -58.3977 -11.65 19.34
142564 -58.3977 -11.65 19.34
146747 -58.3977 -11.65 19.34
153145 -58.3977 -11.65 19.34
139175 -58.3977 -11.65 19.34
141937 -58.3977 -11.65 19.34
150397 -58.3977 -11.65 19.34
150317 -58.3977 -11.65 19.34
145388 -58.3977 -11.65 19.34
142200 -58.3977 -11.65 19.34
143406 -58.3977 -11.65 19.34
147638 -58.3977 -11.65 19.34
145229 -58.3977 -11.65 19.34
148685 -58.3977 -11.65 19.34
140896 -58.3977 -11.65 19.34
150414 -58.3977 -11.65 19.34
145590 -58.3977 -11.65 19.34
144060 -58.3977 -11.65 19.34
147980 -58.3977 -11.65 19.34
120597 -56.37 -11.73 13.2
118687 -56.37 -11.73 13.2
123499 -56.37 -11.73 13.2
115040 -56.37 -11.73 13.2
122296 -56.37 -11.73 13.2
125599 -56.37 -11.73 13.2
122317 -56.37 -11.73 13.2
122591 -56.37 -11.73 13.2
122846 -56.37 -11.73 13.2
119604 -56.37 -11.73 13.2
118730 -56.37 -11.73 13.2
118020 -56.37 -11.73 13.2
128873 -56.37 -11.73 13.2
129834 -56.37 -11.73 13.2
124832 -56.37 -11.73 13.2
120217 -56.37 -11.73 13.2
121285 -56.37 -11.73 13.2
121830 -56.37 -11.73 13.2
129937 -56.37 -11.73 13.2
123965 -56.37 -11.73 13.2
128487 -56.37 -11.73 13.2
119723 -56.37 -11.73 13.2
120561 -56.37 -11.73 13.2
123452 -56.37 -11.73 13.2
127425 -56.37 -11.73 13.2
123098 -56.37 -11.73 13.2
122242 -56.37 -11.73 13.2
120820 -56.37 -11.73 13.2
122139 -56.37 -11.73 13.2
125667 -56.37 -11.73 13.2
128687 -56.37 -11.73 13.2
116631 -56.37 -11.73 13.2
114898 -56.37 -11.73 13.2
130120 -56.37 -11.73 13.2
123508 -56.37 -11.73 13.2
123186 -56.37 -11.73 13.2
119820 -56.37 -11.73 13.2
123954 -56.37 -11.73 13.2
117287 -56.37 -11.73 13.2
195765 -60.4657 -23.3 -17.28
196416 -60.4657 -23.3 -17.28
194589 -60.4657 -23.3 -17.28
196546 -60.4657 -23.3 -17.28
185984 -60.4657 -23.3 -17.28
199997 -60.4657 -23.3 -17.28
201196 -60.4657 -23.3 -17.28
196578 -60.4657 -23.3 -17.28
195649 -60.4657 -23.3 -17.28
197551 -60.4657 -23.3 -17.28
194754 -60.4657 -23.3 -17.28
193793 -60.4657 -23.3 -17.28
193380 -60.4657 -23.3 -17.28
201812 -60.4657 -23.3 -17.28
200689 -60.4657 -23.3 -17.28
197904 -60.4657 -23.3 -17.28
201644 -60.4657 -23.3 -17.28
197950 -60.4657 -23.3 -17.28
194993 -60.4657 -23.3 -17.28
192699 -60.4657 -23.3 -17.28
196949 -60.4657 -23.3 -17.28
191582 -60.4657 -23.3 -17.28
202096 -60.4657 -23.3 -17.28
194724 -60.4657 -23.3 -17.28
189086 -60.4657 -23.3 -17.28
199934 -60.4657 -23.3 -17.28
196354 -60.4657 -23.3 -17.28
193376 -60.4657 -23.3 -17.28
201227 -60.4657 -23.3 -17.28
199623 -60.4657 -23.3 -17.28
200977 -60.4657 -23.3 -17.28
200847 -60.4657 -23.3 -17.28
198492 -60.4657 -23.3 -17.28
194979 -60.4657 -23.3 -17.28
199717 -60.4657 -23.3 -17.28
198739 -60.4657 -23.3 -17.28
195680 -60.4657 -23.3 -17.28
198019 -60.4657 -23.3 -17.28
196676 -60.4657 -23.3 -17.28
182272 -59.8499 -15.01 22.35
183434 -59.8499 -15.01 22.35
184929 -59.8499 -15.01 22.35
181976 -59.8499 -15.01 22.35
185969 -59.8499 -15.01 22.35
174839 -59.8499 -15.01 22.35
189424 -59.8499 -15.01 22.35
187750 -59.8499 -15.01 22.35
180523 -59.8499 -15.01 22.35
184049 -59.8499 -15.01 22.35
189057 -59.8499 -15.01 22.35
188231 -59.8499 -15.01 22.35
186837 -59.8499 -15.01 22.35
185552 -59.8499 -15.01 22.35
174942 -59.8499 -15.01 22.35
186806 -59.8499 -15.01 22.35
185927 -59.8499 -15.01 22.35
179185 -59.8499 -15.01 22.35
183251 -59.8499 -15.01 22.35
187372 -59.8499 -15.01 22.35
186449 -59.8499 -15.01 22.35
179881 -59.8499 -15.01 22.35
182460 -59.8499 -15.01 22.35
178110 -59.8499 -15.01 22.35
182601 -59.8499 -15.01 22.35
185206 -59.8499 -15.01 22.35
177375 -59.8499 -15.01 22.35
181971 -59.8499 -15.01 22.35
191295 -59.8499 -15.01 22.35
190224 -59.8499 -15.01 22.35
187627 -59.8499 -15.01 22.35
189966 -59.8499 -15.01 22.35
183847 -59.8499 -15.01 22.35
182659 -59.8499 -15.01 22.35
183269 -59.8499 -15.01 22.35
184938 -59.8499 -15.01 22.35
189495 -59.8499 -15.01 22.35
180216 -59.8499 -15.01 22.35
179867 -59.8499 -15.01 22.35
