#rtt sig_str x y
128891 -57.2294 -16.61 -10.4
129741 -57.2294 -16.61 -10.4
130850 -57.2294 -16.61 -10.4
134040 -57.2294 -16.61 -10.4
138744 -57.2294 -16.61 -10.4
124504 -57.2294 -16.61 -10.4
131812 -57.2294 -16.61 -10.4
120099 -57.2294 -16.61 -10.4
130111 -57.2294 -16.61 -10.4
126896 -57.2294 -16.61 -10.4
121265 -57.2294 -16.61 -10.4
125659 -57.2294 -16.61 -10.4
126477 -57.2294 -16.61 -10.4
134161 -57.2294 -16.61 -10.4
127044 -57.2294 -16.61 -10.4
122097 -57.2294 -16.61 -10.4
122471 -57.2294 -16.61 -10.4
123696 -57.2294 -16.61 -10.4
129000 -57.2294 -16.61 -10.4
134437 -57.2294 -16.61 -10.4
136172 -57.2294 -16.61 -10.4
124907 -57.2294 -16.61 -10.4
135476 -57.2294 -16.61 -10.4
128435 -57.2294 -16.61 -10.4
130694 -57.2294 -16.61 -10.4
127841 -57.2294 -16.61 -10.4
126308 -57.2294 -16.61 -10.4
123348 -57.2294 -16.61 -10.4
131422 -57.2294 -16.61 -10.4
127512 -57.2294 -16.61 -10.4
129339 -57.2294 -16.61 -10.4
133676 -57.2294 -16.61 -10.4
126767 -57.2294 -16.61 -10.4
126232 -57.2294 -16.61 -10.4
127528 -57.2294 -16.61 -10.4
128030 -57.2294 -16.61 -10.4
126525 -57.2294 -16.61 -10.4
119708 -57.2294 -16.61 -10.4
129122 -57.2294 -16.61 -10.4
179645 -59.7802 1.39 -26.66
172847 -59.7802 1.39 -26.66
180365 -59.7802 1.39 -26.66
184909 -59.7802 1.39 -26.66
184455 -59.7802 1.39 -26.66
183154 -59.7802 1.39 -26.66
188515 -59.7802 1.39 -26.66
183390 -59.7802 1.39 -26.66
178577 -59.7802 1.39 -26.66
170522 -59.7802 1.39 -26.66
189656 -59.7802 1.39 -26.66
185557 -59.7802 1.39 -26.66
173709 -59.7802 1.39 -26.66
180346 -59.7802 1.39 -26.66
181689 -59.7802 1.39 -26.66
186153 -59.7802 1.39 -26.66
185746 -59.7802 1.39 -26.66
181043 -59.7802 1.39 -26.66
182987 -59.7802 1.39 -26.66
179773 -59.7802 1.39 -26.66
185942 -59.7802 1.39 -26.66
186825 -59.7802 1.39 -26.66
187056 -59.7802 1.39 -26.66
189400 -59.7802 1.39 -26.66
177937 -59.7802 1.39 -26.66
184328 -59.7802 1.39 -26.66
182339 -59.7802 1.39 -26.66
193002 -59.7802 1.39 -26.66
177763 -59.7802 1.39 -26.66
175004 -59.7802 1.39 -26.66
177423 -59.7802 1.39 -26.66
186351 -59.7802 1.39 -26.66
175332 -59.7802 1.39 -26.66
179605 -59.7802 1.39 -26.66
190662 -59.7802 1.39 -26.66
187050 -59.7802 1.39 -26.66
183937 -59.7802 1.39 -26.66
183193 -59.7802 1.39 -26.66
179010 -59.7802 1.39 -26.66
92587 -53.0962 3.04 -11.48
86922 -53.0962 3.04 -11.48
76595 -53.0962 3.04 -11.48
87205 -53.0962 3.04 -11.48
87049 -53.0962 3.04 -11.48
84196 -53.0962 3.04 -11.48
82861 -53.0962 3.04 -11.48
85918 -53.0962 3.04 -11.48
85507 -53.0962 3.04 -11.48
79791 -53.0962 3.04 -11.48
82304 -53.0962 3.04 -11.48
84925 -53.0962 3.04 -11.48
85679 -53.0962 3.04 -11.48
81752 -53.0962 3.04 -11.48
82198 -53.0962 3.04 -11.48
87194 -53.0962 3.04 -11.48
91371 -53.0962 3.04 -11.48
86468 -53.0962 3.04 -11.48
87984 -53.0962 3.04 -11.48
86544 -53.0962 3.04 -11.48
83845 -53.0962 3.04 -11.48
82240 -53.0962 3.04 -11.48
82771 -53.0962 3.04 -11.48
84319 -53.0962 3.04 -11.48
88201 -53.0962 3.04 -11.48
84156 -53.0962 3.04 -11.48
82236 -53.0962 3.04 -11.48
78391 -53.0962 3.04 -11.48
86457 -53.0962 3.04 -11.48
79642 -53.0962 3.04 -11.48
89753 -53.0962 3.04 -11.48
89556 -53.0962 3.04 -11.48
88288 -53.0962 3.04 -11.48
82019 -53.0962 3.04 -11.48
87825 -53.0962 3.04 -11.48
80865 -53.0962 3.04 -11.48
80139 -53.0962 3.04 -11.48
85009 -53.0962 3.04 -11.48
81623 -53.0962 3.04 -11.48
225810 -61.9723 -27.27 -21.65
228407 -61.9723 -27.27 -21.65
233626 -61.9723 -27.27 -21.65
239857 -61.9723 -27.27 -21.65
231990 -61.9723 -27.27 -21.65
235960 -61.9723 -27.27 -21.65
223652 -61.9723 -27.27 -21.65
225895 -61.9723 -27.27 -21.65
227982 -61.9723 -27.27 -21.65
228212 -61.9723 -27.27 -21.65
231921 -61.9723 -27.27 -21.65
233420 -61.9723 -27.27 -21.65
232409 -61.9723 -27.27 -21.65
237834 -61.9723 -27.27 -21.65
225857 -61.9723 -27.27 -21.65
234903 -61.9723 -27.27 -21.65
229798 -61.9723 -27.27 -21.65
225498 -61.9723 -27.27 -21.65
229315 -61.9723 -27.27 -21.65
226586 -61.9723 -27.27 -21.65
227232 -61.9723 -27.27 -21.65
232691 -61.9723 -27.27 -21.65
228674 -61.9723 -27.27 -21.65
235770 -61.9723 -27.27 -21.65
235924 -61.9723 -27.27 -21.65
233572 -61.9723 -27.27 -21.65
235469 -61.9723 -27.27 -21.65
237899 -61.9723 -27.27 -21.65
241477 -61.9723 -27.27 -21.65
234101 -61.9723 -27.27 -21.65
233855 -61.9723 -27.27 -21.65
232830 -61.9723 -27.27 -21.65
232855 -61.9723 -27.27 -21.65
225512 -61.9723 -27.27 -21.65
241094 -61.9723 -27.27 -21.65
235457 -61.9723 -27.27 -21.65
236175 -61.9723 -27.27 -21.65
238213 -61.9723 -27.27 -21.65
240142 -61.9723 -27.27 -21.65
111101 -54.939 -8.36 12.27
109256 -54.939 -8.36 12.27
109380 -54.939 -8.36 12.27
103869 -54.939 -8.36 12.27
104050 -54.939 -8.36 12.27
102395 -54.939 -8.36 12.27
106389 -54.939 -8.36 12.27
102323 -54.939 -8.36 12.27
110918 -54.939 -8.36 12.27
112900 -54.939 -8.36 12.27
114382 -54.939 -8.36 12.27
104454 -54.939 -8.36 12.27
110638 -54.939 -8.36 12.27
107699 -54.939 -8.36 12.27
110095 -54.939 -8.36 12.27
104564 -54.939 -8.36 12.27
102844 -54.939 -8.36 12.27
110787 -54.939 -8.36 12.27
107015 -54.939 -8.36 12.27
109036 -54.939 -8.36 12.27
109925 -54.939 -8.36 12.27
104229 -54.939 -8.36 12.27
110436 -54.939 -8.36 12.27
104075 -54.939 -8.36 12.27
108845 -54.939 -8.36 12.27
102781 -54.939 -8.36 12.27
118555 -54.939 -8.36 12.27
107946 -54.939 -8.36 12.27
110576 -54.939 -8.36 12.27
102893 -54.939 -8.36 12.27
104732 -54.939 -8.36 12.27
111307 -54.939 -8.36 12.27
112637 -54.939 -8.36 12.27
111273 -54.939 -8.36 12.27
112552 -54.939 -8.36 12.27
107674 -54.939 -8.36 12.27
112107 -54.939 -8.36 12.27
111331 -54.939 -8.36 12.27
104108 -54.939 -8.36 12.27
176412 -59.7508 -16.62 -20.77
166084 -59.7508 -16.62 -20.77
163986 -59.7508 -16.62 -20.77
169699 -59.7508 -16.62 -20.77
174839 -59.7508 -16.62 -20.77
167654 -59.7508 -16.62 -20.77
168557 -59.7508 -16.62 -20.77
168989 -59.7508 -16.62 -20.77
169495 -59.7508 -16.62 -20.77
173549 -59.7508 -16.62 -20.77
176610 -59.7508 -16.62 -20.77
171440 -59.7508 -16.62 -20.77
156938 -59.7508 -16.62 -20.77
175818 -59.7508 -16.62 -20.77
163093 -59.7508 -16.62 -20.77
163445 -59.7508 -16.62 -20.77
173428 -59.7508 -16.62 -20.77
174454 -59.7508 -16.62 -20.77
158328 -59.7508 -16.62 -20.77
175559 -59.7508 -16.62 -20.77
173221 -59.7508 -16.62 -20.77
170077 -59.7508 -16.62 -20.77
165189 -59.7508 -16.62 -20.77
173854 -59.7508 -16.62 -20.77
165068 -59.7508 -16.62 -20.77
169449 -59.7508 -16.62 -20.77
169726 -59.7508 -16.62 -20.77
173034 -59.7508 -16.62 -20.77
168671 -59.7508 -16.62 -20.77
167384 -59.7508 -16.62 -20.77
170099 -59.7508 -16.62 -20.77
161408 -59.7508 -16.62 -20.77
167598 -59.7508 -16.62 -20.77
171321 -59.7508 -16.62 -20.77
175245 -59.7508 -16.62 -20.77
168997 -59.7508 -16.62 -20.77
165400 -59.7508 -16.62 -20.77
168375 -59.7508 -16.62 -20.77
169449 -59.7508 -16.62 -20.77
94319 -54.8082 11.33 9.23
97506 -54.8082 11.33 9.23
91538 -54.8082 11.33 9.23
91676 -54.8082 11.33 9.23
92907 -54.8082 11.33 9.23
94210 -54.8082 11.33 9.23
81221 -54.8082 11.33 9.23
94790 -54.8082 11.33 9.23
93449 -54.8082 11.33 9.23
94402 -54.8082 11.33 9.23
96131 -54.8082 11.33 9.23
95111 -54.8082 11.33 9.23
100253 -54.8082 11.33 9.23
91808 -54.8082 11.33 9.23
92959 -54.8082 11.33 9.23
92116 -54.8082 11.33 9.23
93423 -54.8082 11.33 9.23
96571 -54.8082 11.33 9.23
92333 -54.8082 11.33 9.23
91664 -54.8082 11.33 9.23
97742 -54.8082 11.33 9.23
90701 -54.8082 11.33 9.23
97101 -54.8082 11.33 9.23
96655 -54.8082 11.33 9.23
95793 -54.8082 11.33 9.23
90762 -54.8082 11.33 9.23
90016 -54.8082 11.33 9.23
95823 -54.8082 11.33 9.23
99021 -54.8082 11.33 9.23
95345 -54.8082 11.33 9.23
92201 -54.8082 11.33 9.23
97958 -54.8082 11.33 9.23
91714 -54.8082 11.33 9.23
90585 -54.8082 11.33 9.23
90209 -54.8082 11.33 9.23
97225 -54.8082 11.33 9.23
93956 -54.8082 11.33 9.23
90523 -54.8082 11.33 9.23
94702 -54.8082 11.33 9.23
199312 -60.6924 -20.18 21.95
197429 -60.6924 -20.18 21.95
202585 -60.6924 -20.18 21.95
198078 -60.6924 -20.18 21.95
206102 -60.6924 -20.18 21.95
205340 -60.6924 -20.18 21.95
200420 -60.6924 -20.18 21.95
208602 -60.6924 -20.18 21.95
203168 -60.6924 -20.18 21.95
206519 -60.6924 -20.18 21.95
211941 -60.6924 -20.18 21.95
207065 -60.6924 -20.18 21.95
207374 -60.6924 -20.18 21.95
208621 -60.6924 -20.18 21.95
206299 -60.6924 -20.18 21.95
200081 -60.6924 -20.18 21.95
201633 -60.6924 -20.18 21.95
207418 -60.6924 -20.18 21.95
201906 -60.6924 -20.18 21.95
210599 -60.6924 -20.18 21.95
200681 -60.6924 -20.18 21.95
207794 -60.6924 -20.18 21.95
205825 -60.6924 -20.18 21.95
208240 -60.6924 -20.18 21.95
205346 -60.6924 -20.18 21.95
207665 -60.6924 -20.18 21.95
204326 -60.6924 -20.18 21.95
203298 -60.6924 -20.18 21.95
200766 -60.6924 -20.18 21.95
204795 -60.6924 -20.18 21.95
193545 -60.6924 -20.18 21.95
199451 -60.6924 -20.18 21.95
201544 -60.6924 -20.18 21.95
205770 -60.6924 -20.18 21.95
197419 -60.6924 -20.18 21.95
203996 -60.6924 -20.18 21.95
205691 -60.6924 -20.18 21.95
202848 -60.6924 -20.18 21.95
202310 -60.6924 -20.18 21.95
223116 -61.5418 -25.78 20.68
222825 -61.5418 -25.78 20.68
222435 -61.5418 -25.78 20.68
217811 -61.5418 -25.78 20.68
217149 -61.5418 -25.78 20.68
220659 -61.5418 -25.78 20.68
224520 -61.5418 -25.78 20.68
222881 -61.5418 -25.78 20.68
219018 -61.5418 -25.78 20.68
218806 -61.5418 -25.78 20.68
223344 -61.5418 -25.78 20.68
210858 -61.5418 -25.78 20.68
221617 -61.5418 -25.78 20.68
225926 -61.5418 -25.78 20.68
220558 -61.5418 -25.78 20.68
220152 -61.5418 -25.78 20.68
219220 -61.5418 -25.78 20.68
219338 -61.5418 -25.78 20.68
220008 -61.5418 -25.78 20.68
219944 -61.5418 -25.78 20.68
220684 -61.5418 -25.78 20.68
217407 -61.5418 -25.78 20.68
219862 -61.5418 -25.78 20.68
225602 -61.5418 -25.78 20.68
215174 -61.5418 -25.78 20.68
228363 -61.5418 -25.78 20.68
227526 -61.5418 -25.78 20.68
214530 -61.5418 -25.78 20.68
214877 -61.5418 -25.78 20.68
209924 -61.5418 -25.78 20.68
216299 -61.5418 -25.78 20.68
208849 -61.5418 -25.78 20.68
215511 -61.5418 -25.78 20.68
210051 -61.5418 -25.78 20.68
219972 -61.5418 -25.78 20.68
214039 -61.5418 -25.78 20.68
221484 -61.5418 -25.78 20.68
226910 -61.5418 -25.78 20.68
226019 -61.5418 -25.78 20.68
182567 -60.3817 26.47 11.13
191000 -60.3817 26.47 11.13
174689 -60.3817 26.47 11.13
181084 -60.3817 26.47 11.13
183708 -60.3817 26.47 11.13
184257 -60.3817 26.47 11.13
184350 -60.3817 26.47 11.13
190200 -60.3817 26.47 11.13
176249 -60.3817 26.47 11.13
188153 -60.3817 26.47 11.13
186212 -60.3817 26.47 11.13
184413 -60.3817 26.47 11.13
179880 -60.3817 26.47 11.13
178800 -60.3817 26.47 11.13
183359 -60.3817 26.47 11.13
189910 -60.3817 26.47 11.13
187293 -60.3817 26.47 11.13
187337 -60.3817 26.47 11.13
184017 -60.3817 26.47 11.13
186607 -60.3817 26.47 11.13
186369 -60.3817 26.47 11.13
182818 -60.3817 26.47 11.13
183664 -60.3817 26.47 11.13
185328 -60.3817 26.47 11.13
184460 -60.3817 26.47 11.13
176589 -60.3817 26.47 11.13
175261 -60.3817 26.47 11.13
181712 -60.3817 26.47 11.13
188072 -60.3817 26.47 11.13
185666 -60.3817 26.47 11.13
184802 -60.3817 26.47 11.13
187188 -60.3817 26.47 11.13
182510 -60.3817 26.47 11.13
181131 -60.3817 26.47 11.13
182342 -60.3817 26.47 11.13
181004 -60.3817 26.47 11.13
189935 -60.3817 26.47 11.13
183806 -60.3817 26.47 11.13
192371 -60.3817 26.47 11.13
