#rtt sig_str x y
144059 -58.4526 -12.32 -19.1
139513 -58.4526 -12.32 -19.1
151373 -58.4526 -12.32 -19.1
143399 -58.4526 -12.32 -19.1
147188 -58.4526 -12.32 -19.1
153085 -58.4526 -12.32 -19.1
140441 -58.4526 -12.32 -19.1
141244 -58.4526 -12.32 -19.1
152246 -58.4526 -12.32 -19.1
149203 -58.4526 -12.32 -19.1
150905 -58.4526 -12.32 -19.1
151109 -58.4526 -12.32 -19.1
149236 -58.4526 -12.32 -19.1
145928 -58.4526 -12.32 -19.1
145209 -58.4526 -12.32 -19.1
148746 -58.4526 -12.32 -19.1
146161 -58.4526 -12.32 -19.1
153545 -58.4526 -12.32 -19.1
152471 -58.4526 -12.32 -19.1
147813 -58.4526 -12.32 -19.1
149737 -58.4526 -12.32 -19.1
143469 -58.4526 -12.32 -19.1
146936 -58.4526 -12.32 -19.1
142641 -58.4526 -12.32 -19.1
149821 -58.4526 -12.32 -19.1
138728 -58.4526 -12.32 -19.1
151629 -58.4526 -12.32 -19.1
153206 -58.4526 -12.32 -19.1
147917 -58.4526 -12.32 -19.1
148227 -58.4526 -12.32 -19.1
148041 -58.4526 -12.32 -19.1
143236 -58.4526 -12.32 -19.1
149761 -58.4526 -12.32 -19.1
148236 -58.4526 -12.32 -19.1
146559 -58.4526 -12.32 -19.1
143694 -58.4526 -12.32 -19.1
154526 -58.4526 -12.32 -19.1
153350 -58.4526 -12.32 -19.1
148727 -58.4526 -12.32 -19.1
149603 -57.6978 1.84 20.66
148524 -57.6978 1.84 20.66
146499 -57.6978 1.84 20.66
142677 -57.6978 1.84 20.66
138117 -57.6978 1.84 20.66
146753 -57.6978 1.84 20.66
148472 -57.6978 1.84 20.66
146166 -57.6978 1.84 20.66
143025 -57.6978 1.84 20.66
139747 -57.6978 1.84 20.66
135590 -57.6978 1.84 20.66
143371 -57.6978 1.84 20.66
149355 -57.6978 1.84 20.66
138730 -57.6978 1.84 20.66
144901 -57.6978 1.84 20.66
140626 -57.6978 1.84 20.66
144810 -57.6978 1.84 20.66
143505 -57.6978 1.84 20.66
145408 -57.6978 1.84 20.66
142236 -57.6978 1.84 20.66
146773 -57.6978 1.84 20.66
148355 -57.6978 1.84 20.66
142606 -57.6978 1.84 20.66
148336 -57.6978 1.84 20.66
152438 -57.6978 1.84 20.66
148450 -57.6978 1.84 20.66
145279 -57.6978 1.84 20.66
146064 -57.6978 1.84 20.66
144858 -57.6978 1.84 20.66
140615 -57.6978 1.84 20.66
148422 -57.6978 1.84 20.66
146866 -57.6978 1.84 20.66
151044 -57.6978 1.84 20.66
144530 -57.6978 1.84 20.66
146172 -57.6978 1.84 20.66
142679 -57.6978 1.84 20.66
140023 -57.6978 1.84 20.66
143960 -57.6978 1.84 20.66
149601 -57.6978 1.84 20.66
192159 -60.6847 -18.51 23.34
193544 -60.6847 -18.51 23.34
199639 -60.6847 -18.51 23.34
204684 -60.6847 -18.51 23.34
198442 -60.6847 -18.51 23.34
199767 -60.6847 -18.51 23.34
185300 -60.6847 -18.51 23.34
197765 -60.6847 -18.51 23.34
195260 -60.6847 -18.51 23.34
190262 -60.6847 -18.51 23.34
195714 -60.6847 -18.51 23.34
193465 -60.6847 -18.51 23.34
201891 -60.6847 -18.51 23.34
195248 -60.6847 -18.51 23.34
193271 -60.6847 -18.51 23.34
191738 -60.6847 -18.51 23.34
194553 -60.6847 -18.51 23.34
200275 -60.6847 -18.51 23.34
209366 -60.6847 -18.51 23.34
194220 -60.6847 -18.51 23.34
198580 -60.6847 -18.51 23.34
193477 -60.6847 -18.51 23.34
196464 -60.6847 -18.51 23.34
195134 -60.6847 -18.51 23.34
199142 -60.6847 -18.51 23.34
195993 -60.6847 -18.51 23.34
193223 -60.6847 -18.51 23.34
199768 -60.6847 -18.51 23.34
193990 -60.6847 -18.51 23.34
194209 -60.6847 -18.51 23.34
192585 -60.6847 -18.51 23.34
193004 -60.6847 -18.51 23.34
194483 -60.6847 -18.51 23.34
187152 -60.6847 -18.51 23.34
198526 -60.6847 -18.51 23.34
199021 -60.6847 -18.51 23.34
196975 -60.6847 -18.51 23.34
196346 -60.6847 -18.51 23.34
194427 -60.6847 -18.51 23.34
210525 -61.224 -25.93 18.41
201723 -61.224 -25.93 18.41
203813 -61.224 -25.93 18.41
198673 -61.224 -25.93 18.41
205244 -61.224 -25.93 18.41
199557 -61.224 -25.93 18.41
210003 -61.224 -25.93 18.41
201142 -61.224 -25.93 18.41
203007 -61.224 -25.93 18.41
204042 -61.224 -25.93 18.41
202696 -61.224 -25.93 18.41
202481 -61.224 -25.93 18.41
195883 -61.224 -25.93 18.41
207079 -61.224 -25.93 18.41
200227 -61.224 -25.93 18.41
209371 -61.224 -25.93 18.41
209259 -61.224 -25.93 18.41
200477 -61.224 -25.93 18.41
203685 -61.224 -25.93 18.41
206349 -61.224 -25.93 18.41
204164 -61.224 -25.93 18.41
204409 -61.224 -25.93 18.41
206088 -61.224 -25.93 18.41
207428 -61.224 -25.93 18.41
207508 -61.224 -25.93 18.41
195926 -61.224 -25.93 18.41
205710 -61.224 -25.93 18.41
201986 -61.224 -25.93 18.41
211962 -61.224 -25.93 18.41
205795 -61.224 -25.93 18.41
208027 -61.224 -25.93 18.41
206333 -61.224 -25.93 18.41
202603 -61.224 -25.93 18.41
206826 -61.224 -25.93 18.41
207365 -61.224 -25.93 18.41
197228 -61.224 -25.93 18.41
201099 -61.224 -25.93 18.41
201322 -61.224 -25.93 18.41
200450 -61.224 -25.93 18.41
122653 -56.548 17.22 -5.39
116712 -56.548 17.22 -5.39
118365 -56.548 17.22 -5.39
125323 -56.548 17.22 -5.39
119264 -56.548 17.22 -5.39
124032 -56.548 17.22 -5.39
117908 -56.548 17.22 -5.39
128288 -56.548 17.22 -5.39
119196 -56.548 17.22 -5.39
119322 -56.548 17.22 -5.39
122926 -56.548 17.22 -5.39
126106 -56.548 17.22 -5.39
121621 -56.548 17.22 -5.39
118319 -56.548 17.22 -5.39
122239 -56.548 17.22 -5.39
114200 -56.548 17.22 -5.39
117769 -56.548 17.22 -5.39
124757 -56.548 17.22 -5.39
120944 -56.548 17.22 -5.39
122460 -56.548 17.22 -5.39
119925 -56.548 17.22 -5.39
122162 -56.548 17.22 -5.39
128635 -56.548 17.22 -5.39
124157 -56.548 17.22 -5.39
117939 -56.548 17.22 -5.39
122773 -56.548 17.22 -5.39
118844 -56.548 17.22 -5.39
114444 -56.548 17.22 -5.39
123593 -56.548 17.22 -5.39
123117 -56.548 17.22 -5.39
117877 -56.548 17.22 -5.39
124965 -56.548 17.22 -5.39
118426 -56.548 17.22 -5.39
124984 -56.548 17.22 -5.39
118498 -56.548 17.22 -5.39
124131 -56.548 17.22 -5.39
116024 -56.548 17.22 -5.39
123502 -56.548 17.22 -5.39
115547 -56.548 17.22 -5.39
176028 -59.4344 9.38 -23.82
171086 -59.4344 9.38 -23.82
164124 -59.4344 9.38 -23.82
165695 -59.4344 9.38 -23.82
164910 -59.4344 9.38 -23.82
167291 -59.4344 9.38 -23.82
163045 -59.4344 9.38 -23.82
167885 -59.4344 9.38 -23.82
170078 -59.4344 9.38 -23.82
164360 -59.4344 9.38 -23.82
170619 -59.4344 9.38 -23.82
173017 -59.4344 9.38 -23.82
166569 -59.4344 9.38 -23.82
167156 -59.4344 9.38 -23.82
171936 -59.4344 9.38 -23.82
171682 -59.4344 9.38 -23.82
173366 -59.4344 9.38 -23.82
165120 -59.4344 9.38 -23.82
168480 -59.4344 9.38 -23.82
172930 -59.4344 9.38 -23.82
171679 -59.4344 9.38 -23.82
172331 -59.4344 9.38 -23.82
168403 -59.4344 9.38 -23.82
170342 -59.4344 9.38 -23.82
161070 -59.4344 9.38 -23.82
172097 -59.4344 9.38 -23.82
172727 -59.4344 9.38 -23.82
169670 -59.4344 9.38 -23.82
165648 -59.4344 9.38 -23.82
169990 -59.4344 9.38 -23.82
167239 -59.4344 9.38 -23.82
163808 -59.4344 9.38 -23.82
175109 -59.4344 9.38 -23.82
161399 -59.4344 9.38 -23.82
169028 -59.4344 9.38 -23.82
172344 -59.4344 9.38 -23.82
167048 -59.4344 9.38 -23.82
175461 -59.4344 9.38 -23.82
170242 -59.4344 9.38 -23.82
124373 -56.8618 8.25 -16.83
116413 -56.8618 8.25 -16.83
121086 -56.8618 8.25 -16.83
126713 -56.8618 8.25 -16.83
118301 -56.8618 8.25 -16.83
123120 -56.8618 8.25 -16.83
125853 -56.8618 8.25 -16.83
121636 -56.8618 8.25 -16.83
122532 -56.8618 8.25 -16.83
117445 -56.8618 8.25 -16.83
119193 -56.8618 8.25 -16.83
116875 -56.8618 8.25 -16.83
123876 -56.8618 8.25 -16.83
120490 -56.8618 8.25 -16.83
118465 -56.8618 8.25 -16.83
122339 -56.8618 8.25 -16.83
120025 -56.8618 8.25 -16.83
116086 -56.8618 8.25 -16.83
121155 -56.8618 8.25 -16.83
117198 -56.8618 8.25 -16.83
119355 -56.8618 8.25 -16.83
121248 -56.8618 8.25 -16.83
120626 -56.8618 8.25 -16.83
114864 -56.8618 8.25 -16.83
123514 -56.8618 8.25 -16.83
112725 -56.8618 8.25 -16.83
124146 -56.8618 8.25 -16.83
120909 -56.8618 8.25 -16.83
123291 -56.8618 8.25 -16.83
122155 -56.8618 8.25 -16.83
120850 -56.8618 8.25 -16.83
110990 -56.8618 8.25 -16.83
122302 -56.8618 8.25 -16.83
113116 -56.8618 8.25 -16.83
125145 -56.8618 8.25 -16.83
123470 -56.8618 8.25 -16.83
118842 -56.8618 8.25 -16.83
126921 -56.8618 8.25 -16.83
121035 -56.8618 8.25 -16.83
73420 -50.8233 4.54 7.79
62682 -50.8233 4.54 7.79
63225 -50.8233 4.54 7.79
69993 -50.8233 4.54 7.79
66062 -50.8233 4.54 7.79
69195 -50.8233 4.54 7.79
73047 -50.8233 4.54 7.79
71819 -50.8233 4.54 7.79
72567 -50.8233 4.54 7.79
76798 -50.8233 4.54 7.79
68482 -50.8233 4.54 7.79
70982 -50.8233 4.54 7.79
71668 -50.8233 4.54 7.79
72891 -50.8233 4.54 7.79
79738 -50.8233 4.54 7.79
69141 -50.8233 4.54 7.79
65063 -50.8233 4.54 7.79
63627 -50.8233 4.54 7.79
72627 -50.8233 4.54 7.79
78174 -50.8233 4.54 7.79
74896 -50.8233 4.54 7.79
70741 -50.8233 4.54 7.79
68949 -50.8233 4.54 7.79
75485 -50.8233 4.54 7.79
62153 -50.8233 4.54 7.79
69821 -50.8233 4.54 7.79
70962 -50.8233 4.54 7.79
69921 -50.8233 4.54 7.79
71715 -50.8233 4.54 7.79
68265 -50.8233 4.54 7.79
70096 -50.8233 4.54 7.79
72067 -50.8233 4.54 7.79
69428 -50.8233 4.54 7.79
76370 -50.8233 4.54 7.79
72701 -50.8233 4.54 7.79
69440 -50.8233 4.54 7.79
66932 -50.8233 4.54 7.79
67463 -50.8233 4.54 7.79
66150 -50.8233 4.54 7.79
225639 -62.0373 -27.66 21.6
225414 -62.0373 -27.66 21.6
222494 -62.0373 -27.66 21.6
228509 -62.0373 -27.66 21.6
217640 -62.0373 -27.66 21.6
222773 -62.0373 -27.66 21.6
225934 -62.0373 -27.66 21.6
224534 -62.0373 -27.66 21.6
230020 -62.0373 -27.66 21.6
223959 -62.0373 -27.66 21.6
233044 -62.0373 -27.66 21.6
226930 -62.0373 -27.66 21.6
229445 -62.0373 -27.66 21.6
224978 -62.0373 -27.66 21.6
221767 -62.0373 -27.66 21.6
227611 -62.0373 -27.66 21.6
224620 -62.0373 -27.66 21.6
230518 -62.0373 -27.66 21.6
234732 -62.0373 -27.66 21.6
229803 -62.0373 -27.66 21.6
226903 -62.0373 -27.66 21.6
226925 -62.0373 -27.66 21.6
223971 -62.0373 -27.66 21.6
232661 -62.0373 -27.66 21.6
221746 -62.0373 -27.66 21.6
228459 -62.0373 -27.66 21.6
230039 -62.0373 -27.66 21.6
228997 -62.0373 -27.66 21.6
223426 -62.0373 -27.66 21.6
231951 -62.0373 -27.66 21.6
235982 -62.0373 -27.66 21.6
232001 -62.0373 -27.66 21.6
216883 -62.0373 -27.66 21.6
228114 -62.0373 -27.66 21.6
215002 -62.0373 -27.66 21.6
233645 -62.0373 -27.66 21.6
230249 -62.0373 -27.66 21.6
223045 -62.0373 -27.66 21.6
219664 -62.0373 -27.66 21.6
194994 -60.4122 -8.53 -27.53
193475 -60.4122 -8.53 -27.53
182907 -60.4122 -8.53 -27.53
188230 -60.4122 -8.53 -27.53
185762 -60.4122 -8.53 -27.53
189615 -60.4122 -8.53 -27.53
184687 -60.4122 -8.53 -27.53
195371 -60.4122 -8.53 -27.53
187791 -60.4122 -8.53 -27.53
192299 -60.4122 -8.53 -27.53
196741 -60.4122 -8.53 -27.53
200611 -60.4122 -8.53 -27.53
190429 -60.4122 -8.53 -27.53
189019 -60.4122 -8.53 -27.53
185554 -60.4122 -8.53 -27.53
189081 -60.4122 -8.53 -27.53
186679 -60.4122 -8.53 -27.53
186574 -60.4122 -8.53 -27.53
189888 -60.4122 -8.53 -27.53
191721 -60.4122 -8.53 -27.53
188074 -60.4122 -8.53 -27.53
190376 -60.4122 -8.53 -27.53
194550 -60.4122 -8.53 -27.53
189736 -60.4122 -8.53 -27.53
191298 -60.4122 -8.53 -27.53
193470 -60.4122 -8.53 -27.53
188666 -60.4122 -8.53 -27.53
193783 -60.4122 -8.53 -27.53
190518 -60.4122 -8.53 -27.53
192313 -60.4122 -8.53 -27.53
192826 -60.4122 -8.53 -27.53
192397 -60.4122 -8.53 -27.53
189596 -60.4122 -8.53 -27.53
192395 -60.4122 -8.53 -27.53
190720 -60.4122 -8.53 -27.53
183898 -60.4122 -8.53 -27.53
194149 -60.4122 -8.53 -27.53
190276 -60.4122 -8.53 -27.53
195405 -60.4122 -8.53 -27.53
