#rtt sig_str x y
176192 -59.8711 9.02 -25.44
173573 -59.8711 9.02 -25.44
185083 -59.8711 9.02 -25.44
173316 -59.8711 9.02 -25.44
172689 -59.8711 9.02 -25.44
176641 -59.8711 9.02 -25.44
177291 -59.8711 9.02 -25.44
178291 -59.8711 9.02 -25.44
178086 -59.8711 9.02 -25.44
178914 -59.8711 9.02 -25.44
184199 -59.8711 9.02 -25.44
180415 -59.8711 9.02 -25.44
177923 -59.8711 9.02 -25.44
181348 -59.8711 9.02 -25.44
180270 -59.8711 9.02 -25.44
177169 -59.8711 9.02 -25.44
180161 -59.8711 9.02 -25.44
175763 -59.8711 9.02 -25.44
180817 -59.8711 9.02 -25.44
176265 -59.8711 9.02 -25.44
171725 -59.8711 9.02 -25.44
173245 -59.8711 9.02 -25.44
179911 -59.8711 9.02 -25.44
171941 -59.8711 9.02 -25.44
174230 -59.8711 9.02 -25.44
176215 -59.8711 9.02 -25.44
177172 -59.8711 9.02 -25.44
172277 -59.8711 9.02 -25.44
173587 -59.8711 9.02 -25.44
171154 -59.8711 9.02 -25.44
175387 -59.8711 9.02 -25.44
174782 -59.8711 9.02 -25.44
184871 -59.8711 9.02 -25.44
173459 -59.8711 9.02 -25.44
176471 -59.8711 9.02 -25.44
173092 -59.8711 9.02 -25.44
177624 -59.8711 9.02 -25.44
178140 -59.8711 9.02 -25.44
174649 -59.8711 9.02 -25.44
17504 -44.2264 0.33 -4.04
11508 -44.2264 0.33 -4.04
20598 -44.2264 0.33 -4.04
25860 -44.2264 0.33 -4.04
22145 -44.2264 0.33 -4.04
19110 -44.2264 0.33 -4.04
21467 -44.2264 0.33 -4.04
20035 -44.2264 0.33 -4.04
15969 -44.2264 0.33 -4.04
22913 -44.2264 0.33 -4.04
14180 -44.2264 0.33 -4.04
19306 -44.2264 0.33 -4.04
15877 -44.2264 0.33 -4.04
21034 -44.2264 0.33 -4.04
19888 -44.2264 0.33 -4.04
18815 -44.2264 0.33 -4.04
16206 -44.2264 0.33 -4.04
21938 -44.2264 0.33 -4.04
18759 -44.2264 0.33 -4.04
19474 -44.2264 0.33 -4.04
17475 -44.2264 0.33 -4.04
17372 -44.2264 0.33 -4.04
11068 -44.2264 0.33 -4.04
15820 -44.2264 0.33 -4.04
18673 -44.2264 0.33 -4.04
16990 -44.2264 0.33 -4.04
19741 -44.2264 0.33 -4.04
22902 -44.2264 0.33 -4.04
18909 -44.2264 0.33 -4.04
11225 -44.2264 0.33 -4.04
9760 -44.2264 0.33 -4.04
17110 -44.2264 0.33 -4.04
18419 -44.2264 0.33 -4.04
11890 -44.2264 0.33 -4.04
19021 -44.2264 0.33 -4.04
14392 -44.2264 0.33 -4.04
20686 -44.2264 0.33 -4.04
25376 -44.2264 0.33 -4.04
14810 -44.2264 0.33 -4.04
183579 -59.9974 22.72 -15.33
188599 -59.9974 22.72 -15.33
190542 -59.9974 22.72 -15.33
180938 -59.9974 22.72 -15.33
188186 -59.9974 22.72 -15.33
182821 -59.9974 22.72 -15.33
189885 -59.9974 22.72 -15.33
186782 -59.9974 22.72 -15.33
187383 -59.9974 22.72 -15.33
184269 -59.9974 22.72 -15.33
181951 -59.9974 22.72 -15.33
188015 -59.9974 22.72 -15.33
185691 -59.9974 22.72 -15.33
185363 -59.9974 22.72 -15.33
184183 -59.9974 22.72 -15.33
186609 -59.9974 22.72 -15.33
185548 -59.9974 22.72 -15.33
187131 -59.9974 22.72 -15.33
188487 -59.9974 22.72 -15.33
188557 -59.9974 22.72 -15.33
183709 -59.9974 22.72 -15.33
188758 -59.9974 22.72 -15.33
190072 -59.9974 22.72 -15.33
191383 -59.9974 22.72 -15.33
189343 -59.9974 22.72 -15.33
188911 -59.9974 22.72 -15.33
186818 -59.9974 22.72 -15.33
180227 -59.9974 22.72 -15.33
183626 -59.9974 22.72 -15.33
187083 -59.9974 22.72 -15.33
186772 -59.9974 22.72 -15.33
180466 -59.9974 22.72 -15.33
179762 -59.9974 22.72 -15.33
192785 -59.9974 22.72 -15.33
177231 -59.9974 22.72 -15.33
184044 -59.9974 22.72 -15.33
181348 -59.9974 22.72 -15.33
185354 -59.9974 22.72 -15.33
187234 -59.9974 22.72 -15.33
209005 -61.0314 -19.09 24.51
212113 -61.0314 -19.09 24.51
222585 -61.0314 -19.09 24.51
220047 -61.0314 -19.09 24.51
219212 -61.0314 -19.09 24.51
221012 -61.0314 -19.09 24.51
213413 -61.0314 -19.09 24.51
217148 -61.0314 -19.09 24.51
225176 -61.0314 -19.09 24.51
211635 -61.0314 -19.09 24.51
211628 -61.0314 -19.09 24.51
214917 -61.0314 -19.09 24.51
220511 -61.0314 -19.09 24.51
222976 -61.0314 -19.09 24.51
221874 -61.0314 -19.09 24.51
210329 -61.0314 -19.09 24.51
209981 -61.0314 -19.09 24.51
218165 -61.0314 -19.09 24.51
212922 -61.0314 -19.09 24.51
211528 -61.0314 -19.09 24.51
221536 -61.0314 -19.09 24.51
212281 -61.0314 -19.09 24.51
218048 -61.0314 -19.09 24.51
213511 -61.0314 -19.09 24.51
225249 -61.0314 -19.09 24.51
218993 -61.0314 -19.09 24.51
215099 -61.0314 -19.09 24.51
214379 -61.0314 -19.09 24.51
215057 -61.0314 -19.09 24.51
211976 -61.0314 -19.09 24.51
218158 -61.0314 -19.09 24.51
213334 -61.0314 -19.09 24.51
215080 -61.0314 -19.09 24.51
215118 -61.0314 -19.09 24.51
225989 -61.0314 -19.09 24.51
213157 -61.0314 -19.09 24.51
214841 -61.0314 -19.09 24.51
213113 -61.0314 -19.09 24.51
220780 -61.0314 -19.09 24.51
184397 -60.058 21.14 -17.76
174546 -60.058 21.14 -17.76
174217 -60.058 21.14 -17.76
172149 -60.058 21.14 -17.76
177342 -60.058 21.14 -17.76
175763 -60.058 21.14 -17.76
176770 -60.058 21.14 -17.76
179089 -60.058 21.14 -17.76
174452 -60.058 21.14 -17.76
180250 -60.058 21.14 -17.76
174261 -60.058 21.14 -17.76
177729 -60.058 21.14 -17.76
179443 -60.058 21.14 -17.76
179024 -60.058 21.14 -17.76
177531 -60.058 21.14 -17.76
168948 -60.058 21.14 -17.76
175269 -60.058 21.14 -17.76
169220 -60.058 21.14 -17.76
178462 -60.058 21.14 -17.76
182351 -60.058 21.14 -17.76
183238 -60.058 21.14 -17.76
170870 -60.058 21.14 -17.76
179548 -60.058 21.14 -17.76
183300 -60.058 21.14 -17.76
178217 -60.058 21.14 -17.76
176378 -60.058 21.14 -17.76
179414 -60.058 21.14 -17.76
181348 -60.058 21.14 -17.76
174316 -60.058 21.14 -17.76
184993 -60.058 21.14 -17.76
184353 -60.058 21.14 -17.76
176960 -60.058 21.14 -17.76
174972 -60.058 21.14 -17.76
175634 -60.058 21.14 -17.76
174397 -60.058 21.14 -17.76
178761 -60.058 21.14 -17.76
183136 -60.058 21.14 -17.76
178110 -60.058 21.14 -17.76
178220 -60.058 21.14 -17.76
227826 -61.5119 15.01 -29.31
221276 -61.5119 15.01 -29.31
223897 -61.5119 15.01 -29.31
211109 -61.5119 15.01 -29.31
226212 -61.5119 15.01 -29.31
221514 -61.5119 15.01 -29.31
213688 -61.5119 15.01 -29.31
218872 -61.5119 15.01 -29.31
212509 -61.5119 15.01 -29.31
215972 -61.5119 15.01 -29.31
219856 -61.5119 15.01 -29.31
224161 -61.5119 15.01 -29.31
220233 -61.5119 15.01 -29.31
211143 -61.5119 15.01 -29.31
213413 -61.5119 15.01 -29.31
215904 -61.5119 15.01 -29.31
213235 -61.5119 15.01 -29.31
218907 -61.5119 15.01 -29.31
219216 -61.5119 15.01 -29.31
219760 -61.5119 15.01 -29.31
223787 -61.5119 15.01 -29.31
219808 -61.5119 15.01 -29.31
218585 -61.5119 15.01 -29.31
218619 -61.5119 15.01 -29.31
210686 -61.5119 15.01 -29.31
215103 -61.5119 15.01 -29.31
214610 -61.5119 15.01 -29.31
210960 -61.5119 15.01 -29.31
211996 -61.5119 15.01 -29.31
216026 -61.5119 15.01 -29.31
212881 -61.5119 15.01 -29.31
215632 -61.5119 15.01 -29.31
212290 -61.5119 15.01 -29.31
218015 -61.5119 15.01 -29.31
213034 -61.5119 15.01 -29.31
223086 -61.5119 15.01 -29.31
213078 -61.5119 15.01 -29.31
210006 -61.5119 15.01 -29.31
211305 -61.5119 15.01 -29.31
69296 -52.384 9.97 -4.39
77668 -52.384 9.97 -4.39
77494 -52.384 9.97 -4.39
65308 -52.384 9.97 -4.39
76556 -52.384 9.97 -4.39
73859 -52.384 9.97 -4.39
82213 -52.384 9.97 -4.39
75973 -52.384 9.97 -4.39
71971 -52.384 9.97 -4.39
80632 -52.384 9.97 -4.39
72034 -52.384 9.97 -4.39
78573 -52.384 9.97 -4.39
70241 -52.384 9.97 -4.39
76502 -52.384 9.97 -4.39
78078 -52.384 9.97 -4.39
73868 -52.384 9.97 -4.39
84368 -52.384 9.97 -4.39
76293 -52.384 9.97 -4.39
81406 -52.384 9.97 -4.39
81288 -52.384 9.97 -4.39
75463 -52.384 9.97 -4.39
80684 -52.384 9.97 -4.39
70696 -52.384 9.97 -4.39
77266 -52.384 9.97 -4.39
77144 -52.384 9.97 -4.39
72911 -52.384 9.97 -4.39
69348 -52.384 9.97 -4.39
79207 -52.384 9.97 -4.39
81470 -52.384 9.97 -4.39
79378 -52.384 9.97 -4.39
75185 -52.384 9.97 -4.39
78158 -52.384 9.97 -4.39
80432 -52.384 9.97 -4.39
75368 -52.384 9.97 -4.39
67417 -52.384 9.97 -4.39
72488 -52.384 9.97 -4.39
77582 -52.384 9.97 -4.39
75736 -52.384 9.97 -4.39
76225 -52.384 9.97 -4.39
208470 -60.6246 29.28 4.15
195672 -60.6246 29.28 4.15
195795 -60.6246 29.28 4.15
192866 -60.6246 29.28 4.15
199361 -60.6246 29.28 4.15
199410 -60.6246 29.28 4.15
203036 -60.6246 29.28 4.15
198808 -60.6246 29.28 4.15
197235 -60.6246 29.28 4.15
202959 -60.6246 29.28 4.15
202410 -60.6246 29.28 4.15
194340 -60.6246 29.28 4.15
195355 -60.6246 29.28 4.15
193446 -60.6246 29.28 4.15
198743 -60.6246 29.28 4.15
195335 -60.6246 29.28 4.15
198702 -60.6246 29.28 4.15
200284 -60.6246 29.28 4.15
201890 -60.6246 29.28 4.15
202799 -60.6246 29.28 4.15
203910 -60.6246 29.28 4.15
201278 -60.6246 29.28 4.15
200976 -60.6246 29.28 4.15
193533 -60.6246 29.28 4.15
194817 -60.6246 29.28 4.15
203985 -60.6246 29.28 4.15
196091 -60.6246 29.28 4.15
198491 -60.6246 29.28 4.15
204499 -60.6246 29.28 4.15
204345 -60.6246 29.28 4.15
198721 -60.6246 29.28 4.15
206761 -60.6246 29.28 4.15
201188 -60.6246 29.28 4.15
194263 -60.6246 29.28 4.15
194548 -60.6246 29.28 4.15
203408 -60.6246 29.28 4.15
203348 -60.6246 29.28 4.15
193412 -60.6246 29.28 4.15
200419 -60.6246 29.28 4.15
173446 -59.4177 -14.58 20.98
175016 -59.4177 -14.58 20.98
176053 -59.4177 -14.58 20.98
177272 -59.4177 -14.58 20.98
172689 -59.4177 -14.58 20.98
174360 -59.4177 -14.58 20.98
175858 -59.4177 -14.58 20.98
165563 -59.4177 -14.58 20.98
165896 -59.4177 -14.58 20.98
165778 -59.4177 -14.58 20.98
165943 -59.4177 -14.58 20.98
176359 -59.4177 -14.58 20.98
174038 -59.4177 -14.58 20.98
180483 -59.4177 -14.58 20.98
182705 -59.4177 -14.58 20.98
165321 -59.4177 -14.58 20.98
180096 -59.4177 -14.58 20.98
171662 -59.4177 -14.58 20.98
172332 -59.4177 -14.58 20.98
171443 -59.4177 -14.58 20.98
175584 -59.4177 -14.58 20.98
171117 -59.4177 -14.58 20.98
179706 -59.4177 -14.58 20.98
173959 -59.4177 -14.58 20.98
177995 -59.4177 -14.58 20.98
171818 -59.4177 -14.58 20.98
170977 -59.4177 -14.58 20.98
176659 -59.4177 -14.58 20.98
171242 -59.4177 -14.58 20.98
168920 -59.4177 -14.58 20.98
171724 -59.4177 -14.58 20.98
174174 -59.4177 -14.58 20.98
167893 -59.4177 -14.58 20.98
169385 -59.4177 -14.58 20.98
171251 -59.4177 -14.58 20.98
175290 -59.4177 -14.58 20.98
167284 -59.4177 -14.58 20.98
174477 -59.4177 -14.58 20.98
174363 -59.4177 -14.58 20.98
251184 -63.1885 -28.31 28.75
262209 -63.1885 -28.31 28.75
263580 -63.1885 -28.31 28.75
268128 -63.1885 -28.31 28.75
264748 -63.1885 -28.31 28.75
261057 -63.1885 -28.31 28.75
257549 -63.1885 -28.31 28.75
261984 -63.1885 -28.31 28.75
267126 -63.1885 -28.31 28.75
262370 -63.1885 -28.31 28.75
259042 -63.1885 -28.31 28.75
263429 -63.1885 -28.31 28.75
257377 -63.1885 -28.31 28.75
257162 -63.1885 -28.31 28.75
259983 -63.1885 -28.31 28.75
261492 -63.1885 -28.31 28.75
258117 -63.1885 -28.31 28.75
262772 -63.1885 -28.31 28.75
254836 -63.1885 -28.31 28.75
260484 -63.1885 -28.31 28.75
259344 -63.1885 -28.31 28.75
261011 -63.1885 -28.31 28.75
265269 -63.1885 -28.31 28.75
256162 -63.1885 -28.31 28.75
264414 -63.1885 -28.31 28.75
275563 -63.1885 -28.31 28.75
264773 -63.1885 -28.31 28.75
260357 -63.1885 -28.31 28.75
253415 -63.1885 -28.31 28.75
257914 -63.1885 -28.31 28.75
265928 -63.1885 -28.31 28.75
258210 -63.1885 -28.31 28.75
263384 -63.1885 -28.31 28.75
256154 -63.1885 -28.31 28.75
260293 -63.1885 -28.31 28.75
260713 -63.1885 -28.31 28.75
260042 -63.1885 -28.31 28.75
256837 -63.1885 -28.31 28.75
259023 -63.1885 -28.31 28.75
