#rtt sig_str x y
166375 -59.0743 -24.15 -4.17
159076 -59.0743 -24.15 -4.17
160484 -59.0743 -24.15 -4.17
159226 -59.0743 -24.15 -4.17
164876 -59.0743 -24.15 -4.17
151563 -59.0743 -24.15 -4.17
163457 -59.0743 -24.15 -4.17
162438 -59.0743 -24.15 -4.17
158007 -59.0743 -24.15 -4.17
164759 -59.0743 -24.15 -4.17
165547 -59.0743 -24.15 -4.17
152959 -59.0743 -24.15 -4.17
155239 -59.0743 -24.15 -4.17
164019 -59.0743 -24.15 -4.17
166139 -59.0743 -24.15 -4.17
158098 -59.0743 -24.15 -4.17
160596 -59.0743 -24.15 -4.17
168011 -59.0743 -24.15 -4.17
166642 -59.0743 -24.15 -4.17
159433 -59.0743 -24.15 -4.17
156160 -59.0743 -24.15 -4.17
162776 -59.0743 -24.15 -4.17
154607 -59.0743 -24.15 -4.17
160389 -59.0743 -24.15 -4.17
160659 -59.0743 -24.15 -4.17
164319 -59.0743 -24.15 -4.17
158783 -59.0743 -24.15 -4.17
160241 -59.0743 -24.15 -4.17
161516 -59.0743 -24.15 -4.17
164395 -59.0743 -24.15 -4.17
167719 -59.0743 -24.15 -4.17
159280 -59.0743 -24.15 -4.17
161195 -59.0743 -24.15 -4.17
162848 -59.0743 -24.15 -4.17
155754 -59.0743 -24.15 -4.17
155508 -59.0743 -24.15 -4.17
161600 -59.0743 -24.15 -4.17
162594 -59.0743 -24.15 -4.17
169801 -59.0743 -24.15 -4.17
117804 -55.8261 15.68 -5.24
118050 -55.8261 15.68 -5.24
126007 -55.8261 15.68 -5.24
115860 -55.8261 15.68 -5.24
116813 -55.8261 15.68 -5.24
113626 -55.8261 15.68 -5.24
116708 -55.8261 15.68 -5.24
107849 -55.8261 15.68 -5.24
115268 -55.8261 15.68 -5.24
116668 -55.8261 15.68 -5.24
120507 -55.8261 15.68 -5.24
114862 -55.8261 15.68 -5.24
120693 -55.8261 15.68 -5.24
105606 -55.8261 15.68 -5.24
115927 -55.8261 15.68 -5.24
106605 -55.8261 15.68 -5.24
119230 -55.8261 15.68 -5.24
122584 -55.8261 15.68 -5.24
110822 -55.8261 15.68 -5.24
116382 -55.8261 15.68 -5.24
122031 -55.8261 15.68 -5.24
116618 -55.8261 15.68 -5.24
119599 -55.8261 15.68 -5.24
113381 -55.8261 15.68 -5.24
126938 -55.8261 15.68 -5.24
108074 -55.8261 15.68 -5.24
113150 -55.8261 15.68 -5.24
120090 -55.8261 15.68 -5.24
116625 -55.8261 15.68 -5.24
113875 -55.8261 15.68 -5.24
105885 -55.8261 15.68 -5.24
116380 -55.8261 15.68 -5.24
114573 -55.8261 15.68 -5.24
122897 -55.8261 15.68 -5.24
109953 -55.8261 15.68 -5.24
110317 -55.8261 15.68 -5.24
112881 -55.8261 15.68 -5.24
119672 -55.8261 15.68 -5.24
116205 -55.8261 15.68 -5.24
135640 -57.3731 -15.19 12.92
137784 -57.3731 -15.19 12.92
131328 -57.3731 -15.19 12.92
139441 -57.3731 -15.19 12.92
133986 -57.3731 -15.19 12.92
144061 -57.3731 -15.19 12.92
134277 -57.3731 -15.19 12.92
137156 -57.3731 -15.19 12.92
142542 -57.3731 -15.19 12.92
144195 -57.3731 -15.19 12.92
135412 -57.3731 -15.19 12.92
136393 -57.3731 -15.19 12.92
140804 -57.3731 -15.19 12.92
141642 -57.3731 -15.19 12.92
135084 -57.3731 -15.19 12.92
138055 -57.3731 -15.19 12.92
137435 -57.3731 -15.19 12.92
136354 -57.3731 -15.19 12.92
144775 -57.3731 -15.19 12.92
139483 -57.3731 -15.19 12.92
137012 -57.3731 -15.19 12.92
137505 -57.3731 -15.19 12.92
134818 -57.3731 -15.19 12.92
143012 -57.3731 -15.19 12.92
136041 -57.3731 -15.19 12.92
137032 -57.3731 -15.19 12.92
141180 -57.3731 -15.19 12.92
136452 -57.3731 -15.19 12.92
136935 -57.3731 -15.19 12.92
137843 -57.3731 -15.19 12.92
131375 -57.3731 -15.19 12.92
131477 -57.3731 -15.19 12.92
144374 -57.3731 -15.19 12.92
131766 -57.3731 -15.19 12.92
138619 -57.3731 -15.19 12.92
138505 -57.3731 -15.19 12.92
132629 -57.3731 -15.19 12.92
131227 -57.3731 -15.19 12.92
139928 -57.3731 -15.19 12.92
187129 -59.604 -21.72 -14.53
191358 -59.604 -21.72 -14.53
185798 -59.604 -21.72 -14.53
172428 -59.604 -21.72 -14.53
186698 -59.604 -21.72 -14.53
186825 -59.604 -21.72 -14.53
184359 -59.604 -21.72 -14.53
186606 -59.604 -21.72 -14.53
185456 -59.604 -21.72 -14.53
186913 -59.604 -21.72 -14.53
189543 -59.604 -21.72 -14.53
180339 -59.604 -21.72 -14.53
184340 -59.604 -21.72 -14.53
184348 -59.604 -21.72 -14.53
185876 -59.604 -21.72 -14.53
184819 -59.604 -21.72 -14.53
188655 -59.604 -21.72 -14.53
188293 -59.604 -21.72 -14.53
182622 -59.604 -21.72 -14.53
183763 -59.604 -21.72 -14.53
180241 -59.604 -21.72 -14.53
191839 -59.604 -21.72 -14.53
191750 -59.604 -21.72 -14.53
190979 -59.604 -21.72 -14.53
186560 -59.604 -21.72 -14.53
186409 -59.604 -21.72 -14.53
184977 -59.604 -21.72 -14.53
180045 -59.604 -21.72 -14.53
189543 -59.604 -21.72 -14.53
190859 -59.604 -21.72 -14.53
195672 -59.604 -21.72 -14.53
182262 -59.604 -21.72 -14.53
190451 -59.604 -21.72 -14.53
192870 -59.604 -21.72 -14.53
185326 -59.604 -21.72 -14.53
184880 -59.604 -21.72 -14.53
181173 -59.604 -21.72 -14.53
191209 -59.604 -21.72 -14.53
191168 -59.604 -21.72 -14.53
96261 -54.8032 -10.11 10.54
94061 -54.8032 -10.11 10.54
90352 -54.8032 -10.11 10.54
89163 -54.8032 -10.11 10.54
91629 -54.8032 -10.11 10.54
92784 -54.8032 -10.11 10.54
95895 -54.8032 -10.11 10.54
90079 -54.8032 -10.11 10.54
89184 -54.8032 -10.11 10.54
90594 -54.8032 -10.11 10.54
96220 -54.8032 -10.11 10.54
94258 -54.8032 -10.11 10.54
91419 -54.8032 -10.11 10.54
92685 -54.8032 -10.11 10.54
95808 -54.8032 -10.11 10.54
91085 -54.8032 -10.11 10.54
91497 -54.8032 -10.11 10.54
89698 -54.8032 -10.11 10.54
92609 -54.8032 -10.11 10.54
90328 -54.8032 -10.11 10.54
92841 -54.8032 -10.11 10.54
85618 -54.8032 -10.11 10.54
87013 -54.8032 -10.11 10.54
89788 -54.8032 -10.11 10.54
96794 -54.8032 -10.11 10.54
82532 -54.8032 -10.11 10.54
97426 -54.8032 -10.11 10.54
87609 -54.8032 -10.11 10.54
94726 -54.8032 -10.11 10.54
96253 -54.8032 -10.11 10.54
89495 -54.8032 -10.11 10.54
90077 -54.8032 -10.11 10.54
90578 -54.8032 -10.11 10.54
93222 -54.8032 -10.11 10.54
91934 -54.8032 -10.11 10.54
86913 -54.8032 -10.11 10.54
94164 -54.8032 -10.11 10.54
96530 -54.8032 -10.11 10.54
91178 -54.8032 -10.11 10.54
252811 -62.528 -25.02 -27.59
252607 -62.528 -25.02 -27.59
248054 -62.528 -25.02 -27.59
249937 -62.528 -25.02 -27.59
256064 -62.528 -25.02 -27.59
254072 -62.528 -25.02 -27.59
259969 -62.528 -25.02 -27.59
247554 -62.528 -25.02 -27.59
255138 -62.528 -25.02 -27.59
261670 -62.528 -25.02 -27.59
247286 -62.528 -25.02 -27.59
252227 -62.528 -25.02 -27.59
251197 -62.528 -25.02 -27.59
256930 -62.528 -25.02 -27.59
257199 -62.528 -25.02 -27.59
251567 -62.528 -25.02 -27.59
261307 -62.528 -25.02 -27.59
252649 -62.528 -25.02 -27.59
252276 -62.528 -25.02 -27.59
257240 -62.528 -25.02 -27.59
253113 -62.528 -25.02 -27.59
257733 -62.528 -25.02 -27.59
251668 -62.528 -25.02 -27.59
253686 -62.528 -25.02 -27.59
259236 -62.528 -25.02 -27.59
257756 -62.528 -25.02 -27.59
252248 -62.528 -25.02 -27.59
250855 -62.528 -25.02 -27.59
255547 -62.528 -25.02 -27.59
255974 -62.528 -25.02 -27.59
251785 -62.528 -25.02 -27.59
255612 -62.528 -25.02 -27.59
249939 -62.528 -25.02 -27.59
255210 -62.528 -25.02 -27.59
254789 -62.528 -25.02 -27.59
247921 -62.528 -25.02 -27.59
252147 -62.528 -25.02 -27.59
255102 -62.528 -25.02 -27.59
245630 -62.528 -25.02 -27.59
177945 -59.2924 10.32 -22.95
169906 -59.2924 10.32 -22.95
170493 -59.2924 10.32 -22.95
174518 -59.2924 10.32 -22.95
181648 -59.2924 10.32 -22.95
175401 -59.2924 10.32 -22.95
177593 -59.2924 10.32 -22.95
170615 -59.2924 10.32 -22.95
180044 -59.2924 10.32 -22.95
178178 -59.2924 10.32 -22.95
178445 -59.2924 10.32 -22.95
169059 -59.2924 10.32 -22.95
181083 -59.2924 10.32 -22.95
174097 -59.2924 10.32 -22.95
177829 -59.2924 10.32 -22.95
174219 -59.2924 10.32 -22.95
181784 -59.2924 10.32 -22.95
173559 -59.2924 10.32 -22.95
171892 -59.2924 10.32 -22.95
177531 -59.2924 10.32 -22.95
175156 -59.2924 10.32 -22.95
179137 -59.2924 10.32 -22.95
172675 -59.2924 10.32 -22.95
172706 -59.2924 10.32 -22.95
176036 -59.2924 10.32 -22.95
175345 -59.2924 10.32 -22.95
175360 -59.2924 10.32 -22.95
168041 -59.2924 10.32 -22.95
176556 -59.2924 10.32 -22.95
180023 -59.2924 10.32 -22.95
186677 -59.2924 10.32 -22.95
180208 -59.2924 10.32 -22.95
175855 -59.2924 10.32 -22.95
176315 -59.2924 10.32 -22.95
170052 -59.2924 10.32 -22.95
174532 -59.2924 10.32 -22.95
178559 -59.2924 10.32 -22.95
180527 -59.2924 10.32 -22.95
173530 -59.2924 10.32 -22.95
229802 -61.9641 18.4 -29.52
228338 -61.9641 18.4 -29.52
233948 -61.9641 18.4 -29.52
231227 -61.9641 18.4 -29.52
227827 -61.9641 18.4 -29.52
229371 -61.9641 18.4 -29.52
230662 -61.9641 18.4 -29.52
217800 -61.9641 18.4 -29.52
230866 -61.9641 18.4 -29.52
223917 -61.9641 18.4 -29.52
222317 -61.9641 18.4 -29.52
234816 -61.9641 18.4 -29.52
229947 -61.9641 18.4 -29.52
234395 -61.9641 18.4 -29.52
233090 -61.9641 18.4 -29.52
234743 -61.9641 18.4 -29.52
232669 -61.9641 18.4 -29.52
231395 -61.9641 18.4 -29.52
235459 -61.9641 18.4 -29.52
234972 -61.9641 18.4 -29.52
229964 -61.9641 18.4 -29.52
231966 -61.9641 18.4 -29.52
222414 -61.9641 18.4 -29.52
224693 -61.9641 18.4 -29.52
234465 -61.9641 18.4 -29.52
233015 -61.9641 18.4 -29.52
231336 -61.9641 18.4 -29.52
228646 -61.9641 18.4 -29.52
224114 -61.9641 18.4 -29.52
232326 -61.9641 18.4 -29.52
223062 -61.9641 18.4 -29.52
225276 -61.9641 18.4 -29.52
239061 -61.9641 18.4 -29.52
226941 -61.9641 18.4 -29.52
219678 -61.9641 18.4 -29.52
236065 -61.9641 18.4 -29.52
217706 -61.9641 18.4 -29.52
232909 -61.9641 18.4 -29.52
223653 -61.9641 18.4 -29.52
275438 -63.2946 28.97 28.83
257340 -63.2946 28.97 28.83
269883 -63.2946 28.97 28.83
263140 -63.2946 28.97 28.83
271483 -63.2946 28.97 28.83
277319 -63.2946 28.97 28.83
272066 -63.2946 28.97 28.83
266855 -63.2946 28.97 28.83
266864 -63.2946 28.97 28.83
278623 -63.2946 28.97 28.83
268048 -63.2946 28.97 28.83
265397 -63.2946 28.97 28.83
274041 -63.2946 28.97 28.83
265064 -63.2946 28.97 28.83
276812 -63.2946 28.97 28.83
274449 -63.2946 28.97 28.83
266545 -63.2946 28.97 28.83
273848 -63.2946 28.97 28.83
276210 -63.2946 28.97 28.83
277528 -63.2946 28.97 28.83
280507 -63.2946 28.97 28.83
279840 -63.2946 28.97 28.83
265551 -63.2946 28.97 28.83
266666 -63.2946 28.97 28.83
279350 -63.2946 28.97 28.83
284180 -63.2946 28.97 28.83
268833 -63.2946 28.97 28.83
273635 -63.2946 28.97 28.83
269154 -63.2946 28.97 28.83
262610 -63.2946 28.97 28.83
271900 -63.2946 28.97 28.83
266154 -63.2946 28.97 28.83
274699 -63.2946 28.97 28.83
273352 -63.2946 28.97 28.83
269660 -63.2946 28.97 28.83
268723 -63.2946 28.97 28.83
267293 -63.2946 28.97 28.83
270858 -63.2946 28.97 28.83
275706 -63.2946 28.97 28.83
59609 -51.8672 8.14 6.2
57814 -51.8672 8.14 6.2
58973 -51.8672 8.14 6.2
60719 -51.8672 8.14 6.2
54004 -51.8672 8.14 6.2
69118 -51.8672 8.14 6.2
51311 -51.8672 8.14 6.2
58408 -51.8672 8.14 6.2
65503 -51.8672 8.14 6.2
60955 -51.8672 8.14 6.2
57568 -51.8672 8.14 6.2
63548 -51.8672 8.14 6.2
59817 -51.8672 8.14 6.2
61533 -51.8672 8.14 6.2
59762 -51.8672 8.14 6.2
63523 -51.8672 8.14 6.2
55341 -51.8672 8.14 6.2
64232 -51.8672 8.14 6.2
58394 -51.8672 8.14 6.2
56926 -51.8672 8.14 6.2
61708 -51.8672 8.14 6.2
56398 -51.8672 8.14 6.2
67126 -51.8672 8.14 6.2
65479 -51.8672 8.14 6.2
60019 -51.8672 8.14 6.2
55192 -51.8672 8.14 6.2
61342 -51.8672 8.14 6.2
55961 -51.8672 8.14 6.2
63542 -51.8672 8.14 6.2
58549 -51.8672 8.14 6.2
60593 -51.8672 8.14 6.2
57839 -51.8672 8.14 6.2
55691 -51.8672 8.14 6.2
61819 -51.8672 8.14 6.2
61060 -51.8672 8.14 6.2
61709 -51.8672 8.14 6.2
57711 -51.8672 8.14 6.2
64055 -51.8672 8.14 6.2
62319 -51.8672 8.14 6.2
