#rtt sig_str x y
168024 -58.848 5.29 23.25
156566 -58.848 5.29 23.25
161399 -58.848 5.29 23.25
158325 -58.848 5.29 23.25
162019 -58.848 5.29 23.25
165535 -58.848 5.29 23.25
159778 -58.848 5.29 23.25
159443 -58.848 5.29 23.25
163543 -58.848 5.29 23.25
164373 -58.848 5.29 23.25
163386 -58.848 5.29 23.25
159620 -58.848 5.29 23.25
160788 -58.848 5.29 23.25
157617 -58.848 5.29 23.25
154232 -58.848 5.29 23.25
165335 -58.848 5.29 23.25
164622 -58.848 5.29 23.25
160540 -58.848 5.29 23.25
162292 -58.848 5.29 23.25
167820 -58.848 5.29 23.25
160092 -58.848 5.29 23.25
159964 -58.848 5.29 23.25
158908 -58.848 5.29 23.25
160634 -58.848 5.29 23.25
155084 -58.848 5.29 23.25
165839 -58.848 5.29 23.25
163682 -58.848 5.29 23.25
158486 -58.848 5.29 23.25
160291 -58.848 5.29 23.25
166966 -58.848 5.29 23.25
162630 -58.848 5.29 23.25
159513 -58.848 5.29 23.25
157921 -58.848 5.29 23.25
166448 -58.848 5.29 23.25
162749 -58.848 5.29 23.25
156622 -58.848 5.29 23.25
160099 -58.848 5.29 23.25
166127 -58.848 5.29 23.25
163647 -58.848 5.29 23.25
251724 -62.3026 23.87 27.27
240773 -62.3026 23.87 27.27
239276 -62.3026 23.87 27.27
240703 -62.3026 23.87 27.27
246948 -62.3026 23.87 27.27
240100 -62.3026 23.87 27.27
233360 -62.3026 23.87 27.27
239021 -62.3026 23.87 27.27
240724 -62.3026 23.87 27.27
240441 -62.3026 23.87 27.27
244630 -62.3026 23.87 27.27
240851 -62.3026 23.87 27.27
241627 -62.3026 23.87 27.27
248527 -62.3026 23.87 27.27
242013 -62.3026 23.87 27.27
246865 -62.3026 23.87 27.27
236887 -62.3026 23.87 27.27
244778 -62.3026 23.87 27.27
244206 -62.3026 23.87 27.27
234313 -62.3026 23.87 27.27
243794 -62.3026 23.87 27.27
241596 -62.3026 23.87 27.27
251710 -62.3026 23.87 27.27
242721 -62.3026 23.87 27.27
239457 -62.3026 23.87 27.27
239602 -62.3026 23.87 27.27
234821 -62.3026 23.87 27.27
237899 -62.3026 23.87 27.27
233936 -62.3026 23.87 27.27
239889 -62.3026 23.87 27.27
241394 -62.3026 23.87 27.27
247803 -62.3026 23.87 27.27
238048 -62.3026 23.87 27.27
233227 -62.3026 23.87 27.27
241618 -62.3026 23.87 27.27
242879 -62.3026 23.87 27.27
241027 -62.3026 23.87 27.27
246180 -62.3026 23.87 27.27
236081 -62.3026 23.87 27.27
124250 -57.5217 18.95 7.29
133368 -57.5217 18.95 7.29
129627 -57.5217 18.95 7.29
123797 -57.5217 18.95 7.29
126758 -57.5217 18.95 7.29
133176 -57.5217 18.95 7.29
122265 -57.5217 18.95 7.29
127435 -57.5217 18.95 7.29
133698 -57.5217 18.95 7.29
132630 -57.5217 18.95 7.29
122421 -57.5217 18.95 7.29
128226 -57.5217 18.95 7.29
131543 -57.5217 18.95 7.29
130354 -57.5217 18.95 7.29
124205 -57.5217 18.95 7.29
131002 -57.5217 18.95 7.29
132299 -57.5217 18.95 7.29
123874 -57.5217 18.95 7.29
133168 -57.5217 18.95 7.29
128345 -57.5217 18.95 7.29
134306 -57.5217 18.95 7.29
133516 -57.5217 18.95 7.29
132195 -57.5217 18.95 7.29
127010 -57.5217 18.95 7.29
134869 -57.5217 18.95 7.29
129367 -57.5217 18.95 7.29
128125 -57.5217 18.95 7.29
133602 -57.5217 18.95 7.29
127350 -57.5217 18.95 7.29
134309 -57.5217 18.95 7.29
126609 -57.5217 18.95 7.29
135562 -57.5217 18.95 7.29
133967 -57.5217 18.95 7.29
127686 -57.5217 18.95 7.29
126837 -57.5217 18.95 7.29
125183 -57.5217 18.95 7.29
133188 -57.5217 18.95 7.29
130194 -57.5217 18.95 7.29
130900 -57.5217 18.95 7.29
197737 -60.4902 -27.85 8.42
191493 -60.4902 -27.85 8.42
198372 -60.4902 -27.85 8.42
189553 -60.4902 -27.85 8.42
189075 -60.4902 -27.85 8.42
198047 -60.4902 -27.85 8.42
196672 -60.4902 -27.85 8.42
192252 -60.4902 -27.85 8.42
192907 -60.4902 -27.85 8.42
194686 -60.4902 -27.85 8.42
191599 -60.4902 -27.85 8.42
192818 -60.4902 -27.85 8.42
189316 -60.4902 -27.85 8.42
196560 -60.4902 -27.85 8.42
189645 -60.4902 -27.85 8.42
189063 -60.4902 -27.85 8.42
194228 -60.4902 -27.85 8.42
191103 -60.4902 -27.85 8.42
196966 -60.4902 -27.85 8.42
196195 -60.4902 -27.85 8.42
202803 -60.4902 -27.85 8.42
198881 -60.4902 -27.85 8.42
190799 -60.4902 -27.85 8.42
195573 -60.4902 -27.85 8.42
196412 -60.4902 -27.85 8.42
190991 -60.4902 -27.85 8.42
187391 -60.4902 -27.85 8.42
194839 -60.4902 -27.85 8.42
186664 -60.4902 -27.85 8.42
196958 -60.4902 -27.85 8.42
197651 -60.4902 -27.85 8.42
192406 -60.4902 -27.85 8.42
193137 -60.4902 -27.85 8.42
190875 -60.4902 -27.85 8.42
184008 -60.4902 -27.85 8.42
193080 -60.4902 -27.85 8.42
193972 -60.4902 -27.85 8.42
191497 -60.4902 -27.85 8.42
190921 -60.4902 -27.85 8.42
190570 -60.5703 11.51 27.03
196656 -60.5703 11.51 27.03
192833 -60.5703 11.51 27.03
191272 -60.5703 11.51 27.03
184025 -60.5703 11.51 27.03
181837 -60.5703 11.51 27.03
186127 -60.5703 11.51 27.03
197690 -60.5703 11.51 27.03
179016 -60.5703 11.51 27.03
194593 -60.5703 11.51 27.03
184178 -60.5703 11.51 27.03
187327 -60.5703 11.51 27.03
196790 -60.5703 11.51 27.03
194335 -60.5703 11.51 27.03
188853 -60.5703 11.51 27.03
193305 -60.5703 11.51 27.03
194989 -60.5703 11.51 27.03
189136 -60.5703 11.51 27.03
193382 -60.5703 11.51 27.03
185401 -60.5703 11.51 27.03
198135 -60.5703 11.51 27.03
188610 -60.5703 11.51 27.03
192215 -60.5703 11.51 27.03
192570 -60.5703 11.51 27.03
186328 -60.5703 11.51 27.03
194845 -60.5703 11.51 27.03
181817 -60.5703 11.51 27.03
192302 -60.5703 11.51 27.03
182558 -60.5703 11.51 27.03
190523 -60.5703 11.51 27.03
195674 -60.5703 11.51 27.03
185718 -60.5703 11.51 27.03
189271 -60.5703 11.51 27.03
190498 -60.5703 11.51 27.03
188969 -60.5703 11.51 27.03
195790 -60.5703 11.51 27.03
197298 -60.5703 11.51 27.03
194703 -60.5703 11.51 27.03
190397 -60.5703 11.51 27.03
86746 -53.6306 -7.28 10.37
85344 -53.6306 -7.28 10.37
85187 -53.6306 -7.28 10.37
80315 -53.6306 -7.28 10.37
87301 -53.6306 -7.28 10.37
82781 -53.6306 -7.28 10.37
82162 -53.6306 -7.28 10.37
84354 -53.6306 -7.28 10.37
83198 -53.6306 -7.28 10.37
87403 -53.6306 -7.28 10.37
87152 -53.6306 -7.28 10.37
82670 -53.6306 -7.28 10.37
85583 -53.6306 -7.28 10.37
89952 -53.6306 -7.28 10.37
81262 -53.6306 -7.28 10.37
82551 -53.6306 -7.28 10.37
82785 -53.6306 -7.28 10.37
88204 -53.6306 -7.28 10.37
86984 -53.6306 -7.28 10.37
81645 -53.6306 -7.28 10.37
81169 -53.6306 -7.28 10.37
83592 -53.6306 -7.28 10.37
79032 -53.6306 -7.28 10.37
88922 -53.6306 -7.28 10.37
83850 -53.6306 -7.28 10.37
85783 -53.6306 -7.28 10.37
88909 -53.6306 -7.28 10.37
87049 -53.6306 -7.28 10.37
86814 -53.6306 -7.28 10.37
85350 -53.6306 -7.28 10.37
88027 -53.6306 -7.28 10.37
82745 -53.6306 -7.28 10.37
86771 -53.6306 -7.28 10.37
88352 -53.6306 -7.28 10.37
81042 -53.6306 -7.28 10.37
81715 -53.6306 -7.28 10.37
83814 -53.6306 -7.28 10.37
80803 -53.6306 -7.28 10.37
80725 -53.6306 -7.28 10.37
176845 -60.0407 1.11 -27.53
181755 -60.0407 1.11 -27.53
178029 -60.0407 1.11 -27.53
182941 -60.0407 1.11 -27.53
185568 -60.0407 1.11 -27.53
182760 -60.0407 1.11 -27.53
179549 -60.0407 1.11 -27.53
176494 -60.0407 1.11 -27.53
186091 -60.0407 1.11 -27.53
182214 -60.0407 1.11 -27.53
184133 -60.0407 1.11 -27.53
180560 -60.0407 1.11 -27.53
175109 -60.0407 1.11 -27.53
178187 -60.0407 1.11 -27.53
185017 -60.0407 1.11 -27.53
184325 -60.0407 1.11 -27.53
187848 -60.0407 1.11 -27.53
179931 -60.0407 1.11 -27.53
183841 -60.0407 1.11 -27.53
181317 -60.0407 1.11 -27.53
187055 -60.0407 1.11 -27.53
180069 -60.0407 1.11 -27.53
179356 -60.0407 1.11 -27.53
174340 -60.0407 1.11 -27.53
178046 -60.0407 1.11 -27.53
188062 -60.0407 1.11 -27.53
181877 -60.0407 1.11 -27.53
181850 -60.0407 1.11 -27.53
180826 -60.0407 1.11 -27.53
184669 -60.0407 1.11 -27.53
185846 -60.0407 1.11 -27.53
183471 -60.0407 1.11 -27.53
182050 -60.0407 1.11 -27.53
180963 -60.0407 1.11 -27.53
190677 -60.0407 1.11 -27.53
179481 -60.0407 1.11 -27.53
186613 -60.0407 1.11 -27.53
182133 -60.0407 1.11 -27.53
178543 -60.0407 1.11 -27.53
158254 -58.4006 9.48 20.5
159676 -58.4006 9.48 20.5
153758 -58.4006 9.48 20.5
146999 -58.4006 9.48 20.5
154181 -58.4006 9.48 20.5
153324 -58.4006 9.48 20.5
162568 -58.4006 9.48 20.5
158260 -58.4006 9.48 20.5
158769 -58.4006 9.48 20.5
154293 -58.4006 9.48 20.5
157375 -58.4006 9.48 20.5
150755 -58.4006 9.48 20.5
159054 -58.4006 9.48 20.5
156703 -58.4006 9.48 20.5
157424 -58.4006 9.48 20.5
158968 -58.4006 9.48 20.5
157334 -58.4006 9.48 20.5
146852 -58.4006 9.48 20.5
160238 -58.4006 9.48 20.5
155792 -58.4006 9.48 20.5
156513 -58.4006 9.48 20.5
160154 -58.4006 9.48 20.5
155836 -58.4006 9.48 20.5
153433 -58.4006 9.48 20.5
155856 -58.4006 9.48 20.5
148916 -58.4006 9.48 20.5
148286 -58.4006 9.48 20.5
155579 -58.4006 9.48 20.5
148298 -58.4006 9.48 20.5
152050 -58.4006 9.48 20.5
149898 -58.4006 9.48 20.5
155749 -58.4006 9.48 20.5
152152 -58.4006 9.48 20.5
154470 -58.4006 9.48 20.5
154735 -58.4006 9.48 20.5
157497 -58.4006 9.48 20.5
155594 -58.4006 9.48 20.5
154095 -58.4006 9.48 20.5
151260 -58.4006 9.48 20.5
167034 -59.697 -18.37 19
174123 -59.697 -18.37 19
170588 -59.697 -18.37 19
163770 -59.697 -18.37 19
164560 -59.697 -18.37 19
176979 -59.697 -18.37 19
176728 -59.697 -18.37 19
173122 -59.697 -18.37 19
170781 -59.697 -18.37 19
170241 -59.697 -18.37 19
176274 -59.697 -18.37 19
176159 -59.697 -18.37 19
163647 -59.697 -18.37 19
171347 -59.697 -18.37 19
171592 -59.697 -18.37 19
175364 -59.697 -18.37 19
171999 -59.697 -18.37 19
170243 -59.697 -18.37 19
169761 -59.697 -18.37 19
173163 -59.697 -18.37 19
175402 -59.697 -18.37 19
179052 -59.697 -18.37 19
171181 -59.697 -18.37 19
167912 -59.697 -18.37 19
173807 -59.697 -18.37 19
176302 -59.697 -18.37 19
177011 -59.697 -18.37 19
166323 -59.697 -18.37 19
172836 -59.697 -18.37 19
168993 -59.697 -18.37 19
177876 -59.697 -18.37 19
169276 -59.697 -18.37 19
172606 -59.697 -18.37 19
166746 -59.697 -18.37 19
170505 -59.697 -18.37 19
174357 -59.697 -18.37 19
174809 -59.697 -18.37 19
170792 -59.697 -18.37 19
173898 -59.697 -18.37 19
137539 -58.0967 -13.66 16.95
143823 -58.0967 -13.66 16.95
140993 -58.0967 -13.66 16.95
146312 -58.0967 -13.66 16.95
137357 -58.0967 -13.66 16.95
136501 -58.0967 -13.66 16.95
144904 -58.0967 -13.66 16.95
137802 -58.0967 -13.66 16.95
141257 -58.0967 -13.66 16.95
144205 -58.0967 -13.66 16.95
138677 -58.0967 -13.66 16.95
137992 -58.0967 -13.66 16.95
141156 -58.0967 -13.66 16.95
140914 -58.0967 -13.66 16.95
136149 -58.0967 -13.66 16.95
138702 -58.0967 -13.66 16.95
143928 -58.0967 -13.66 16.95
139870 -58.0967 -13.66 16.95
142600 -58.0967 -13.66 16.95
140115 -58.0967 -13.66 16.95
144884 -58.0967 -13.66 16.95
134567 -58.0967 -13.66 16.95
143059 -58.0967 -13.66 16.95
144155 -58.0967 -13.66 16.95
136113 -58.0967 -13.66 16.95
139972 -58.0967 -13.66 16.95
140725 -58.0967 -13.66 16.95
144151 -58.0967 -13.66 16.95
139789 -58.0967 -13.66 16.95
142277 -58.0967 -13.66 16.95
137421 -58.0967 -13.66 16.95
136089 -58.0967 -13.66 16.95
140165 -58.0967 -13.66 16.95
144146 -58.0967 -13.66 16.95
136045 -58.0967 -13.66 16.95
139385 -58.0967 -13.66 16.95
147351 -58.0967 -13.66 16.95
141167 -58.0967 -13.66 16.95
141574 -58.0967 -13.66 16.95
