#rtt sig_str x y
215270 -61.4021 -27.08 17.96
215915 -61.4021 -27.08 17.96
209872 -61.4021 -27.08 17.96
218716 -61.4021 -27.08 17.96
217674 -61.4021 -27.08 17.96
210287 -61.4021 -27.08 17.96
217246 -61.4021 -27.08 17.96
208448 -61.4021 -27.08 17.96
215053 -61.4021 -27.08 17.96
219686 -61.4021 -27.08 17.96
215044 -61.4021 -27.08 17.96
206646 -61.4021 -27.08 17.96
205423 -61.4021 -27.08 17.96
208905 -61.4021 -27.08 17.96
212956 -61.4021 -27.08 17.96
214288 -61.4021 -27.08 17.96
207491 -61.4021 -27.08 17.96
211227 -61.4021 -27.08 17.96
214026 -61.4021 -27.08 17.96
216611 -61.4021 -27.08 17.96
207260 -61.4021 -27.08 17.96
213384 -61.4021 -27.08 17.96
211444 -61.4021 -27.08 17.96
211873 -61.4021 -27.08 17.96
210358 -61.4021 -27.08 17.96
209945 -61.4021 -27.08 17.96
206023 -61.4021 -27.08 17.96
207039 -61.4021 -27.08 17.96
210704 -61.4021 -27.08 17.96
211515 -61.4021 -27.08 17.96
212638 -61.4021 -27.08 17.96
211081 -61.4021 -27.08 17.96
217495 -61.4021 -27.08 17.96
213082 -61.4021 -27.08 17.96
211567 -61.4021 -27.08 17.96
214127 -61.4021 -27.08 17.96
213833 -61.4021 -27.08 17.96
203457 -61.4021 -27.08 17.96
215207 -61.4021 -27.08 17.96
107218 -55.8768 -12.66 10.79
110169 -55.8768 -12.66 10.79
106428 -55.8768 -12.66 10.79
114673 -55.8768 -12.66 10.79
120051 -55.8768 -12.66 10.79
121216 -55.8768 -12.66 10.79
113927 -55.8768 -12.66 10.79
113571 -55.8768 -12.66 10.79
109682 -55.8768 -12.66 10.79
105259 -55.8768 -12.66 10.79
111826 -55.8768 -12.66 10.79
109574 -55.8768 -12.66 10.79
114677 -55.8768 -12.66 10.79
116031 -55.8768 -12.66 10.79
118659 -55.8768 -12.66 10.79
116421 -55.8768 -12.66 10.79
102587 -55.8768 -12.66 10.79
114478 -55.8768 -12.66 10.79
104885 -55.8768 -12.66 10.79
104629 -55.8768 -12.66 10.79
111076 -55.8768 -12.66 10.79
106212 -55.8768 -12.66 10.79
106013 -55.8768 -12.66 10.79
114453 -55.8768 -12.66 10.79
115207 -55.8768 -12.66 10.79
116596 -55.8768 -12.66 10.79
115382 -55.8768 -12.66 10.79
113146 -55.8768 -12.66 10.79
110242 -55.8768 -12.66 10.79
120105 -55.8768 -12.66 10.79
108687 -55.8768 -12.66 10.79
109663 -55.8768 -12.66 10.79
108493 -55.8768 -12.66 10.79
111400 -55.8768 -12.66 10.79
112097 -55.8768 -12.66 10.79
113003 -55.8768 -12.66 10.79
113142 -55.8768 -12.66 10.79
103837 -55.8768 -12.66 10.79
114265 -55.8768 -12.66 10.79
215032 -60.97 13.26 -27.84
209987 -60.97 13.26 -27.84
212132 -60.97 13.26 -27.84
213447 -60.97 13.26 -27.84
214379 -60.97 13.26 -27.84
210094 -60.97 13.26 -27.84
210223 -60.97 13.26 -27.84
206944 -60.97 13.26 -27.84
212435 -60.97 13.26 -27.84
212434 -60.97 13.26 -27.84
213021 -60.97 13.26 -27.84
214100 -60.97 13.26 -27.84
212053 -60.97 13.26 -27.84
213144 -60.97 13.26 -27.84
212152 -60.97 13.26 -27.84
215586 -60.97 13.26 -27.84
204772 -60.97 13.26 -27.84
209670 -60.97 13.26 -27.84
215160 -60.97 13.26 -27.84
213736 -60.97 13.26 -27.84
212834 -60.97 13.26 -27.84
216158 -60.97 13.26 -27.84
208303 -60.97 13.26 -27.84
205787 -60.97 13.26 -27.84
201247 -60.97 13.26 -27.84
216537 -60.97 13.26 -27.84
220129 -60.97 13.26 -27.84
206922 -60.97 13.26 -27.84
215695 -60.97 13.26 -27.84
206914 -60.97 13.26 -27.84
208764 -60.97 13.26 -27.84
217864 -60.97 13.26 -27.84
212859 -60.97 13.26 -27.84
215627 -60.97 13.26 -27.84
205732 -60.97 13.26 -27.84
211941 -60.97 13.26 -27.84
208179 -60.97 13.26 -27.84
216513 -60.97 13.26 -27.84
212839 -60.97 13.26 -27.84
244975 -63.0089 -28.71 27.1
257685 -63.0089 -28.71 27.1
244530 -63.0089 -28.71 27.1
257497 -63.0089 -28.71 27.1
252619 -63.0089 -28.71 27.1
258468 -63.0089 -28.71 27.1
252078 -63.0089 -28.71 27.1
254457 -63.0089 -28.71 27.1
257576 -63.0089 -28.71 27.1
253415 -63.0089 -28.71 27.1
256027 -63.0089 -28.71 27.1
255577 -63.0089 -28.71 27.1
255472 -63.0089 -28.71 27.1
260359 -63.0089 -28.71 27.1
255614 -63.0089 -28.71 27.1
259575 -63.0089 -28.71 27.1
252608 -63.0089 -28.71 27.1
248342 -63.0089 -28.71 27.1
252402 -63.0089 -28.71 27.1
257146 -63.0089 -28.71 27.1
258961 -63.0089 -28.71 27.1
251073 -63.0089 -28.71 27.1
258499 -63.0089 -28.71 27.1
264740 -63.0089 -28.71 27.1
252478 -63.0089 -28.71 27.1
254434 -63.0089 -28.71 27.1
260056 -63.0089 -28.71 27.1
264924 -63.0089 -28.71 27.1
256593 -63.0089 -28.71 27.1
255032 -63.0089 -28.71 27.1
261396 -63.0089 -28.71 27.1
251006 -63.0089 -28.71 27.1
261913 -63.0089 -28.71 27.1
257931 -63.0089 -28.71 27.1
252510 -63.0089 -28.71 27.1
257163 -63.0089 -28.71 27.1
252354 -63.0089 -28.71 27.1
249991 -63.0089 -28.71 27.1
256660 -63.0089 -28.71 27.1
142102 -57.9032 -17.65 11.86
137818 -57.9032 -17.65 11.86
146820 -57.9032 -17.65 11.86
140349 -57.9032 -17.65 11.86
144460 -57.9032 -17.65 11.86
146315 -57.9032 -17.65 11.86
143957 -57.9032 -17.65 11.86
142991 -57.9032 -17.65 11.86
137412 -57.9032 -17.65 11.86
144708 -57.9032 -17.65 11.86
135948 -57.9032 -17.65 11.86
144050 -57.9032 -17.65 11.86
133709 -57.9032 -17.65 11.86
149045 -57.9032 -17.65 11.86
146625 -57.9032 -17.65 11.86
143194 -57.9032 -17.65 11.86
138606 -57.9032 -17.65 11.86
141207 -57.9032 -17.65 11.86
144431 -57.9032 -17.65 11.86
136208 -57.9032 -17.65 11.86
135688 -57.9032 -17.65 11.86
138300 -57.9032 -17.65 11.86
140695 -57.9032 -17.65 11.86
149971 -57.9032 -17.65 11.86
146858 -57.9032 -17.65 11.86
149534 -57.9032 -17.65 11.86
143032 -57.9032 -17.65 11.86
142239 -57.9032 -17.65 11.86
139059 -57.9032 -17.65 11.86
140969 -57.9032 -17.65 11.86
152525 -57.9032 -17.65 11.86
143207 -57.9032 -17.65 11.86
141014 -57.9032 -17.65 11.86
147467 -57.9032 -17.65 11.86
144116 -57.9032 -17.65 11.86
134452 -57.9032 -17.65 11.86
148212 -57.9032 -17.65 11.86
142870 -57.9032 -17.65 11.86
145485 -57.9032 -17.65 11.86
223861 -61.7572 -26.96 -20.59
229716 -61.7572 -26.96 -20.59
231344 -61.7572 -26.96 -20.59
227185 -61.7572 -26.96 -20.59
227812 -61.7572 -26.96 -20.59
224661 -61.7572 -26.96 -20.59
225816 -61.7572 -26.96 -20.59
220617 -61.7572 -26.96 -20.59
226012 -61.7572 -26.96 -20.59
232343 -61.7572 -26.96 -20.59
228882 -61.7572 -26.96 -20.59
234515 -61.7572 -26.96 -20.59
227022 -61.7572 -26.96 -20.59
224192 -61.7572 -26.96 -20.59
221146 -61.7572 -26.96 -20.59
221427 -61.7572 -26.96 -20.59
229859 -61.7572 -26.96 -20.59
221150 -61.7572 -26.96 -20.59
219417 -61.7572 -26.96 -20.59
228400 -61.7572 -26.96 -20.59
227996 -61.7572 -26.96 -20.59
234411 -61.7572 -26.96 -20.59
229705 -61.7572 -26.96 -20.59
234646 -61.7572 -26.96 -20.59
230537 -61.7572 -26.96 -20.59
226194 -61.7572 -26.96 -20.59
229622 -61.7572 -26.96 -20.59
229326 -61.7572 -26.96 -20.59
225290 -61.7572 -26.96 -20.59
223923 -61.7572 -26.96 -20.59
227559 -61.7572 -26.96 -20.59
232122 -61.7572 -26.96 -20.59
229036 -61.7572 -26.96 -20.59
218003 -61.7572 -26.96 -20.59
228824 -61.7572 -26.96 -20.59
230619 -61.7572 -26.96 -20.59
227620 -61.7572 -26.96 -20.59
224812 -61.7572 -26.96 -20.59
226253 -61.7572 -26.96 -20.59
164498 -58.8751 -11.87 20.77
162129 -58.8751 -11.87 20.77
164300 -58.8751 -11.87 20.77
170130 -58.8751 -11.87 20.77
158365 -58.8751 -11.87 20.77
158973 -58.8751 -11.87 20.77
170067 -58.8751 -11.87 20.77
166133 -58.8751 -11.87 20.77
163398 -58.8751 -11.87 20.77
163606 -58.8751 -11.87 20.77
156933 -58.8751 -11.87 20.77
166874 -58.8751 -11.87 20.77
169431 -58.8751 -11.87 20.77
161106 -58.8751 -11.87 20.77
170285 -58.8751 -11.87 20.77
171369 -58.8751 -11.87 20.77
159695 -58.8751 -11.87 20.77
166380 -58.8751 -11.87 20.77
157485 -58.8751 -11.87 20.77
159906 -58.8751 -11.87 20.77
162549 -58.8751 -11.87 20.77
169233 -58.8751 -11.87 20.77
163715 -58.8751 -11.87 20.77
164513 -58.8751 -11.87 20.77
166563 -58.8751 -11.87 20.77
165149 -58.8751 -11.87 20.77
163432 -58.8751 -11.87 20.77
171716 -58.8751 -11.87 20.77
166750 -58.8751 -11.87 20.77
170015 -58.8751 -11.87 20.77
161344 -58.8751 -11.87 20.77
158272 -58.8751 -11.87 20.77
160396 -58.8751 -11.87 20.77
160130 -58.8751 -11.87 20.77
158127 -58.8751 -11.87 20.77
163878 -58.8751 -11.87 20.77
165668 -58.8751 -11.87 20.77
164109 -58.8751 -11.87 20.77
164053 -58.8751 -11.87 20.77
86625 -54.2954 9.84 -9.58
85713 -54.2954 9.84 -9.58
86906 -54.2954 9.84 -9.58
87959 -54.2954 9.84 -9.58
76671 -54.2954 9.84 -9.58
83069 -54.2954 9.84 -9.58
82636 -54.2954 9.84 -9.58
87225 -54.2954 9.84 -9.58
84425 -54.2954 9.84 -9.58
92773 -54.2954 9.84 -9.58
88204 -54.2954 9.84 -9.58
91220 -54.2954 9.84 -9.58
89048 -54.2954 9.84 -9.58
86768 -54.2954 9.84 -9.58
88862 -54.2954 9.84 -9.58
86956 -54.2954 9.84 -9.58
86385 -54.2954 9.84 -9.58
84487 -54.2954 9.84 -9.58
84975 -54.2954 9.84 -9.58
77134 -54.2954 9.84 -9.58
88104 -54.2954 9.84 -9.58
79194 -54.2954 9.84 -9.58
86175 -54.2954 9.84 -9.58
84788 -54.2954 9.84 -9.58
84567 -54.2954 9.84 -9.58
91051 -54.2954 9.84 -9.58
85212 -54.2954 9.84 -9.58
88092 -54.2954 9.84 -9.58
89276 -54.2954 9.84 -9.58
79446 -54.2954 9.84 -9.58
93370 -54.2954 9.84 -9.58
84604 -54.2954 9.84 -9.58
92515 -54.2954 9.84 -9.58
79460 -54.2954 9.84 -9.58
88913 -54.2954 9.84 -9.58
81704 -54.2954 9.84 -9.58
85847 -54.2954 9.84 -9.58
87396 -54.2954 9.84 -9.58
76970 -54.2954 9.84 -9.58
142526 -58.4109 -11.52 19.46
140940 -58.4109 -11.52 19.46
143178 -58.4109 -11.52 19.46
155025 -58.4109 -11.52 19.46
143730 -58.4109 -11.52 19.46
146547 -58.4109 -11.52 19.46
145046 -58.4109 -11.52 19.46
142602 -58.4109 -11.52 19.46
146512 -58.4109 -11.52 19.46
147510 -58.4109 -11.52 19.46
145553 -58.4109 -11.52 19.46
145321 -58.4109 -11.52 19.46
149623 -58.4109 -11.52 19.46
149134 -58.4109 -11.52 19.46
147881 -58.4109 -11.52 19.46
140739 -58.4109 -11.52 19.46
143908 -58.4109 -11.52 19.46
150309 -58.4109 -11.52 19.46
139709 -58.4109 -11.52 19.46
143674 -58.4109 -11.52 19.46
141544 -58.4109 -11.52 19.46
145886 -58.4109 -11.52 19.46
138779 -58.4109 -11.52 19.46
141158 -58.4109 -11.52 19.46
139695 -58.4109 -11.52 19.46
147800 -58.4109 -11.52 19.46
140391 -58.4109 -11.52 19.46
141221 -58.4109 -11.52 19.46
145410 -58.4109 -11.52 19.46
148163 -58.4109 -11.52 19.46
143895 -58.4109 -11.52 19.46
144678 -58.4109 -11.52 19.46
138190 -58.4109 -11.52 19.46
150567 -58.4109 -11.52 19.46
148996 -58.4109 -11.52 19.46
138468 -58.4109 -11.52 19.46
147548 -58.4109 -11.52 19.46
148362 -58.4109 -11.52 19.46
139408 -58.4109 -11.52 19.46
138368 -57.461 5.02 -19.52
139296 -57.461 5.02 -19.52
136810 -57.461 5.02 -19.52
133948 -57.461 5.02 -19.52
126891 -57.461 5.02 -19.52
137378 -57.461 5.02 -19.52
134277 -57.461 5.02 -19.52
134420 -57.461 5.02 -19.52
132149 -57.461 5.02 -19.52
131766 -57.461 5.02 -19.52
136976 -57.461 5.02 -19.52
141207 -57.461 5.02 -19.52
138947 -57.461 5.02 -19.52
133811 -57.461 5.02 -19.52
140121 -57.461 5.02 -19.52
134143 -57.461 5.02 -19.52
143046 -57.461 5.02 -19.52
138184 -57.461 5.02 -19.52
138066 -57.461 5.02 -19.52
140608 -57.461 5.02 -19.52
136112 -57.461 5.02 -19.52
138472 -57.461 5.02 -19.52
141813 -57.461 5.02 -19.52
140841 -57.461 5.02 -19.52
134097 -57.461 5.02 -19.52
129255 -57.461 5.02 -19.52
142639 -57.461 5.02 -19.52
131959 -57.461 5.02 -19.52
133898 -57.461 5.02 -19.52
131885 -57.461 5.02 -19.52
136545 -57.461 5.02 -19.52
144124 -57.461 5.02 -19.52
136737 -57.461 5.02 -19.52
135578 -57.461 5.02 -19.52
135207 -57.461 5.02 -19.52
133024 -57.461 5.02 -19.52
141096 -57.461 5.02 -19.52
135018 -57.461 5.02 -19.52
138658 -57.461 5.02 -19.52
