#rtt sig_str x y
135579 -57.9119 -17.5 12.12
140917 -57.9119 -17.5 12.12
142078 -57.9119 -17.5 12.12
144272 -57.9119 -17.5 12.12
138128 -57.9119 -17.5 12.12
139832 -57.9119 -17.5 12.12
138741 -57.9119 -17.5 12.12
139326 -57.9119 -17.5 12.12
149162 -57.9119 -17.5 12.12
145321 -57.9119 -17.5 12.12
143449 -57.9119 -17.5 12.12
145141 -57.9119 -17.5 12.12
138895 -57.9119 -17.5 12.12
133311 -57.9119 -17.5 12.12
141623 -57.9119 -17.5 12.12
146564 -57.9119 -17.5 12.12
137685 -57.9119 -17.5 12.12
139796 -57.9119 -17.5 12.12
135229 -57.9119 -17.5 12.12
139687 -57.9119 -17.5 12.12
141429 -57.9119 -17.5 12.12
144157 -57.9119 -17.5 12.12
140032 -57.9119 -17.5 12.12
137528 -57.9119 -17.5 12.12
139123 -57.9119 -17.5 12.12
139057 -57.9119 -17.5 12.12
145911 -57.9119 -17.5 12.12
143799 -57.9119 -17.5 12.12
138563 -57.9119 -17.5 12.12
154346 -57.9119 -17.5 12.12
142394 -57.9119 -17.5 12.12
143392 -57.9119 -17.5 12.12
140200 -57.9119 -17.5 12.12
138941 -57.9119 -17.5 12.12
145116 -57.9119 -17.5 12.12
143871 -57.9119 -17.5 12.12
147852 -57.9119 -17.5 12.12
131768 -57.9119 -17.5 12.12
136122 -57.9119 -17.5 12.12
94313 -54.3793 -1.1 13.83
85894 -54.3793 -1.1 13.83
90636 -54.3793 -1.1 13.83
85582 -54.3793 -1.1 13.83
88981 -54.3793 -1.1 13.83
89931 -54.3793 -1.1 13.83
88775 -54.3793 -1.1 13.83
91381 -54.3793 -1.1 13.83
98132 -54.3793 -1.1 13.83
90668 -54.3793 -1.1 13.83
88880 -54.3793 -1.1 13.83
93576 -54.3793 -1.1 13.83
94168 -54.3793 -1.1 13.83
97469 -54.3793 -1.1 13.83
87291 -54.3793 -1.1 13.83
89273 -54.3793 -1.1 13.83
88552 -54.3793 -1.1 13.83
95473 -54.3793 -1.1 13.83
93446 -54.3793 -1.1 13.83
92813 -54.3793 -1.1 13.83
90683 -54.3793 -1.1 13.83
90599 -54.3793 -1.1 13.83
88557 -54.3793 -1.1 13.83
95421 -54.3793 -1.1 13.83
87807 -54.3793 -1.1 13.83
96217 -54.3793 -1.1 13.83
90910 -54.3793 -1.1 13.83
86645 -54.3793 -1.1 13.83
91956 -54.3793 -1.1 13.83
91103 -54.3793 -1.1 13.83
83090 -54.3793 -1.1 13.83
90352 -54.3793 -1.1 13.83
88136 -54.3793 -1.1 13.83
95984 -54.3793 -1.1 13.83
94795 -54.3793 -1.1 13.83
85601 -54.3793 -1.1 13.83
95038 -54.3793 -1.1 13.83
90282 -54.3793 -1.1 13.83
87325 -54.3793 -1.1 13.83
81040 -51.2802 -4.77 8.25
72707 -51.2802 -4.77 8.25
85781 -51.2802 -4.77 8.25
73798 -51.2802 -4.77 8.25
75585 -51.2802 -4.77 8.25
74092 -51.2802 -4.77 8.25
82434 -51.2802 -4.77 8.25
81759 -51.2802 -4.77 8.25
76406 -51.2802 -4.77 8.25
77206 -51.2802 -4.77 8.25
78124 -51.2802 -4.77 8.25
81046 -51.2802 -4.77 8.25
79899 -51.2802 -4.77 8.25
77772 -51.2802 -4.77 8.25
75248 -51.2802 -4.77 8.25
76317 -51.2802 -4.77 8.25
76797 -51.2802 -4.77 8.25
81437 -51.2802 -4.77 8.25
81339 -51.2802 -4.77 8.25
75656 -51.2802 -4.77 8.25
85261 -51.2802 -4.77 8.25
79659 -51.2802 -4.77 8.25
75009 -51.2802 -4.77 8.25
79401 -51.2802 -4.77 8.25
74135 -51.2802 -4.77 8.25
77607 -51.2802 -4.77 8.25
79303 -51.2802 -4.77 8.25
80960 -51.2802 -4.77 8.25
81823 -51.2802 -4.77 8.25
78398 -51.2802 -4.77 8.25
80478 -51.2802 -4.77 8.25
74700 -51.2802 -4.77 8.25
81784 -51.2802 -4.77 8.25
73963 -51.2802 -4.77 8.25
77284 -51.2802 -4.77 8.25
77821 -51.2802 -4.77 8.25
81996 -51.2802 -4.77 8.25
78444 -51.2802 -4.77 8.25
81298 -51.2802 -4.77 8.25
181515 -59.9723 21.55 16.8
177571 -59.9723 21.55 16.8
179592 -59.9723 21.55 16.8
189577 -59.9723 21.55 16.8
182271 -59.9723 21.55 16.8
183736 -59.9723 21.55 16.8
182457 -59.9723 21.55 16.8
183583 -59.9723 21.55 16.8
190004 -59.9723 21.55 16.8
187817 -59.9723 21.55 16.8
181668 -59.9723 21.55 16.8
188969 -59.9723 21.55 16.8
183306 -59.9723 21.55 16.8
184490 -59.9723 21.55 16.8
176617 -59.9723 21.55 16.8
178211 -59.9723 21.55 16.8
184864 -59.9723 21.55 16.8
182501 -59.9723 21.55 16.8
173195 -59.9723 21.55 16.8
177426 -59.9723 21.55 16.8
177147 -59.9723 21.55 16.8
179042 -59.9723 21.55 16.8
187836 -59.9723 21.55 16.8
174455 -59.9723 21.55 16.8
176850 -59.9723 21.55 16.8
178134 -59.9723 21.55 16.8
180789 -59.9723 21.55 16.8
174859 -59.9723 21.55 16.8
183207 -59.9723 21.55 16.8
189678 -59.9723 21.55 16.8
179060 -59.9723 21.55 16.8
183785 -59.9723 21.55 16.8
176812 -59.9723 21.55 16.8
178466 -59.9723 21.55 16.8
186056 -59.9723 21.55 16.8
181885 -59.9723 21.55 16.8
189503 -59.9723 21.55 16.8
176317 -59.9723 21.55 16.8
179083 -59.9723 21.55 16.8
207765 -60.3706 -19.73 20.81
198513 -60.3706 -19.73 20.81
209740 -60.3706 -19.73 20.81
198699 -60.3706 -19.73 20.81
205373 -60.3706 -19.73 20.81
202836 -60.3706 -19.73 20.81
210450 -60.3706 -19.73 20.81
204007 -60.3706 -19.73 20.81
199159 -60.3706 -19.73 20.81
204625 -60.3706 -19.73 20.81
212163 -60.3706 -19.73 20.81
200645 -60.3706 -19.73 20.81
211137 -60.3706 -19.73 20.81
197901 -60.3706 -19.73 20.81
209724 -60.3706 -19.73 20.81
205602 -60.3706 -19.73 20.81
210070 -60.3706 -19.73 20.81
194383 -60.3706 -19.73 20.81
205549 -60.3706 -19.73 20.81
199969 -60.3706 -19.73 20.81
206130 -60.3706 -19.73 20.81
201835 -60.3706 -19.73 20.81
206332 -60.3706 -19.73 20.81
205827 -60.3706 -19.73 20.81
204058 -60.3706 -19.73 20.81
201688 -60.3706 -19.73 20.81
205694 -60.3706 -19.73 20.81
203388 -60.3706 -19.73 20.81
205878 -60.3706 -19.73 20.81
212666 -60.3706 -19.73 20.81
208540 -60.3706 -19.73 20.81
207380 -60.3706 -19.73 20.81
206882 -60.3706 -19.73 20.81
203549 -60.3706 -19.73 20.81
205299 -60.3706 -19.73 20.81
208018 -60.3706 -19.73 20.81
200644 -60.3706 -19.73 20.81
203242 -60.3706 -19.73 20.81
199608 -60.3706 -19.73 20.81
175156 -59.4034 -9.67 23.6
174655 -59.4034 -9.67 23.6
173448 -59.4034 -9.67 23.6
169429 -59.4034 -9.67 23.6
172081 -59.4034 -9.67 23.6
169768 -59.4034 -9.67 23.6
177968 -59.4034 -9.67 23.6
174748 -59.4034 -9.67 23.6
177262 -59.4034 -9.67 23.6
158804 -59.4034 -9.67 23.6
167900 -59.4034 -9.67 23.6
176504 -59.4034 -9.67 23.6
176681 -59.4034 -9.67 23.6
176697 -59.4034 -9.67 23.6
175566 -59.4034 -9.67 23.6
171854 -59.4034 -9.67 23.6
168170 -59.4034 -9.67 23.6
175485 -59.4034 -9.67 23.6
164672 -59.4034 -9.67 23.6
167896 -59.4034 -9.67 23.6
173557 -59.4034 -9.67 23.6
169114 -59.4034 -9.67 23.6
172013 -59.4034 -9.67 23.6
170174 -59.4034 -9.67 23.6
176499 -59.4034 -9.67 23.6
179898 -59.4034 -9.67 23.6
178201 -59.4034 -9.67 23.6
169187 -59.4034 -9.67 23.6
174391 -59.4034 -9.67 23.6
176782 -59.4034 -9.67 23.6
165627 -59.4034 -9.67 23.6
174713 -59.4034 -9.67 23.6
176570 -59.4034 -9.67 23.6
174389 -59.4034 -9.67 23.6
171186 -59.4034 -9.67 23.6
172710 -59.4034 -9.67 23.6
170656 -59.4034 -9.67 23.6
174621 -59.4034 -9.67 23.6
173929 -59.4034 -9.67 23.6
141704 -57.8191 -13.77 -15.92
135830 -57.8191 -13.77 -15.92
140440 -57.8191 -13.77 -15.92
149394 -57.8191 -13.77 -15.92
136364 -57.8191 -13.77 -15.92
144087 -57.8191 -13.77 -15.92
143599 -57.8191 -13.77 -15.92
134251 -57.8191 -13.77 -15.92
140116 -57.8191 -13.77 -15.92
135576 -57.8191 -13.77 -15.92
144530 -57.8191 -13.77 -15.92
140471 -57.8191 -13.77 -15.92
144540 -57.8191 -13.77 -15.92
144974 -57.8191 -13.77 -15.92
134153 -57.8191 -13.77 -15.92
139380 -57.8191 -13.77 -15.92
137378 -57.8191 -13.77 -15.92
139101 -57.8191 -13.77 -15.92
141537 -57.8191 -13.77 -15.92
141864 -57.8191 -13.77 -15.92
140207 -57.8191 -13.77 -15.92
138415 -57.8191 -13.77 -15.92
139926 -57.8191 -13.77 -15.92
141217 -57.8191 -13.77 -15.92
137631 -57.8191 -13.77 -15.92
139645 -57.8191 -13.77 -15.92
142105 -57.8191 -13.77 -15.92
132435 -57.8191 -13.77 -15.92
137231 -57.8191 -13.77 -15.92
139445 -57.8191 -13.77 -15.92
143122 -57.8191 -13.77 -15.92
137771 -57.8191 -13.77 -15.92
136720 -57.8191 -13.77 -15.92
142304 -57.8191 -13.77 -15.92
137797 -57.8191 -13.77 -15.92
138026 -57.8191 -13.77 -15.92
141734 -57.8191 -13.77 -15.92
140126 -57.8191 -13.77 -15.92
141847 -57.8191 -13.77 -15.92
211291 -61.1404 11.46 -29.32
206443 -61.1404 11.46 -29.32
207883 -61.1404 11.46 -29.32
205772 -61.1404 11.46 -29.32
196963 -61.1404 11.46 -29.32
205093 -61.1404 11.46 -29.32
201841 -61.1404 11.46 -29.32
210100 -61.1404 11.46 -29.32
206566 -61.1404 11.46 -29.32
208172 -61.1404 11.46 -29.32
208550 -61.1404 11.46 -29.32
202173 -61.1404 11.46 -29.32
207285 -61.1404 11.46 -29.32
211721 -61.1404 11.46 -29.32
208367 -61.1404 11.46 -29.32
204207 -61.1404 11.46 -29.32
208268 -61.1404 11.46 -29.32
196945 -61.1404 11.46 -29.32
205109 -61.1404 11.46 -29.32
207383 -61.1404 11.46 -29.32
206994 -61.1404 11.46 -29.32
213741 -61.1404 11.46 -29.32
204346 -61.1404 11.46 -29.32
199283 -61.1404 11.46 -29.32
204183 -61.1404 11.46 -29.32
200014 -61.1404 11.46 -29.32
202677 -61.1404 11.46 -29.32
207067 -61.1404 11.46 -29.32
206129 -61.1404 11.46 -29.32
214340 -61.1404 11.46 -29.32
207004 -61.1404 11.46 -29.32
200059 -61.1404 11.46 -29.32
207206 -61.1404 11.46 -29.32
206140 -61.1404 11.46 -29.32
201903 -61.1404 11.46 -29.32
210816 -61.1404 11.46 -29.32
213303 -61.1404 11.46 -29.32
203434 -61.1404 11.46 -29.32
198701 -61.1404 11.46 -29.32
111328 -56.0166 -16.78 -2.16
113038 -56.0166 -16.78 -2.16
105755 -56.0166 -16.78 -2.16
112360 -56.0166 -16.78 -2.16
108685 -56.0166 -16.78 -2.16
111973 -56.0166 -16.78 -2.16
107954 -56.0166 -16.78 -2.16
117201 -56.0166 -16.78 -2.16
115460 -56.0166 -16.78 -2.16
104529 -56.0166 -16.78 -2.16
111567 -56.0166 -16.78 -2.16
110583 -56.0166 -16.78 -2.16
107512 -56.0166 -16.78 -2.16
105319 -56.0166 -16.78 -2.16
102864 -56.0166 -16.78 -2.16
108137 -56.0166 -16.78 -2.16
108106 -56.0166 -16.78 -2.16
107332 -56.0166 -16.78 -2.16
107235 -56.0166 -16.78 -2.16
109992 -56.0166 -16.78 -2.16
109515 -56.0166 -16.78 -2.16
110185 -56.0166 -16.78 -2.16
114011 -56.0166 -16.78 -2.16
111638 -56.0166 -16.78 -2.16
116226 -56.0166 -16.78 -2.16
114964 -56.0166 -16.78 -2.16
111339 -56.0166 -16.78 -2.16
106732 -56.0166 -16.78 -2.16
108967 -56.0166 -16.78 -2.16
111611 -56.0166 -16.78 -2.16
112519 -56.0166 -16.78 -2.16
108067 -56.0166 -16.78 -2.16
110046 -56.0166 -16.78 -2.16
98879 -56.0166 -16.78 -2.16
103407 -56.0166 -16.78 -2.16
102099 -56.0166 -16.78 -2.16
114194 -56.0166 -16.78 -2.16
110861 -56.0166 -16.78 -2.16
113137 -56.0166 -16.78 -2.16
177521 -59.5835 18.72 18.14
172489 -59.5835 18.72 18.14
175271 -59.5835 18.72 18.14
175923 -59.5835 18.72 18.14
178721 -59.5835 18.72 18.14
173959 -59.5835 18.72 18.14
169724 -59.5835 18.72 18.14
163487 -59.5835 18.72 18.14
182118 -59.5835 18.72 18.14
167014 -59.5835 18.72 18.14
178748 -59.5835 18.72 18.14
165673 -59.5835 18.72 18.14
176239 -59.5835 18.72 18.14
173163 -59.5835 18.72 18.14
164133 -59.5835 18.72 18.14
173544 -59.5835 18.72 18.14
166178 -59.5835 18.72 18.14
158521 -59.5835 18.72 18.14
177875 -59.5835 18.72 18.14
172408 -59.5835 18.72 18.14
166015 -59.5835 18.72 18.14
176049 -59.5835 18.72 18.14
168767 -59.5835 18.72 18.14
175202 -59.5835 18.72 18.14
175354 -59.5835 18.72 18.14
175375 -59.5835 18.72 18.14
169833 -59.5835 18.72 18.14
170583 -59.5835 18.72 18.14
175695 -59.5835 18.72 18.14
176713 -59.5835 18.72 18.14
176312 -59.5835 18.72 18.14
175798 -59.5835 18.72 18.14
170632 -59.5835 18.72 18.14
178980 -59.5835 18.72 18.14
170235 -59.5835 18.72 18.14
173595 -59.5835 18.72 18.14
164751 -59.5835 18.72 18.14
171315 -59.5835 18.72 18.14
172935 -59.5835 18.72 18.14
