#rtt sig_str x y
68398 -51.8436 1.04 10.15
67188 -51.8436 1.04 10.15
72709 -51.8436 1.04 10.15
72031 -51.8436 1.04 10.15
71901 -51.8436 1.04 10.15
69627 -51.8436 1.04 10.15
63762 -51.8436 1.04 10.15
58466 -51.8436 1.04 10.15
73531 -51.8436 1.04 10.15
60835 -51.8436 1.04 10.15
68646 -51.8436 1.04 10.15
67876 -51.8436 1.04 10.15
70086 -51.8436 1.04 10.15
72016 -51.8436 1.04 10.15
66646 -51.8436 1.04 10.15
64984 -51.8436 1.04 10.15
62284 -51.8436 1.04 10.15
65883 -51.8436 1.04 10.15
65825 -51.8436 1.04 10.15
61832 -51.8436 1.04 10.15
65972 -51.8436 1.04 10.15
69005 -51.8436 1.04 10.15
69989 -51.8436 1.04 10.15
72938 -51.8436 1.04 10.15
69423 -51.8436 1.04 10.15
71610 -51.8436 1.04 10.15
72717 -51.8436 1.04 10.15
68009 -51.8436 1.04 10.15
72525 -51.8436 1.04 10.15
71279 -51.8436 1.04 10.15
68364 -51.8436 1.04 10.15
67276 -51.8436 1.04 10.15
66442 -51.8436 1.04 10.15
64270 -51.8436 1.04 10.15
69093 -51.8436 1.04 10.15
67648 -51.8436 1.04 10.15
65401 -51.8436 1.04 10.15
65922 -51.8436 1.04 10.15
69856 -51.8436 1.04 10.15
213230 -61.4819 26.82 -18.9
219930 -61.4819 26.82 -18.9
222183 -61.4819 26.82 -18.9
215812 -61.4819 26.82 -18.9
225136 -61.4819 26.82 -18.9
215769 -61.4819 26.82 -18.9
214929 -61.4819 26.82 -18.9
217364 -61.4819 26.82 -18.9
218420 -61.4819 26.82 -18.9
217335 -61.4819 26.82 -18.9
215033 -61.4819 26.82 -18.9
214363 -61.4819 26.82 -18.9
209822 -61.4819 26.82 -18.9
223192 -61.4819 26.82 -18.9
216695 -61.4819 26.82 -18.9
215022 -61.4819 26.82 -18.9
214324 -61.4819 26.82 -18.9
220875 -61.4819 26.82 -18.9
219238 -61.4819 26.82 -18.9
211465 -61.4819 26.82 -18.9
215370 -61.4819 26.82 -18.9
209706 -61.4819 26.82 -18.9
210597 -61.4819 26.82 -18.9
215278 -61.4819 26.82 -18.9
218904 -61.4819 26.82 -18.9
215711 -61.4819 26.82 -18.9
223176 -61.4819 26.82 -18.9
210740 -61.4819 26.82 -18.9
213851 -61.4819 26.82 -18.9
219055 -61.4819 26.82 -18.9
219688 -61.4819 26.82 -18.9
216704 -61.4819 26.82 -18.9
218200 -61.4819 26.82 -18.9
217098 -61.4819 26.82 -18.9
220992 -61.4819 26.82 -18.9
216970 -61.4819 26.82 -18.9
213468 -61.4819 26.82 -18.9
215138 -61.4819 26.82 -18.9
224153 -61.4819 26.82 -18.9
159663 -58.6307 15.93 16.9
152094 -58.6307 15.93 16.9
147108 -58.6307 15.93 16.9
159613 -58.6307 15.93 16.9
156626 -58.6307 15.93 16.9
154842 -58.6307 15.93 16.9
150952 -58.6307 15.93 16.9
147828 -58.6307 15.93 16.9
156850 -58.6307 15.93 16.9
152026 -58.6307 15.93 16.9
159120 -58.6307 15.93 16.9
153884 -58.6307 15.93 16.9
158675 -58.6307 15.93 16.9
157353 -58.6307 15.93 16.9
153502 -58.6307 15.93 16.9
158721 -58.6307 15.93 16.9
147355 -58.6307 15.93 16.9
155156 -58.6307 15.93 16.9
161661 -58.6307 15.93 16.9
151027 -58.6307 15.93 16.9
152179 -58.6307 15.93 16.9
156060 -58.6307 15.93 16.9
153765 -58.6307 15.93 16.9
158363 -58.6307 15.93 16.9
152779 -58.6307 15.93 16.9
153728 -58.6307 15.93 16.9
158541 -58.6307 15.93 16.9
157664 -58.6307 15.93 16.9
152201 -58.6307 15.93 16.9
154358 -58.6307 15.93 16.9
156202 -58.6307 15.93 16.9
157238 -58.6307 15.93 16.9
156402 -58.6307 15.93 16.9
158285 -58.6307 15.93 16.9
156269 -58.6307 15.93 16.9
152568 -58.6307 15.93 16.9
153221 -58.6307 15.93 16.9
152523 -58.6307 15.93 16.9
159388 -58.6307 15.93 16.9
94782 -54.3319 -13.06 4.44
97040 -54.3319 -13.06 4.44
91666 -54.3319 -13.06 4.44
85959 -54.3319 -13.06 4.44
90502 -54.3319 -13.06 4.44
89477 -54.3319 -13.06 4.44
86925 -54.3319 -13.06 4.44
87902 -54.3319 -13.06 4.44
85463 -54.3319 -13.06 4.44
89710 -54.3319 -13.06 4.44
90034 -54.3319 -13.06 4.44
98309 -54.3319 -13.06 4.44
97865 -54.3319 -13.06 4.44
90046 -54.3319 -13.06 4.44
95583 -54.3319 -13.06 4.44
87082 -54.3319 -13.06 4.44
92979 -54.3319 -13.06 4.44
87782 -54.3319 -13.06 4.44
87319 -54.3319 -13.06 4.44
94955 -54.3319 -13.06 4.44
92709 -54.3319 -13.06 4.44
87194 -54.3319 -13.06 4.44
95788 -54.3319 -13.06 4.44
90598 -54.3319 -13.06 4.44
91183 -54.3319 -13.06 4.44
86685 -54.3319 -13.06 4.44
87184 -54.3319 -13.06 4.44
97110 -54.3319 -13.06 4.44
88542 -54.3319 -13.06 4.44
89360 -54.3319 -13.06 4.44
93461 -54.3319 -13.06 4.44
92338 -54.3319 -13.06 4.44
87674 -54.3319 -13.06 4.44
92079 -54.3319 -13.06 4.44
91618 -54.3319 -13.06 4.44
93344 -54.3319 -13.06 4.44
94083 -54.3319 -13.06 4.44
95090 -54.3319 -13.06 4.44
79085 -54.3319 -13.06 4.44
113221 -56.1046 -16.74 -3.49
110808 -56.1046 -16.74 -3.49
109989 -56.1046 -16.74 -3.49
112940 -56.1046 -16.74 -3.49
108843 -56.1046 -16.74 -3.49
113325 -56.1046 -16.74 -3.49
114083 -56.1046 -16.74 -3.49
108344 -56.1046 -16.74 -3.49
104782 -56.1046 -16.74 -3.49
110266 -56.1046 -16.74 -3.49
106153 -56.1046 -16.74 -3.49
120750 -56.1046 -16.74 -3.49
103602 -56.1046 -16.74 -3.49
109013 -56.1046 -16.74 -3.49
110001 -56.1046 -16.74 -3.49
109016 -56.1046 -16.74 -3.49
109195 -56.1046 -16.74 -3.49
109555 -56.1046 -16.74 -3.49
119783 -56.1046 -16.74 -3.49
103874 -56.1046 -16.74 -3.49
109403 -56.1046 -16.74 -3.49
109871 -56.1046 -16.74 -3.49
108514 -56.1046 -16.74 -3.49
108161 -56.1046 -16.74 -3.49
105085 -56.1046 -16.74 -3.49
114813 -56.1046 -16.74 -3.49
111588 -56.1046 -16.74 -3.49
105346 -56.1046 -16.74 -3.49
104980 -56.1046 -16.74 -3.49
110253 -56.1046 -16.74 -3.49
110977 -56.1046 -16.74 -3.49
113132 -56.1046 -16.74 -3.49
104560 -56.1046 -16.74 -3.49
111555 -56.1046 -16.74 -3.49
109516 -56.1046 -16.74 -3.49
113897 -56.1046 -16.74 -3.49
116250 -56.1046 -16.74 -3.49
104994 -56.1046 -16.74 -3.49
106044 -56.1046 -16.74 -3.49
142264 -58.1878 11.18 -18.96
147012 -58.1878 11.18 -18.96
142762 -58.1878 11.18 -18.96
135036 -58.1878 11.18 -18.96
134365 -58.1878 11.18 -18.96
140768 -58.1878 11.18 -18.96
141025 -58.1878 11.18 -18.96
136386 -58.1878 11.18 -18.96
141281 -58.1878 11.18 -18.96
137526 -58.1878 11.18 -18.96
137872 -58.1878 11.18 -18.96
137255 -58.1878 11.18 -18.96
139562 -58.1878 11.18 -18.96
133369 -58.1878 11.18 -18.96
137355 -58.1878 11.18 -18.96
135901 -58.1878 11.18 -18.96
146981 -58.1878 11.18 -18.96
132776 -58.1878 11.18 -18.96
134626 -58.1878 11.18 -18.96
144941 -58.1878 11.18 -18.96
136964 -58.1878 11.18 -18.96
137365 -58.1878 11.18 -18.96
138553 -58.1878 11.18 -18.96
143265 -58.1878 11.18 -18.96
135646 -58.1878 11.18 -18.96
144459 -58.1878 11.18 -18.96
134552 -58.1878 11.18 -18.96
135662 -58.1878 11.18 -18.96
140953 -58.1878 11.18 -18.96
141858 -58.1878 11.18 -18.96
135157 -58.1878 11.18 -18.96
138451 -58.1878 11.18 -18.96
142026 -58.1878 11.18 -18.96
137584 -58.1878 11.18 -18.96
142686 -58.1878 11.18 -18.96
128543 -58.1878 11.18 -18.96
139927 -58.1878 11.18 -18.96
144857 -58.1878 11.18 -18.96
143005 -58.1878 11.18 -18.96
202316 -61.0744 -19.97 -24.01
206995 -61.0744 -19.97 -24.01
214424 -61.0744 -19.97 -24.01
209318 -61.0744 -19.97 -24.01
211175 -61.0744 -19.97 -24.01
212822 -61.0744 -19.97 -24.01
212223 -61.0744 -19.97 -24.01
208008 -61.0744 -19.97 -24.01
210372 -61.0744 -19.97 -24.01
205945 -61.0744 -19.97 -24.01
206998 -61.0744 -19.97 -24.01
205674 -61.0744 -19.97 -24.01
205172 -61.0744 -19.97 -24.01
211127 -61.0744 -19.97 -24.01
203255 -61.0744 -19.97 -24.01
209418 -61.0744 -19.97 -24.01
203446 -61.0744 -19.97 -24.01
196986 -61.0744 -19.97 -24.01
205680 -61.0744 -19.97 -24.01
205444 -61.0744 -19.97 -24.01
203871 -61.0744 -19.97 -24.01
199848 -61.0744 -19.97 -24.01
196924 -61.0744 -19.97 -24.01
204474 -61.0744 -19.97 -24.01
205224 -61.0744 -19.97 -24.01
205673 -61.0744 -19.97 -24.01
208126 -61.0744 -19.97 -24.01
205492 -61.0744 -19.97 -24.01
204864 -61.0744 -19.97 -24.01
209166 -61.0744 -19.97 -24.01
205491 -61.0744 -19.97 -24.01
209395 -61.0744 -19.97 -24.01
204403 -61.0744 -19.97 -24.01
212611 -61.0744 -19.97 -24.01
208931 -61.0744 -19.97 -24.01
207807 -61.0744 -19.97 -24.01
208335 -61.0744 -19.97 -24.01
200754 -61.0744 -19.97 -24.01
208768 -61.0744 -19.97 -24.01
110920 -56.5344 -6.45 -16.82
110797 -56.5344 -6.45 -16.82
109256 -56.5344 -6.45 -16.82
110207 -56.5344 -6.45 -16.82
112325 -56.5344 -6.45 -16.82
118706 -56.5344 -6.45 -16.82
112996 -56.5344 -6.45 -16.82
115354 -56.5344 -6.45 -16.82
120182 -56.5344 -6.45 -16.82
114813 -56.5344 -6.45 -16.82
109608 -56.5344 -6.45 -16.82
117367 -56.5344 -6.45 -16.82
106739 -56.5344 -6.45 -16.82
116905 -56.5344 -6.45 -16.82
116450 -56.5344 -6.45 -16.82
111901 -56.5344 -6.45 -16.82
120634 -56.5344 -6.45 -16.82
116754 -56.5344 -6.45 -16.82
114808 -56.5344 -6.45 -16.82
109759 -56.5344 -6.45 -16.82
116117 -56.5344 -6.45 -16.82
114196 -56.5344 -6.45 -16.82
113132 -56.5344 -6.45 -16.82
115879 -56.5344 -6.45 -16.82
122011 -56.5344 -6.45 -16.82
117673 -56.5344 -6.45 -16.82
117210 -56.5344 -6.45 -16.82
114488 -56.5344 -6.45 -16.82
110862 -56.5344 -6.45 -16.82
113801 -56.5344 -6.45 -16.82
115956 -56.5344 -6.45 -16.82
112130 -56.5344 -6.45 -16.82
114345 -56.5344 -6.45 -16.82
112937 -56.5344 -6.45 -16.82
115592 -56.5344 -6.45 -16.82
115510 -56.5344 -6.45 -16.82
122294 -56.5344 -6.45 -16.82
115597 -56.5344 -6.45 -16.82
110269 -56.5344 -6.45 -16.82
129092 -57.8844 7.08 20
139365 -57.8844 7.08 20
140836 -57.8844 7.08 20
133356 -57.8844 7.08 20
133102 -57.8844 7.08 20
132864 -57.8844 7.08 20
130166 -57.8844 7.08 20
140038 -57.8844 7.08 20
136017 -57.8844 7.08 20
135482 -57.8844 7.08 20
139466 -57.8844 7.08 20
138214 -57.8844 7.08 20
138177 -57.8844 7.08 20
140401 -57.8844 7.08 20
137190 -57.8844 7.08 20
137088 -57.8844 7.08 20
138403 -57.8844 7.08 20
131698 -57.8844 7.08 20
142430 -57.8844 7.08 20
144105 -57.8844 7.08 20
136160 -57.8844 7.08 20
129782 -57.8844 7.08 20
137411 -57.8844 7.08 20
141316 -57.8844 7.08 20
141154 -57.8844 7.08 20
134954 -57.8844 7.08 20
136846 -57.8844 7.08 20
136029 -57.8844 7.08 20
134749 -57.8844 7.08 20
134934 -57.8844 7.08 20
136654 -57.8844 7.08 20
143672 -57.8844 7.08 20
131454 -57.8844 7.08 20
138863 -57.8844 7.08 20
134438 -57.8844 7.08 20
130676 -57.8844 7.08 20
129718 -57.8844 7.08 20
135979 -57.8844 7.08 20
137641 -57.8844 7.08 20
37941 -48.5851 -5.29 -4.39
47418 -48.5851 -5.29 -4.39
48430 -48.5851 -5.29 -4.39
45689 -48.5851 -5.29 -4.39
53781 -48.5851 -5.29 -4.39
48102 -48.5851 -5.29 -4.39
44620 -48.5851 -5.29 -4.39
48786 -48.5851 -5.29 -4.39
45792 -48.5851 -5.29 -4.39
48858 -48.5851 -5.29 -4.39
46821 -48.5851 -5.29 -4.39
47444 -48.5851 -5.29 -4.39
46364 -48.5851 -5.29 -4.39
40417 -48.5851 -5.29 -4.39
48306 -48.5851 -5.29 -4.39
48754 -48.5851 -5.29 -4.39
50147 -48.5851 -5.29 -4.39
46832 -48.5851 -5.29 -4.39
46829 -48.5851 -5.29 -4.39
43748 -48.5851 -5.29 -4.39
53725 -48.5851 -5.29 -4.39
45705 -48.5851 -5.29 -4.39
47062 -48.5851 -5.29 -4.39
43123 -48.5851 -5.29 -4.39
44742 -48.5851 -5.29 -4.39
47404 -48.5851 -5.29 -4.39
40034 -48.5851 -5.29 -4.39
40907 -48.5851 -5.29 -4.39
49044 -48.5851 -5.29 -4.39
45392 -48.5851 -5.29 -4.39
42114 -48.5851 -5.29 -4.39
46700 -48.5851 -5.29 -4.39
42519 -48.5851 -5.29 -4.39
43079 -48.5851 -5.29 -4.39
42573 -48.5851 -5.29 -4.39
44633 -48.5851 -5.29 -4.39
41091 -48.5851 -5.29 -4.39
45220 -48.5851 -5.29 -4.39
43484 -48.5851 -5.29 -4.39
