#rtt sig_str x y
190893 -60.8093 27.61 -12.34
193814 -60.8093 27.61 -12.34
184308 -60.8093 27.61 -12.34
192992 -60.8093 27.61 -12.34
189650 -60.8093 27.61 -12.34
189668 -60.8093 27.61 -12.34
188165 -60.8093 27.61 -12.34
187605 -60.8093 27.61 -12.34
189863 -60.8093 27.61 -12.34
192813 -60.8093 27.61 -12.34
191253 -60.8093 27.61 -12.34
202644 -60.8093 27.61 -12.34
194493 -60.8093 27.61 -12.34
194847 -60.8093 27.61 -12.34
193526 -60.8093 27.61 -12.34
188038 -60.8093 27.61 -12.34
196339 -60.8093 27.61 -12.34
200216 -60.8093 27.61 -12.34
189691 -60.8093 27.61 -12.34
200515 -60.8093 27.61 -12.34
195690 -60.8093 27.61 -12.34
191034 -60.8093 27.61 -12.34
194807 -60.8093 27.61 -12.34
191022 -60.8093 27.61 -12.34
195201 -60.8093 27.61 -12.34
196801 -60.8093 27.61 -12.34
200728 -60.8093 27.61 -12.34
201526 -60.8093 27.61 -12.34
198542 -60.8093 27.61 -12.34
191840 -60.8093 27.61 -12.34
194277 -60.8093 27.61 -12.34
194838 -60.8093 27.61 -12.34
189930 -60.8093 27.61 -12.34
192383 -60.8093 27.61 -12.34
192446 -60.8093 27.61 -12.34
192864 -60.8093 27.61 -12.34
197193 -60.8093 27.61 -12.34
192265 -60.8093 27.61 -12.34
200973 -60.8093 27.61 -12.34
195804 -60.5704 11.97 -26.83
192765 -60.5704 11.97 -26.83
198425 -60.5704 11.97 -26.83
196964 -60.5704 11.97 -26.83
190738 -60.5704 11.97 -26.83
183706 -60.5704 11.97 -26.83
192758 -60.5704 11.97 -26.83
195816 -60.5704 11.97 -26.83
188226 -60.5704 11.97 -26.83
189102 -60.5704 11.97 -26.83
192144 -60.5704 11.97 -26.83
190322 -60.5704 11.97 -26.83
183327 -60.5704 11.97 -26.83
192858 -60.5704 11.97 -26.83
196194 -60.5704 11.97 -26.83
191657 -60.5704 11.97 -26.83
196975 -60.5704 11.97 -26.83
191297 -60.5704 11.97 -26.83
187400 -60.5704 11.97 -26.83
185871 -60.5704 11.97 -26.83
186382 -60.5704 11.97 -26.83
193499 -60.5704 11.97 -26.83
189518 -60.5704 11.97 -26.83
196414 -60.5704 11.97 -26.83
195133 -60.5704 11.97 -26.83
195739 -60.5704 11.97 -26.83
186818 -60.5704 11.97 -26.83
194339 -60.5704 11.97 -26.83
183780 -60.5704 11.97 -26.83
194110 -60.5704 11.97 -26.83
198705 -60.5704 11.97 -26.83
190072 -60.5704 11.97 -26.83
196116 -60.5704 11.97 -26.83
196928 -60.5704 11.97 -26.83
187796 -60.5704 11.97 -26.83
187543 -60.5704 11.97 -26.83
193654 -60.5704 11.97 -26.83
193154 -60.5704 11.97 -26.83
195405 -60.5704 11.97 -26.83
203617 -61.259 30 -10.95
205217 -61.259 30 -10.95
208884 -61.259 30 -10.95
200195 -61.259 30 -10.95
212027 -61.259 30 -10.95
196802 -61.259 30 -10.95
199509 -61.259 30 -10.95
212538 -61.259 30 -10.95
209407 -61.259 30 -10.95
211977 -61.259 30 -10.95
205952 -61.259 30 -10.95
206073 -61.259 30 -10.95
208545 -61.259 30 -10.95
209755 -61.259 30 -10.95
217151 -61.259 30 -10.95
210995 -61.259 30 -10.95
208112 -61.259 30 -10.95
197104 -61.259 30 -10.95
208814 -61.259 30 -10.95
200754 -61.259 30 -10.95
205604 -61.259 30 -10.95
210401 -61.259 30 -10.95
208960 -61.259 30 -10.95
203093 -61.259 30 -10.95
203545 -61.259 30 -10.95
196934 -61.259 30 -10.95
201800 -61.259 30 -10.95
212796 -61.259 30 -10.95
208456 -61.259 30 -10.95
194165 -61.259 30 -10.95
212683 -61.259 30 -10.95
211461 -61.259 30 -10.95
203082 -61.259 30 -10.95
212289 -61.259 30 -10.95
197696 -61.259 30 -10.95
207217 -61.259 30 -10.95
208298 -61.259 30 -10.95
201483 -61.259 30 -10.95
199874 -61.259 30 -10.95
231432 -61.6657 -16.8 29.04
224042 -61.6657 -16.8 29.04
234039 -61.6657 -16.8 29.04
231831 -61.6657 -16.8 29.04
232554 -61.6657 -16.8 29.04
234232 -61.6657 -16.8 29.04
232507 -61.6657 -16.8 29.04
233420 -61.6657 -16.8 29.04
235413 -61.6657 -16.8 29.04
230059 -61.6657 -16.8 29.04
233457 -61.6657 -16.8 29.04
224045 -61.6657 -16.8 29.04
233966 -61.6657 -16.8 29.04
227593 -61.6657 -16.8 29.04
235145 -61.6657 -16.8 29.04
229824 -61.6657 -16.8 29.04
235140 -61.6657 -16.8 29.04
235559 -61.6657 -16.8 29.04
232686 -61.6657 -16.8 29.04
234542 -61.6657 -16.8 29.04
230847 -61.6657 -16.8 29.04
219456 -61.6657 -16.8 29.04
232843 -61.6657 -16.8 29.04
228192 -61.6657 -16.8 29.04
236910 -61.6657 -16.8 29.04
228846 -61.6657 -16.8 29.04
224002 -61.6657 -16.8 29.04
231656 -61.6657 -16.8 29.04
223836 -61.6657 -16.8 29.04
231994 -61.6657 -16.8 29.04
235859 -61.6657 -16.8 29.04
225596 -61.6657 -16.8 29.04
227704 -61.6657 -16.8 29.04
222941 -61.6657 -16.8 29.04
233364 -61.6657 -16.8 29.04
226969 -61.6657 -16.8 29.04
230188 -61.6657 -16.8 29.04
231528 -61.6657 -16.8 29.04
235397 -61.6657 -16.8 29.04
57715 -50.1971 -8.34 0.54
50140 -50.1971 -8.34 0.54
52351 -50.1971 -8.34 0.54
52059 -50.1971 -8.34 0.54
54044 -50.1971 -8.34 0.54
61718 -50.1971 -8.34 0.54
52561 -50.1971 -8.34 0.54
52678 -50.1971 -8.34 0.54
53112 -50.1971 -8.34 0.54
64634 -50.1971 -8.34 0.54
58446 -50.1971 -8.34 0.54
56620 -50.1971 -8.34 0.54
58372 -50.1971 -8.34 0.54
58506 -50.1971 -8.34 0.54
53868 -50.1971 -8.34 0.54
53736 -50.1971 -8.34 0.54
55249 -50.1971 -8.34 0.54
54389 -50.1971 -8.34 0.54
52478 -50.1971 -8.34 0.54
58255 -50.1971 -8.34 0.54
50431 -50.1971 -8.34 0.54
49785 -50.1971 -8.34 0.54
56148 -50.1971 -8.34 0.54
54516 -50.1971 -8.34 0.54
58461 -50.1971 -8.34 0.54
49143 -50.1971 -8.34 0.54
55318 -50.1971 -8.34 0.54
51876 -50.1971 -8.34 0.54
53335 -50.1971 -8.34 0.54
54256 -50.1971 -8.34 0.54
55795 -50.1971 -8.34 0.54
47920 -50.1971 -8.34 0.54
58082 -50.1971 -8.34 0.54
54034 -50.1971 -8.34 0.54
54587 -50.1971 -8.34 0.54
56468 -50.1971 -8.34 0.54
50008 -50.1971 -8.34 0.54
50443 -50.1971 -8.34 0.54
55889 -50.1971 -8.34 0.54
138144 -58.3503 14.39 17.23
150080 -58.3503 14.39 17.23
151622 -58.3503 14.39 17.23
148858 -58.3503 14.39 17.23
148263 -58.3503 14.39 17.23
142070 -58.3503 14.39 17.23
144484 -58.3503 14.39 17.23
148956 -58.3503 14.39 17.23
146250 -58.3503 14.39 17.23
138137 -58.3503 14.39 17.23
142107 -58.3503 14.39 17.23
144057 -58.3503 14.39 17.23
141494 -58.3503 14.39 17.23
155725 -58.3503 14.39 17.23
144518 -58.3503 14.39 17.23
151095 -58.3503 14.39 17.23
153228 -58.3503 14.39 17.23
149356 -58.3503 14.39 17.23
148854 -58.3503 14.39 17.23
147172 -58.3503 14.39 17.23
145934 -58.3503 14.39 17.23
146249 -58.3503 14.39 17.23
150256 -58.3503 14.39 17.23
147809 -58.3503 14.39 17.23
149415 -58.3503 14.39 17.23
150684 -58.3503 14.39 17.23
152277 -58.3503 14.39 17.23
145506 -58.3503 14.39 17.23
147760 -58.3503 14.39 17.23
143908 -58.3503 14.39 17.23
139757 -58.3503 14.39 17.23
148592 -58.3503 14.39 17.23
146405 -58.3503 14.39 17.23
147291 -58.3503 14.39 17.23
146096 -58.3503 14.39 17.23
150618 -58.3503 14.39 17.23
150031 -58.3503 14.39 17.23
148906 -58.3503 14.39 17.23
151800 -58.3503 14.39 17.23
210070 -60.6963 29.79 -1.56
204105 -60.6963 29.79 -1.56
204109 -60.6963 29.79 -1.56
207161 -60.6963 29.79 -1.56
202175 -60.6963 29.79 -1.56
200460 -60.6963 29.79 -1.56
199068 -60.6963 29.79 -1.56
204135 -60.6963 29.79 -1.56
202304 -60.6963 29.79 -1.56
202501 -60.6963 29.79 -1.56
204332 -60.6963 29.79 -1.56
197561 -60.6963 29.79 -1.56
198253 -60.6963 29.79 -1.56
205444 -60.6963 29.79 -1.56
205004 -60.6963 29.79 -1.56
206841 -60.6963 29.79 -1.56
204101 -60.6963 29.79 -1.56
207949 -60.6963 29.79 -1.56
203573 -60.6963 29.79 -1.56
207027 -60.6963 29.79 -1.56
200256 -60.6963 29.79 -1.56
199134 -60.6963 29.79 -1.56
203664 -60.6963 29.79 -1.56
211667 -60.6963 29.79 -1.56
200133 -60.6963 29.79 -1.56
205245 -60.6963 29.79 -1.56
208031 -60.6963 29.79 -1.56
202440 -60.6963 29.79 -1.56
205786 -60.6963 29.79 -1.56
205753 -60.6963 29.79 -1.56
198566 -60.6963 29.79 -1.56
207717 -60.6963 29.79 -1.56
192041 -60.6963 29.79 -1.56
199776 -60.6963 29.79 -1.56
208203 -60.6963 29.79 -1.56
209621 -60.6963 29.79 -1.56
211955 -60.6963 29.79 -1.56
202243 -60.6963 29.79 -1.56
194997 -60.6963 29.79 -1.56
88544 -53.9185 -11.02 7.12
88462 -53.9185 -11.02 7.12
86397 -53.9185 -11.02 7.12
86737 -53.9185 -11.02 7.12
81938 -53.9185 -11.02 7.12
84341 -53.9185 -11.02 7.12
90506 -53.9185 -11.02 7.12
83092 -53.9185 -11.02 7.12
86443 -53.9185 -11.02 7.12
76321 -53.9185 -11.02 7.12
81468 -53.9185 -11.02 7.12
88047 -53.9185 -11.02 7.12
87672 -53.9185 -11.02 7.12
82546 -53.9185 -11.02 7.12
84329 -53.9185 -11.02 7.12
82550 -53.9185 -11.02 7.12
88803 -53.9185 -11.02 7.12
77116 -53.9185 -11.02 7.12
84810 -53.9185 -11.02 7.12
79172 -53.9185 -11.02 7.12
86877 -53.9185 -11.02 7.12
93023 -53.9185 -11.02 7.12
86886 -53.9185 -11.02 7.12
87002 -53.9185 -11.02 7.12
85769 -53.9185 -11.02 7.12
84176 -53.9185 -11.02 7.12
85023 -53.9185 -11.02 7.12
88636 -53.9185 -11.02 7.12
88002 -53.9185 -11.02 7.12
77105 -53.9185 -11.02 7.12
86586 -53.9185 -11.02 7.12
86395 -53.9185 -11.02 7.12
90382 -53.9185 -11.02 7.12
87074 -53.9185 -11.02 7.12
82540 -53.9185 -11.02 7.12
76966 -53.9185 -11.02 7.12
85534 -53.9185 -11.02 7.12
80758 -53.9185 -11.02 7.12
82543 -53.9185 -11.02 7.12
167743 -59.4538 -21.81 -13.52
164934 -59.4538 -21.81 -13.52
168247 -59.4538 -21.81 -13.52
169619 -59.4538 -21.81 -13.52
169584 -59.4538 -21.81 -13.52
162127 -59.4538 -21.81 -13.52
167196 -59.4538 -21.81 -13.52
169451 -59.4538 -21.81 -13.52
167408 -59.4538 -21.81 -13.52
168063 -59.4538 -21.81 -13.52
167846 -59.4538 -21.81 -13.52
167168 -59.4538 -21.81 -13.52
169630 -59.4538 -21.81 -13.52
165917 -59.4538 -21.81 -13.52
161829 -59.4538 -21.81 -13.52
166929 -59.4538 -21.81 -13.52
167427 -59.4538 -21.81 -13.52
175405 -59.4538 -21.81 -13.52
164166 -59.4538 -21.81 -13.52
168231 -59.4538 -21.81 -13.52
165961 -59.4538 -21.81 -13.52
168539 -59.4538 -21.81 -13.52
167999 -59.4538 -21.81 -13.52
168571 -59.4538 -21.81 -13.52
167708 -59.4538 -21.81 -13.52
167483 -59.4538 -21.81 -13.52
169268 -59.4538 -21.81 -13.52
168315 -59.4538 -21.81 -13.52
171588 -59.4538 -21.81 -13.52
171832 -59.4538 -21.81 -13.52
165538 -59.4538 -21.81 -13.52
171719 -59.4538 -21.81 -13.52
172732 -59.4538 -21.81 -13.52
174238 -59.4538 -21.81 -13.52
166222 -59.4538 -21.81 -13.52
169950 -59.4538 -21.81 -13.52
159092 -59.4538 -21.81 -13.52
163312 -59.4538 -21.81 -13.52
163017 -59.4538 -21.81 -13.52
63538 -49.6654 -6.96 3.6
66640 -49.6654 -6.96 3.6
66564 -49.6654 -6.96 3.6
67775 -49.6654 -6.96 3.6
71673 -49.6654 -6.96 3.6
67728 -49.6654 -6.96 3.6
70213 -49.6654 -6.96 3.6
63591 -49.6654 -6.96 3.6
64630 -49.6654 -6.96 3.6
65452 -49.6654 -6.96 3.6
69600 -49.6654 -6.96 3.6
63707 -49.6654 -6.96 3.6
63473 -49.6654 -6.96 3.6
69373 -49.6654 -6.96 3.6
62384 -49.6654 -6.96 3.6
71955 -49.6654 -6.96 3.6
62586 -49.6654 -6.96 3.6
71006 -49.6654 -6.96 3.6
62139 -49.6654 -6.96 3.6
64340 -49.6654 -6.96 3.6
65495 -49.6654 -6.96 3.6
70813 -49.6654 -6.96 3.6
63238 -49.6654 -6.96 3.6
67536 -49.6654 -6.96 3.6
67854 -49.6654 -6.96 3.6
69152 -49.6654 -6.96 3.6
60195 -49.6654 -6.96 3.6
59345 -49.6654 -6.96 3.6
66783 -49.6654 -6.96 3.6
68492 -49.6654 -6.96 3.6
60795 -49.6654 -6.96 3.6
69084 -49.6654 -6.96 3.6
76951 -49.6654 -6.96 3.6
62143 -49.6654 -6.96 3.6
67835 -49.6654 -6.96 3.6
60205 -49.6654 -6.96 3.6
68251 -49.6654 -6.96 3.6
71038 -49.6654 -6.96 3.6
67688 -49.6654 -6.96 3.6
