#rtt sig_str x y
171591 -59.2833 22.21 11.77
171226 -59.2833 22.21 11.77
166506 -59.2833 22.21 11.77
169934 -59.2833 22.21 11.77
159447 -59.2833 22.21 11.77
170137 -59.2833 22.21 11.77
174173 -59.2833 22.21 11.77
175513 -59.2833 22.21 11.77
170611 -59.2833 22.21 11.77
172761 -59.2833 22.21 11.77
175344 -59.2833 22.21 11.77
170048 -59.2833 22.21 11.77
169370 -59.2833 22.21 11.77
176718 -59.2833 22.21 11.77
167592 -59.2833 22.21 11.77
170580 -59.2833 22.21 11.77
178116 -59.2833 22.21 11.77
169747 -59.2833 22.21 11.77
177381 -59.2833 22.21 11.77
170603 -59.2833 22.21 11.77
172913 -59.2833 22.21 11.77
170187 -59.2833 22.21 11.77
178557 -59.2833 22.21 11.77
180077 -59.2833 22.21 11.77
166849 -59.2833 22.21 11.77
170657 -59.2833 22.21 11.77
177967 -59.2833 22.21 11.77
167244 -59.2833 22.21 11.77
173670 -59.2833 22.21 11.77
171201 -59.2833 22.21 11.77
167704 -59.2833 22.21 11.77
172771 -59.2833 22.21 11.77
172271 -59.2833 22.21 11.77
171809 -59.2833 22.21 11.77
168403 -59.2833 22.21 11.77
166612 -59.2833 22.21 11.77
170416 -59.2833 22.21 11.77
175675 -59.2833 22.21 11.77
169560 -59.2833 22.21 11.77
36212 -47.9469 4.94 -4.01
43008 -47.9469 4.94 -4.01
42853 -47.9469 4.94 -4.01
45074 -47.9469 4.94 -4.01
36767 -47.9469 4.94 -4.01
34233 -47.9469 4.94 -4.01
42244 -47.9469 4.94 -4.01
40781 -47.9469 4.94 -4.01
45755 -47.9469 4.94 -4.01
37381 -47.9469 4.94 -4.01
39436 -47.9469 4.94 -4.01
41197 -47.9469 4.94 -4.01
35251 -47.9469 4.94 -4.01
39273 -47.9469 4.94 -4.01
41645 -47.9469 4.94 -4.01
35452 -47.9469 4.94 -4.01
35918 -47.9469 4.94 -4.01
39798 -47.9469 4.94 -4.01
36644 -47.9469 4.94 -4.01
39732 -47.9469 4.94 -4.01
39775 -47.9469 4.94 -4.01
42693 -47.9469 4.94 -4.01
38768 -47.9469 4.94 -4.01
42648 -47.9469 4.94 -4.01
37753 -47.9469 4.94 -4.01
36261 -47.9469 4.94 -4.01
30366 -47.9469 4.94 -4.01
38310 -47.9469 4.94 -4.01
39639 -47.9469 4.94 -4.01
34175 -47.9469 4.94 -4.01
44172 -47.9469 4.94 -4.01
40163 -47.9469 4.94 -4.01
41208 -47.9469 4.94 -4.01
41868 -47.9469 4.94 -4.01
46596 -47.9469 4.94 -4.01
40647 -47.9469 4.94 -4.01
41605 -47.9469 4.94 -4.01
37529 -47.9469 4.94 -4.01
39043 -47.9469 4.94 -4.01
181672 -60.0207 -13.27 -24.07
181341 -60.0207 -13.27 -24.07
177927 -60.0207 -13.27 -24.07
185436 -60.0207 -13.27 -24.07
176133 -60.0207 -13.27 -24.07
188409 -60.0207 -13.27 -24.07
179951 -60.0207 -13.27 -24.07
187889 -60.0207 -13.27 -24.07
175869 -60.0207 -13.27 -24.07
177262 -60.0207 -13.27 -24.07
182826 -60.0207 -13.27 -24.07
173807 -60.0207 -13.27 -24.07
180693 -60.0207 -13.27 -24.07
186746 -60.0207 -13.27 -24.07
182489 -60.0207 -13.27 -24.07
176724 -60.0207 -13.27 -24.07
176249 -60.0207 -13.27 -24.07
185600 -60.0207 -13.27 -24.07
179412 -60.0207 -13.27 -24.07
183879 -60.0207 -13.27 -24.07
180879 -60.0207 -13.27 -24.07
177442 -60.0207 -13.27 -24.07
188155 -60.0207 -13.27 -24.07
182262 -60.0207 -13.27 -24.07
189442 -60.0207 -13.27 -24.07
175509 -60.0207 -13.27 -24.07
180382 -60.0207 -13.27 -24.07
178271 -60.0207 -13.27 -24.07
184568 -60.0207 -13.27 -24.07
189314 -60.0207 -13.27 -24.07
187408 -60.0207 -13.27 -24.07
175899 -60.0207 -13.27 -24.07
179799 -60.0207 -13.27 -24.07
187689 -60.0207 -13.27 -24.07
181722 -60.0207 -13.27 -24.07
187796 -60.0207 -13.27 -24.07
170982 -60.0207 -13.27 -24.07
179956 -60.0207 -13.27 -24.07
180994 -60.0207 -13.27 -24.07
172337 -59.8341 -18.85 -19.15
175393 -59.8341 -18.85 -19.15
175447 -59.8341 -18.85 -19.15
175322 -59.8341 -18.85 -19.15
180305 -59.8341 -18.85 -19.15
167657 -59.8341 -18.85 -19.15
172162 -59.8341 -18.85 -19.15
166958 -59.8341 -18.85 -19.15
172487 -59.8341 -18.85 -19.15
160765 -59.8341 -18.85 -19.15
180509 -59.8341 -18.85 -19.15
179358 -59.8341 -18.85 -19.15
172184 -59.8341 -18.85 -19.15
170979 -59.8341 -18.85 -19.15
166584 -59.8341 -18.85 -19.15
171121 -59.8341 -18.85 -19.15
171515 -59.8341 -18.85 -19.15
172817 -59.8341 -18.85 -19.15
165679 -59.8341 -18.85 -19.15
170407 -59.8341 -18.85 -19.15
175222 -59.8341 -18.85 -19.15
167564 -59.8341 -18.85 -19.15
172202 -59.8341 -18.85 -19.15
170355 -59.8341 -18.85 -19.15
175512 -59.8341 -18.85 -19.15
175091 -59.8341 -18.85 -19.15
175332 -59.8341 -18.85 -19.15
175082 -59.8341 -18.85 -19.15
181627 -59.8341 -18.85 -19.15
168337 -59.8341 -18.85 -19.15
180499 -59.8341 -18.85 -19.15
180412 -59.8341 -18.85 -19.15
171137 -59.8341 -18.85 -19.15
173253 -59.8341 -18.85 -19.15
160763 -59.8341 -18.85 -19.15
175681 -59.8341 -18.85 -19.15
181391 -59.8341 -18.85 -19.15
173964 -59.8341 -18.85 -19.15
175185 -59.8341 -18.85 -19.15
140640 -58.0464 -5.33 -20.97
146660 -58.0464 -5.33 -20.97
142632 -58.0464 -5.33 -20.97
141878 -58.0464 -5.33 -20.97
143946 -58.0464 -5.33 -20.97
144878 -58.0464 -5.33 -20.97
144857 -58.0464 -5.33 -20.97
153200 -58.0464 -5.33 -20.97
148186 -58.0464 -5.33 -20.97
151156 -58.0464 -5.33 -20.97
143843 -58.0464 -5.33 -20.97
144101 -58.0464 -5.33 -20.97
139779 -58.0464 -5.33 -20.97
145082 -58.0464 -5.33 -20.97
146414 -58.0464 -5.33 -20.97
141459 -58.0464 -5.33 -20.97
147894 -58.0464 -5.33 -20.97
146241 -58.0464 -5.33 -20.97
148224 -58.0464 -5.33 -20.97
148066 -58.0464 -5.33 -20.97
145003 -58.0464 -5.33 -20.97
144024 -58.0464 -5.33 -20.97
149062 -58.0464 -5.33 -20.97
150701 -58.0464 -5.33 -20.97
149352 -58.0464 -5.33 -20.97
155268 -58.0464 -5.33 -20.97
145588 -58.0464 -5.33 -20.97
147622 -58.0464 -5.33 -20.97
146705 -58.0464 -5.33 -20.97
145526 -58.0464 -5.33 -20.97
149026 -58.0464 -5.33 -20.97
149451 -58.0464 -5.33 -20.97
146233 -58.0464 -5.33 -20.97
145837 -58.0464 -5.33 -20.97
148144 -58.0464 -5.33 -20.97
141414 -58.0464 -5.33 -20.97
144269 -58.0464 -5.33 -20.97
144394 -58.0464 -5.33 -20.97
141315 -58.0464 -5.33 -20.97
180148 -59.9128 -22.96 -14.45
172152 -59.9128 -22.96 -14.45
178858 -59.9128 -22.96 -14.45
183469 -59.9128 -22.96 -14.45
176667 -59.9128 -22.96 -14.45
177895 -59.9128 -22.96 -14.45
189536 -59.9128 -22.96 -14.45
175941 -59.9128 -22.96 -14.45
179797 -59.9128 -22.96 -14.45
179933 -59.9128 -22.96 -14.45
180440 -59.9128 -22.96 -14.45
181582 -59.9128 -22.96 -14.45
172549 -59.9128 -22.96 -14.45
171592 -59.9128 -22.96 -14.45
175014 -59.9128 -22.96 -14.45
182323 -59.9128 -22.96 -14.45
185294 -59.9128 -22.96 -14.45
173959 -59.9128 -22.96 -14.45
178111 -59.9128 -22.96 -14.45
173742 -59.9128 -22.96 -14.45
181019 -59.9128 -22.96 -14.45
176692 -59.9128 -22.96 -14.45
178008 -59.9128 -22.96 -14.45
173099 -59.9128 -22.96 -14.45
177909 -59.9128 -22.96 -14.45
181842 -59.9128 -22.96 -14.45
176304 -59.9128 -22.96 -14.45
180087 -59.9128 -22.96 -14.45
182209 -59.9128 -22.96 -14.45
171765 -59.9128 -22.96 -14.45
180859 -59.9128 -22.96 -14.45
186436 -59.9128 -22.96 -14.45
179833 -59.9128 -22.96 -14.45
182174 -59.9128 -22.96 -14.45
178402 -59.9128 -22.96 -14.45
185114 -59.9128 -22.96 -14.45
185223 -59.9128 -22.96 -14.45
172767 -59.9128 -22.96 -14.45
182103 -59.9128 -22.96 -14.45
77800 -54.0081 11.1 7.26
78742 -54.0081 11.1 7.26
74411 -54.0081 11.1 7.26
84517 -54.0081 11.1 7.26
82938 -54.0081 11.1 7.26
77772 -54.0081 11.1 7.26
82689 -54.0081 11.1 7.26
81882 -54.0081 11.1 7.26
81186 -54.0081 11.1 7.26
73240 -54.0081 11.1 7.26
85213 -54.0081 11.1 7.26
78393 -54.0081 11.1 7.26
78181 -54.0081 11.1 7.26
85301 -54.0081 11.1 7.26
84241 -54.0081 11.1 7.26
82132 -54.0081 11.1 7.26
81122 -54.0081 11.1 7.26
84089 -54.0081 11.1 7.26
81440 -54.0081 11.1 7.26
79662 -54.0081 11.1 7.26
81343 -54.0081 11.1 7.26
84132 -54.0081 11.1 7.26
82083 -54.0081 11.1 7.26
85321 -54.0081 11.1 7.26
70593 -54.0081 11.1 7.26
80944 -54.0081 11.1 7.26
86121 -54.0081 11.1 7.26
81523 -54.0081 11.1 7.26
82622 -54.0081 11.1 7.26
68345 -54.0081 11.1 7.26
80353 -54.0081 11.1 7.26
82855 -54.0081 11.1 7.26
85168 -54.0081 11.1 7.26
79934 -54.0081 11.1 7.26
81413 -54.0081 11.1 7.26
82256 -54.0081 11.1 7.26
85018 -54.0081 11.1 7.26
82203 -54.0081 11.1 7.26
81876 -54.0081 11.1 7.26
136114 -57.3333 -3.74 -19.49
131582 -57.3333 -3.74 -19.49
127956 -57.3333 -3.74 -19.49
133221 -57.3333 -3.74 -19.49
130552 -57.3333 -3.74 -19.49
127427 -57.3333 -3.74 -19.49
129857 -57.3333 -3.74 -19.49
126851 -57.3333 -3.74 -19.49
133048 -57.3333 -3.74 -19.49
135491 -57.3333 -3.74 -19.49
130485 -57.3333 -3.74 -19.49
132875 -57.3333 -3.74 -19.49
132811 -57.3333 -3.74 -19.49
132254 -57.3333 -3.74 -19.49
129728 -57.3333 -3.74 -19.49
134588 -57.3333 -3.74 -19.49
134922 -57.3333 -3.74 -19.49
135293 -57.3333 -3.74 -19.49
136777 -57.3333 -3.74 -19.49
132217 -57.3333 -3.74 -19.49
136163 -57.3333 -3.74 -19.49
143967 -57.3333 -3.74 -19.49
130030 -57.3333 -3.74 -19.49
133273 -57.3333 -3.74 -19.49
131061 -57.3333 -3.74 -19.49
132487 -57.3333 -3.74 -19.49
129672 -57.3333 -3.74 -19.49
135093 -57.3333 -3.74 -19.49
133190 -57.3333 -3.74 -19.49
132442 -57.3333 -3.74 -19.49
134778 -57.3333 -3.74 -19.49
138033 -57.3333 -3.74 -19.49
137007 -57.3333 -3.74 -19.49
130284 -57.3333 -3.74 -19.49
129291 -57.3333 -3.74 -19.49
128818 -57.3333 -3.74 -19.49
136457 -57.3333 -3.74 -19.49
136644 -57.3333 -3.74 -19.49
133873 -57.3333 -3.74 -19.49
91984 -54.5235 3.37 -13.71
91976 -54.5235 3.37 -13.71
94799 -54.5235 3.37 -13.71
90454 -54.5235 3.37 -13.71
86217 -54.5235 3.37 -13.71
88763 -54.5235 3.37 -13.71
79795 -54.5235 3.37 -13.71
91081 -54.5235 3.37 -13.71
90480 -54.5235 3.37 -13.71
95136 -54.5235 3.37 -13.71
95139 -54.5235 3.37 -13.71
88287 -54.5235 3.37 -13.71
97519 -54.5235 3.37 -13.71
91441 -54.5235 3.37 -13.71
93956 -54.5235 3.37 -13.71
89567 -54.5235 3.37 -13.71
88278 -54.5235 3.37 -13.71
88666 -54.5235 3.37 -13.71
85969 -54.5235 3.37 -13.71
88940 -54.5235 3.37 -13.71
87517 -54.5235 3.37 -13.71
89696 -54.5235 3.37 -13.71
89111 -54.5235 3.37 -13.71
90301 -54.5235 3.37 -13.71
93300 -54.5235 3.37 -13.71
87276 -54.5235 3.37 -13.71
90194 -54.5235 3.37 -13.71
89094 -54.5235 3.37 -13.71
88927 -54.5235 3.37 -13.71
91280 -54.5235 3.37 -13.71
87202 -54.5235 3.37 -13.71
88694 -54.5235 3.37 -13.71
86828 -54.5235 3.37 -13.71
93620 -54.5235 3.37 -13.71
92645 -54.5235 3.37 -13.71
83540 -54.5235 3.37 -13.71
92250 -54.5235 3.37 -13.71
85146 -54.5235 3.37 -13.71
92004 -54.5235 3.37 -13.71
121326 -56.3395 -7.98 15.68
122591 -56.3395 -7.98 15.68
122167 -56.3395 -7.98 15.68
118778 -56.3395 -7.98 15.68
119863 -56.3395 -7.98 15.68
122157 -56.3395 -7.98 15.68
121423 -56.3395 -7.98 15.68
122845 -56.3395 -7.98 15.68
118174 -56.3395 -7.98 15.68
124183 -56.3395 -7.98 15.68
120981 -56.3395 -7.98 15.68
122156 -56.3395 -7.98 15.68
120901 -56.3395 -7.98 15.68
120560 -56.3395 -7.98 15.68
120417 -56.3395 -7.98 15.68
118605 -56.3395 -7.98 15.68
125232 -56.3395 -7.98 15.68
116277 -56.3395 -7.98 15.68
122157 -56.3395 -7.98 15.68
121203 -56.3395 -7.98 15.68
126281 -56.3395 -7.98 15.68
126474 -56.3395 -7.98 15.68
125795 -56.3395 -7.98 15.68
119136 -56.3395 -7.98 15.68
123822 -56.3395 -7.98 15.68
120952 -56.3395 -7.98 15.68
119911 -56.3395 -7.98 15.68
114925 -56.3395 -7.98 15.68
118879 -56.3395 -7.98 15.68
119161 -56.3395 -7.98 15.68
120469 -56.3395 -7.98 15.68
119202 -56.3395 -7.98 15.68
125917 -56.3395 -7.98 15.68
115445 -56.3395 -7.98 15.68
120638 -56.3395 -7.98 15.68
123958 -56.3395 -7.98 15.68
120458 -56.3395 -7.98 15.68
122357 -56.3395 -7.98 15.68
118144 -56.3395 -7.98 15.68
