#rtt sig_str x y
116917 -56.1623 -11.53 12.79
110543 -56.1623 -11.53 12.79
120664 -56.1623 -11.53 12.79
119905 -56.1623 -11.53 12.79
113265 -56.1623 -11.53 12.79
113982 -56.1623 -11.53 12.79
116430 -56.1623 -11.53 12.79
115257 -56.1623 -11.53 12.79
118975 -56.1623 -11.53 12.79
109254 -56.1623 -11.53 12.79
113977 -56.1623 -11.53 12.79
119930 -56.1623 -11.53 12.79
111699 -56.1623 -11.53 12.79
116153 -56.1623 -11.53 12.79
113301 -56.1623 -11.53 12.79
112911 -56.1623 -11.53 12.79
117366 -56.1623 -11.53 12.79
117190 -56.1623 -11.53 12.79
114084 -56.1623 -11.53 12.79
111555 -56.1623 -11.53 12.79
117102 -56.1623 -11.53 12.79
119371 -56.1623 -11.53 12.79
115354 -56.1623 -11.53 12.79
107739 -56.1623 -11.53 12.79
108467 -56.1623 -11.53 12.79
112736 -56.1623 -11.53 12.79
116015 -56.1623 -11.53 12.79
113174 -56.1623 -11.53 12.79
111146 -56.1623 -11.53 12.79
111545 -56.1623 -11.53 12.79
119243 -56.1623 -11.53 12.79
119130 -56.1623 -11.53 12.79
114314 -56.1623 -11.53 12.79
115947 -56.1623 -11.53 12.79
106959 -56.1623 -11.53 12.79
116716 -56.1623 -11.53 12.79
118621 -56.1623 -11.53 12.79
118848 -56.1623 -11.53 12.79
110173 -56.1623 -11.53 12.79
87614 -53.4291 1.16 -12.31
85658 -53.4291 1.16 -12.31
95354 -53.4291 1.16 -12.31
93491 -53.4291 1.16 -12.31
93118 -53.4291 1.16 -12.31
89564 -53.4291 1.16 -12.31
85721 -53.4291 1.16 -12.31
84881 -53.4291 1.16 -12.31
92959 -53.4291 1.16 -12.31
90593 -53.4291 1.16 -12.31
87941 -53.4291 1.16 -12.31
87405 -53.4291 1.16 -12.31
94348 -53.4291 1.16 -12.31
91640 -53.4291 1.16 -12.31
85666 -53.4291 1.16 -12.31
93155 -53.4291 1.16 -12.31
89780 -53.4291 1.16 -12.31
87624 -53.4291 1.16 -12.31
90088 -53.4291 1.16 -12.31
88066 -53.4291 1.16 -12.31
84317 -53.4291 1.16 -12.31
87703 -53.4291 1.16 -12.31
88796 -53.4291 1.16 -12.31
92722 -53.4291 1.16 -12.31
92644 -53.4291 1.16 -12.31
85602 -53.4291 1.16 -12.31
86725 -53.4291 1.16 -12.31
84876 -53.4291 1.16 -12.31
85462 -53.4291 1.16 -12.31
85194 -53.4291 1.16 -12.31
84272 -53.4291 1.16 -12.31
89608 -53.4291 1.16 -12.31
93778 -53.4291 1.16 -12.31
92211 -53.4291 1.16 -12.31
87327 -53.4291 1.16 -12.31
93009 -53.4291 1.16 -12.31
92822 -53.4291 1.16 -12.31
88292 -53.4291 1.16 -12.31
93250 -53.4291 1.16 -12.31
116110 -55.8043 16.1 3.56
111988 -55.8043 16.1 3.56
115421 -55.8043 16.1 3.56
113764 -55.8043 16.1 3.56
112010 -55.8043 16.1 3.56
106963 -55.8043 16.1 3.56
118492 -55.8043 16.1 3.56
119683 -55.8043 16.1 3.56
112138 -55.8043 16.1 3.56
113511 -55.8043 16.1 3.56
122080 -55.8043 16.1 3.56
118041 -55.8043 16.1 3.56
118303 -55.8043 16.1 3.56
121468 -55.8043 16.1 3.56
116418 -55.8043 16.1 3.56
121926 -55.8043 16.1 3.56
115945 -55.8043 16.1 3.56
112191 -55.8043 16.1 3.56
118852 -55.8043 16.1 3.56
110926 -55.8043 16.1 3.56
116658 -55.8043 16.1 3.56
117672 -55.8043 16.1 3.56
120989 -55.8043 16.1 3.56
119104 -55.8043 16.1 3.56
119869 -55.8043 16.1 3.56
114235 -55.8043 16.1 3.56
119868 -55.8043 16.1 3.56
119427 -55.8043 16.1 3.56
118486 -55.8043 16.1 3.56
114419 -55.8043 16.1 3.56
116410 -55.8043 16.1 3.56
115840 -55.8043 16.1 3.56
114326 -55.8043 16.1 3.56
116538 -55.8043 16.1 3.56
112552 -55.8043 16.1 3.56
121153 -55.8043 16.1 3.56
118722 -55.8043 16.1 3.56
117082 -55.8043 16.1 3.56
116225 -55.8043 16.1 3.56
192532 -60.647 17.36 -24.04
195020 -60.647 17.36 -24.04
193856 -60.647 17.36 -24.04
195851 -60.647 17.36 -24.04
193309 -60.647 17.36 -24.04
195752 -60.647 17.36 -24.04
190499 -60.647 17.36 -24.04
194236 -60.647 17.36 -24.04
194465 -60.647 17.36 -24.04
191469 -60.647 17.36 -24.04
197272 -60.647 17.36 -24.04
189598 -60.647 17.36 -24.04
199099 -60.647 17.36 -24.04
191887 -60.647 17.36 -24.04
194774 -60.647 17.36 -24.04
192190 -60.647 17.36 -24.04
193250 -60.647 17.36 -24.04
193847 -60.647 17.36 -24.04
194962 -60.647 17.36 -24.04
195652 -60.647 17.36 -24.04
193409 -60.647 17.36 -24.04
196640 -60.647 17.36 -24.04
193664 -60.647 17.36 -24.04
192356 -60.647 17.36 -24.04
196529 -60.647 17.36 -24.04
196595 -60.647 17.36 -24.04
197922 -60.647 17.36 -24.04
191851 -60.647 17.36 -24.04
192071 -60.647 17.36 -24.04
196812 -60.647 17.36 -24.04
193054 -60.647 17.36 -24.04
200064 -60.647 17.36 -24.04
191298 -60.647 17.36 -24.04
190648 -60.647 17.36 -24.04
189230 -60.647 17.36 -24.04
198420 -60.647 17.36 -24.04
192552 -60.647 17.36 -24.04
185135 -60.647 17.36 -24.04
194132 -60.647 17.36 -24.04
216469 -61.3648 22.24 -23.49
217646 -61.3648 22.24 -23.49
217519 -61.3648 22.24 -23.49
216655 -61.3648 22.24 -23.49
209144 -61.3648 22.24 -23.49
217791 -61.3648 22.24 -23.49
217562 -61.3648 22.24 -23.49
215258 -61.3648 22.24 -23.49
215044 -61.3648 22.24 -23.49
210030 -61.3648 22.24 -23.49
216588 -61.3648 22.24 -23.49
218420 -61.3648 22.24 -23.49
215622 -61.3648 22.24 -23.49
215470 -61.3648 22.24 -23.49
209466 -61.3648 22.24 -23.49
219853 -61.3648 22.24 -23.49
214462 -61.3648 22.24 -23.49
217500 -61.3648 22.24 -23.49
213096 -61.3648 22.24 -23.49
213956 -61.3648 22.24 -23.49
211809 -61.3648 22.24 -23.49
213834 -61.3648 22.24 -23.49
211632 -61.3648 22.24 -23.49
218548 -61.3648 22.24 -23.49
215611 -61.3648 22.24 -23.49
214900 -61.3648 22.24 -23.49
208804 -61.3648 22.24 -23.49
208846 -61.3648 22.24 -23.49
214733 -61.3648 22.24 -23.49
211721 -61.3648 22.24 -23.49
220002 -61.3648 22.24 -23.49
214054 -61.3648 22.24 -23.49
215743 -61.3648 22.24 -23.49
206480 -61.3648 22.24 -23.49
210837 -61.3648 22.24 -23.49
209486 -61.3648 22.24 -23.49
212384 -61.3648 22.24 -23.49
215941 -61.3648 22.24 -23.49
209820 -61.3648 22.24 -23.49
169278 -59.2126 -18.73 -16.44
170213 -59.2126 -18.73 -16.44
167772 -59.2126 -18.73 -16.44
167164 -59.2126 -18.73 -16.44
164133 -59.2126 -18.73 -16.44
166755 -59.2126 -18.73 -16.44
167389 -59.2126 -18.73 -16.44
165737 -59.2126 -18.73 -16.44
160960 -59.2126 -18.73 -16.44
156834 -59.2126 -18.73 -16.44
165182 -59.2126 -18.73 -16.44
167028 -59.2126 -18.73 -16.44
161909 -59.2126 -18.73 -16.44
165032 -59.2126 -18.73 -16.44
170343 -59.2126 -18.73 -16.44
166797 -59.2126 -18.73 -16.44
156084 -59.2126 -18.73 -16.44
159897 -59.2126 -18.73 -16.44
166784 -59.2126 -18.73 -16.44
167147 -59.2126 -18.73 -16.44
168789 -59.2126 -18.73 -16.44
161552 -59.2126 -18.73 -16.44
163139 -59.2126 -18.73 -16.44
160674 -59.2126 -18.73 -16.44
167661 -59.2126 -18.73 -16.44
163080 -59.2126 -18.73 -16.44
162746 -59.2126 -18.73 -16.44
167620 -59.2126 -18.73 -16.44
160696 -59.2126 -18.73 -16.44
163852 -59.2126 -18.73 -16.44
171828 -59.2126 -18.73 -16.44
164325 -59.2126 -18.73 -16.44
157891 -59.2126 -18.73 -16.44
164228 -59.2126 -18.73 -16.44
168323 -59.2126 -18.73 -16.44
167732 -59.2126 -18.73 -16.44
168014 -59.2126 -18.73 -16.44
164256 -59.2126 -18.73 -16.44
162142 -59.2126 -18.73 -16.44
131864 -57.5766 -13.83 15.05
137448 -57.5766 -13.83 15.05
136412 -57.5766 -13.83 15.05
133242 -57.5766 -13.83 15.05
129424 -57.5766 -13.83 15.05
137196 -57.5766 -13.83 15.05
138164 -57.5766 -13.83 15.05
132925 -57.5766 -13.83 15.05
134993 -57.5766 -13.83 15.05
130539 -57.5766 -13.83 15.05
128828 -57.5766 -13.83 15.05
140510 -57.5766 -13.83 15.05
133812 -57.5766 -13.83 15.05
137494 -57.5766 -13.83 15.05
133533 -57.5766 -13.83 15.05
135696 -57.5766 -13.83 15.05
131807 -57.5766 -13.83 15.05
132975 -57.5766 -13.83 15.05
128952 -57.5766 -13.83 15.05
143593 -57.5766 -13.83 15.05
132970 -57.5766 -13.83 15.05
138846 -57.5766 -13.83 15.05
141008 -57.5766 -13.83 15.05
139582 -57.5766 -13.83 15.05
136948 -57.5766 -13.83 15.05
131062 -57.5766 -13.83 15.05
134920 -57.5766 -13.83 15.05
143753 -57.5766 -13.83 15.05
126622 -57.5766 -13.83 15.05
134614 -57.5766 -13.83 15.05
137661 -57.5766 -13.83 15.05
134752 -57.5766 -13.83 15.05
138339 -57.5766 -13.83 15.05
132440 -57.5766 -13.83 15.05
133538 -57.5766 -13.83 15.05
133057 -57.5766 -13.83 15.05
136528 -57.5766 -13.83 15.05
134458 -57.5766 -13.83 15.05
137201 -57.5766 -13.83 15.05
128981 -56.9267 -0.23 18.89
127447 -56.9267 -0.23 18.89
128142 -56.9267 -0.23 18.89
130352 -56.9267 -0.23 18.89
126378 -56.9267 -0.23 18.89
127807 -56.9267 -0.23 18.89
123210 -56.9267 -0.23 18.89
133908 -56.9267 -0.23 18.89
130996 -56.9267 -0.23 18.89
130501 -56.9267 -0.23 18.89
130011 -56.9267 -0.23 18.89
131379 -56.9267 -0.23 18.89
131175 -56.9267 -0.23 18.89
130908 -56.9267 -0.23 18.89
132438 -56.9267 -0.23 18.89
123328 -56.9267 -0.23 18.89
126424 -56.9267 -0.23 18.89
128679 -56.9267 -0.23 18.89
134101 -56.9267 -0.23 18.89
131292 -56.9267 -0.23 18.89
127583 -56.9267 -0.23 18.89
126809 -56.9267 -0.23 18.89
130697 -56.9267 -0.23 18.89
126321 -56.9267 -0.23 18.89
132650 -56.9267 -0.23 18.89
135656 -56.9267 -0.23 18.89
129605 -56.9267 -0.23 18.89
126212 -56.9267 -0.23 18.89
133731 -56.9267 -0.23 18.89
125883 -56.9267 -0.23 18.89
130615 -56.9267 -0.23 18.89
125963 -56.9267 -0.23 18.89
134980 -56.9267 -0.23 18.89
125726 -56.9267 -0.23 18.89
124158 -56.9267 -0.23 18.89
134163 -56.9267 -0.23 18.89
132738 -56.9267 -0.23 18.89
136329 -56.9267 -0.23 18.89
133505 -56.9267 -0.23 18.89
114269 -55.4892 14.35 6.78
106727 -55.4892 14.35 6.78
112030 -55.4892 14.35 6.78
107004 -55.4892 14.35 6.78
115797 -55.4892 14.35 6.78
115700 -55.4892 14.35 6.78
111545 -55.4892 14.35 6.78
120736 -55.4892 14.35 6.78
111563 -55.4892 14.35 6.78
117205 -55.4892 14.35 6.78
114906 -55.4892 14.35 6.78
112057 -55.4892 14.35 6.78
111795 -55.4892 14.35 6.78
109417 -55.4892 14.35 6.78
115815 -55.4892 14.35 6.78
112192 -55.4892 14.35 6.78
111411 -55.4892 14.35 6.78
109203 -55.4892 14.35 6.78
109520 -55.4892 14.35 6.78
106356 -55.4892 14.35 6.78
114242 -55.4892 14.35 6.78
107110 -55.4892 14.35 6.78
113999 -55.4892 14.35 6.78
110488 -55.4892 14.35 6.78
112703 -55.4892 14.35 6.78
111594 -55.4892 14.35 6.78
114283 -55.4892 14.35 6.78
108989 -55.4892 14.35 6.78
111068 -55.4892 14.35 6.78
113583 -55.4892 14.35 6.78
115949 -55.4892 14.35 6.78
113060 -55.4892 14.35 6.78
111521 -55.4892 14.35 6.78
110503 -55.4892 14.35 6.78
111130 -55.4892 14.35 6.78
105482 -55.4892 14.35 6.78
109226 -55.4892 14.35 6.78
106402 -55.4892 14.35 6.78
111326 -55.4892 14.35 6.78
126148 -57.1975 -18.31 -6.77
125904 -57.1975 -18.31 -6.77
132578 -57.1975 -18.31 -6.77
126380 -57.1975 -18.31 -6.77
130870 -57.1975 -18.31 -6.77
130513 -57.1975 -18.31 -6.77
125598 -57.1975 -18.31 -6.77
119914 -57.1975 -18.31 -6.77
124316 -57.1975 -18.31 -6.77
124245 -57.1975 -18.31 -6.77
128195 -57.1975 -18.31 -6.77
119640 -57.1975 -18.31 -6.77
124465 -57.1975 -18.31 -6.77
124540 -57.1975 -18.31 -6.77
124476 -57.1975 -18.31 -6.77
132017 -57.1975 -18.31 -6.77
123951 -57.1975 -18.31 -6.77
127727 -57.1975 -18.31 -6.77
128339 -57.1975 -18.31 -6.77
129923 -57.1975 -18.31 -6.77
124757 -57.1975 -18.31 -6.77
127165 -57.1975 -18.31 -6.77
127362 -57.1975 -18.31 -6.77
127255 -57.1975 -18.31 -6.77
127540 -57.1975 -18.31 -6.77
127622 -57.1975 -18.31 -6.77
123290 -57.1975 -18.31 -6.77
129103 -57.1975 -18.31 -6.77
128556 -57.1975 -18.31 -6.77
127019 -57.1975 -18.31 -6.77
126787 -57.1975 -18.31 -6.77
120546 -57.1975 -18.31 -6.77
137977 -57.1975 -18.31 -6.77
125537 -57.1975 -18.31 -6.77
129487 -57.1975 -18.31 -6.77
129762 -57.1975 -18.31 -6.77
131744 -57.1975 -18.31 -6.77
129173 -57.1975 -18.31 -6.77
121227 -57.1975 -18.31 -6.77
