#rtt sig_str x y
32522 -45.2806 -4.46 -1.15
31260 -45.2806 -4.46 -1.15
27781 -45.2806 -4.46 -1.15
34387 -45.2806 -4.46 -1.15
26350 -45.2806 -4.46 -1.15
26960 -45.2806 -4.46 -1.15
26219 -45.2806 -4.46 -1.15
23648 -45.2806 -4.46 -1.15
22906 -45.2806 -4.46 -1.15
23914 -45.2806 -4.46 -1.15
27511 -45.2806 -4.46 -1.15
28128 -45.2806 -4.46 -1.15
30226 -45.2806 -4.46 -1.15
20568 -45.2806 -4.46 -1.15
32201 -45.2806 -4.46 -1.15
31169 -45.2806 -4.46 -1.15
23428 -45.2806 -4.46 -1.15
30730 -45.2806 -4.46 -1.15
29152 -45.2806 -4.46 -1.15
23694 -45.2806 -4.46 -1.15
28376 -45.2806 -4.46 -1.15
30394 -45.2806 -4.46 -1.15
26888 -45.2806 -4.46 -1.15
21386 -45.2806 -4.46 -1.15
30781 -45.2806 -4.46 -1.15
27606 -45.2806 -4.46 -1.15
27029 -45.2806 -4.46 -1.15
21897 -45.2806 -4.46 -1.15
27361 -45.2806 -4.46 -1.15
22743 -45.2806 -4.46 -1.15
23973 -45.2806 -4.46 -1.15
25324 -45.2806 -4.46 -1.15
26597 -45.2806 -4.46 -1.15
28597 -45.2806 -4.46 -1.15
27262 -45.2806 -4.46 -1.15
25882 -45.2806 -4.46 -1.15
25765 -45.2806 -4.46 -1.15
27524 -45.2806 -4.46 -1.15
29187 -45.2806 -4.46 -1.15
200735 -61.0794 18.88 24.9
212561 -61.0794 18.88 24.9
215405 -61.0794 18.88 24.9
217660 -61.0794 18.88 24.9
209710 -61.0794 18.88 24.9
206494 -61.0794 18.88 24.9
204638 -61.0794 18.88 24.9
212107 -61.0794 18.88 24.9
211620 -61.0794 18.88 24.9
204085 -61.0794 18.88 24.9
209391 -61.0794 18.88 24.9
206853 -61.0794 18.88 24.9
213350 -61.0794 18.88 24.9
209633 -61.0794 18.88 24.9
215856 -61.0794 18.88 24.9
207118 -61.0794 18.88 24.9
202823 -61.0794 18.88 24.9
211380 -61.0794 18.88 24.9
209865 -61.0794 18.88 24.9
208694 -61.0794 18.88 24.9
207298 -61.0794 18.88 24.9
205909 -61.0794 18.88 24.9
212896 -61.0794 18.88 24.9
205643 -61.0794 18.88 24.9
199665 -61.0794 18.88 24.9
211385 -61.0794 18.88 24.9
209904 -61.0794 18.88 24.9
213471 -61.0794 18.88 24.9
213589 -61.0794 18.88 24.9
207922 -61.0794 18.88 24.9
212074 -61.0794 18.88 24.9
210381 -61.0794 18.88 24.9
203275 -61.0794 18.88 24.9
209995 -61.0794 18.88 24.9
206411 -61.0794 18.88 24.9
210092 -61.0794 18.88 24.9
207295 -61.0794 18.88 24.9
205648 -61.0794 18.88 24.9
206993 -61.0794 18.88 24.9
91961 -54.6059 14.13 -1.92
83614 -54.6059 14.13 -1.92
89508 -54.6059 14.13 -1.92
94661 -54.6059 14.13 -1.92
86040 -54.6059 14.13 -1.92
94108 -54.6059 14.13 -1.92
94668 -54.6059 14.13 -1.92
86906 -54.6059 14.13 -1.92
95432 -54.6059 14.13 -1.92
90855 -54.6059 14.13 -1.92
89720 -54.6059 14.13 -1.92
90061 -54.6059 14.13 -1.92
90349 -54.6059 14.13 -1.92
85313 -54.6059 14.13 -1.92
89502 -54.6059 14.13 -1.92
86891 -54.6059 14.13 -1.92
91090 -54.6059 14.13 -1.92
87411 -54.6059 14.13 -1.92
93979 -54.6059 14.13 -1.92
90686 -54.6059 14.13 -1.92
87163 -54.6059 14.13 -1.92
92807 -54.6059 14.13 -1.92
91452 -54.6059 14.13 -1.92
91989 -54.6059 14.13 -1.92
91004 -54.6059 14.13 -1.92
89162 -54.6059 14.13 -1.92
87536 -54.6059 14.13 -1.92
93866 -54.6059 14.13 -1.92
93590 -54.6059 14.13 -1.92
93764 -54.6059 14.13 -1.92
85972 -54.6059 14.13 -1.92
87464 -54.6059 14.13 -1.92
83606 -54.6059 14.13 -1.92
79932 -54.6059 14.13 -1.92
90395 -54.6059 14.13 -1.92
85007 -54.6059 14.13 -1.92
93108 -54.6059 14.13 -1.92
95360 -54.6059 14.13 -1.92
89938 -54.6059 14.13 -1.92
161669 -58.6013 22.08 -6.93
157550 -58.6013 22.08 -6.93
159272 -58.6013 22.08 -6.93
159473 -58.6013 22.08 -6.93
156004 -58.6013 22.08 -6.93
156915 -58.6013 22.08 -6.93
163415 -58.6013 22.08 -6.93
163825 -58.6013 22.08 -6.93
158849 -58.6013 22.08 -6.93
161185 -58.6013 22.08 -6.93
159300 -58.6013 22.08 -6.93
160336 -58.6013 22.08 -6.93
156735 -58.6013 22.08 -6.93
162472 -58.6013 22.08 -6.93
162031 -58.6013 22.08 -6.93
160984 -58.6013 22.08 -6.93
163946 -58.6013 22.08 -6.93
169080 -58.6013 22.08 -6.93
159355 -58.6013 22.08 -6.93
164197 -58.6013 22.08 -6.93
159559 -58.6013 22.08 -6.93
165589 -58.6013 22.08 -6.93
163926 -58.6013 22.08 -6.93
171284 -58.6013 22.08 -6.93
150413 -58.6013 22.08 -6.93
155200 -58.6013 22.08 -6.93
154699 -58.6013 22.08 -6.93
157638 -58.6013 22.08 -6.93
158935 -58.6013 22.08 -6.93
153202 -58.6013 22.08 -6.93
164141 -58.6013 22.08 -6.93
164916 -58.6013 22.08 -6.93
159558 -58.6013 22.08 -6.93
159593 -58.6013 22.08 -6.93
166127 -58.6013 22.08 -6.93
154296 -58.6013 22.08 -6.93
162281 -58.6013 22.08 -6.93
168727 -58.6013 22.08 -6.93
154867 -58.6013 22.08 -6.93
97462 -54.5789 -7 -12.37
97852 -54.5789 -7 -12.37
91389 -54.5789 -7 -12.37
92921 -54.5789 -7 -12.37
87063 -54.5789 -7 -12.37
91533 -54.5789 -7 -12.37
95380 -54.5789 -7 -12.37
89589 -54.5789 -7 -12.37
87739 -54.5789 -7 -12.37
88368 -54.5789 -7 -12.37
90769 -54.5789 -7 -12.37
92937 -54.5789 -7 -12.37
93010 -54.5789 -7 -12.37
96839 -54.5789 -7 -12.37
86547 -54.5789 -7 -12.37
97169 -54.5789 -7 -12.37
96656 -54.5789 -7 -12.37
97286 -54.5789 -7 -12.37
91804 -54.5789 -7 -12.37
82427 -54.5789 -7 -12.37
93811 -54.5789 -7 -12.37
92985 -54.5789 -7 -12.37
91106 -54.5789 -7 -12.37
89540 -54.5789 -7 -12.37
86264 -54.5789 -7 -12.37
83551 -54.5789 -7 -12.37
97100 -54.5789 -7 -12.37
88564 -54.5789 -7 -12.37
92989 -54.5789 -7 -12.37
95514 -54.5789 -7 -12.37
97209 -54.5789 -7 -12.37
93690 -54.5789 -7 -12.37
87136 -54.5789 -7 -12.37
84501 -54.5789 -7 -12.37
90741 -54.5789 -7 -12.37
84664 -54.5789 -7 -12.37
87863 -54.5789 -7 -12.37
89872 -54.5789 -7 -12.37
93729 -54.5789 -7 -12.37
232058 -62.0862 28.77 20.46
233745 -62.0862 28.77 20.46
240942 -62.0862 28.77 20.46
237372 -62.0862 28.77 20.46
229969 -62.0862 28.77 20.46
238955 -62.0862 28.77 20.46
246587 -62.0862 28.77 20.46
235688 -62.0862 28.77 20.46
240280 -62.0862 28.77 20.46
225200 -62.0862 28.77 20.46
234220 -62.0862 28.77 20.46
229950 -62.0862 28.77 20.46
232258 -62.0862 28.77 20.46
236151 -62.0862 28.77 20.46
234380 -62.0862 28.77 20.46
243301 -62.0862 28.77 20.46
236579 -62.0862 28.77 20.46
232051 -62.0862 28.77 20.46
235709 -62.0862 28.77 20.46
234201 -62.0862 28.77 20.46
239191 -62.0862 28.77 20.46
241602 -62.0862 28.77 20.46
236186 -62.0862 28.77 20.46
233185 -62.0862 28.77 20.46
233196 -62.0862 28.77 20.46
234451 -62.0862 28.77 20.46
235287 -62.0862 28.77 20.46
246743 -62.0862 28.77 20.46
239418 -62.0862 28.77 20.46
241613 -62.0862 28.77 20.46
236622 -62.0862 28.77 20.46
231840 -62.0862 28.77 20.46
239006 -62.0862 28.77 20.46
241095 -62.0862 28.77 20.46
240644 -62.0862 28.77 20.46
234569 -62.0862 28.77 20.46
243842 -62.0862 28.77 20.46
240157 -62.0862 28.77 20.46
245279 -62.0862 28.77 20.46
208238 -61.469 23.6 22.72
208810 -61.469 23.6 22.72
209470 -61.469 23.6 22.72
214501 -61.469 23.6 22.72
212047 -61.469 23.6 22.72
216702 -61.469 23.6 22.72
213634 -61.469 23.6 22.72
207543 -61.469 23.6 22.72
207890 -61.469 23.6 22.72
205726 -61.469 23.6 22.72
207693 -61.469 23.6 22.72
211756 -61.469 23.6 22.72
215722 -61.469 23.6 22.72
211609 -61.469 23.6 22.72
213238 -61.469 23.6 22.72
221618 -61.469 23.6 22.72
213632 -61.469 23.6 22.72
205227 -61.469 23.6 22.72
211874 -61.469 23.6 22.72
206798 -61.469 23.6 22.72
204464 -61.469 23.6 22.72
216691 -61.469 23.6 22.72
211560 -61.469 23.6 22.72
212157 -61.469 23.6 22.72
205674 -61.469 23.6 22.72
209119 -61.469 23.6 22.72
206767 -61.469 23.6 22.72
210189 -61.469 23.6 22.72
218909 -61.469 23.6 22.72
210544 -61.469 23.6 22.72
216221 -61.469 23.6 22.72
210800 -61.469 23.6 22.72
205799 -61.469 23.6 22.72
209994 -61.469 23.6 22.72
204819 -61.469 23.6 22.72
211682 -61.469 23.6 22.72
205607 -61.469 23.6 22.72
203985 -61.469 23.6 22.72
210694 -61.469 23.6 22.72
114295 -56.8268 -17.42 6.7
119484 -56.8268 -17.42 6.7
122777 -56.8268 -17.42 6.7
124090 -56.8268 -17.42 6.7
123678 -56.8268 -17.42 6.7
115783 -56.8268 -17.42 6.7
116145 -56.8268 -17.42 6.7
117050 -56.8268 -17.42 6.7
133775 -56.8268 -17.42 6.7
126110 -56.8268 -17.42 6.7
115543 -56.8268 -17.42 6.7
115693 -56.8268 -17.42 6.7
116205 -56.8268 -17.42 6.7
116523 -56.8268 -17.42 6.7
122616 -56.8268 -17.42 6.7
126150 -56.8268 -17.42 6.7
123358 -56.8268 -17.42 6.7
121021 -56.8268 -17.42 6.7
111381 -56.8268 -17.42 6.7
119549 -56.8268 -17.42 6.7
123309 -56.8268 -17.42 6.7
115138 -56.8268 -17.42 6.7
119012 -56.8268 -17.42 6.7
114905 -56.8268 -17.42 6.7
124436 -56.8268 -17.42 6.7
123874 -56.8268 -17.42 6.7
119109 -56.8268 -17.42 6.7
116566 -56.8268 -17.42 6.7
120703 -56.8268 -17.42 6.7
123298 -56.8268 -17.42 6.7
118826 -56.8268 -17.42 6.7
117848 -56.8268 -17.42 6.7
121949 -56.8268 -17.42 6.7
119909 -56.8268 -17.42 6.7
117094 -56.8268 -17.42 6.7
122480 -56.8268 -17.42 6.7
120660 -56.8268 -17.42 6.7
121779 -56.8268 -17.42 6.7
123963 -56.8268 -17.42 6.7
93988 -55.3609 14.51 -5.8
104999 -55.3609 14.51 -5.8
99563 -55.3609 14.51 -5.8
101087 -55.3609 14.51 -5.8
104546 -55.3609 14.51 -5.8
101879 -55.3609 14.51 -5.8
104815 -55.3609 14.51 -5.8
107729 -55.3609 14.51 -5.8
100372 -55.3609 14.51 -5.8
101058 -55.3609 14.51 -5.8
105288 -55.3609 14.51 -5.8
101560 -55.3609 14.51 -5.8
102969 -55.3609 14.51 -5.8
105542 -55.3609 14.51 -5.8
98471 -55.3609 14.51 -5.8
106264 -55.3609 14.51 -5.8
106231 -55.3609 14.51 -5.8
102079 -55.3609 14.51 -5.8
101659 -55.3609 14.51 -5.8
106447 -55.3609 14.51 -5.8
99134 -55.3609 14.51 -5.8
100750 -55.3609 14.51 -5.8
109157 -55.3609 14.51 -5.8
107045 -55.3609 14.51 -5.8
110565 -55.3609 14.51 -5.8
104310 -55.3609 14.51 -5.8
102456 -55.3609 14.51 -5.8
101520 -55.3609 14.51 -5.8
103951 -55.3609 14.51 -5.8
108411 -55.3609 14.51 -5.8
99701 -55.3609 14.51 -5.8
106878 -55.3609 14.51 -5.8
108170 -55.3609 14.51 -5.8
98821 -55.3609 14.51 -5.8
103593 -55.3609 14.51 -5.8
104864 -55.3609 14.51 -5.8
99155 -55.3609 14.51 -5.8
105044 -55.3609 14.51 -5.8
104584 -55.3609 14.51 -5.8
87635 -53.5798 9.79 7.92
93388 -53.5798 9.79 7.92
89789 -53.5798 9.79 7.92
86234 -53.5798 9.79 7.92
87291 -53.5798 9.79 7.92
83992 -53.5798 9.79 7.92
86736 -53.5798 9.79 7.92
93639 -53.5798 9.79 7.92
87191 -53.5798 9.79 7.92
90780 -53.5798 9.79 7.92
93126 -53.5798 9.79 7.92
90211 -53.5798 9.79 7.92
92688 -53.5798 9.79 7.92
93253 -53.5798 9.79 7.92
98858 -53.5798 9.79 7.92
90523 -53.5798 9.79 7.92
87537 -53.5798 9.79 7.92
85969 -53.5798 9.79 7.92
85777 -53.5798 9.79 7.92
91355 -53.5798 9.79 7.92
93508 -53.5798 9.79 7.92
84802 -53.5798 9.79 7.92
85372 -53.5798 9.79 7.92
93068 -53.5798 9.79 7.92
84225 -53.5798 9.79 7.92
91063 -53.5798 9.79 7.92
86072 -53.5798 9.79 7.92
86361 -53.5798 9.79 7.92
82455 -53.5798 9.79 7.92
91973 -53.5798 9.79 7.92
89269 -53.5798 9.79 7.92
92693 -53.5798 9.79 7.92
90181 -53.5798 9.79 7.92
92853 -53.5798 9.79 7.92
83825 -53.5798 9.79 7.92
88494 -53.5798 9.79 7.92
87139 -53.5798 9.79 7.92
87329 -53.5798 9.79 7.92
87595 -53.5798 9.79 7.92
