#rtt sig_str x y
154083 -58.9221 13.74 -19.75
159624 -58.9221 13.74 -19.75
158487 -58.9221 13.74 -19.75
158124 -58.9221 13.74 -19.75
159071 -58.9221 13.74 -19.75
161463 -58.9221 13.74 -19.75
155883 -58.9221 13.74 -19.75
163451 -58.9221 13.74 -19.75
153419 -58.9221 13.74 -19.75
157557 -58.9221 13.74 -19.75
160436 -58.9221 13.74 -19.75
161418 -58.9221 13.74 -19.75
152170 -58.9221 13.74 -19.75
163760 -58.9221 13.74 -19.75
150782 -58.9221 13.74 -19.75
153741 -58.9221 13.74 -19.75
161341 -58.9221 13.74 -19.75
160352 -58.9221 13.74 -19.75
158087 -58.9221 13.74 -19.75
159129 -58.9221 13.74 -19.75
167527 -58.9221 13.74 -19.75
153404 -58.9221 13.74 -19.75
161433 -58.9221 13.74 -19.75
159740 -58.9221 13.74 -19.75
161499 -58.9221 13.74 -19.75
161479 -58.9221 13.74 -19.75
156164 -58.9221 13.74 -19.75
160612 -58.9221 13.74 -19.75
156305 -58.9221 13.74 -19.75
161456 -58.9221 13.74 -19.75
156003 -58.9221 13.74 -19.75
164576 -58.9221 13.74 -19.75
158076 -58.9221 13.74 -19.75
153554 -58.9221 13.74 -19.75
158823 -58.9221 13.74 -19.75
157956 -58.9221 13.74 -19.75
160873 -58.9221 13.74 -19.75
159982 -58.9221 13.74 -19.75
150915 -58.9221 13.74 -19.75
93607 -53.9946 3.68 -12.72
93507 -53.9946 3.68 -12.72
95372 -53.9946 3.68 -12.72
99296 -53.9946 3.68 -12.72
97835 -53.9946 3.68 -12.72
100151 -53.9946 3.68 -12.72
85784 -53.9946 3.68 -12.72
97023 -53.9946 3.68 -12.72
98080 -53.9946 3.68 -12.72
98363 -53.9946 3.68 -12.72
102387 -53.9946 3.68 -12.72
96211 -53.9946 3.68 -12.72
101444 -53.9946 3.68 -12.72
97928 -53.9946 3.68 -12.72
97408 -53.9946 3.68 -12.72
101214 -53.9946 3.68 -12.72
94280 -53.9946 3.68 -12.72
101530 -53.9946 3.68 -12.72
100598 -53.9946 3.68 -12.72
95760 -53.9946 3.68 -12.72
98379 -53.9946 3.68 -12.72
94871 -53.9946 3.68 -12.72
96649 -53.9946 3.68 -12.72
92793 -53.9946 3.68 -12.72
98587 -53.9946 3.68 -12.72
93948 -53.9946 3.68 -12.72
95355 -53.9946 3.68 -12.72
93610 -53.9946 3.68 -12.72
98303 -53.9946 3.68 -12.72
95358 -53.9946 3.68 -12.72
100748 -53.9946 3.68 -12.72
97946 -53.9946 3.68 -12.72
94658 -53.9946 3.68 -12.72
94397 -53.9946 3.68 -12.72
93092 -53.9946 3.68 -12.72
94768 -53.9946 3.68 -12.72
97327 -53.9946 3.68 -12.72
93152 -53.9946 3.68 -12.72
96866 -53.9946 3.68 -12.72
192938 -60.8009 -22.51 -20.15
194422 -60.8009 -22.51 -20.15
182123 -60.8009 -22.51 -20.15
194168 -60.8009 -22.51 -20.15
190913 -60.8009 -22.51 -20.15
191805 -60.8009 -22.51 -20.15
192673 -60.8009 -22.51 -20.15
187632 -60.8009 -22.51 -20.15
191367 -60.8009 -22.51 -20.15
198971 -60.8009 -22.51 -20.15
191667 -60.8009 -22.51 -20.15
188580 -60.8009 -22.51 -20.15
194203 -60.8009 -22.51 -20.15
193874 -60.8009 -22.51 -20.15
193710 -60.8009 -22.51 -20.15
193161 -60.8009 -22.51 -20.15
196403 -60.8009 -22.51 -20.15
181380 -60.8009 -22.51 -20.15
193845 -60.8009 -22.51 -20.15
193126 -60.8009 -22.51 -20.15
188407 -60.8009 -22.51 -20.15
195399 -60.8009 -22.51 -20.15
196503 -60.8009 -22.51 -20.15
192742 -60.8009 -22.51 -20.15
187882 -60.8009 -22.51 -20.15
189480 -60.8009 -22.51 -20.15
193867 -60.8009 -22.51 -20.15
188614 -60.8009 -22.51 -20.15
193455 -60.8009 -22.51 -20.15
197778 -60.8009 -22.51 -20.15
191421 -60.8009 -22.51 -20.15
194727 -60.8009 -22.51 -20.15
180722 -60.8009 -22.51 -20.15
188517 -60.8009 -22.51 -20.15
192485 -60.8009 -22.51 -20.15
191626 -60.8009 -22.51 -20.15
178378 -60.8009 -22.51 -20.15
199560 -60.8009 -22.51 -20.15
194411 -60.8009 -22.51 -20.15
52165 -50.5462 -6.15 -6.18
56060 -50.5462 -6.15 -6.18
50227 -50.5462 -6.15 -6.18
48247 -50.5462 -6.15 -6.18
54949 -50.5462 -6.15 -6.18
50164 -50.5462 -6.15 -6.18
55392 -50.5462 -6.15 -6.18
45413 -50.5462 -6.15 -6.18
51677 -50.5462 -6.15 -6.18
48093 -50.5462 -6.15 -6.18
60509 -50.5462 -6.15 -6.18
54440 -50.5462 -6.15 -6.18
53575 -50.5462 -6.15 -6.18
40878 -50.5462 -6.15 -6.18
50088 -50.5462 -6.15 -6.18
48675 -50.5462 -6.15 -6.18
53439 -50.5462 -6.15 -6.18
46784 -50.5462 -6.15 -6.18
51420 -50.5462 -6.15 -6.18
46628 -50.5462 -6.15 -6.18
54166 -50.5462 -6.15 -6.18
56736 -50.5462 -6.15 -6.18
50553 -50.5462 -6.15 -6.18
47341 -50.5462 -6.15 -6.18
52601 -50.5462 -6.15 -6.18
52028 -50.5462 -6.15 -6.18
47114 -50.5462 -6.15 -6.18
52415 -50.5462 -6.15 -6.18
49320 -50.5462 -6.15 -6.18
55475 -50.5462 -6.15 -6.18
49645 -50.5462 -6.15 -6.18
52094 -50.5462 -6.15 -6.18
46250 -50.5462 -6.15 -6.18
56341 -50.5462 -6.15 -6.18
41092 -50.5462 -6.15 -6.18
48260 -50.5462 -6.15 -6.18
46330 -50.5462 -6.15 -6.18
52891 -50.5462 -6.15 -6.18
51638 -50.5462 -6.15 -6.18
142808 -57.4962 16.88 -11.17
138038 -57.4962 16.88 -11.17
139539 -57.4962 16.88 -11.17
139730 -57.4962 16.88 -11.17
137454 -57.4962 16.88 -11.17
144119 -57.4962 16.88 -11.17
140492 -57.4962 16.88 -11.17
132911 -57.4962 16.88 -11.17
139432 -57.4962 16.88 -11.17
141577 -57.4962 16.88 -11.17
137916 -57.4962 16.88 -11.17
143144 -57.4962 16.88 -11.17
142587 -57.4962 16.88 -11.17
144916 -57.4962 16.88 -11.17
140369 -57.4962 16.88 -11.17
147244 -57.4962 16.88 -11.17
139889 -57.4962 16.88 -11.17
139078 -57.4962 16.88 -11.17
141636 -57.4962 16.88 -11.17
141113 -57.4962 16.88 -11.17
141540 -57.4962 16.88 -11.17
140932 -57.4962 16.88 -11.17
139365 -57.4962 16.88 -11.17
143886 -57.4962 16.88 -11.17
133995 -57.4962 16.88 -11.17
138285 -57.4962 16.88 -11.17
143676 -57.4962 16.88 -11.17
141088 -57.4962 16.88 -11.17
143958 -57.4962 16.88 -11.17
147031 -57.4962 16.88 -11.17
140857 -57.4962 16.88 -11.17
143447 -57.4962 16.88 -11.17
136069 -57.4962 16.88 -11.17
143508 -57.4962 16.88 -11.17
135496 -57.4962 16.88 -11.17
141416 -57.4962 16.88 -11.17
141069 -57.4962 16.88 -11.17
144676 -57.4962 16.88 -11.17
145489 -57.4962 16.88 -11.17
204458 -60.3854 0.66 -28.72
200000 -60.3854 0.66 -28.72
199846 -60.3854 0.66 -28.72
189786 -60.3854 0.66 -28.72
195616 -60.3854 0.66 -28.72
203528 -60.3854 0.66 -28.72
200375 -60.3854 0.66 -28.72
201131 -60.3854 0.66 -28.72
194000 -60.3854 0.66 -28.72
197117 -60.3854 0.66 -28.72
189377 -60.3854 0.66 -28.72
199822 -60.3854 0.66 -28.72
195788 -60.3854 0.66 -28.72
203025 -60.3854 0.66 -28.72
189088 -60.3854 0.66 -28.72
195804 -60.3854 0.66 -28.72
199542 -60.3854 0.66 -28.72
198816 -60.3854 0.66 -28.72
194132 -60.3854 0.66 -28.72
201080 -60.3854 0.66 -28.72
194871 -60.3854 0.66 -28.72
196495 -60.3854 0.66 -28.72
196879 -60.3854 0.66 -28.72
195929 -60.3854 0.66 -28.72
197439 -60.3854 0.66 -28.72
195146 -60.3854 0.66 -28.72
194762 -60.3854 0.66 -28.72
200174 -60.3854 0.66 -28.72
200740 -60.3854 0.66 -28.72
198698 -60.3854 0.66 -28.72
198500 -60.3854 0.66 -28.72
197020 -60.3854 0.66 -28.72
197728 -60.3854 0.66 -28.72
198945 -60.3854 0.66 -28.72
200677 -60.3854 0.66 -28.72
198841 -60.3854 0.66 -28.72
199876 -60.3854 0.66 -28.72
201224 -60.3854 0.66 -28.72
199182 -60.3854 0.66 -28.72
132401 -56.9979 -19.04 -0.76
134376 -56.9979 -19.04 -0.76
130929 -56.9979 -19.04 -0.76
127367 -56.9979 -19.04 -0.76
130396 -56.9979 -19.04 -0.76
123464 -56.9979 -19.04 -0.76
130413 -56.9979 -19.04 -0.76
129021 -56.9979 -19.04 -0.76
127979 -56.9979 -19.04 -0.76
131583 -56.9979 -19.04 -0.76
123955 -56.9979 -19.04 -0.76
126412 -56.9979 -19.04 -0.76
127967 -56.9979 -19.04 -0.76
131731 -56.9979 -19.04 -0.76
124125 -56.9979 -19.04 -0.76
129547 -56.9979 -19.04 -0.76
131673 -56.9979 -19.04 -0.76
140797 -56.9979 -19.04 -0.76
134741 -56.9979 -19.04 -0.76
126110 -56.9979 -19.04 -0.76
138372 -56.9979 -19.04 -0.76
128109 -56.9979 -19.04 -0.76
135912 -56.9979 -19.04 -0.76
131071 -56.9979 -19.04 -0.76
132698 -56.9979 -19.04 -0.76
134807 -56.9979 -19.04 -0.76
129993 -56.9979 -19.04 -0.76
137473 -56.9979 -19.04 -0.76
123071 -56.9979 -19.04 -0.76
124066 -56.9979 -19.04 -0.76
132909 -56.9979 -19.04 -0.76
135077 -56.9979 -19.04 -0.76
134062 -56.9979 -19.04 -0.76
130781 -56.9979 -19.04 -0.76
128300 -56.9979 -19.04 -0.76
133223 -56.9979 -19.04 -0.76
126498 -56.9979 -19.04 -0.76
129972 -56.9979 -19.04 -0.76
133667 -56.9979 -19.04 -0.76
218957 -61.6821 21.21 26.08
222000 -61.6821 21.21 26.08
215321 -61.6821 21.21 26.08
231661 -61.6821 21.21 26.08
232593 -61.6821 21.21 26.08
223974 -61.6821 21.21 26.08
222378 -61.6821 21.21 26.08
223491 -61.6821 21.21 26.08
216429 -61.6821 21.21 26.08
218934 -61.6821 21.21 26.08
227933 -61.6821 21.21 26.08
222614 -61.6821 21.21 26.08
233708 -61.6821 21.21 26.08
220411 -61.6821 21.21 26.08
228292 -61.6821 21.21 26.08
223980 -61.6821 21.21 26.08
226799 -61.6821 21.21 26.08
221791 -61.6821 21.21 26.08
219889 -61.6821 21.21 26.08
225161 -61.6821 21.21 26.08
219907 -61.6821 21.21 26.08
224938 -61.6821 21.21 26.08
231742 -61.6821 21.21 26.08
222898 -61.6821 21.21 26.08
224646 -61.6821 21.21 26.08
219743 -61.6821 21.21 26.08
216813 -61.6821 21.21 26.08
226595 -61.6821 21.21 26.08
225660 -61.6821 21.21 26.08
224206 -61.6821 21.21 26.08
221771 -61.6821 21.21 26.08
222869 -61.6821 21.21 26.08
225725 -61.6821 21.21 26.08
233838 -61.6821 21.21 26.08
220585 -61.6821 21.21 26.08
217569 -61.6821 21.21 26.08
223621 -61.6821 21.21 26.08
227371 -61.6821 21.21 26.08
223931 -61.6821 21.21 26.08
230130 -61.6674 27.33 19.47
233687 -61.6674 27.33 19.47
224676 -61.6674 27.33 19.47
230344 -61.6674 27.33 19.47
225258 -61.6674 27.33 19.47
225710 -61.6674 27.33 19.47
223291 -61.6674 27.33 19.47
228263 -61.6674 27.33 19.47
221653 -61.6674 27.33 19.47
225697 -61.6674 27.33 19.47
223898 -61.6674 27.33 19.47
230431 -61.6674 27.33 19.47
229368 -61.6674 27.33 19.47
233369 -61.6674 27.33 19.47
228749 -61.6674 27.33 19.47
222369 -61.6674 27.33 19.47
225664 -61.6674 27.33 19.47
219640 -61.6674 27.33 19.47
219934 -61.6674 27.33 19.47
227767 -61.6674 27.33 19.47
227662 -61.6674 27.33 19.47
238994 -61.6674 27.33 19.47
220378 -61.6674 27.33 19.47
223211 -61.6674 27.33 19.47
225359 -61.6674 27.33 19.47
216225 -61.6674 27.33 19.47
223913 -61.6674 27.33 19.47
223799 -61.6674 27.33 19.47
225651 -61.6674 27.33 19.47
228782 -61.6674 27.33 19.47
229425 -61.6674 27.33 19.47
229538 -61.6674 27.33 19.47
230503 -61.6674 27.33 19.47
215364 -61.6674 27.33 19.47
230308 -61.6674 27.33 19.47
226004 -61.6674 27.33 19.47
229872 -61.6674 27.33 19.47
219743 -61.6674 27.33 19.47
226932 -61.6674 27.33 19.47
211818 -60.5802 29.06 4.55
211672 -60.5802 29.06 4.55
212428 -60.5802 29.06 4.55
206836 -60.5802 29.06 4.55
207553 -60.5802 29.06 4.55
206176 -60.5802 29.06 4.55
212198 -60.5802 29.06 4.55
209272 -60.5802 29.06 4.55
202363 -60.5802 29.06 4.55
204591 -60.5802 29.06 4.55
207573 -60.5802 29.06 4.55
210124 -60.5802 29.06 4.55
204491 -60.5802 29.06 4.55
202155 -60.5802 29.06 4.55
210714 -60.5802 29.06 4.55
202170 -60.5802 29.06 4.55
201579 -60.5802 29.06 4.55
204062 -60.5802 29.06 4.55
211139 -60.5802 29.06 4.55
215189 -60.5802 29.06 4.55
203615 -60.5802 29.06 4.55
208653 -60.5802 29.06 4.55
210231 -60.5802 29.06 4.55
210514 -60.5802 29.06 4.55
196203 -60.5802 29.06 4.55
201901 -60.5802 29.06 4.55
216788 -60.5802 29.06 4.55
206766 -60.5802 29.06 4.55
206942 -60.5802 29.06 4.55
207712 -60.5802 29.06 4.55
210829 -60.5802 29.06 4.55
209004 -60.5802 29.06 4.55
203525 -60.5802 29.06 4.55
206606 -60.5802 29.06 4.55
207926 -60.5802 29.06 4.55
210304 -60.5802 29.06 4.55
206641 -60.5802 29.06 4.55
210912 -60.5802 29.06 4.55
207490 -60.5802 29.06 4.55
