#rtt sig_str x y
185652 -60.2655 21.83 18.03
188936 -60.2655 21.83 18.03
181257 -60.2655 21.83 18.03
183584 -60.2655 21.83 18.03
181649 -60.2655 21.83 18.03
180716 -60.2655 21.83 18.03
189786 -60.2655 21.83 18.03
188337 -60.2655 21.83 18.03
177409 -60.2655 21.83 18.03
179322 -60.2655 21.83 18.03
175974 -60.2655 21.83 18.03
183981 -60.2655 21.83 18.03
191481 -60.2655 21.83 18.03
187482 -60.2655 21.83 18.03
185941 -60.2655 21.83 18.03
183686 -60.2655 21.83 18.03
186979 -60.2655 21.83 18.03
190057 -60.2655 21.83 18.03
180507 -60.2655 21.83 18.03
186433 -60.2655 21.83 18.03
185420 -60.2655 21.83 18.03
190946 -60.2655 21.83 18.03
186750 -60.2655 21.83 18.03
188564 -60.2655 21.83 18.03
187945 -60.2655 21.83 18.03
184363 -60.2655 21.83 18.03
184356 -60.2655 21.83 18.03
184004 -60.2655 21.83 18.03
187854 -60.2655 21.83 18.03
188657 -60.2655 21.83 18.03
183550 -60.2655 21.83 18.03
181393 -60.2655 21.83 18.03
187822 -60.2655 21.83 18.03
182299 -60.2655 21.83 18.03
188493 -60.2655 21.83 18.03
183620 -60.2655 21.83 18.03
191316 -60.2655 21.83 18.03
184227 -60.2655 21.83 18.03
186708 -60.2655 21.83 18.03
103655 -55.4827 -12.91 -9.21
105309 -55.4827 -12.91 -9.21
103095 -55.4827 -12.91 -9.21
103787 -55.4827 -12.91 -9.21
105238 -55.4827 -12.91 -9.21
108662 -55.4827 -12.91 -9.21
104131 -55.4827 -12.91 -9.21
98257 -55.4827 -12.91 -9.21
105045 -55.4827 -12.91 -9.21
107038 -55.4827 -12.91 -9.21
110838 -55.4827 -12.91 -9.21
100400 -55.4827 -12.91 -9.21
105671 -55.4827 -12.91 -9.21
102997 -55.4827 -12.91 -9.21
100714 -55.4827 -12.91 -9.21
105683 -55.4827 -12.91 -9.21
95919 -55.4827 -12.91 -9.21
102793 -55.4827 -12.91 -9.21
97072 -55.4827 -12.91 -9.21
101377 -55.4827 -12.91 -9.21
106141 -55.4827 -12.91 -9.21
105253 -55.4827 -12.91 -9.21
101167 -55.4827 -12.91 -9.21
105304 -55.4827 -12.91 -9.21
99942 -55.4827 -12.91 -9.21
102864 -55.4827 -12.91 -9.21
104000 -55.4827 -12.91 -9.21
105808 -55.4827 -12.91 -9.21
100910 -55.4827 -12.91 -9.21
101549 -55.4827 -12.91 -9.21
109227 -55.4827 -12.91 -9.21
98394 -55.4827 -12.91 -9.21
100231 -55.4827 -12.91 -9.21
105714 -55.4827 -12.91 -9.21
102146 -55.4827 -12.91 -9.21
103891 -55.4827 -12.91 -9.21
103839 -55.4827 -12.91 -9.21
99934 -55.4827 -12.91 -9.21
101382 -55.4827 -12.91 -9.21
249770 -62.7155 -25.61 28.21
257678 -62.7155 -25.61 28.21
248558 -62.7155 -25.61 28.21
241372 -62.7155 -25.61 28.21
252952 -62.7155 -25.61 28.21
253518 -62.7155 -25.61 28.21
241560 -62.7155 -25.61 28.21
245052 -62.7155 -25.61 28.21
240773 -62.7155 -25.61 28.21
244203 -62.7155 -25.61 28.21
244250 -62.7155 -25.61 28.21
258083 -62.7155 -25.61 28.21
255407 -62.7155 -25.61 28.21
247478 -62.7155 -25.61 28.21
244357 -62.7155 -25.61 28.21
249451 -62.7155 -25.61 28.21
253903 -62.7155 -25.61 28.21
238676 -62.7155 -25.61 28.21
245003 -62.7155 -25.61 28.21
259658 -62.7155 -25.61 28.21
256490 -62.7155 -25.61 28.21
252321 -62.7155 -25.61 28.21
249677 -62.7155 -25.61 28.21
256878 -62.7155 -25.61 28.21
245386 -62.7155 -25.61 28.21
237812 -62.7155 -25.61 28.21
253693 -62.7155 -25.61 28.21
253356 -62.7155 -25.61 28.21
248673 -62.7155 -25.61 28.21
253892 -62.7155 -25.61 28.21
249965 -62.7155 -25.61 28.21
242365 -62.7155 -25.61 28.21
251540 -62.7155 -25.61 28.21
251478 -62.7155 -25.61 28.21
250092 -62.7155 -25.61 28.21
249406 -62.7155 -25.61 28.21
253907 -62.7155 -25.61 28.21
250058 -62.7155 -25.61 28.21
254114 -62.7155 -25.61 28.21
100658 -55.4577 15.8 -0.58
101871 -55.4577 15.8 -0.58
98927 -55.4577 15.8 -0.58
108990 -55.4577 15.8 -0.58
97640 -55.4577 15.8 -0.58
103741 -55.4577 15.8 -0.58
102878 -55.4577 15.8 -0.58
105262 -55.4577 15.8 -0.58
102903 -55.4577 15.8 -0.58
99084 -55.4577 15.8 -0.58
102171 -55.4577 15.8 -0.58
97429 -55.4577 15.8 -0.58
98448 -55.4577 15.8 -0.58
105592 -55.4577 15.8 -0.58
103682 -55.4577 15.8 -0.58
99915 -55.4577 15.8 -0.58
100121 -55.4577 15.8 -0.58
102062 -55.4577 15.8 -0.58
101380 -55.4577 15.8 -0.58
97141 -55.4577 15.8 -0.58
100005 -55.4577 15.8 -0.58
102826 -55.4577 15.8 -0.58
98872 -55.4577 15.8 -0.58
101281 -55.4577 15.8 -0.58
98159 -55.4577 15.8 -0.58
101029 -55.4577 15.8 -0.58
100562 -55.4577 15.8 -0.58
101653 -55.4577 15.8 -0.58
96390 -55.4577 15.8 -0.58
99508 -55.4577 15.8 -0.58
99976 -55.4577 15.8 -0.58
101233 -55.4577 15.8 -0.58
102464 -55.4577 15.8 -0.58
101895 -55.4577 15.8 -0.58
97580 -55.4577 15.8 -0.58
102066 -55.4577 15.8 -0.58
101802 -55.4577 15.8 -0.58
107704 -55.4577 15.8 -0.58
102497 -55.4577 15.8 -0.58
68472 -51.9977 -2.84 -10
65834 -51.9977 -2.84 -10
60278 -51.9977 -2.84 -10
62763 -51.9977 -2.84 -10
62455 -51.9977 -2.84 -10
60678 -51.9977 -2.84 -10
62812 -51.9977 -2.84 -10
58283 -51.9977 -2.84 -10
65026 -51.9977 -2.84 -10
66198 -51.9977 -2.84 -10
61923 -51.9977 -2.84 -10
59005 -51.9977 -2.84 -10
62620 -51.9977 -2.84 -10
59870 -51.9977 -2.84 -10
64742 -51.9977 -2.84 -10
63114 -51.9977 -2.84 -10
56317 -51.9977 -2.84 -10
57676 -51.9977 -2.84 -10
63038 -51.9977 -2.84 -10
64787 -51.9977 -2.84 -10
59764 -51.9977 -2.84 -10
64366 -51.9977 -2.84 -10
62250 -51.9977 -2.84 -10
64075 -51.9977 -2.84 -10
57932 -51.9977 -2.84 -10
67720 -51.9977 -2.84 -10
59254 -51.9977 -2.84 -10
56176 -51.9977 -2.84 -10
56785 -51.9977 -2.84 -10
56945 -51.9977 -2.84 -10
59907 -51.9977 -2.84 -10
56091 -51.9977 -2.84 -10
65653 -51.9977 -2.84 -10
56020 -51.9977 -2.84 -10
63586 -51.9977 -2.84 -10
62996 -51.9977 -2.84 -10
57269 -51.9977 -2.84 -10
64329 -51.9977 -2.84 -10
64841 -51.9977 -2.84 -10
70256 -52.0435 2.54 -10.14
73010 -52.0435 2.54 -10.14
70917 -52.0435 2.54 -10.14
64779 -52.0435 2.54 -10.14
65258 -52.0435 2.54 -10.14
71773 -52.0435 2.54 -10.14
68062 -52.0435 2.54 -10.14
74684 -52.0435 2.54 -10.14
69613 -52.0435 2.54 -10.14
66677 -52.0435 2.54 -10.14
68672 -52.0435 2.54 -10.14
71971 -52.0435 2.54 -10.14
69362 -52.0435 2.54 -10.14
73355 -52.0435 2.54 -10.14
74438 -52.0435 2.54 -10.14
69117 -52.0435 2.54 -10.14
68496 -52.0435 2.54 -10.14
67192 -52.0435 2.54 -10.14
68016 -52.0435 2.54 -10.14
68597 -52.0435 2.54 -10.14
68164 -52.0435 2.54 -10.14
65638 -52.0435 2.54 -10.14
67277 -52.0435 2.54 -10.14
75521 -52.0435 2.54 -10.14
77178 -52.0435 2.54 -10.14
70560 -52.0435 2.54 -10.14
71182 -52.0435 2.54 -10.14
75020 -52.0435 2.54 -10.14
69111 -52.0435 2.54 -10.14
71613 -52.0435 2.54 -10.14
64012 -52.0435 2.54 -10.14
66648 -52.0435 2.54 -10.14
71318 -52.0435 2.54 -10.14
68567 -52.0435 2.54 -10.14
70937 -52.0435 2.54 -10.14
64909 -52.0435 2.54 -10.14
61804 -52.0435 2.54 -10.14
67069 -52.0435 2.54 -10.14
72698 -52.0435 2.54 -10.14
167099 -59.3222 13.6 21.28
163015 -59.3222 13.6 21.28
157964 -59.3222 13.6 21.28
158813 -59.3222 13.6 21.28
168311 -59.3222 13.6 21.28
169363 -59.3222 13.6 21.28
165000 -59.3222 13.6 21.28
161177 -59.3222 13.6 21.28
174903 -59.3222 13.6 21.28
162054 -59.3222 13.6 21.28
164402 -59.3222 13.6 21.28
166600 -59.3222 13.6 21.28
162719 -59.3222 13.6 21.28
167964 -59.3222 13.6 21.28
164638 -59.3222 13.6 21.28
169037 -59.3222 13.6 21.28
171138 -59.3222 13.6 21.28
170728 -59.3222 13.6 21.28
163049 -59.3222 13.6 21.28
168267 -59.3222 13.6 21.28
166698 -59.3222 13.6 21.28
165288 -59.3222 13.6 21.28
161275 -59.3222 13.6 21.28
158897 -59.3222 13.6 21.28
161008 -59.3222 13.6 21.28
163318 -59.3222 13.6 21.28
167132 -59.3222 13.6 21.28
169238 -59.3222 13.6 21.28
164063 -59.3222 13.6 21.28
162170 -59.3222 13.6 21.28
161670 -59.3222 13.6 21.28
162366 -59.3222 13.6 21.28
157469 -59.3222 13.6 21.28
163302 -59.3222 13.6 21.28
163987 -59.3222 13.6 21.28
168589 -59.3222 13.6 21.28
168124 -59.3222 13.6 21.28
170175 -59.3222 13.6 21.28
165810 -59.3222 13.6 21.28
186003 -60.4312 20.94 19.9
186287 -60.4312 20.94 19.9
190961 -60.4312 20.94 19.9
192980 -60.4312 20.94 19.9
184557 -60.4312 20.94 19.9
183839 -60.4312 20.94 19.9
184060 -60.4312 20.94 19.9
180591 -60.4312 20.94 19.9
186883 -60.4312 20.94 19.9
192503 -60.4312 20.94 19.9
187603 -60.4312 20.94 19.9
188621 -60.4312 20.94 19.9
183149 -60.4312 20.94 19.9
189414 -60.4312 20.94 19.9
191351 -60.4312 20.94 19.9
189582 -60.4312 20.94 19.9
193155 -60.4312 20.94 19.9
185980 -60.4312 20.94 19.9
182070 -60.4312 20.94 19.9
181324 -60.4312 20.94 19.9
188938 -60.4312 20.94 19.9
185790 -60.4312 20.94 19.9
185508 -60.4312 20.94 19.9
187242 -60.4312 20.94 19.9
186277 -60.4312 20.94 19.9
190685 -60.4312 20.94 19.9
188148 -60.4312 20.94 19.9
191234 -60.4312 20.94 19.9
182504 -60.4312 20.94 19.9
192861 -60.4312 20.94 19.9
192759 -60.4312 20.94 19.9
179410 -60.4312 20.94 19.9
193104 -60.4312 20.94 19.9
186468 -60.4312 20.94 19.9
190310 -60.4312 20.94 19.9
190680 -60.4312 20.94 19.9
189294 -60.4312 20.94 19.9
186062 -60.4312 20.94 19.9
187516 -60.4312 20.94 19.9
124124 -57.0123 16.09 10.27
126525 -57.0123 16.09 10.27
122262 -57.0123 16.09 10.27
125649 -57.0123 16.09 10.27
128603 -57.0123 16.09 10.27
123777 -57.0123 16.09 10.27
121724 -57.0123 16.09 10.27
128034 -57.0123 16.09 10.27
118270 -57.0123 16.09 10.27
127099 -57.0123 16.09 10.27
121486 -57.0123 16.09 10.27
127166 -57.0123 16.09 10.27
124132 -57.0123 16.09 10.27
125904 -57.0123 16.09 10.27
125160 -57.0123 16.09 10.27
124676 -57.0123 16.09 10.27
123117 -57.0123 16.09 10.27
127986 -57.0123 16.09 10.27
124145 -57.0123 16.09 10.27
123065 -57.0123 16.09 10.27
117559 -57.0123 16.09 10.27
120114 -57.0123 16.09 10.27
121634 -57.0123 16.09 10.27
114214 -57.0123 16.09 10.27
123604 -57.0123 16.09 10.27
112466 -57.0123 16.09 10.27
125225 -57.0123 16.09 10.27
118495 -57.0123 16.09 10.27
125815 -57.0123 16.09 10.27
124446 -57.0123 16.09 10.27
120828 -57.0123 16.09 10.27
122734 -57.0123 16.09 10.27
118577 -57.0123 16.09 10.27
124224 -57.0123 16.09 10.27
123641 -57.0123 16.09 10.27
117394 -57.0123 16.09 10.27
129216 -57.0123 16.09 10.27
123553 -57.0123 16.09 10.27
123618 -57.0123 16.09 10.27
183364 -59.8857 -15.48 -22.17
192222 -59.8857 -15.48 -22.17
190590 -59.8857 -15.48 -22.17
178850 -59.8857 -15.48 -22.17
186267 -59.8857 -15.48 -22.17
189197 -59.8857 -15.48 -22.17
185265 -59.8857 -15.48 -22.17
184090 -59.8857 -15.48 -22.17
187543 -59.8857 -15.48 -22.17
188192 -59.8857 -15.48 -22.17
182155 -59.8857 -15.48 -22.17
184333 -59.8857 -15.48 -22.17
180804 -59.8857 -15.48 -22.17
182442 -59.8857 -15.48 -22.17
184975 -59.8857 -15.48 -22.17
184650 -59.8857 -15.48 -22.17
185053 -59.8857 -15.48 -22.17
187523 -59.8857 -15.48 -22.17
188112 -59.8857 -15.48 -22.17
184144 -59.8857 -15.48 -22.17
192434 -59.8857 -15.48 -22.17
188621 -59.8857 -15.48 -22.17
181353 -59.8857 -15.48 -22.17
188612 -59.8857 -15.48 -22.17
183015 -59.8857 -15.48 -22.17
192138 -59.8857 -15.48 -22.17
183570 -59.8857 -15.48 -22.17
187549 -59.8857 -15.48 -22.17
183537 -59.8857 -15.48 -22.17
185092 -59.8857 -15.48 -22.17
181194 -59.8857 -15.48 -22.17
188544 -59.8857 -15.48 -22.17
179582 -59.8857 -15.48 -22.17
194491 -59.8857 -15.48 -22.17
184165 -59.8857 -15.48 -22.17
186795 -59.8857 -15.48 -22.17
183431 -59.8857 -15.48 -22.17
189992 -59.8857 -15.48 -22.17
192321 -59.8857 -15.48 -22.17
