#rtt sig_str x y
171836 -59.711 8.65 25.02
170416 -59.711 8.65 25.02
169118 -59.711 8.65 25.02
166863 -59.711 8.65 25.02
179587 -59.711 8.65 25.02
173411 -59.711 8.65 25.02
175288 -59.711 8.65 25.02
172686 -59.711 8.65 25.02
174525 -59.711 8.65 25.02
173329 -59.711 8.65 25.02
172474 -59.711 8.65 25.02
169640 -59.711 8.65 25.02
172792 -59.711 8.65 25.02
174703 -59.711 8.65 25.02
180146 -59.711 8.65 25.02
172756 -59.711 8.65 25.02
168043 -59.711 8.65 25.02
168093 -59.711 8.65 25.02
173017 -59.711 8.65 25.02
170844 -59.711 8.65 25.02
163474 -59.711 8.65 25.02
166471 -59.711 8.65 25.02
170711 -59.711 8.65 25.02
168504 -59.711 8.65 25.02
174329 -59.711 8.65 25.02
176746 -59.711 8.65 25.02
178956 -59.711 8.65 25.02
180285 -59.711 8.65 25.02
170949 -59.711 8.65 25.02
171413 -59.711 8.65 25.02
172154 -59.711 8.65 25.02
174943 -59.711 8.65 25.02
172629 -59.711 8.65 25.02
170903 -59.711 8.65 25.02
167618 -59.711 8.65 25.02
165622 -59.711 8.65 25.02
177175 -59.711 8.65 25.02
168360 -59.711 8.65 25.02
170998 -59.711 8.65 25.02
121526 -56.6928 -7.16 -16.91
125798 -56.6928 -7.16 -16.91
122429 -56.6928 -7.16 -16.91
119323 -56.6928 -7.16 -16.91
124580 -56.6928 -7.16 -16.91
123544 -56.6928 -7.16 -16.91
122188 -56.6928 -7.16 -16.91
118156 -56.6928 -7.16 -16.91
123521 -56.6928 -7.16 -16.91
120331 -56.6928 -7.16 -16.91
123406 -56.6928 -7.16 -16.91
130003 -56.6928 -7.16 -16.91
117932 -56.6928 -7.16 -16.91
117289 -56.6928 -7.16 -16.91
115547 -56.6928 -7.16 -16.91
124802 -56.6928 -7.16 -16.91
117230 -56.6928 -7.16 -16.91
121461 -56.6928 -7.16 -16.91
115553 -56.6928 -7.16 -16.91
122070 -56.6928 -7.16 -16.91
125739 -56.6928 -7.16 -16.91
127687 -56.6928 -7.16 -16.91
111675 -56.6928 -7.16 -16.91
115272 -56.6928 -7.16 -16.91
124416 -56.6928 -7.16 -16.91
121492 -56.6928 -7.16 -16.91
123924 -56.6928 -7.16 -16.91
121287 -56.6928 -7.16 -16.91
124694 -56.6928 -7.16 -16.91
127818 -56.6928 -7.16 -16.91
126807 -56.6928 -7.16 -16.91
121275 -56.6928 -7.16 -16.91
123556 -56.6928 -7.16 -16.91
122387 -56.6928 -7.16 -16.91
120132 -56.6928 -7.16 -16.91
121951 -56.6928 -7.16 -16.91
125008 -56.6928 -7.16 -16.91
123658 -56.6928 -7.16 -16.91
117285 -56.6928 -7.16 -16.91
71501 -52.6063 9.78 -5.44
73957 -52.6063 9.78 -5.44
77515 -52.6063 9.78 -5.44
69515 -52.6063 9.78 -5.44
68264 -52.6063 9.78 -5.44
67426 -52.6063 9.78 -5.44
73134 -52.6063 9.78 -5.44
76790 -52.6063 9.78 -5.44
66831 -52.6063 9.78 -5.44
71470 -52.6063 9.78 -5.44
70733 -52.6063 9.78 -5.44
71848 -52.6063 9.78 -5.44
74200 -52.6063 9.78 -5.44
71529 -52.6063 9.78 -5.44
74252 -52.6063 9.78 -5.44
74347 -52.6063 9.78 -5.44
74153 -52.6063 9.78 -5.44
64720 -52.6063 9.78 -5.44
67750 -52.6063 9.78 -5.44
66144 -52.6063 9.78 -5.44
64624 -52.6063 9.78 -5.44
65353 -52.6063 9.78 -5.44
67845 -52.6063 9.78 -5.44
64738 -52.6063 9.78 -5.44
77276 -52.6063 9.78 -5.44
59696 -52.6063 9.78 -5.44
59896 -52.6063 9.78 -5.44
65492 -52.6063 9.78 -5.44
72390 -52.6063 9.78 -5.44
75117 -52.6063 9.78 -5.44
64946 -52.6063 9.78 -5.44
68656 -52.6063 9.78 -5.44
75769 -52.6063 9.78 -5.44
70917 -52.6063 9.78 -5.44
75580 -52.6063 9.78 -5.44
65323 -52.6063 9.78 -5.44
74359 -52.6063 9.78 -5.44
63299 -52.6063 9.78 -5.44
68013 -52.6063 9.78 -5.44
150127 -58.1583 -20.18 8.59
149578 -58.1583 -20.18 8.59
149734 -58.1583 -20.18 8.59
148208 -58.1583 -20.18 8.59
146222 -58.1583 -20.18 8.59
151855 -58.1583 -20.18 8.59
155944 -58.1583 -20.18 8.59
151876 -58.1583 -20.18 8.59
145734 -58.1583 -20.18 8.59
153716 -58.1583 -20.18 8.59
147177 -58.1583 -20.18 8.59
157160 -58.1583 -20.18 8.59
150368 -58.1583 -20.18 8.59
148005 -58.1583 -20.18 8.59
151719 -58.1583 -20.18 8.59
147512 -58.1583 -20.18 8.59
152326 -58.1583 -20.18 8.59
150447 -58.1583 -20.18 8.59
152816 -58.1583 -20.18 8.59
146182 -58.1583 -20.18 8.59
154433 -58.1583 -20.18 8.59
151016 -58.1583 -20.18 8.59
147661 -58.1583 -20.18 8.59
145737 -58.1583 -20.18 8.59
152769 -58.1583 -20.18 8.59
154031 -58.1583 -20.18 8.59
151867 -58.1583 -20.18 8.59
145275 -58.1583 -20.18 8.59
149192 -58.1583 -20.18 8.59
153441 -58.1583 -20.18 8.59
154617 -58.1583 -20.18 8.59
144642 -58.1583 -20.18 8.59
147135 -58.1583 -20.18 8.59
151323 -58.1583 -20.18 8.59
145724 -58.1583 -20.18 8.59
153765 -58.1583 -20.18 8.59
148372 -58.1583 -20.18 8.59
149890 -58.1583 -20.18 8.59
145157 -58.1583 -20.18 8.59
205630 -60.8522 27.76 12.39
203150 -60.8522 27.76 12.39
213853 -60.8522 27.76 12.39
204677 -60.8522 27.76 12.39
199726 -60.8522 27.76 12.39
211567 -60.8522 27.76 12.39
207974 -60.8522 27.76 12.39
208475 -60.8522 27.76 12.39
212753 -60.8522 27.76 12.39
215364 -60.8522 27.76 12.39
208977 -60.8522 27.76 12.39
204907 -60.8522 27.76 12.39
206837 -60.8522 27.76 12.39
205658 -60.8522 27.76 12.39
208642 -60.8522 27.76 12.39
206228 -60.8522 27.76 12.39
208308 -60.8522 27.76 12.39
201181 -60.8522 27.76 12.39
207455 -60.8522 27.76 12.39
211086 -60.8522 27.76 12.39
196193 -60.8522 27.76 12.39
208285 -60.8522 27.76 12.39
212417 -60.8522 27.76 12.39
210461 -60.8522 27.76 12.39
213175 -60.8522 27.76 12.39
203659 -60.8522 27.76 12.39
210632 -60.8522 27.76 12.39
208985 -60.8522 27.76 12.39
204224 -60.8522 27.76 12.39
202817 -60.8522 27.76 12.39
202619 -60.8522 27.76 12.39
204753 -60.8522 27.76 12.39
210549 -60.8522 27.76 12.39
205217 -60.8522 27.76 12.39
209050 -60.8522 27.76 12.39
204694 -60.8522 27.76 12.39
204556 -60.8522 27.76 12.39
212729 -60.8522 27.76 12.39
200326 -60.8522 27.76 12.39
73780 -52.456 -9.2 6.01
82513 -52.456 -9.2 6.01
82800 -52.456 -9.2 6.01
82683 -52.456 -9.2 6.01
80920 -52.456 -9.2 6.01
85752 -52.456 -9.2 6.01
83432 -52.456 -9.2 6.01
77282 -52.456 -9.2 6.01
76261 -52.456 -9.2 6.01
88080 -52.456 -9.2 6.01
79957 -52.456 -9.2 6.01
83044 -52.456 -9.2 6.01
86614 -52.456 -9.2 6.01
82149 -52.456 -9.2 6.01
79744 -52.456 -9.2 6.01
82212 -52.456 -9.2 6.01
80738 -52.456 -9.2 6.01
87900 -52.456 -9.2 6.01
77894 -52.456 -9.2 6.01
78940 -52.456 -9.2 6.01
83680 -52.456 -9.2 6.01
80419 -52.456 -9.2 6.01
83056 -52.456 -9.2 6.01
78004 -52.456 -9.2 6.01
83170 -52.456 -9.2 6.01
82333 -52.456 -9.2 6.01
82993 -52.456 -9.2 6.01
86983 -52.456 -9.2 6.01
82675 -52.456 -9.2 6.01
81811 -52.456 -9.2 6.01
75378 -52.456 -9.2 6.01
76525 -52.456 -9.2 6.01
83380 -52.456 -9.2 6.01
75744 -52.456 -9.2 6.01
85691 -52.456 -9.2 6.01
80476 -52.456 -9.2 6.01
77413 -52.456 -9.2 6.01
78920 -52.456 -9.2 6.01
74108 -52.456 -9.2 6.01
259606 -62.9289 29.51 25.65
251628 -62.9289 29.51 25.65
254438 -62.9289 29.51 25.65
259524 -62.9289 29.51 25.65
259659 -62.9289 29.51 25.65
257553 -62.9289 29.51 25.65
262021 -62.9289 29.51 25.65
266631 -62.9289 29.51 25.65
269380 -62.9289 29.51 25.65
260389 -62.9289 29.51 25.65
255533 -62.9289 29.51 25.65
256429 -62.9289 29.51 25.65
259543 -62.9289 29.51 25.65
259595 -62.9289 29.51 25.65
253840 -62.9289 29.51 25.65
254831 -62.9289 29.51 25.65
257335 -62.9289 29.51 25.65
256573 -62.9289 29.51 25.65
268940 -62.9289 29.51 25.65
257635 -62.9289 29.51 25.65
255623 -62.9289 29.51 25.65
257399 -62.9289 29.51 25.65
262490 -62.9289 29.51 25.65
260269 -62.9289 29.51 25.65
258927 -62.9289 29.51 25.65
258086 -62.9289 29.51 25.65
262072 -62.9289 29.51 25.65
264019 -62.9289 29.51 25.65
260051 -62.9289 29.51 25.65
263731 -62.9289 29.51 25.65
265779 -62.9289 29.51 25.65
260956 -62.9289 29.51 25.65
265293 -62.9289 29.51 25.65
255079 -62.9289 29.51 25.65
263307 -62.9289 29.51 25.65
254609 -62.9289 29.51 25.65
263244 -62.9289 29.51 25.65
261952 -62.9289 29.51 25.65
259888 -62.9289 29.51 25.65
143265 -57.3144 -15.9 11.8
135637 -57.3144 -15.9 11.8
133599 -57.3144 -15.9 11.8
138395 -57.3144 -15.9 11.8
144303 -57.3144 -15.9 11.8
139357 -57.3144 -15.9 11.8
135869 -57.3144 -15.9 11.8
144353 -57.3144 -15.9 11.8
140982 -57.3144 -15.9 11.8
141503 -57.3144 -15.9 11.8
138594 -57.3144 -15.9 11.8
133500 -57.3144 -15.9 11.8
133537 -57.3144 -15.9 11.8
141298 -57.3144 -15.9 11.8
137417 -57.3144 -15.9 11.8
135464 -57.3144 -15.9 11.8
140079 -57.3144 -15.9 11.8
140130 -57.3144 -15.9 11.8
140388 -57.3144 -15.9 11.8
138120 -57.3144 -15.9 11.8
140385 -57.3144 -15.9 11.8
138693 -57.3144 -15.9 11.8
136650 -57.3144 -15.9 11.8
141271 -57.3144 -15.9 11.8
140899 -57.3144 -15.9 11.8
137008 -57.3144 -15.9 11.8
137846 -57.3144 -15.9 11.8
131885 -57.3144 -15.9 11.8
139762 -57.3144 -15.9 11.8
131858 -57.3144 -15.9 11.8
139575 -57.3144 -15.9 11.8
141147 -57.3144 -15.9 11.8
130376 -57.3144 -15.9 11.8
145473 -57.3144 -15.9 11.8
141651 -57.3144 -15.9 11.8
140839 -57.3144 -15.9 11.8
140267 -57.3144 -15.9 11.8
145028 -57.3144 -15.9 11.8
141068 -57.3144 -15.9 11.8
197639 -60.477 5.14 -28.59
196054 -60.477 5.14 -28.59
203628 -60.477 5.14 -28.59
205574 -60.477 5.14 -28.59
194757 -60.477 5.14 -28.59
206476 -60.477 5.14 -28.59
195467 -60.477 5.14 -28.59
206801 -60.477 5.14 -28.59
198481 -60.477 5.14 -28.59
196195 -60.477 5.14 -28.59
206597 -60.477 5.14 -28.59
201198 -60.477 5.14 -28.59
201735 -60.477 5.14 -28.59
205719 -60.477 5.14 -28.59
202152 -60.477 5.14 -28.59
200902 -60.477 5.14 -28.59
201106 -60.477 5.14 -28.59
202963 -60.477 5.14 -28.59
202682 -60.477 5.14 -28.59
201126 -60.477 5.14 -28.59
198343 -60.477 5.14 -28.59
199756 -60.477 5.14 -28.59
205324 -60.477 5.14 -28.59
197824 -60.477 5.14 -28.59
201263 -60.477 5.14 -28.59
198276 -60.477 5.14 -28.59
201500 -60.477 5.14 -28.59
202278 -60.477 5.14 -28.59
208673 -60.477 5.14 -28.59
200334 -60.477 5.14 -28.59
201779 -60.477 5.14 -28.59
202933 -60.477 5.14 -28.59
200512 -60.477 5.14 -28.59
202789 -60.477 5.14 -28.59
199723 -60.477 5.14 -28.59
195899 -60.477 5.14 -28.59
203622 -60.477 5.14 -28.59
195440 -60.477 5.14 -28.59
201497 -60.477 5.14 -28.59
50350 -48.3137 -5.6 -3.59
44380 -48.3137 -5.6 -3.59
45051 -48.3137 -5.6 -3.59
42494 -48.3137 -5.6 -3.59
59696 -48.3137 -5.6 -3.59
50097 -48.3137 -5.6 -3.59
47507 -48.3137 -5.6 -3.59
51999 -48.3137 -5.6 -3.59
44095 -48.3137 -5.6 -3.59
42710 -48.3137 -5.6 -3.59
52838 -48.3137 -5.6 -3.59
56225 -48.3137 -5.6 -3.59
45869 -48.3137 -5.6 -3.59
41449 -48.3137 -5.6 -3.59
46427 -48.3137 -5.6 -3.59
46644 -48.3137 -5.6 -3.59
49874 -48.3137 -5.6 -3.59
49919 -48.3137 -5.6 -3.59
44086 -48.3137 -5.6 -3.59
44641 -48.3137 -5.6 -3.59
47981 -48.3137 -5.6 -3.59
48631 -48.3137 -5.6 -3.59
52838 -48.3137 -5.6 -3.59
45721 -48.3137 -5.6 -3.59
56698 -48.3137 -5.6 -3.59
53852 -48.3137 -5.6 -3.59
48951 -48.3137 -5.6 -3.59
46293 -48.3137 -5.6 -3.59
50022 -48.3137 -5.6 -3.59
42297 -48.3137 -5.6 -3.59
49987 -48.3137 -5.6 -3.59
48951 -48.3137 -5.6 -3.59
42666 -48.3137 -5.6 -3.59
52123 -48.3137 -5.6 -3.59
48389 -48.3137 -5.6 -3.59
55295 -48.3137 -5.6 -3.59
46955 -48.3137 -5.6 -3.59
53221 -48.3137 -5.6 -3.59
46655 -48.3137 -5.6 -3.59
