#rtt sig_str x y
215010 -61.0267 -12.84 -28.27
215283 -61.0267 -12.84 -28.27
215727 -61.0267 -12.84 -28.27
218746 -61.0267 -12.84 -28.27
212544 -61.0267 -12.84 -28.27
227544 -61.0267 -12.84 -28.27
212265 -61.0267 -12.84 -28.27
212022 -61.0267 -12.84 -28.27
220212 -61.0267 -12.84 -28.27
208713 -61.0267 -12.84 -28.27
212619 -61.0267 -12.84 -28.27
217897 -61.0267 -12.84 -28.27
216560 -61.0267 -12.84 -28.27
220638 -61.0267 -12.84 -28.27
219943 -61.0267 -12.84 -28.27
214340 -61.0267 -12.84 -28.27
218611 -61.0267 -12.84 -28.27
218466 -61.0267 -12.84 -28.27
220768 -61.0267 -12.84 -28.27
213812 -61.0267 -12.84 -28.27
208096 -61.0267 -12.84 -28.27
213721 -61.0267 -12.84 -28.27
224905 -61.0267 -12.84 -28.27
216696 -61.0267 -12.84 -28.27
210242 -61.0267 -12.84 -28.27
216119 -61.0267 -12.84 -28.27
209596 -61.0267 -12.84 -28.27
206930 -61.0267 -12.84 -28.27
217548 -61.0267 -12.84 -28.27
219565 -61.0267 -12.84 -28.27
213875 -61.0267 -12.84 -28.27
223658 -61.0267 -12.84 -28.27
224680 -61.0267 -12.84 -28.27
225471 -61.0267 -12.84 -28.27
219702 -61.0267 -12.84 -28.27
213443 -61.0267 -12.84 -28.27
223720 -61.0267 -12.84 -28.27
224005 -61.0267 -12.84 -28.27
210588 -61.0267 -12.84 -28.27
185410 -60.6 27.49 -10.66
187276 -60.6 27.49 -10.66
190728 -60.6 27.49 -10.66
201452 -60.6 27.49 -10.66
189116 -60.6 27.49 -10.66
193031 -60.6 27.49 -10.66
193809 -60.6 27.49 -10.66
188259 -60.6 27.49 -10.66
194961 -60.6 27.49 -10.66
188630 -60.6 27.49 -10.66
199660 -60.6 27.49 -10.66
188849 -60.6 27.49 -10.66
187153 -60.6 27.49 -10.66
192221 -60.6 27.49 -10.66
190684 -60.6 27.49 -10.66
190881 -60.6 27.49 -10.66
195064 -60.6 27.49 -10.66
197655 -60.6 27.49 -10.66
190668 -60.6 27.49 -10.66
200267 -60.6 27.49 -10.66
198848 -60.6 27.49 -10.66
189104 -60.6 27.49 -10.66
194161 -60.6 27.49 -10.66
189607 -60.6 27.49 -10.66
185170 -60.6 27.49 -10.66
195505 -60.6 27.49 -10.66
193255 -60.6 27.49 -10.66
191571 -60.6 27.49 -10.66
191322 -60.6 27.49 -10.66
194021 -60.6 27.49 -10.66
188140 -60.6 27.49 -10.66
186460 -60.6 27.49 -10.66
184496 -60.6 27.49 -10.66
193731 -60.6 27.49 -10.66
195925 -60.6 27.49 -10.66
193793 -60.6 27.49 -10.66
186526 -60.6 27.49 -10.66
192075 -60.6 27.49 -10.66
185542 -60.6 27.49 -10.66
117315 -56.3168 16.22 6.69
117993 -56.3168 16.22 6.69
113172 -56.3168 16.22 6.69
113950 -56.3168 16.22 6.69
118683 -56.3168 16.22 6.69
112607 -56.3168 16.22 6.69
116071 -56.3168 16.22 6.69
119224 -56.3168 16.22 6.69
121910 -56.3168 16.22 6.69
119811 -56.3168 16.22 6.69
112604 -56.3168 16.22 6.69
114405 -56.3168 16.22 6.69
121510 -56.3168 16.22 6.69
116638 -56.3168 16.22 6.69
115694 -56.3168 16.22 6.69
114394 -56.3168 16.22 6.69
123860 -56.3168 16.22 6.69
111028 -56.3168 16.22 6.69
118581 -56.3168 16.22 6.69
117899 -56.3168 16.22 6.69
119041 -56.3168 16.22 6.69
115361 -56.3168 16.22 6.69
116224 -56.3168 16.22 6.69
115495 -56.3168 16.22 6.69
117661 -56.3168 16.22 6.69
117287 -56.3168 16.22 6.69
113711 -56.3168 16.22 6.69
119363 -56.3168 16.22 6.69
118232 -56.3168 16.22 6.69
118470 -56.3168 16.22 6.69
121553 -56.3168 16.22 6.69
121383 -56.3168 16.22 6.69
113512 -56.3168 16.22 6.69
118928 -56.3168 16.22 6.69
116586 -56.3168 16.22 6.69
117846 -56.3168 16.22 6.69
114095 -56.3168 16.22 6.69
110242 -56.3168 16.22 6.69
117053 -56.3168 16.22 6.69
205441 -60.883 29.22 8.79
196960 -60.883 29.22 8.79
202114 -60.883 29.22 8.79
196624 -60.883 29.22 8.79
202747 -60.883 29.22 8.79
202092 -60.883 29.22 8.79
203701 -60.883 29.22 8.79
202156 -60.883 29.22 8.79
204676 -60.883 29.22 8.79
207393 -60.883 29.22 8.79
204668 -60.883 29.22 8.79
206645 -60.883 29.22 8.79
203189 -60.883 29.22 8.79
205731 -60.883 29.22 8.79
199099 -60.883 29.22 8.79
196201 -60.883 29.22 8.79
199835 -60.883 29.22 8.79
199889 -60.883 29.22 8.79
202915 -60.883 29.22 8.79
197693 -60.883 29.22 8.79
208643 -60.883 29.22 8.79
202222 -60.883 29.22 8.79
197817 -60.883 29.22 8.79
199561 -60.883 29.22 8.79
204410 -60.883 29.22 8.79
194072 -60.883 29.22 8.79
199327 -60.883 29.22 8.79
203720 -60.883 29.22 8.79
207595 -60.883 29.22 8.79
205480 -60.883 29.22 8.79
208223 -60.883 29.22 8.79
204232 -60.883 29.22 8.79
200152 -60.883 29.22 8.79
200011 -60.883 29.22 8.79
209212 -60.883 29.22 8.79
205795 -60.883 29.22 8.79
201867 -60.883 29.22 8.79
203865 -60.883 29.22 8.79
209808 -60.883 29.22 8.79
135705 -57.3273 -17.51 -9.31
130539 -57.3273 -17.51 -9.31
118082 -57.3273 -17.51 -9.31
127514 -57.3273 -17.51 -9.31
132424 -57.3273 -17.51 -9.31
128807 -57.3273 -17.51 -9.31
131448 -57.3273 -17.51 -9.31
125467 -57.3273 -17.51 -9.31
126318 -57.3273 -17.51 -9.31
125733 -57.3273 -17.51 -9.31
129887 -57.3273 -17.51 -9.31
130783 -57.3273 -17.51 -9.31
125766 -57.3273 -17.51 -9.31
124981 -57.3273 -17.51 -9.31
129327 -57.3273 -17.51 -9.31
118769 -57.3273 -17.51 -9.31
128732 -57.3273 -17.51 -9.31
125145 -57.3273 -17.51 -9.31
130116 -57.3273 -17.51 -9.31
123785 -57.3273 -17.51 -9.31
120776 -57.3273 -17.51 -9.31
127649 -57.3273 -17.51 -9.31
127393 -57.3273 -17.51 -9.31
125931 -57.3273 -17.51 -9.31
125926 -57.3273 -17.51 -9.31
126397 -57.3273 -17.51 -9.31
124481 -57.3273 -17.51 -9.31
133481 -57.3273 -17.51 -9.31
119609 -57.3273 -17.51 -9.31
126650 -57.3273 -17.51 -9.31
124804 -57.3273 -17.51 -9.31
127108 -57.3273 -17.51 -9.31
125967 -57.3273 -17.51 -9.31
125565 -57.3273 -17.51 -9.31
125547 -57.3273 -17.51 -9.31
121327 -57.3273 -17.51 -9.31
122272 -57.3273 -17.51 -9.31
123364 -57.3273 -17.51 -9.31
122458 -57.3273 -17.51 -9.31
177795 -60.0275 -21.79 -16.79
182325 -60.0275 -21.79 -16.79
180701 -60.0275 -21.79 -16.79
180484 -60.0275 -21.79 -16.79
182570 -60.0275 -21.79 -16.79
177317 -60.0275 -21.79 -16.79
180450 -60.0275 -21.79 -16.79
182265 -60.0275 -21.79 -16.79
183107 -60.0275 -21.79 -16.79
180380 -60.0275 -21.79 -16.79
181348 -60.0275 -21.79 -16.79
182552 -60.0275 -21.79 -16.79
177475 -60.0275 -21.79 -16.79
177696 -60.0275 -21.79 -16.79
176691 -60.0275 -21.79 -16.79
184208 -60.0275 -21.79 -16.79
170188 -60.0275 -21.79 -16.79
177626 -60.0275 -21.79 -16.79
180588 -60.0275 -21.79 -16.79
184710 -60.0275 -21.79 -16.79
183137 -60.0275 -21.79 -16.79
185720 -60.0275 -21.79 -16.79
182742 -60.0275 -21.79 -16.79
176089 -60.0275 -21.79 -16.79
179572 -60.0275 -21.79 -16.79
187364 -60.0275 -21.79 -16.79
179866 -60.0275 -21.79 -16.79
179504 -60.0275 -21.79 -16.79
186148 -60.0275 -21.79 -16.79
185319 -60.0275 -21.79 -16.79
179695 -60.0275 -21.79 -16.79
180917 -60.0275 -21.79 -16.79
177062 -60.0275 -21.79 -16.79
181613 -60.0275 -21.79 -16.79
181041 -60.0275 -21.79 -16.79
177346 -60.0275 -21.79 -16.79
178146 -60.0275 -21.79 -16.79
184912 -60.0275 -21.79 -16.79
185984 -60.0275 -21.79 -16.79
234288 -62.0326 24.51 25.09
229488 -62.0326 24.51 25.09
235672 -62.0326 24.51 25.09
227664 -62.0326 24.51 25.09
230933 -62.0326 24.51 25.09
222421 -62.0326 24.51 25.09
228593 -62.0326 24.51 25.09
224699 -62.0326 24.51 25.09
238417 -62.0326 24.51 25.09
231286 -62.0326 24.51 25.09
222696 -62.0326 24.51 25.09
231137 -62.0326 24.51 25.09
235390 -62.0326 24.51 25.09
229104 -62.0326 24.51 25.09
231186 -62.0326 24.51 25.09
228600 -62.0326 24.51 25.09
217317 -62.0326 24.51 25.09
232451 -62.0326 24.51 25.09
236562 -62.0326 24.51 25.09
222219 -62.0326 24.51 25.09
232433 -62.0326 24.51 25.09
222987 -62.0326 24.51 25.09
230377 -62.0326 24.51 25.09
226729 -62.0326 24.51 25.09
228411 -62.0326 24.51 25.09
225645 -62.0326 24.51 25.09
218773 -62.0326 24.51 25.09
232343 -62.0326 24.51 25.09
232228 -62.0326 24.51 25.09
235223 -62.0326 24.51 25.09
229746 -62.0326 24.51 25.09
223408 -62.0326 24.51 25.09
229122 -62.0326 24.51 25.09
229773 -62.0326 24.51 25.09
234778 -62.0326 24.51 25.09
230185 -62.0326 24.51 25.09
227708 -62.0326 24.51 25.09
219091 -62.0326 24.51 25.09
234496 -62.0326 24.51 25.09
252878 -62.4316 -25.89 26.17
248712 -62.4316 -25.89 26.17
248046 -62.4316 -25.89 26.17
256970 -62.4316 -25.89 26.17
253586 -62.4316 -25.89 26.17
250047 -62.4316 -25.89 26.17
253676 -62.4316 -25.89 26.17
252774 -62.4316 -25.89 26.17
244072 -62.4316 -25.89 26.17
251861 -62.4316 -25.89 26.17
252803 -62.4316 -25.89 26.17
254457 -62.4316 -25.89 26.17
252833 -62.4316 -25.89 26.17
257174 -62.4316 -25.89 26.17
244777 -62.4316 -25.89 26.17
253964 -62.4316 -25.89 26.17
250966 -62.4316 -25.89 26.17
254806 -62.4316 -25.89 26.17
252160 -62.4316 -25.89 26.17
254455 -62.4316 -25.89 26.17
256412 -62.4316 -25.89 26.17
251334 -62.4316 -25.89 26.17
250517 -62.4316 -25.89 26.17
254414 -62.4316 -25.89 26.17
247984 -62.4316 -25.89 26.17
246451 -62.4316 -25.89 26.17
244335 -62.4316 -25.89 26.17
248709 -62.4316 -25.89 26.17
245621 -62.4316 -25.89 26.17
248473 -62.4316 -25.89 26.17
247896 -62.4316 -25.89 26.17
257962 -62.4316 -25.89 26.17
254333 -62.4316 -25.89 26.17
249798 -62.4316 -25.89 26.17
249854 -62.4316 -25.89 26.17
256025 -62.4316 -25.89 26.17
259498 -62.4316 -25.89 26.17
251381 -62.4316 -25.89 26.17
247000 -62.4316 -25.89 26.17
205859 -61.4059 -25.48 20.19
215296 -61.4059 -25.48 20.19
209441 -61.4059 -25.48 20.19
213151 -61.4059 -25.48 20.19
215980 -61.4059 -25.48 20.19
215009 -61.4059 -25.48 20.19
219307 -61.4059 -25.48 20.19
212360 -61.4059 -25.48 20.19
209013 -61.4059 -25.48 20.19
209135 -61.4059 -25.48 20.19
210752 -61.4059 -25.48 20.19
218217 -61.4059 -25.48 20.19
205997 -61.4059 -25.48 20.19
205595 -61.4059 -25.48 20.19
212625 -61.4059 -25.48 20.19
204593 -61.4059 -25.48 20.19
212354 -61.4059 -25.48 20.19
211955 -61.4059 -25.48 20.19
213422 -61.4059 -25.48 20.19
214096 -61.4059 -25.48 20.19
218378 -61.4059 -25.48 20.19
219239 -61.4059 -25.48 20.19
216021 -61.4059 -25.48 20.19
217308 -61.4059 -25.48 20.19
207662 -61.4059 -25.48 20.19
212549 -61.4059 -25.48 20.19
217793 -61.4059 -25.48 20.19
210794 -61.4059 -25.48 20.19
218403 -61.4059 -25.48 20.19
213780 -61.4059 -25.48 20.19
216523 -61.4059 -25.48 20.19
212163 -61.4059 -25.48 20.19
216850 -61.4059 -25.48 20.19
213690 -61.4059 -25.48 20.19
216762 -61.4059 -25.48 20.19
209478 -61.4059 -25.48 20.19
215673 -61.4059 -25.48 20.19
210867 -61.4059 -25.48 20.19
208716 -61.4059 -25.48 20.19
165196 -58.6984 2.61 -23.27
160717 -58.6984 2.61 -23.27
158473 -58.6984 2.61 -23.27
167162 -58.6984 2.61 -23.27
160015 -58.6984 2.61 -23.27
162677 -58.6984 2.61 -23.27
162331 -58.6984 2.61 -23.27
162536 -58.6984 2.61 -23.27
158667 -58.6984 2.61 -23.27
166019 -58.6984 2.61 -23.27
166592 -58.6984 2.61 -23.27
169583 -58.6984 2.61 -23.27
165571 -58.6984 2.61 -23.27
169441 -58.6984 2.61 -23.27
168213 -58.6984 2.61 -23.27
162194 -58.6984 2.61 -23.27
165017 -58.6984 2.61 -23.27
163766 -58.6984 2.61 -23.27
167336 -58.6984 2.61 -23.27
161075 -58.6984 2.61 -23.27
164220 -58.6984 2.61 -23.27
158764 -58.6984 2.61 -23.27
165990 -58.6984 2.61 -23.27
163627 -58.6984 2.61 -23.27
163384 -58.6984 2.61 -23.27
162100 -58.6984 2.61 -23.27
171963 -58.6984 2.61 -23.27
159760 -58.6984 2.61 -23.27
166667 -58.6984 2.61 -23.27
169075 -58.6984 2.61 -23.27
166014 -58.6984 2.61 -23.27
163711 -58.6984 2.61 -23.27
161067 -58.6984 2.61 -23.27
161381 -58.6984 2.61 -23.27
165478 -58.6984 2.61 -23.27
169642 -58.6984 2.61 -23.27
168042 -58.6984 2.61 -23.27
160115 -58.6984 2.61 -23.27
156794 -58.6984 2.61 -23.27
