#rtt sig_str x y
220478 -61.799 21.54 -26.43
225836 -61.799 21.54 -26.43
221220 -61.799 21.54 -26.43
224056 -61.799 21.54 -26.43
214432 -61.799 21.54 -26.43
219427 -61.799 21.54 -26.43
221191 -61.799 21.54 -26.43
225034 -61.799 21.54 -26.43
226781 -61.799 21.54 -26.43
227987 -61.799 21.54 -26.43
226219 -61.799 21.54 -26.43
222811 -61.799 21.54 -26.43
223753 -61.799 21.54 -26.43
222571 -61.799 21.54 -26.43
223189 -61.799 21.54 -26.43
218539 -61.799 21.54 -26.43
224760 -61.799 21.54 -26.43
222460 -61.799 21.54 -26.43
216560 -61.799 21.54 -26.43
222327 -61.799 21.54 -26.43
220878 -61.799 21.54 -26.43
214475 -61.799 21.54 -26.43
227081 -61.799 21.54 -26.43
213596 -61.799 21.54 -26.43
219881 -61.799 21.54 -26.43
222419 -61.799 21.54 -26.43
224407 -61.799 21.54 -26.43
220350 -61.799 21.54 -26.43
221093 -61.799 21.54 -26.43
216476 -61.799 21.54 -26.43
224110 -61.799 21.54 -26.43
225924 -61.799 21.54 -26.43
222546 -61.799 21.54 -26.43
222501 -61.799 21.54 -26.43
217841 -61.799 21.54 -26.43
228955 -61.799 21.54 -26.43
224229 -61.799 21.54 -26.43
226939 -61.799 21.54 -26.43
220970 -61.799 21.54 -26.43
55138 -50.8 -7.64 -4.74
64746 -50.8 -7.64 -4.74
58793 -50.8 -7.64 -4.74
59976 -50.8 -7.64 -4.74
56903 -50.8 -7.64 -4.74
56571 -50.8 -7.64 -4.74
59743 -50.8 -7.64 -4.74
53591 -50.8 -7.64 -4.74
58826 -50.8 -7.64 -4.74
63321 -50.8 -7.64 -4.74
55667 -50.8 -7.64 -4.74
57259 -50.8 -7.64 -4.74
56208 -50.8 -7.64 -4.74
50153 -50.8 -7.64 -4.74
62135 -50.8 -7.64 -4.74
58297 -50.8 -7.64 -4.74
57970 -50.8 -7.64 -4.74
48117 -50.8 -7.64 -4.74
59856 -50.8 -7.64 -4.74
59385 -50.8 -7.64 -4.74
62079 -50.8 -7.64 -4.74
63185 -50.8 -7.64 -4.74
55450 -50.8 -7.64 -4.74
57628 -50.8 -7.64 -4.74
51214 -50.8 -7.64 -4.74
61573 -50.8 -7.64 -4.74
58160 -50.8 -7.64 -4.74
55903 -50.8 -7.64 -4.74
61400 -50.8 -7.64 -4.74
59342 -50.8 -7.64 -4.74
60672 -50.8 -7.64 -4.74
58333 -50.8 -7.64 -4.74
61223 -50.8 -7.64 -4.74
58854 -50.8 -7.64 -4.74
55172 -50.8 -7.64 -4.74
60736 -50.8 -7.64 -4.74
55322 -50.8 -7.64 -4.74
53002 -50.8 -7.64 -4.74
59416 -50.8 -7.64 -4.74
62701 -52.2395 3.31 -10.18
67675 -52.2395 3.31 -10.18
66653 -52.2395 3.31 -10.18
63906 -52.2395 3.31 -10.18
66012 -52.2395 3.31 -10.18
61493 -52.2395 3.31 -10.18
59470 -52.2395 3.31 -10.18
61769 -52.2395 3.31 -10.18
70412 -52.2395 3.31 -10.18
63065 -52.2395 3.31 -10.18
69719 -52.2395 3.31 -10.18
60021 -52.2395 3.31 -10.18
68418 -52.2395 3.31 -10.18
60764 -52.2395 3.31 -10.18
64897 -52.2395 3.31 -10.18
66131 -52.2395 3.31 -10.18
70135 -52.2395 3.31 -10.18
63675 -52.2395 3.31 -10.18
58756 -52.2395 3.31 -10.18
61803 -52.2395 3.31 -10.18
70933 -52.2395 3.31 -10.18
64168 -52.2395 3.31 -10.18
69217 -52.2395 3.31 -10.18
74598 -52.2395 3.31 -10.18
63560 -52.2395 3.31 -10.18
69611 -52.2395 3.31 -10.18
54320 -52.2395 3.31 -10.18
55765 -52.2395 3.31 -10.18
70622 -52.2395 3.31 -10.18
71942 -52.2395 3.31 -10.18
65216 -52.2395 3.31 -10.18
62678 -52.2395 3.31 -10.18
63475 -52.2395 3.31 -10.18
64233 -52.2395 3.31 -10.18
66155 -52.2395 3.31 -10.18
67193 -52.2395 3.31 -10.18
62703 -52.2395 3.31 -10.18
69886 -52.2395 3.31 -10.18
60722 -52.2395 3.31 -10.18
193078 -61.0932 27.34 15.24
196835 -61.0932 27.34 15.24
200991 -61.0932 27.34 15.24
196678 -61.0932 27.34 15.24
205863 -61.0932 27.34 15.24
204483 -61.0932 27.34 15.24
206819 -61.0932 27.34 15.24
208939 -61.0932 27.34 15.24
195361 -61.0932 27.34 15.24
208823 -61.0932 27.34 15.24
204905 -61.0932 27.34 15.24
201022 -61.0932 27.34 15.24
203627 -61.0932 27.34 15.24
200837 -61.0932 27.34 15.24
198461 -61.0932 27.34 15.24
206781 -61.0932 27.34 15.24
198872 -61.0932 27.34 15.24
205303 -61.0932 27.34 15.24
199786 -61.0932 27.34 15.24
203026 -61.0932 27.34 15.24
204386 -61.0932 27.34 15.24
206359 -61.0932 27.34 15.24
202806 -61.0932 27.34 15.24
203882 -61.0932 27.34 15.24
193409 -61.0932 27.34 15.24
204676 -61.0932 27.34 15.24
205878 -61.0932 27.34 15.24
197236 -61.0932 27.34 15.24
205880 -61.0932 27.34 15.24
198276 -61.0932 27.34 15.24
201716 -61.0932 27.34 15.24
201635 -61.0932 27.34 15.24
204735 -61.0932 27.34 15.24
204378 -61.0932 27.34 15.24
203412 -61.0932 27.34 15.24
202168 -61.0932 27.34 15.24
200603 -61.0932 27.34 15.24
200808 -61.0932 27.34 15.24
204076 -61.0932 27.34 15.24
141189 -57.3467 14.2 13.91
144076 -57.3467 14.2 13.91
140120 -57.3467 14.2 13.91
143229 -57.3467 14.2 13.91
138951 -57.3467 14.2 13.91
141229 -57.3467 14.2 13.91
144110 -57.3467 14.2 13.91
152162 -57.3467 14.2 13.91
145254 -57.3467 14.2 13.91
141026 -57.3467 14.2 13.91
146196 -57.3467 14.2 13.91
146642 -57.3467 14.2 13.91
142197 -57.3467 14.2 13.91
139824 -57.3467 14.2 13.91
137633 -57.3467 14.2 13.91
145001 -57.3467 14.2 13.91
137282 -57.3467 14.2 13.91
147829 -57.3467 14.2 13.91
145274 -57.3467 14.2 13.91
144860 -57.3467 14.2 13.91
146978 -57.3467 14.2 13.91
142323 -57.3467 14.2 13.91
142415 -57.3467 14.2 13.91
149448 -57.3467 14.2 13.91
145763 -57.3467 14.2 13.91
146311 -57.3467 14.2 13.91
141672 -57.3467 14.2 13.91
140037 -57.3467 14.2 13.91
146960 -57.3467 14.2 13.91
143981 -57.3467 14.2 13.91
139787 -57.3467 14.2 13.91
142205 -57.3467 14.2 13.91
143948 -57.3467 14.2 13.91
140466 -57.3467 14.2 13.91
138942 -57.3467 14.2 13.91
140871 -57.3467 14.2 13.91
144742 -57.3467 14.2 13.91
143289 -57.3467 14.2 13.91
141000 -57.3467 14.2 13.91
144875 -57.767 18.98 -8.79
142926 -57.767 18.98 -8.79
143748 -57.767 18.98 -8.79
149801 -57.767 18.98 -8.79
142929 -57.767 18.98 -8.79
150453 -57.767 18.98 -8.79
147061 -57.767 18.98 -8.79
145951 -57.767 18.98 -8.79
144049 -57.767 18.98 -8.79
146633 -57.767 18.98 -8.79
143543 -57.767 18.98 -8.79
145162 -57.767 18.98 -8.79
145954 -57.767 18.98 -8.79
143394 -57.767 18.98 -8.79
142637 -57.767 18.98 -8.79
149301 -57.767 18.98 -8.79
150627 -57.767 18.98 -8.79
152496 -57.767 18.98 -8.79
142118 -57.767 18.98 -8.79
142922 -57.767 18.98 -8.79
137704 -57.767 18.98 -8.79
141300 -57.767 18.98 -8.79
149068 -57.767 18.98 -8.79
147458 -57.767 18.98 -8.79
149235 -57.767 18.98 -8.79
142647 -57.767 18.98 -8.79
144214 -57.767 18.98 -8.79
144613 -57.767 18.98 -8.79
153724 -57.767 18.98 -8.79
140951 -57.767 18.98 -8.79
141124 -57.767 18.98 -8.79
139976 -57.767 18.98 -8.79
148628 -57.767 18.98 -8.79
150278 -57.767 18.98 -8.79
145418 -57.767 18.98 -8.79
148793 -57.767 18.98 -8.79
145299 -57.767 18.98 -8.79
149136 -57.767 18.98 -8.79
142275 -57.767 18.98 -8.79
154867 -58.9309 -23.94 -2.64
151025 -58.9309 -23.94 -2.64
160206 -58.9309 -23.94 -2.64
162450 -58.9309 -23.94 -2.64
156565 -58.9309 -23.94 -2.64
161469 -58.9309 -23.94 -2.64
156552 -58.9309 -23.94 -2.64
165774 -58.9309 -23.94 -2.64
157349 -58.9309 -23.94 -2.64
153472 -58.9309 -23.94 -2.64
155234 -58.9309 -23.94 -2.64
165962 -58.9309 -23.94 -2.64
153666 -58.9309 -23.94 -2.64
153930 -58.9309 -23.94 -2.64
159685 -58.9309 -23.94 -2.64
156726 -58.9309 -23.94 -2.64
147807 -58.9309 -23.94 -2.64
153575 -58.9309 -23.94 -2.64
155734 -58.9309 -23.94 -2.64
153901 -58.9309 -23.94 -2.64
160153 -58.9309 -23.94 -2.64
157495 -58.9309 -23.94 -2.64
159309 -58.9309 -23.94 -2.64
159418 -58.9309 -23.94 -2.64
156175 -58.9309 -23.94 -2.64
157180 -58.9309 -23.94 -2.64
154840 -58.9309 -23.94 -2.64
155373 -58.9309 -23.94 -2.64
160150 -58.9309 -23.94 -2.64
151286 -58.9309 -23.94 -2.64
160494 -58.9309 -23.94 -2.64
153638 -58.9309 -23.94 -2.64
159738 -58.9309 -23.94 -2.64
160487 -58.9309 -23.94 -2.64
149737 -58.9309 -23.94 -2.64
156589 -58.9309 -23.94 -2.64
162471 -58.9309 -23.94 -2.64
156706 -58.9309 -23.94 -2.64
159513 -58.9309 -23.94 -2.64
182978 -60.3948 25.71 -12.89
181126 -60.3948 25.71 -12.89
194383 -60.3948 25.71 -12.89
185333 -60.3948 25.71 -12.89
186772 -60.3948 25.71 -12.89
186421 -60.3948 25.71 -12.89
176802 -60.3948 25.71 -12.89
185171 -60.3948 25.71 -12.89
183199 -60.3948 25.71 -12.89
182517 -60.3948 25.71 -12.89
186930 -60.3948 25.71 -12.89
185730 -60.3948 25.71 -12.89
185850 -60.3948 25.71 -12.89
184941 -60.3948 25.71 -12.89
184771 -60.3948 25.71 -12.89
187441 -60.3948 25.71 -12.89
185785 -60.3948 25.71 -12.89
178128 -60.3948 25.71 -12.89
179217 -60.3948 25.71 -12.89
183696 -60.3948 25.71 -12.89
190516 -60.3948 25.71 -12.89
177255 -60.3948 25.71 -12.89
183627 -60.3948 25.71 -12.89
192807 -60.3948 25.71 -12.89
185932 -60.3948 25.71 -12.89
181034 -60.3948 25.71 -12.89
182531 -60.3948 25.71 -12.89
184808 -60.3948 25.71 -12.89
180642 -60.3948 25.71 -12.89
183662 -60.3948 25.71 -12.89
184276 -60.3948 25.71 -12.89
185149 -60.3948 25.71 -12.89
189451 -60.3948 25.71 -12.89
181181 -60.3948 25.71 -12.89
181255 -60.3948 25.71 -12.89
182672 -60.3948 25.71 -12.89
184700 -60.3948 25.71 -12.89
180180 -60.3948 25.71 -12.89
182691 -60.3948 25.71 -12.89
105292 -56.1775 6.55 15.96
111993 -56.1775 6.55 15.96
113130 -56.1775 6.55 15.96
116591 -56.1775 6.55 15.96
112933 -56.1775 6.55 15.96
113833 -56.1775 6.55 15.96
111627 -56.1775 6.55 15.96
113476 -56.1775 6.55 15.96
112269 -56.1775 6.55 15.96
114912 -56.1775 6.55 15.96
105823 -56.1775 6.55 15.96
115605 -56.1775 6.55 15.96
113840 -56.1775 6.55 15.96
109906 -56.1775 6.55 15.96
113242 -56.1775 6.55 15.96
112914 -56.1775 6.55 15.96
112085 -56.1775 6.55 15.96
105550 -56.1775 6.55 15.96
116870 -56.1775 6.55 15.96
106823 -56.1775 6.55 15.96
112585 -56.1775 6.55 15.96
116922 -56.1775 6.55 15.96
108657 -56.1775 6.55 15.96
109245 -56.1775 6.55 15.96
117453 -56.1775 6.55 15.96
111760 -56.1775 6.55 15.96
110829 -56.1775 6.55 15.96
113369 -56.1775 6.55 15.96
111646 -56.1775 6.55 15.96
109197 -56.1775 6.55 15.96
107979 -56.1775 6.55 15.96
114344 -56.1775 6.55 15.96
113949 -56.1775 6.55 15.96
116154 -56.1775 6.55 15.96
109371 -56.1775 6.55 15.96
122128 -56.1775 6.55 15.96
113720 -56.1775 6.55 15.96
108965 -56.1775 6.55 15.96
113055 -56.1775 6.55 15.96
132796 -57.5874 5.79 19.63
130132 -57.5874 5.79 19.63
132395 -57.5874 5.79 19.63
132297 -57.5874 5.79 19.63
128426 -57.5874 5.79 19.63
130337 -57.5874 5.79 19.63
132349 -57.5874 5.79 19.63
129235 -57.5874 5.79 19.63
125227 -57.5874 5.79 19.63
127811 -57.5874 5.79 19.63
134251 -57.5874 5.79 19.63
140358 -57.5874 5.79 19.63
130620 -57.5874 5.79 19.63
135395 -57.5874 5.79 19.63
131067 -57.5874 5.79 19.63
133904 -57.5874 5.79 19.63
135971 -57.5874 5.79 19.63
129792 -57.5874 5.79 19.63
130232 -57.5874 5.79 19.63
129910 -57.5874 5.79 19.63
133736 -57.5874 5.79 19.63
139406 -57.5874 5.79 19.63
127936 -57.5874 5.79 19.63
128646 -57.5874 5.79 19.63
132576 -57.5874 5.79 19.63
138341 -57.5874 5.79 19.63
131737 -57.5874 5.79 19.63
133731 -57.5874 5.79 19.63
133900 -57.5874 5.79 19.63
131841 -57.5874 5.79 19.63
127747 -57.5874 5.79 19.63
127303 -57.5874 5.79 19.63
128858 -57.5874 5.79 19.63
134080 -57.5874 5.79 19.63
126682 -57.5874 5.79 19.63
127953 -57.5874 5.79 19.63
126250 -57.5874 5.79 19.63
129544 -57.5874 5.79 19.63
131436 -57.5874 5.79 19.63
