#rtt sig_str x y
124747 -56.9305 -15.09 11.38
126642 -56.9305 -15.09 11.38
122488 -56.9305 -15.09 11.38
118191 -56.9305 -15.09 11.38
121827 -56.9305 -15.09 11.38
119877 -56.9305 -15.09 11.38
125659 -56.9305 -15.09 11.38
125174 -56.9305 -15.09 11.38
130714 -56.9305 -15.09 11.38
121446 -56.9305 -15.09 11.38
120547 -56.9305 -15.09 11.38
131668 -56.9305 -15.09 11.38
120260 -56.9305 -15.09 11.38
120061 -56.9305 -15.09 11.38
119101 -56.9305 -15.09 11.38
123795 -56.9305 -15.09 11.38
124042 -56.9305 -15.09 11.38
122003 -56.9305 -15.09 11.38
123954 -56.9305 -15.09 11.38
121917 -56.9305 -15.09 11.38
123369 -56.9305 -15.09 11.38
125781 -56.9305 -15.09 11.38
126377 -56.9305 -15.09 11.38
126333 -56.9305 -15.09 11.38
122666 -56.9305 -15.09 11.38
116817 -56.9305 -15.09 11.38
122517 -56.9305 -15.09 11.38
121940 -56.9305 -15.09 11.38
130202 -56.9305 -15.09 11.38
131719 -56.9305 -15.09 11.38
122640 -56.9305 -15.09 11.38
128716 -56.9305 -15.09 11.38
123048 -56.9305 -15.09 11.38
117217 -56.9305 -15.09 11.38
120032 -56.9305 -15.09 11.38
124338 -56.9305 -15.09 11.38
120224 -56.9305 -15.09 11.38
122668 -56.9305 -15.09 11.38
124387 -56.9305 -15.09 11.38
67082 -52.1536 -3 10.16
71511 -52.1536 -3 10.16
58718 -52.1536 -3 10.16
71384 -52.1536 -3 10.16
57245 -52.1536 -3 10.16
61157 -52.1536 -3 10.16
65361 -52.1536 -3 10.16
61552 -52.1536 -3 10.16
64871 -52.1536 -3 10.16
69924 -52.1536 -3 10.16
56102 -52.1536 -3 10.16
61305 -52.1536 -3 10.16
67806 -52.1536 -3 10.16
67919 -52.1536 -3 10.16
67152 -52.1536 -3 10.16
64574 -52.1536 -3 10.16
71211 -52.1536 -3 10.16
68228 -52.1536 -3 10.16
70970 -52.1536 -3 10.16
61553 -52.1536 -3 10.16
63152 -52.1536 -3 10.16
68510 -52.1536 -3 10.16
65017 -52.1536 -3 10.16
61504 -52.1536 -3 10.16
67791 -52.1536 -3 10.16
70333 -52.1536 -3 10.16
64857 -52.1536 -3 10.16
55960 -52.1536 -3 10.16
70746 -52.1536 -3 10.16
60488 -52.1536 -3 10.16
62573 -52.1536 -3 10.16
68113 -52.1536 -3 10.16
65363 -52.1536 -3 10.16
73518 -52.1536 -3 10.16
69479 -52.1536 -3 10.16
62365 -52.1536 -3 10.16
68428 -52.1536 -3 10.16
63366 -52.1536 -3 10.16
68508 -52.1536 -3 10.16
167929 -59.5012 -5.34 25.25
168829 -59.5012 -5.34 25.25
160700 -59.5012 -5.34 25.25
166312 -59.5012 -5.34 25.25
164439 -59.5012 -5.34 25.25
169260 -59.5012 -5.34 25.25
165370 -59.5012 -5.34 25.25
162971 -59.5012 -5.34 25.25
166644 -59.5012 -5.34 25.25
165877 -59.5012 -5.34 25.25
160811 -59.5012 -5.34 25.25
159767 -59.5012 -5.34 25.25
167129 -59.5012 -5.34 25.25
164579 -59.5012 -5.34 25.25
166453 -59.5012 -5.34 25.25
162204 -59.5012 -5.34 25.25
170585 -59.5012 -5.34 25.25
164468 -59.5012 -5.34 25.25
162113 -59.5012 -5.34 25.25
161598 -59.5012 -5.34 25.25
167210 -59.5012 -5.34 25.25
171534 -59.5012 -5.34 25.25
168141 -59.5012 -5.34 25.25
161717 -59.5012 -5.34 25.25
169141 -59.5012 -5.34 25.25
157832 -59.5012 -5.34 25.25
155155 -59.5012 -5.34 25.25
165205 -59.5012 -5.34 25.25
157293 -59.5012 -5.34 25.25
165308 -59.5012 -5.34 25.25
160455 -59.5012 -5.34 25.25
168137 -59.5012 -5.34 25.25
163231 -59.5012 -5.34 25.25
158730 -59.5012 -5.34 25.25
160312 -59.5012 -5.34 25.25
165940 -59.5012 -5.34 25.25
168999 -59.5012 -5.34 25.25
170392 -59.5012 -5.34 25.25
163943 -59.5012 -5.34 25.25
184659 -60.0172 -14.38 -23.41
182279 -60.0172 -14.38 -23.41
181112 -60.0172 -14.38 -23.41
180563 -60.0172 -14.38 -23.41
173101 -60.0172 -14.38 -23.41
181493 -60.0172 -14.38 -23.41
186880 -60.0172 -14.38 -23.41
184133 -60.0172 -14.38 -23.41
172426 -60.0172 -14.38 -23.41
179469 -60.0172 -14.38 -23.41
182893 -60.0172 -14.38 -23.41
180240 -60.0172 -14.38 -23.41
185860 -60.0172 -14.38 -23.41
176623 -60.0172 -14.38 -23.41
182207 -60.0172 -14.38 -23.41
190008 -60.0172 -14.38 -23.41
183605 -60.0172 -14.38 -23.41
185689 -60.0172 -14.38 -23.41
176453 -60.0172 -14.38 -23.41
183444 -60.0172 -14.38 -23.41
179232 -60.0172 -14.38 -23.41
172382 -60.0172 -14.38 -23.41
186562 -60.0172 -14.38 -23.41
179722 -60.0172 -14.38 -23.41
179534 -60.0172 -14.38 -23.41
178118 -60.0172 -14.38 -23.41
182716 -60.0172 -14.38 -23.41
183182 -60.0172 -14.38 -23.41
184062 -60.0172 -14.38 -23.41
181751 -60.0172 -14.38 -23.41
184009 -60.0172 -14.38 -23.41
180455 -60.0172 -14.38 -23.41
182745 -60.0172 -14.38 -23.41
177314 -60.0172 -14.38 -23.41
185233 -60.0172 -14.38 -23.41
183745 -60.0172 -14.38 -23.41
177134 -60.0172 -14.38 -23.41
182647 -60.0172 -14.38 -23.41
180233 -60.0172 -14.38 -23.41
182359 -59.828 22.23 15.06
178603 -59.828 22.23 15.06
173137 -59.828 22.23 15.06
180902 -59.828 22.23 15.06
184696 -59.828 22.23 15.06
176427 -59.828 22.23 15.06
175857 -59.828 22.23 15.06
172882 -59.828 22.23 15.06
171238 -59.828 22.23 15.06
174688 -59.828 22.23 15.06
173873 -59.828 22.23 15.06
172289 -59.828 22.23 15.06
173319 -59.828 22.23 15.06
178095 -59.828 22.23 15.06
179312 -59.828 22.23 15.06
175290 -59.828 22.23 15.06
175465 -59.828 22.23 15.06
176831 -59.828 22.23 15.06
174327 -59.828 22.23 15.06
178770 -59.828 22.23 15.06
172243 -59.828 22.23 15.06
173912 -59.828 22.23 15.06
176103 -59.828 22.23 15.06
180384 -59.828 22.23 15.06
175448 -59.828 22.23 15.06
170480 -59.828 22.23 15.06
179607 -59.828 22.23 15.06
178101 -59.828 22.23 15.06
178786 -59.828 22.23 15.06
171923 -59.828 22.23 15.06
174745 -59.828 22.23 15.06
174383 -59.828 22.23 15.06
180415 -59.828 22.23 15.06
177553 -59.828 22.23 15.06
174759 -59.828 22.23 15.06
172327 -59.828 22.23 15.06
177594 -59.828 22.23 15.06
172326 -59.828 22.23 15.06
179175 -59.828 22.23 15.06
121723 -57.4299 -18.9 6.78
127203 -57.4299 -18.9 6.78
130381 -57.4299 -18.9 6.78
129065 -57.4299 -18.9 6.78
125949 -57.4299 -18.9 6.78
131637 -57.4299 -18.9 6.78
133470 -57.4299 -18.9 6.78
133357 -57.4299 -18.9 6.78
126197 -57.4299 -18.9 6.78
135509 -57.4299 -18.9 6.78
131677 -57.4299 -18.9 6.78
132891 -57.4299 -18.9 6.78
140592 -57.4299 -18.9 6.78
127755 -57.4299 -18.9 6.78
140638 -57.4299 -18.9 6.78
129870 -57.4299 -18.9 6.78
132748 -57.4299 -18.9 6.78
133993 -57.4299 -18.9 6.78
127679 -57.4299 -18.9 6.78
135013 -57.4299 -18.9 6.78
131895 -57.4299 -18.9 6.78
129373 -57.4299 -18.9 6.78
131109 -57.4299 -18.9 6.78
126167 -57.4299 -18.9 6.78
127619 -57.4299 -18.9 6.78
129760 -57.4299 -18.9 6.78
127147 -57.4299 -18.9 6.78
122436 -57.4299 -18.9 6.78
121235 -57.4299 -18.9 6.78
130725 -57.4299 -18.9 6.78
134846 -57.4299 -18.9 6.78
136499 -57.4299 -18.9 6.78
129706 -57.4299 -18.9 6.78
133190 -57.4299 -18.9 6.78
136378 -57.4299 -18.9 6.78
127850 -57.4299 -18.9 6.78
128968 -57.4299 -18.9 6.78
128334 -57.4299 -18.9 6.78
134724 -57.4299 -18.9 6.78
233721 -62.175 -28.83 21.03
231184 -62.175 -28.83 21.03
230926 -62.175 -28.83 21.03
233898 -62.175 -28.83 21.03
233798 -62.175 -28.83 21.03
233379 -62.175 -28.83 21.03
227111 -62.175 -28.83 21.03
226845 -62.175 -28.83 21.03
237466 -62.175 -28.83 21.03
227691 -62.175 -28.83 21.03
234584 -62.175 -28.83 21.03
234292 -62.175 -28.83 21.03
229447 -62.175 -28.83 21.03
232584 -62.175 -28.83 21.03
231931 -62.175 -28.83 21.03
223319 -62.175 -28.83 21.03
233855 -62.175 -28.83 21.03
230304 -62.175 -28.83 21.03
232052 -62.175 -28.83 21.03
228261 -62.175 -28.83 21.03
232948 -62.175 -28.83 21.03
238514 -62.175 -28.83 21.03
222985 -62.175 -28.83 21.03
236079 -62.175 -28.83 21.03
231739 -62.175 -28.83 21.03
223423 -62.175 -28.83 21.03
228817 -62.175 -28.83 21.03
227892 -62.175 -28.83 21.03
226424 -62.175 -28.83 21.03
237551 -62.175 -28.83 21.03
232974 -62.175 -28.83 21.03
235374 -62.175 -28.83 21.03
226498 -62.175 -28.83 21.03
234153 -62.175 -28.83 21.03
227537 -62.175 -28.83 21.03
230572 -62.175 -28.83 21.03
237348 -62.175 -28.83 21.03
232678 -62.175 -28.83 21.03
232629 -62.175 -28.83 21.03
235368 -62.1287 27.2 22.79
231875 -62.1287 27.2 22.79
228497 -62.1287 27.2 22.79
232247 -62.1287 27.2 22.79
232468 -62.1287 27.2 22.79
229448 -62.1287 27.2 22.79
226117 -62.1287 27.2 22.79
226983 -62.1287 27.2 22.79
230620 -62.1287 27.2 22.79
240268 -62.1287 27.2 22.79
226888 -62.1287 27.2 22.79
226711 -62.1287 27.2 22.79
228012 -62.1287 27.2 22.79
228599 -62.1287 27.2 22.79
232735 -62.1287 27.2 22.79
228882 -62.1287 27.2 22.79
232073 -62.1287 27.2 22.79
222206 -62.1287 27.2 22.79
237522 -62.1287 27.2 22.79
230591 -62.1287 27.2 22.79
229110 -62.1287 27.2 22.79
230072 -62.1287 27.2 22.79
230144 -62.1287 27.2 22.79
227164 -62.1287 27.2 22.79
233810 -62.1287 27.2 22.79
236800 -62.1287 27.2 22.79
241173 -62.1287 27.2 22.79
229179 -62.1287 27.2 22.79
231327 -62.1287 27.2 22.79
233697 -62.1287 27.2 22.79
232444 -62.1287 27.2 22.79
230172 -62.1287 27.2 22.79
225704 -62.1287 27.2 22.79
236239 -62.1287 27.2 22.79
231012 -62.1287 27.2 22.79
227218 -62.1287 27.2 22.79
240614 -62.1287 27.2 22.79
234168 -62.1287 27.2 22.79
229757 -62.1287 27.2 22.79
205867 -60.8509 10.83 -28.4
194964 -60.8509 10.83 -28.4
198818 -60.8509 10.83 -28.4
199420 -60.8509 10.83 -28.4
203424 -60.8509 10.83 -28.4
201198 -60.8509 10.83 -28.4
204466 -60.8509 10.83 -28.4
201279 -60.8509 10.83 -28.4
191900 -60.8509 10.83 -28.4
205044 -60.8509 10.83 -28.4
201864 -60.8509 10.83 -28.4
205748 -60.8509 10.83 -28.4
195257 -60.8509 10.83 -28.4
193491 -60.8509 10.83 -28.4
202061 -60.8509 10.83 -28.4
196546 -60.8509 10.83 -28.4
203447 -60.8509 10.83 -28.4
197700 -60.8509 10.83 -28.4
201586 -60.8509 10.83 -28.4
196675 -60.8509 10.83 -28.4
204938 -60.8509 10.83 -28.4
207788 -60.8509 10.83 -28.4
193804 -60.8509 10.83 -28.4
204545 -60.8509 10.83 -28.4
200369 -60.8509 10.83 -28.4
201794 -60.8509 10.83 -28.4
201376 -60.8509 10.83 -28.4
194399 -60.8509 10.83 -28.4
202157 -60.8509 10.83 -28.4
207808 -60.8509 10.83 -28.4
204870 -60.8509 10.83 -28.4
197274 -60.8509 10.83 -28.4
200566 -60.8509 10.83 -28.4
207716 -60.8509 10.83 -28.4
200854 -60.8509 10.83 -28.4
198598 -60.8509 10.83 -28.4
192100 -60.8509 10.83 -28.4
204615 -60.8509 10.83 -28.4
198049 -60.8509 10.83 -28.4
117866 -57.003 -0.8 19.05
124795 -57.003 -0.8 19.05
116063 -57.003 -0.8 19.05
118753 -57.003 -0.8 19.05
120144 -57.003 -0.8 19.05
119386 -57.003 -0.8 19.05
119557 -57.003 -0.8 19.05
125340 -57.003 -0.8 19.05
119443 -57.003 -0.8 19.05
114708 -57.003 -0.8 19.05
114578 -57.003 -0.8 19.05
120993 -57.003 -0.8 19.05
119323 -57.003 -0.8 19.05
125173 -57.003 -0.8 19.05
124656 -57.003 -0.8 19.05
120177 -57.003 -0.8 19.05
111803 -57.003 -0.8 19.05
123039 -57.003 -0.8 19.05
122481 -57.003 -0.8 19.05
114183 -57.003 -0.8 19.05
120393 -57.003 -0.8 19.05
119571 -57.003 -0.8 19.05
117984 -57.003 -0.8 19.05
118054 -57.003 -0.8 19.05
116421 -57.003 -0.8 19.05
124138 -57.003 -0.8 19.05
113864 -57.003 -0.8 19.05
122752 -57.003 -0.8 19.05
117426 -57.003 -0.8 19.05
121274 -57.003 -0.8 19.05
112276 -57.003 -0.8 19.05
122436 -57.003 -0.8 19.05
122043 -57.003 -0.8 19.05
118903 -57.003 -0.8 19.05
118698 -57.003 -0.8 19.05
121092 -57.003 -0.8 19.05
115189 -57.003 -0.8 19.05
120390 -57.003 -0.8 19.05
123667 -57.003 -0.8 19.05
