#rtt sig_str x y
227456 -61.5715 -27.69 -18.26
224611 -61.5715 -27.69 -18.26
226774 -61.5715 -27.69 -18.26
222294 -61.5715 -27.69 -18.26
220524 -61.5715 -27.69 -18.26
223355 -61.5715 -27.69 -18.26
223873 -61.5715 -27.69 -18.26
225353 -61.5715 -27.69 -18.26
230494 -61.5715 -27.69 -18.26
227348 -61.5715 -27.69 -18.26
229902 -61.5715 -27.69 -18.26
223834 -61.5715 -27.69 -18.26
225059 -61.5715 -27.69 -18.26
216621 -61.5715 -27.69 -18.26
228272 -61.5715 -27.69 -18.26
228035 -61.5715 -27.69 -18.26
220743 -61.5715 -27.69 -18.26
230340 -61.5715 -27.69 -18.26
221293 -61.5715 -27.69 -18.26
231268 -61.5715 -27.69 -18.26
219794 -61.5715 -27.69 -18.26
222240 -61.5715 -27.69 -18.26
225034 -61.5715 -27.69 -18.26
223414 -61.5715 -27.69 -18.26
227570 -61.5715 -27.69 -18.26
220020 -61.5715 -27.69 -18.26
228464 -61.5715 -27.69 -18.26
222676 -61.5715 -27.69 -18.26
226225 -61.5715 -27.69 -18.26
229478 -61.5715 -27.69 -18.26
223207 -61.5715 -27.69 -18.26
222090 -61.5715 -27.69 -18.26
215842 -61.5715 -27.69 -18.26
224635 -61.5715 -27.69 -18.26
218042 -61.5715 -27.69 -18.26
222208 -61.5715 -27.69 -18.26
225551 -61.5715 -27.69 -18.26
224379 -61.5715 -27.69 -18.26
219408 -61.5715 -27.69 -18.26
111673 -56.2614 16.81 -4.6
106921 -56.2614 16.81 -4.6
105092 -56.2614 16.81 -4.6
108968 -56.2614 16.81 -4.6
112826 -56.2614 16.81 -4.6
115739 -56.2614 16.81 -4.6
111001 -56.2614 16.81 -4.6
113647 -56.2614 16.81 -4.6
114248 -56.2614 16.81 -4.6
114046 -56.2614 16.81 -4.6
121190 -56.2614 16.81 -4.6
116153 -56.2614 16.81 -4.6
111632 -56.2614 16.81 -4.6
115083 -56.2614 16.81 -4.6
113955 -56.2614 16.81 -4.6
118747 -56.2614 16.81 -4.6
115715 -56.2614 16.81 -4.6
108290 -56.2614 16.81 -4.6
112822 -56.2614 16.81 -4.6
111427 -56.2614 16.81 -4.6
122014 -56.2614 16.81 -4.6
123386 -56.2614 16.81 -4.6
124539 -56.2614 16.81 -4.6
114139 -56.2614 16.81 -4.6
112659 -56.2614 16.81 -4.6
109734 -56.2614 16.81 -4.6
115180 -56.2614 16.81 -4.6
114145 -56.2614 16.81 -4.6
113342 -56.2614 16.81 -4.6
117732 -56.2614 16.81 -4.6
112452 -56.2614 16.81 -4.6
107117 -56.2614 16.81 -4.6
105389 -56.2614 16.81 -4.6
109849 -56.2614 16.81 -4.6
119596 -56.2614 16.81 -4.6
110578 -56.2614 16.81 -4.6
115738 -56.2614 16.81 -4.6
117697 -56.2614 16.81 -4.6
109382 -56.2614 16.81 -4.6
157641 -59.2155 -24.44 -4.92
157021 -59.2155 -24.44 -4.92
157896 -59.2155 -24.44 -4.92
148920 -59.2155 -24.44 -4.92
162622 -59.2155 -24.44 -4.92
146516 -59.2155 -24.44 -4.92
152777 -59.2155 -24.44 -4.92
159196 -59.2155 -24.44 -4.92
153259 -59.2155 -24.44 -4.92
160855 -59.2155 -24.44 -4.92
160040 -59.2155 -24.44 -4.92
161209 -59.2155 -24.44 -4.92
155892 -59.2155 -24.44 -4.92
157668 -59.2155 -24.44 -4.92
160326 -59.2155 -24.44 -4.92
159979 -59.2155 -24.44 -4.92
160903 -59.2155 -24.44 -4.92
157831 -59.2155 -24.44 -4.92
156293 -59.2155 -24.44 -4.92
148778 -59.2155 -24.44 -4.92
156581 -59.2155 -24.44 -4.92
158038 -59.2155 -24.44 -4.92
155110 -59.2155 -24.44 -4.92
158985 -59.2155 -24.44 -4.92
157880 -59.2155 -24.44 -4.92
158823 -59.2155 -24.44 -4.92
164403 -59.2155 -24.44 -4.92
155560 -59.2155 -24.44 -4.92
147699 -59.2155 -24.44 -4.92
158584 -59.2155 -24.44 -4.92
160268 -59.2155 -24.44 -4.92
152553 -59.2155 -24.44 -4.92
162428 -59.2155 -24.44 -4.92
153881 -59.2155 -24.44 -4.92
149846 -59.2155 -24.44 -4.92
149459 -59.2155 -24.44 -4.92
163435 -59.2155 -24.44 -4.92
163635 -59.2155 -24.44 -4.92
163927 -59.2155 -24.44 -4.92
64311 -50.3972 7.97 -3.13
59146 -50.3972 7.97 -3.13
58482 -50.3972 7.97 -3.13
60908 -50.3972 7.97 -3.13
60097 -50.3972 7.97 -3.13
64964 -50.3972 7.97 -3.13
53255 -50.3972 7.97 -3.13
61861 -50.3972 7.97 -3.13
62597 -50.3972 7.97 -3.13
58942 -50.3972 7.97 -3.13
64669 -50.3972 7.97 -3.13
61950 -50.3972 7.97 -3.13
59666 -50.3972 7.97 -3.13
55808 -50.3972 7.97 -3.13
57192 -50.3972 7.97 -3.13
57053 -50.3972 7.97 -3.13
61749 -50.3972 7.97 -3.13
68759 -50.3972 7.97 -3.13
61007 -50.3972 7.97 -3.13
64142 -50.3972 7.97 -3.13
67246 -50.3972 7.97 -3.13
64542 -50.3972 7.97 -3.13
64082 -50.3972 7.97 -3.13
61048 -50.3972 7.97 -3.13
61999 -50.3972 7.97 -3.13
64463 -50.3972 7.97 -3.13
57757 -50.3972 7.97 -3.13
59597 -50.3972 7.97 -3.13
64222 -50.3972 7.97 -3.13
56951 -50.3972 7.97 -3.13
62769 -50.3972 7.97 -3.13
59026 -50.3972 7.97 -3.13
63847 -50.3972 7.97 -3.13
55420 -50.3972 7.97 -3.13
59645 -50.3972 7.97 -3.13
61100 -50.3972 7.97 -3.13
48265 -50.3972 7.97 -3.13
61585 -50.3972 7.97 -3.13
61361 -50.3972 7.97 -3.13
254620 -62.6319 -29.17 -23.91
254437 -62.6319 -29.17 -23.91
262008 -62.6319 -29.17 -23.91
255742 -62.6319 -29.17 -23.91
256761 -62.6319 -29.17 -23.91
251439 -62.6319 -29.17 -23.91
248660 -62.6319 -29.17 -23.91
257322 -62.6319 -29.17 -23.91
257712 -62.6319 -29.17 -23.91
259199 -62.6319 -29.17 -23.91
259766 -62.6319 -29.17 -23.91
250921 -62.6319 -29.17 -23.91
241041 -62.6319 -29.17 -23.91
260095 -62.6319 -29.17 -23.91
252391 -62.6319 -29.17 -23.91
250469 -62.6319 -29.17 -23.91
248212 -62.6319 -29.17 -23.91
253720 -62.6319 -29.17 -23.91
254802 -62.6319 -29.17 -23.91
258263 -62.6319 -29.17 -23.91
254337 -62.6319 -29.17 -23.91
251529 -62.6319 -29.17 -23.91
250522 -62.6319 -29.17 -23.91
262423 -62.6319 -29.17 -23.91
251187 -62.6319 -29.17 -23.91
248295 -62.6319 -29.17 -23.91
246091 -62.6319 -29.17 -23.91
257545 -62.6319 -29.17 -23.91
255248 -62.6319 -29.17 -23.91
263292 -62.6319 -29.17 -23.91
254059 -62.6319 -29.17 -23.91
244680 -62.6319 -29.17 -23.91
254763 -62.6319 -29.17 -23.91
252327 -62.6319 -29.17 -23.91
249773 -62.6319 -29.17 -23.91
254146 -62.6319 -29.17 -23.91
259425 -62.6319 -29.17 -23.91
253132 -62.6319 -29.17 -23.91
259747 -62.6319 -29.17 -23.91
202816 -60.8801 26.17 15.67
199156 -60.8801 26.17 15.67
206105 -60.8801 26.17 15.67
205362 -60.8801 26.17 15.67
199307 -60.8801 26.17 15.67
210000 -60.8801 26.17 15.67
205707 -60.8801 26.17 15.67
209318 -60.8801 26.17 15.67
202622 -60.8801 26.17 15.67
203851 -60.8801 26.17 15.67
205252 -60.8801 26.17 15.67
201778 -60.8801 26.17 15.67
208831 -60.8801 26.17 15.67
205912 -60.8801 26.17 15.67
206845 -60.8801 26.17 15.67
198423 -60.8801 26.17 15.67
204704 -60.8801 26.17 15.67
206409 -60.8801 26.17 15.67
198848 -60.8801 26.17 15.67
202838 -60.8801 26.17 15.67
201940 -60.8801 26.17 15.67
198773 -60.8801 26.17 15.67
211332 -60.8801 26.17 15.67
199653 -60.8801 26.17 15.67
209094 -60.8801 26.17 15.67
205225 -60.8801 26.17 15.67
202479 -60.8801 26.17 15.67
202470 -60.8801 26.17 15.67
203232 -60.8801 26.17 15.67
197667 -60.8801 26.17 15.67
193832 -60.8801 26.17 15.67
207633 -60.8801 26.17 15.67
201288 -60.8801 26.17 15.67
204268 -60.8801 26.17 15.67
199643 -60.8801 26.17 15.67
206039 -60.8801 26.17 15.67
202542 -60.8801 26.17 15.67
198015 -60.8801 26.17 15.67
206263 -60.8801 26.17 15.67
67007 -52.1521 -4.41 -9.63
62955 -52.1521 -4.41 -9.63
67093 -52.1521 -4.41 -9.63
68411 -52.1521 -4.41 -9.63
72809 -52.1521 -4.41 -9.63
71982 -52.1521 -4.41 -9.63
70424 -52.1521 -4.41 -9.63
63201 -52.1521 -4.41 -9.63
75029 -52.1521 -4.41 -9.63
68676 -52.1521 -4.41 -9.63
73997 -52.1521 -4.41 -9.63
73995 -52.1521 -4.41 -9.63
75964 -52.1521 -4.41 -9.63
77350 -52.1521 -4.41 -9.63
62075 -52.1521 -4.41 -9.63
74808 -52.1521 -4.41 -9.63
66571 -52.1521 -4.41 -9.63
74903 -52.1521 -4.41 -9.63
71996 -52.1521 -4.41 -9.63
69383 -52.1521 -4.41 -9.63
71231 -52.1521 -4.41 -9.63
71393 -52.1521 -4.41 -9.63
72285 -52.1521 -4.41 -9.63
72296 -52.1521 -4.41 -9.63
70100 -52.1521 -4.41 -9.63
65791 -52.1521 -4.41 -9.63
74279 -52.1521 -4.41 -9.63
71151 -52.1521 -4.41 -9.63
68275 -52.1521 -4.41 -9.63
76567 -52.1521 -4.41 -9.63
71545 -52.1521 -4.41 -9.63
74738 -52.1521 -4.41 -9.63
75816 -52.1521 -4.41 -9.63
71501 -52.1521 -4.41 -9.63
73242 -52.1521 -4.41 -9.63
70506 -52.1521 -4.41 -9.63
73565 -52.1521 -4.41 -9.63
73110 -52.1521 -4.41 -9.63
69219 -52.1521 -4.41 -9.63
98061 -55.4562 -14.82 -5.5
101415 -55.4562 -14.82 -5.5
98877 -55.4562 -14.82 -5.5
99902 -55.4562 -14.82 -5.5
102159 -55.4562 -14.82 -5.5
104967 -55.4562 -14.82 -5.5
102223 -55.4562 -14.82 -5.5
97990 -55.4562 -14.82 -5.5
99299 -55.4562 -14.82 -5.5
98333 -55.4562 -14.82 -5.5
98997 -55.4562 -14.82 -5.5
93419 -55.4562 -14.82 -5.5
105913 -55.4562 -14.82 -5.5
93112 -55.4562 -14.82 -5.5
96810 -55.4562 -14.82 -5.5
106541 -55.4562 -14.82 -5.5
102814 -55.4562 -14.82 -5.5
99087 -55.4562 -14.82 -5.5
96279 -55.4562 -14.82 -5.5
100344 -55.4562 -14.82 -5.5
93762 -55.4562 -14.82 -5.5
98898 -55.4562 -14.82 -5.5
104322 -55.4562 -14.82 -5.5
92798 -55.4562 -14.82 -5.5
106080 -55.4562 -14.82 -5.5
99876 -55.4562 -14.82 -5.5
99962 -55.4562 -14.82 -5.5
100071 -55.4562 -14.82 -5.5
99994 -55.4562 -14.82 -5.5
103127 -55.4562 -14.82 -5.5
101712 -55.4562 -14.82 -5.5
101748 -55.4562 -14.82 -5.5
89371 -55.4562 -14.82 -5.5
94423 -55.4562 -14.82 -5.5
97767 -55.4562 -14.82 -5.5
100344 -55.4562 -14.82 -5.5
102632 -55.4562 -14.82 -5.5
97764 -55.4562 -14.82 -5.5
94001 -55.4562 -14.82 -5.5
169918 -59.656 -18.61 18.58
174837 -59.656 -18.61 18.58
172438 -59.656 -18.61 18.58
174941 -59.656 -18.61 18.58
172289 -59.656 -18.61 18.58
171862 -59.656 -18.61 18.58
170995 -59.656 -18.61 18.58
168619 -59.656 -18.61 18.58
172625 -59.656 -18.61 18.58
174342 -59.656 -18.61 18.58
168147 -59.656 -18.61 18.58
173739 -59.656 -18.61 18.58
176936 -59.656 -18.61 18.58
174921 -59.656 -18.61 18.58
179103 -59.656 -18.61 18.58
171229 -59.656 -18.61 18.58
169642 -59.656 -18.61 18.58
181364 -59.656 -18.61 18.58
169946 -59.656 -18.61 18.58
169012 -59.656 -18.61 18.58
170977 -59.656 -18.61 18.58
171291 -59.656 -18.61 18.58
172029 -59.656 -18.61 18.58
164519 -59.656 -18.61 18.58
169169 -59.656 -18.61 18.58
169768 -59.656 -18.61 18.58
180054 -59.656 -18.61 18.58
174090 -59.656 -18.61 18.58
167440 -59.656 -18.61 18.58
171436 -59.656 -18.61 18.58
170972 -59.656 -18.61 18.58
170641 -59.656 -18.61 18.58
171564 -59.656 -18.61 18.58
172404 -59.656 -18.61 18.58
172081 -59.656 -18.61 18.58
174390 -59.656 -18.61 18.58
163083 -59.656 -18.61 18.58
177127 -59.656 -18.61 18.58
176732 -59.656 -18.61 18.58
101759 -55.5109 -5.11 15.07
109818 -55.5109 -5.11 15.07
105476 -55.5109 -5.11 15.07
105574 -55.5109 -5.11 15.07
103701 -55.5109 -5.11 15.07
104822 -55.5109 -5.11 15.07
107048 -55.5109 -5.11 15.07
103123 -55.5109 -5.11 15.07
101725 -55.5109 -5.11 15.07
100796 -55.5109 -5.11 15.07
108876 -55.5109 -5.11 15.07
103782 -55.5109 -5.11 15.07
103208 -55.5109 -5.11 15.07
106947 -55.5109 -5.11 15.07
111637 -55.5109 -5.11 15.07
110282 -55.5109 -5.11 15.07
102881 -55.5109 -5.11 15.07
109620 -55.5109 -5.11 15.07
98165 -55.5109 -5.11 15.07
108920 -55.5109 -5.11 15.07
105073 -55.5109 -5.11 15.07
104731 -55.5109 -5.11 15.07
106153 -55.5109 -5.11 15.07
105667 -55.5109 -5.11 15.07
103779 -55.5109 -5.11 15.07
111072 -55.5109 -5.11 15.07
104654 -55.5109 -5.11 15.07
102594 -55.5109 -5.11 15.07
99470 -55.5109 -5.11 15.07
99470 -55.5109 -5.11 15.07
98298 -55.5109 -5.11 15.07
104318 -55.5109 -5.11 15.07
99805 -55.5109 -5.11 15.07
102577 -55.5109 -5.11 15.07
103622 -55.5109 -5.11 15.07
107284 -55.5109 -5.11 15.07
100453 -55.5109 -5.11 15.07
105954 -55.5109 -5.11 15.07
107545 -55.5109 -5.11 15.07
