#rtt sig_str x y
30624 -43.962 -2.52 -3.01
24169 -43.962 -2.52 -3.01
30087 -43.962 -2.52 -3.01
27262 -43.962 -2.52 -3.01
25973 -43.962 -2.52 -3.01
30067 -43.962 -2.52 -3.01
21887 -43.962 -2.52 -3.01
26744 -43.962 -2.52 -3.01
30921 -43.962 -2.52 -3.01
24650 -43.962 -2.52 -3.01
23568 -43.962 -2.52 -3.01
23984 -43.962 -2.52 -3.01
28946 -43.962 -2.52 -3.01
29441 -43.962 -2.52 -3.01
29754 -43.962 -2.52 -3.01
24371 -43.962 -2.52 -3.01
20104 -43.962 -2.52 -3.01
31184 -43.962 -2.52 -3.01
32541 -43.962 -2.52 -3.01
28332 -43.962 -2.52 -3.01
23986 -43.962 -2.52 -3.01
24032 -43.962 -2.52 -3.01
27221 -43.962 -2.52 -3.01
29291 -43.962 -2.52 -3.01
28673 -43.962 -2.52 -3.01
21475 -43.962 -2.52 -3.01
28653 -43.962 -2.52 -3.01
30765 -43.962 -2.52 -3.01
24138 -43.962 -2.52 -3.01
30850 -43.962 -2.52 -3.01
30750 -43.962 -2.52 -3.01
22191 -43.962 -2.52 -3.01
30121 -43.962 -2.52 -3.01
26779 -43.962 -2.52 -3.01
26183 -43.962 -2.52 -3.01
24926 -43.962 -2.52 -3.01
25278 -43.962 -2.52 -3.01
31583 -43.962 -2.52 -3.01
24203 -43.962 -2.52 -3.01
106786 -55.3646 -11.5 10.59
108185 -55.3646 -11.5 10.59
104601 -55.3646 -11.5 10.59
95164 -55.3646 -11.5 10.59
102942 -55.3646 -11.5 10.59
111736 -55.3646 -11.5 10.59
110258 -55.3646 -11.5 10.59
107190 -55.3646 -11.5 10.59
108848 -55.3646 -11.5 10.59
103105 -55.3646 -11.5 10.59
110866 -55.3646 -11.5 10.59
107750 -55.3646 -11.5 10.59
105414 -55.3646 -11.5 10.59
113329 -55.3646 -11.5 10.59
100989 -55.3646 -11.5 10.59
111845 -55.3646 -11.5 10.59
106094 -55.3646 -11.5 10.59
99681 -55.3646 -11.5 10.59
103624 -55.3646 -11.5 10.59
102940 -55.3646 -11.5 10.59
111585 -55.3646 -11.5 10.59
112470 -55.3646 -11.5 10.59
108890 -55.3646 -11.5 10.59
105157 -55.3646 -11.5 10.59
102819 -55.3646 -11.5 10.59
104287 -55.3646 -11.5 10.59
99271 -55.3646 -11.5 10.59
103292 -55.3646 -11.5 10.59
107506 -55.3646 -11.5 10.59
103752 -55.3646 -11.5 10.59
107127 -55.3646 -11.5 10.59
108567 -55.3646 -11.5 10.59
105711 -55.3646 -11.5 10.59
97755 -55.3646 -11.5 10.59
106707 -55.3646 -11.5 10.59
108773 -55.3646 -11.5 10.59
107992 -55.3646 -11.5 10.59
105741 -55.3646 -11.5 10.59
101023 -55.3646 -11.5 10.59
139694 -58.2496 -16.11 -15.24
141066 -58.2496 -16.11 -15.24
144586 -58.2496 -16.11 -15.24
139660 -58.2496 -16.11 -15.24
137797 -58.2496 -16.11 -15.24
144476 -58.2496 -16.11 -15.24
137765 -58.2496 -16.11 -15.24
145963 -58.2496 -16.11 -15.24
139419 -58.2496 -16.11 -15.24
137374 -58.2496 -16.11 -15.24
134763 -58.2496 -16.11 -15.24
140839 -58.2496 -16.11 -15.24
134420 -58.2496 -16.11 -15.24
140387 -58.2496 -16.11 -15.24
141959 -58.2496 -16.11 -15.24
139614 -58.2496 -16.11 -15.24
138865 -58.2496 -16.11 -15.24
139056 -58.2496 -16.11 -15.24
144015 -58.2496 -16.11 -15.24
137008 -58.2496 -16.11 -15.24
141805 -58.2496 -16.11 -15.24
149114 -58.2496 -16.11 -15.24
149842 -58.2496 -16.11 -15.24
143191 -58.2496 -16.11 -15.24
140741 -58.2496 -16.11 -15.24
134039 -58.2496 -16.11 -15.24
140818 -58.2496 -16.11 -15.24
144094 -58.2496 -16.11 -15.24
143750 -58.2496 -16.11 -15.24
143812 -58.2496 -16.11 -15.24
141986 -58.2496 -16.11 -15.24
138616 -58.2496 -16.11 -15.24
138034 -58.2496 -16.11 -15.24
136286 -58.2496 -16.11 -15.24
141167 -58.2496 -16.11 -15.24
129339 -58.2496 -16.11 -15.24
144863 -58.2496 -16.11 -15.24
135977 -58.2496 -16.11 -15.24
147580 -58.2496 -16.11 -15.24
210475 -61.0965 -13.36 -28.32
199420 -61.0965 -13.36 -28.32
214472 -61.0965 -13.36 -28.32
206984 -61.0965 -13.36 -28.32
216309 -61.0965 -13.36 -28.32
205656 -61.0965 -13.36 -28.32
204356 -61.0965 -13.36 -28.32
208869 -61.0965 -13.36 -28.32
210383 -61.0965 -13.36 -28.32
218906 -61.0965 -13.36 -28.32
208677 -61.0965 -13.36 -28.32
214355 -61.0965 -13.36 -28.32
208557 -61.0965 -13.36 -28.32
206903 -61.0965 -13.36 -28.32
210215 -61.0965 -13.36 -28.32
214298 -61.0965 -13.36 -28.32
211528 -61.0965 -13.36 -28.32
206905 -61.0965 -13.36 -28.32
211368 -61.0965 -13.36 -28.32
210706 -61.0965 -13.36 -28.32
216692 -61.0965 -13.36 -28.32
209001 -61.0965 -13.36 -28.32
211020 -61.0965 -13.36 -28.32
217714 -61.0965 -13.36 -28.32
206966 -61.0965 -13.36 -28.32
203278 -61.0965 -13.36 -28.32
209031 -61.0965 -13.36 -28.32
210762 -61.0965 -13.36 -28.32
214333 -61.0965 -13.36 -28.32
211462 -61.0965 -13.36 -28.32
202112 -61.0965 -13.36 -28.32
211113 -61.0965 -13.36 -28.32
218239 -61.0965 -13.36 -28.32
211642 -61.0965 -13.36 -28.32
209185 -61.0965 -13.36 -28.32
213824 -61.0965 -13.36 -28.32
209967 -61.0965 -13.36 -28.32
214108 -61.0965 -13.36 -28.32
208997 -61.0965 -13.36 -28.32
143649 -58.3266 19.04 11.77
150983 -58.3266 19.04 11.77
152673 -58.3266 19.04 11.77
157597 -58.3266 19.04 11.77
155455 -58.3266 19.04 11.77
146477 -58.3266 19.04 11.77
148112 -58.3266 19.04 11.77
151389 -58.3266 19.04 11.77
154658 -58.3266 19.04 11.77
148850 -58.3266 19.04 11.77
149792 -58.3266 19.04 11.77
153318 -58.3266 19.04 11.77
150171 -58.3266 19.04 11.77
150807 -58.3266 19.04 11.77
144229 -58.3266 19.04 11.77
145100 -58.3266 19.04 11.77
153356 -58.3266 19.04 11.77
156061 -58.3266 19.04 11.77
152538 -58.3266 19.04 11.77
147782 -58.3266 19.04 11.77
141997 -58.3266 19.04 11.77
149960 -58.3266 19.04 11.77
152194 -58.3266 19.04 11.77
150316 -58.3266 19.04 11.77
152925 -58.3266 19.04 11.77
157302 -58.3266 19.04 11.77
157014 -58.3266 19.04 11.77
147449 -58.3266 19.04 11.77
146948 -58.3266 19.04 11.77
155657 -58.3266 19.04 11.77
151072 -58.3266 19.04 11.77
148327 -58.3266 19.04 11.77
147867 -58.3266 19.04 11.77
146359 -58.3266 19.04 11.77
151962 -58.3266 19.04 11.77
154593 -58.3266 19.04 11.77
151728 -58.3266 19.04 11.77
150510 -58.3266 19.04 11.77
153925 -58.3266 19.04 11.77
162169 -58.6723 -23.32 1.01
157862 -58.6723 -23.32 1.01
163566 -58.6723 -23.32 1.01
157254 -58.6723 -23.32 1.01
161240 -58.6723 -23.32 1.01
157744 -58.6723 -23.32 1.01
160910 -58.6723 -23.32 1.01
155664 -58.6723 -23.32 1.01
160456 -58.6723 -23.32 1.01
156151 -58.6723 -23.32 1.01
151864 -58.6723 -23.32 1.01
157164 -58.6723 -23.32 1.01
155267 -58.6723 -23.32 1.01
156960 -58.6723 -23.32 1.01
154368 -58.6723 -23.32 1.01
159401 -58.6723 -23.32 1.01
161902 -58.6723 -23.32 1.01
157620 -58.6723 -23.32 1.01
159944 -58.6723 -23.32 1.01
159486 -58.6723 -23.32 1.01
158809 -58.6723 -23.32 1.01
157603 -58.6723 -23.32 1.01
159188 -58.6723 -23.32 1.01
158690 -58.6723 -23.32 1.01
160519 -58.6723 -23.32 1.01
155187 -58.6723 -23.32 1.01
153360 -58.6723 -23.32 1.01
157749 -58.6723 -23.32 1.01
155866 -58.6723 -23.32 1.01
161954 -58.6723 -23.32 1.01
158969 -58.6723 -23.32 1.01
157824 -58.6723 -23.32 1.01
156442 -58.6723 -23.32 1.01
165917 -58.6723 -23.32 1.01
156049 -58.6723 -23.32 1.01
155673 -58.6723 -23.32 1.01
159220 -58.6723 -23.32 1.01
158103 -58.6723 -23.32 1.01
155050 -58.6723 -23.32 1.01
73550 -51.5593 7.59 6.29
68166 -51.5593 7.59 6.29
83083 -51.5593 7.59 6.29
73301 -51.5593 7.59 6.29
76261 -51.5593 7.59 6.29
72276 -51.5593 7.59 6.29
69642 -51.5593 7.59 6.29
67041 -51.5593 7.59 6.29
72035 -51.5593 7.59 6.29
75493 -51.5593 7.59 6.29
67636 -51.5593 7.59 6.29
75499 -51.5593 7.59 6.29
70182 -51.5593 7.59 6.29
66867 -51.5593 7.59 6.29
71314 -51.5593 7.59 6.29
69567 -51.5593 7.59 6.29
72362 -51.5593 7.59 6.29
81145 -51.5593 7.59 6.29
70556 -51.5593 7.59 6.29
73831 -51.5593 7.59 6.29
74431 -51.5593 7.59 6.29
73423 -51.5593 7.59 6.29
77988 -51.5593 7.59 6.29
72440 -51.5593 7.59 6.29
69031 -51.5593 7.59 6.29
66569 -51.5593 7.59 6.29
75232 -51.5593 7.59 6.29
69858 -51.5593 7.59 6.29
81003 -51.5593 7.59 6.29
68729 -51.5593 7.59 6.29
68605 -51.5593 7.59 6.29
70926 -51.5593 7.59 6.29
73528 -51.5593 7.59 6.29
69597 -51.5593 7.59 6.29
74916 -51.5593 7.59 6.29
68382 -51.5593 7.59 6.29
69019 -51.5593 7.59 6.29
70838 -51.5593 7.59 6.29
73251 -51.5593 7.59 6.29
116310 -56.8477 -13.39 -13.07
124403 -56.8477 -13.39 -13.07
123919 -56.8477 -13.39 -13.07
121997 -56.8477 -13.39 -13.07
122703 -56.8477 -13.39 -13.07
110930 -56.8477 -13.39 -13.07
118638 -56.8477 -13.39 -13.07
119440 -56.8477 -13.39 -13.07
122039 -56.8477 -13.39 -13.07
117173 -56.8477 -13.39 -13.07
119567 -56.8477 -13.39 -13.07
120009 -56.8477 -13.39 -13.07
120870 -56.8477 -13.39 -13.07
122054 -56.8477 -13.39 -13.07
120064 -56.8477 -13.39 -13.07
111741 -56.8477 -13.39 -13.07
122750 -56.8477 -13.39 -13.07
119268 -56.8477 -13.39 -13.07
118215 -56.8477 -13.39 -13.07
118750 -56.8477 -13.39 -13.07
122187 -56.8477 -13.39 -13.07
124335 -56.8477 -13.39 -13.07
123493 -56.8477 -13.39 -13.07
118484 -56.8477 -13.39 -13.07
121281 -56.8477 -13.39 -13.07
121152 -56.8477 -13.39 -13.07
122952 -56.8477 -13.39 -13.07
116270 -56.8477 -13.39 -13.07
121285 -56.8477 -13.39 -13.07
118747 -56.8477 -13.39 -13.07
122563 -56.8477 -13.39 -13.07
123520 -56.8477 -13.39 -13.07
120537 -56.8477 -13.39 -13.07
119902 -56.8477 -13.39 -13.07
123181 -56.8477 -13.39 -13.07
122113 -56.8477 -13.39 -13.07
115349 -56.8477 -13.39 -13.07
121110 -56.8477 -13.39 -13.07
123086 -56.8477 -13.39 -13.07
157926 -59.1329 10.93 22.13
167190 -59.1329 10.93 22.13
173307 -59.1329 10.93 22.13
165430 -59.1329 10.93 22.13
170448 -59.1329 10.93 22.13
172138 -59.1329 10.93 22.13
168754 -59.1329 10.93 22.13
167260 -59.1329 10.93 22.13
165483 -59.1329 10.93 22.13
159513 -59.1329 10.93 22.13
163177 -59.1329 10.93 22.13
172829 -59.1329 10.93 22.13
165928 -59.1329 10.93 22.13
165032 -59.1329 10.93 22.13
160847 -59.1329 10.93 22.13
168917 -59.1329 10.93 22.13
168400 -59.1329 10.93 22.13
164471 -59.1329 10.93 22.13
172815 -59.1329 10.93 22.13
166081 -59.1329 10.93 22.13
169358 -59.1329 10.93 22.13
166492 -59.1329 10.93 22.13
168793 -59.1329 10.93 22.13
160072 -59.1329 10.93 22.13
160777 -59.1329 10.93 22.13
162206 -59.1329 10.93 22.13
161108 -59.1329 10.93 22.13
165279 -59.1329 10.93 22.13
168788 -59.1329 10.93 22.13
165183 -59.1329 10.93 22.13
156524 -59.1329 10.93 22.13
157651 -59.1329 10.93 22.13
171678 -59.1329 10.93 22.13
157505 -59.1329 10.93 22.13
171219 -59.1329 10.93 22.13
163237 -59.1329 10.93 22.13
158249 -59.1329 10.93 22.13
166644 -59.1329 10.93 22.13
162387 -59.1329 10.93 22.13
214606 -61.1671 10.74 29.7
207931 -61.1671 10.74 29.7
215060 -61.1671 10.74 29.7
207495 -61.1671 10.74 29.7
210922 -61.1671 10.74 29.7
217854 -61.1671 10.74 29.7
209439 -61.1671 10.74 29.7
210705 -61.1671 10.74 29.7
208319 -61.1671 10.74 29.7
219922 -61.1671 10.74 29.7
205779 -61.1671 10.74 29.7
212434 -61.1671 10.74 29.7
209836 -61.1671 10.74 29.7
211804 -61.1671 10.74 29.7
205482 -61.1671 10.74 29.7
204249 -61.1671 10.74 29.7
213003 -61.1671 10.74 29.7
209997 -61.1671 10.74 29.7
210087 -61.1671 10.74 29.7
212954 -61.1671 10.74 29.7
214382 -61.1671 10.74 29.7
208062 -61.1671 10.74 29.7
204539 -61.1671 10.74 29.7
208284 -61.1671 10.74 29.7
209000 -61.1671 10.74 29.7
213182 -61.1671 10.74 29.7
204991 -61.1671 10.74 29.7
204146 -61.1671 10.74 29.7
205718 -61.1671 10.74 29.7
208925 -61.1671 10.74 29.7
214830 -61.1671 10.74 29.7
219500 -61.1671 10.74 29.7
212204 -61.1671 10.74 29.7
222917 -61.1671 10.74 29.7
212842 -61.1671 10.74 29.7
205601 -61.1671 10.74 29.7
209744 -61.1671 10.74 29.7
205042 -61.1671 10.74 29.7
214071 -61.1671 10.74 29.7
