#rtt sig_str x y
225482 -61.8606 26.67 -21.65
222474 -61.8606 26.67 -21.65
227786 -61.8606 26.67 -21.65
229797 -61.8606 26.67 -21.65
224659 -61.8606 26.67 -21.65
227310 -61.8606 26.67 -21.65
229593 -61.8606 26.67 -21.65
226220 -61.8606 26.67 -21.65
224926 -61.8606 26.67 -21.65
234285 -61.8606 26.67 -21.65
224410 -61.8606 26.67 -21.65
223095 -61.8606 26.67 -21.65
226143 -61.8606 26.67 -21.65
227688 -61.8606 26.67 -21.65
228013 -61.8606 26.67 -21.65
225544 -61.8606 26.67 -21.65
220080 -61.8606 26.67 -21.65
233312 -61.8606 26.67 -21.65
219481 -61.8606 26.67 -21.65
224964 -61.8606 26.67 -21.65
230154 -61.8606 26.67 -21.65
232831 -61.8606 26.67 -21.65
228427 -61.8606 26.67 -21.65
229264 -61.8606 26.67 -21.65
227134 -61.8606 26.67 -21.65
222468 -61.8606 26.67 -21.65
229516 -61.8606 26.67 -21.65
222405 -61.8606 26.67 -21.65
222083 -61.8606 26.67 -21.65
222736 -61.8606 26.67 -21.65
217817 -61.8606 26.67 -21.65
229402 -61.8606 26.67 -21.65
218837 -61.8606 26.67 -21.65
218158 -61.8606 26.67 -21.65
221721 -61.8606 26.67 -21.65
224945 -61.8606 26.67 -21.65
220723 -61.8606 26.67 -21.65
235464 -61.8606 26.67 -21.65
218611 -61.8606 26.67 -21.65
22616 -40.5408 -2.15 1.45
21781 -40.5408 -2.15 1.45
15777 -40.5408 -2.15 1.45
17400 -40.5408 -2.15 1.45
16167 -40.5408 -2.15 1.45
25402 -40.5408 -2.15 1.45
23814 -40.5408 -2.15 1.45
20228 -40.5408 -2.15 1.45
23927 -40.5408 -2.15 1.45
24307 -40.5408 -2.15 1.45
19718 -40.5408 -2.15 1.45
21606 -40.5408 -2.15 1.45
23941 -40.5408 -2.15 1.45
18916 -40.5408 -2.15 1.45
18440 -40.5408 -2.15 1.45
19495 -40.5408 -2.15 1.45
18602 -40.5408 -2.15 1.45
18764 -40.5408 -2.15 1.45
25410 -40.5408 -2.15 1.45
23812 -40.5408 -2.15 1.45
19297 -40.5408 -2.15 1.45
19683 -40.5408 -2.15 1.45
19609 -40.5408 -2.15 1.45
17376 -40.5408 -2.15 1.45
25580 -40.5408 -2.15 1.45
20188 -40.5408 -2.15 1.45
24023 -40.5408 -2.15 1.45
20917 -40.5408 -2.15 1.45
21528 -40.5408 -2.15 1.45
27798 -40.5408 -2.15 1.45
16755 -40.5408 -2.15 1.45
18182 -40.5408 -2.15 1.45
19558 -40.5408 -2.15 1.45
20681 -40.5408 -2.15 1.45
22624 -40.5408 -2.15 1.45
20162 -40.5408 -2.15 1.45
21435 -40.5408 -2.15 1.45
22016 -40.5408 -2.15 1.45
25729 -40.5408 -2.15 1.45
156921 -58.9059 -18.44 15.38
166556 -58.9059 -18.44 15.38
158620 -58.9059 -18.44 15.38
164063 -58.9059 -18.44 15.38
162520 -58.9059 -18.44 15.38
162987 -58.9059 -18.44 15.38
170710 -58.9059 -18.44 15.38
157097 -58.9059 -18.44 15.38
154983 -58.9059 -18.44 15.38
164179 -58.9059 -18.44 15.38
158363 -58.9059 -18.44 15.38
166011 -58.9059 -18.44 15.38
162939 -58.9059 -18.44 15.38
170000 -58.9059 -18.44 15.38
166412 -58.9059 -18.44 15.38
162440 -58.9059 -18.44 15.38
159437 -58.9059 -18.44 15.38
160650 -58.9059 -18.44 15.38
152114 -58.9059 -18.44 15.38
160474 -58.9059 -18.44 15.38
163809 -58.9059 -18.44 15.38
162110 -58.9059 -18.44 15.38
163574 -58.9059 -18.44 15.38
160079 -58.9059 -18.44 15.38
165204 -58.9059 -18.44 15.38
154246 -58.9059 -18.44 15.38
165432 -58.9059 -18.44 15.38
157203 -58.9059 -18.44 15.38
155391 -58.9059 -18.44 15.38
160214 -58.9059 -18.44 15.38
167769 -58.9059 -18.44 15.38
165420 -58.9059 -18.44 15.38
159296 -58.9059 -18.44 15.38
164535 -58.9059 -18.44 15.38
157966 -58.9059 -18.44 15.38
172615 -58.9059 -18.44 15.38
153514 -58.9059 -18.44 15.38
164245 -58.9059 -18.44 15.38
153685 -58.9059 -18.44 15.38
86514 -53.4732 4.91 -11.42
82261 -53.4732 4.91 -11.42
77466 -53.4732 4.91 -11.42
83031 -53.4732 4.91 -11.42
85890 -53.4732 4.91 -11.42
79429 -53.4732 4.91 -11.42
73283 -53.4732 4.91 -11.42
84472 -53.4732 4.91 -11.42
81713 -53.4732 4.91 -11.42
73946 -53.4732 4.91 -11.42
81769 -53.4732 4.91 -11.42
81578 -53.4732 4.91 -11.42
82560 -53.4732 4.91 -11.42
82905 -53.4732 4.91 -11.42
78170 -53.4732 4.91 -11.42
87645 -53.4732 4.91 -11.42
79060 -53.4732 4.91 -11.42
82065 -53.4732 4.91 -11.42
85800 -53.4732 4.91 -11.42
85616 -53.4732 4.91 -11.42
79311 -53.4732 4.91 -11.42
88929 -53.4732 4.91 -11.42
81343 -53.4732 4.91 -11.42
82574 -53.4732 4.91 -11.42
81816 -53.4732 4.91 -11.42
74365 -53.4732 4.91 -11.42
77245 -53.4732 4.91 -11.42
78427 -53.4732 4.91 -11.42
80720 -53.4732 4.91 -11.42
73215 -53.4732 4.91 -11.42
86394 -53.4732 4.91 -11.42
77655 -53.4732 4.91 -11.42
77873 -53.4732 4.91 -11.42
76408 -53.4732 4.91 -11.42
85064 -53.4732 4.91 -11.42
83311 -53.4732 4.91 -11.42
82532 -53.4732 4.91 -11.42
81600 -53.4732 4.91 -11.42
85353 -53.4732 4.91 -11.42
144714 -58.4303 7.21 21.49
148131 -58.4303 7.21 21.49
139299 -58.4303 7.21 21.49
148970 -58.4303 7.21 21.49
148102 -58.4303 7.21 21.49
146471 -58.4303 7.21 21.49
146426 -58.4303 7.21 21.49
145772 -58.4303 7.21 21.49
145032 -58.4303 7.21 21.49
148206 -58.4303 7.21 21.49
138320 -58.4303 7.21 21.49
141928 -58.4303 7.21 21.49
141564 -58.4303 7.21 21.49
143264 -58.4303 7.21 21.49
144647 -58.4303 7.21 21.49
144802 -58.4303 7.21 21.49
147159 -58.4303 7.21 21.49
144918 -58.4303 7.21 21.49
149396 -58.4303 7.21 21.49
141926 -58.4303 7.21 21.49
146805 -58.4303 7.21 21.49
141086 -58.4303 7.21 21.49
142798 -58.4303 7.21 21.49
144432 -58.4303 7.21 21.49
136471 -58.4303 7.21 21.49
147189 -58.4303 7.21 21.49
151559 -58.4303 7.21 21.49
139252 -58.4303 7.21 21.49
146962 -58.4303 7.21 21.49
140419 -58.4303 7.21 21.49
145643 -58.4303 7.21 21.49
141451 -58.4303 7.21 21.49
146130 -58.4303 7.21 21.49
139842 -58.4303 7.21 21.49
141673 -58.4303 7.21 21.49
147365 -58.4303 7.21 21.49
144643 -58.4303 7.21 21.49
146025 -58.4303 7.21 21.49
150035 -58.4303 7.21 21.49
184175 -60.2457 11.06 -25.99
184967 -60.2457 11.06 -25.99
180565 -60.2457 11.06 -25.99
181207 -60.2457 11.06 -25.99
176758 -60.2457 11.06 -25.99
178948 -60.2457 11.06 -25.99
187767 -60.2457 11.06 -25.99
181147 -60.2457 11.06 -25.99
181596 -60.2457 11.06 -25.99
184807 -60.2457 11.06 -25.99
182660 -60.2457 11.06 -25.99
177242 -60.2457 11.06 -25.99
181360 -60.2457 11.06 -25.99
187961 -60.2457 11.06 -25.99
180409 -60.2457 11.06 -25.99
167931 -60.2457 11.06 -25.99
182941 -60.2457 11.06 -25.99
173938 -60.2457 11.06 -25.99
179787 -60.2457 11.06 -25.99
178008 -60.2457 11.06 -25.99
179167 -60.2457 11.06 -25.99
178823 -60.2457 11.06 -25.99
177523 -60.2457 11.06 -25.99
183869 -60.2457 11.06 -25.99
183433 -60.2457 11.06 -25.99
185453 -60.2457 11.06 -25.99
181999 -60.2457 11.06 -25.99
188855 -60.2457 11.06 -25.99
183917 -60.2457 11.06 -25.99
181327 -60.2457 11.06 -25.99
183476 -60.2457 11.06 -25.99
170616 -60.2457 11.06 -25.99
183063 -60.2457 11.06 -25.99
183465 -60.2457 11.06 -25.99
181942 -60.2457 11.06 -25.99
175293 -60.2457 11.06 -25.99
177612 -60.2457 11.06 -25.99
187760 -60.2457 11.06 -25.99
184799 -60.2457 11.06 -25.99
157863 -59.2213 -23.8 7.48
164204 -59.2213 -23.8 7.48
161392 -59.2213 -23.8 7.48
152245 -59.2213 -23.8 7.48
155027 -59.2213 -23.8 7.48
158460 -59.2213 -23.8 7.48
148937 -59.2213 -23.8 7.48
148748 -59.2213 -23.8 7.48
155990 -59.2213 -23.8 7.48
157961 -59.2213 -23.8 7.48
145667 -59.2213 -23.8 7.48
160689 -59.2213 -23.8 7.48
157031 -59.2213 -23.8 7.48
149654 -59.2213 -23.8 7.48
161244 -59.2213 -23.8 7.48
162892 -59.2213 -23.8 7.48
159123 -59.2213 -23.8 7.48
150734 -59.2213 -23.8 7.48
159258 -59.2213 -23.8 7.48
158575 -59.2213 -23.8 7.48
162406 -59.2213 -23.8 7.48
158971 -59.2213 -23.8 7.48
152096 -59.2213 -23.8 7.48
159468 -59.2213 -23.8 7.48
166193 -59.2213 -23.8 7.48
157637 -59.2213 -23.8 7.48
159879 -59.2213 -23.8 7.48
152292 -59.2213 -23.8 7.48
154152 -59.2213 -23.8 7.48
159727 -59.2213 -23.8 7.48
154139 -59.2213 -23.8 7.48
158749 -59.2213 -23.8 7.48
161512 -59.2213 -23.8 7.48
152911 -59.2213 -23.8 7.48
151178 -59.2213 -23.8 7.48
159777 -59.2213 -23.8 7.48
156943 -59.2213 -23.8 7.48
150088 -59.2213 -23.8 7.48
160150 -59.2213 -23.8 7.48
112933 -55.891 14.73 7.79
109833 -55.891 14.73 7.79
103754 -55.891 14.73 7.79
106882 -55.891 14.73 7.79
107251 -55.891 14.73 7.79
101898 -55.891 14.73 7.79
109555 -55.891 14.73 7.79
107033 -55.891 14.73 7.79
112799 -55.891 14.73 7.79
109382 -55.891 14.73 7.79
112987 -55.891 14.73 7.79
101731 -55.891 14.73 7.79
105498 -55.891 14.73 7.79
102269 -55.891 14.73 7.79
100441 -55.891 14.73 7.79
105812 -55.891 14.73 7.79
107801 -55.891 14.73 7.79
94586 -55.891 14.73 7.79
108331 -55.891 14.73 7.79
100979 -55.891 14.73 7.79
103057 -55.891 14.73 7.79
110659 -55.891 14.73 7.79
105974 -55.891 14.73 7.79
106482 -55.891 14.73 7.79
98269 -55.891 14.73 7.79
109696 -55.891 14.73 7.79
108428 -55.891 14.73 7.79
106106 -55.891 14.73 7.79
108317 -55.891 14.73 7.79
102644 -55.891 14.73 7.79
106038 -55.891 14.73 7.79
103084 -55.891 14.73 7.79
109091 -55.891 14.73 7.79
107717 -55.891 14.73 7.79
107230 -55.891 14.73 7.79
107602 -55.891 14.73 7.79
104303 -55.891 14.73 7.79
102974 -55.891 14.73 7.79
106913 -55.891 14.73 7.79
164441 -59.5071 -13.08 -22.27
171456 -59.5071 -13.08 -22.27
165508 -59.5071 -13.08 -22.27
169156 -59.5071 -13.08 -22.27
171495 -59.5071 -13.08 -22.27
169117 -59.5071 -13.08 -22.27
172495 -59.5071 -13.08 -22.27
169083 -59.5071 -13.08 -22.27
170505 -59.5071 -13.08 -22.27
161445 -59.5071 -13.08 -22.27
171281 -59.5071 -13.08 -22.27
173104 -59.5071 -13.08 -22.27
166853 -59.5071 -13.08 -22.27
167367 -59.5071 -13.08 -22.27
162024 -59.5071 -13.08 -22.27
166012 -59.5071 -13.08 -22.27
169565 -59.5071 -13.08 -22.27
169265 -59.5071 -13.08 -22.27
169121 -59.5071 -13.08 -22.27
161999 -59.5071 -13.08 -22.27
166576 -59.5071 -13.08 -22.27
167762 -59.5071 -13.08 -22.27
166684 -59.5071 -13.08 -22.27
161494 -59.5071 -13.08 -22.27
161748 -59.5071 -13.08 -22.27
166203 -59.5071 -13.08 -22.27
170583 -59.5071 -13.08 -22.27
171406 -59.5071 -13.08 -22.27
172609 -59.5071 -13.08 -22.27
164128 -59.5071 -13.08 -22.27
164350 -59.5071 -13.08 -22.27
166006 -59.5071 -13.08 -22.27
168020 -59.5071 -13.08 -22.27
171377 -59.5071 -13.08 -22.27
168619 -59.5071 -13.08 -22.27
165315 -59.5071 -13.08 -22.27
167573 -59.5071 -13.08 -22.27
170928 -59.5071 -13.08 -22.27
172239 -59.5071 -13.08 -22.27
112854 -57.0428 15.21 -11.65
120907 -57.0428 15.21 -11.65
122604 -57.0428 15.21 -11.65
120872 -57.0428 15.21 -11.65
115210 -57.0428 15.21 -11.65
118854 -57.0428 15.21 -11.65
113130 -57.0428 15.21 -11.65
120081 -57.0428 15.21 -11.65
117109 -57.0428 15.21 -11.65
116345 -57.0428 15.21 -11.65
122128 -57.0428 15.21 -11.65
117590 -57.0428 15.21 -11.65
118326 -57.0428 15.21 -11.65
122749 -57.0428 15.21 -11.65
125782 -57.0428 15.21 -11.65
131050 -57.0428 15.21 -11.65
115653 -57.0428 15.21 -11.65
122166 -57.0428 15.21 -11.65
120686 -57.0428 15.21 -11.65
115524 -57.0428 15.21 -11.65
121639 -57.0428 15.21 -11.65
126143 -57.0428 15.21 -11.65
118394 -57.0428 15.21 -11.65
126459 -57.0428 15.21 -11.65
124268 -57.0428 15.21 -11.65
125526 -57.0428 15.21 -11.65
117471 -57.0428 15.21 -11.65
117218 -57.0428 15.21 -11.65
126195 -57.0428 15.21 -11.65
125127 -57.0428 15.21 -11.65
111681 -57.0428 15.21 -11.65
118340 -57.0428 15.21 -11.65
125083 -57.0428 15.21 -11.65
125829 -57.0428 15.21 -11.65
120707 -57.0428 15.21 -11.65
116927 -57.0428 15.21 -11.65
118563 -57.0428 15.21 -11.65
125292 -57.0428 15.21 -11.65
117696 -57.0428 15.21 -11.65
