#rtt sig_str x y
160762 -59.173 -6.91 23.82
164212 -59.173 -6.91 23.82
157314 -59.173 -6.91 23.82
159567 -59.173 -6.91 23.82
156358 -59.173 -6.91 23.82
155852 -59.173 -6.91 23.82
160830 -59.173 -6.91 23.82
153606 -59.173 -6.91 23.82
158189 -59.173 -6.91 23.82
156843 -59.173 -6.91 23.82
158691 -59.173 -6.91 23.82
157488 -59.173 -6.91 23.82
163297 -59.173 -6.91 23.82
158891 -59.173 -6.91 23.82
159868 -59.173 -6.91 23.82
155558 -59.173 -6.91 23.82
161113 -59.173 -6.91 23.82
160372 -59.173 -6.91 23.82
159626 -59.173 -6.91 23.82
164969 -59.173 -6.91 23.82
156947 -59.173 -6.91 23.82
153804 -59.173 -6.91 23.82
154302 -59.173 -6.91 23.82
156706 -59.173 -6.91 23.82
156603 -59.173 -6.91 23.82
161551 -59.173 -6.91 23.82
161619 -59.173 -6.91 23.82
160259 -59.173 -6.91 23.82
157474 -59.173 -6.91 23.82
162417 -59.173 -6.91 23.82
162138 -59.173 -6.91 23.82
160000 -59.173 -6.91 23.82
158025 -59.173 -6.91 23.82
158493 -59.173 -6.91 23.82
155859 -59.173 -6.91 23.82
161661 -59.173 -6.91 23.82
160358 -59.173 -6.91 23.82
165708 -59.173 -6.91 23.82
160201 -59.173 -6.91 23.82
223393 -61.4978 21.59 24.79
223541 -61.4978 21.59 24.79
218311 -61.4978 21.59 24.79
226470 -61.4978 21.59 24.79
219551 -61.4978 21.59 24.79
213689 -61.4978 21.59 24.79
217725 -61.4978 21.59 24.79
217534 -61.4978 21.59 24.79
227699 -61.4978 21.59 24.79
214101 -61.4978 21.59 24.79
220796 -61.4978 21.59 24.79
220612 -61.4978 21.59 24.79
218879 -61.4978 21.59 24.79
216044 -61.4978 21.59 24.79
217205 -61.4978 21.59 24.79
212940 -61.4978 21.59 24.79
218701 -61.4978 21.59 24.79
217471 -61.4978 21.59 24.79
220226 -61.4978 21.59 24.79
213994 -61.4978 21.59 24.79
219179 -61.4978 21.59 24.79
216416 -61.4978 21.59 24.79
221247 -61.4978 21.59 24.79
214461 -61.4978 21.59 24.79
218544 -61.4978 21.59 24.79
221674 -61.4978 21.59 24.79
213792 -61.4978 21.59 24.79
215802 -61.4978 21.59 24.79
226707 -61.4978 21.59 24.79
213560 -61.4978 21.59 24.79
216603 -61.4978 21.59 24.79
222655 -61.4978 21.59 24.79
214758 -61.4978 21.59 24.79
215508 -61.4978 21.59 24.79
222831 -61.4978 21.59 24.79
213851 -61.4978 21.59 24.79
220501 -61.4978 21.59 24.79
220760 -61.4978 21.59 24.79
222201 -61.4978 21.59 24.79
241754 -62.1856 26.66 23.79
245757 -62.1856 26.66 23.79
236114 -62.1856 26.66 23.79
243463 -62.1856 26.66 23.79
240541 -62.1856 26.66 23.79
243378 -62.1856 26.66 23.79
240157 -62.1856 26.66 23.79
243545 -62.1856 26.66 23.79
248008 -62.1856 26.66 23.79
248073 -62.1856 26.66 23.79
237841 -62.1856 26.66 23.79
244269 -62.1856 26.66 23.79
242609 -62.1856 26.66 23.79
233639 -62.1856 26.66 23.79
242902 -62.1856 26.66 23.79
242968 -62.1856 26.66 23.79
228314 -62.1856 26.66 23.79
238329 -62.1856 26.66 23.79
244871 -62.1856 26.66 23.79
241531 -62.1856 26.66 23.79
233555 -62.1856 26.66 23.79
239860 -62.1856 26.66 23.79
233243 -62.1856 26.66 23.79
238186 -62.1856 26.66 23.79
237539 -62.1856 26.66 23.79
238489 -62.1856 26.66 23.79
238562 -62.1856 26.66 23.79
236565 -62.1856 26.66 23.79
232074 -62.1856 26.66 23.79
237707 -62.1856 26.66 23.79
236323 -62.1856 26.66 23.79
245142 -62.1856 26.66 23.79
244244 -62.1856 26.66 23.79
242862 -62.1856 26.66 23.79
249218 -62.1856 26.66 23.79
248291 -62.1856 26.66 23.79
239587 -62.1856 26.66 23.79
245022 -62.1856 26.66 23.79
236359 -62.1856 26.66 23.79
88898 -54.1585 12.17 -5.86
96310 -54.1585 12.17 -5.86
98954 -54.1585 12.17 -5.86
94430 -54.1585 12.17 -5.86
99040 -54.1585 12.17 -5.86
96090 -54.1585 12.17 -5.86
98124 -54.1585 12.17 -5.86
99206 -54.1585 12.17 -5.86
99298 -54.1585 12.17 -5.86
96299 -54.1585 12.17 -5.86
91682 -54.1585 12.17 -5.86
98174 -54.1585 12.17 -5.86
99741 -54.1585 12.17 -5.86
102254 -54.1585 12.17 -5.86
98249 -54.1585 12.17 -5.86
96464 -54.1585 12.17 -5.86
98853 -54.1585 12.17 -5.86
95737 -54.1585 12.17 -5.86
101893 -54.1585 12.17 -5.86
101229 -54.1585 12.17 -5.86
97578 -54.1585 12.17 -5.86
94628 -54.1585 12.17 -5.86
95442 -54.1585 12.17 -5.86
94924 -54.1585 12.17 -5.86
100677 -54.1585 12.17 -5.86
97186 -54.1585 12.17 -5.86
96154 -54.1585 12.17 -5.86
100842 -54.1585 12.17 -5.86
96374 -54.1585 12.17 -5.86
103326 -54.1585 12.17 -5.86
94862 -54.1585 12.17 -5.86
95661 -54.1585 12.17 -5.86
93713 -54.1585 12.17 -5.86
99680 -54.1585 12.17 -5.86
101262 -54.1585 12.17 -5.86
101416 -54.1585 12.17 -5.86
93307 -54.1585 12.17 -5.86
102477 -54.1585 12.17 -5.86
99981 -54.1585 12.17 -5.86
175577 -59.443 8.02 24.34
169949 -59.443 8.02 24.34
170034 -59.443 8.02 24.34
170275 -59.443 8.02 24.34
172211 -59.443 8.02 24.34
175958 -59.443 8.02 24.34
175000 -59.443 8.02 24.34
166620 -59.443 8.02 24.34
168425 -59.443 8.02 24.34
167308 -59.443 8.02 24.34
166327 -59.443 8.02 24.34
168248 -59.443 8.02 24.34
179089 -59.443 8.02 24.34
166806 -59.443 8.02 24.34
170765 -59.443 8.02 24.34
176413 -59.443 8.02 24.34
168725 -59.443 8.02 24.34
170294 -59.443 8.02 24.34
169802 -59.443 8.02 24.34
165199 -59.443 8.02 24.34
168598 -59.443 8.02 24.34
174991 -59.443 8.02 24.34
169402 -59.443 8.02 24.34
171729 -59.443 8.02 24.34
171807 -59.443 8.02 24.34
164591 -59.443 8.02 24.34
174101 -59.443 8.02 24.34
168032 -59.443 8.02 24.34
164569 -59.443 8.02 24.34
175363 -59.443 8.02 24.34
178107 -59.443 8.02 24.34
171748 -59.443 8.02 24.34
170536 -59.443 8.02 24.34
167551 -59.443 8.02 24.34
172016 -59.443 8.02 24.34
175211 -59.443 8.02 24.34
167990 -59.443 8.02 24.34
171792 -59.443 8.02 24.34
172313 -59.443 8.02 24.34
46713 -48.161 6.36 1.48
44152 -48.161 6.36 1.48
45016 -48.161 6.36 1.48
50763 -48.161 6.36 1.48
47802 -48.161 6.36 1.48
46899 -48.161 6.36 1.48
43929 -48.161 6.36 1.48
42253 -48.161 6.36 1.48
50522 -48.161 6.36 1.48
51318 -48.161 6.36 1.48
42377 -48.161 6.36 1.48
47189 -48.161 6.36 1.48
44341 -48.161 6.36 1.48
49229 -48.161 6.36 1.48
51292 -48.161 6.36 1.48
41413 -48.161 6.36 1.48
42289 -48.161 6.36 1.48
49329 -48.161 6.36 1.48
45724 -48.161 6.36 1.48
44303 -48.161 6.36 1.48
50634 -48.161 6.36 1.48
54795 -48.161 6.36 1.48
45268 -48.161 6.36 1.48
37320 -48.161 6.36 1.48
48007 -48.161 6.36 1.48
46742 -48.161 6.36 1.48
39374 -48.161 6.36 1.48
48190 -48.161 6.36 1.48
47916 -48.161 6.36 1.48
41929 -48.161 6.36 1.48
40832 -48.161 6.36 1.48
51222 -48.161 6.36 1.48
43870 -48.161 6.36 1.48
38798 -48.161 6.36 1.48
45870 -48.161 6.36 1.48
42379 -48.161 6.36 1.48
45854 -48.161 6.36 1.48
41525 -48.161 6.36 1.48
39364 -48.161 6.36 1.48
177642 -59.9317 -18 -20.38
179431 -59.9317 -18 -20.38
188437 -59.9317 -18 -20.38
183988 -59.9317 -18 -20.38
184195 -59.9317 -18 -20.38
176891 -59.9317 -18 -20.38
181887 -59.9317 -18 -20.38
176585 -59.9317 -18 -20.38
180489 -59.9317 -18 -20.38
176174 -59.9317 -18 -20.38
178863 -59.9317 -18 -20.38
173539 -59.9317 -18 -20.38
173284 -59.9317 -18 -20.38
177259 -59.9317 -18 -20.38
181011 -59.9317 -18 -20.38
184053 -59.9317 -18 -20.38
176170 -59.9317 -18 -20.38
179929 -59.9317 -18 -20.38
181196 -59.9317 -18 -20.38
175331 -59.9317 -18 -20.38
177514 -59.9317 -18 -20.38
182335 -59.9317 -18 -20.38
182825 -59.9317 -18 -20.38
178725 -59.9317 -18 -20.38
178101 -59.9317 -18 -20.38
181717 -59.9317 -18 -20.38
175364 -59.9317 -18 -20.38
172022 -59.9317 -18 -20.38
183968 -59.9317 -18 -20.38
168738 -59.9317 -18 -20.38
179275 -59.9317 -18 -20.38
173951 -59.9317 -18 -20.38
181802 -59.9317 -18 -20.38
176827 -59.9317 -18 -20.38
175829 -59.9317 -18 -20.38
179319 -59.9317 -18 -20.38
170013 -59.9317 -18 -20.38
174499 -59.9317 -18 -20.38
182474 -59.9317 -18 -20.38
151363 -58.4733 -6.76 -21.76
151771 -58.4733 -6.76 -21.76
148596 -58.4733 -6.76 -21.76
152632 -58.4733 -6.76 -21.76
146007 -58.4733 -6.76 -21.76
149621 -58.4733 -6.76 -21.76
154565 -58.4733 -6.76 -21.76
148622 -58.4733 -6.76 -21.76
148818 -58.4733 -6.76 -21.76
149264 -58.4733 -6.76 -21.76
153455 -58.4733 -6.76 -21.76
149390 -58.4733 -6.76 -21.76
157969 -58.4733 -6.76 -21.76
156012 -58.4733 -6.76 -21.76
150822 -58.4733 -6.76 -21.76
150056 -58.4733 -6.76 -21.76
152102 -58.4733 -6.76 -21.76
145876 -58.4733 -6.76 -21.76
145431 -58.4733 -6.76 -21.76
150008 -58.4733 -6.76 -21.76
150867 -58.4733 -6.76 -21.76
147086 -58.4733 -6.76 -21.76
150000 -58.4733 -6.76 -21.76
146358 -58.4733 -6.76 -21.76
142369 -58.4733 -6.76 -21.76
148702 -58.4733 -6.76 -21.76
150195 -58.4733 -6.76 -21.76
151561 -58.4733 -6.76 -21.76
146709 -58.4733 -6.76 -21.76
152902 -58.4733 -6.76 -21.76
149453 -58.4733 -6.76 -21.76
145932 -58.4733 -6.76 -21.76
153862 -58.4733 -6.76 -21.76
140179 -58.4733 -6.76 -21.76
146513 -58.4733 -6.76 -21.76
148155 -58.4733 -6.76 -21.76
149717 -58.4733 -6.76 -21.76
152591 -58.4733 -6.76 -21.76
151228 -58.4733 -6.76 -21.76
163576 -59.0616 -14.46 19.74
157827 -59.0616 -14.46 19.74
168493 -59.0616 -14.46 19.74
160842 -59.0616 -14.46 19.74
171028 -59.0616 -14.46 19.74
161161 -59.0616 -14.46 19.74
172529 -59.0616 -14.46 19.74
161856 -59.0616 -14.46 19.74
163608 -59.0616 -14.46 19.74
169443 -59.0616 -14.46 19.74
166463 -59.0616 -14.46 19.74
172046 -59.0616 -14.46 19.74
166072 -59.0616 -14.46 19.74
170590 -59.0616 -14.46 19.74
163316 -59.0616 -14.46 19.74
161211 -59.0616 -14.46 19.74
167031 -59.0616 -14.46 19.74
163525 -59.0616 -14.46 19.74
167443 -59.0616 -14.46 19.74
163230 -59.0616 -14.46 19.74
167396 -59.0616 -14.46 19.74
169261 -59.0616 -14.46 19.74
164854 -59.0616 -14.46 19.74
167475 -59.0616 -14.46 19.74
166146 -59.0616 -14.46 19.74
163017 -59.0616 -14.46 19.74
168430 -59.0616 -14.46 19.74
163212 -59.0616 -14.46 19.74
163455 -59.0616 -14.46 19.74
177453 -59.0616 -14.46 19.74
163369 -59.0616 -14.46 19.74
167371 -59.0616 -14.46 19.74
164350 -59.0616 -14.46 19.74
161203 -59.0616 -14.46 19.74
169754 -59.0616 -14.46 19.74
168588 -59.0616 -14.46 19.74
166125 -59.0616 -14.46 19.74
167895 -59.0616 -14.46 19.74
168567 -59.0616 -14.46 19.74
212624 -61.1177 -25.53 18.27
218079 -61.1177 -25.53 18.27
219229 -61.1177 -25.53 18.27
221125 -61.1177 -25.53 18.27
219947 -61.1177 -25.53 18.27
215358 -61.1177 -25.53 18.27
210201 -61.1177 -25.53 18.27
212743 -61.1177 -25.53 18.27
222652 -61.1177 -25.53 18.27
220872 -61.1177 -25.53 18.27
224603 -61.1177 -25.53 18.27
217969 -61.1177 -25.53 18.27
217230 -61.1177 -25.53 18.27
213660 -61.1177 -25.53 18.27
216109 -61.1177 -25.53 18.27
215227 -61.1177 -25.53 18.27
213414 -61.1177 -25.53 18.27
213490 -61.1177 -25.53 18.27
226814 -61.1177 -25.53 18.27
216615 -61.1177 -25.53 18.27
219644 -61.1177 -25.53 18.27
219384 -61.1177 -25.53 18.27
215633 -61.1177 -25.53 18.27
218046 -61.1177 -25.53 18.27
211730 -61.1177 -25.53 18.27
217664 -61.1177 -25.53 18.27
215942 -61.1177 -25.53 18.27
217498 -61.1177 -25.53 18.27
209221 -61.1177 -25.53 18.27
213648 -61.1177 -25.53 18.27
211951 -61.1177 -25.53 18.27
217159 -61.1177 -25.53 18.27
215486 -61.1177 -25.53 18.27
211372 -61.1177 -25.53 18.27
211369 -61.1177 -25.53 18.27
217311 -61.1177 -25.53 18.27
221638 -61.1177 -25.53 18.27
213780 -61.1177 -25.53 18.27
213788 -61.1177 -25.53 18.27
