#rtt sig_str x y
190952 -60.6858 2.81 -29.66
186446 -60.6858 2.81 -29.66
193754 -60.6858 2.81 -29.66
192955 -60.6858 2.81 -29.66
193724 -60.6858 2.81 -29.66
193145 -60.6858 2.81 -29.66
188394 -60.6858 2.81 -29.66
191829 -60.6858 2.81 -29.66
191466 -60.6858 2.81 -29.66
190042 -60.6858 2.81 -29.66
180958 -60.6858 2.81 -29.66
193267 -60.6858 2.81 -29.66
181936 -60.6858 2.81 -29.66
193944 -60.6858 2.81 -29.66
197361 -60.6858 2.81 -29.66
194125 -60.6858 2.81 -29.66
187310 -60.6858 2.81 -29.66
192925 -60.6858 2.81 -29.66
193437 -60.6858 2.81 -29.66
192352 -60.6858 2.81 -29.66
186130 -60.6858 2.81 -29.66
194633 -60.6858 2.81 -29.66
193483 -60.6858 2.81 -29.66
193448 -60.6858 2.81 -29.66
197455 -60.6858 2.81 -29.66
194850 -60.6858 2.81 -29.66
182575 -60.6858 2.81 -29.66
191417 -60.6858 2.81 -29.66
192701 -60.6858 2.81 -29.66
191150 -60.6858 2.81 -29.66
194442 -60.6858 2.81 -29.66
192792 -60.6858 2.81 -29.66
193574 -60.6858 2.81 -29.66
188121 -60.6858 2.81 -29.66
189498 -60.6858 2.81 -29.66
188119 -60.6858 2.81 -29.66
194071 -60.6858 2.81 -29.66
196548 -60.6858 2.81 -29.66
195811 -60.6858 2.81 -29.66
181788 -59.4986 17.88 18.6
171816 -59.4986 17.88 18.6
168261 -59.4986 17.88 18.6
178778 -59.4986 17.88 18.6
176835 -59.4986 17.88 18.6
183556 -59.4986 17.88 18.6
181943 -59.4986 17.88 18.6
178019 -59.4986 17.88 18.6
172850 -59.4986 17.88 18.6
173495 -59.4986 17.88 18.6
181074 -59.4986 17.88 18.6
173040 -59.4986 17.88 18.6
177234 -59.4986 17.88 18.6
180709 -59.4986 17.88 18.6
176322 -59.4986 17.88 18.6
183512 -59.4986 17.88 18.6
185007 -59.4986 17.88 18.6
170715 -59.4986 17.88 18.6
178638 -59.4986 17.88 18.6
176305 -59.4986 17.88 18.6
178080 -59.4986 17.88 18.6
176508 -59.4986 17.88 18.6
170892 -59.4986 17.88 18.6
176870 -59.4986 17.88 18.6
183221 -59.4986 17.88 18.6
173533 -59.4986 17.88 18.6
182805 -59.4986 17.88 18.6
176810 -59.4986 17.88 18.6
172372 -59.4986 17.88 18.6
172248 -59.4986 17.88 18.6
168490 -59.4986 17.88 18.6
181964 -59.4986 17.88 18.6
172692 -59.4986 17.88 18.6
183243 -59.4986 17.88 18.6
174885 -59.4986 17.88 18.6
174190 -59.4986 17.88 18.6
175040 -59.4986 17.88 18.6
181656 -59.4986 17.88 18.6
173248 -59.4986 17.88 18.6
135712 -57.7304 19.23 -7.99
138014 -57.7304 19.23 -7.99
131722 -57.7304 19.23 -7.99
137630 -57.7304 19.23 -7.99
139763 -57.7304 19.23 -7.99
141486 -57.7304 19.23 -7.99
139675 -57.7304 19.23 -7.99
132612 -57.7304 19.23 -7.99
133014 -57.7304 19.23 -7.99
135198 -57.7304 19.23 -7.99
134041 -57.7304 19.23 -7.99
133436 -57.7304 19.23 -7.99
143022 -57.7304 19.23 -7.99
134809 -57.7304 19.23 -7.99
137096 -57.7304 19.23 -7.99
134375 -57.7304 19.23 -7.99
136977 -57.7304 19.23 -7.99
135453 -57.7304 19.23 -7.99
134687 -57.7304 19.23 -7.99
134945 -57.7304 19.23 -7.99
138337 -57.7304 19.23 -7.99
137007 -57.7304 19.23 -7.99
133093 -57.7304 19.23 -7.99
130209 -57.7304 19.23 -7.99
135167 -57.7304 19.23 -7.99
128943 -57.7304 19.23 -7.99
135570 -57.7304 19.23 -7.99
138476 -57.7304 19.23 -7.99
136864 -57.7304 19.23 -7.99
132804 -57.7304 19.23 -7.99
135465 -57.7304 19.23 -7.99
138784 -57.7304 19.23 -7.99
135033 -57.7304 19.23 -7.99
134494 -57.7304 19.23 -7.99
130863 -57.7304 19.23 -7.99
131932 -57.7304 19.23 -7.99
138521 -57.7304 19.23 -7.99
137605 -57.7304 19.23 -7.99
142233 -57.7304 19.23 -7.99
202320 -60.7579 -22.68 19.72
195938 -60.7579 -22.68 19.72
199719 -60.7579 -22.68 19.72
196129 -60.7579 -22.68 19.72
203412 -60.7579 -22.68 19.72
203686 -60.7579 -22.68 19.72
195619 -60.7579 -22.68 19.72
198985 -60.7579 -22.68 19.72
195369 -60.7579 -22.68 19.72
197882 -60.7579 -22.68 19.72
201525 -60.7579 -22.68 19.72
192199 -60.7579 -22.68 19.72
203605 -60.7579 -22.68 19.72
205007 -60.7579 -22.68 19.72
200202 -60.7579 -22.68 19.72
199755 -60.7579 -22.68 19.72
196406 -60.7579 -22.68 19.72
199334 -60.7579 -22.68 19.72
195231 -60.7579 -22.68 19.72
202378 -60.7579 -22.68 19.72
202248 -60.7579 -22.68 19.72
197488 -60.7579 -22.68 19.72
199508 -60.7579 -22.68 19.72
202274 -60.7579 -22.68 19.72
197757 -60.7579 -22.68 19.72
203742 -60.7579 -22.68 19.72
198659 -60.7579 -22.68 19.72
200829 -60.7579 -22.68 19.72
202136 -60.7579 -22.68 19.72
204036 -60.7579 -22.68 19.72
199784 -60.7579 -22.68 19.72
191284 -60.7579 -22.68 19.72
193311 -60.7579 -22.68 19.72
196696 -60.7579 -22.68 19.72
205672 -60.7579 -22.68 19.72
196850 -60.7579 -22.68 19.72
197532 -60.7579 -22.68 19.72
200253 -60.7579 -22.68 19.72
198363 -60.7579 -22.68 19.72
48704 -50.5262 6.12 6.18
54109 -50.5262 6.12 6.18
52237 -50.5262 6.12 6.18
56945 -50.5262 6.12 6.18
51173 -50.5262 6.12 6.18
55746 -50.5262 6.12 6.18
53998 -50.5262 6.12 6.18
43858 -50.5262 6.12 6.18
49055 -50.5262 6.12 6.18
45896 -50.5262 6.12 6.18
42610 -50.5262 6.12 6.18
51661 -50.5262 6.12 6.18
55270 -50.5262 6.12 6.18
53314 -50.5262 6.12 6.18
53088 -50.5262 6.12 6.18
53065 -50.5262 6.12 6.18
51327 -50.5262 6.12 6.18
57636 -50.5262 6.12 6.18
49391 -50.5262 6.12 6.18
50868 -50.5262 6.12 6.18
50044 -50.5262 6.12 6.18
49025 -50.5262 6.12 6.18
50250 -50.5262 6.12 6.18
50755 -50.5262 6.12 6.18
47891 -50.5262 6.12 6.18
51875 -50.5262 6.12 6.18
53146 -50.5262 6.12 6.18
48229 -50.5262 6.12 6.18
47327 -50.5262 6.12 6.18
51875 -50.5262 6.12 6.18
55486 -50.5262 6.12 6.18
48459 -50.5262 6.12 6.18
50661 -50.5262 6.12 6.18
52998 -50.5262 6.12 6.18
54411 -50.5262 6.12 6.18
46874 -50.5262 6.12 6.18
45151 -50.5262 6.12 6.18
45556 -50.5262 6.12 6.18
53754 -50.5262 6.12 6.18
37567 -46.9118 1.53 -5.4
28940 -46.9118 1.53 -5.4
38217 -46.9118 1.53 -5.4
34785 -46.9118 1.53 -5.4
34446 -46.9118 1.53 -5.4
35907 -46.9118 1.53 -5.4
39032 -46.9118 1.53 -5.4
35549 -46.9118 1.53 -5.4
37626 -46.9118 1.53 -5.4
37598 -46.9118 1.53 -5.4
39843 -46.9118 1.53 -5.4
33012 -46.9118 1.53 -5.4
42344 -46.9118 1.53 -5.4
38397 -46.9118 1.53 -5.4
35572 -46.9118 1.53 -5.4
34434 -46.9118 1.53 -5.4
37787 -46.9118 1.53 -5.4
32849 -46.9118 1.53 -5.4
36010 -46.9118 1.53 -5.4
39611 -46.9118 1.53 -5.4
31400 -46.9118 1.53 -5.4
34695 -46.9118 1.53 -5.4
38999 -46.9118 1.53 -5.4
37138 -46.9118 1.53 -5.4
39336 -46.9118 1.53 -5.4
38305 -46.9118 1.53 -5.4
41519 -46.9118 1.53 -5.4
35727 -46.9118 1.53 -5.4
39957 -46.9118 1.53 -5.4
34878 -46.9118 1.53 -5.4
38913 -46.9118 1.53 -5.4
33638 -46.9118 1.53 -5.4
34794 -46.9118 1.53 -5.4
29783 -46.9118 1.53 -5.4
35415 -46.9118 1.53 -5.4
39503 -46.9118 1.53 -5.4
37191 -46.9118 1.53 -5.4
36947 -46.9118 1.53 -5.4
38218 -46.9118 1.53 -5.4
107768 -55.7967 -2.17 -16.33
105811 -55.7967 -2.17 -16.33
104987 -55.7967 -2.17 -16.33
110215 -55.7967 -2.17 -16.33
106971 -55.7967 -2.17 -16.33
109665 -55.7967 -2.17 -16.33
107094 -55.7967 -2.17 -16.33
106290 -55.7967 -2.17 -16.33
110188 -55.7967 -2.17 -16.33
114177 -55.7967 -2.17 -16.33
110592 -55.7967 -2.17 -16.33
114360 -55.7967 -2.17 -16.33
106281 -55.7967 -2.17 -16.33
107496 -55.7967 -2.17 -16.33
110486 -55.7967 -2.17 -16.33
102945 -55.7967 -2.17 -16.33
106350 -55.7967 -2.17 -16.33
105629 -55.7967 -2.17 -16.33
103406 -55.7967 -2.17 -16.33
105563 -55.7967 -2.17 -16.33
105992 -55.7967 -2.17 -16.33
109571 -55.7967 -2.17 -16.33
112317 -55.7967 -2.17 -16.33
105527 -55.7967 -2.17 -16.33
111425 -55.7967 -2.17 -16.33
110426 -55.7967 -2.17 -16.33
108525 -55.7967 -2.17 -16.33
114827 -55.7967 -2.17 -16.33
105574 -55.7967 -2.17 -16.33
102735 -55.7967 -2.17 -16.33
109253 -55.7967 -2.17 -16.33
106015 -55.7967 -2.17 -16.33
107653 -55.7967 -2.17 -16.33
109720 -55.7967 -2.17 -16.33
114537 -55.7967 -2.17 -16.33
108038 -55.7967 -2.17 -16.33
109420 -55.7967 -2.17 -16.33
108731 -55.7967 -2.17 -16.33
100195 -55.7967 -2.17 -16.33
77053 -52.9352 -1.71 11.52
73093 -52.9352 -1.71 11.52
72796 -52.9352 -1.71 11.52
75989 -52.9352 -1.71 11.52
79097 -52.9352 -1.71 11.52
76360 -52.9352 -1.71 11.52
70729 -52.9352 -1.71 11.52
78703 -52.9352 -1.71 11.52
77663 -52.9352 -1.71 11.52
75842 -52.9352 -1.71 11.52
77175 -52.9352 -1.71 11.52
74062 -52.9352 -1.71 11.52
82887 -52.9352 -1.71 11.52
80468 -52.9352 -1.71 11.52
77552 -52.9352 -1.71 11.52
77520 -52.9352 -1.71 11.52
83744 -52.9352 -1.71 11.52
82660 -52.9352 -1.71 11.52
75440 -52.9352 -1.71 11.52
80264 -52.9352 -1.71 11.52
73153 -52.9352 -1.71 11.52
71222 -52.9352 -1.71 11.52
81026 -52.9352 -1.71 11.52
76432 -52.9352 -1.71 11.52
79930 -52.9352 -1.71 11.52
85532 -52.9352 -1.71 11.52
79367 -52.9352 -1.71 11.52
74782 -52.9352 -1.71 11.52
78048 -52.9352 -1.71 11.52
79632 -52.9352 -1.71 11.52
81856 -52.9352 -1.71 11.52
73428 -52.9352 -1.71 11.52
74443 -52.9352 -1.71 11.52
80267 -52.9352 -1.71 11.52
74945 -52.9352 -1.71 11.52
75654 -52.9352 -1.71 11.52
77027 -52.9352 -1.71 11.52
80777 -52.9352 -1.71 11.52
76965 -52.9352 -1.71 11.52
114288 -56.1156 7.96 -15.16
104646 -56.1156 7.96 -15.16
115659 -56.1156 7.96 -15.16
114291 -56.1156 7.96 -15.16
111936 -56.1156 7.96 -15.16
115525 -56.1156 7.96 -15.16
108185 -56.1156 7.96 -15.16
117147 -56.1156 7.96 -15.16
107163 -56.1156 7.96 -15.16
108105 -56.1156 7.96 -15.16
110440 -56.1156 7.96 -15.16
107126 -56.1156 7.96 -15.16
112441 -56.1156 7.96 -15.16
107327 -56.1156 7.96 -15.16
108643 -56.1156 7.96 -15.16
110367 -56.1156 7.96 -15.16
113954 -56.1156 7.96 -15.16
108824 -56.1156 7.96 -15.16
114972 -56.1156 7.96 -15.16
115661 -56.1156 7.96 -15.16
118949 -56.1156 7.96 -15.16
110138 -56.1156 7.96 -15.16
111137 -56.1156 7.96 -15.16
115578 -56.1156 7.96 -15.16
114078 -56.1156 7.96 -15.16
104664 -56.1156 7.96 -15.16
111469 -56.1156 7.96 -15.16
109093 -56.1156 7.96 -15.16
106703 -56.1156 7.96 -15.16
111266 -56.1156 7.96 -15.16
108419 -56.1156 7.96 -15.16
104972 -56.1156 7.96 -15.16
112366 -56.1156 7.96 -15.16
106225 -56.1156 7.96 -15.16
108456 -56.1156 7.96 -15.16
117748 -56.1156 7.96 -15.16
108308 -56.1156 7.96 -15.16
118646 -56.1156 7.96 -15.16
112026 -56.1156 7.96 -15.16
244278 -62.3054 25.54 25.73
239567 -62.3054 25.54 25.73
236713 -62.3054 25.54 25.73
247562 -62.3054 25.54 25.73
245109 -62.3054 25.54 25.73
230109 -62.3054 25.54 25.73
238951 -62.3054 25.54 25.73
245692 -62.3054 25.54 25.73
235866 -62.3054 25.54 25.73
237041 -62.3054 25.54 25.73
238250 -62.3054 25.54 25.73
242950 -62.3054 25.54 25.73
234241 -62.3054 25.54 25.73
239527 -62.3054 25.54 25.73
245088 -62.3054 25.54 25.73
242512 -62.3054 25.54 25.73
246147 -62.3054 25.54 25.73
249375 -62.3054 25.54 25.73
244181 -62.3054 25.54 25.73
242289 -62.3054 25.54 25.73
242774 -62.3054 25.54 25.73
242080 -62.3054 25.54 25.73
240830 -62.3054 25.54 25.73
244238 -62.3054 25.54 25.73
245981 -62.3054 25.54 25.73
244834 -62.3054 25.54 25.73
244551 -62.3054 25.54 25.73
239877 -62.3054 25.54 25.73
242273 -62.3054 25.54 25.73
249477 -62.3054 25.54 25.73
246109 -62.3054 25.54 25.73
244402 -62.3054 25.54 25.73
241165 -62.3054 25.54 25.73
246884 -62.3054 25.54 25.73
233707 -62.3054 25.54 25.73
245244 -62.3054 25.54 25.73
241997 -62.3054 25.54 25.73
243630 -62.3054 25.54 25.73
230961 -62.3054 25.54 25.73
