#rtt sig_str x y
74971 -51.8924 -5.54 8.64
78352 -51.8924 -5.54 8.64
73498 -51.8924 -5.54 8.64
80319 -51.8924 -5.54 8.64
77898 -51.8924 -5.54 8.64
77227 -51.8924 -5.54 8.64
72989 -51.8924 -5.54 8.64
74889 -51.8924 -5.54 8.64
83551 -51.8924 -5.54 8.64
77138 -51.8924 -5.54 8.64
79814 -51.8924 -5.54 8.64
73310 -51.8924 -5.54 8.64
80166 -51.8924 -5.54 8.64
81188 -51.8924 -5.54 8.64
70998 -51.8924 -5.54 8.64
71355 -51.8924 -5.54 8.64
67429 -51.8924 -5.54 8.64
79338 -51.8924 -5.54 8.64
75236 -51.8924 -5.54 8.64
70233 -51.8924 -5.54 8.64
73356 -51.8924 -5.54 8.64
71261 -51.8924 -5.54 8.64
74724 -51.8924 -5.54 8.64
80442 -51.8924 -5.54 8.64
76135 -51.8924 -5.54 8.64
71029 -51.8924 -5.54 8.64
77557 -51.8924 -5.54 8.64
73622 -51.8924 -5.54 8.64
68438 -51.8924 -5.54 8.64
75805 -51.8924 -5.54 8.64
74531 -51.8924 -5.54 8.64
72608 -51.8924 -5.54 8.64
77178 -51.8924 -5.54 8.64
78148 -51.8924 -5.54 8.64
67888 -51.8924 -5.54 8.64
75179 -51.8924 -5.54 8.64
78196 -51.8924 -5.54 8.64
80061 -51.8924 -5.54 8.64
78233 -51.8924 -5.54 8.64
230910 -62.1093 -26.68 -23.27
235784 -62.1093 -26.68 -23.27
238839 -62.1093 -26.68 -23.27
229471 -62.1093 -26.68 -23.27
240549 -62.1093 -26.68 -23.27
238605 -62.1093 -26.68 -23.27
235978 -62.1093 -26.68 -23.27
236079 -62.1093 -26.68 -23.27
241282 -62.1093 -26.68 -23.27
235128 -62.1093 -26.68 -23.27
238589 -62.1093 -26.68 -23.27
233453 -62.1093 -26.68 -23.27
230662 -62.1093 -26.68 -23.27
230570 -62.1093 -26.68 -23.27
233662 -62.1093 -26.68 -23.27
241813 -62.1093 -26.68 -23.27
241035 -62.1093 -26.68 -23.27
241870 -62.1093 -26.68 -23.27
228961 -62.1093 -26.68 -23.27
239186 -62.1093 -26.68 -23.27
236446 -62.1093 -26.68 -23.27
231446 -62.1093 -26.68 -23.27
228599 -62.1093 -26.68 -23.27
238135 -62.1093 -26.68 -23.27
235989 -62.1093 -26.68 -23.27
233830 -62.1093 -26.68 -23.27
236898 -62.1093 -26.68 -23.27
230659 -62.1093 -26.68 -23.27
236532 -62.1093 -26.68 -23.27
233376 -62.1093 -26.68 -23.27
241219 -62.1093 -26.68 -23.27
238886 -62.1093 -26.68 -23.27
240114 -62.1093 -26.68 -23.27
240748 -62.1093 -26.68 -23.27
227938 -62.1093 -26.68 -23.27
235669 -62.1093 -26.68 -23.27
237441 -62.1093 -26.68 -23.27
232672 -62.1093 -26.68 -23.27
239396 -62.1093 -26.68 -23.27
149065 -57.8949 17.32 12.3
149296 -57.8949 17.32 12.3
152511 -57.8949 17.32 12.3
151679 -57.8949 17.32 12.3
158295 -57.8949 17.32 12.3
153576 -57.8949 17.32 12.3
156260 -57.8949 17.32 12.3
154727 -57.8949 17.32 12.3
158010 -57.8949 17.32 12.3
153460 -57.8949 17.32 12.3
153400 -57.8949 17.32 12.3
160125 -57.8949 17.32 12.3
152863 -57.8949 17.32 12.3
151540 -57.8949 17.32 12.3
152491 -57.8949 17.32 12.3
153866 -57.8949 17.32 12.3
151633 -57.8949 17.32 12.3
157957 -57.8949 17.32 12.3
148871 -57.8949 17.32 12.3
156853 -57.8949 17.32 12.3
150746 -57.8949 17.32 12.3
151683 -57.8949 17.32 12.3
152710 -57.8949 17.32 12.3
152908 -57.8949 17.32 12.3
154943 -57.8949 17.32 12.3
150134 -57.8949 17.32 12.3
149429 -57.8949 17.32 12.3
156753 -57.8949 17.32 12.3
153131 -57.8949 17.32 12.3
146731 -57.8949 17.32 12.3
156789 -57.8949 17.32 12.3
146318 -57.8949 17.32 12.3
158632 -57.8949 17.32 12.3
153809 -57.8949 17.32 12.3
153884 -57.8949 17.32 12.3
158923 -57.8949 17.32 12.3
151118 -57.8949 17.32 12.3
152726 -57.8949 17.32 12.3
159713 -57.8949 17.32 12.3
159628 -59.1821 -12.76 -21.3
158308 -59.1821 -12.76 -21.3
158176 -59.1821 -12.76 -21.3
152406 -59.1821 -12.76 -21.3
159615 -59.1821 -12.76 -21.3
157059 -59.1821 -12.76 -21.3
159873 -59.1821 -12.76 -21.3
160574 -59.1821 -12.76 -21.3
162200 -59.1821 -12.76 -21.3
160876 -59.1821 -12.76 -21.3
153763 -59.1821 -12.76 -21.3
156028 -59.1821 -12.76 -21.3
160342 -59.1821 -12.76 -21.3
165790 -59.1821 -12.76 -21.3
163149 -59.1821 -12.76 -21.3
159079 -59.1821 -12.76 -21.3
160929 -59.1821 -12.76 -21.3
161061 -59.1821 -12.76 -21.3
157224 -59.1821 -12.76 -21.3
154330 -59.1821 -12.76 -21.3
159641 -59.1821 -12.76 -21.3
164419 -59.1821 -12.76 -21.3
154562 -59.1821 -12.76 -21.3
156055 -59.1821 -12.76 -21.3
158198 -59.1821 -12.76 -21.3
158591 -59.1821 -12.76 -21.3
156232 -59.1821 -12.76 -21.3
153309 -59.1821 -12.76 -21.3
157097 -59.1821 -12.76 -21.3
157187 -59.1821 -12.76 -21.3
157081 -59.1821 -12.76 -21.3
154130 -59.1821 -12.76 -21.3
160074 -59.1821 -12.76 -21.3
161345 -59.1821 -12.76 -21.3
161154 -59.1821 -12.76 -21.3
155020 -59.1821 -12.76 -21.3
158821 -59.1821 -12.76 -21.3
156026 -59.1821 -12.76 -21.3
158007 -59.1821 -12.76 -21.3
38667 -47.4176 -2.98 5.17
36322 -47.4176 -2.98 5.17
43220 -47.4176 -2.98 5.17
35327 -47.4176 -2.98 5.17
43668 -47.4176 -2.98 5.17
38541 -47.4176 -2.98 5.17
27558 -47.4176 -2.98 5.17
38912 -47.4176 -2.98 5.17
43048 -47.4176 -2.98 5.17
41472 -47.4176 -2.98 5.17
40022 -47.4176 -2.98 5.17
42305 -47.4176 -2.98 5.17
39759 -47.4176 -2.98 5.17
38299 -47.4176 -2.98 5.17
43446 -47.4176 -2.98 5.17
33813 -47.4176 -2.98 5.17
38926 -47.4176 -2.98 5.17
37523 -47.4176 -2.98 5.17
41594 -47.4176 -2.98 5.17
40646 -47.4176 -2.98 5.17
42845 -47.4176 -2.98 5.17
33321 -47.4176 -2.98 5.17
32099 -47.4176 -2.98 5.17
43709 -47.4176 -2.98 5.17
29265 -47.4176 -2.98 5.17
36857 -47.4176 -2.98 5.17
39358 -47.4176 -2.98 5.17
37226 -47.4176 -2.98 5.17
38757 -47.4176 -2.98 5.17
43482 -47.4176 -2.98 5.17
38549 -47.4176 -2.98 5.17
43490 -47.4176 -2.98 5.17
42441 -47.4176 -2.98 5.17
34459 -47.4176 -2.98 5.17
39336 -47.4176 -2.98 5.17
39180 -47.4176 -2.98 5.17
46677 -47.4176 -2.98 5.17
36457 -47.4176 -2.98 5.17
42271 -47.4176 -2.98 5.17
172174 -59.2106 -11.77 -21.96
180361 -59.2106 -11.77 -21.96
184388 -59.2106 -11.77 -21.96
173189 -59.2106 -11.77 -21.96
182759 -59.2106 -11.77 -21.96
181756 -59.2106 -11.77 -21.96
179676 -59.2106 -11.77 -21.96
173797 -59.2106 -11.77 -21.96
178841 -59.2106 -11.77 -21.96
176408 -59.2106 -11.77 -21.96
176962 -59.2106 -11.77 -21.96
187853 -59.2106 -11.77 -21.96
180253 -59.2106 -11.77 -21.96
182815 -59.2106 -11.77 -21.96
183856 -59.2106 -11.77 -21.96
185670 -59.2106 -11.77 -21.96
179208 -59.2106 -11.77 -21.96
178717 -59.2106 -11.77 -21.96
176238 -59.2106 -11.77 -21.96
186241 -59.2106 -11.77 -21.96
182498 -59.2106 -11.77 -21.96
182072 -59.2106 -11.77 -21.96
178620 -59.2106 -11.77 -21.96
180932 -59.2106 -11.77 -21.96
180810 -59.2106 -11.77 -21.96
183196 -59.2106 -11.77 -21.96
184141 -59.2106 -11.77 -21.96
183938 -59.2106 -11.77 -21.96
174786 -59.2106 -11.77 -21.96
175368 -59.2106 -11.77 -21.96
177453 -59.2106 -11.77 -21.96
180704 -59.2106 -11.77 -21.96
179165 -59.2106 -11.77 -21.96
179420 -59.2106 -11.77 -21.96
180791 -59.2106 -11.77 -21.96
172971 -59.2106 -11.77 -21.96
182104 -59.2106 -11.77 -21.96
175319 -59.2106 -11.77 -21.96
177459 -59.2106 -11.77 -21.96
131692 -57.3073 1.58 -19.72
128884 -57.3073 1.58 -19.72
128926 -57.3073 1.58 -19.72
125184 -57.3073 1.58 -19.72
126299 -57.3073 1.58 -19.72
138816 -57.3073 1.58 -19.72
134355 -57.3073 1.58 -19.72
131287 -57.3073 1.58 -19.72
130962 -57.3073 1.58 -19.72
125437 -57.3073 1.58 -19.72
128143 -57.3073 1.58 -19.72
132634 -57.3073 1.58 -19.72
122171 -57.3073 1.58 -19.72
130792 -57.3073 1.58 -19.72
124815 -57.3073 1.58 -19.72
134744 -57.3073 1.58 -19.72
124797 -57.3073 1.58 -19.72
129337 -57.3073 1.58 -19.72
130808 -57.3073 1.58 -19.72
123315 -57.3073 1.58 -19.72
126793 -57.3073 1.58 -19.72
128009 -57.3073 1.58 -19.72
132350 -57.3073 1.58 -19.72
123932 -57.3073 1.58 -19.72
123351 -57.3073 1.58 -19.72
133528 -57.3073 1.58 -19.72
129697 -57.3073 1.58 -19.72
131741 -57.3073 1.58 -19.72
130880 -57.3073 1.58 -19.72
128647 -57.3073 1.58 -19.72
124750 -57.3073 1.58 -19.72
121101 -57.3073 1.58 -19.72
128307 -57.3073 1.58 -19.72
128180 -57.3073 1.58 -19.72
126271 -57.3073 1.58 -19.72
124095 -57.3073 1.58 -19.72
131627 -57.3073 1.58 -19.72
132014 -57.3073 1.58 -19.72
123822 -57.3073 1.58 -19.72
173698 -59.5055 7.43 24.73
170257 -59.5055 7.43 24.73
171664 -59.5055 7.43 24.73
166716 -59.5055 7.43 24.73
173278 -59.5055 7.43 24.73
170503 -59.5055 7.43 24.73
170478 -59.5055 7.43 24.73
170278 -59.5055 7.43 24.73
169308 -59.5055 7.43 24.73
163800 -59.5055 7.43 24.73
163688 -59.5055 7.43 24.73
165011 -59.5055 7.43 24.73
162497 -59.5055 7.43 24.73
169362 -59.5055 7.43 24.73
170475 -59.5055 7.43 24.73
159573 -59.5055 7.43 24.73
168257 -59.5055 7.43 24.73
169701 -59.5055 7.43 24.73
173890 -59.5055 7.43 24.73
164804 -59.5055 7.43 24.73
167128 -59.5055 7.43 24.73
169566 -59.5055 7.43 24.73
164776 -59.5055 7.43 24.73
164937 -59.5055 7.43 24.73
174361 -59.5055 7.43 24.73
165650 -59.5055 7.43 24.73
163011 -59.5055 7.43 24.73
166433 -59.5055 7.43 24.73
171409 -59.5055 7.43 24.73
179348 -59.5055 7.43 24.73
168572 -59.5055 7.43 24.73
171659 -59.5055 7.43 24.73
170441 -59.5055 7.43 24.73
167757 -59.5055 7.43 24.73
166742 -59.5055 7.43 24.73
166080 -59.5055 7.43 24.73
170854 -59.5055 7.43 24.73
163684 -59.5055 7.43 24.73
164990 -59.5055 7.43 24.73
190256 -60.4884 16.61 -23.88
188970 -60.4884 16.61 -23.88
184371 -60.4884 16.61 -23.88
193894 -60.4884 16.61 -23.88
195759 -60.4884 16.61 -23.88
188494 -60.4884 16.61 -23.88
193246 -60.4884 16.61 -23.88
192505 -60.4884 16.61 -23.88
187922 -60.4884 16.61 -23.88
193671 -60.4884 16.61 -23.88
196447 -60.4884 16.61 -23.88
194238 -60.4884 16.61 -23.88
189945 -60.4884 16.61 -23.88
194453 -60.4884 16.61 -23.88
197369 -60.4884 16.61 -23.88
190756 -60.4884 16.61 -23.88
195852 -60.4884 16.61 -23.88
191711 -60.4884 16.61 -23.88
195061 -60.4884 16.61 -23.88
197154 -60.4884 16.61 -23.88
191175 -60.4884 16.61 -23.88
194989 -60.4884 16.61 -23.88
200615 -60.4884 16.61 -23.88
192781 -60.4884 16.61 -23.88
191152 -60.4884 16.61 -23.88
197914 -60.4884 16.61 -23.88
200019 -60.4884 16.61 -23.88
190729 -60.4884 16.61 -23.88
193997 -60.4884 16.61 -23.88
195411 -60.4884 16.61 -23.88
199849 -60.4884 16.61 -23.88
189850 -60.4884 16.61 -23.88
189589 -60.4884 16.61 -23.88
191267 -60.4884 16.61 -23.88
191007 -60.4884 16.61 -23.88
194681 -60.4884 16.61 -23.88
194898 -60.4884 16.61 -23.88
188469 -60.4884 16.61 -23.88
191135 -60.4884 16.61 -23.88
66166 -52.5981 11.18 0
77882 -52.5981 11.18 0
76973 -52.5981 11.18 0
73698 -52.5981 11.18 0
74365 -52.5981 11.18 0
69379 -52.5981 11.18 0
82200 -52.5981 11.18 0
70492 -52.5981 11.18 0
73555 -52.5981 11.18 0
74820 -52.5981 11.18 0
75449 -52.5981 11.18 0
76026 -52.5981 11.18 0
77268 -52.5981 11.18 0
73592 -52.5981 11.18 0
79873 -52.5981 11.18 0
74225 -52.5981 11.18 0
78389 -52.5981 11.18 0
78402 -52.5981 11.18 0
71457 -52.5981 11.18 0
72025 -52.5981 11.18 0
74097 -52.5981 11.18 0
71735 -52.5981 11.18 0
76240 -52.5981 11.18 0
77825 -52.5981 11.18 0
78372 -52.5981 11.18 0
71848 -52.5981 11.18 0
76175 -52.5981 11.18 0
70560 -52.5981 11.18 0
85984 -52.5981 11.18 0
75165 -52.5981 11.18 0
73499 -52.5981 11.18 0
75656 -52.5981 11.18 0
74417 -52.5981 11.18 0
72511 -52.5981 11.18 0
70919 -52.5981 11.18 0
73541 -52.5981 11.18 0
74808 -52.5981 11.18 0
72328 -52.5981 11.18 0
85769 -52.5981 11.18 0
