#rtt sig_str x y
129115 -56.739 -14.95 10.84
118827 -56.739 -14.95 10.84
123596 -56.739 -14.95 10.84
125823 -56.739 -14.95 10.84
120274 -56.739 -14.95 10.84
119312 -56.739 -14.95 10.84
124262 -56.739 -14.95 10.84
123967 -56.739 -14.95 10.84
115335 -56.739 -14.95 10.84
125523 -56.739 -14.95 10.84
123718 -56.739 -14.95 10.84
116585 -56.739 -14.95 10.84
117657 -56.739 -14.95 10.84
120948 -56.739 -14.95 10.84
127718 -56.739 -14.95 10.84
123529 -56.739 -14.95 10.84
121235 -56.739 -14.95 10.84
126756 -56.739 -14.95 10.84
115051 -56.739 -14.95 10.84
122116 -56.739 -14.95 10.84
117320 -56.739 -14.95 10.84
125652 -56.739 -14.95 10.84
126080 -56.739 -14.95 10.84
119681 -56.739 -14.95 10.84
126116 -56.739 -14.95 10.84
116286 -56.739 -14.95 10.84
119955 -56.739 -14.95 10.84
124516 -56.739 -14.95 10.84
120539 -56.739 -14.95 10.84
123444 -56.739 -14.95 10.84
122418 -56.739 -14.95 10.84
124254 -56.739 -14.95 10.84
119895 -56.739 -14.95 10.84
125231 -56.739 -14.95 10.84
121819 -56.739 -14.95 10.84
124532 -56.739 -14.95 10.84
123807 -56.739 -14.95 10.84
124413 -56.739 -14.95 10.84
127656 -56.739 -14.95 10.84
205495 -60.5428 -27.24 -10.74
199255 -60.5428 -27.24 -10.74
206389 -60.5428 -27.24 -10.74
208196 -60.5428 -27.24 -10.74
203060 -60.5428 -27.24 -10.74
210826 -60.5428 -27.24 -10.74
206676 -60.5428 -27.24 -10.74
203741 -60.5428 -27.24 -10.74
210243 -60.5428 -27.24 -10.74
201342 -60.5428 -27.24 -10.74
204683 -60.5428 -27.24 -10.74
207710 -60.5428 -27.24 -10.74
206300 -60.5428 -27.24 -10.74
206234 -60.5428 -27.24 -10.74
201464 -60.5428 -27.24 -10.74
204956 -60.5428 -27.24 -10.74
210020 -60.5428 -27.24 -10.74
209974 -60.5428 -27.24 -10.74
207758 -60.5428 -27.24 -10.74
204185 -60.5428 -27.24 -10.74
201355 -60.5428 -27.24 -10.74
208620 -60.5428 -27.24 -10.74
209211 -60.5428 -27.24 -10.74
207877 -60.5428 -27.24 -10.74
207215 -60.5428 -27.24 -10.74
194903 -60.5428 -27.24 -10.74
207069 -60.5428 -27.24 -10.74
211599 -60.5428 -27.24 -10.74
210505 -60.5428 -27.24 -10.74
203361 -60.5428 -27.24 -10.74
208975 -60.5428 -27.24 -10.74
202194 -60.5428 -27.24 -10.74
201792 -60.5428 -27.24 -10.74
195765 -60.5428 -27.24 -10.74
209125 -60.5428 -27.24 -10.74
207937 -60.5428 -27.24 -10.74
210440 -60.5428 -27.24 -10.74
195418 -60.5428 -27.24 -10.74
209944 -60.5428 -27.24 -10.74
151585 -58.6372 10.61 -20.68
153227 -58.6372 10.61 -20.68
158177 -58.6372 10.61 -20.68
151096 -58.6372 10.61 -20.68
149634 -58.6372 10.61 -20.68
150878 -58.6372 10.61 -20.68
162967 -58.6372 10.61 -20.68
157111 -58.6372 10.61 -20.68
155932 -58.6372 10.61 -20.68
153476 -58.6372 10.61 -20.68
150685 -58.6372 10.61 -20.68
151713 -58.6372 10.61 -20.68
155667 -58.6372 10.61 -20.68
153600 -58.6372 10.61 -20.68
149010 -58.6372 10.61 -20.68
153525 -58.6372 10.61 -20.68
156543 -58.6372 10.61 -20.68
150641 -58.6372 10.61 -20.68
154503 -58.6372 10.61 -20.68
155810 -58.6372 10.61 -20.68
151261 -58.6372 10.61 -20.68
152997 -58.6372 10.61 -20.68
153821 -58.6372 10.61 -20.68
155780 -58.6372 10.61 -20.68
148336 -58.6372 10.61 -20.68
152873 -58.6372 10.61 -20.68
152412 -58.6372 10.61 -20.68
154002 -58.6372 10.61 -20.68
151914 -58.6372 10.61 -20.68
139668 -58.6372 10.61 -20.68
151894 -58.6372 10.61 -20.68
146184 -58.6372 10.61 -20.68
139764 -58.6372 10.61 -20.68
154542 -58.6372 10.61 -20.68
154710 -58.6372 10.61 -20.68
147109 -58.6372 10.61 -20.68
154219 -58.6372 10.61 -20.68
156300 -58.6372 10.61 -20.68
157391 -58.6372 10.61 -20.68
182790 -60.1907 -27.4 6.04
188929 -60.1907 -27.4 6.04
181457 -60.1907 -27.4 6.04
185613 -60.1907 -27.4 6.04
185140 -60.1907 -27.4 6.04
193298 -60.1907 -27.4 6.04
181757 -60.1907 -27.4 6.04
191681 -60.1907 -27.4 6.04
183244 -60.1907 -27.4 6.04
188079 -60.1907 -27.4 6.04
187733 -60.1907 -27.4 6.04
184086 -60.1907 -27.4 6.04
187890 -60.1907 -27.4 6.04
187802 -60.1907 -27.4 6.04
185404 -60.1907 -27.4 6.04
187531 -60.1907 -27.4 6.04
180758 -60.1907 -27.4 6.04
184241 -60.1907 -27.4 6.04
187685 -60.1907 -27.4 6.04
183580 -60.1907 -27.4 6.04
172874 -60.1907 -27.4 6.04
185627 -60.1907 -27.4 6.04
184875 -60.1907 -27.4 6.04
184616 -60.1907 -27.4 6.04
189239 -60.1907 -27.4 6.04
184169 -60.1907 -27.4 6.04
188584 -60.1907 -27.4 6.04
179253 -60.1907 -27.4 6.04
190243 -60.1907 -27.4 6.04
185299 -60.1907 -27.4 6.04
181200 -60.1907 -27.4 6.04
195319 -60.1907 -27.4 6.04
186598 -60.1907 -27.4 6.04
188356 -60.1907 -27.4 6.04
183304 -60.1907 -27.4 6.04
183463 -60.1907 -27.4 6.04
184968 -60.1907 -27.4 6.04
182517 -60.1907 -27.4 6.04
181942 -60.1907 -27.4 6.04
244043 -61.8558 -23.02 25.47
236952 -61.8558 -23.02 25.47
236809 -61.8558 -23.02 25.47
239540 -61.8558 -23.02 25.47
239521 -61.8558 -23.02 25.47
239493 -61.8558 -23.02 25.47
231883 -61.8558 -23.02 25.47
235116 -61.8558 -23.02 25.47
238065 -61.8558 -23.02 25.47
234672 -61.8558 -23.02 25.47
236923 -61.8558 -23.02 25.47
238451 -61.8558 -23.02 25.47
237806 -61.8558 -23.02 25.47
241731 -61.8558 -23.02 25.47
233686 -61.8558 -23.02 25.47
228976 -61.8558 -23.02 25.47
240413 -61.8558 -23.02 25.47
237894 -61.8558 -23.02 25.47
239097 -61.8558 -23.02 25.47
236641 -61.8558 -23.02 25.47
238244 -61.8558 -23.02 25.47
238751 -61.8558 -23.02 25.47
233280 -61.8558 -23.02 25.47
235641 -61.8558 -23.02 25.47
231236 -61.8558 -23.02 25.47
238538 -61.8558 -23.02 25.47
238286 -61.8558 -23.02 25.47
240782 -61.8558 -23.02 25.47
244350 -61.8558 -23.02 25.47
248676 -61.8558 -23.02 25.47
243087 -61.8558 -23.02 25.47
243733 -61.8558 -23.02 25.47
236336 -61.8558 -23.02 25.47
241932 -61.8558 -23.02 25.47
238701 -61.8558 -23.02 25.47
245074 -61.8558 -23.02 25.47
240953 -61.8558 -23.02 25.47
230910 -61.8558 -23.02 25.47
239359 -61.8558 -23.02 25.47
110630 -56.691 6.23 17.27
117946 -56.691 6.23 17.27
120449 -56.691 6.23 17.27
115631 -56.691 6.23 17.27
117552 -56.691 6.23 17.27
121453 -56.691 6.23 17.27
121372 -56.691 6.23 17.27
127288 -56.691 6.23 17.27
120767 -56.691 6.23 17.27
121400 -56.691 6.23 17.27
118785 -56.691 6.23 17.27
119401 -56.691 6.23 17.27
121762 -56.691 6.23 17.27
118755 -56.691 6.23 17.27
119199 -56.691 6.23 17.27
123579 -56.691 6.23 17.27
116260 -56.691 6.23 17.27
123020 -56.691 6.23 17.27
120880 -56.691 6.23 17.27
113499 -56.691 6.23 17.27
121122 -56.691 6.23 17.27
118551 -56.691 6.23 17.27
122734 -56.691 6.23 17.27
119782 -56.691 6.23 17.27
116530 -56.691 6.23 17.27
116017 -56.691 6.23 17.27
126077 -56.691 6.23 17.27
118808 -56.691 6.23 17.27
124339 -56.691 6.23 17.27
126692 -56.691 6.23 17.27
116212 -56.691 6.23 17.27
115578 -56.691 6.23 17.27
115359 -56.691 6.23 17.27
122866 -56.691 6.23 17.27
119643 -56.691 6.23 17.27
125920 -56.691 6.23 17.27
125883 -56.691 6.23 17.27
122702 -56.691 6.23 17.27
107965 -56.691 6.23 17.27
161812 -59.0335 -18.55 15.83
167378 -59.0335 -18.55 15.83
161915 -59.0335 -18.55 15.83
157191 -59.0335 -18.55 15.83
168121 -59.0335 -18.55 15.83
161527 -59.0335 -18.55 15.83
165084 -59.0335 -18.55 15.83
162995 -59.0335 -18.55 15.83
159266 -59.0335 -18.55 15.83
160473 -59.0335 -18.55 15.83
157627 -59.0335 -18.55 15.83
164479 -59.0335 -18.55 15.83
166429 -59.0335 -18.55 15.83
163539 -59.0335 -18.55 15.83
167567 -59.0335 -18.55 15.83
164919 -59.0335 -18.55 15.83
164421 -59.0335 -18.55 15.83
165593 -59.0335 -18.55 15.83
169999 -59.0335 -18.55 15.83
156187 -59.0335 -18.55 15.83
157125 -59.0335 -18.55 15.83
162827 -59.0335 -18.55 15.83
158848 -59.0335 -18.55 15.83
154629 -59.0335 -18.55 15.83
164641 -59.0335 -18.55 15.83
163617 -59.0335 -18.55 15.83
163676 -59.0335 -18.55 15.83
154568 -59.0335 -18.55 15.83
167396 -59.0335 -18.55 15.83
157738 -59.0335 -18.55 15.83
158967 -59.0335 -18.55 15.83
157801 -59.0335 -18.55 15.83
159308 -59.0335 -18.55 15.83
158183 -59.0335 -18.55 15.83
162703 -59.0335 -18.55 15.83
171314 -59.0335 -18.55 15.83
167212 -59.0335 -18.55 15.83
164005 -59.0335 -18.55 15.83
160551 -59.0335 -18.55 15.83
108991 -55.4674 10.11 12.18
105786 -55.4674 10.11 12.18
100616 -55.4674 10.11 12.18
107911 -55.4674 10.11 12.18
106397 -55.4674 10.11 12.18
97116 -55.4674 10.11 12.18
99425 -55.4674 10.11 12.18
104890 -55.4674 10.11 12.18
107007 -55.4674 10.11 12.18
103277 -55.4674 10.11 12.18
105551 -55.4674 10.11 12.18
102938 -55.4674 10.11 12.18
109334 -55.4674 10.11 12.18
101687 -55.4674 10.11 12.18
102624 -55.4674 10.11 12.18
103138 -55.4674 10.11 12.18
100967 -55.4674 10.11 12.18
106350 -55.4674 10.11 12.18
97887 -55.4674 10.11 12.18
102804 -55.4674 10.11 12.18
106303 -55.4674 10.11 12.18
105031 -55.4674 10.11 12.18
108759 -55.4674 10.11 12.18
102154 -55.4674 10.11 12.18
104803 -55.4674 10.11 12.18
105646 -55.4674 10.11 12.18
109536 -55.4674 10.11 12.18
102991 -55.4674 10.11 12.18
105746 -55.4674 10.11 12.18
100915 -55.4674 10.11 12.18
104888 -55.4674 10.11 12.18
106771 -55.4674 10.11 12.18
105336 -55.4674 10.11 12.18
103838 -55.4674 10.11 12.18
104194 -55.4674 10.11 12.18
106864 -55.4674 10.11 12.18
99011 -55.4674 10.11 12.18
105692 -55.4674 10.11 12.18
112461 -55.4674 10.11 12.18
222717 -61.2961 25.05 20.04
221452 -61.2961 25.05 20.04
220525 -61.2961 25.05 20.04
228009 -61.2961 25.05 20.04
217811 -61.2961 25.05 20.04
227965 -61.2961 25.05 20.04
224524 -61.2961 25.05 20.04
223490 -61.2961 25.05 20.04
226279 -61.2961 25.05 20.04
229851 -61.2961 25.05 20.04
226603 -61.2961 25.05 20.04
223690 -61.2961 25.05 20.04
216633 -61.2961 25.05 20.04
224402 -61.2961 25.05 20.04
216297 -61.2961 25.05 20.04
220127 -61.2961 25.05 20.04
214651 -61.2961 25.05 20.04
228886 -61.2961 25.05 20.04
225727 -61.2961 25.05 20.04
213057 -61.2961 25.05 20.04
222022 -61.2961 25.05 20.04
229853 -61.2961 25.05 20.04
214323 -61.2961 25.05 20.04
221538 -61.2961 25.05 20.04
219478 -61.2961 25.05 20.04
222389 -61.2961 25.05 20.04
221539 -61.2961 25.05 20.04
218895 -61.2961 25.05 20.04
221509 -61.2961 25.05 20.04
222775 -61.2961 25.05 20.04
227584 -61.2961 25.05 20.04
212980 -61.2961 25.05 20.04
225455 -61.2961 25.05 20.04
231676 -61.2961 25.05 20.04
218020 -61.2961 25.05 20.04
224826 -61.2961 25.05 20.04
213749 -61.2961 25.05 20.04
220815 -61.2961 25.05 20.04
228880 -61.2961 25.05 20.04
123483 -56.8705 -4.87 18.12
112537 -56.8705 -4.87 18.12
122431 -56.8705 -4.87 18.12
118668 -56.8705 -4.87 18.12
121066 -56.8705 -4.87 18.12
118678 -56.8705 -4.87 18.12
117983 -56.8705 -4.87 18.12
122940 -56.8705 -4.87 18.12
120769 -56.8705 -4.87 18.12
120943 -56.8705 -4.87 18.12
114601 -56.8705 -4.87 18.12
119968 -56.8705 -4.87 18.12
117079 -56.8705 -4.87 18.12
113923 -56.8705 -4.87 18.12
124352 -56.8705 -4.87 18.12
122875 -56.8705 -4.87 18.12
124135 -56.8705 -4.87 18.12
119613 -56.8705 -4.87 18.12
121019 -56.8705 -4.87 18.12
121467 -56.8705 -4.87 18.12
117621 -56.8705 -4.87 18.12
119565 -56.8705 -4.87 18.12
125737 -56.8705 -4.87 18.12
114975 -56.8705 -4.87 18.12
116576 -56.8705 -4.87 18.12
114691 -56.8705 -4.87 18.12
118195 -56.8705 -4.87 18.12
121631 -56.8705 -4.87 18.12
119855 -56.8705 -4.87 18.12
114301 -56.8705 -4.87 18.12
119631 -56.8705 -4.87 18.12
119593 -56.8705 -4.87 18.12
119066 -56.8705 -4.87 18.12
122579 -56.8705 -4.87 18.12
113567 -56.8705 -4.87 18.12
125913 -56.8705 -4.87 18.12
118982 -56.8705 -4.87 18.12
115042 -56.8705 -4.87 18.12
117610 -56.8705 -4.87 18.12
