#rtt sig_str x y
121462 -57.1149 -7.53 17.8
128663 -57.1149 -7.53 17.8
124162 -57.1149 -7.53 17.8
126313 -57.1149 -7.53 17.8
130315 -57.1149 -7.53 17.8
124164 -57.1149 -7.53 17.8
125223 -57.1149 -7.53 17.8
125674 -57.1149 -7.53 17.8
128889 -57.1149 -7.53 17.8
120319 -57.1149 -7.53 17.8
126116 -57.1149 -7.53 17.8
134623 -57.1149 -7.53 17.8
130331 -57.1149 -7.53 17.8
129072 -57.1149 -7.53 17.8
130688 -57.1149 -7.53 17.8
131103 -57.1149 -7.53 17.8
127466 -57.1149 -7.53 17.8
127493 -57.1149 -7.53 17.8
129764 -57.1149 -7.53 17.8
123283 -57.1149 -7.53 17.8
126925 -57.1149 -7.53 17.8
125014 -57.1149 -7.53 17.8
124133 -57.1149 -7.53 17.8
132694 -57.1149 -7.53 17.8
125342 -57.1149 -7.53 17.8
127781 -57.1149 -7.53 17.8
123302 -57.1149 -7.53 17.8
129296 -57.1149 -7.53 17.8
134105 -57.1149 -7.53 17.8
136205 -57.1149 -7.53 17.8
124528 -57.1149 -7.53 17.8
115718 -57.1149 -7.53 17.8
135654 -57.1149 -7.53 17.8
129054 -57.1149 -7.53 17.8
126107 -57.1149 -7.53 17.8
128242 -57.1149 -7.53 17.8
129939 -57.1149 -7.53 17.8
128900 -57.1149 -7.53 17.8
126126 -57.1149 -7.53 17.8
232347 -61.5435 27.05 -19
212649 -61.5435 27.05 -19
220562 -61.5435 27.05 -19
220773 -61.5435 27.05 -19
216482 -61.5435 27.05 -19
225232 -61.5435 27.05 -19
216412 -61.5435 27.05 -19
222465 -61.5435 27.05 -19
223585 -61.5435 27.05 -19
216868 -61.5435 27.05 -19
213864 -61.5435 27.05 -19
222220 -61.5435 27.05 -19
217185 -61.5435 27.05 -19
223179 -61.5435 27.05 -19
230908 -61.5435 27.05 -19
223114 -61.5435 27.05 -19
226183 -61.5435 27.05 -19
220951 -61.5435 27.05 -19
229492 -61.5435 27.05 -19
214451 -61.5435 27.05 -19
223562 -61.5435 27.05 -19
228904 -61.5435 27.05 -19
232262 -61.5435 27.05 -19
223007 -61.5435 27.05 -19
225407 -61.5435 27.05 -19
223132 -61.5435 27.05 -19
217233 -61.5435 27.05 -19
215723 -61.5435 27.05 -19
221099 -61.5435 27.05 -19
214494 -61.5435 27.05 -19
230510 -61.5435 27.05 -19
222782 -61.5435 27.05 -19
215754 -61.5435 27.05 -19
228660 -61.5435 27.05 -19
213390 -61.5435 27.05 -19
223375 -61.5435 27.05 -19
214690 -61.5435 27.05 -19
231040 -61.5435 27.05 -19
228043 -61.5435 27.05 -19
150382 -58.1092 13.92 16.78
152030 -58.1092 13.92 16.78
150899 -58.1092 13.92 16.78
149544 -58.1092 13.92 16.78
148440 -58.1092 13.92 16.78
143375 -58.1092 13.92 16.78
153232 -58.1092 13.92 16.78
156403 -58.1092 13.92 16.78
155969 -58.1092 13.92 16.78
157699 -58.1092 13.92 16.78
155144 -58.1092 13.92 16.78
155077 -58.1092 13.92 16.78
152534 -58.1092 13.92 16.78
147939 -58.1092 13.92 16.78
150767 -58.1092 13.92 16.78
151742 -58.1092 13.92 16.78
153782 -58.1092 13.92 16.78
142383 -58.1092 13.92 16.78
153943 -58.1092 13.92 16.78
151984 -58.1092 13.92 16.78
147994 -58.1092 13.92 16.78
149241 -58.1092 13.92 16.78
149433 -58.1092 13.92 16.78
155956 -58.1092 13.92 16.78
152407 -58.1092 13.92 16.78
162025 -58.1092 13.92 16.78
149095 -58.1092 13.92 16.78
144592 -58.1092 13.92 16.78
150934 -58.1092 13.92 16.78
157874 -58.1092 13.92 16.78
153375 -58.1092 13.92 16.78
151045 -58.1092 13.92 16.78
145639 -58.1092 13.92 16.78
153262 -58.1092 13.92 16.78
156267 -58.1092 13.92 16.78
157922 -58.1092 13.92 16.78
151961 -58.1092 13.92 16.78
150198 -58.1092 13.92 16.78
154750 -58.1092 13.92 16.78
51215 -50.1349 5.92 5.81
61376 -50.1349 5.92 5.81
63166 -50.1349 5.92 5.81
59235 -50.1349 5.92 5.81
60399 -50.1349 5.92 5.81
62586 -50.1349 5.92 5.81
60511 -50.1349 5.92 5.81
61171 -50.1349 5.92 5.81
53817 -50.1349 5.92 5.81
52516 -50.1349 5.92 5.81
61852 -50.1349 5.92 5.81
55713 -50.1349 5.92 5.81
56127 -50.1349 5.92 5.81
59835 -50.1349 5.92 5.81
60337 -50.1349 5.92 5.81
58204 -50.1349 5.92 5.81
59120 -50.1349 5.92 5.81
52158 -50.1349 5.92 5.81
59548 -50.1349 5.92 5.81
55857 -50.1349 5.92 5.81
62106 -50.1349 5.92 5.81
54506 -50.1349 5.92 5.81
61861 -50.1349 5.92 5.81
53349 -50.1349 5.92 5.81
58321 -50.1349 5.92 5.81
56805 -50.1349 5.92 5.81
58660 -50.1349 5.92 5.81
48959 -50.1349 5.92 5.81
62590 -50.1349 5.92 5.81
60275 -50.1349 5.92 5.81
56931 -50.1349 5.92 5.81
60048 -50.1349 5.92 5.81
57069 -50.1349 5.92 5.81
57251 -50.1349 5.92 5.81
57038 -50.1349 5.92 5.81
64215 -50.1349 5.92 5.81
59611 -50.1349 5.92 5.81
55269 -50.1349 5.92 5.81
61146 -50.1349 5.92 5.81
136766 -57.7582 -20.64 -3.25
136628 -57.7582 -20.64 -3.25
134968 -57.7582 -20.64 -3.25
145369 -57.7582 -20.64 -3.25
138303 -57.7582 -20.64 -3.25
138288 -57.7582 -20.64 -3.25
129204 -57.7582 -20.64 -3.25
140196 -57.7582 -20.64 -3.25
133385 -57.7582 -20.64 -3.25
139626 -57.7582 -20.64 -3.25
130162 -57.7582 -20.64 -3.25
136924 -57.7582 -20.64 -3.25
139350 -57.7582 -20.64 -3.25
135032 -57.7582 -20.64 -3.25
136578 -57.7582 -20.64 -3.25
134913 -57.7582 -20.64 -3.25
132011 -57.7582 -20.64 -3.25
144959 -57.7582 -20.64 -3.25
134084 -57.7582 -20.64 -3.25
131975 -57.7582 -20.64 -3.25
134965 -57.7582 -20.64 -3.25
128767 -57.7582 -20.64 -3.25
140314 -57.7582 -20.64 -3.25
138077 -57.7582 -20.64 -3.25
138266 -57.7582 -20.64 -3.25
135158 -57.7582 -20.64 -3.25
134184 -57.7582 -20.64 -3.25
137535 -57.7582 -20.64 -3.25
138378 -57.7582 -20.64 -3.25
127214 -57.7582 -20.64 -3.25
133575 -57.7582 -20.64 -3.25
145070 -57.7582 -20.64 -3.25
140004 -57.7582 -20.64 -3.25
134051 -57.7582 -20.64 -3.25
127414 -57.7582 -20.64 -3.25
130864 -57.7582 -20.64 -3.25
132982 -57.7582 -20.64 -3.25
138084 -57.7582 -20.64 -3.25
140992 -57.7582 -20.64 -3.25
206335 -61.188 -20.64 -24.01
208704 -61.188 -20.64 -24.01
209979 -61.188 -20.64 -24.01
209649 -61.188 -20.64 -24.01
212551 -61.188 -20.64 -24.01
216124 -61.188 -20.64 -24.01
213665 -61.188 -20.64 -24.01
208698 -61.188 -20.64 -24.01
202796 -61.188 -20.64 -24.01
205333 -61.188 -20.64 -24.01
214889 -61.188 -20.64 -24.01
214068 -61.188 -20.64 -24.01
206059 -61.188 -20.64 -24.01
208115 -61.188 -20.64 -24.01
205425 -61.188 -20.64 -24.01
219130 -61.188 -20.64 -24.01
208719 -61.188 -20.64 -24.01
210383 -61.188 -20.64 -24.01
214759 -61.188 -20.64 -24.01
214057 -61.188 -20.64 -24.01
202665 -61.188 -20.64 -24.01
212903 -61.188 -20.64 -24.01
206010 -61.188 -20.64 -24.01
210127 -61.188 -20.64 -24.01
203718 -61.188 -20.64 -24.01
207457 -61.188 -20.64 -24.01
214027 -61.188 -20.64 -24.01
207536 -61.188 -20.64 -24.01
216345 -61.188 -20.64 -24.01
214090 -61.188 -20.64 -24.01
210677 -61.188 -20.64 -24.01
206186 -61.188 -20.64 -24.01
214331 -61.188 -20.64 -24.01
211880 -61.188 -20.64 -24.01
211439 -61.188 -20.64 -24.01
209019 -61.188 -20.64 -24.01
209433 -61.188 -20.64 -24.01
209041 -61.188 -20.64 -24.01
209052 -61.188 -20.64 -24.01
169239 -59.7607 -26.52 -2.45
167733 -59.7607 -26.52 -2.45
171517 -59.7607 -26.52 -2.45
174549 -59.7607 -26.52 -2.45
167731 -59.7607 -26.52 -2.45
172243 -59.7607 -26.52 -2.45
175198 -59.7607 -26.52 -2.45
163021 -59.7607 -26.52 -2.45
173661 -59.7607 -26.52 -2.45
166895 -59.7607 -26.52 -2.45
168689 -59.7607 -26.52 -2.45
168577 -59.7607 -26.52 -2.45
162466 -59.7607 -26.52 -2.45
167441 -59.7607 -26.52 -2.45
173903 -59.7607 -26.52 -2.45
168478 -59.7607 -26.52 -2.45
170598 -59.7607 -26.52 -2.45
167061 -59.7607 -26.52 -2.45
175376 -59.7607 -26.52 -2.45
167913 -59.7607 -26.52 -2.45
167574 -59.7607 -26.52 -2.45
173694 -59.7607 -26.52 -2.45
166318 -59.7607 -26.52 -2.45
171505 -59.7607 -26.52 -2.45
173459 -59.7607 -26.52 -2.45
158887 -59.7607 -26.52 -2.45
174218 -59.7607 -26.52 -2.45
170867 -59.7607 -26.52 -2.45
171407 -59.7607 -26.52 -2.45
174599 -59.7607 -26.52 -2.45
174586 -59.7607 -26.52 -2.45
171220 -59.7607 -26.52 -2.45
166890 -59.7607 -26.52 -2.45
170451 -59.7607 -26.52 -2.45
169347 -59.7607 -26.52 -2.45
171181 -59.7607 -26.52 -2.45
164369 -59.7607 -26.52 -2.45
173375 -59.7607 -26.52 -2.45
168960 -59.7607 -26.52 -2.45
159941 -58.9465 21.97 -9.98
165262 -58.9465 21.97 -9.98
164636 -58.9465 21.97 -9.98
164466 -58.9465 21.97 -9.98
158142 -58.9465 21.97 -9.98
156775 -58.9465 21.97 -9.98
165732 -58.9465 21.97 -9.98
160180 -58.9465 21.97 -9.98
163502 -58.9465 21.97 -9.98
158958 -58.9465 21.97 -9.98
161082 -58.9465 21.97 -9.98
157589 -58.9465 21.97 -9.98
164095 -58.9465 21.97 -9.98
164277 -58.9465 21.97 -9.98
168258 -58.9465 21.97 -9.98
164465 -58.9465 21.97 -9.98
155735 -58.9465 21.97 -9.98
163926 -58.9465 21.97 -9.98
168106 -58.9465 21.97 -9.98
153926 -58.9465 21.97 -9.98
165896 -58.9465 21.97 -9.98
159855 -58.9465 21.97 -9.98
164448 -58.9465 21.97 -9.98
160907 -58.9465 21.97 -9.98
164943 -58.9465 21.97 -9.98
171691 -58.9465 21.97 -9.98
165244 -58.9465 21.97 -9.98
161376 -58.9465 21.97 -9.98
162451 -58.9465 21.97 -9.98
165036 -58.9465 21.97 -9.98
155911 -58.9465 21.97 -9.98
169105 -58.9465 21.97 -9.98
169230 -58.9465 21.97 -9.98
162295 -58.9465 21.97 -9.98
160586 -58.9465 21.97 -9.98
165378 -58.9465 21.97 -9.98
160363 -58.9465 21.97 -9.98
165121 -58.9465 21.97 -9.98
161427 -58.9465 21.97 -9.98
150101 -58.2855 6.07 -21.43
150718 -58.2855 6.07 -21.43
152060 -58.2855 6.07 -21.43
150739 -58.2855 6.07 -21.43
145193 -58.2855 6.07 -21.43
159045 -58.2855 6.07 -21.43
158826 -58.2855 6.07 -21.43
151539 -58.2855 6.07 -21.43
149134 -58.2855 6.07 -21.43
153883 -58.2855 6.07 -21.43
150056 -58.2855 6.07 -21.43
154105 -58.2855 6.07 -21.43
149005 -58.2855 6.07 -21.43
149823 -58.2855 6.07 -21.43
156151 -58.2855 6.07 -21.43
149191 -58.2855 6.07 -21.43
146653 -58.2855 6.07 -21.43
149664 -58.2855 6.07 -21.43
151598 -58.2855 6.07 -21.43
153082 -58.2855 6.07 -21.43
159807 -58.2855 6.07 -21.43
156763 -58.2855 6.07 -21.43
150070 -58.2855 6.07 -21.43
147381 -58.2855 6.07 -21.43
148461 -58.2855 6.07 -21.43
160064 -58.2855 6.07 -21.43
153553 -58.2855 6.07 -21.43
152477 -58.2855 6.07 -21.43
152920 -58.2855 6.07 -21.43
148716 -58.2855 6.07 -21.43
151935 -58.2855 6.07 -21.43
150468 -58.2855 6.07 -21.43
159726 -58.2855 6.07 -21.43
151492 -58.2855 6.07 -21.43
152700 -58.2855 6.07 -21.43
157253 -58.2855 6.07 -21.43
153530 -58.2855 6.07 -21.43
148728 -58.2855 6.07 -21.43
152157 -58.2855 6.07 -21.43
100431 -55.2535 12.49 9.05
99705 -55.2535 12.49 9.05
99058 -55.2535 12.49 9.05
86285 -55.2535 12.49 9.05
97551 -55.2535 12.49 9.05
95117 -55.2535 12.49 9.05
94952 -55.2535 12.49 9.05
96131 -55.2535 12.49 9.05
93524 -55.2535 12.49 9.05
101451 -55.2535 12.49 9.05
101008 -55.2535 12.49 9.05
93143 -55.2535 12.49 9.05
94025 -55.2535 12.49 9.05
98196 -55.2535 12.49 9.05
95108 -55.2535 12.49 9.05
95868 -55.2535 12.49 9.05
93401 -55.2535 12.49 9.05
91826 -55.2535 12.49 9.05
101586 -55.2535 12.49 9.05
100199 -55.2535 12.49 9.05
94373 -55.2535 12.49 9.05
94086 -55.2535 12.49 9.05
93570 -55.2535 12.49 9.05
100544 -55.2535 12.49 9.05
93410 -55.2535 12.49 9.05
87786 -55.2535 12.49 9.05
100593 -55.2535 12.49 9.05
101219 -55.2535 12.49 9.05
95742 -55.2535 12.49 9.05
102947 -55.2535 12.49 9.05
93117 -55.2535 12.49 9.05
100122 -55.2535 12.49 9.05
96327 -55.2535 12.49 9.05
98515 -55.2535 12.49 9.05
104194 -55.2535 12.49 9.05
93722 -55.2535 12.49 9.05
102027 -55.2535 12.49 9.05
94174 -55.2535 12.49 9.05
91341 -55.2535 12.49 9.05
