#rtt sig_str x y
148702 -58.5866 -23.1 -0.19
136292 -58.5866 -23.1 -0.19
145787 -58.5866 -23.1 -0.19
146159 -58.5866 -23.1 -0.19
151797 -58.5866 -23.1 -0.19
148851 -58.5866 -23.1 -0.19
145138 -58.5866 -23.1 -0.19
147845 -58.5866 -23.1 -0.19
157286 -58.5866 -23.1 -0.19
151418 -58.5866 -23.1 -0.19
150039 -58.5866 -23.1 -0.19
151807 -58.5866 -23.1 -0.19
147673 -58.5866 -23.1 -0.19
146037 -58.5866 -23.1 -0.19
152540 -58.5866 -23.1 -0.19
149111 -58.5866 -23.1 -0.19
143493 -58.5866 -23.1 -0.19
148658 -58.5866 -23.1 -0.19
144360 -58.5866 -23.1 -0.19
147133 -58.5866 -23.1 -0.19
149954 -58.5866 -23.1 -0.19
154252 -58.5866 -23.1 -0.19
153027 -58.5866 -23.1 -0.19
145740 -58.5866 -23.1 -0.19
144943 -58.5866 -23.1 -0.19
141672 -58.5866 -23.1 -0.19
146955 -58.5866 -23.1 -0.19
150608 -58.5866 -23.1 -0.19
147849 -58.5866 -23.1 -0.19
157409 -58.5866 -23.1 -0.19
139912 -58.5866 -23.1 -0.19
151752 -58.5866 -23.1 -0.19
153245 -58.5866 -23.1 -0.19
149917 -58.5866 -23.1 -0.19
147972 -58.5866 -23.1 -0.19
146504 -58.5866 -23.1 -0.19
143938 -58.5866 -23.1 -0.19
151625 -58.5866 -23.1 -0.19
153179 -58.5866 -23.1 -0.19
169275 -59.1435 6.55 -23.83
175885 -59.1435 6.55 -23.83
173256 -59.1435 6.55 -23.83
167714 -59.1435 6.55 -23.83
167445 -59.1435 6.55 -23.83
165118 -59.1435 6.55 -23.83
174511 -59.1435 6.55 -23.83
169636 -59.1435 6.55 -23.83
165111 -59.1435 6.55 -23.83
165611 -59.1435 6.55 -23.83
168092 -59.1435 6.55 -23.83
166506 -59.1435 6.55 -23.83
168173 -59.1435 6.55 -23.83
178377 -59.1435 6.55 -23.83
170565 -59.1435 6.55 -23.83
175342 -59.1435 6.55 -23.83
165057 -59.1435 6.55 -23.83
175066 -59.1435 6.55 -23.83
172575 -59.1435 6.55 -23.83
170255 -59.1435 6.55 -23.83
173963 -59.1435 6.55 -23.83
174234 -59.1435 6.55 -23.83
169644 -59.1435 6.55 -23.83
174141 -59.1435 6.55 -23.83
168182 -59.1435 6.55 -23.83
166572 -59.1435 6.55 -23.83
169467 -59.1435 6.55 -23.83
176529 -59.1435 6.55 -23.83
174007 -59.1435 6.55 -23.83
172588 -59.1435 6.55 -23.83
161012 -59.1435 6.55 -23.83
167201 -59.1435 6.55 -23.83
181729 -59.1435 6.55 -23.83
175342 -59.1435 6.55 -23.83
169305 -59.1435 6.55 -23.83
167084 -59.1435 6.55 -23.83
173151 -59.1435 6.55 -23.83
174123 -59.1435 6.55 -23.83
166403 -59.1435 6.55 -23.83
213982 -60.871 -22 -21.08
219889 -60.871 -22 -21.08
218204 -60.871 -22 -21.08
223753 -60.871 -22 -21.08
222137 -60.871 -22 -21.08
220958 -60.871 -22 -21.08
220346 -60.871 -22 -21.08
218649 -60.871 -22 -21.08
213208 -60.871 -22 -21.08
214653 -60.871 -22 -21.08
213310 -60.871 -22 -21.08
215671 -60.871 -22 -21.08
215544 -60.871 -22 -21.08
209715 -60.871 -22 -21.08
211506 -60.871 -22 -21.08
220662 -60.871 -22 -21.08
219467 -60.871 -22 -21.08
222482 -60.871 -22 -21.08
218289 -60.871 -22 -21.08
215799 -60.871 -22 -21.08
219489 -60.871 -22 -21.08
218837 -60.871 -22 -21.08
208652 -60.871 -22 -21.08
219402 -60.871 -22 -21.08
215851 -60.871 -22 -21.08
215320 -60.871 -22 -21.08
218697 -60.871 -22 -21.08
212646 -60.871 -22 -21.08
219861 -60.871 -22 -21.08
214474 -60.871 -22 -21.08
214192 -60.871 -22 -21.08
211414 -60.871 -22 -21.08
217971 -60.871 -22 -21.08
220450 -60.871 -22 -21.08
222198 -60.871 -22 -21.08
210963 -60.871 -22 -21.08
215827 -60.871 -22 -21.08
215447 -60.871 -22 -21.08
225194 -60.871 -22 -21.08
171870 -59.2696 -15.57 -19.68
171629 -59.2696 -15.57 -19.68
172269 -59.2696 -15.57 -19.68
171265 -59.2696 -15.57 -19.68
164210 -59.2696 -15.57 -19.68
170424 -59.2696 -15.57 -19.68
171615 -59.2696 -15.57 -19.68
165423 -59.2696 -15.57 -19.68
178636 -59.2696 -15.57 -19.68
178099 -59.2696 -15.57 -19.68
170099 -59.2696 -15.57 -19.68
170938 -59.2696 -15.57 -19.68
170170 -59.2696 -15.57 -19.68
172096 -59.2696 -15.57 -19.68
173098 -59.2696 -15.57 -19.68
167483 -59.2696 -15.57 -19.68
168645 -59.2696 -15.57 -19.68
163781 -59.2696 -15.57 -19.68
170413 -59.2696 -15.57 -19.68
163784 -59.2696 -15.57 -19.68
171176 -59.2696 -15.57 -19.68
168576 -59.2696 -15.57 -19.68
169084 -59.2696 -15.57 -19.68
176473 -59.2696 -15.57 -19.68
167777 -59.2696 -15.57 -19.68
171573 -59.2696 -15.57 -19.68
170599 -59.2696 -15.57 -19.68
173495 -59.2696 -15.57 -19.68
170263 -59.2696 -15.57 -19.68
170952 -59.2696 -15.57 -19.68
172809 -59.2696 -15.57 -19.68
173563 -59.2696 -15.57 -19.68
169343 -59.2696 -15.57 -19.68
162251 -59.2696 -15.57 -19.68
170669 -59.2696 -15.57 -19.68
173698 -59.2696 -15.57 -19.68
160473 -59.2696 -15.57 -19.68
169133 -59.2696 -15.57 -19.68
168879 -59.2696 -15.57 -19.68
148546 -57.9388 -10.37 18.67
136599 -57.9388 -10.37 18.67
144220 -57.9388 -10.37 18.67
151995 -57.9388 -10.37 18.67
145646 -57.9388 -10.37 18.67
142588 -57.9388 -10.37 18.67
146013 -57.9388 -10.37 18.67
139199 -57.9388 -10.37 18.67
144404 -57.9388 -10.37 18.67
145871 -57.9388 -10.37 18.67
146249 -57.9388 -10.37 18.67
147143 -57.9388 -10.37 18.67
144896 -57.9388 -10.37 18.67
144241 -57.9388 -10.37 18.67
146652 -57.9388 -10.37 18.67
143555 -57.9388 -10.37 18.67
143579 -57.9388 -10.37 18.67
148914 -57.9388 -10.37 18.67
142909 -57.9388 -10.37 18.67
141214 -57.9388 -10.37 18.67
146608 -57.9388 -10.37 18.67
137779 -57.9388 -10.37 18.67
143255 -57.9388 -10.37 18.67
142132 -57.9388 -10.37 18.67
142254 -57.9388 -10.37 18.67
145380 -57.9388 -10.37 18.67
139050 -57.9388 -10.37 18.67
137457 -57.9388 -10.37 18.67
138590 -57.9388 -10.37 18.67
144911 -57.9388 -10.37 18.67
145288 -57.9388 -10.37 18.67
137085 -57.9388 -10.37 18.67
140355 -57.9388 -10.37 18.67
138403 -57.9388 -10.37 18.67
139096 -57.9388 -10.37 18.67
148922 -57.9388 -10.37 18.67
147274 -57.9388 -10.37 18.67
138588 -57.9388 -10.37 18.67
146221 -57.9388 -10.37 18.67
218952 -61.6293 21.55 -25.52
225095 -61.6293 21.55 -25.52
222783 -61.6293 21.55 -25.52
221359 -61.6293 21.55 -25.52
205300 -61.6293 21.55 -25.52
218726 -61.6293 21.55 -25.52
223170 -61.6293 21.55 -25.52
225109 -61.6293 21.55 -25.52
224846 -61.6293 21.55 -25.52
218501 -61.6293 21.55 -25.52
222235 -61.6293 21.55 -25.52
226003 -61.6293 21.55 -25.52
228123 -61.6293 21.55 -25.52
222639 -61.6293 21.55 -25.52
221963 -61.6293 21.55 -25.52
222874 -61.6293 21.55 -25.52
224292 -61.6293 21.55 -25.52
223752 -61.6293 21.55 -25.52
220398 -61.6293 21.55 -25.52
223920 -61.6293 21.55 -25.52
220818 -61.6293 21.55 -25.52
227265 -61.6293 21.55 -25.52
219149 -61.6293 21.55 -25.52
219624 -61.6293 21.55 -25.52
228124 -61.6293 21.55 -25.52
214812 -61.6293 21.55 -25.52
224461 -61.6293 21.55 -25.52
219671 -61.6293 21.55 -25.52
223794 -61.6293 21.55 -25.52
230182 -61.6293 21.55 -25.52
226937 -61.6293 21.55 -25.52
210955 -61.6293 21.55 -25.52
221603 -61.6293 21.55 -25.52
212283 -61.6293 21.55 -25.52
231953 -61.6293 21.55 -25.52
224461 -61.6293 21.55 -25.52
223835 -61.6293 21.55 -25.52
223605 -61.6293 21.55 -25.52
220777 -61.6293 21.55 -25.52
198303 -60.4813 9.97 -27.3
196598 -60.4813 9.97 -27.3
200244 -60.4813 9.97 -27.3
192327 -60.4813 9.97 -27.3
199836 -60.4813 9.97 -27.3
203432 -60.4813 9.97 -27.3
199915 -60.4813 9.97 -27.3
205565 -60.4813 9.97 -27.3
204168 -60.4813 9.97 -27.3
196195 -60.4813 9.97 -27.3
196790 -60.4813 9.97 -27.3
195142 -60.4813 9.97 -27.3
199298 -60.4813 9.97 -27.3
200044 -60.4813 9.97 -27.3
206502 -60.4813 9.97 -27.3
198525 -60.4813 9.97 -27.3
196901 -60.4813 9.97 -27.3
197781 -60.4813 9.97 -27.3
199534 -60.4813 9.97 -27.3
196873 -60.4813 9.97 -27.3
201562 -60.4813 9.97 -27.3
201320 -60.4813 9.97 -27.3
195879 -60.4813 9.97 -27.3
197218 -60.4813 9.97 -27.3
199399 -60.4813 9.97 -27.3
197286 -60.4813 9.97 -27.3
195857 -60.4813 9.97 -27.3
195983 -60.4813 9.97 -27.3
201874 -60.4813 9.97 -27.3
204419 -60.4813 9.97 -27.3
197925 -60.4813 9.97 -27.3
197171 -60.4813 9.97 -27.3
196670 -60.4813 9.97 -27.3
200258 -60.4813 9.97 -27.3
199653 -60.4813 9.97 -27.3
204657 -60.4813 9.97 -27.3
197373 -60.4813 9.97 -27.3
194722 -60.4813 9.97 -27.3
201646 -60.4813 9.97 -27.3
43271 -48.9314 2.47 6.73
48513 -48.9314 2.47 6.73
43232 -48.9314 2.47 6.73
46651 -48.9314 2.47 6.73
44666 -48.9314 2.47 6.73
49725 -48.9314 2.47 6.73
41916 -48.9314 2.47 6.73
42665 -48.9314 2.47 6.73
40641 -48.9314 2.47 6.73
45285 -48.9314 2.47 6.73
43647 -48.9314 2.47 6.73
44831 -48.9314 2.47 6.73
44522 -48.9314 2.47 6.73
44914 -48.9314 2.47 6.73
40834 -48.9314 2.47 6.73
53620 -48.9314 2.47 6.73
44583 -48.9314 2.47 6.73
40315 -48.9314 2.47 6.73
41547 -48.9314 2.47 6.73
52031 -48.9314 2.47 6.73
40090 -48.9314 2.47 6.73
37316 -48.9314 2.47 6.73
41729 -48.9314 2.47 6.73
43203 -48.9314 2.47 6.73
47073 -48.9314 2.47 6.73
44430 -48.9314 2.47 6.73
46908 -48.9314 2.47 6.73
44911 -48.9314 2.47 6.73
44474 -48.9314 2.47 6.73
42906 -48.9314 2.47 6.73
43932 -48.9314 2.47 6.73
49996 -48.9314 2.47 6.73
44156 -48.9314 2.47 6.73
45182 -48.9314 2.47 6.73
42632 -48.9314 2.47 6.73
40025 -48.9314 2.47 6.73
38848 -48.9314 2.47 6.73
42681 -48.9314 2.47 6.73
49544 -48.9314 2.47 6.73
181380 -60.4139 -28.26 5.69
180027 -60.4139 -28.26 5.69
181277 -60.4139 -28.26 5.69
185377 -60.4139 -28.26 5.69
181071 -60.4139 -28.26 5.69
191994 -60.4139 -28.26 5.69
179798 -60.4139 -28.26 5.69
186711 -60.4139 -28.26 5.69
180276 -60.4139 -28.26 5.69
185939 -60.4139 -28.26 5.69
183520 -60.4139 -28.26 5.69
183625 -60.4139 -28.26 5.69
183251 -60.4139 -28.26 5.69
184684 -60.4139 -28.26 5.69
175637 -60.4139 -28.26 5.69
184514 -60.4139 -28.26 5.69
180663 -60.4139 -28.26 5.69
185339 -60.4139 -28.26 5.69
182232 -60.4139 -28.26 5.69
187975 -60.4139 -28.26 5.69
186736 -60.4139 -28.26 5.69
177038 -60.4139 -28.26 5.69
175048 -60.4139 -28.26 5.69
189527 -60.4139 -28.26 5.69
183737 -60.4139 -28.26 5.69
182659 -60.4139 -28.26 5.69
185198 -60.4139 -28.26 5.69
179401 -60.4139 -28.26 5.69
190630 -60.4139 -28.26 5.69
185088 -60.4139 -28.26 5.69
182846 -60.4139 -28.26 5.69
180555 -60.4139 -28.26 5.69
190390 -60.4139 -28.26 5.69
181610 -60.4139 -28.26 5.69
180122 -60.4139 -28.26 5.69
187583 -60.4139 -28.26 5.69
180872 -60.4139 -28.26 5.69
178960 -60.4139 -28.26 5.69
175919 -60.4139 -28.26 5.69
134992 -57.6078 14.03 -14.97
138846 -57.6078 14.03 -14.97
142090 -57.6078 14.03 -14.97
140956 -57.6078 14.03 -14.97
139533 -57.6078 14.03 -14.97
135068 -57.6078 14.03 -14.97
129374 -57.6078 14.03 -14.97
141666 -57.6078 14.03 -14.97
137205 -57.6078 14.03 -14.97
143955 -57.6078 14.03 -14.97
134156 -57.6078 14.03 -14.97
134307 -57.6078 14.03 -14.97
137652 -57.6078 14.03 -14.97
130473 -57.6078 14.03 -14.97
135792 -57.6078 14.03 -14.97
137725 -57.6078 14.03 -14.97
131334 -57.6078 14.03 -14.97
136055 -57.6078 14.03 -14.97
139809 -57.6078 14.03 -14.97
137027 -57.6078 14.03 -14.97
130969 -57.6078 14.03 -14.97
134324 -57.6078 14.03 -14.97
135344 -57.6078 14.03 -14.97
137886 -57.6078 14.03 -14.97
134786 -57.6078 14.03 -14.97
137584 -57.6078 14.03 -14.97
138471 -57.6078 14.03 -14.97
135248 -57.6078 14.03 -14.97
137797 -57.6078 14.03 -14.97
139092 -57.6078 14.03 -14.97
130115 -57.6078 14.03 -14.97
137709 -57.6078 14.03 -14.97
132754 -57.6078 14.03 -14.97
136756 -57.6078 14.03 -14.97
136351 -57.6078 14.03 -14.97
135295 -57.6078 14.03 -14.97
130514 -57.6078 14.03 -14.97
135194 -57.6078 14.03 -14.97
135043 -57.6078 14.03 -14.97
