#rtt sig_str x y
141446 -57.5987 20.09 -4.05
142995 -57.5987 20.09 -4.05
142431 -57.5987 20.09 -4.05
135368 -57.5987 20.09 -4.05
146374 -57.5987 20.09 -4.05
141916 -57.5987 20.09 -4.05
150905 -57.5987 20.09 -4.05
144121 -57.5987 20.09 -4.05
145708 -57.5987 20.09 -4.05
139409 -57.5987 20.09 -4.05
142662 -57.5987 20.09 -4.05
150478 -57.5987 20.09 -4.05
144285 -57.5987 20.09 -4.05
137312 -57.5987 20.09 -4.05
140756 -57.5987 20.09 -4.05
144275 -57.5987 20.09 -4.05
147846 -57.5987 20.09 -4.05
140657 -57.5987 20.09 -4.05
136477 -57.5987 20.09 -4.05
142341 -57.5987 20.09 -4.05
148896 -57.5987 20.09 -4.05
146504 -57.5987 20.09 -4.05
145758 -57.5987 20.09 -4.05
138991 -57.5987 20.09 -4.05
140252 -57.5987 20.09 -4.05
141640 -57.5987 20.09 -4.05
138521 -57.5987 20.09 -4.05
147749 -57.5987 20.09 -4.05
148528 -57.5987 20.09 -4.05
150358 -57.5987 20.09 -4.05
139548 -57.5987 20.09 -4.05
136378 -57.5987 20.09 -4.05
148412 -57.5987 20.09 -4.05
142799 -57.5987 20.09 -4.05
149231 -57.5987 20.09 -4.05
142289 -57.5987 20.09 -4.05
137030 -57.5987 20.09 -4.05
145002 -57.5987 20.09 -4.05
143577 -57.5987 20.09 -4.05
238823 -62.4227 -23.72 -28.1
242448 -62.4227 -23.72 -28.1
238199 -62.4227 -23.72 -28.1
242455 -62.4227 -23.72 -28.1
246640 -62.4227 -23.72 -28.1
245930 -62.4227 -23.72 -28.1
245269 -62.4227 -23.72 -28.1
239192 -62.4227 -23.72 -28.1
241962 -62.4227 -23.72 -28.1
234611 -62.4227 -23.72 -28.1
243286 -62.4227 -23.72 -28.1
244073 -62.4227 -23.72 -28.1
234679 -62.4227 -23.72 -28.1
244495 -62.4227 -23.72 -28.1
236246 -62.4227 -23.72 -28.1
243321 -62.4227 -23.72 -28.1
238715 -62.4227 -23.72 -28.1
238763 -62.4227 -23.72 -28.1
248811 -62.4227 -23.72 -28.1
229848 -62.4227 -23.72 -28.1
240609 -62.4227 -23.72 -28.1
237861 -62.4227 -23.72 -28.1
237866 -62.4227 -23.72 -28.1
233840 -62.4227 -23.72 -28.1
243609 -62.4227 -23.72 -28.1
236645 -62.4227 -23.72 -28.1
232869 -62.4227 -23.72 -28.1
227423 -62.4227 -23.72 -28.1
234839 -62.4227 -23.72 -28.1
245897 -62.4227 -23.72 -28.1
234866 -62.4227 -23.72 -28.1
240334 -62.4227 -23.72 -28.1
244792 -62.4227 -23.72 -28.1
235439 -62.4227 -23.72 -28.1
242242 -62.4227 -23.72 -28.1
249926 -62.4227 -23.72 -28.1
235920 -62.4227 -23.72 -28.1
238745 -62.4227 -23.72 -28.1
238933 -62.4227 -23.72 -28.1
103160 -55.8413 14.68 7.67
112328 -55.8413 14.68 7.67
104391 -55.8413 14.68 7.67
105566 -55.8413 14.68 7.67
109567 -55.8413 14.68 7.67
106199 -55.8413 14.68 7.67
107689 -55.8413 14.68 7.67
105929 -55.8413 14.68 7.67
106339 -55.8413 14.68 7.67
113183 -55.8413 14.68 7.67
98388 -55.8413 14.68 7.67
107436 -55.8413 14.68 7.67
106342 -55.8413 14.68 7.67
89761 -55.8413 14.68 7.67
104454 -55.8413 14.68 7.67
103594 -55.8413 14.68 7.67
104314 -55.8413 14.68 7.67
102026 -55.8413 14.68 7.67
106184 -55.8413 14.68 7.67
105867 -55.8413 14.68 7.67
109707 -55.8413 14.68 7.67
102387 -55.8413 14.68 7.67
104222 -55.8413 14.68 7.67
101939 -55.8413 14.68 7.67
104762 -55.8413 14.68 7.67
104686 -55.8413 14.68 7.67
104740 -55.8413 14.68 7.67
109110 -55.8413 14.68 7.67
107985 -55.8413 14.68 7.67
102332 -55.8413 14.68 7.67
111878 -55.8413 14.68 7.67
106761 -55.8413 14.68 7.67
105996 -55.8413 14.68 7.67
100640 -55.8413 14.68 7.67
107779 -55.8413 14.68 7.67
100044 -55.8413 14.68 7.67
102466 -55.8413 14.68 7.67
104572 -55.8413 14.68 7.67
99126 -55.8413 14.68 7.67
144360 -57.6839 -8.37 -18.94
139827 -57.6839 -8.37 -18.94
141284 -57.6839 -8.37 -18.94
138241 -57.6839 -8.37 -18.94
144105 -57.6839 -8.37 -18.94
129944 -57.6839 -8.37 -18.94
141235 -57.6839 -8.37 -18.94
135622 -57.6839 -8.37 -18.94
139057 -57.6839 -8.37 -18.94
133718 -57.6839 -8.37 -18.94
138310 -57.6839 -8.37 -18.94
135980 -57.6839 -8.37 -18.94
142712 -57.6839 -8.37 -18.94
137101 -57.6839 -8.37 -18.94
137742 -57.6839 -8.37 -18.94
140935 -57.6839 -8.37 -18.94
141888 -57.6839 -8.37 -18.94
136710 -57.6839 -8.37 -18.94
141703 -57.6839 -8.37 -18.94
141544 -57.6839 -8.37 -18.94
130723 -57.6839 -8.37 -18.94
136682 -57.6839 -8.37 -18.94
139301 -57.6839 -8.37 -18.94
137457 -57.6839 -8.37 -18.94
141734 -57.6839 -8.37 -18.94
141839 -57.6839 -8.37 -18.94
137408 -57.6839 -8.37 -18.94
133306 -57.6839 -8.37 -18.94
136857 -57.6839 -8.37 -18.94
136475 -57.6839 -8.37 -18.94
136694 -57.6839 -8.37 -18.94
139071 -57.6839 -8.37 -18.94
141351 -57.6839 -8.37 -18.94
136856 -57.6839 -8.37 -18.94
146978 -57.6839 -8.37 -18.94
135947 -57.6839 -8.37 -18.94
139243 -57.6839 -8.37 -18.94
141605 -57.6839 -8.37 -18.94
132207 -57.6839 -8.37 -18.94
106229 -54.9412 -8.44 -12.22
110374 -54.9412 -8.44 -12.22
109077 -54.9412 -8.44 -12.22
106893 -54.9412 -8.44 -12.22
109798 -54.9412 -8.44 -12.22
105499 -54.9412 -8.44 -12.22
110793 -54.9412 -8.44 -12.22
112237 -54.9412 -8.44 -12.22
108320 -54.9412 -8.44 -12.22
110859 -54.9412 -8.44 -12.22
104406 -54.9412 -8.44 -12.22
105789 -54.9412 -8.44 -12.22
107317 -54.9412 -8.44 -12.22
109633 -54.9412 -8.44 -12.22
103255 -54.9412 -8.44 -12.22
104414 -54.9412 -8.44 -12.22
105105 -54.9412 -8.44 -12.22
105261 -54.9412 -8.44 -12.22
106830 -54.9412 -8.44 -12.22
104242 -54.9412 -8.44 -12.22
103997 -54.9412 -8.44 -12.22
102258 -54.9412 -8.44 -12.22
108174 -54.9412 -8.44 -12.22
98320 -54.9412 -8.44 -12.22
112585 -54.9412 -8.44 -12.22
99005 -54.9412 -8.44 -12.22
106893 -54.9412 -8.44 -12.22
107253 -54.9412 -8.44 -12.22
105241 -54.9412 -8.44 -12.22
103519 -54.9412 -8.44 -12.22
108710 -54.9412 -8.44 -12.22
110508 -54.9412 -8.44 -12.22
107365 -54.9412 -8.44 -12.22
99611 -54.9412 -8.44 -12.22
107052 -54.9412 -8.44 -12.22
102363 -54.9412 -8.44 -12.22
103136 -54.9412 -8.44 -12.22
116189 -54.9412 -8.44 -12.22
104162 -54.9412 -8.44 -12.22
117088 -55.5497 6.56 -14.58
114004 -55.5497 6.56 -14.58
110916 -55.5497 6.56 -14.58
111180 -55.5497 6.56 -14.58
113033 -55.5497 6.56 -14.58
109832 -55.5497 6.56 -14.58
115778 -55.5497 6.56 -14.58
112882 -55.5497 6.56 -14.58
118453 -55.5497 6.56 -14.58
110793 -55.5497 6.56 -14.58
110514 -55.5497 6.56 -14.58
119965 -55.5497 6.56 -14.58
105912 -55.5497 6.56 -14.58
118870 -55.5497 6.56 -14.58
120042 -55.5497 6.56 -14.58
110835 -55.5497 6.56 -14.58
111188 -55.5497 6.56 -14.58
113844 -55.5497 6.56 -14.58
118697 -55.5497 6.56 -14.58
110208 -55.5497 6.56 -14.58
110138 -55.5497 6.56 -14.58
108493 -55.5497 6.56 -14.58
111433 -55.5497 6.56 -14.58
114842 -55.5497 6.56 -14.58
115706 -55.5497 6.56 -14.58
108806 -55.5497 6.56 -14.58
111225 -55.5497 6.56 -14.58
109167 -55.5497 6.56 -14.58
108969 -55.5497 6.56 -14.58
107256 -55.5497 6.56 -14.58
109740 -55.5497 6.56 -14.58
109570 -55.5497 6.56 -14.58
115898 -55.5497 6.56 -14.58
108917 -55.5497 6.56 -14.58
118420 -55.5497 6.56 -14.58
113977 -55.5497 6.56 -14.58
109915 -55.5497 6.56 -14.58
113893 -55.5497 6.56 -14.58
108788 -55.5497 6.56 -14.58
84211 -53.5444 -6.37 10.8
88347 -53.5444 -6.37 10.8
75844 -53.5444 -6.37 10.8
86715 -53.5444 -6.37 10.8
85934 -53.5444 -6.37 10.8
95063 -53.5444 -6.37 10.8
87025 -53.5444 -6.37 10.8
87126 -53.5444 -6.37 10.8
86293 -53.5444 -6.37 10.8
88298 -53.5444 -6.37 10.8
85001 -53.5444 -6.37 10.8
86359 -53.5444 -6.37 10.8
81418 -53.5444 -6.37 10.8
85422 -53.5444 -6.37 10.8
88445 -53.5444 -6.37 10.8
85028 -53.5444 -6.37 10.8
84488 -53.5444 -6.37 10.8
88429 -53.5444 -6.37 10.8
92596 -53.5444 -6.37 10.8
84896 -53.5444 -6.37 10.8
77345 -53.5444 -6.37 10.8
90393 -53.5444 -6.37 10.8
92608 -53.5444 -6.37 10.8
87813 -53.5444 -6.37 10.8
91217 -53.5444 -6.37 10.8
87695 -53.5444 -6.37 10.8
85093 -53.5444 -6.37 10.8
94009 -53.5444 -6.37 10.8
89581 -53.5444 -6.37 10.8
92129 -53.5444 -6.37 10.8
87435 -53.5444 -6.37 10.8
87133 -53.5444 -6.37 10.8
97047 -53.5444 -6.37 10.8
84769 -53.5444 -6.37 10.8
83040 -53.5444 -6.37 10.8
89967 -53.5444 -6.37 10.8
91262 -53.5444 -6.37 10.8
82354 -53.5444 -6.37 10.8
92934 -53.5444 -6.37 10.8
94506 -54.5398 -5.46 -13.05
86553 -54.5398 -5.46 -13.05
93142 -54.5398 -5.46 -13.05
95914 -54.5398 -5.46 -13.05
90861 -54.5398 -5.46 -13.05
94026 -54.5398 -5.46 -13.05
92249 -54.5398 -5.46 -13.05
94183 -54.5398 -5.46 -13.05
88873 -54.5398 -5.46 -13.05
93279 -54.5398 -5.46 -13.05
91032 -54.5398 -5.46 -13.05
99077 -54.5398 -5.46 -13.05
91740 -54.5398 -5.46 -13.05
94558 -54.5398 -5.46 -13.05
100260 -54.5398 -5.46 -13.05
87028 -54.5398 -5.46 -13.05
94818 -54.5398 -5.46 -13.05
92398 -54.5398 -5.46 -13.05
90115 -54.5398 -5.46 -13.05
83000 -54.5398 -5.46 -13.05
90256 -54.5398 -5.46 -13.05
85646 -54.5398 -5.46 -13.05
98087 -54.5398 -5.46 -13.05
93470 -54.5398 -5.46 -13.05
83803 -54.5398 -5.46 -13.05
93661 -54.5398 -5.46 -13.05
96147 -54.5398 -5.46 -13.05
88631 -54.5398 -5.46 -13.05
89677 -54.5398 -5.46 -13.05
88434 -54.5398 -5.46 -13.05
94806 -54.5398 -5.46 -13.05
94872 -54.5398 -5.46 -13.05
88794 -54.5398 -5.46 -13.05
91930 -54.5398 -5.46 -13.05
98181 -54.5398 -5.46 -13.05
85244 -54.5398 -5.46 -13.05
96925 -54.5398 -5.46 -13.05
88930 -54.5398 -5.46 -13.05
89691 -54.5398 -5.46 -13.05
172001 -59.2442 0.59 25.01
158718 -59.2442 0.59 25.01
166017 -59.2442 0.59 25.01
168796 -59.2442 0.59 25.01
164644 -59.2442 0.59 25.01
168443 -59.2442 0.59 25.01
173606 -59.2442 0.59 25.01
169668 -59.2442 0.59 25.01
168762 -59.2442 0.59 25.01
164154 -59.2442 0.59 25.01
166528 -59.2442 0.59 25.01
165840 -59.2442 0.59 25.01
165848 -59.2442 0.59 25.01
169424 -59.2442 0.59 25.01
166575 -59.2442 0.59 25.01
162828 -59.2442 0.59 25.01
165859 -59.2442 0.59 25.01
168359 -59.2442 0.59 25.01
164768 -59.2442 0.59 25.01
172816 -59.2442 0.59 25.01
169195 -59.2442 0.59 25.01
169501 -59.2442 0.59 25.01
164254 -59.2442 0.59 25.01
170520 -59.2442 0.59 25.01
164604 -59.2442 0.59 25.01
172335 -59.2442 0.59 25.01
160200 -59.2442 0.59 25.01
161879 -59.2442 0.59 25.01
169594 -59.2442 0.59 25.01
162465 -59.2442 0.59 25.01
167800 -59.2442 0.59 25.01
166586 -59.2442 0.59 25.01
167101 -59.2442 0.59 25.01
174154 -59.2442 0.59 25.01
168991 -59.2442 0.59 25.01
164150 -59.2442 0.59 25.01
167785 -59.2442 0.59 25.01
169079 -59.2442 0.59 25.01
168872 -59.2442 0.59 25.01
147710 -58.027 12.61 -17.52
150011 -58.027 12.61 -17.52
150459 -58.027 12.61 -17.52
150215 -58.027 12.61 -17.52
155692 -58.027 12.61 -17.52
149321 -58.027 12.61 -17.52
152023 -58.027 12.61 -17.52
149230 -58.027 12.61 -17.52
146960 -58.027 12.61 -17.52
150890 -58.027 12.61 -17.52
151082 -58.027 12.61 -17.52
148262 -58.027 12.61 -17.52
150877 -58.027 12.61 -17.52
150024 -58.027 12.61 -17.52
147006 -58.027 12.61 -17.52
147395 -58.027 12.61 -17.52
143982 -58.027 12.61 -17.52
145123 -58.027 12.61 -17.52
139383 -58.027 12.61 -17.52
148392 -58.027 12.61 -17.52
148072 -58.027 12.61 -17.52
147118 -58.027 12.61 -17.52
146349 -58.027 12.61 -17.52
157590 -58.027 12.61 -17.52
148654 -58.027 12.61 -17.52
148432 -58.027 12.61 -17.52
152131 -58.027 12.61 -17.52
153783 -58.027 12.61 -17.52
149710 -58.027 12.61 -17.52
152977 -58.027 12.61 -17.52
149619 -58.027 12.61 -17.52
147256 -58.027 12.61 -17.52
153693 -58.027 12.61 -17.52
144691 -58.027 12.61 -17.52
145106 -58.027 12.61 -17.52
152084 -58.027 12.61 -17.52
147071 -58.027 12.61 -17.52
153315 -58.027 12.61 -17.52
149112 -58.027 12.61 -17.52
