#rtt sig_str x y
213025 -61.1736 29.35 -11.73
217654 -61.1736 29.35 -11.73
223572 -61.1736 29.35 -11.73
218365 -61.1736 29.35 -11.73
212869 -61.1736 29.35 -11.73
211831 -61.1736 29.35 -11.73
224459 -61.1736 29.35 -11.73
217876 -61.1736 29.35 -11.73
214666 -61.1736 29.35 -11.73
211164 -61.1736 29.35 -11.73
213859 -61.1736 29.35 -11.73
215702 -61.1736 29.35 -11.73
221652 -61.1736 29.35 -11.73
216277 -61.1736 29.35 -11.73
214329 -61.1736 29.35 -11.73
219783 -61.1736 29.35 -11.73
220251 -61.1736 29.35 -11.73
213928 -61.1736 29.35 -11.73
215881 -61.1736 29.35 -11.73
218091 -61.1736 29.35 -11.73
212877 -61.1736 29.35 -11.73
226657 -61.1736 29.35 -11.73
220724 -61.1736 29.35 -11.73
216979 -61.1736 29.35 -11.73
213171 -61.1736 29.35 -11.73
218940 -61.1736 29.35 -11.73
224487 -61.1736 29.35 -11.73
217167 -61.1736 29.35 -11.73
218972 -61.1736 29.35 -11.73
219837 -61.1736 29.35 -11.73
214493 -61.1736 29.35 -11.73
217327 -61.1736 29.35 -11.73
223733 -61.1736 29.35 -11.73
216084 -61.1736 29.35 -11.73
216126 -61.1736 29.35 -11.73
220872 -61.1736 29.35 -11.73
215082 -61.1736 29.35 -11.73
221100 -61.1736 29.35 -11.73
215006 -61.1736 29.35 -11.73
77886 -52.2437 2.97 10.29
84131 -52.2437 2.97 10.29
81345 -52.2437 2.97 10.29
80111 -52.2437 2.97 10.29
77760 -52.2437 2.97 10.29
84254 -52.2437 2.97 10.29
78646 -52.2437 2.97 10.29
83545 -52.2437 2.97 10.29
80398 -52.2437 2.97 10.29
83071 -52.2437 2.97 10.29
84661 -52.2437 2.97 10.29
86380 -52.2437 2.97 10.29
86366 -52.2437 2.97 10.29
79088 -52.2437 2.97 10.29
91260 -52.2437 2.97 10.29
83377 -52.2437 2.97 10.29
84891 -52.2437 2.97 10.29
81349 -52.2437 2.97 10.29
87976 -52.2437 2.97 10.29
82476 -52.2437 2.97 10.29
84221 -52.2437 2.97 10.29
77196 -52.2437 2.97 10.29
85401 -52.2437 2.97 10.29
84027 -52.2437 2.97 10.29
73097 -52.2437 2.97 10.29
79974 -52.2437 2.97 10.29
81549 -52.2437 2.97 10.29
86811 -52.2437 2.97 10.29
84161 -52.2437 2.97 10.29
74694 -52.2437 2.97 10.29
84934 -52.2437 2.97 10.29
85897 -52.2437 2.97 10.29
84857 -52.2437 2.97 10.29
80130 -52.2437 2.97 10.29
83856 -52.2437 2.97 10.29
86413 -52.2437 2.97 10.29
78350 -52.2437 2.97 10.29
84091 -52.2437 2.97 10.29
90144 -52.2437 2.97 10.29
88223 -54.4347 -13.12 -4.79
93700 -54.4347 -13.12 -4.79
96670 -54.4347 -13.12 -4.79
97788 -54.4347 -13.12 -4.79
91538 -54.4347 -13.12 -4.79
91139 -54.4347 -13.12 -4.79
89940 -54.4347 -13.12 -4.79
92329 -54.4347 -13.12 -4.79
90317 -54.4347 -13.12 -4.79
97166 -54.4347 -13.12 -4.79
86500 -54.4347 -13.12 -4.79
96752 -54.4347 -13.12 -4.79
97390 -54.4347 -13.12 -4.79
89451 -54.4347 -13.12 -4.79
87558 -54.4347 -13.12 -4.79
92894 -54.4347 -13.12 -4.79
87344 -54.4347 -13.12 -4.79
89557 -54.4347 -13.12 -4.79
91616 -54.4347 -13.12 -4.79
89099 -54.4347 -13.12 -4.79
89094 -54.4347 -13.12 -4.79
89956 -54.4347 -13.12 -4.79
90176 -54.4347 -13.12 -4.79
91344 -54.4347 -13.12 -4.79
97201 -54.4347 -13.12 -4.79
92128 -54.4347 -13.12 -4.79
96655 -54.4347 -13.12 -4.79
88182 -54.4347 -13.12 -4.79
82893 -54.4347 -13.12 -4.79
85306 -54.4347 -13.12 -4.79
87789 -54.4347 -13.12 -4.79
97492 -54.4347 -13.12 -4.79
89690 -54.4347 -13.12 -4.79
94305 -54.4347 -13.12 -4.79
94180 -54.4347 -13.12 -4.79
87606 -54.4347 -13.12 -4.79
88523 -54.4347 -13.12 -4.79
89880 -54.4347 -13.12 -4.79
88322 -54.4347 -13.12 -4.79
241620 -62.5559 -25.37 27.44
251925 -62.5559 -25.37 27.44
255682 -62.5559 -25.37 27.44
241789 -62.5559 -25.37 27.44
244657 -62.5559 -25.37 27.44
252936 -62.5559 -25.37 27.44
246334 -62.5559 -25.37 27.44
245606 -62.5559 -25.37 27.44
246208 -62.5559 -25.37 27.44
251065 -62.5559 -25.37 27.44
246282 -62.5559 -25.37 27.44
250942 -62.5559 -25.37 27.44
258665 -62.5559 -25.37 27.44
254490 -62.5559 -25.37 27.44
249977 -62.5559 -25.37 27.44
254093 -62.5559 -25.37 27.44
243072 -62.5559 -25.37 27.44
253595 -62.5559 -25.37 27.44
260645 -62.5559 -25.37 27.44
249123 -62.5559 -25.37 27.44
251741 -62.5559 -25.37 27.44
251235 -62.5559 -25.37 27.44
246937 -62.5559 -25.37 27.44
252203 -62.5559 -25.37 27.44
249944 -62.5559 -25.37 27.44
248789 -62.5559 -25.37 27.44
248235 -62.5559 -25.37 27.44
250862 -62.5559 -25.37 27.44
249018 -62.5559 -25.37 27.44
246005 -62.5559 -25.37 27.44
249099 -62.5559 -25.37 27.44
252579 -62.5559 -25.37 27.44
243572 -62.5559 -25.37 27.44
246746 -62.5559 -25.37 27.44
250596 -62.5559 -25.37 27.44
245400 -62.5559 -25.37 27.44
247355 -62.5559 -25.37 27.44
248191 -62.5559 -25.37 27.44
243068 -62.5559 -25.37 27.44
172859 -59.2721 -3.33 24.88
174839 -59.2721 -3.33 24.88
168113 -59.2721 -3.33 24.88
178323 -59.2721 -3.33 24.88
162732 -59.2721 -3.33 24.88
161242 -59.2721 -3.33 24.88
167860 -59.2721 -3.33 24.88
173501 -59.2721 -3.33 24.88
168412 -59.2721 -3.33 24.88
177612 -59.2721 -3.33 24.88
166059 -59.2721 -3.33 24.88
168578 -59.2721 -3.33 24.88
172256 -59.2721 -3.33 24.88
179758 -59.2721 -3.33 24.88
171411 -59.2721 -3.33 24.88
170197 -59.2721 -3.33 24.88
169982 -59.2721 -3.33 24.88
175449 -59.2721 -3.33 24.88
168418 -59.2721 -3.33 24.88
170575 -59.2721 -3.33 24.88
162285 -59.2721 -3.33 24.88
163403 -59.2721 -3.33 24.88
167239 -59.2721 -3.33 24.88
175549 -59.2721 -3.33 24.88
169591 -59.2721 -3.33 24.88
173649 -59.2721 -3.33 24.88
171327 -59.2721 -3.33 24.88
176910 -59.2721 -3.33 24.88
180834 -59.2721 -3.33 24.88
169854 -59.2721 -3.33 24.88
166853 -59.2721 -3.33 24.88
172280 -59.2721 -3.33 24.88
173652 -59.2721 -3.33 24.88
171095 -59.2721 -3.33 24.88
168740 -59.2721 -3.33 24.88
166090 -59.2721 -3.33 24.88
172539 -59.2721 -3.33 24.88
177003 -59.2721 -3.33 24.88
174024 -59.2721 -3.33 24.88
11187 -38.376 -1.63 -1.15
9305 -38.376 -1.63 -1.15
4206 -38.376 -1.63 -1.15
15430 -38.376 -1.63 -1.15
12224 -38.376 -1.63 -1.15
15351 -38.376 -1.63 -1.15
9864 -38.376 -1.63 -1.15
12166 -38.376 -1.63 -1.15
17129 -38.376 -1.63 -1.15
9106 -38.376 -1.63 -1.15
10461 -38.376 -1.63 -1.15
9544 -38.376 -1.63 -1.15
6656 -38.376 -1.63 -1.15
13230 -38.376 -1.63 -1.15
17060 -38.376 -1.63 -1.15
16966 -38.376 -1.63 -1.15
14014 -38.376 -1.63 -1.15
7746 -38.376 -1.63 -1.15
12621 -38.376 -1.63 -1.15
18198 -38.376 -1.63 -1.15
10407 -38.376 -1.63 -1.15
10907 -38.376 -1.63 -1.15
16208 -38.376 -1.63 -1.15
14327 -38.376 -1.63 -1.15
16147 -38.376 -1.63 -1.15
17391 -38.376 -1.63 -1.15
14345 -38.376 -1.63 -1.15
15338 -38.376 -1.63 -1.15
11747 -38.376 -1.63 -1.15
14268 -38.376 -1.63 -1.15
17881 -38.376 -1.63 -1.15
10103 -38.376 -1.63 -1.15
18192 -38.376 -1.63 -1.15
13260 -38.376 -1.63 -1.15
17735 -38.376 -1.63 -1.15
16357 -38.376 -1.63 -1.15
12483 -38.376 -1.63 -1.15
14809 -38.376 -1.63 -1.15
11301 -38.376 -1.63 -1.15
193492 -60.7776 -27.09 13.18
190432 -60.7776 -27.09 13.18
196703 -60.7776 -27.09 13.18
200383 -60.7776 -27.09 13.18
184181 -60.7776 -27.09 13.18
184678 -60.7776 -27.09 13.18
197210 -60.7776 -27.09 13.18
195519 -60.7776 -27.09 13.18
190910 -60.7776 -27.09 13.18
196671 -60.7776 -27.09 13.18
198993 -60.7776 -27.09 13.18
195940 -60.7776 -27.09 13.18
197882 -60.7776 -27.09 13.18
191176 -60.7776 -27.09 13.18
201056 -60.7776 -27.09 13.18
198119 -60.7776 -27.09 13.18
195018 -60.7776 -27.09 13.18
191825 -60.7776 -27.09 13.18
197280 -60.7776 -27.09 13.18
193877 -60.7776 -27.09 13.18
196990 -60.7776 -27.09 13.18
187820 -60.7776 -27.09 13.18
204619 -60.7776 -27.09 13.18
186584 -60.7776 -27.09 13.18
200121 -60.7776 -27.09 13.18
196100 -60.7776 -27.09 13.18
190490 -60.7776 -27.09 13.18
190355 -60.7776 -27.09 13.18
189910 -60.7776 -27.09 13.18
196952 -60.7776 -27.09 13.18
196861 -60.7776 -27.09 13.18
194667 -60.7776 -27.09 13.18
202121 -60.7776 -27.09 13.18
192504 -60.7776 -27.09 13.18
197651 -60.7776 -27.09 13.18
195823 -60.7776 -27.09 13.18
194460 -60.7776 -27.09 13.18
195842 -60.7776 -27.09 13.18
193232 -60.7776 -27.09 13.18
140127 -58.0917 -20.2 -8.08
135377 -58.0917 -20.2 -8.08
141010 -58.0917 -20.2 -8.08
136104 -58.0917 -20.2 -8.08
148775 -58.0917 -20.2 -8.08
146262 -58.0917 -20.2 -8.08
136696 -58.0917 -20.2 -8.08
140918 -58.0917 -20.2 -8.08
142649 -58.0917 -20.2 -8.08
143853 -58.0917 -20.2 -8.08
148236 -58.0917 -20.2 -8.08
146451 -58.0917 -20.2 -8.08
146740 -58.0917 -20.2 -8.08
142258 -58.0917 -20.2 -8.08
140154 -58.0917 -20.2 -8.08
149770 -58.0917 -20.2 -8.08
144072 -58.0917 -20.2 -8.08
132638 -58.0917 -20.2 -8.08
141808 -58.0917 -20.2 -8.08
147798 -58.0917 -20.2 -8.08
145112 -58.0917 -20.2 -8.08
146367 -58.0917 -20.2 -8.08
140892 -58.0917 -20.2 -8.08
143747 -58.0917 -20.2 -8.08
152629 -58.0917 -20.2 -8.08
146155 -58.0917 -20.2 -8.08
145085 -58.0917 -20.2 -8.08
150081 -58.0917 -20.2 -8.08
144687 -58.0917 -20.2 -8.08
142197 -58.0917 -20.2 -8.08
147669 -58.0917 -20.2 -8.08
139834 -58.0917 -20.2 -8.08
147303 -58.0917 -20.2 -8.08
152938 -58.0917 -20.2 -8.08
145811 -58.0917 -20.2 -8.08
148329 -58.0917 -20.2 -8.08
142547 -58.0917 -20.2 -8.08
143420 -58.0917 -20.2 -8.08
145535 -58.0917 -20.2 -8.08
228238 -62.0561 -23.05 -26.57
234876 -62.0561 -23.05 -26.57
233926 -62.0561 -23.05 -26.57
227674 -62.0561 -23.05 -26.57
229142 -62.0561 -23.05 -26.57
235307 -62.0561 -23.05 -26.57
232119 -62.0561 -23.05 -26.57
229310 -62.0561 -23.05 -26.57
230011 -62.0561 -23.05 -26.57
225864 -62.0561 -23.05 -26.57
233163 -62.0561 -23.05 -26.57
233601 -62.0561 -23.05 -26.57
230936 -62.0561 -23.05 -26.57
232781 -62.0561 -23.05 -26.57
234528 -62.0561 -23.05 -26.57
236488 -62.0561 -23.05 -26.57
228842 -62.0561 -23.05 -26.57
223406 -62.0561 -23.05 -26.57
235945 -62.0561 -23.05 -26.57
236276 -62.0561 -23.05 -26.57
236892 -62.0561 -23.05 -26.57
230307 -62.0561 -23.05 -26.57
235275 -62.0561 -23.05 -26.57
233045 -62.0561 -23.05 -26.57
230270 -62.0561 -23.05 -26.57
232852 -62.0561 -23.05 -26.57
231366 -62.0561 -23.05 -26.57
243994 -62.0561 -23.05 -26.57
227590 -62.0561 -23.05 -26.57
228254 -62.0561 -23.05 -26.57
231258 -62.0561 -23.05 -26.57
233726 -62.0561 -23.05 -26.57
216116 -62.0561 -23.05 -26.57
224069 -62.0561 -23.05 -26.57
224613 -62.0561 -23.05 -26.57
237262 -62.0561 -23.05 -26.57
234543 -62.0561 -23.05 -26.57
228705 -62.0561 -23.05 -26.57
229316 -62.0561 -23.05 -26.57
122340 -56.7666 7.64 -16.88
127007 -56.7666 7.64 -16.88
128463 -56.7666 7.64 -16.88
112657 -56.7666 7.64 -16.88
112486 -56.7666 7.64 -16.88
119722 -56.7666 7.64 -16.88
127470 -56.7666 7.64 -16.88
120653 -56.7666 7.64 -16.88
118090 -56.7666 7.64 -16.88
123337 -56.7666 7.64 -16.88
123551 -56.7666 7.64 -16.88
118462 -56.7666 7.64 -16.88
120412 -56.7666 7.64 -16.88
119255 -56.7666 7.64 -16.88
110277 -56.7666 7.64 -16.88
122201 -56.7666 7.64 -16.88
119558 -56.7666 7.64 -16.88
118849 -56.7666 7.64 -16.88
114340 -56.7666 7.64 -16.88
122173 -56.7666 7.64 -16.88
121750 -56.7666 7.64 -16.88
117136 -56.7666 7.64 -16.88
116313 -56.7666 7.64 -16.88
123789 -56.7666 7.64 -16.88
121856 -56.7666 7.64 -16.88
121154 -56.7666 7.64 -16.88
122620 -56.7666 7.64 -16.88
119811 -56.7666 7.64 -16.88
123130 -56.7666 7.64 -16.88
117365 -56.7666 7.64 -16.88
117368 -56.7666 7.64 -16.88
114074 -56.7666 7.64 -16.88
121858 -56.7666 7.64 -16.88
123704 -56.7666 7.64 -16.88
122451 -56.7666 7.64 -16.88
118567 -56.7666 7.64 -16.88
121433 -56.7666 7.64 -16.88
125223 -56.7666 7.64 -16.88
125786 -56.7666 7.64 -16.88
