#rtt sig_str x y
150862 -58.3249 17.03 -14.52
146774 -58.3249 17.03 -14.52
154449 -58.3249 17.03 -14.52
152365 -58.3249 17.03 -14.52
147495 -58.3249 17.03 -14.52
141869 -58.3249 17.03 -14.52
144688 -58.3249 17.03 -14.52
158051 -58.3249 17.03 -14.52
139299 -58.3249 17.03 -14.52
142728 -58.3249 17.03 -14.52
150812 -58.3249 17.03 -14.52
150982 -58.3249 17.03 -14.52
151603 -58.3249 17.03 -14.52
148847 -58.3249 17.03 -14.52
145767 -58.3249 17.03 -14.52
151035 -58.3249 17.03 -14.52
140785 -58.3249 17.03 -14.52
145748 -58.3249 17.03 -14.52
145753 -58.3249 17.03 -14.52
145876 -58.3249 17.03 -14.52
148343 -58.3249 17.03 -14.52
148262 -58.3249 17.03 -14.52
143564 -58.3249 17.03 -14.52
135644 -58.3249 17.03 -14.52
154214 -58.3249 17.03 -14.52
149924 -58.3249 17.03 -14.52
147928 -58.3249 17.03 -14.52
149012 -58.3249 17.03 -14.52
138286 -58.3249 17.03 -14.52
145432 -58.3249 17.03 -14.52
152435 -58.3249 17.03 -14.52
142420 -58.3249 17.03 -14.52
151707 -58.3249 17.03 -14.52
148326 -58.3249 17.03 -14.52
142301 -58.3249 17.03 -14.52
154352 -58.3249 17.03 -14.52
146978 -58.3249 17.03 -14.52
142948 -58.3249 17.03 -14.52
153290 -58.3249 17.03 -14.52
93304 -54.2723 8.09 11.05
99393 -54.2723 8.09 11.05
93753 -54.2723 8.09 11.05
91843 -54.2723 8.09 11.05
92896 -54.2723 8.09 11.05
95899 -54.2723 8.09 11.05
96484 -54.2723 8.09 11.05
94891 -54.2723 8.09 11.05
96637 -54.2723 8.09 11.05
100019 -54.2723 8.09 11.05
95138 -54.2723 8.09 11.05
90898 -54.2723 8.09 11.05
91122 -54.2723 8.09 11.05
101133 -54.2723 8.09 11.05
91383 -54.2723 8.09 11.05
101679 -54.2723 8.09 11.05
94833 -54.2723 8.09 11.05
99557 -54.2723 8.09 11.05
94752 -54.2723 8.09 11.05
90696 -54.2723 8.09 11.05
102303 -54.2723 8.09 11.05
96158 -54.2723 8.09 11.05
99251 -54.2723 8.09 11.05
92233 -54.2723 8.09 11.05
103114 -54.2723 8.09 11.05
95248 -54.2723 8.09 11.05
94167 -54.2723 8.09 11.05
96482 -54.2723 8.09 11.05
95787 -54.2723 8.09 11.05
95121 -54.2723 8.09 11.05
92678 -54.2723 8.09 11.05
95079 -54.2723 8.09 11.05
91853 -54.2723 8.09 11.05
87727 -54.2723 8.09 11.05
93649 -54.2723 8.09 11.05
96802 -54.2723 8.09 11.05
95893 -54.2723 8.09 11.05
90402 -54.2723 8.09 11.05
96484 -54.2723 8.09 11.05
197985 -60.5256 -15.06 25.04
206782 -60.5256 -15.06 25.04
196545 -60.5256 -15.06 25.04
200900 -60.5256 -15.06 25.04
210838 -60.5256 -15.06 25.04
189138 -60.5256 -15.06 25.04
204091 -60.5256 -15.06 25.04
202036 -60.5256 -15.06 25.04
199455 -60.5256 -15.06 25.04
200335 -60.5256 -15.06 25.04
201709 -60.5256 -15.06 25.04
203611 -60.5256 -15.06 25.04
201637 -60.5256 -15.06 25.04
207681 -60.5256 -15.06 25.04
205028 -60.5256 -15.06 25.04
197678 -60.5256 -15.06 25.04
200096 -60.5256 -15.06 25.04
207390 -60.5256 -15.06 25.04
197819 -60.5256 -15.06 25.04
204990 -60.5256 -15.06 25.04
207212 -60.5256 -15.06 25.04
201450 -60.5256 -15.06 25.04
206800 -60.5256 -15.06 25.04
204988 -60.5256 -15.06 25.04
208048 -60.5256 -15.06 25.04
199310 -60.5256 -15.06 25.04
202562 -60.5256 -15.06 25.04
196566 -60.5256 -15.06 25.04
201095 -60.5256 -15.06 25.04
206857 -60.5256 -15.06 25.04
193827 -60.5256 -15.06 25.04
200855 -60.5256 -15.06 25.04
203333 -60.5256 -15.06 25.04
195725 -60.5256 -15.06 25.04
196598 -60.5256 -15.06 25.04
201630 -60.5256 -15.06 25.04
204053 -60.5256 -15.06 25.04
202288 -60.5256 -15.06 25.04
203206 -60.5256 -15.06 25.04
159855 -58.7379 15.49 -17.71
156517 -58.7379 15.49 -17.71
150957 -58.7379 15.49 -17.71
163527 -58.7379 15.49 -17.71
153411 -58.7379 15.49 -17.71
152758 -58.7379 15.49 -17.71
154121 -58.7379 15.49 -17.71
158756 -58.7379 15.49 -17.71
161637 -58.7379 15.49 -17.71
154821 -58.7379 15.49 -17.71
152958 -58.7379 15.49 -17.71
158354 -58.7379 15.49 -17.71
166581 -58.7379 15.49 -17.71
155270 -58.7379 15.49 -17.71
160723 -58.7379 15.49 -17.71
156159 -58.7379 15.49 -17.71
161939 -58.7379 15.49 -17.71
157256 -58.7379 15.49 -17.71
158226 -58.7379 15.49 -17.71
150595 -58.7379 15.49 -17.71
147001 -58.7379 15.49 -17.71
149281 -58.7379 15.49 -17.71
160465 -58.7379 15.49 -17.71
155876 -58.7379 15.49 -17.71
163097 -58.7379 15.49 -17.71
151345 -58.7379 15.49 -17.71
159055 -58.7379 15.49 -17.71
164003 -58.7379 15.49 -17.71
160691 -58.7379 15.49 -17.71
159018 -58.7379 15.49 -17.71
150826 -58.7379 15.49 -17.71
155044 -58.7379 15.49 -17.71
162614 -58.7379 15.49 -17.71
150391 -58.7379 15.49 -17.71
156561 -58.7379 15.49 -17.71
163649 -58.7379 15.49 -17.71
156824 -58.7379 15.49 -17.71
158402 -58.7379 15.49 -17.71
152423 -58.7379 15.49 -17.71
214506 -61.1348 -11.22 29.39
216300 -61.1348 -11.22 29.39
222059 -61.1348 -11.22 29.39
217345 -61.1348 -11.22 29.39
217510 -61.1348 -11.22 29.39
212588 -61.1348 -11.22 29.39
211091 -61.1348 -11.22 29.39
214575 -61.1348 -11.22 29.39
218094 -61.1348 -11.22 29.39
215071 -61.1348 -11.22 29.39
220659 -61.1348 -11.22 29.39
206509 -61.1348 -11.22 29.39
212391 -61.1348 -11.22 29.39
213145 -61.1348 -11.22 29.39
214299 -61.1348 -11.22 29.39
209819 -61.1348 -11.22 29.39
211348 -61.1348 -11.22 29.39
206340 -61.1348 -11.22 29.39
204229 -61.1348 -11.22 29.39
202391 -61.1348 -11.22 29.39
209757 -61.1348 -11.22 29.39
213797 -61.1348 -11.22 29.39
212438 -61.1348 -11.22 29.39
220825 -61.1348 -11.22 29.39
215356 -61.1348 -11.22 29.39
213823 -61.1348 -11.22 29.39
213278 -61.1348 -11.22 29.39
218777 -61.1348 -11.22 29.39
205875 -61.1348 -11.22 29.39
213311 -61.1348 -11.22 29.39
217597 -61.1348 -11.22 29.39
212769 -61.1348 -11.22 29.39
214446 -61.1348 -11.22 29.39
212460 -61.1348 -11.22 29.39
222988 -61.1348 -11.22 29.39
215572 -61.1348 -11.22 29.39
218104 -61.1348 -11.22 29.39
221045 -61.1348 -11.22 29.39
209970 -61.1348 -11.22 29.39
195347 -60.5599 26.24 13.13
199665 -60.5599 26.24 13.13
190099 -60.5599 26.24 13.13
202950 -60.5599 26.24 13.13
202661 -60.5599 26.24 13.13
198674 -60.5599 26.24 13.13
201889 -60.5599 26.24 13.13
195278 -60.5599 26.24 13.13
186856 -60.5599 26.24 13.13
198156 -60.5599 26.24 13.13
194588 -60.5599 26.24 13.13
201149 -60.5599 26.24 13.13
201025 -60.5599 26.24 13.13
193533 -60.5599 26.24 13.13
191649 -60.5599 26.24 13.13
201928 -60.5599 26.24 13.13
201315 -60.5599 26.24 13.13
194017 -60.5599 26.24 13.13
183084 -60.5599 26.24 13.13
195755 -60.5599 26.24 13.13
200582 -60.5599 26.24 13.13
194307 -60.5599 26.24 13.13
200162 -60.5599 26.24 13.13
194617 -60.5599 26.24 13.13
198853 -60.5599 26.24 13.13
200770 -60.5599 26.24 13.13
191494 -60.5599 26.24 13.13
189519 -60.5599 26.24 13.13
196607 -60.5599 26.24 13.13
200054 -60.5599 26.24 13.13
192951 -60.5599 26.24 13.13
197859 -60.5599 26.24 13.13
195227 -60.5599 26.24 13.13
187970 -60.5599 26.24 13.13
196630 -60.5599 26.24 13.13
197751 -60.5599 26.24 13.13
204452 -60.5599 26.24 13.13
199745 -60.5599 26.24 13.13
203320 -60.5599 26.24 13.13
247485 -62.4614 -27.43 -24.75
246421 -62.4614 -27.43 -24.75
242959 -62.4614 -27.43 -24.75
244547 -62.4614 -27.43 -24.75
252178 -62.4614 -27.43 -24.75
251651 -62.4614 -27.43 -24.75
253395 -62.4614 -27.43 -24.75
250473 -62.4614 -27.43 -24.75
240937 -62.4614 -27.43 -24.75
252510 -62.4614 -27.43 -24.75
244668 -62.4614 -27.43 -24.75
250777 -62.4614 -27.43 -24.75
256440 -62.4614 -27.43 -24.75
253587 -62.4614 -27.43 -24.75
240524 -62.4614 -27.43 -24.75
245845 -62.4614 -27.43 -24.75
256311 -62.4614 -27.43 -24.75
251909 -62.4614 -27.43 -24.75
241512 -62.4614 -27.43 -24.75
246775 -62.4614 -27.43 -24.75
242026 -62.4614 -27.43 -24.75
239964 -62.4614 -27.43 -24.75
251966 -62.4614 -27.43 -24.75
246666 -62.4614 -27.43 -24.75
255595 -62.4614 -27.43 -24.75
240975 -62.4614 -27.43 -24.75
245565 -62.4614 -27.43 -24.75
247201 -62.4614 -27.43 -24.75
248490 -62.4614 -27.43 -24.75
250491 -62.4614 -27.43 -24.75
241766 -62.4614 -27.43 -24.75
249150 -62.4614 -27.43 -24.75
242882 -62.4614 -27.43 -24.75
245820 -62.4614 -27.43 -24.75
260260 -62.4614 -27.43 -24.75
246190 -62.4614 -27.43 -24.75
247562 -62.4614 -27.43 -24.75
250350 -62.4614 -27.43 -24.75
256748 -62.4614 -27.43 -24.75
50713 -49.0624 -3.55 -6.36
44555 -49.0624 -3.55 -6.36
40122 -49.0624 -3.55 -6.36
46139 -49.0624 -3.55 -6.36
47176 -49.0624 -3.55 -6.36
43590 -49.0624 -3.55 -6.36
47955 -49.0624 -3.55 -6.36
45696 -49.0624 -3.55 -6.36
47743 -49.0624 -3.55 -6.36
44643 -49.0624 -3.55 -6.36
44983 -49.0624 -3.55 -6.36
51565 -49.0624 -3.55 -6.36
52060 -49.0624 -3.55 -6.36
54410 -49.0624 -3.55 -6.36
43622 -49.0624 -3.55 -6.36
50387 -49.0624 -3.55 -6.36
41805 -49.0624 -3.55 -6.36
44130 -49.0624 -3.55 -6.36
46176 -49.0624 -3.55 -6.36
45400 -49.0624 -3.55 -6.36
44470 -49.0624 -3.55 -6.36
40166 -49.0624 -3.55 -6.36
42820 -49.0624 -3.55 -6.36
39412 -49.0624 -3.55 -6.36
48962 -49.0624 -3.55 -6.36
47669 -49.0624 -3.55 -6.36
47303 -49.0624 -3.55 -6.36
44961 -49.0624 -3.55 -6.36
43248 -49.0624 -3.55 -6.36
45595 -49.0624 -3.55 -6.36
43288 -49.0624 -3.55 -6.36
47826 -49.0624 -3.55 -6.36
42034 -49.0624 -3.55 -6.36
43785 -49.0624 -3.55 -6.36
43136 -49.0624 -3.55 -6.36
47672 -49.0624 -3.55 -6.36
43105 -49.0624 -3.55 -6.36
46949 -49.0624 -3.55 -6.36
52052 -49.0624 -3.55 -6.36
249561 -62.393 24.77 -27
247454 -62.393 24.77 -27
246518 -62.393 24.77 -27
237007 -62.393 24.77 -27
249535 -62.393 24.77 -27
246769 -62.393 24.77 -27
254449 -62.393 24.77 -27
247208 -62.393 24.77 -27
250237 -62.393 24.77 -27
244027 -62.393 24.77 -27
241967 -62.393 24.77 -27
245376 -62.393 24.77 -27
242868 -62.393 24.77 -27
249422 -62.393 24.77 -27
237603 -62.393 24.77 -27
248318 -62.393 24.77 -27
246851 -62.393 24.77 -27
249245 -62.393 24.77 -27
250230 -62.393 24.77 -27
242760 -62.393 24.77 -27
243862 -62.393 24.77 -27
243856 -62.393 24.77 -27
249093 -62.393 24.77 -27
250997 -62.393 24.77 -27
243002 -62.393 24.77 -27
245707 -62.393 24.77 -27
259336 -62.393 24.77 -27
256326 -62.393 24.77 -27
243105 -62.393 24.77 -27
243253 -62.393 24.77 -27
247441 -62.393 24.77 -27
253834 -62.393 24.77 -27
247707 -62.393 24.77 -27
248248 -62.393 24.77 -27
238035 -62.393 24.77 -27
252865 -62.393 24.77 -27
253617 -62.393 24.77 -27
239151 -62.393 24.77 -27
242279 -62.393 24.77 -27
110615 -55.7913 -2.7 -16.24
96493 -55.7913 -2.7 -16.24
105853 -55.7913 -2.7 -16.24
104161 -55.7913 -2.7 -16.24
105631 -55.7913 -2.7 -16.24
106638 -55.7913 -2.7 -16.24
104306 -55.7913 -2.7 -16.24
104860 -55.7913 -2.7 -16.24
104154 -55.7913 -2.7 -16.24
106867 -55.7913 -2.7 -16.24
105746 -55.7913 -2.7 -16.24
107310 -55.7913 -2.7 -16.24
103275 -55.7913 -2.7 -16.24
102661 -55.7913 -2.7 -16.24
101286 -55.7913 -2.7 -16.24
106440 -55.7913 -2.7 -16.24
108535 -55.7913 -2.7 -16.24
110401 -55.7913 -2.7 -16.24
100852 -55.7913 -2.7 -16.24
107958 -55.7913 -2.7 -16.24
109020 -55.7913 -2.7 -16.24
106011 -55.7913 -2.7 -16.24
105354 -55.7913 -2.7 -16.24
103435 -55.7913 -2.7 -16.24
105294 -55.7913 -2.7 -16.24
107118 -55.7913 -2.7 -16.24
107180 -55.7913 -2.7 -16.24
102767 -55.7913 -2.7 -16.24
106759 -55.7913 -2.7 -16.24
103169 -55.7913 -2.7 -16.24
108907 -55.7913 -2.7 -16.24
109558 -55.7913 -2.7 -16.24
107585 -55.7913 -2.7 -16.24
106569 -55.7913 -2.7 -16.24
104650 -55.7913 -2.7 -16.24
104132 -55.7913 -2.7 -16.24
104931 -55.7913 -2.7 -16.24
111761 -55.7913 -2.7 -16.24
103791 -55.7913 -2.7 -16.24
