#rtt sig_str x y
212138 -61.1087 -23.19 21.11
207496 -61.1087 -23.19 21.11
212053 -61.1087 -23.19 21.11
198968 -61.1087 -23.19 21.11
220340 -61.1087 -23.19 21.11
206585 -61.1087 -23.19 21.11
214625 -61.1087 -23.19 21.11
209158 -61.1087 -23.19 21.11
210545 -61.1087 -23.19 21.11
213518 -61.1087 -23.19 21.11
209557 -61.1087 -23.19 21.11
207192 -61.1087 -23.19 21.11
207221 -61.1087 -23.19 21.11
210019 -61.1087 -23.19 21.11
211686 -61.1087 -23.19 21.11
211033 -61.1087 -23.19 21.11
208900 -61.1087 -23.19 21.11
218062 -61.1087 -23.19 21.11
214875 -61.1087 -23.19 21.11
211022 -61.1087 -23.19 21.11
209065 -61.1087 -23.19 21.11
210302 -61.1087 -23.19 21.11
220180 -61.1087 -23.19 21.11
211758 -61.1087 -23.19 21.11
215388 -61.1087 -23.19 21.11
209495 -61.1087 -23.19 21.11
206852 -61.1087 -23.19 21.11
212836 -61.1087 -23.19 21.11
212875 -61.1087 -23.19 21.11
214427 -61.1087 -23.19 21.11
212846 -61.1087 -23.19 21.11
209019 -61.1087 -23.19 21.11
210816 -61.1087 -23.19 21.11
218192 -61.1087 -23.19 21.11
210619 -61.1087 -23.19 21.11
210206 -61.1087 -23.19 21.11
209379 -61.1087 -23.19 21.11
213611 -61.1087 -23.19 21.11
216985 -61.1087 -23.19 21.11
260646 -62.6091 28.47 24.58
263562 -62.6091 28.47 24.58
264415 -62.6091 28.47 24.58
255259 -62.6091 28.47 24.58
253530 -62.6091 28.47 24.58
257707 -62.6091 28.47 24.58
267981 -62.6091 28.47 24.58
263287 -62.6091 28.47 24.58
258091 -62.6091 28.47 24.58
258695 -62.6091 28.47 24.58
257367 -62.6091 28.47 24.58
262091 -62.6091 28.47 24.58
254044 -62.6091 28.47 24.58
264074 -62.6091 28.47 24.58
263921 -62.6091 28.47 24.58
261969 -62.6091 28.47 24.58
255722 -62.6091 28.47 24.58
251054 -62.6091 28.47 24.58
253998 -62.6091 28.47 24.58
255564 -62.6091 28.47 24.58
258769 -62.6091 28.47 24.58
261011 -62.6091 28.47 24.58
259668 -62.6091 28.47 24.58
262665 -62.6091 28.47 24.58
269696 -62.6091 28.47 24.58
258596 -62.6091 28.47 24.58
262983 -62.6091 28.47 24.58
256659 -62.6091 28.47 24.58
259657 -62.6091 28.47 24.58
258420 -62.6091 28.47 24.58
259792 -62.6091 28.47 24.58
258214 -62.6091 28.47 24.58
253218 -62.6091 28.47 24.58
255582 -62.6091 28.47 24.58
263568 -62.6091 28.47 24.58
260331 -62.6091 28.47 24.58
257072 -62.6091 28.47 24.58
260961 -62.6091 28.47 24.58
262944 -62.6091 28.47 24.58
157921 -58.8241 13.73 19.41
154154 -58.8241 13.73 19.41
152109 -58.8241 13.73 19.41
159658 -58.8241 13.73 19.41
158698 -58.8241 13.73 19.41
155773 -58.8241 13.73 19.41
160875 -58.8241 13.73 19.41
153140 -58.8241 13.73 19.41
151958 -58.8241 13.73 19.41
153175 -58.8241 13.73 19.41
160687 -58.8241 13.73 19.41
150372 -58.8241 13.73 19.41
155663 -58.8241 13.73 19.41
152950 -58.8241 13.73 19.41
155057 -58.8241 13.73 19.41
155702 -58.8241 13.73 19.41
165225 -58.8241 13.73 19.41
160357 -58.8241 13.73 19.41
150627 -58.8241 13.73 19.41
153476 -58.8241 13.73 19.41
150611 -58.8241 13.73 19.41
149307 -58.8241 13.73 19.41
154802 -58.8241 13.73 19.41
158860 -58.8241 13.73 19.41
147275 -58.8241 13.73 19.41
150514 -58.8241 13.73 19.41
156134 -58.8241 13.73 19.41
162601 -58.8241 13.73 19.41
157783 -58.8241 13.73 19.41
148503 -58.8241 13.73 19.41
151147 -58.8241 13.73 19.41
159784 -58.8241 13.73 19.41
158911 -58.8241 13.73 19.41
158326 -58.8241 13.73 19.41
148734 -58.8241 13.73 19.41
152133 -58.8241 13.73 19.41
146417 -58.8241 13.73 19.41
161573 -58.8241 13.73 19.41
153351 -58.8241 13.73 19.41
83930 -53.0176 -8.91 -7.68
81009 -53.0176 -8.91 -7.68
84096 -53.0176 -8.91 -7.68
74152 -53.0176 -8.91 -7.68
76165 -53.0176 -8.91 -7.68
84070 -53.0176 -8.91 -7.68
80262 -53.0176 -8.91 -7.68
84536 -53.0176 -8.91 -7.68
79784 -53.0176 -8.91 -7.68
79810 -53.0176 -8.91 -7.68
83076 -53.0176 -8.91 -7.68
85840 -53.0176 -8.91 -7.68
89069 -53.0176 -8.91 -7.68
83001 -53.0176 -8.91 -7.68
83443 -53.0176 -8.91 -7.68
84428 -53.0176 -8.91 -7.68
81210 -53.0176 -8.91 -7.68
77157 -53.0176 -8.91 -7.68
77443 -53.0176 -8.91 -7.68
82200 -53.0176 -8.91 -7.68
77946 -53.0176 -8.91 -7.68
80728 -53.0176 -8.91 -7.68
84001 -53.0176 -8.91 -7.68
77434 -53.0176 -8.91 -7.68
79225 -53.0176 -8.91 -7.68
81791 -53.0176 -8.91 -7.68
85022 -53.0176 -8.91 -7.68
80768 -53.0176 -8.91 -7.68
81518 -53.0176 -8.91 -7.68
74821 -53.0176 -8.91 -7.68
79996 -53.0176 -8.91 -7.68
74926 -53.0176 -8.91 -7.68
85600 -53.0176 -8.91 -7.68
77413 -53.0176 -8.91 -7.68
76097 -53.0176 -8.91 -7.68
86917 -53.0176 -8.91 -7.68
81531 -53.0176 -8.91 -7.68
82188 -53.0176 -8.91 -7.68
90266 -53.0176 -8.91 -7.68
209424 -61.0899 12.46 28.7
210674 -61.0899 12.46 28.7
206581 -61.0899 12.46 28.7
207555 -61.0899 12.46 28.7
207597 -61.0899 12.46 28.7
203683 -61.0899 12.46 28.7
202234 -61.0899 12.46 28.7
200022 -61.0899 12.46 28.7
207034 -61.0899 12.46 28.7
206724 -61.0899 12.46 28.7
206639 -61.0899 12.46 28.7
204786 -61.0899 12.46 28.7
208821 -61.0899 12.46 28.7
204111 -61.0899 12.46 28.7
195783 -61.0899 12.46 28.7
204061 -61.0899 12.46 28.7
205602 -61.0899 12.46 28.7
207170 -61.0899 12.46 28.7
208626 -61.0899 12.46 28.7
206987 -61.0899 12.46 28.7
197853 -61.0899 12.46 28.7
206452 -61.0899 12.46 28.7
210045 -61.0899 12.46 28.7
209296 -61.0899 12.46 28.7
206744 -61.0899 12.46 28.7
209557 -61.0899 12.46 28.7
209683 -61.0899 12.46 28.7
203620 -61.0899 12.46 28.7
207133 -61.0899 12.46 28.7
209859 -61.0899 12.46 28.7
209051 -61.0899 12.46 28.7
197810 -61.0899 12.46 28.7
204556 -61.0899 12.46 28.7
213977 -61.0899 12.46 28.7
213680 -61.0899 12.46 28.7
210714 -61.0899 12.46 28.7
212515 -61.0899 12.46 28.7
209688 -61.0899 12.46 28.7
198334 -61.0899 12.46 28.7
198506 -61.1726 17.98 25.99
204097 -61.1726 17.98 25.99
207211 -61.1726 17.98 25.99
209483 -61.1726 17.98 25.99
207909 -61.1726 17.98 25.99
203719 -61.1726 17.98 25.99
204513 -61.1726 17.98 25.99
210237 -61.1726 17.98 25.99
199655 -61.1726 17.98 25.99
206090 -61.1726 17.98 25.99
201428 -61.1726 17.98 25.99
195946 -61.1726 17.98 25.99
195629 -61.1726 17.98 25.99
202986 -61.1726 17.98 25.99
206848 -61.1726 17.98 25.99
200742 -61.1726 17.98 25.99
210943 -61.1726 17.98 25.99
201478 -61.1726 17.98 25.99
200382 -61.1726 17.98 25.99
211843 -61.1726 17.98 25.99
203506 -61.1726 17.98 25.99
206014 -61.1726 17.98 25.99
209783 -61.1726 17.98 25.99
211670 -61.1726 17.98 25.99
207371 -61.1726 17.98 25.99
202777 -61.1726 17.98 25.99
204679 -61.1726 17.98 25.99
200326 -61.1726 17.98 25.99
205110 -61.1726 17.98 25.99
211731 -61.1726 17.98 25.99
206603 -61.1726 17.98 25.99
210339 -61.1726 17.98 25.99
205424 -61.1726 17.98 25.99
211180 -61.1726 17.98 25.99
206165 -61.1726 17.98 25.99
208059 -61.1726 17.98 25.99
201563 -61.1726 17.98 25.99
206972 -61.1726 17.98 25.99
214185 -61.1726 17.98 25.99
65762 -52.2794 8.74 -6.27
67043 -52.2794 8.74 -6.27
65362 -52.2794 8.74 -6.27
65417 -52.2794 8.74 -6.27
63733 -52.2794 8.74 -6.27
61673 -52.2794 8.74 -6.27
67804 -52.2794 8.74 -6.27
62480 -52.2794 8.74 -6.27
64270 -52.2794 8.74 -6.27
66153 -52.2794 8.74 -6.27
66569 -52.2794 8.74 -6.27
69847 -52.2794 8.74 -6.27
69079 -52.2794 8.74 -6.27
69286 -52.2794 8.74 -6.27
64672 -52.2794 8.74 -6.27
72179 -52.2794 8.74 -6.27
65771 -52.2794 8.74 -6.27
67448 -52.2794 8.74 -6.27
64569 -52.2794 8.74 -6.27
65646 -52.2794 8.74 -6.27
60008 -52.2794 8.74 -6.27
60856 -52.2794 8.74 -6.27
67576 -52.2794 8.74 -6.27
71887 -52.2794 8.74 -6.27
61936 -52.2794 8.74 -6.27
64006 -52.2794 8.74 -6.27
66833 -52.2794 8.74 -6.27
70590 -52.2794 8.74 -6.27
67543 -52.2794 8.74 -6.27
67267 -52.2794 8.74 -6.27
63184 -52.2794 8.74 -6.27
61724 -52.2794 8.74 -6.27
67390 -52.2794 8.74 -6.27
67301 -52.2794 8.74 -6.27
69309 -52.2794 8.74 -6.27
70142 -52.2794 8.74 -6.27
70548 -52.2794 8.74 -6.27
72017 -52.2794 8.74 -6.27
72497 -52.2794 8.74 -6.27
93824 -53.6427 -5.12 -11.61
85428 -53.6427 -5.12 -11.61
88499 -53.6427 -5.12 -11.61
87018 -53.6427 -5.12 -11.61
94796 -53.6427 -5.12 -11.61
91586 -53.6427 -5.12 -11.61
93747 -53.6427 -5.12 -11.61
87198 -53.6427 -5.12 -11.61
89512 -53.6427 -5.12 -11.61
86788 -53.6427 -5.12 -11.61
87167 -53.6427 -5.12 -11.61
84209 -53.6427 -5.12 -11.61
92493 -53.6427 -5.12 -11.61
89057 -53.6427 -5.12 -11.61
89595 -53.6427 -5.12 -11.61
90113 -53.6427 -5.12 -11.61
88122 -53.6427 -5.12 -11.61
88529 -53.6427 -5.12 -11.61
87170 -53.6427 -5.12 -11.61
91117 -53.6427 -5.12 -11.61
90205 -53.6427 -5.12 -11.61
93081 -53.6427 -5.12 -11.61
90609 -53.6427 -5.12 -11.61
93151 -53.6427 -5.12 -11.61
93036 -53.6427 -5.12 -11.61
87304 -53.6427 -5.12 -11.61
90823 -53.6427 -5.12 -11.61
89912 -53.6427 -5.12 -11.61
92328 -53.6427 -5.12 -11.61
90893 -53.6427 -5.12 -11.61
88766 -53.6427 -5.12 -11.61
94067 -53.6427 -5.12 -11.61
90682 -53.6427 -5.12 -11.61
97874 -53.6427 -5.12 -11.61
91848 -53.6427 -5.12 -11.61
89917 -53.6427 -5.12 -11.61
91073 -53.6427 -5.12 -11.61
87958 -53.6427 -5.12 -11.61
86925 -53.6427 -5.12 -11.61
135059 -57.5416 12.36 -16.17
130865 -57.5416 12.36 -16.17
130127 -57.5416 12.36 -16.17
133563 -57.5416 12.36 -16.17
125512 -57.5416 12.36 -16.17
134726 -57.5416 12.36 -16.17
127139 -57.5416 12.36 -16.17
123126 -57.5416 12.36 -16.17
131857 -57.5416 12.36 -16.17
134021 -57.5416 12.36 -16.17
119439 -57.5416 12.36 -16.17
131983 -57.5416 12.36 -16.17
133321 -57.5416 12.36 -16.17
134715 -57.5416 12.36 -16.17
135143 -57.5416 12.36 -16.17
128543 -57.5416 12.36 -16.17
127439 -57.5416 12.36 -16.17
129487 -57.5416 12.36 -16.17
137455 -57.5416 12.36 -16.17
131727 -57.5416 12.36 -16.17
129443 -57.5416 12.36 -16.17
130743 -57.5416 12.36 -16.17
124542 -57.5416 12.36 -16.17
130584 -57.5416 12.36 -16.17
125569 -57.5416 12.36 -16.17
123627 -57.5416 12.36 -16.17
131365 -57.5416 12.36 -16.17
128048 -57.5416 12.36 -16.17
132480 -57.5416 12.36 -16.17
135070 -57.5416 12.36 -16.17
131476 -57.5416 12.36 -16.17
134525 -57.5416 12.36 -16.17
128273 -57.5416 12.36 -16.17
126644 -57.5416 12.36 -16.17
129327 -57.5416 12.36 -16.17
132942 -57.5416 12.36 -16.17
131315 -57.5416 12.36 -16.17
130509 -57.5416 12.36 -16.17
131213 -57.5416 12.36 -16.17
119213 -56.1573 -15.2 8.07
121433 -56.1573 -15.2 8.07
119892 -56.1573 -15.2 8.07
115298 -56.1573 -15.2 8.07
118415 -56.1573 -15.2 8.07
113492 -56.1573 -15.2 8.07
121957 -56.1573 -15.2 8.07
116389 -56.1573 -15.2 8.07
114378 -56.1573 -15.2 8.07
118407 -56.1573 -15.2 8.07
121594 -56.1573 -15.2 8.07
114182 -56.1573 -15.2 8.07
115833 -56.1573 -15.2 8.07
117476 -56.1573 -15.2 8.07
118747 -56.1573 -15.2 8.07
118552 -56.1573 -15.2 8.07
120082 -56.1573 -15.2 8.07
117955 -56.1573 -15.2 8.07
118675 -56.1573 -15.2 8.07
117387 -56.1573 -15.2 8.07
117688 -56.1573 -15.2 8.07
118554 -56.1573 -15.2 8.07
116135 -56.1573 -15.2 8.07
115110 -56.1573 -15.2 8.07
121254 -56.1573 -15.2 8.07
116177 -56.1573 -15.2 8.07
114517 -56.1573 -15.2 8.07
112163 -56.1573 -15.2 8.07
120402 -56.1573 -15.2 8.07
123109 -56.1573 -15.2 8.07
115783 -56.1573 -15.2 8.07
114819 -56.1573 -15.2 8.07
116978 -56.1573 -15.2 8.07
116183 -56.1573 -15.2 8.07
120452 -56.1573 -15.2 8.07
107878 -56.1573 -15.2 8.07
111133 -56.1573 -15.2 8.07
120345 -56.1573 -15.2 8.07
121990 -56.1573 -15.2 8.07
