#rtt sig_str x y
189652 -60.5465 -28.96 -4.41
198923 -60.5465 -28.96 -4.41
188820 -60.5465 -28.96 -4.41
194791 -60.5465 -28.96 -4.41
188132 -60.5465 -28.96 -4.41
195177 -60.5465 -28.96 -4.41
187814 -60.5465 -28.96 -4.41
190190 -60.5465 -28.96 -4.41
190878 -60.5465 -28.96 -4.41
192419 -60.5465 -28.96 -4.41
200703 -60.5465 -28.96 -4.41
188957 -60.5465 -28.96 -4.41
193530 -60.5465 -28.96 -4.41
192504 -60.5465 -28.96 -4.41
195485 -60.5465 -28.96 -4.41
190517 -60.5465 -28.96 -4.41
195991 -60.5465 -28.96 -4.41
194811 -60.5465 -28.96 -4.41
188575 -60.5465 -28.96 -4.41
200082 -60.5465 -28.96 -4.41
191041 -60.5465 -28.96 -4.41
194337 -60.5465 -28.96 -4.41
186779 -60.5465 -28.96 -4.41
188199 -60.5465 -28.96 -4.41
194445 -60.5465 -28.96 -4.41
202023 -60.5465 -28.96 -4.41
187246 -60.5465 -28.96 -4.41
197704 -60.5465 -28.96 -4.41
192917 -60.5465 -28.96 -4.41
200801 -60.5465 -28.96 -4.41
193953 -60.5465 -28.96 -4.41
186858 -60.5465 -28.96 -4.41
184550 -60.5465 -28.96 -4.41
199215 -60.5465 -28.96 -4.41
184842 -60.5465 -28.96 -4.41
194113 -60.5465 -28.96 -4.41
188703 -60.5465 -28.96 -4.41
195084 -60.5465 -28.96 -4.41
194013 -60.5465 -28.96 -4.41
179683 -59.9827 23.5 -14.01
179823 -59.9827 23.5 -14.01
189462 -59.9827 23.5 -14.01
189070 -59.9827 23.5 -14.01
187370 -59.9827 23.5 -14.01
185683 -59.9827 23.5 -14.01
190597 -59.9827 23.5 -14.01
190016 -59.9827 23.5 -14.01
185785 -59.9827 23.5 -14.01
192035 -59.9827 23.5 -14.01
180249 -59.9827 23.5 -14.01
187022 -59.9827 23.5 -14.01
192047 -59.9827 23.5 -14.01
196796 -59.9827 23.5 -14.01
183910 -59.9827 23.5 -14.01
190513 -59.9827 23.5 -14.01
186227 -59.9827 23.5 -14.01
185902 -59.9827 23.5 -14.01
184262 -59.9827 23.5 -14.01
185663 -59.9827 23.5 -14.01
188424 -59.9827 23.5 -14.01
190244 -59.9827 23.5 -14.01
181242 -59.9827 23.5 -14.01
184646 -59.9827 23.5 -14.01
179999 -59.9827 23.5 -14.01
181728 -59.9827 23.5 -14.01
183891 -59.9827 23.5 -14.01
183662 -59.9827 23.5 -14.01
193421 -59.9827 23.5 -14.01
190182 -59.9827 23.5 -14.01
190275 -59.9827 23.5 -14.01
176690 -59.9827 23.5 -14.01
193381 -59.9827 23.5 -14.01
187432 -59.9827 23.5 -14.01
186993 -59.9827 23.5 -14.01
178436 -59.9827 23.5 -14.01
188557 -59.9827 23.5 -14.01
183402 -59.9827 23.5 -14.01
190855 -59.9827 23.5 -14.01
113992 -56.2367 -12.91 11.63
114229 -56.2367 -12.91 11.63
112427 -56.2367 -12.91 11.63
111208 -56.2367 -12.91 11.63
111678 -56.2367 -12.91 11.63
121214 -56.2367 -12.91 11.63
112580 -56.2367 -12.91 11.63
108593 -56.2367 -12.91 11.63
119878 -56.2367 -12.91 11.63
113128 -56.2367 -12.91 11.63
111872 -56.2367 -12.91 11.63
113735 -56.2367 -12.91 11.63
114745 -56.2367 -12.91 11.63
116514 -56.2367 -12.91 11.63
108951 -56.2367 -12.91 11.63
116372 -56.2367 -12.91 11.63
113811 -56.2367 -12.91 11.63
113896 -56.2367 -12.91 11.63
114168 -56.2367 -12.91 11.63
109890 -56.2367 -12.91 11.63
115097 -56.2367 -12.91 11.63
115126 -56.2367 -12.91 11.63
117102 -56.2367 -12.91 11.63
115306 -56.2367 -12.91 11.63
110853 -56.2367 -12.91 11.63
114472 -56.2367 -12.91 11.63
107995 -56.2367 -12.91 11.63
119455 -56.2367 -12.91 11.63
107913 -56.2367 -12.91 11.63
108780 -56.2367 -12.91 11.63
108798 -56.2367 -12.91 11.63
115141 -56.2367 -12.91 11.63
116199 -56.2367 -12.91 11.63
118672 -56.2367 -12.91 11.63
108133 -56.2367 -12.91 11.63
116636 -56.2367 -12.91 11.63
112214 -56.2367 -12.91 11.63
114995 -56.2367 -12.91 11.63
112629 -56.2367 -12.91 11.63
173851 -59.6953 -12.06 -23.51
165396 -59.6953 -12.06 -23.51
171887 -59.6953 -12.06 -23.51
164121 -59.6953 -12.06 -23.51
162482 -59.6953 -12.06 -23.51
166360 -59.6953 -12.06 -23.51
166792 -59.6953 -12.06 -23.51
172659 -59.6953 -12.06 -23.51
165984 -59.6953 -12.06 -23.51
169271 -59.6953 -12.06 -23.51
165348 -59.6953 -12.06 -23.51
164752 -59.6953 -12.06 -23.51
166043 -59.6953 -12.06 -23.51
171544 -59.6953 -12.06 -23.51
178932 -59.6953 -12.06 -23.51
172779 -59.6953 -12.06 -23.51
168096 -59.6953 -12.06 -23.51
171909 -59.6953 -12.06 -23.51
165239 -59.6953 -12.06 -23.51
168975 -59.6953 -12.06 -23.51
163685 -59.6953 -12.06 -23.51
167949 -59.6953 -12.06 -23.51
171360 -59.6953 -12.06 -23.51
165806 -59.6953 -12.06 -23.51
160901 -59.6953 -12.06 -23.51
172803 -59.6953 -12.06 -23.51
163762 -59.6953 -12.06 -23.51
161199 -59.6953 -12.06 -23.51
164069 -59.6953 -12.06 -23.51
168175 -59.6953 -12.06 -23.51
171561 -59.6953 -12.06 -23.51
167555 -59.6953 -12.06 -23.51
172104 -59.6953 -12.06 -23.51
173496 -59.6953 -12.06 -23.51
168149 -59.6953 -12.06 -23.51
170210 -59.6953 -12.06 -23.51
171708 -59.6953 -12.06 -23.51
170960 -59.6953 -12.06 -23.51
166780 -59.6953 -12.06 -23.51
209146 -61.4958 17.53 27.8
210514 -61.4958 17.53 27.8
208866 -61.4958 17.53 27.8
209891 -61.4958 17.53 27.8
220081 -61.4958 17.53 27.8
218796 -61.4958 17.53 27.8
218079 -61.4958 17.53 27.8
207516 -61.4958 17.53 27.8
216084 -61.4958 17.53 27.8
217033 -61.4958 17.53 27.8
210859 -61.4958 17.53 27.8
207950 -61.4958 17.53 27.8
211159 -61.4958 17.53 27.8
214974 -61.4958 17.53 27.8
215243 -61.4958 17.53 27.8
208659 -61.4958 17.53 27.8
206356 -61.4958 17.53 27.8
210803 -61.4958 17.53 27.8
209835 -61.4958 17.53 27.8
213720 -61.4958 17.53 27.8
204802 -61.4958 17.53 27.8
209699 -61.4958 17.53 27.8
208684 -61.4958 17.53 27.8
207507 -61.4958 17.53 27.8
206656 -61.4958 17.53 27.8
212496 -61.4958 17.53 27.8
203450 -61.4958 17.53 27.8
204971 -61.4958 17.53 27.8
212239 -61.4958 17.53 27.8
212332 -61.4958 17.53 27.8
207839 -61.4958 17.53 27.8
210960 -61.4958 17.53 27.8
213670 -61.4958 17.53 27.8
209012 -61.4958 17.53 27.8
201992 -61.4958 17.53 27.8
214704 -61.4958 17.53 27.8
219066 -61.4958 17.53 27.8
213364 -61.4958 17.53 27.8
207710 -61.4958 17.53 27.8
89597 -53.3387 -10.53 -6.22
84643 -53.3387 -10.53 -6.22
79862 -53.3387 -10.53 -6.22
84842 -53.3387 -10.53 -6.22
79431 -53.3387 -10.53 -6.22
78855 -53.3387 -10.53 -6.22
86885 -53.3387 -10.53 -6.22
81762 -53.3387 -10.53 -6.22
71855 -53.3387 -10.53 -6.22
82257 -53.3387 -10.53 -6.22
84262 -53.3387 -10.53 -6.22
79611 -53.3387 -10.53 -6.22
80804 -53.3387 -10.53 -6.22
77525 -53.3387 -10.53 -6.22
83211 -53.3387 -10.53 -6.22
77242 -53.3387 -10.53 -6.22
77008 -53.3387 -10.53 -6.22
76420 -53.3387 -10.53 -6.22
84572 -53.3387 -10.53 -6.22
86034 -53.3387 -10.53 -6.22
86341 -53.3387 -10.53 -6.22
81637 -53.3387 -10.53 -6.22
84874 -53.3387 -10.53 -6.22
81474 -53.3387 -10.53 -6.22
83953 -53.3387 -10.53 -6.22
81628 -53.3387 -10.53 -6.22
81490 -53.3387 -10.53 -6.22
82410 -53.3387 -10.53 -6.22
79755 -53.3387 -10.53 -6.22
87953 -53.3387 -10.53 -6.22
78646 -53.3387 -10.53 -6.22
79997 -53.3387 -10.53 -6.22
78277 -53.3387 -10.53 -6.22
81459 -53.3387 -10.53 -6.22
77920 -53.3387 -10.53 -6.22
84734 -53.3387 -10.53 -6.22
81456 -53.3387 -10.53 -6.22
81961 -53.3387 -10.53 -6.22
86500 -53.3387 -10.53 -6.22
143730 -58.1554 21.89 -1.23
142590 -58.1554 21.89 -1.23
136704 -58.1554 21.89 -1.23
147560 -58.1554 21.89 -1.23
143899 -58.1554 21.89 -1.23
144853 -58.1554 21.89 -1.23
151153 -58.1554 21.89 -1.23
145885 -58.1554 21.89 -1.23
148326 -58.1554 21.89 -1.23
146849 -58.1554 21.89 -1.23
143730 -58.1554 21.89 -1.23
144980 -58.1554 21.89 -1.23
150350 -58.1554 21.89 -1.23
149791 -58.1554 21.89 -1.23
147603 -58.1554 21.89 -1.23
148471 -58.1554 21.89 -1.23
144052 -58.1554 21.89 -1.23
141202 -58.1554 21.89 -1.23
147725 -58.1554 21.89 -1.23
147480 -58.1554 21.89 -1.23
147478 -58.1554 21.89 -1.23
145176 -58.1554 21.89 -1.23
144448 -58.1554 21.89 -1.23
143980 -58.1554 21.89 -1.23
147158 -58.1554 21.89 -1.23
152635 -58.1554 21.89 -1.23
149423 -58.1554 21.89 -1.23
149261 -58.1554 21.89 -1.23
155144 -58.1554 21.89 -1.23
146547 -58.1554 21.89 -1.23
133055 -58.1554 21.89 -1.23
150436 -58.1554 21.89 -1.23
137839 -58.1554 21.89 -1.23
148203 -58.1554 21.89 -1.23
146391 -58.1554 21.89 -1.23
152031 -58.1554 21.89 -1.23
144401 -58.1554 21.89 -1.23
150224 -58.1554 21.89 -1.23
152720 -58.1554 21.89 -1.23
95297 -55.1114 -3.15 14.83
96901 -55.1114 -3.15 14.83
97671 -55.1114 -3.15 14.83
94055 -55.1114 -3.15 14.83
97922 -55.1114 -3.15 14.83
97149 -55.1114 -3.15 14.83
99398 -55.1114 -3.15 14.83
98219 -55.1114 -3.15 14.83
97134 -55.1114 -3.15 14.83
98868 -55.1114 -3.15 14.83
95970 -55.1114 -3.15 14.83
94643 -55.1114 -3.15 14.83
93201 -55.1114 -3.15 14.83
94165 -55.1114 -3.15 14.83
95496 -55.1114 -3.15 14.83
96678 -55.1114 -3.15 14.83
91120 -55.1114 -3.15 14.83
97014 -55.1114 -3.15 14.83
99410 -55.1114 -3.15 14.83
97626 -55.1114 -3.15 14.83
94810 -55.1114 -3.15 14.83
101958 -55.1114 -3.15 14.83
96635 -55.1114 -3.15 14.83
96530 -55.1114 -3.15 14.83
102022 -55.1114 -3.15 14.83
99429 -55.1114 -3.15 14.83
92224 -55.1114 -3.15 14.83
88946 -55.1114 -3.15 14.83
99289 -55.1114 -3.15 14.83
96193 -55.1114 -3.15 14.83
103414 -55.1114 -3.15 14.83
101403 -55.1114 -3.15 14.83
96183 -55.1114 -3.15 14.83
93539 -55.1114 -3.15 14.83
100820 -55.1114 -3.15 14.83
93834 -55.1114 -3.15 14.83
103652 -55.1114 -3.15 14.83
96987 -55.1114 -3.15 14.83
94944 -55.1114 -3.15 14.83
29825 -44.2803 2.89 -2.88
33199 -44.2803 2.89 -2.88
24825 -44.2803 2.89 -2.88
29014 -44.2803 2.89 -2.88
33353 -44.2803 2.89 -2.88
29178 -44.2803 2.89 -2.88
31921 -44.2803 2.89 -2.88
27008 -44.2803 2.89 -2.88
25486 -44.2803 2.89 -2.88
32522 -44.2803 2.89 -2.88
29961 -44.2803 2.89 -2.88
32251 -44.2803 2.89 -2.88
20137 -44.2803 2.89 -2.88
27934 -44.2803 2.89 -2.88
28379 -44.2803 2.89 -2.88
27974 -44.2803 2.89 -2.88
29511 -44.2803 2.89 -2.88
32837 -44.2803 2.89 -2.88
31753 -44.2803 2.89 -2.88
32510 -44.2803 2.89 -2.88
28947 -44.2803 2.89 -2.88
25550 -44.2803 2.89 -2.88
24182 -44.2803 2.89 -2.88
25603 -44.2803 2.89 -2.88
24569 -44.2803 2.89 -2.88
26081 -44.2803 2.89 -2.88
24214 -44.2803 2.89 -2.88
33265 -44.2803 2.89 -2.88
23836 -44.2803 2.89 -2.88
29203 -44.2803 2.89 -2.88
32927 -44.2803 2.89 -2.88
35430 -44.2803 2.89 -2.88
32080 -44.2803 2.89 -2.88
29775 -44.2803 2.89 -2.88
27073 -44.2803 2.89 -2.88
34053 -44.2803 2.89 -2.88
32922 -44.2803 2.89 -2.88
25675 -44.2803 2.89 -2.88
27284 -44.2803 2.89 -2.88
87372 -53.5095 -8.57 9.08
77433 -53.5095 -8.57 9.08
80296 -53.5095 -8.57 9.08
88887 -53.5095 -8.57 9.08
85377 -53.5095 -8.57 9.08
86869 -53.5095 -8.57 9.08
85277 -53.5095 -8.57 9.08
86020 -53.5095 -8.57 9.08
82917 -53.5095 -8.57 9.08
80632 -53.5095 -8.57 9.08
77574 -53.5095 -8.57 9.08
86141 -53.5095 -8.57 9.08
90209 -53.5095 -8.57 9.08
90271 -53.5095 -8.57 9.08
90196 -53.5095 -8.57 9.08
79339 -53.5095 -8.57 9.08
86503 -53.5095 -8.57 9.08
82218 -53.5095 -8.57 9.08
86799 -53.5095 -8.57 9.08
87128 -53.5095 -8.57 9.08
88112 -53.5095 -8.57 9.08
88516 -53.5095 -8.57 9.08
86515 -53.5095 -8.57 9.08
94246 -53.5095 -8.57 9.08
93244 -53.5095 -8.57 9.08
87643 -53.5095 -8.57 9.08
86082 -53.5095 -8.57 9.08
81211 -53.5095 -8.57 9.08
82359 -53.5095 -8.57 9.08
84235 -53.5095 -8.57 9.08
85859 -53.5095 -8.57 9.08
85823 -53.5095 -8.57 9.08
85421 -53.5095 -8.57 9.08
87012 -53.5095 -8.57 9.08
87513 -53.5095 -8.57 9.08
91261 -53.5095 -8.57 9.08
85967 -53.5095 -8.57 9.08
84819 -53.5095 -8.57 9.08
91411 -53.5095 -8.57 9.08
