#rtt sig_str x y
73539 -53.2124 -11.94 -1.58
75462 -53.2124 -11.94 -1.58
76063 -53.2124 -11.94 -1.58
71876 -53.2124 -11.94 -1.58
75189 -53.2124 -11.94 -1.58
72031 -53.2124 -11.94 -1.58
76397 -53.2124 -11.94 -1.58
77086 -53.2124 -11.94 -1.58
77767 -53.2124 -11.94 -1.58
78211 -53.2124 -11.94 -1.58
78312 -53.2124 -11.94 -1.58
67164 -53.2124 -11.94 -1.58
80523 -53.2124 -11.94 -1.58
76153 -53.2124 -11.94 -1.58
82365 -53.2124 -11.94 -1.58
81950 -53.2124 -11.94 -1.58
79797 -53.2124 -11.94 -1.58
77849 -53.2124 -11.94 -1.58
73371 -53.2124 -11.94 -1.58
83064 -53.2124 -11.94 -1.58
77121 -53.2124 -11.94 -1.58
73386 -53.2124 -11.94 -1.58
80331 -53.2124 -11.94 -1.58
80120 -53.2124 -11.94 -1.58
74999 -53.2124 -11.94 -1.58
68709 -53.2124 -11.94 -1.58
74238 -53.2124 -11.94 -1.58
78880 -53.2124 -11.94 -1.58
77973 -53.2124 -11.94 -1.58
74212 -53.2124 -11.94 -1.58
73051 -53.2124 -11.94 -1.58
78161 -53.2124 -11.94 -1.58
73073 -53.2124 -11.94 -1.58
73045 -53.2124 -11.94 -1.58
70302 -53.2124 -11.94 -1.58
78177 -53.2124 -11.94 -1.58
80687 -53.2124 -11.94 -1.58
76663 -53.2124 -11.94 -1.58
71922 -53.2124 -11.94 -1.58
149333 -58.1202 -15.18 15.69
148349 -58.1202 -15.18 15.69
147531 -58.1202 -15.18 15.69
154231 -58.1202 -15.18 15.69
145770 -58.1202 -15.18 15.69
153391 -58.1202 -15.18 15.69
146181 -58.1202 -15.18 15.69
141656 -58.1202 -15.18 15.69
144718 -58.1202 -15.18 15.69
145942 -58.1202 -15.18 15.69
146565 -58.1202 -15.18 15.69
150151 -58.1202 -15.18 15.69
151931 -58.1202 -15.18 15.69
153955 -58.1202 -15.18 15.69
148942 -58.1202 -15.18 15.69
147000 -58.1202 -15.18 15.69
145105 -58.1202 -15.18 15.69
144230 -58.1202 -15.18 15.69
150035 -58.1202 -15.18 15.69
148860 -58.1202 -15.18 15.69
147428 -58.1202 -15.18 15.69
146427 -58.1202 -15.18 15.69
149738 -58.1202 -15.18 15.69
145682 -58.1202 -15.18 15.69
149014 -58.1202 -15.18 15.69
149096 -58.1202 -15.18 15.69
147760 -58.1202 -15.18 15.69
156498 -58.1202 -15.18 15.69
145305 -58.1202 -15.18 15.69
144376 -58.1202 -15.18 15.69
153982 -58.1202 -15.18 15.69
142648 -58.1202 -15.18 15.69
145082 -58.1202 -15.18 15.69
143471 -58.1202 -15.18 15.69
149459 -58.1202 -15.18 15.69
147732 -58.1202 -15.18 15.69
153250 -58.1202 -15.18 15.69
145418 -58.1202 -15.18 15.69
145475 -58.1202 -15.18 15.69
208108 -61.1406 25.58 -18.35
210999 -61.1406 25.58 -18.35
207102 -61.1406 25.58 -18.35
207326 -61.1406 25.58 -18.35
209039 -61.1406 25.58 -18.35
206515 -61.1406 25.58 -18.35
204808 -61.1406 25.58 -18.35
204707 -61.1406 25.58 -18.35
209507 -61.1406 25.58 -18.35
209321 -61.1406 25.58 -18.35
211887 -61.1406 25.58 -18.35
208330 -61.1406 25.58 -18.35
213532 -61.1406 25.58 -18.35
202191 -61.1406 25.58 -18.35
207729 -61.1406 25.58 -18.35
211023 -61.1406 25.58 -18.35
208067 -61.1406 25.58 -18.35
199775 -61.1406 25.58 -18.35
204835 -61.1406 25.58 -18.35
211319 -61.1406 25.58 -18.35
210670 -61.1406 25.58 -18.35
206013 -61.1406 25.58 -18.35
203592 -61.1406 25.58 -18.35
209009 -61.1406 25.58 -18.35
209024 -61.1406 25.58 -18.35
210232 -61.1406 25.58 -18.35
207848 -61.1406 25.58 -18.35
207077 -61.1406 25.58 -18.35
204237 -61.1406 25.58 -18.35
198581 -61.1406 25.58 -18.35
206075 -61.1406 25.58 -18.35
212433 -61.1406 25.58 -18.35
207923 -61.1406 25.58 -18.35
208239 -61.1406 25.58 -18.35
210504 -61.1406 25.58 -18.35
203060 -61.1406 25.58 -18.35
215268 -61.1406 25.58 -18.35
206438 -61.1406 25.58 -18.35
210809 -61.1406 25.58 -18.35
198869 -60.2603 23.5 15.76
196292 -60.2603 23.5 15.76
199905 -60.2603 23.5 15.76
193703 -60.2603 23.5 15.76
198200 -60.2603 23.5 15.76
197151 -60.2603 23.5 15.76
197066 -60.2603 23.5 15.76
196744 -60.2603 23.5 15.76
194960 -60.2603 23.5 15.76
197910 -60.2603 23.5 15.76
189548 -60.2603 23.5 15.76
193655 -60.2603 23.5 15.76
202999 -60.2603 23.5 15.76
188865 -60.2603 23.5 15.76
193562 -60.2603 23.5 15.76
193992 -60.2603 23.5 15.76
197121 -60.2603 23.5 15.76
192997 -60.2603 23.5 15.76
198786 -60.2603 23.5 15.76
195510 -60.2603 23.5 15.76
189865 -60.2603 23.5 15.76
193013 -60.2603 23.5 15.76
203273 -60.2603 23.5 15.76
199945 -60.2603 23.5 15.76
198407 -60.2603 23.5 15.76
200413 -60.2603 23.5 15.76
195992 -60.2603 23.5 15.76
197641 -60.2603 23.5 15.76
199785 -60.2603 23.5 15.76
198351 -60.2603 23.5 15.76
187218 -60.2603 23.5 15.76
195137 -60.2603 23.5 15.76
188302 -60.2603 23.5 15.76
192361 -60.2603 23.5 15.76
194310 -60.2603 23.5 15.76
203788 -60.2603 23.5 15.76
201249 -60.2603 23.5 15.76
191219 -60.2603 23.5 15.76
197262 -60.2603 23.5 15.76
107047 -55.2714 11 -10.86
101865 -55.2714 11 -10.86
102146 -55.2714 11 -10.86
101104 -55.2714 11 -10.86
106837 -55.2714 11 -10.86
100513 -55.2714 11 -10.86
105875 -55.2714 11 -10.86
104420 -55.2714 11 -10.86
102628 -55.2714 11 -10.86
104527 -55.2714 11 -10.86
103283 -55.2714 11 -10.86
106614 -55.2714 11 -10.86
100728 -55.2714 11 -10.86
107709 -55.2714 11 -10.86
105684 -55.2714 11 -10.86
103658 -55.2714 11 -10.86
103180 -55.2714 11 -10.86
101004 -55.2714 11 -10.86
101440 -55.2714 11 -10.86
104148 -55.2714 11 -10.86
110934 -55.2714 11 -10.86
96664 -55.2714 11 -10.86
100083 -55.2714 11 -10.86
105810 -55.2714 11 -10.86
104142 -55.2714 11 -10.86
104411 -55.2714 11 -10.86
106379 -55.2714 11 -10.86
110102 -55.2714 11 -10.86
106196 -55.2714 11 -10.86
104298 -55.2714 11 -10.86
101741 -55.2714 11 -10.86
100155 -55.2714 11 -10.86
105956 -55.2714 11 -10.86
109570 -55.2714 11 -10.86
106404 -55.2714 11 -10.86
103785 -55.2714 11 -10.86
101107 -55.2714 11 -10.86
99848 -55.2714 11 -10.86
96257 -55.2714 11 -10.86
189162 -60.2111 4.01 -27.84
190338 -60.2111 4.01 -27.84
191799 -60.2111 4.01 -27.84
185247 -60.2111 4.01 -27.84
186009 -60.2111 4.01 -27.84
196335 -60.2111 4.01 -27.84
191813 -60.2111 4.01 -27.84
189578 -60.2111 4.01 -27.84
188573 -60.2111 4.01 -27.84
188623 -60.2111 4.01 -27.84
190830 -60.2111 4.01 -27.84
194407 -60.2111 4.01 -27.84
191892 -60.2111 4.01 -27.84
186987 -60.2111 4.01 -27.84
195209 -60.2111 4.01 -27.84
191732 -60.2111 4.01 -27.84
187771 -60.2111 4.01 -27.84
185718 -60.2111 4.01 -27.84
192043 -60.2111 4.01 -27.84
196600 -60.2111 4.01 -27.84
185886 -60.2111 4.01 -27.84
196533 -60.2111 4.01 -27.84
186289 -60.2111 4.01 -27.84
190741 -60.2111 4.01 -27.84
193663 -60.2111 4.01 -27.84
188888 -60.2111 4.01 -27.84
185829 -60.2111 4.01 -27.84
186831 -60.2111 4.01 -27.84
188951 -60.2111 4.01 -27.84
198461 -60.2111 4.01 -27.84
190859 -60.2111 4.01 -27.84
191682 -60.2111 4.01 -27.84
188844 -60.2111 4.01 -27.84
186390 -60.2111 4.01 -27.84
190092 -60.2111 4.01 -27.84
191438 -60.2111 4.01 -27.84
189692 -60.2111 4.01 -27.84
189668 -60.2111 4.01 -27.84
187744 -60.2111 4.01 -27.84
92060 -54.8363 2.82 14.39
101377 -54.8363 2.82 14.39
90212 -54.8363 2.82 14.39
93407 -54.8363 2.82 14.39
98175 -54.8363 2.82 14.39
95767 -54.8363 2.82 14.39
97773 -54.8363 2.82 14.39
97049 -54.8363 2.82 14.39
95484 -54.8363 2.82 14.39
92387 -54.8363 2.82 14.39
98315 -54.8363 2.82 14.39
96922 -54.8363 2.82 14.39
97778 -54.8363 2.82 14.39
96849 -54.8363 2.82 14.39
94189 -54.8363 2.82 14.39
92191 -54.8363 2.82 14.39
94330 -54.8363 2.82 14.39
99087 -54.8363 2.82 14.39
89201 -54.8363 2.82 14.39
96224 -54.8363 2.82 14.39
94628 -54.8363 2.82 14.39
92979 -54.8363 2.82 14.39
95700 -54.8363 2.82 14.39
93041 -54.8363 2.82 14.39
97028 -54.8363 2.82 14.39
96667 -54.8363 2.82 14.39
92774 -54.8363 2.82 14.39
94450 -54.8363 2.82 14.39
94772 -54.8363 2.82 14.39
98909 -54.8363 2.82 14.39
96714 -54.8363 2.82 14.39
93208 -54.8363 2.82 14.39
95140 -54.8363 2.82 14.39
97302 -54.8363 2.82 14.39
90867 -54.8363 2.82 14.39
97603 -54.8363 2.82 14.39
93463 -54.8363 2.82 14.39
91459 -54.8363 2.82 14.39
89512 -54.8363 2.82 14.39
161951 -59.4848 -17.38 -19.01
168551 -59.4848 -17.38 -19.01
172158 -59.4848 -17.38 -19.01
157192 -59.4848 -17.38 -19.01
169672 -59.4848 -17.38 -19.01
170320 -59.4848 -17.38 -19.01
166587 -59.4848 -17.38 -19.01
168175 -59.4848 -17.38 -19.01
161821 -59.4848 -17.38 -19.01
164539 -59.4848 -17.38 -19.01
166371 -59.4848 -17.38 -19.01
166770 -59.4848 -17.38 -19.01
164329 -59.4848 -17.38 -19.01
166567 -59.4848 -17.38 -19.01
165871 -59.4848 -17.38 -19.01
165987 -59.4848 -17.38 -19.01
162025 -59.4848 -17.38 -19.01
166960 -59.4848 -17.38 -19.01
169222 -59.4848 -17.38 -19.01
163341 -59.4848 -17.38 -19.01
164142 -59.4848 -17.38 -19.01
167775 -59.4848 -17.38 -19.01
163810 -59.4848 -17.38 -19.01
173185 -59.4848 -17.38 -19.01
176903 -59.4848 -17.38 -19.01
172255 -59.4848 -17.38 -19.01
172280 -59.4848 -17.38 -19.01
169692 -59.4848 -17.38 -19.01
164606 -59.4848 -17.38 -19.01
179444 -59.4848 -17.38 -19.01
163193 -59.4848 -17.38 -19.01
167480 -59.4848 -17.38 -19.01
166834 -59.4848 -17.38 -19.01
165094 -59.4848 -17.38 -19.01
171740 -59.4848 -17.38 -19.01
168234 -59.4848 -17.38 -19.01
161921 -59.4848 -17.38 -19.01
162629 -59.4848 -17.38 -19.01
169685 -59.4848 -17.38 -19.01
162988 -59.5438 16.19 20.27
169859 -59.5438 16.19 20.27
170370 -59.5438 16.19 20.27
168541 -59.5438 16.19 20.27
169205 -59.5438 16.19 20.27
167687 -59.5438 16.19 20.27
164770 -59.5438 16.19 20.27
164128 -59.5438 16.19 20.27
171762 -59.5438 16.19 20.27
165157 -59.5438 16.19 20.27
170333 -59.5438 16.19 20.27
163668 -59.5438 16.19 20.27
175122 -59.5438 16.19 20.27
165378 -59.5438 16.19 20.27
166512 -59.5438 16.19 20.27
171685 -59.5438 16.19 20.27
169608 -59.5438 16.19 20.27
164961 -59.5438 16.19 20.27
162711 -59.5438 16.19 20.27
170846 -59.5438 16.19 20.27
164275 -59.5438 16.19 20.27
166597 -59.5438 16.19 20.27
168630 -59.5438 16.19 20.27
165488 -59.5438 16.19 20.27
171509 -59.5438 16.19 20.27
170129 -59.5438 16.19 20.27
167966 -59.5438 16.19 20.27
166084 -59.5438 16.19 20.27
166990 -59.5438 16.19 20.27
171517 -59.5438 16.19 20.27
168399 -59.5438 16.19 20.27
166790 -59.5438 16.19 20.27
171572 -59.5438 16.19 20.27
172100 -59.5438 16.19 20.27
170032 -59.5438 16.19 20.27
165423 -59.5438 16.19 20.27
167108 -59.5438 16.19 20.27
171289 -59.5438 16.19 20.27
167186 -59.5438 16.19 20.27
222772 -61.8867 23.78 24.94
228851 -61.8867 23.78 24.94
239584 -61.8867 23.78 24.94
230208 -61.8867 23.78 24.94
233677 -61.8867 23.78 24.94
226564 -61.8867 23.78 24.94
227112 -61.8867 23.78 24.94
229451 -61.8867 23.78 24.94
229654 -61.8867 23.78 24.94
232705 -61.8867 23.78 24.94
232986 -61.8867 23.78 24.94
230437 -61.8867 23.78 24.94
224986 -61.8867 23.78 24.94
226287 -61.8867 23.78 24.94
235313 -61.8867 23.78 24.94
234736 -61.8867 23.78 24.94
230260 -61.8867 23.78 24.94
223728 -61.8867 23.78 24.94
222425 -61.8867 23.78 24.94
228126 -61.8867 23.78 24.94
232777 -61.8867 23.78 24.94
237488 -61.8867 23.78 24.94
224300 -61.8867 23.78 24.94
227992 -61.8867 23.78 24.94
229007 -61.8867 23.78 24.94
231413 -61.8867 23.78 24.94
233276 -61.8867 23.78 24.94
220585 -61.8867 23.78 24.94
226159 -61.8867 23.78 24.94
229497 -61.8867 23.78 24.94
227339 -61.8867 23.78 24.94
236130 -61.8867 23.78 24.94
237285 -61.8867 23.78 24.94
231073 -61.8867 23.78 24.94
234092 -61.8867 23.78 24.94
221526 -61.8867 23.78 24.94
228366 -61.8867 23.78 24.94
226446 -61.8867 23.78 24.94
233781 -61.8867 23.78 24.94
