#rtt sig_str x y
144605 -58.2778 -0.32 -22.25
147852 -58.2778 -0.32 -22.25
155829 -58.2778 -0.32 -22.25
144889 -58.2778 -0.32 -22.25
147172 -58.2778 -0.32 -22.25
147803 -58.2778 -0.32 -22.25
148974 -58.2778 -0.32 -22.25
146445 -58.2778 -0.32 -22.25
148736 -58.2778 -0.32 -22.25
151667 -58.2778 -0.32 -22.25
151690 -58.2778 -0.32 -22.25
155765 -58.2778 -0.32 -22.25
145266 -58.2778 -0.32 -22.25
143275 -58.2778 -0.32 -22.25
150667 -58.2778 -0.32 -22.25
151128 -58.2778 -0.32 -22.25
149777 -58.2778 -0.32 -22.25
150797 -58.2778 -0.32 -22.25
147259 -58.2778 -0.32 -22.25
154748 -58.2778 -0.32 -22.25
159207 -58.2778 -0.32 -22.25
151495 -58.2778 -0.32 -22.25
153180 -58.2778 -0.32 -22.25
155268 -58.2778 -0.32 -22.25
145479 -58.2778 -0.32 -22.25
147947 -58.2778 -0.32 -22.25
155718 -58.2778 -0.32 -22.25
154683 -58.2778 -0.32 -22.25
153952 -58.2778 -0.32 -22.25
146169 -58.2778 -0.32 -22.25
159066 -58.2778 -0.32 -22.25
142936 -58.2778 -0.32 -22.25
150136 -58.2778 -0.32 -22.25
153502 -58.2778 -0.32 -22.25
145554 -58.2778 -0.32 -22.25
152319 -58.2778 -0.32 -22.25
157195 -58.2778 -0.32 -22.25
144069 -58.2778 -0.32 -22.25
147745 -58.2778 -0.32 -22.25
195923 -60.8276 -16.32 -25.54
192135 -60.8276 -16.32 -25.54
193492 -60.8276 -16.32 -25.54
189355 -60.8276 -16.32 -25.54
196725 -60.8276 -16.32 -25.54
196327 -60.8276 -16.32 -25.54
194272 -60.8276 -16.32 -25.54
193755 -60.8276 -16.32 -25.54
197280 -60.8276 -16.32 -25.54
193882 -60.8276 -16.32 -25.54
200886 -60.8276 -16.32 -25.54
188511 -60.8276 -16.32 -25.54
195818 -60.8276 -16.32 -25.54
193276 -60.8276 -16.32 -25.54
188505 -60.8276 -16.32 -25.54
192832 -60.8276 -16.32 -25.54
189801 -60.8276 -16.32 -25.54
189132 -60.8276 -16.32 -25.54
194266 -60.8276 -16.32 -25.54
198320 -60.8276 -16.32 -25.54
194076 -60.8276 -16.32 -25.54
202294 -60.8276 -16.32 -25.54
188502 -60.8276 -16.32 -25.54
187672 -60.8276 -16.32 -25.54
190987 -60.8276 -16.32 -25.54
197502 -60.8276 -16.32 -25.54
195477 -60.8276 -16.32 -25.54
192019 -60.8276 -16.32 -25.54
188911 -60.8276 -16.32 -25.54
193017 -60.8276 -16.32 -25.54
201865 -60.8276 -16.32 -25.54
189596 -60.8276 -16.32 -25.54
193466 -60.8276 -16.32 -25.54
191422 -60.8276 -16.32 -25.54
197237 -60.8276 -16.32 -25.54
192850 -60.8276 -16.32 -25.54
198193 -60.8276 -16.32 -25.54
192738 -60.8276 -16.32 -25.54
189806 -60.8276 -16.32 -25.54
100258 -55.6004 -14.67 6.6
104482 -55.6004 -14.67 6.6
109213 -55.6004 -14.67 6.6
102898 -55.6004 -14.67 6.6
105481 -55.6004 -14.67 6.6
107654 -55.6004 -14.67 6.6
104216 -55.6004 -14.67 6.6
104136 -55.6004 -14.67 6.6
102026 -55.6004 -14.67 6.6
98166 -55.6004 -14.67 6.6
109398 -55.6004 -14.67 6.6
107789 -55.6004 -14.67 6.6
105792 -55.6004 -14.67 6.6
99869 -55.6004 -14.67 6.6
107926 -55.6004 -14.67 6.6
102295 -55.6004 -14.67 6.6
103705 -55.6004 -14.67 6.6
96653 -55.6004 -14.67 6.6
106989 -55.6004 -14.67 6.6
103238 -55.6004 -14.67 6.6
102185 -55.6004 -14.67 6.6
111009 -55.6004 -14.67 6.6
103122 -55.6004 -14.67 6.6
97695 -55.6004 -14.67 6.6
105288 -55.6004 -14.67 6.6
93300 -55.6004 -14.67 6.6
103540 -55.6004 -14.67 6.6
111116 -55.6004 -14.67 6.6
99387 -55.6004 -14.67 6.6
102790 -55.6004 -14.67 6.6
107930 -55.6004 -14.67 6.6
105721 -55.6004 -14.67 6.6
94635 -55.6004 -14.67 6.6
106280 -55.6004 -14.67 6.6
105797 -55.6004 -14.67 6.6
105602 -55.6004 -14.67 6.6
113596 -55.6004 -14.67 6.6
105440 -55.6004 -14.67 6.6
105280 -55.6004 -14.67 6.6
192854 -60.5723 -6.22 -28.72
190977 -60.5723 -6.22 -28.72
189327 -60.5723 -6.22 -28.72
192356 -60.5723 -6.22 -28.72
195184 -60.5723 -6.22 -28.72
190947 -60.5723 -6.22 -28.72
197588 -60.5723 -6.22 -28.72
187695 -60.5723 -6.22 -28.72
195100 -60.5723 -6.22 -28.72
192343 -60.5723 -6.22 -28.72
198789 -60.5723 -6.22 -28.72
192698 -60.5723 -6.22 -28.72
188597 -60.5723 -6.22 -28.72
187067 -60.5723 -6.22 -28.72
191401 -60.5723 -6.22 -28.72
198915 -60.5723 -6.22 -28.72
196954 -60.5723 -6.22 -28.72
189482 -60.5723 -6.22 -28.72
192584 -60.5723 -6.22 -28.72
190605 -60.5723 -6.22 -28.72
186636 -60.5723 -6.22 -28.72
189380 -60.5723 -6.22 -28.72
186726 -60.5723 -6.22 -28.72
192771 -60.5723 -6.22 -28.72
190487 -60.5723 -6.22 -28.72
192882 -60.5723 -6.22 -28.72
204376 -60.5723 -6.22 -28.72
198824 -60.5723 -6.22 -28.72
183315 -60.5723 -6.22 -28.72
195998 -60.5723 -6.22 -28.72
191624 -60.5723 -6.22 -28.72
192294 -60.5723 -6.22 -28.72
190497 -60.5723 -6.22 -28.72
195910 -60.5723 -6.22 -28.72
193863 -60.5723 -6.22 -28.72
190280 -60.5723 -6.22 -28.72
194536 -60.5723 -6.22 -28.72
186246 -60.5723 -6.22 -28.72
188744 -60.5723 -6.22 -28.72
145765 -58.2323 -7.36 -20.87
148248 -58.2323 -7.36 -20.87
147081 -58.2323 -7.36 -20.87
145461 -58.2323 -7.36 -20.87
138974 -58.2323 -7.36 -20.87
137123 -58.2323 -7.36 -20.87
141663 -58.2323 -7.36 -20.87
142218 -58.2323 -7.36 -20.87
143151 -58.2323 -7.36 -20.87
138345 -58.2323 -7.36 -20.87
140998 -58.2323 -7.36 -20.87
141231 -58.2323 -7.36 -20.87
135463 -58.2323 -7.36 -20.87
137118 -58.2323 -7.36 -20.87
143990 -58.2323 -7.36 -20.87
139992 -58.2323 -7.36 -20.87
137872 -58.2323 -7.36 -20.87
144406 -58.2323 -7.36 -20.87
148929 -58.2323 -7.36 -20.87
148273 -58.2323 -7.36 -20.87
139765 -58.2323 -7.36 -20.87
133418 -58.2323 -7.36 -20.87
139529 -58.2323 -7.36 -20.87
142490 -58.2323 -7.36 -20.87
139791 -58.2323 -7.36 -20.87
144720 -58.2323 -7.36 -20.87
131095 -58.2323 -7.36 -20.87
145428 -58.2323 -7.36 -20.87
142867 -58.2323 -7.36 -20.87
141006 -58.2323 -7.36 -20.87
140101 -58.2323 -7.36 -20.87
139855 -58.2323 -7.36 -20.87
137988 -58.2323 -7.36 -20.87
141245 -58.2323 -7.36 -20.87
139566 -58.2323 -7.36 -20.87
143847 -58.2323 -7.36 -20.87
141336 -58.2323 -7.36 -20.87
136937 -58.2323 -7.36 -20.87
141554 -58.2323 -7.36 -20.87
266633 -63.2005 29.8 27.29
265096 -63.2005 29.8 27.29
267024 -63.2005 29.8 27.29
269341 -63.2005 29.8 27.29
266975 -63.2005 29.8 27.29
269441 -63.2005 29.8 27.29
268430 -63.2005 29.8 27.29
266950 -63.2005 29.8 27.29
279149 -63.2005 29.8 27.29
261162 -63.2005 29.8 27.29
266597 -63.2005 29.8 27.29
273718 -63.2005 29.8 27.29
263678 -63.2005 29.8 27.29
272561 -63.2005 29.8 27.29
274877 -63.2005 29.8 27.29
265391 -63.2005 29.8 27.29
261711 -63.2005 29.8 27.29
267431 -63.2005 29.8 27.29
272926 -63.2005 29.8 27.29
276238 -63.2005 29.8 27.29
265254 -63.2005 29.8 27.29
277474 -63.2005 29.8 27.29
278155 -63.2005 29.8 27.29
274308 -63.2005 29.8 27.29
273406 -63.2005 29.8 27.29
274895 -63.2005 29.8 27.29
261319 -63.2005 29.8 27.29
271948 -63.2005 29.8 27.29
266331 -63.2005 29.8 27.29
276617 -63.2005 29.8 27.29
267743 -63.2005 29.8 27.29
275514 -63.2005 29.8 27.29
265213 -63.2005 29.8 27.29
273153 -63.2005 29.8 27.29
266340 -63.2005 29.8 27.29
271480 -63.2005 29.8 27.29
260910 -63.2005 29.8 27.29
269671 -63.2005 29.8 27.29
269731 -63.2005 29.8 27.29
126878 -57.014 -5.51 18.28
131846 -57.014 -5.51 18.28
124836 -57.014 -5.51 18.28
138003 -57.014 -5.51 18.28
127324 -57.014 -5.51 18.28
126796 -57.014 -5.51 18.28
126490 -57.014 -5.51 18.28
125161 -57.014 -5.51 18.28
128477 -57.014 -5.51 18.28
129810 -57.014 -5.51 18.28
128883 -57.014 -5.51 18.28
127582 -57.014 -5.51 18.28
133994 -57.014 -5.51 18.28
125429 -57.014 -5.51 18.28
126988 -57.014 -5.51 18.28
123859 -57.014 -5.51 18.28
129593 -57.014 -5.51 18.28
126771 -57.014 -5.51 18.28
129194 -57.014 -5.51 18.28
120945 -57.014 -5.51 18.28
128516 -57.014 -5.51 18.28
130897 -57.014 -5.51 18.28
126874 -57.014 -5.51 18.28
130531 -57.014 -5.51 18.28
128376 -57.014 -5.51 18.28
123958 -57.014 -5.51 18.28
126485 -57.014 -5.51 18.28
121867 -57.014 -5.51 18.28
126769 -57.014 -5.51 18.28
131964 -57.014 -5.51 18.28
123912 -57.014 -5.51 18.28
124798 -57.014 -5.51 18.28
123948 -57.014 -5.51 18.28
127136 -57.014 -5.51 18.28
122569 -57.014 -5.51 18.28
125717 -57.014 -5.51 18.28
127751 -57.014 -5.51 18.28
124252 -57.014 -5.51 18.28
133011 -57.014 -5.51 18.28
147043 -58.3341 16.32 -15.35
156349 -58.3341 16.32 -15.35
148728 -58.3341 16.32 -15.35
151900 -58.3341 16.32 -15.35
141334 -58.3341 16.32 -15.35
148570 -58.3341 16.32 -15.35
151966 -58.3341 16.32 -15.35
153410 -58.3341 16.32 -15.35
148144 -58.3341 16.32 -15.35
147243 -58.3341 16.32 -15.35
148760 -58.3341 16.32 -15.35
148829 -58.3341 16.32 -15.35
144648 -58.3341 16.32 -15.35
144983 -58.3341 16.32 -15.35
147462 -58.3341 16.32 -15.35
150703 -58.3341 16.32 -15.35
146664 -58.3341 16.32 -15.35
151334 -58.3341 16.32 -15.35
157395 -58.3341 16.32 -15.35
153412 -58.3341 16.32 -15.35
148203 -58.3341 16.32 -15.35
144408 -58.3341 16.32 -15.35
147271 -58.3341 16.32 -15.35
156847 -58.3341 16.32 -15.35
150220 -58.3341 16.32 -15.35
156707 -58.3341 16.32 -15.35
149709 -58.3341 16.32 -15.35
143022 -58.3341 16.32 -15.35
142362 -58.3341 16.32 -15.35
145562 -58.3341 16.32 -15.35
150186 -58.3341 16.32 -15.35
150213 -58.3341 16.32 -15.35
150503 -58.3341 16.32 -15.35
145163 -58.3341 16.32 -15.35
143058 -58.3341 16.32 -15.35
149303 -58.3341 16.32 -15.35
149846 -58.3341 16.32 -15.35
157760 -58.3341 16.32 -15.35
146950 -58.3341 16.32 -15.35
127763 -56.8972 15.63 -10.49
126511 -56.8972 15.63 -10.49
127745 -56.8972 15.63 -10.49
121768 -56.8972 15.63 -10.49
126345 -56.8972 15.63 -10.49
128943 -56.8972 15.63 -10.49
125282 -56.8972 15.63 -10.49
132957 -56.8972 15.63 -10.49
122169 -56.8972 15.63 -10.49
125851 -56.8972 15.63 -10.49
123302 -56.8972 15.63 -10.49
135051 -56.8972 15.63 -10.49
123560 -56.8972 15.63 -10.49
126937 -56.8972 15.63 -10.49
124776 -56.8972 15.63 -10.49
129890 -56.8972 15.63 -10.49
123655 -56.8972 15.63 -10.49
121948 -56.8972 15.63 -10.49
121902 -56.8972 15.63 -10.49
134949 -56.8972 15.63 -10.49
132103 -56.8972 15.63 -10.49
123579 -56.8972 15.63 -10.49
127328 -56.8972 15.63 -10.49
133842 -56.8972 15.63 -10.49
126250 -56.8972 15.63 -10.49
123398 -56.8972 15.63 -10.49
129272 -56.8972 15.63 -10.49
131709 -56.8972 15.63 -10.49
136217 -56.8972 15.63 -10.49
127162 -56.8972 15.63 -10.49
125643 -56.8972 15.63 -10.49
124963 -56.8972 15.63 -10.49
123701 -56.8972 15.63 -10.49
133549 -56.8972 15.63 -10.49
122545 -56.8972 15.63 -10.49
124791 -56.8972 15.63 -10.49
130797 -56.8972 15.63 -10.49
131174 -56.8972 15.63 -10.49
134608 -56.8972 15.63 -10.49
78177 -53.1594 -11.4 -3.64
77558 -53.1594 -11.4 -3.64
75612 -53.1594 -11.4 -3.64
72129 -53.1594 -11.4 -3.64
70167 -53.1594 -11.4 -3.64
69648 -53.1594 -11.4 -3.64
77041 -53.1594 -11.4 -3.64
72738 -53.1594 -11.4 -3.64
75639 -53.1594 -11.4 -3.64
81072 -53.1594 -11.4 -3.64
66280 -53.1594 -11.4 -3.64
72779 -53.1594 -11.4 -3.64
82486 -53.1594 -11.4 -3.64
72638 -53.1594 -11.4 -3.64
73485 -53.1594 -11.4 -3.64
73371 -53.1594 -11.4 -3.64
69968 -53.1594 -11.4 -3.64
79148 -53.1594 -11.4 -3.64
69294 -53.1594 -11.4 -3.64
76431 -53.1594 -11.4 -3.64
72939 -53.1594 -11.4 -3.64
75586 -53.1594 -11.4 -3.64
72543 -53.1594 -11.4 -3.64
75266 -53.1594 -11.4 -3.64
87712 -53.1594 -11.4 -3.64
72805 -53.1594 -11.4 -3.64
73294 -53.1594 -11.4 -3.64
70395 -53.1594 -11.4 -3.64
82261 -53.1594 -11.4 -3.64
78129 -53.1594 -11.4 -3.64
80264 -53.1594 -11.4 -3.64
73419 -53.1594 -11.4 -3.64
73887 -53.1594 -11.4 -3.64
76815 -53.1594 -11.4 -3.64
72738 -53.1594 -11.4 -3.64
75388 -53.1594 -11.4 -3.64
70632 -53.1594 -11.4 -3.64
77205 -53.1594 -11.4 -3.64
86564 -53.1594 -11.4 -3.64
