#rtt sig_str x y
105473 -54.9128 10.55 -10.38
106590 -54.9128 10.55 -10.38
95533 -54.9128 10.55 -10.38
108852 -54.9128 10.55 -10.38
109845 -54.9128 10.55 -10.38
106353 -54.9128 10.55 -10.38
109732 -54.9128 10.55 -10.38
105874 -54.9128 10.55 -10.38
110200 -54.9128 10.55 -10.38
104240 -54.9128 10.55 -10.38
107456 -54.9128 10.55 -10.38
109861 -54.9128 10.55 -10.38
100533 -54.9128 10.55 -10.38
105676 -54.9128 10.55 -10.38
103914 -54.9128 10.55 -10.38
106899 -54.9128 10.55 -10.38
109181 -54.9128 10.55 -10.38
105416 -54.9128 10.55 -10.38
104856 -54.9128 10.55 -10.38
110000 -54.9128 10.55 -10.38
102645 -54.9128 10.55 -10.38
106598 -54.9128 10.55 -10.38
103792 -54.9128 10.55 -10.38
100635 -54.9128 10.55 -10.38
107981 -54.9128 10.55 -10.38
104746 -54.9128 10.55 -10.38
100481 -54.9128 10.55 -10.38
104026 -54.9128 10.55 -10.38
104602 -54.9128 10.55 -10.38
106750 -54.9128 10.55 -10.38
98965 -54.9128 10.55 -10.38
103355 -54.9128 10.55 -10.38
101466 -54.9128 10.55 -10.38
97247 -54.9128 10.55 -10.38
109932 -54.9128 10.55 -10.38
106489 -54.9128 10.55 -10.38
107827 -54.9128 10.55 -10.38
102835 -54.9128 10.55 -10.38
107525 -54.9128 10.55 -10.38
174152 -59.9725 -27.32 0.55
168401 -59.9725 -27.32 0.55
175241 -59.9725 -27.32 0.55
176280 -59.9725 -27.32 0.55
174698 -59.9725 -27.32 0.55
173515 -59.9725 -27.32 0.55
180359 -59.9725 -27.32 0.55
181266 -59.9725 -27.32 0.55
176419 -59.9725 -27.32 0.55
180303 -59.9725 -27.32 0.55
181901 -59.9725 -27.32 0.55
180133 -59.9725 -27.32 0.55
177037 -59.9725 -27.32 0.55
177917 -59.9725 -27.32 0.55
166023 -59.9725 -27.32 0.55
178806 -59.9725 -27.32 0.55
168396 -59.9725 -27.32 0.55
172499 -59.9725 -27.32 0.55
169602 -59.9725 -27.32 0.55
176904 -59.9725 -27.32 0.55
172944 -59.9725 -27.32 0.55
177510 -59.9725 -27.32 0.55
172617 -59.9725 -27.32 0.55
171792 -59.9725 -27.32 0.55
183691 -59.9725 -27.32 0.55
183663 -59.9725 -27.32 0.55
170156 -59.9725 -27.32 0.55
171374 -59.9725 -27.32 0.55
166553 -59.9725 -27.32 0.55
179354 -59.9725 -27.32 0.55
177726 -59.9725 -27.32 0.55
176427 -59.9725 -27.32 0.55
172670 -59.9725 -27.32 0.55
176697 -59.9725 -27.32 0.55
179259 -59.9725 -27.32 0.55
178104 -59.9725 -27.32 0.55
176872 -59.9725 -27.32 0.55
174685 -59.9725 -27.32 0.55
171100 -59.9725 -27.32 0.55
180622 -60.2277 -9.4 26.57
185514 -60.2277 -9.4 26.57
176868 -60.2277 -9.4 26.57
179769 -60.2277 -9.4 26.57
178257 -60.2277 -9.4 26.57
182621 -60.2277 -9.4 26.57
186361 -60.2277 -9.4 26.57
181591 -60.2277 -9.4 26.57
181374 -60.2277 -9.4 26.57
182171 -60.2277 -9.4 26.57
179405 -60.2277 -9.4 26.57
178962 -60.2277 -9.4 26.57
188040 -60.2277 -9.4 26.57
181888 -60.2277 -9.4 26.57
181869 -60.2277 -9.4 26.57
180265 -60.2277 -9.4 26.57
185579 -60.2277 -9.4 26.57
179076 -60.2277 -9.4 26.57
182529 -60.2277 -9.4 26.57
182012 -60.2277 -9.4 26.57
184920 -60.2277 -9.4 26.57
180670 -60.2277 -9.4 26.57
189088 -60.2277 -9.4 26.57
182740 -60.2277 -9.4 26.57
181211 -60.2277 -9.4 26.57
188322 -60.2277 -9.4 26.57
187272 -60.2277 -9.4 26.57
180156 -60.2277 -9.4 26.57
184117 -60.2277 -9.4 26.57
182856 -60.2277 -9.4 26.57
179028 -60.2277 -9.4 26.57
177699 -60.2277 -9.4 26.57
181511 -60.2277 -9.4 26.57
175469 -60.2277 -9.4 26.57
187850 -60.2277 -9.4 26.57
181017 -60.2277 -9.4 26.57
181216 -60.2277 -9.4 26.57
186925 -60.2277 -9.4 26.57
181779 -60.2277 -9.4 26.57
61410 -50.9033 8.64 2.87
65623 -50.9033 8.64 2.87
68865 -50.9033 8.64 2.87
66519 -50.9033 8.64 2.87
70330 -50.9033 8.64 2.87
71276 -50.9033 8.64 2.87
62511 -50.9033 8.64 2.87
62835 -50.9033 8.64 2.87
66769 -50.9033 8.64 2.87
63482 -50.9033 8.64 2.87
68885 -50.9033 8.64 2.87
64497 -50.9033 8.64 2.87
65262 -50.9033 8.64 2.87
66568 -50.9033 8.64 2.87
60797 -50.9033 8.64 2.87
66166 -50.9033 8.64 2.87
59574 -50.9033 8.64 2.87
59553 -50.9033 8.64 2.87
65955 -50.9033 8.64 2.87
65208 -50.9033 8.64 2.87
62295 -50.9033 8.64 2.87
60622 -50.9033 8.64 2.87
60473 -50.9033 8.64 2.87
65679 -50.9033 8.64 2.87
67288 -50.9033 8.64 2.87
64509 -50.9033 8.64 2.87
66411 -50.9033 8.64 2.87
71567 -50.9033 8.64 2.87
64086 -50.9033 8.64 2.87
63106 -50.9033 8.64 2.87
72147 -50.9033 8.64 2.87
63961 -50.9033 8.64 2.87
61762 -50.9033 8.64 2.87
67166 -50.9033 8.64 2.87
68006 -50.9033 8.64 2.87
63196 -50.9033 8.64 2.87
63422 -50.9033 8.64 2.87
66931 -50.9033 8.64 2.87
62087 -50.9033 8.64 2.87
208210 -60.8612 -12.95 27.54
216480 -60.8612 -12.95 27.54
208786 -60.8612 -12.95 27.54
202711 -60.8612 -12.95 27.54
201250 -60.8612 -12.95 27.54
210236 -60.8612 -12.95 27.54
202754 -60.8612 -12.95 27.54
203288 -60.8612 -12.95 27.54
215291 -60.8612 -12.95 27.54
200609 -60.8612 -12.95 27.54
209139 -60.8612 -12.95 27.54
201873 -60.8612 -12.95 27.54
207345 -60.8612 -12.95 27.54
206266 -60.8612 -12.95 27.54
205387 -60.8612 -12.95 27.54
204281 -60.8612 -12.95 27.54
203337 -60.8612 -12.95 27.54
204509 -60.8612 -12.95 27.54
204729 -60.8612 -12.95 27.54
208036 -60.8612 -12.95 27.54
212180 -60.8612 -12.95 27.54
208622 -60.8612 -12.95 27.54
213548 -60.8612 -12.95 27.54
204425 -60.8612 -12.95 27.54
205916 -60.8612 -12.95 27.54
206608 -60.8612 -12.95 27.54
204166 -60.8612 -12.95 27.54
208264 -60.8612 -12.95 27.54
208343 -60.8612 -12.95 27.54
209260 -60.8612 -12.95 27.54
203245 -60.8612 -12.95 27.54
203021 -60.8612 -12.95 27.54
203422 -60.8612 -12.95 27.54
202056 -60.8612 -12.95 27.54
206724 -60.8612 -12.95 27.54
201000 -60.8612 -12.95 27.54
207497 -60.8612 -12.95 27.54
202126 -60.8612 -12.95 27.54
203463 -60.8612 -12.95 27.54
171672 -59.8648 26.96 0.78
177372 -59.8648 26.96 0.78
180835 -59.8648 26.96 0.78
181667 -59.8648 26.96 0.78
184150 -59.8648 26.96 0.78
173363 -59.8648 26.96 0.78
177566 -59.8648 26.96 0.78
174611 -59.8648 26.96 0.78
179633 -59.8648 26.96 0.78
185744 -59.8648 26.96 0.78
180200 -59.8648 26.96 0.78
181750 -59.8648 26.96 0.78
173649 -59.8648 26.96 0.78
179284 -59.8648 26.96 0.78
179434 -59.8648 26.96 0.78
174186 -59.8648 26.96 0.78
174244 -59.8648 26.96 0.78
175016 -59.8648 26.96 0.78
180102 -59.8648 26.96 0.78
175279 -59.8648 26.96 0.78
184178 -59.8648 26.96 0.78
176646 -59.8648 26.96 0.78
174386 -59.8648 26.96 0.78
173927 -59.8648 26.96 0.78
176510 -59.8648 26.96 0.78
174382 -59.8648 26.96 0.78
178895 -59.8648 26.96 0.78
180715 -59.8648 26.96 0.78
177447 -59.8648 26.96 0.78
176573 -59.8648 26.96 0.78
174504 -59.8648 26.96 0.78
178658 -59.8648 26.96 0.78
177765 -59.8648 26.96 0.78
180684 -59.8648 26.96 0.78
175068 -59.8648 26.96 0.78
169578 -59.8648 26.96 0.78
171807 -59.8648 26.96 0.78
182343 -59.8648 26.96 0.78
180321 -59.8648 26.96 0.78
193319 -60.2821 -20.54 19.57
197806 -60.2821 -20.54 19.57
188625 -60.2821 -20.54 19.57
193364 -60.2821 -20.54 19.57
189448 -60.2821 -20.54 19.57
186171 -60.2821 -20.54 19.57
191797 -60.2821 -20.54 19.57
191211 -60.2821 -20.54 19.57
191921 -60.2821 -20.54 19.57
193986 -60.2821 -20.54 19.57
194454 -60.2821 -20.54 19.57
191442 -60.2821 -20.54 19.57
186460 -60.2821 -20.54 19.57
193067 -60.2821 -20.54 19.57
202672 -60.2821 -20.54 19.57
187556 -60.2821 -20.54 19.57
186021 -60.2821 -20.54 19.57
193895 -60.2821 -20.54 19.57
191447 -60.2821 -20.54 19.57
198125 -60.2821 -20.54 19.57
182596 -60.2821 -20.54 19.57
187605 -60.2821 -20.54 19.57
191991 -60.2821 -20.54 19.57
195496 -60.2821 -20.54 19.57
190166 -60.2821 -20.54 19.57
195944 -60.2821 -20.54 19.57
196518 -60.2821 -20.54 19.57
196196 -60.2821 -20.54 19.57
189362 -60.2821 -20.54 19.57
190583 -60.2821 -20.54 19.57
193259 -60.2821 -20.54 19.57
194335 -60.2821 -20.54 19.57
187983 -60.2821 -20.54 19.57
198016 -60.2821 -20.54 19.57
183836 -60.2821 -20.54 19.57
193727 -60.2821 -20.54 19.57
196505 -60.2821 -20.54 19.57
189190 -60.2821 -20.54 19.57
190577 -60.2821 -20.54 19.57
41008 -48.9365 -6.72 2.51
41103 -48.9365 -6.72 2.51
40811 -48.9365 -6.72 2.51
46836 -48.9365 -6.72 2.51
38513 -48.9365 -6.72 2.51
43434 -48.9365 -6.72 2.51
40433 -48.9365 -6.72 2.51
49466 -48.9365 -6.72 2.51
42923 -48.9365 -6.72 2.51
45807 -48.9365 -6.72 2.51
38238 -48.9365 -6.72 2.51
46532 -48.9365 -6.72 2.51
43856 -48.9365 -6.72 2.51
44086 -48.9365 -6.72 2.51
45221 -48.9365 -6.72 2.51
48719 -48.9365 -6.72 2.51
46703 -48.9365 -6.72 2.51
43034 -48.9365 -6.72 2.51
45112 -48.9365 -6.72 2.51
45192 -48.9365 -6.72 2.51
45441 -48.9365 -6.72 2.51
42203 -48.9365 -6.72 2.51
38995 -48.9365 -6.72 2.51
45740 -48.9365 -6.72 2.51
47184 -48.9365 -6.72 2.51
32988 -48.9365 -6.72 2.51
46441 -48.9365 -6.72 2.51
49757 -48.9365 -6.72 2.51
50768 -48.9365 -6.72 2.51
41594 -48.9365 -6.72 2.51
39835 -48.9365 -6.72 2.51
39163 -48.9365 -6.72 2.51
46963 -48.9365 -6.72 2.51
40334 -48.9365 -6.72 2.51
46577 -48.9365 -6.72 2.51
49500 -48.9365 -6.72 2.51
42467 -48.9365 -6.72 2.51
38242 -48.9365 -6.72 2.51
45381 -48.9365 -6.72 2.51
116565 -56.6405 5.4 17.43
114964 -56.6405 5.4 17.43
123270 -56.6405 5.4 17.43
116018 -56.6405 5.4 17.43
114650 -56.6405 5.4 17.43
115471 -56.6405 5.4 17.43
118992 -56.6405 5.4 17.43
121541 -56.6405 5.4 17.43
120186 -56.6405 5.4 17.43
108719 -56.6405 5.4 17.43
109870 -56.6405 5.4 17.43
119797 -56.6405 5.4 17.43
119840 -56.6405 5.4 17.43
118374 -56.6405 5.4 17.43
115625 -56.6405 5.4 17.43
108712 -56.6405 5.4 17.43
118600 -56.6405 5.4 17.43
117002 -56.6405 5.4 17.43
120236 -56.6405 5.4 17.43
112788 -56.6405 5.4 17.43
108285 -56.6405 5.4 17.43
117607 -56.6405 5.4 17.43
110103 -56.6405 5.4 17.43
117021 -56.6405 5.4 17.43
119266 -56.6405 5.4 17.43
121311 -56.6405 5.4 17.43
119731 -56.6405 5.4 17.43
115277 -56.6405 5.4 17.43
121524 -56.6405 5.4 17.43
112379 -56.6405 5.4 17.43
121791 -56.6405 5.4 17.43
112646 -56.6405 5.4 17.43
119694 -56.6405 5.4 17.43
119171 -56.6405 5.4 17.43
117401 -56.6405 5.4 17.43
116421 -56.6405 5.4 17.43
114316 -56.6405 5.4 17.43
114619 -56.6405 5.4 17.43
114186 -56.6405 5.4 17.43
131342 -57.5173 -0.73 20.28
143121 -57.5173 -0.73 20.28
138830 -57.5173 -0.73 20.28
130573 -57.5173 -0.73 20.28
135230 -57.5173 -0.73 20.28
139440 -57.5173 -0.73 20.28
137112 -57.5173 -0.73 20.28
134592 -57.5173 -0.73 20.28
136232 -57.5173 -0.73 20.28
131158 -57.5173 -0.73 20.28
131707 -57.5173 -0.73 20.28
137924 -57.5173 -0.73 20.28
135995 -57.5173 -0.73 20.28
138030 -57.5173 -0.73 20.28
131635 -57.5173 -0.73 20.28
133455 -57.5173 -0.73 20.28
133615 -57.5173 -0.73 20.28
128693 -57.5173 -0.73 20.28
137412 -57.5173 -0.73 20.28
136034 -57.5173 -0.73 20.28
132627 -57.5173 -0.73 20.28
131892 -57.5173 -0.73 20.28
130145 -57.5173 -0.73 20.28
138497 -57.5173 -0.73 20.28
129209 -57.5173 -0.73 20.28
129020 -57.5173 -0.73 20.28
134321 -57.5173 -0.73 20.28
130693 -57.5173 -0.73 20.28
137537 -57.5173 -0.73 20.28
132655 -57.5173 -0.73 20.28
129675 -57.5173 -0.73 20.28
132866 -57.5173 -0.73 20.28
135616 -57.5173 -0.73 20.28
138693 -57.5173 -0.73 20.28
135945 -57.5173 -0.73 20.28
134288 -57.5173 -0.73 20.28
130316 -57.5173 -0.73 20.28
137705 -57.5173 -0.73 20.28
132140 -57.5173 -0.73 20.28
