#rtt sig_str x y
188631 -60.0057 19.39 19.41
184126 -60.0057 19.39 19.41
192684 -60.0057 19.39 19.41
187584 -60.0057 19.39 19.41
191515 -60.0057 19.39 19.41
191537 -60.0057 19.39 19.41
190205 -60.0057 19.39 19.41
185022 -60.0057 19.39 19.41
188517 -60.0057 19.39 19.41
176107 -60.0057 19.39 19.41
185366 -60.0057 19.39 19.41
196062 -60.0057 19.39 19.41
185326 -60.0057 19.39 19.41
186769 -60.0057 19.39 19.41
181809 -60.0057 19.39 19.41
192337 -60.0057 19.39 19.41
186733 -60.0057 19.39 19.41
193993 -60.0057 19.39 19.41
191778 -60.0057 19.39 19.41
186440 -60.0057 19.39 19.41
191643 -60.0057 19.39 19.41
187226 -60.0057 19.39 19.41
186937 -60.0057 19.39 19.41
185838 -60.0057 19.39 19.41
189189 -60.0057 19.39 19.41
185557 -60.0057 19.39 19.41
188451 -60.0057 19.39 19.41
182843 -60.0057 19.39 19.41
186781 -60.0057 19.39 19.41
181759 -60.0057 19.39 19.41
192136 -60.0057 19.39 19.41
190320 -60.0057 19.39 19.41
185686 -60.0057 19.39 19.41
183494 -60.0057 19.39 19.41
186188 -60.0057 19.39 19.41
191881 -60.0057 19.39 19.41
193161 -60.0057 19.39 19.41
189401 -60.0057 19.39 19.41
182218 -60.0057 19.39 19.41
242830 -62.1297 -28.44 -21.23
239335 -62.1297 -28.44 -21.23
237120 -62.1297 -28.44 -21.23
241462 -62.1297 -28.44 -21.23
242598 -62.1297 -28.44 -21.23
231814 -62.1297 -28.44 -21.23
236610 -62.1297 -28.44 -21.23
236509 -62.1297 -28.44 -21.23
232128 -62.1297 -28.44 -21.23
241398 -62.1297 -28.44 -21.23
233057 -62.1297 -28.44 -21.23
229852 -62.1297 -28.44 -21.23
241587 -62.1297 -28.44 -21.23
232856 -62.1297 -28.44 -21.23
236664 -62.1297 -28.44 -21.23
237924 -62.1297 -28.44 -21.23
232586 -62.1297 -28.44 -21.23
236846 -62.1297 -28.44 -21.23
239927 -62.1297 -28.44 -21.23
232272 -62.1297 -28.44 -21.23
242466 -62.1297 -28.44 -21.23
239537 -62.1297 -28.44 -21.23
238562 -62.1297 -28.44 -21.23
233265 -62.1297 -28.44 -21.23
234774 -62.1297 -28.44 -21.23
241013 -62.1297 -28.44 -21.23
238152 -62.1297 -28.44 -21.23
230843 -62.1297 -28.44 -21.23
241098 -62.1297 -28.44 -21.23
245156 -62.1297 -28.44 -21.23
236712 -62.1297 -28.44 -21.23
237855 -62.1297 -28.44 -21.23
239284 -62.1297 -28.44 -21.23
238427 -62.1297 -28.44 -21.23
246034 -62.1297 -28.44 -21.23
234792 -62.1297 -28.44 -21.23
245410 -62.1297 -28.44 -21.23
239825 -62.1297 -28.44 -21.23
229982 -62.1297 -28.44 -21.23
121934 -56.5282 -17.36 -4.76
117057 -56.5282 -17.36 -4.76
124790 -56.5282 -17.36 -4.76
119778 -56.5282 -17.36 -4.76
124105 -56.5282 -17.36 -4.76
123722 -56.5282 -17.36 -4.76
120857 -56.5282 -17.36 -4.76
117703 -56.5282 -17.36 -4.76
113107 -56.5282 -17.36 -4.76
115754 -56.5282 -17.36 -4.76
115542 -56.5282 -17.36 -4.76
119130 -56.5282 -17.36 -4.76
116648 -56.5282 -17.36 -4.76
119169 -56.5282 -17.36 -4.76
117607 -56.5282 -17.36 -4.76
120651 -56.5282 -17.36 -4.76
120654 -56.5282 -17.36 -4.76
117374 -56.5282 -17.36 -4.76
120869 -56.5282 -17.36 -4.76
116549 -56.5282 -17.36 -4.76
121737 -56.5282 -17.36 -4.76
118646 -56.5282 -17.36 -4.76
122921 -56.5282 -17.36 -4.76
123179 -56.5282 -17.36 -4.76
126834 -56.5282 -17.36 -4.76
126353 -56.5282 -17.36 -4.76
116909 -56.5282 -17.36 -4.76
123223 -56.5282 -17.36 -4.76
120343 -56.5282 -17.36 -4.76
119560 -56.5282 -17.36 -4.76
116956 -56.5282 -17.36 -4.76
121604 -56.5282 -17.36 -4.76
116218 -56.5282 -17.36 -4.76
122130 -56.5282 -17.36 -4.76
122039 -56.5282 -17.36 -4.76
117254 -56.5282 -17.36 -4.76
119620 -56.5282 -17.36 -4.76
116852 -56.5282 -17.36 -4.76
120885 -56.5282 -17.36 -4.76
147380 -57.7666 7.11 19.67
143260 -57.7666 7.11 19.67
140106 -57.7666 7.11 19.67
138809 -57.7666 7.11 19.67
142350 -57.7666 7.11 19.67
141974 -57.7666 7.11 19.67
140921 -57.7666 7.11 19.67
146255 -57.7666 7.11 19.67
141419 -57.7666 7.11 19.67
138054 -57.7666 7.11 19.67
142710 -57.7666 7.11 19.67
133736 -57.7666 7.11 19.67
134388 -57.7666 7.11 19.67
139850 -57.7666 7.11 19.67
141596 -57.7666 7.11 19.67
141494 -57.7666 7.11 19.67
136755 -57.7666 7.11 19.67
145247 -57.7666 7.11 19.67
139034 -57.7666 7.11 19.67
135780 -57.7666 7.11 19.67
138521 -57.7666 7.11 19.67
144647 -57.7666 7.11 19.67
142365 -57.7666 7.11 19.67
133890 -57.7666 7.11 19.67
146457 -57.7666 7.11 19.67
141072 -57.7666 7.11 19.67
145025 -57.7666 7.11 19.67
139685 -57.7666 7.11 19.67
140808 -57.7666 7.11 19.67
138942 -57.7666 7.11 19.67
144051 -57.7666 7.11 19.67
140286 -57.7666 7.11 19.67
139692 -57.7666 7.11 19.67
137515 -57.7666 7.11 19.67
140447 -57.7666 7.11 19.67
142127 -57.7666 7.11 19.67
141659 -57.7666 7.11 19.67
145764 -57.7666 7.11 19.67
141150 -57.7666 7.11 19.67
170396 -59.3817 -24.11 8.11
170130 -59.3817 -24.11 8.11
162212 -59.3817 -24.11 8.11
178196 -59.3817 -24.11 8.11
168359 -59.3817 -24.11 8.11
175419 -59.3817 -24.11 8.11
172929 -59.3817 -24.11 8.11
169904 -59.3817 -24.11 8.11
175621 -59.3817 -24.11 8.11
170400 -59.3817 -24.11 8.11
165848 -59.3817 -24.11 8.11
178680 -59.3817 -24.11 8.11
168041 -59.3817 -24.11 8.11
165310 -59.3817 -24.11 8.11
173702 -59.3817 -24.11 8.11
166088 -59.3817 -24.11 8.11
178679 -59.3817 -24.11 8.11
173291 -59.3817 -24.11 8.11
171258 -59.3817 -24.11 8.11
171523 -59.3817 -24.11 8.11
167498 -59.3817 -24.11 8.11
168894 -59.3817 -24.11 8.11
171956 -59.3817 -24.11 8.11
174819 -59.3817 -24.11 8.11
163485 -59.3817 -24.11 8.11
172467 -59.3817 -24.11 8.11
174032 -59.3817 -24.11 8.11
172876 -59.3817 -24.11 8.11
173327 -59.3817 -24.11 8.11
173482 -59.3817 -24.11 8.11
165919 -59.3817 -24.11 8.11
167634 -59.3817 -24.11 8.11
170819 -59.3817 -24.11 8.11
170076 -59.3817 -24.11 8.11
172001 -59.3817 -24.11 8.11
176371 -59.3817 -24.11 8.11
175937 -59.3817 -24.11 8.11
178442 -59.3817 -24.11 8.11
169104 -59.3817 -24.11 8.11
39419 -49.1768 7.21 -1.6
40395 -49.1768 7.21 -1.6
42521 -49.1768 7.21 -1.6
47565 -49.1768 7.21 -1.6
46215 -49.1768 7.21 -1.6
46417 -49.1768 7.21 -1.6
41244 -49.1768 7.21 -1.6
46228 -49.1768 7.21 -1.6
36673 -49.1768 7.21 -1.6
42823 -49.1768 7.21 -1.6
44694 -49.1768 7.21 -1.6
40563 -49.1768 7.21 -1.6
44901 -49.1768 7.21 -1.6
40702 -49.1768 7.21 -1.6
44286 -49.1768 7.21 -1.6
42567 -49.1768 7.21 -1.6
43765 -49.1768 7.21 -1.6
48024 -49.1768 7.21 -1.6
49569 -49.1768 7.21 -1.6
38724 -49.1768 7.21 -1.6
44384 -49.1768 7.21 -1.6
40099 -49.1768 7.21 -1.6
40346 -49.1768 7.21 -1.6
42303 -49.1768 7.21 -1.6
41532 -49.1768 7.21 -1.6
40556 -49.1768 7.21 -1.6
37096 -49.1768 7.21 -1.6
40113 -49.1768 7.21 -1.6
42297 -49.1768 7.21 -1.6
43910 -49.1768 7.21 -1.6
41531 -49.1768 7.21 -1.6
50089 -49.1768 7.21 -1.6
35803 -49.1768 7.21 -1.6
39292 -49.1768 7.21 -1.6
42307 -49.1768 7.21 -1.6
46831 -49.1768 7.21 -1.6
45034 -49.1768 7.21 -1.6
47872 -49.1768 7.21 -1.6
37048 -49.1768 7.21 -1.6
212857 -61.6565 -26.77 20.16
219861 -61.6565 -26.77 20.16
218841 -61.6565 -26.77 20.16
216499 -61.6565 -26.77 20.16
215788 -61.6565 -26.77 20.16
219950 -61.6565 -26.77 20.16
219144 -61.6565 -26.77 20.16
212760 -61.6565 -26.77 20.16
214851 -61.6565 -26.77 20.16
215450 -61.6565 -26.77 20.16
219194 -61.6565 -26.77 20.16
219422 -61.6565 -26.77 20.16
211162 -61.6565 -26.77 20.16
204381 -61.6565 -26.77 20.16
207907 -61.6565 -26.77 20.16
218840 -61.6565 -26.77 20.16
219070 -61.6565 -26.77 20.16
217787 -61.6565 -26.77 20.16
225720 -61.6565 -26.77 20.16
217207 -61.6565 -26.77 20.16
217743 -61.6565 -26.77 20.16
214002 -61.6565 -26.77 20.16
222178 -61.6565 -26.77 20.16
215531 -61.6565 -26.77 20.16
217023 -61.6565 -26.77 20.16
212927 -61.6565 -26.77 20.16
209596 -61.6565 -26.77 20.16
213659 -61.6565 -26.77 20.16
211970 -61.6565 -26.77 20.16
209395 -61.6565 -26.77 20.16
219632 -61.6565 -26.77 20.16
217900 -61.6565 -26.77 20.16
213798 -61.6565 -26.77 20.16
203361 -61.6565 -26.77 20.16
215871 -61.6565 -26.77 20.16
216752 -61.6565 -26.77 20.16
212137 -61.6565 -26.77 20.16
217647 -61.6565 -26.77 20.16
217699 -61.6565 -26.77 20.16
269045 -62.9894 27.64 -28.06
271083 -62.9894 27.64 -28.06
268957 -62.9894 27.64 -28.06
264645 -62.9894 27.64 -28.06
272069 -62.9894 27.64 -28.06
268872 -62.9894 27.64 -28.06
264203 -62.9894 27.64 -28.06
265169 -62.9894 27.64 -28.06
264829 -62.9894 27.64 -28.06
266609 -62.9894 27.64 -28.06
273085 -62.9894 27.64 -28.06
265687 -62.9894 27.64 -28.06
263503 -62.9894 27.64 -28.06
268926 -62.9894 27.64 -28.06
267000 -62.9894 27.64 -28.06
260374 -62.9894 27.64 -28.06
271012 -62.9894 27.64 -28.06
257795 -62.9894 27.64 -28.06
268534 -62.9894 27.64 -28.06
274040 -62.9894 27.64 -28.06
268181 -62.9894 27.64 -28.06
263032 -62.9894 27.64 -28.06
262135 -62.9894 27.64 -28.06
267642 -62.9894 27.64 -28.06
256889 -62.9894 27.64 -28.06
268077 -62.9894 27.64 -28.06
259935 -62.9894 27.64 -28.06
262367 -62.9894 27.64 -28.06
263894 -62.9894 27.64 -28.06
269644 -62.9894 27.64 -28.06
263882 -62.9894 27.64 -28.06
267930 -62.9894 27.64 -28.06
265333 -62.9894 27.64 -28.06
273593 -62.9894 27.64 -28.06
261064 -62.9894 27.64 -28.06
263311 -62.9894 27.64 -28.06
272879 -62.9894 27.64 -28.06
263412 -62.9894 27.64 -28.06
269873 -62.9894 27.64 -28.06
255438 -62.829 28.83 -25.71
260106 -62.829 28.83 -25.71
261905 -62.829 28.83 -25.71
263093 -62.829 28.83 -25.71
255213 -62.829 28.83 -25.71
255049 -62.829 28.83 -25.71
257291 -62.829 28.83 -25.71
260747 -62.829 28.83 -25.71
256776 -62.829 28.83 -25.71
260692 -62.829 28.83 -25.71
259613 -62.829 28.83 -25.71
256687 -62.829 28.83 -25.71
266677 -62.829 28.83 -25.71
257547 -62.829 28.83 -25.71
258560 -62.829 28.83 -25.71
258269 -62.829 28.83 -25.71
254361 -62.829 28.83 -25.71
258605 -62.829 28.83 -25.71
260541 -62.829 28.83 -25.71
256438 -62.829 28.83 -25.71
250255 -62.829 28.83 -25.71
256486 -62.829 28.83 -25.71
256496 -62.829 28.83 -25.71
264473 -62.829 28.83 -25.71
264642 -62.829 28.83 -25.71
254953 -62.829 28.83 -25.71
257044 -62.829 28.83 -25.71
263533 -62.829 28.83 -25.71
249632 -62.829 28.83 -25.71
255215 -62.829 28.83 -25.71
262684 -62.829 28.83 -25.71
265321 -62.829 28.83 -25.71
258697 -62.829 28.83 -25.71
262082 -62.829 28.83 -25.71
260191 -62.829 28.83 -25.71
264224 -62.829 28.83 -25.71
255133 -62.829 28.83 -25.71
269960 -62.829 28.83 -25.71
265114 -62.829 28.83 -25.71
118406 -56.0599 1.27 -16.96
117141 -56.0599 1.27 -16.96
115464 -56.0599 1.27 -16.96
120401 -56.0599 1.27 -16.96
108979 -56.0599 1.27 -16.96
107897 -56.0599 1.27 -16.96
117268 -56.0599 1.27 -16.96
111040 -56.0599 1.27 -16.96
114603 -56.0599 1.27 -16.96
114997 -56.0599 1.27 -16.96
116369 -56.0599 1.27 -16.96
120411 -56.0599 1.27 -16.96
118227 -56.0599 1.27 -16.96
115570 -56.0599 1.27 -16.96
118501 -56.0599 1.27 -16.96
112890 -56.0599 1.27 -16.96
114412 -56.0599 1.27 -16.96
111554 -56.0599 1.27 -16.96
114072 -56.0599 1.27 -16.96
113206 -56.0599 1.27 -16.96
116746 -56.0599 1.27 -16.96
118796 -56.0599 1.27 -16.96
114813 -56.0599 1.27 -16.96
119997 -56.0599 1.27 -16.96
116005 -56.0599 1.27 -16.96
111160 -56.0599 1.27 -16.96
117626 -56.0599 1.27 -16.96
118823 -56.0599 1.27 -16.96
120971 -56.0599 1.27 -16.96
121680 -56.0599 1.27 -16.96
113929 -56.0599 1.27 -16.96
118710 -56.0599 1.27 -16.96
122271 -56.0599 1.27 -16.96
119795 -56.0599 1.27 -16.96
121143 -56.0599 1.27 -16.96
119320 -56.0599 1.27 -16.96
112482 -56.0599 1.27 -16.96
114526 -56.0599 1.27 -16.96
114483 -56.0599 1.27 -16.96
