#rtt sig_str x y
150604 -58.6944 20.8 10.73
152614 -58.6944 20.8 10.73
162260 -58.6944 20.8 10.73
152983 -58.6944 20.8 10.73
152509 -58.6944 20.8 10.73
140149 -58.6944 20.8 10.73
155878 -58.6944 20.8 10.73
154006 -58.6944 20.8 10.73
162507 -58.6944 20.8 10.73
156279 -58.6944 20.8 10.73
157727 -58.6944 20.8 10.73
148472 -58.6944 20.8 10.73
153336 -58.6944 20.8 10.73
152974 -58.6944 20.8 10.73
147759 -58.6944 20.8 10.73
153612 -58.6944 20.8 10.73
151321 -58.6944 20.8 10.73
147342 -58.6944 20.8 10.73
152775 -58.6944 20.8 10.73
154927 -58.6944 20.8 10.73
156579 -58.6944 20.8 10.73
151462 -58.6944 20.8 10.73
146580 -58.6944 20.8 10.73
145572 -58.6944 20.8 10.73
150056 -58.6944 20.8 10.73
150091 -58.6944 20.8 10.73
154778 -58.6944 20.8 10.73
152622 -58.6944 20.8 10.73
161183 -58.6944 20.8 10.73
155328 -58.6944 20.8 10.73
153914 -58.6944 20.8 10.73
151092 -58.6944 20.8 10.73
154443 -58.6944 20.8 10.73
164789 -58.6944 20.8 10.73
152025 -58.6944 20.8 10.73
146816 -58.6944 20.8 10.73
151689 -58.6944 20.8 10.73
155721 -58.6944 20.8 10.73
153101 -58.6944 20.8 10.73
139274 -57.8397 3.67 20.78
140223 -57.8397 3.67 20.78
143700 -57.8397 3.67 20.78
138032 -57.8397 3.67 20.78
133637 -57.8397 3.67 20.78
137499 -57.8397 3.67 20.78
144992 -57.8397 3.67 20.78
138848 -57.8397 3.67 20.78
133616 -57.8397 3.67 20.78
143814 -57.8397 3.67 20.78
135155 -57.8397 3.67 20.78
136361 -57.8397 3.67 20.78
141304 -57.8397 3.67 20.78
132383 -57.8397 3.67 20.78
135946 -57.8397 3.67 20.78
139128 -57.8397 3.67 20.78
133773 -57.8397 3.67 20.78
138152 -57.8397 3.67 20.78
140968 -57.8397 3.67 20.78
138890 -57.8397 3.67 20.78
138664 -57.8397 3.67 20.78
129404 -57.8397 3.67 20.78
135529 -57.8397 3.67 20.78
133130 -57.8397 3.67 20.78
140451 -57.8397 3.67 20.78
137945 -57.8397 3.67 20.78
130292 -57.8397 3.67 20.78
133100 -57.8397 3.67 20.78
141933 -57.8397 3.67 20.78
134427 -57.8397 3.67 20.78
133001 -57.8397 3.67 20.78
142908 -57.8397 3.67 20.78
142106 -57.8397 3.67 20.78
142306 -57.8397 3.67 20.78
139547 -57.8397 3.67 20.78
138527 -57.8397 3.67 20.78
133057 -57.8397 3.67 20.78
137576 -57.8397 3.67 20.78
140554 -57.8397 3.67 20.78
190319 -60.2034 -2.71 -27.97
187633 -60.2034 -2.71 -27.97
184937 -60.2034 -2.71 -27.97
183875 -60.2034 -2.71 -27.97
180643 -60.2034 -2.71 -27.97
188253 -60.2034 -2.71 -27.97
184607 -60.2034 -2.71 -27.97
183262 -60.2034 -2.71 -27.97
184637 -60.2034 -2.71 -27.97
185817 -60.2034 -2.71 -27.97
184626 -60.2034 -2.71 -27.97
186650 -60.2034 -2.71 -27.97
185814 -60.2034 -2.71 -27.97
182056 -60.2034 -2.71 -27.97
180194 -60.2034 -2.71 -27.97
181929 -60.2034 -2.71 -27.97
187848 -60.2034 -2.71 -27.97
179796 -60.2034 -2.71 -27.97
181813 -60.2034 -2.71 -27.97
179979 -60.2034 -2.71 -27.97
176586 -60.2034 -2.71 -27.97
196646 -60.2034 -2.71 -27.97
183819 -60.2034 -2.71 -27.97
186352 -60.2034 -2.71 -27.97
184784 -60.2034 -2.71 -27.97
180100 -60.2034 -2.71 -27.97
185410 -60.2034 -2.71 -27.97
180555 -60.2034 -2.71 -27.97
179077 -60.2034 -2.71 -27.97
181139 -60.2034 -2.71 -27.97
188268 -60.2034 -2.71 -27.97
179334 -60.2034 -2.71 -27.97
187882 -60.2034 -2.71 -27.97
178098 -60.2034 -2.71 -27.97
183960 -60.2034 -2.71 -27.97
188476 -60.2034 -2.71 -27.97
180191 -60.2034 -2.71 -27.97
185853 -60.2034 -2.71 -27.97
190334 -60.2034 -2.71 -27.97
121690 -56.8417 -8.87 16.46
121379 -56.8417 -8.87 16.46
119455 -56.8417 -8.87 16.46
126445 -56.8417 -8.87 16.46
122752 -56.8417 -8.87 16.46
124097 -56.8417 -8.87 16.46
121035 -56.8417 -8.87 16.46
128344 -56.8417 -8.87 16.46
124483 -56.8417 -8.87 16.46
122180 -56.8417 -8.87 16.46
126901 -56.8417 -8.87 16.46
118265 -56.8417 -8.87 16.46
120996 -56.8417 -8.87 16.46
121995 -56.8417 -8.87 16.46
125959 -56.8417 -8.87 16.46
118189 -56.8417 -8.87 16.46
120312 -56.8417 -8.87 16.46
121035 -56.8417 -8.87 16.46
121382 -56.8417 -8.87 16.46
114259 -56.8417 -8.87 16.46
118825 -56.8417 -8.87 16.46
121411 -56.8417 -8.87 16.46
119540 -56.8417 -8.87 16.46
120231 -56.8417 -8.87 16.46
120496 -56.8417 -8.87 16.46
120432 -56.8417 -8.87 16.46
118095 -56.8417 -8.87 16.46
124755 -56.8417 -8.87 16.46
125595 -56.8417 -8.87 16.46
120814 -56.8417 -8.87 16.46
126821 -56.8417 -8.87 16.46
121958 -56.8417 -8.87 16.46
120739 -56.8417 -8.87 16.46
117284 -56.8417 -8.87 16.46
125300 -56.8417 -8.87 16.46
117783 -56.8417 -8.87 16.46
125352 -56.8417 -8.87 16.46
121884 -56.8417 -8.87 16.46
124599 -56.8417 -8.87 16.46
90885 -54.6932 5.15 13.46
90011 -54.6932 5.15 13.46
91476 -54.6932 5.15 13.46
89088 -54.6932 5.15 13.46
97543 -54.6932 5.15 13.46
93729 -54.6932 5.15 13.46
92614 -54.6932 5.15 13.46
90273 -54.6932 5.15 13.46
92871 -54.6932 5.15 13.46
92448 -54.6932 5.15 13.46
92512 -54.6932 5.15 13.46
97091 -54.6932 5.15 13.46
95763 -54.6932 5.15 13.46
94932 -54.6932 5.15 13.46
93513 -54.6932 5.15 13.46
90223 -54.6932 5.15 13.46
95941 -54.6932 5.15 13.46
89923 -54.6932 5.15 13.46
96969 -54.6932 5.15 13.46
92822 -54.6932 5.15 13.46
92733 -54.6932 5.15 13.46
84583 -54.6932 5.15 13.46
90516 -54.6932 5.15 13.46
92262 -54.6932 5.15 13.46
92823 -54.6932 5.15 13.46
95437 -54.6932 5.15 13.46
96902 -54.6932 5.15 13.46
90845 -54.6932 5.15 13.46
94011 -54.6932 5.15 13.46
92423 -54.6932 5.15 13.46
94386 -54.6932 5.15 13.46
81961 -54.6932 5.15 13.46
94334 -54.6932 5.15 13.46
94973 -54.6932 5.15 13.46
86884 -54.6932 5.15 13.46
93855 -54.6932 5.15 13.46
89109 -54.6932 5.15 13.46
97125 -54.6932 5.15 13.46
97356 -54.6932 5.15 13.46
20599 -43.1415 2.15 -2.83
23379 -43.1415 2.15 -2.83
13342 -43.1415 2.15 -2.83
26607 -43.1415 2.15 -2.83
22019 -43.1415 2.15 -2.83
19447 -43.1415 2.15 -2.83
23340 -43.1415 2.15 -2.83
18747 -43.1415 2.15 -2.83
22103 -43.1415 2.15 -2.83
16542 -43.1415 2.15 -2.83
23926 -43.1415 2.15 -2.83
18896 -43.1415 2.15 -2.83
19761 -43.1415 2.15 -2.83
26876 -43.1415 2.15 -2.83
24658 -43.1415 2.15 -2.83
21522 -43.1415 2.15 -2.83
22248 -43.1415 2.15 -2.83
23843 -43.1415 2.15 -2.83
15374 -43.1415 2.15 -2.83
25149 -43.1415 2.15 -2.83
16777 -43.1415 2.15 -2.83
24359 -43.1415 2.15 -2.83
23491 -43.1415 2.15 -2.83
20957 -43.1415 2.15 -2.83
24111 -43.1415 2.15 -2.83
23557 -43.1415 2.15 -2.83
25023 -43.1415 2.15 -2.83
20064 -43.1415 2.15 -2.83
23611 -43.1415 2.15 -2.83
22206 -43.1415 2.15 -2.83
22025 -43.1415 2.15 -2.83
19213 -43.1415 2.15 -2.83
20333 -43.1415 2.15 -2.83
20621 -43.1415 2.15 -2.83
21140 -43.1415 2.15 -2.83
17632 -43.1415 2.15 -2.83
11688 -43.1415 2.15 -2.83
22817 -43.1415 2.15 -2.83
21757 -43.1415 2.15 -2.83
126885 -57.2565 19.65 -0.68
132332 -57.2565 19.65 -0.68
136096 -57.2565 19.65 -0.68
127756 -57.2565 19.65 -0.68
131876 -57.2565 19.65 -0.68
127210 -57.2565 19.65 -0.68
132360 -57.2565 19.65 -0.68
125319 -57.2565 19.65 -0.68
128447 -57.2565 19.65 -0.68
136209 -57.2565 19.65 -0.68
135031 -57.2565 19.65 -0.68
134519 -57.2565 19.65 -0.68
130492 -57.2565 19.65 -0.68
131173 -57.2565 19.65 -0.68
131109 -57.2565 19.65 -0.68
127136 -57.2565 19.65 -0.68
132297 -57.2565 19.65 -0.68
126858 -57.2565 19.65 -0.68
133325 -57.2565 19.65 -0.68
130181 -57.2565 19.65 -0.68
129450 -57.2565 19.65 -0.68
131351 -57.2565 19.65 -0.68
140402 -57.2565 19.65 -0.68
133488 -57.2565 19.65 -0.68
130059 -57.2565 19.65 -0.68
127892 -57.2565 19.65 -0.68
122255 -57.2565 19.65 -0.68
129867 -57.2565 19.65 -0.68
129762 -57.2565 19.65 -0.68
130422 -57.2565 19.65 -0.68
132362 -57.2565 19.65 -0.68
130699 -57.2565 19.65 -0.68
132834 -57.2565 19.65 -0.68
133834 -57.2565 19.65 -0.68
131550 -57.2565 19.65 -0.68
120448 -57.2565 19.65 -0.68
126380 -57.2565 19.65 -0.68
137316 -57.2565 19.65 -0.68
133138 -57.2565 19.65 -0.68
169834 -59.7039 -14.13 22.36
163852 -59.7039 -14.13 22.36
171228 -59.7039 -14.13 22.36
161786 -59.7039 -14.13 22.36
162451 -59.7039 -14.13 22.36
169771 -59.7039 -14.13 22.36
159921 -59.7039 -14.13 22.36
168739 -59.7039 -14.13 22.36
164985 -59.7039 -14.13 22.36
162483 -59.7039 -14.13 22.36
163506 -59.7039 -14.13 22.36
168761 -59.7039 -14.13 22.36
168248 -59.7039 -14.13 22.36
165981 -59.7039 -14.13 22.36
165633 -59.7039 -14.13 22.36
162207 -59.7039 -14.13 22.36
168146 -59.7039 -14.13 22.36
165563 -59.7039 -14.13 22.36
159390 -59.7039 -14.13 22.36
168354 -59.7039 -14.13 22.36
161596 -59.7039 -14.13 22.36
167907 -59.7039 -14.13 22.36
168764 -59.7039 -14.13 22.36
167003 -59.7039 -14.13 22.36
166671 -59.7039 -14.13 22.36
170269 -59.7039 -14.13 22.36
166549 -59.7039 -14.13 22.36
166236 -59.7039 -14.13 22.36
152724 -59.7039 -14.13 22.36
162016 -59.7039 -14.13 22.36
170344 -59.7039 -14.13 22.36
166792 -59.7039 -14.13 22.36
166546 -59.7039 -14.13 22.36
169760 -59.7039 -14.13 22.36
156249 -59.7039 -14.13 22.36
168842 -59.7039 -14.13 22.36
166244 -59.7039 -14.13 22.36
158668 -59.7039 -14.13 22.36
167361 -59.7039 -14.13 22.36
96899 -54.571 -1.3 14.14
96559 -54.571 -1.3 14.14
91775 -54.571 -1.3 14.14
92077 -54.571 -1.3 14.14
95636 -54.571 -1.3 14.14
100520 -54.571 -1.3 14.14
98947 -54.571 -1.3 14.14
91493 -54.571 -1.3 14.14
92862 -54.571 -1.3 14.14
96148 -54.571 -1.3 14.14
94331 -54.571 -1.3 14.14
95613 -54.571 -1.3 14.14
98267 -54.571 -1.3 14.14
100541 -54.571 -1.3 14.14
97991 -54.571 -1.3 14.14
102148 -54.571 -1.3 14.14
97357 -54.571 -1.3 14.14
94111 -54.571 -1.3 14.14
99158 -54.571 -1.3 14.14
95314 -54.571 -1.3 14.14
90339 -54.571 -1.3 14.14
93486 -54.571 -1.3 14.14
99533 -54.571 -1.3 14.14
95506 -54.571 -1.3 14.14
91347 -54.571 -1.3 14.14
91266 -54.571 -1.3 14.14
95426 -54.571 -1.3 14.14
95647 -54.571 -1.3 14.14
95538 -54.571 -1.3 14.14
94093 -54.571 -1.3 14.14
103210 -54.571 -1.3 14.14
94722 -54.571 -1.3 14.14
95114 -54.571 -1.3 14.14
100062 -54.571 -1.3 14.14
98695 -54.571 -1.3 14.14
95169 -54.571 -1.3 14.14
99133 -54.571 -1.3 14.14
90429 -54.571 -1.3 14.14
97211 -54.571 -1.3 14.14
77480 -52.3788 -9.13 5.93
79038 -52.3788 -9.13 5.93
71383 -52.3788 -9.13 5.93
72664 -52.3788 -9.13 5.93
73214 -52.3788 -9.13 5.93
72401 -52.3788 -9.13 5.93
70004 -52.3788 -9.13 5.93
77131 -52.3788 -9.13 5.93
77201 -52.3788 -9.13 5.93
72792 -52.3788 -9.13 5.93
71951 -52.3788 -9.13 5.93
71225 -52.3788 -9.13 5.93
72022 -52.3788 -9.13 5.93
76347 -52.3788 -9.13 5.93
73008 -52.3788 -9.13 5.93
81562 -52.3788 -9.13 5.93
69491 -52.3788 -9.13 5.93
74589 -52.3788 -9.13 5.93
77043 -52.3788 -9.13 5.93
79070 -52.3788 -9.13 5.93
78963 -52.3788 -9.13 5.93
74519 -52.3788 -9.13 5.93
78729 -52.3788 -9.13 5.93
69479 -52.3788 -9.13 5.93
68562 -52.3788 -9.13 5.93
71664 -52.3788 -9.13 5.93
84303 -52.3788 -9.13 5.93
79164 -52.3788 -9.13 5.93
77061 -52.3788 -9.13 5.93
73559 -52.3788 -9.13 5.93
76053 -52.3788 -9.13 5.93
77466 -52.3788 -9.13 5.93
79643 -52.3788 -9.13 5.93
73522 -52.3788 -9.13 5.93
77080 -52.3788 -9.13 5.93
76732 -52.3788 -9.13 5.93
73607 -52.3788 -9.13 5.93
77722 -52.3788 -9.13 5.93
85712 -52.3788 -9.13 5.93
