#rtt sig_str x y
125057 -56.9672 -4.79 -18.37
128243 -56.9672 -4.79 -18.37
123184 -56.9672 -4.79 -18.37
125747 -56.9672 -4.79 -18.37
121446 -56.9672 -4.79 -18.37
124782 -56.9672 -4.79 -18.37
119818 -56.9672 -4.79 -18.37
121053 -56.9672 -4.79 -18.37
127437 -56.9672 -4.79 -18.37
119304 -56.9672 -4.79 -18.37
124335 -56.9672 -4.79 -18.37
122384 -56.9672 -4.79 -18.37
122568 -56.9672 -4.79 -18.37
123488 -56.9672 -4.79 -18.37
126274 -56.9672 -4.79 -18.37
123694 -56.9672 -4.79 -18.37
120851 -56.9672 -4.79 -18.37
120509 -56.9672 -4.79 -18.37
122317 -56.9672 -4.79 -18.37
112952 -56.9672 -4.79 -18.37
122335 -56.9672 -4.79 -18.37
122038 -56.9672 -4.79 -18.37
121184 -56.9672 -4.79 -18.37
124773 -56.9672 -4.79 -18.37
122697 -56.9672 -4.79 -18.37
128781 -56.9672 -4.79 -18.37
126648 -56.9672 -4.79 -18.37
117546 -56.9672 -4.79 -18.37
125129 -56.9672 -4.79 -18.37
129328 -56.9672 -4.79 -18.37
130562 -56.9672 -4.79 -18.37
116956 -56.9672 -4.79 -18.37
125716 -56.9672 -4.79 -18.37
128020 -56.9672 -4.79 -18.37
126941 -56.9672 -4.79 -18.37
120778 -56.9672 -4.79 -18.37
123212 -56.9672 -4.79 -18.37
121480 -56.9672 -4.79 -18.37
124279 -56.9672 -4.79 -18.37
204823 -61.0025 -8.21 -29.85
197578 -61.0025 -8.21 -29.85
212349 -61.0025 -8.21 -29.85
213711 -61.0025 -8.21 -29.85
205205 -61.0025 -8.21 -29.85
210609 -61.0025 -8.21 -29.85
210179 -61.0025 -8.21 -29.85
210967 -61.0025 -8.21 -29.85
206991 -61.0025 -8.21 -29.85
209016 -61.0025 -8.21 -29.85
213800 -61.0025 -8.21 -29.85
213247 -61.0025 -8.21 -29.85
212400 -61.0025 -8.21 -29.85
206758 -61.0025 -8.21 -29.85
197901 -61.0025 -8.21 -29.85
205834 -61.0025 -8.21 -29.85
212355 -61.0025 -8.21 -29.85
212255 -61.0025 -8.21 -29.85
201457 -61.0025 -8.21 -29.85
207456 -61.0025 -8.21 -29.85
207741 -61.0025 -8.21 -29.85
202674 -61.0025 -8.21 -29.85
197502 -61.0025 -8.21 -29.85
209974 -61.0025 -8.21 -29.85
208936 -61.0025 -8.21 -29.85
204000 -61.0025 -8.21 -29.85
215331 -61.0025 -8.21 -29.85
206725 -61.0025 -8.21 -29.85
212057 -61.0025 -8.21 -29.85
208077 -61.0025 -8.21 -29.85
206681 -61.0025 -8.21 -29.85
208924 -61.0025 -8.21 -29.85
200846 -61.0025 -8.21 -29.85
207971 -61.0025 -8.21 -29.85
209366 -61.0025 -8.21 -29.85
210210 -61.0025 -8.21 -29.85
201686 -61.0025 -8.21 -29.85
211567 -61.0025 -8.21 -29.85
216152 -61.0025 -8.21 -29.85
221192 -62.0245 -18.91 29.5
224840 -62.0245 -18.91 29.5
227235 -62.0245 -18.91 29.5
222127 -62.0245 -18.91 29.5
228537 -62.0245 -18.91 29.5
219308 -62.0245 -18.91 29.5
227594 -62.0245 -18.91 29.5
221933 -62.0245 -18.91 29.5
225760 -62.0245 -18.91 29.5
228507 -62.0245 -18.91 29.5
228957 -62.0245 -18.91 29.5
220995 -62.0245 -18.91 29.5
228408 -62.0245 -18.91 29.5
222262 -62.0245 -18.91 29.5
228437 -62.0245 -18.91 29.5
225007 -62.0245 -18.91 29.5
227900 -62.0245 -18.91 29.5
230006 -62.0245 -18.91 29.5
223227 -62.0245 -18.91 29.5
224443 -62.0245 -18.91 29.5
226419 -62.0245 -18.91 29.5
221666 -62.0245 -18.91 29.5
226410 -62.0245 -18.91 29.5
226597 -62.0245 -18.91 29.5
223525 -62.0245 -18.91 29.5
223567 -62.0245 -18.91 29.5
230974 -62.0245 -18.91 29.5
217501 -62.0245 -18.91 29.5
225436 -62.0245 -18.91 29.5
214367 -62.0245 -18.91 29.5
234453 -62.0245 -18.91 29.5
218535 -62.0245 -18.91 29.5
218993 -62.0245 -18.91 29.5
228194 -62.0245 -18.91 29.5
229777 -62.0245 -18.91 29.5
217624 -62.0245 -18.91 29.5
223907 -62.0245 -18.91 29.5
227378 -62.0245 -18.91 29.5
231488 -62.0245 -18.91 29.5
106137 -55.4877 1.1 -15.83
104551 -55.4877 1.1 -15.83
104402 -55.4877 1.1 -15.83
109942 -55.4877 1.1 -15.83
109733 -55.4877 1.1 -15.83
105758 -55.4877 1.1 -15.83
105040 -55.4877 1.1 -15.83
106665 -55.4877 1.1 -15.83
101834 -55.4877 1.1 -15.83
109624 -55.4877 1.1 -15.83
102007 -55.4877 1.1 -15.83
107854 -55.4877 1.1 -15.83
102319 -55.4877 1.1 -15.83
104766 -55.4877 1.1 -15.83
106296 -55.4877 1.1 -15.83
106524 -55.4877 1.1 -15.83
100062 -55.4877 1.1 -15.83
110346 -55.4877 1.1 -15.83
106854 -55.4877 1.1 -15.83
109582 -55.4877 1.1 -15.83
108277 -55.4877 1.1 -15.83
107818 -55.4877 1.1 -15.83
107519 -55.4877 1.1 -15.83
107602 -55.4877 1.1 -15.83
107798 -55.4877 1.1 -15.83
104877 -55.4877 1.1 -15.83
105304 -55.4877 1.1 -15.83
109070 -55.4877 1.1 -15.83
106475 -55.4877 1.1 -15.83
103430 -55.4877 1.1 -15.83
103292 -55.4877 1.1 -15.83
105129 -55.4877 1.1 -15.83
102582 -55.4877 1.1 -15.83
104206 -55.4877 1.1 -15.83
108238 -55.4877 1.1 -15.83
105958 -55.4877 1.1 -15.83
103481 -55.4877 1.1 -15.83
108138 -55.4877 1.1 -15.83
100403 -55.4877 1.1 -15.83
225506 -61.7829 -29.49 -16.98
216814 -61.7829 -29.49 -16.98
211065 -61.7829 -29.49 -16.98
224024 -61.7829 -29.49 -16.98
219454 -61.7829 -29.49 -16.98
218227 -61.7829 -29.49 -16.98
215841 -61.7829 -29.49 -16.98
224892 -61.7829 -29.49 -16.98
222615 -61.7829 -29.49 -16.98
217612 -61.7829 -29.49 -16.98
223436 -61.7829 -29.49 -16.98
231343 -61.7829 -29.49 -16.98
222746 -61.7829 -29.49 -16.98
224582 -61.7829 -29.49 -16.98
228293 -61.7829 -29.49 -16.98
217544 -61.7829 -29.49 -16.98
219627 -61.7829 -29.49 -16.98
215040 -61.7829 -29.49 -16.98
217449 -61.7829 -29.49 -16.98
214589 -61.7829 -29.49 -16.98
223868 -61.7829 -29.49 -16.98
214929 -61.7829 -29.49 -16.98
228778 -61.7829 -29.49 -16.98
223870 -61.7829 -29.49 -16.98
219219 -61.7829 -29.49 -16.98
220551 -61.7829 -29.49 -16.98
233679 -61.7829 -29.49 -16.98
234719 -61.7829 -29.49 -16.98
222946 -61.7829 -29.49 -16.98
225128 -61.7829 -29.49 -16.98
215794 -61.7829 -29.49 -16.98
220711 -61.7829 -29.49 -16.98
219372 -61.7829 -29.49 -16.98
213593 -61.7829 -29.49 -16.98
224987 -61.7829 -29.49 -16.98
223341 -61.7829 -29.49 -16.98
227424 -61.7829 -29.49 -16.98
219654 -61.7829 -29.49 -16.98
222936 -61.7829 -29.49 -16.98
201814 -61.2994 28.14 -15.43
209465 -61.2994 28.14 -15.43
200809 -61.2994 28.14 -15.43
203048 -61.2994 28.14 -15.43
203770 -61.2994 28.14 -15.43
206817 -61.2994 28.14 -15.43
196939 -61.2994 28.14 -15.43
209759 -61.2994 28.14 -15.43
206750 -61.2994 28.14 -15.43
205700 -61.2994 28.14 -15.43
204819 -61.2994 28.14 -15.43
207754 -61.2994 28.14 -15.43
205989 -61.2994 28.14 -15.43
206172 -61.2994 28.14 -15.43
204590 -61.2994 28.14 -15.43
205970 -61.2994 28.14 -15.43
196641 -61.2994 28.14 -15.43
195531 -61.2994 28.14 -15.43
206025 -61.2994 28.14 -15.43
200077 -61.2994 28.14 -15.43
204533 -61.2994 28.14 -15.43
199368 -61.2994 28.14 -15.43
203035 -61.2994 28.14 -15.43
204071 -61.2994 28.14 -15.43
200095 -61.2994 28.14 -15.43
211882 -61.2994 28.14 -15.43
197155 -61.2994 28.14 -15.43
196427 -61.2994 28.14 -15.43
205227 -61.2994 28.14 -15.43
198180 -61.2994 28.14 -15.43
205724 -61.2994 28.14 -15.43
204024 -61.2994 28.14 -15.43
192779 -61.2994 28.14 -15.43
210343 -61.2994 28.14 -15.43
197858 -61.2994 28.14 -15.43
204474 -61.2994 28.14 -15.43
201554 -61.2994 28.14 -15.43
199045 -61.2994 28.14 -15.43
194231 -61.2994 28.14 -15.43
119385 -56.7073 18.09 -3.34
119713 -56.7073 18.09 -3.34
120879 -56.7073 18.09 -3.34
118875 -56.7073 18.09 -3.34
119249 -56.7073 18.09 -3.34
120077 -56.7073 18.09 -3.34
121657 -56.7073 18.09 -3.34
117005 -56.7073 18.09 -3.34
111362 -56.7073 18.09 -3.34
118920 -56.7073 18.09 -3.34
123940 -56.7073 18.09 -3.34
118586 -56.7073 18.09 -3.34
118129 -56.7073 18.09 -3.34
114601 -56.7073 18.09 -3.34
117689 -56.7073 18.09 -3.34
120182 -56.7073 18.09 -3.34
122157 -56.7073 18.09 -3.34
120661 -56.7073 18.09 -3.34
119984 -56.7073 18.09 -3.34
118030 -56.7073 18.09 -3.34
121056 -56.7073 18.09 -3.34
116272 -56.7073 18.09 -3.34
122886 -56.7073 18.09 -3.34
118942 -56.7073 18.09 -3.34
120025 -56.7073 18.09 -3.34
119966 -56.7073 18.09 -3.34
120191 -56.7073 18.09 -3.34
111056 -56.7073 18.09 -3.34
123579 -56.7073 18.09 -3.34
123174 -56.7073 18.09 -3.34
118387 -56.7073 18.09 -3.34
119772 -56.7073 18.09 -3.34
121244 -56.7073 18.09 -3.34
123844 -56.7073 18.09 -3.34
119631 -56.7073 18.09 -3.34
121128 -56.7073 18.09 -3.34
124249 -56.7073 18.09 -3.34
122790 -56.7073 18.09 -3.34
116114 -56.7073 18.09 -3.34
105519 -55.2622 15.44 -0.11
106768 -55.2622 15.44 -0.11
98694 -55.2622 15.44 -0.11
100361 -55.2622 15.44 -0.11
103163 -55.2622 15.44 -0.11
109045 -55.2622 15.44 -0.11
104973 -55.2622 15.44 -0.11
102831 -55.2622 15.44 -0.11
100015 -55.2622 15.44 -0.11
103322 -55.2622 15.44 -0.11
103282 -55.2622 15.44 -0.11
103553 -55.2622 15.44 -0.11
100032 -55.2622 15.44 -0.11
108486 -55.2622 15.44 -0.11
102051 -55.2622 15.44 -0.11
103098 -55.2622 15.44 -0.11
95680 -55.2622 15.44 -0.11
101772 -55.2622 15.44 -0.11
102710 -55.2622 15.44 -0.11
103217 -55.2622 15.44 -0.11
101985 -55.2622 15.44 -0.11
104276 -55.2622 15.44 -0.11
103395 -55.2622 15.44 -0.11
103555 -55.2622 15.44 -0.11
105528 -55.2622 15.44 -0.11
103877 -55.2622 15.44 -0.11
99596 -55.2622 15.44 -0.11
101348 -55.2622 15.44 -0.11
102879 -55.2622 15.44 -0.11
106503 -55.2622 15.44 -0.11
101818 -55.2622 15.44 -0.11
102755 -55.2622 15.44 -0.11
103149 -55.2622 15.44 -0.11
103030 -55.2622 15.44 -0.11
100448 -55.2622 15.44 -0.11
104942 -55.2622 15.44 -0.11
101261 -55.2622 15.44 -0.11
104952 -55.2622 15.44 -0.11
100720 -55.2622 15.44 -0.11
90766 -53.5389 10.29 -7.15
91359 -53.5389 10.29 -7.15
87474 -53.5389 10.29 -7.15
80354 -53.5389 10.29 -7.15
86839 -53.5389 10.29 -7.15
89268 -53.5389 10.29 -7.15
80939 -53.5389 10.29 -7.15
84944 -53.5389 10.29 -7.15
88999 -53.5389 10.29 -7.15
81841 -53.5389 10.29 -7.15
86876 -53.5389 10.29 -7.15
81660 -53.5389 10.29 -7.15
83857 -53.5389 10.29 -7.15
86962 -53.5389 10.29 -7.15
91906 -53.5389 10.29 -7.15
84001 -53.5389 10.29 -7.15
82467 -53.5389 10.29 -7.15
85457 -53.5389 10.29 -7.15
90982 -53.5389 10.29 -7.15
86595 -53.5389 10.29 -7.15
86557 -53.5389 10.29 -7.15
82825 -53.5389 10.29 -7.15
83420 -53.5389 10.29 -7.15
84313 -53.5389 10.29 -7.15
80521 -53.5389 10.29 -7.15
93481 -53.5389 10.29 -7.15
89437 -53.5389 10.29 -7.15
90420 -53.5389 10.29 -7.15
87495 -53.5389 10.29 -7.15
83091 -53.5389 10.29 -7.15
90575 -53.5389 10.29 -7.15
91251 -53.5389 10.29 -7.15
83268 -53.5389 10.29 -7.15
90191 -53.5389 10.29 -7.15
83883 -53.5389 10.29 -7.15
83408 -53.5389 10.29 -7.15
85179 -53.5389 10.29 -7.15
89766 -53.5389 10.29 -7.15
86921 -53.5389 10.29 -7.15
192029 -60.6733 -28.23 -9.38
189835 -60.6733 -28.23 -9.38
200099 -60.6733 -28.23 -9.38
205330 -60.6733 -28.23 -9.38
196814 -60.6733 -28.23 -9.38
198365 -60.6733 -28.23 -9.38
203587 -60.6733 -28.23 -9.38
197550 -60.6733 -28.23 -9.38
202140 -60.6733 -28.23 -9.38
201236 -60.6733 -28.23 -9.38
203805 -60.6733 -28.23 -9.38
199723 -60.6733 -28.23 -9.38
197951 -60.6733 -28.23 -9.38
198877 -60.6733 -28.23 -9.38
203325 -60.6733 -28.23 -9.38
196214 -60.6733 -28.23 -9.38
193279 -60.6733 -28.23 -9.38
197509 -60.6733 -28.23 -9.38
200410 -60.6733 -28.23 -9.38
197681 -60.6733 -28.23 -9.38
186450 -60.6733 -28.23 -9.38
196203 -60.6733 -28.23 -9.38
199273 -60.6733 -28.23 -9.38
198620 -60.6733 -28.23 -9.38
200253 -60.6733 -28.23 -9.38
203019 -60.6733 -28.23 -9.38
199779 -60.6733 -28.23 -9.38
194374 -60.6733 -28.23 -9.38
194701 -60.6733 -28.23 -9.38
208308 -60.6733 -28.23 -9.38
198506 -60.6733 -28.23 -9.38
198182 -60.6733 -28.23 -9.38
195981 -60.6733 -28.23 -9.38
202000 -60.6733 -28.23 -9.38
193708 -60.6733 -28.23 -9.38
198941 -60.6733 -28.23 -9.38
203928 -60.6733 -28.23 -9.38
197336 -60.6733 -28.23 -9.38
196924 -60.6733 -28.23 -9.38
