#rtt sig_str x y
177607 -59.8988 -24.42 11.71
171659 -59.8988 -24.42 11.71
183104 -59.8988 -24.42 11.71
174098 -59.8988 -24.42 11.71
174529 -59.8988 -24.42 11.71
178804 -59.8988 -24.42 11.71
173863 -59.8988 -24.42 11.71
176146 -59.8988 -24.42 11.71
175889 -59.8988 -24.42 11.71
178905 -59.8988 -24.42 11.71
180746 -59.8988 -24.42 11.71
176963 -59.8988 -24.42 11.71
185602 -59.8988 -24.42 11.71
175892 -59.8988 -24.42 11.71
176150 -59.8988 -24.42 11.71
184847 -59.8988 -24.42 11.71
174514 -59.8988 -24.42 11.71
181725 -59.8988 -24.42 11.71
172718 -59.8988 -24.42 11.71
178156 -59.8988 -24.42 11.71
179844 -59.8988 -24.42 11.71
167811 -59.8988 -24.42 11.71
174599 -59.8988 -24.42 11.71
178357 -59.8988 -24.42 11.71
178510 -59.8988 -24.42 11.71
182607 -59.8988 -24.42 11.71
176929 -59.8988 -24.42 11.71
175317 -59.8988 -24.42 11.71
176468 -59.8988 -24.42 11.71
179133 -59.8988 -24.42 11.71
176205 -59.8988 -24.42 11.71
176030 -59.8988 -24.42 11.71
177530 -59.8988 -24.42 11.71
176014 -59.8988 -24.42 11.71
186816 -59.8988 -24.42 11.71
180138 -59.8988 -24.42 11.71
175685 -59.8988 -24.42 11.71
179395 -59.8988 -24.42 11.71
181660 -59.8988 -24.42 11.71
262894 -63.1841 28.3 28.73
268727 -63.1841 28.3 28.73
265986 -63.1841 28.3 28.73
262900 -63.1841 28.3 28.73
256052 -63.1841 28.3 28.73
269406 -63.1841 28.3 28.73
273274 -63.1841 28.3 28.73
270621 -63.1841 28.3 28.73
267985 -63.1841 28.3 28.73
264721 -63.1841 28.3 28.73
258561 -63.1841 28.3 28.73
271071 -63.1841 28.3 28.73
264789 -63.1841 28.3 28.73
268827 -63.1841 28.3 28.73
275833 -63.1841 28.3 28.73
267244 -63.1841 28.3 28.73
260599 -63.1841 28.3 28.73
263994 -63.1841 28.3 28.73
268440 -63.1841 28.3 28.73
273194 -63.1841 28.3 28.73
266558 -63.1841 28.3 28.73
260799 -63.1841 28.3 28.73
272150 -63.1841 28.3 28.73
267192 -63.1841 28.3 28.73
274593 -63.1841 28.3 28.73
257741 -63.1841 28.3 28.73
271556 -63.1841 28.3 28.73
266446 -63.1841 28.3 28.73
274167 -63.1841 28.3 28.73
264257 -63.1841 28.3 28.73
269033 -63.1841 28.3 28.73
269798 -63.1841 28.3 28.73
274092 -63.1841 28.3 28.73
274710 -63.1841 28.3 28.73
263292 -63.1841 28.3 28.73
267717 -63.1841 28.3 28.73
269989 -63.1841 28.3 28.73
273585 -63.1841 28.3 28.73
274749 -63.1841 28.3 28.73
102296 -55.1116 -0.97 -15.13
93242 -55.1116 -0.97 -15.13
105033 -55.1116 -0.97 -15.13
95328 -55.1116 -0.97 -15.13
100800 -55.1116 -0.97 -15.13
103283 -55.1116 -0.97 -15.13
97603 -55.1116 -0.97 -15.13
101232 -55.1116 -0.97 -15.13
99939 -55.1116 -0.97 -15.13
92083 -55.1116 -0.97 -15.13
105066 -55.1116 -0.97 -15.13
100168 -55.1116 -0.97 -15.13
101072 -55.1116 -0.97 -15.13
100190 -55.1116 -0.97 -15.13
99083 -55.1116 -0.97 -15.13
95624 -55.1116 -0.97 -15.13
96720 -55.1116 -0.97 -15.13
92816 -55.1116 -0.97 -15.13
90072 -55.1116 -0.97 -15.13
94373 -55.1116 -0.97 -15.13
102627 -55.1116 -0.97 -15.13
102488 -55.1116 -0.97 -15.13
101362 -55.1116 -0.97 -15.13
99115 -55.1116 -0.97 -15.13
104320 -55.1116 -0.97 -15.13
96489 -55.1116 -0.97 -15.13
102028 -55.1116 -0.97 -15.13
96895 -55.1116 -0.97 -15.13
100891 -55.1116 -0.97 -15.13
95426 -55.1116 -0.97 -15.13
91315 -55.1116 -0.97 -15.13
94935 -55.1116 -0.97 -15.13
92225 -55.1116 -0.97 -15.13
111751 -55.1116 -0.97 -15.13
107970 -55.1116 -0.97 -15.13
103187 -55.1116 -0.97 -15.13
98645 -55.1116 -0.97 -15.13
105847 -55.1116 -0.97 -15.13
101725 -55.1116 -0.97 -15.13
211947 -61.4963 -15.45 29.01
218171 -61.4963 -15.45 29.01
222157 -61.4963 -15.45 29.01
214295 -61.4963 -15.45 29.01
208347 -61.4963 -15.45 29.01
215935 -61.4963 -15.45 29.01
218478 -61.4963 -15.45 29.01
219558 -61.4963 -15.45 29.01
210574 -61.4963 -15.45 29.01
221040 -61.4963 -15.45 29.01
207849 -61.4963 -15.45 29.01
212935 -61.4963 -15.45 29.01
218913 -61.4963 -15.45 29.01
218951 -61.4963 -15.45 29.01
213643 -61.4963 -15.45 29.01
213054 -61.4963 -15.45 29.01
214508 -61.4963 -15.45 29.01
214716 -61.4963 -15.45 29.01
208511 -61.4963 -15.45 29.01
211142 -61.4963 -15.45 29.01
210871 -61.4963 -15.45 29.01
225188 -61.4963 -15.45 29.01
218567 -61.4963 -15.45 29.01
217434 -61.4963 -15.45 29.01
225209 -61.4963 -15.45 29.01
223202 -61.4963 -15.45 29.01
221583 -61.4963 -15.45 29.01
216291 -61.4963 -15.45 29.01
223322 -61.4963 -15.45 29.01
216912 -61.4963 -15.45 29.01
215381 -61.4963 -15.45 29.01
218190 -61.4963 -15.45 29.01
220295 -61.4963 -15.45 29.01
222277 -61.4963 -15.45 29.01
215559 -61.4963 -15.45 29.01
218975 -61.4963 -15.45 29.01
220783 -61.4963 -15.45 29.01
219723 -61.4963 -15.45 29.01
216560 -61.4963 -15.45 29.01
93007 -54.1783 1.87 13.41
89613 -54.1783 1.87 13.41
86800 -54.1783 1.87 13.41
85684 -54.1783 1.87 13.41
88295 -54.1783 1.87 13.41
81444 -54.1783 1.87 13.41
85551 -54.1783 1.87 13.41
88387 -54.1783 1.87 13.41
92392 -54.1783 1.87 13.41
86169 -54.1783 1.87 13.41
86069 -54.1783 1.87 13.41
90410 -54.1783 1.87 13.41
89573 -54.1783 1.87 13.41
84472 -54.1783 1.87 13.41
91002 -54.1783 1.87 13.41
87726 -54.1783 1.87 13.41
89958 -54.1783 1.87 13.41
84482 -54.1783 1.87 13.41
88078 -54.1783 1.87 13.41
87300 -54.1783 1.87 13.41
87029 -54.1783 1.87 13.41
90484 -54.1783 1.87 13.41
89606 -54.1783 1.87 13.41
85983 -54.1783 1.87 13.41
87440 -54.1783 1.87 13.41
85108 -54.1783 1.87 13.41
87689 -54.1783 1.87 13.41
89143 -54.1783 1.87 13.41
83298 -54.1783 1.87 13.41
91062 -54.1783 1.87 13.41
88824 -54.1783 1.87 13.41
90506 -54.1783 1.87 13.41
82778 -54.1783 1.87 13.41
90151 -54.1783 1.87 13.41
92419 -54.1783 1.87 13.41
85607 -54.1783 1.87 13.41
83841 -54.1783 1.87 13.41
89606 -54.1783 1.87 13.41
86616 -54.1783 1.87 13.41
90276 -53.8278 -12.87 1.66
89176 -53.8278 -12.87 1.66
98434 -53.8278 -12.87 1.66
98046 -53.8278 -12.87 1.66
97988 -53.8278 -12.87 1.66
96005 -53.8278 -12.87 1.66
95624 -53.8278 -12.87 1.66
92944 -53.8278 -12.87 1.66
93868 -53.8278 -12.87 1.66
99839 -53.8278 -12.87 1.66
96152 -53.8278 -12.87 1.66
99464 -53.8278 -12.87 1.66
99222 -53.8278 -12.87 1.66
92205 -53.8278 -12.87 1.66
89465 -53.8278 -12.87 1.66
96511 -53.8278 -12.87 1.66
98902 -53.8278 -12.87 1.66
90941 -53.8278 -12.87 1.66
101276 -53.8278 -12.87 1.66
95171 -53.8278 -12.87 1.66
93699 -53.8278 -12.87 1.66
95606 -53.8278 -12.87 1.66
92725 -53.8278 -12.87 1.66
96292 -53.8278 -12.87 1.66
88093 -53.8278 -12.87 1.66
94482 -53.8278 -12.87 1.66
101576 -53.8278 -12.87 1.66
94508 -53.8278 -12.87 1.66
95783 -53.8278 -12.87 1.66
92815 -53.8278 -12.87 1.66
90805 -53.8278 -12.87 1.66
91100 -53.8278 -12.87 1.66
89990 -53.8278 -12.87 1.66
95957 -53.8278 -12.87 1.66
96979 -53.8278 -12.87 1.66
88214 -53.8278 -12.87 1.66
101240 -53.8278 -12.87 1.66
92656 -53.8278 -12.87 1.66
96707 -53.8278 -12.87 1.66
161891 -59.0783 21.76 -11.3
159043 -59.0783 21.76 -11.3
157549 -59.0783 21.76 -11.3
150426 -59.0783 21.76 -11.3
162890 -59.0783 21.76 -11.3
157159 -59.0783 21.76 -11.3
162263 -59.0783 21.76 -11.3
161425 -59.0783 21.76 -11.3
158890 -59.0783 21.76 -11.3
156217 -59.0783 21.76 -11.3
165790 -59.0783 21.76 -11.3
157015 -59.0783 21.76 -11.3
156736 -59.0783 21.76 -11.3
165250 -59.0783 21.76 -11.3
166703 -59.0783 21.76 -11.3
153832 -59.0783 21.76 -11.3
162101 -59.0783 21.76 -11.3
158524 -59.0783 21.76 -11.3
158374 -59.0783 21.76 -11.3
161760 -59.0783 21.76 -11.3
162146 -59.0783 21.76 -11.3
159656 -59.0783 21.76 -11.3
170903 -59.0783 21.76 -11.3
166840 -59.0783 21.76 -11.3
159858 -59.0783 21.76 -11.3
159330 -59.0783 21.76 -11.3
154058 -59.0783 21.76 -11.3
155493 -59.0783 21.76 -11.3
154710 -59.0783 21.76 -11.3
159918 -59.0783 21.76 -11.3
158118 -59.0783 21.76 -11.3
163005 -59.0783 21.76 -11.3
155581 -59.0783 21.76 -11.3
166601 -59.0783 21.76 -11.3
157007 -59.0783 21.76 -11.3
156976 -59.0783 21.76 -11.3
159334 -59.0783 21.76 -11.3
160118 -59.0783 21.76 -11.3
161913 -59.0783 21.76 -11.3
204751 -61.3583 -27.54 -16.92
208731 -61.3583 -27.54 -16.92
193539 -61.3583 -27.54 -16.92
211269 -61.3583 -27.54 -16.92
205294 -61.3583 -27.54 -16.92
207691 -61.3583 -27.54 -16.92
212739 -61.3583 -27.54 -16.92
210062 -61.3583 -27.54 -16.92
203694 -61.3583 -27.54 -16.92
204008 -61.3583 -27.54 -16.92
198087 -61.3583 -27.54 -16.92
203561 -61.3583 -27.54 -16.92
212641 -61.3583 -27.54 -16.92
212678 -61.3583 -27.54 -16.92
202949 -61.3583 -27.54 -16.92
209556 -61.3583 -27.54 -16.92
207507 -61.3583 -27.54 -16.92
206347 -61.3583 -27.54 -16.92
202003 -61.3583 -27.54 -16.92
201841 -61.3583 -27.54 -16.92
200217 -61.3583 -27.54 -16.92
201037 -61.3583 -27.54 -16.92
213933 -61.3583 -27.54 -16.92
213623 -61.3583 -27.54 -16.92
205301 -61.3583 -27.54 -16.92
204523 -61.3583 -27.54 -16.92
207518 -61.3583 -27.54 -16.92
211190 -61.3583 -27.54 -16.92
206714 -61.3583 -27.54 -16.92
202013 -61.3583 -27.54 -16.92
204860 -61.3583 -27.54 -16.92
213466 -61.3583 -27.54 -16.92
206961 -61.3583 -27.54 -16.92
210546 -61.3583 -27.54 -16.92
204409 -61.3583 -27.54 -16.92
211702 -61.3583 -27.54 -16.92
204472 -61.3583 -27.54 -16.92
205807 -61.3583 -27.54 -16.92
212160 -61.3583 -27.54 -16.92
169071 -59.5575 -23.5 11.09
168577 -59.5575 -23.5 11.09
166994 -59.5575 -23.5 11.09
172957 -59.5575 -23.5 11.09
164093 -59.5575 -23.5 11.09
167852 -59.5575 -23.5 11.09
163556 -59.5575 -23.5 11.09
172793 -59.5575 -23.5 11.09
171131 -59.5575 -23.5 11.09
163870 -59.5575 -23.5 11.09
169913 -59.5575 -23.5 11.09
176096 -59.5575 -23.5 11.09
163748 -59.5575 -23.5 11.09
169091 -59.5575 -23.5 11.09
166303 -59.5575 -23.5 11.09
173886 -59.5575 -23.5 11.09
162188 -59.5575 -23.5 11.09
171809 -59.5575 -23.5 11.09
168792 -59.5575 -23.5 11.09
162892 -59.5575 -23.5 11.09
168501 -59.5575 -23.5 11.09
166890 -59.5575 -23.5 11.09
163023 -59.5575 -23.5 11.09
169650 -59.5575 -23.5 11.09
168854 -59.5575 -23.5 11.09
168167 -59.5575 -23.5 11.09
158072 -59.5575 -23.5 11.09
173424 -59.5575 -23.5 11.09
169042 -59.5575 -23.5 11.09
163138 -59.5575 -23.5 11.09
169757 -59.5575 -23.5 11.09
166879 -59.5575 -23.5 11.09
167907 -59.5575 -23.5 11.09
162502 -59.5575 -23.5 11.09
166471 -59.5575 -23.5 11.09
168128 -59.5575 -23.5 11.09
168337 -59.5575 -23.5 11.09
159144 -59.5575 -23.5 11.09
174971 -59.5575 -23.5 11.09
132970 -57.2625 16.03 -11.41
128922 -57.2625 16.03 -11.41
126525 -57.2625 16.03 -11.41
126117 -57.2625 16.03 -11.41
134873 -57.2625 16.03 -11.41
129632 -57.2625 16.03 -11.41
128810 -57.2625 16.03 -11.41
119411 -57.2625 16.03 -11.41
129115 -57.2625 16.03 -11.41
125249 -57.2625 16.03 -11.41
132276 -57.2625 16.03 -11.41
124816 -57.2625 16.03 -11.41
129166 -57.2625 16.03 -11.41
119646 -57.2625 16.03 -11.41
135184 -57.2625 16.03 -11.41
133312 -57.2625 16.03 -11.41
123254 -57.2625 16.03 -11.41
132869 -57.2625 16.03 -11.41
125658 -57.2625 16.03 -11.41
132041 -57.2625 16.03 -11.41
128682 -57.2625 16.03 -11.41
130334 -57.2625 16.03 -11.41
134771 -57.2625 16.03 -11.41
129746 -57.2625 16.03 -11.41
126506 -57.2625 16.03 -11.41
125867 -57.2625 16.03 -11.41
123322 -57.2625 16.03 -11.41
123034 -57.2625 16.03 -11.41
130471 -57.2625 16.03 -11.41
130942 -57.2625 16.03 -11.41
130741 -57.2625 16.03 -11.41
114271 -57.2625 16.03 -11.41
123674 -57.2625 16.03 -11.41
126937 -57.2625 16.03 -11.41
133072 -57.2625 16.03 -11.41
132404 -57.2625 16.03 -11.41
129376 -57.2625 16.03 -11.41
120112 -57.2625 16.03 -11.41
125800 -57.2625 16.03 -11.41
