#rtt sig_str x y
243242 -62.6607 29.06 -24.25
250726 -62.6607 29.06 -24.25
249990 -62.6607 29.06 -24.25
242602 -62.6607 29.06 -24.25
246931 -62.6607 29.06 -24.25
248176 -62.6607 29.06 -24.25
248987 -62.6607 29.06 -24.25
250934 -62.6607 29.06 -24.25
250200 -62.6607 29.06 -24.25
249316 -62.6607 29.06 -24.25
245984 -62.6607 29.06 -24.25
254214 -62.6607 29.06 -24.25
244104 -62.6607 29.06 -24.25
248566 -62.6607 29.06 -24.25
247065 -62.6607 29.06 -24.25
238946 -62.6607 29.06 -24.25
243805 -62.6607 29.06 -24.25
246659 -62.6607 29.06 -24.25
253884 -62.6607 29.06 -24.25
252709 -62.6607 29.06 -24.25
242370 -62.6607 29.06 -24.25
250627 -62.6607 29.06 -24.25
249666 -62.6607 29.06 -24.25
251474 -62.6607 29.06 -24.25
242833 -62.6607 29.06 -24.25
246647 -62.6607 29.06 -24.25
239840 -62.6607 29.06 -24.25
250368 -62.6607 29.06 -24.25
243238 -62.6607 29.06 -24.25
246299 -62.6607 29.06 -24.25
251521 -62.6607 29.06 -24.25
256079 -62.6607 29.06 -24.25
254367 -62.6607 29.06 -24.25
248496 -62.6607 29.06 -24.25
252824 -62.6607 29.06 -24.25
234378 -62.6607 29.06 -24.25
247940 -62.6607 29.06 -24.25
248101 -62.6607 29.06 -24.25
252723 -62.6607 29.06 -24.25
144967 -58.2882 -10 19.91
148875 -58.2882 -10 19.91
151709 -58.2882 -10 19.91
154541 -58.2882 -10 19.91
148279 -58.2882 -10 19.91
152825 -58.2882 -10 19.91
148751 -58.2882 -10 19.91
147371 -58.2882 -10 19.91
152948 -58.2882 -10 19.91
149478 -58.2882 -10 19.91
143151 -58.2882 -10 19.91
142856 -58.2882 -10 19.91
145376 -58.2882 -10 19.91
150457 -58.2882 -10 19.91
143591 -58.2882 -10 19.91
153551 -58.2882 -10 19.91
149511 -58.2882 -10 19.91
146052 -58.2882 -10 19.91
147214 -58.2882 -10 19.91
151143 -58.2882 -10 19.91
151984 -58.2882 -10 19.91
150314 -58.2882 -10 19.91
152127 -58.2882 -10 19.91
148359 -58.2882 -10 19.91
142254 -58.2882 -10 19.91
146908 -58.2882 -10 19.91
145223 -58.2882 -10 19.91
147585 -58.2882 -10 19.91
151766 -58.2882 -10 19.91
151296 -58.2882 -10 19.91
152626 -58.2882 -10 19.91
154375 -58.2882 -10 19.91
150219 -58.2882 -10 19.91
150942 -58.2882 -10 19.91
156036 -58.2882 -10 19.91
156879 -58.2882 -10 19.91
153793 -58.2882 -10 19.91
144250 -58.2882 -10 19.91
149220 -58.2882 -10 19.91
103216 -52.941 10.42 -5.22
107231 -52.941 10.42 -5.22
102917 -52.941 10.42 -5.22
102600 -52.941 10.42 -5.22
109142 -52.941 10.42 -5.22
106093 -52.941 10.42 -5.22
105585 -52.941 10.42 -5.22
106006 -52.941 10.42 -5.22
100884 -52.941 10.42 -5.22
108187 -52.941 10.42 -5.22
107477 -52.941 10.42 -5.22
108918 -52.941 10.42 -5.22
105015 -52.941 10.42 -5.22
110155 -52.941 10.42 -5.22
104768 -52.941 10.42 -5.22
103060 -52.941 10.42 -5.22
99834 -52.941 10.42 -5.22
109678 -52.941 10.42 -5.22
98501 -52.941 10.42 -5.22
106774 -52.941 10.42 -5.22
103078 -52.941 10.42 -5.22
99878 -52.941 10.42 -5.22
96581 -52.941 10.42 -5.22
104639 -52.941 10.42 -5.22
103090 -52.941 10.42 -5.22
101640 -52.941 10.42 -5.22
104792 -52.941 10.42 -5.22
106207 -52.941 10.42 -5.22
105448 -52.941 10.42 -5.22
105922 -52.941 10.42 -5.22
106905 -52.941 10.42 -5.22
98056 -52.941 10.42 -5.22
108060 -52.941 10.42 -5.22
108674 -52.941 10.42 -5.22
110090 -52.941 10.42 -5.22
101900 -52.941 10.42 -5.22
103653 -52.941 10.42 -5.22
103168 -52.941 10.42 -5.22
106077 -52.941 10.42 -5.22
119887 -57.0489 -18.22 5.97
125126 -57.0489 -18.22 5.97
122500 -57.0489 -18.22 5.97
119269 -57.0489 -18.22 5.97
122147 -57.0489 -18.22 5.97
124069 -57.0489 -18.22 5.97
123400 -57.0489 -18.22 5.97
128800 -57.0489 -18.22 5.97
123383 -57.0489 -18.22 5.97
123249 -57.0489 -18.22 5.97
124820 -57.0489 -18.22 5.97
121533 -57.0489 -18.22 5.97
125206 -57.0489 -18.22 5.97
123923 -57.0489 -18.22 5.97
116687 -57.0489 -18.22 5.97
119873 -57.0489 -18.22 5.97
128873 -57.0489 -18.22 5.97
126929 -57.0489 -18.22 5.97
118617 -57.0489 -18.22 5.97
111481 -57.0489 -18.22 5.97
125262 -57.0489 -18.22 5.97
124560 -57.0489 -18.22 5.97
122707 -57.0489 -18.22 5.97
118220 -57.0489 -18.22 5.97
122367 -57.0489 -18.22 5.97
120560 -57.0489 -18.22 5.97
119984 -57.0489 -18.22 5.97
130259 -57.0489 -18.22 5.97
124336 -57.0489 -18.22 5.97
126126 -57.0489 -18.22 5.97
126042 -57.0489 -18.22 5.97
124333 -57.0489 -18.22 5.97
124309 -57.0489 -18.22 5.97
124137 -57.0489 -18.22 5.97
126772 -57.0489 -18.22 5.97
132141 -57.0489 -18.22 5.97
131972 -57.0489 -18.22 5.97
115203 -57.0489 -18.22 5.97
125460 -57.0489 -18.22 5.97
137212 -57.8001 -8.73 -19.1
130729 -57.8001 -8.73 -19.1
135310 -57.8001 -8.73 -19.1
134509 -57.8001 -8.73 -19.1
137749 -57.8001 -8.73 -19.1
128014 -57.8001 -8.73 -19.1
142116 -57.8001 -8.73 -19.1
140325 -57.8001 -8.73 -19.1
133712 -57.8001 -8.73 -19.1
133521 -57.8001 -8.73 -19.1
136448 -57.8001 -8.73 -19.1
139868 -57.8001 -8.73 -19.1
139431 -57.8001 -8.73 -19.1
133861 -57.8001 -8.73 -19.1
140337 -57.8001 -8.73 -19.1
138777 -57.8001 -8.73 -19.1
140752 -57.8001 -8.73 -19.1
131587 -57.8001 -8.73 -19.1
136047 -57.8001 -8.73 -19.1
132411 -57.8001 -8.73 -19.1
138518 -57.8001 -8.73 -19.1
138934 -57.8001 -8.73 -19.1
142601 -57.8001 -8.73 -19.1
142586 -57.8001 -8.73 -19.1
138366 -57.8001 -8.73 -19.1
132336 -57.8001 -8.73 -19.1
137237 -57.8001 -8.73 -19.1
141547 -57.8001 -8.73 -19.1
135707 -57.8001 -8.73 -19.1
133329 -57.8001 -8.73 -19.1
131706 -57.8001 -8.73 -19.1
133366 -57.8001 -8.73 -19.1
132067 -57.8001 -8.73 -19.1
136571 -57.8001 -8.73 -19.1
143465 -57.8001 -8.73 -19.1
141226 -57.8001 -8.73 -19.1
144083 -57.8001 -8.73 -19.1
140742 -57.8001 -8.73 -19.1
137840 -57.8001 -8.73 -19.1
150964 -58.6846 18.81 -13.88
153088 -58.6846 18.81 -13.88
148475 -58.6846 18.81 -13.88
157706 -58.6846 18.81 -13.88
157583 -58.6846 18.81 -13.88
154383 -58.6846 18.81 -13.88
161010 -58.6846 18.81 -13.88
149604 -58.6846 18.81 -13.88
151594 -58.6846 18.81 -13.88
162931 -58.6846 18.81 -13.88
157236 -58.6846 18.81 -13.88
157855 -58.6846 18.81 -13.88
157061 -58.6846 18.81 -13.88
146946 -58.6846 18.81 -13.88
152149 -58.6846 18.81 -13.88
150426 -58.6846 18.81 -13.88
153399 -58.6846 18.81 -13.88
151343 -58.6846 18.81 -13.88
158088 -58.6846 18.81 -13.88
161692 -58.6846 18.81 -13.88
158508 -58.6846 18.81 -13.88
155500 -58.6846 18.81 -13.88
150142 -58.6846 18.81 -13.88
162087 -58.6846 18.81 -13.88
157543 -58.6846 18.81 -13.88
153769 -58.6846 18.81 -13.88
156927 -58.6846 18.81 -13.88
156895 -58.6846 18.81 -13.88
153525 -58.6846 18.81 -13.88
149632 -58.6846 18.81 -13.88
157340 -58.6846 18.81 -13.88
155024 -58.6846 18.81 -13.88
152444 -58.6846 18.81 -13.88
150159 -58.6846 18.81 -13.88
162418 -58.6846 18.81 -13.88
156208 -58.6846 18.81 -13.88
153342 -58.6846 18.81 -13.88
156890 -58.6846 18.81 -13.88
160836 -58.6846 18.81 -13.88
201957 -61.1137 -15.13 27.49
205229 -61.1137 -15.13 27.49
201274 -61.1137 -15.13 27.49
207298 -61.1137 -15.13 27.49
205530 -61.1137 -15.13 27.49
209171 -61.1137 -15.13 27.49
206342 -61.1137 -15.13 27.49
206501 -61.1137 -15.13 27.49
205697 -61.1137 -15.13 27.49
203574 -61.1137 -15.13 27.49
206118 -61.1137 -15.13 27.49
205415 -61.1137 -15.13 27.49
202720 -61.1137 -15.13 27.49
205464 -61.1137 -15.13 27.49
198932 -61.1137 -15.13 27.49
212573 -61.1137 -15.13 27.49
206896 -61.1137 -15.13 27.49
205454 -61.1137 -15.13 27.49
195123 -61.1137 -15.13 27.49
205069 -61.1137 -15.13 27.49
203271 -61.1137 -15.13 27.49
210074 -61.1137 -15.13 27.49
204870 -61.1137 -15.13 27.49
206464 -61.1137 -15.13 27.49
204824 -61.1137 -15.13 27.49
201684 -61.1137 -15.13 27.49
206603 -61.1137 -15.13 27.49
205901 -61.1137 -15.13 27.49
202884 -61.1137 -15.13 27.49
202230 -61.1137 -15.13 27.49
205384 -61.1137 -15.13 27.49
202816 -61.1137 -15.13 27.49
199976 -61.1137 -15.13 27.49
202862 -61.1137 -15.13 27.49
210130 -61.1137 -15.13 27.49
202097 -61.1137 -15.13 27.49
202072 -61.1137 -15.13 27.49
203442 -61.1137 -15.13 27.49
203549 -61.1137 -15.13 27.49
165306 -59.0234 -2.48 -24.23
152595 -59.0234 -2.48 -24.23
154783 -59.0234 -2.48 -24.23
157491 -59.0234 -2.48 -24.23
162322 -59.0234 -2.48 -24.23
154310 -59.0234 -2.48 -24.23
163083 -59.0234 -2.48 -24.23
164170 -59.0234 -2.48 -24.23
165093 -59.0234 -2.48 -24.23
160478 -59.0234 -2.48 -24.23
163412 -59.0234 -2.48 -24.23
163154 -59.0234 -2.48 -24.23
160090 -59.0234 -2.48 -24.23
165941 -59.0234 -2.48 -24.23
158943 -59.0234 -2.48 -24.23
163159 -59.0234 -2.48 -24.23
163622 -59.0234 -2.48 -24.23
162510 -59.0234 -2.48 -24.23
156395 -59.0234 -2.48 -24.23
163375 -59.0234 -2.48 -24.23
160896 -59.0234 -2.48 -24.23
152756 -59.0234 -2.48 -24.23
157969 -59.0234 -2.48 -24.23
164297 -59.0234 -2.48 -24.23
170140 -59.0234 -2.48 -24.23
162113 -59.0234 -2.48 -24.23
160006 -59.0234 -2.48 -24.23
162971 -59.0234 -2.48 -24.23
162818 -59.0234 -2.48 -24.23
160364 -59.0234 -2.48 -24.23
165650 -59.0234 -2.48 -24.23
167548 -59.0234 -2.48 -24.23
164036 -59.0234 -2.48 -24.23
156842 -59.0234 -2.48 -24.23
167590 -59.0234 -2.48 -24.23
163891 -59.0234 -2.48 -24.23
169817 -59.0234 -2.48 -24.23
169906 -59.0234 -2.48 -24.23
158398 -59.0234 -2.48 -24.23
158235 -58.5392 22.64 3.87
148782 -58.5392 22.64 3.87
155623 -58.5392 22.64 3.87
159573 -58.5392 22.64 3.87
152584 -58.5392 22.64 3.87
153759 -58.5392 22.64 3.87
145866 -58.5392 22.64 3.87
157267 -58.5392 22.64 3.87
151293 -58.5392 22.64 3.87
154217 -58.5392 22.64 3.87
158126 -58.5392 22.64 3.87
152497 -58.5392 22.64 3.87
153638 -58.5392 22.64 3.87
157220 -58.5392 22.64 3.87
158117 -58.5392 22.64 3.87
150081 -58.5392 22.64 3.87
152880 -58.5392 22.64 3.87
152788 -58.5392 22.64 3.87
157002 -58.5392 22.64 3.87
150707 -58.5392 22.64 3.87
162254 -58.5392 22.64 3.87
157222 -58.5392 22.64 3.87
153915 -58.5392 22.64 3.87
158024 -58.5392 22.64 3.87
154655 -58.5392 22.64 3.87
150738 -58.5392 22.64 3.87
150543 -58.5392 22.64 3.87
150121 -58.5392 22.64 3.87
162001 -58.5392 22.64 3.87
150725 -58.5392 22.64 3.87
160801 -58.5392 22.64 3.87
152697 -58.5392 22.64 3.87
159719 -58.5392 22.64 3.87
154820 -58.5392 22.64 3.87
154304 -58.5392 22.64 3.87
155794 -58.5392 22.64 3.87
150489 -58.5392 22.64 3.87
158321 -58.5392 22.64 3.87
155984 -58.5392 22.64 3.87
135157 -57.2738 -6.5 18.6
130342 -57.2738 -6.5 18.6
136423 -57.2738 -6.5 18.6
131472 -57.2738 -6.5 18.6
146405 -57.2738 -6.5 18.6
142982 -57.2738 -6.5 18.6
138368 -57.2738 -6.5 18.6
137786 -57.2738 -6.5 18.6
136939 -57.2738 -6.5 18.6
139943 -57.2738 -6.5 18.6
139218 -57.2738 -6.5 18.6
130056 -57.2738 -6.5 18.6
127092 -57.2738 -6.5 18.6
133095 -57.2738 -6.5 18.6
141316 -57.2738 -6.5 18.6
132723 -57.2738 -6.5 18.6
138353 -57.2738 -6.5 18.6
136519 -57.2738 -6.5 18.6
142717 -57.2738 -6.5 18.6
136056 -57.2738 -6.5 18.6
137339 -57.2738 -6.5 18.6
138201 -57.2738 -6.5 18.6
141418 -57.2738 -6.5 18.6
134853 -57.2738 -6.5 18.6
135789 -57.2738 -6.5 18.6
137316 -57.2738 -6.5 18.6
140469 -57.2738 -6.5 18.6
136394 -57.2738 -6.5 18.6
133862 -57.2738 -6.5 18.6
129531 -57.2738 -6.5 18.6
133174 -57.2738 -6.5 18.6
137347 -57.2738 -6.5 18.6
129205 -57.2738 -6.5 18.6
135574 -57.2738 -6.5 18.6
141358 -57.2738 -6.5 18.6
134145 -57.2738 -6.5 18.6
141440 -57.2738 -6.5 18.6
128701 -57.2738 -6.5 18.6
134773 -57.2738 -6.5 18.6
