#rtt sig_str x y
173512 -59.4522 -24.76 6.72
176009 -59.4522 -24.76 6.72
169263 -59.4522 -24.76 6.72
177718 -59.4522 -24.76 6.72
177049 -59.4522 -24.76 6.72
178911 -59.4522 -24.76 6.72
181303 -59.4522 -24.76 6.72
178244 -59.4522 -24.76 6.72
176340 -59.4522 -24.76 6.72
173138 -59.4522 -24.76 6.72
178973 -59.4522 -24.76 6.72
173154 -59.4522 -24.76 6.72
173436 -59.4522 -24.76 6.72
177136 -59.4522 -24.76 6.72
178884 -59.4522 -24.76 6.72
172728 -59.4522 -24.76 6.72
166958 -59.4522 -24.76 6.72
173016 -59.4522 -24.76 6.72
172247 -59.4522 -24.76 6.72
173840 -59.4522 -24.76 6.72
172991 -59.4522 -24.76 6.72
185461 -59.4522 -24.76 6.72
179065 -59.4522 -24.76 6.72
169326 -59.4522 -24.76 6.72
171297 -59.4522 -24.76 6.72
179533 -59.4522 -24.76 6.72
175365 -59.4522 -24.76 6.72
170598 -59.4522 -24.76 6.72
181809 -59.4522 -24.76 6.72
179885 -59.4522 -24.76 6.72
173449 -59.4522 -24.76 6.72
180588 -59.4522 -24.76 6.72
174550 -59.4522 -24.76 6.72
177713 -59.4522 -24.76 6.72
184889 -59.4522 -24.76 6.72
176338 -59.4522 -24.76 6.72
179532 -59.4522 -24.76 6.72
182896 -59.4522 -24.76 6.72
173304 -59.4522 -24.76 6.72
128950 -56.8599 -16.17 9.47
122837 -56.8599 -16.17 9.47
123000 -56.8599 -16.17 9.47
119364 -56.8599 -16.17 9.47
122179 -56.8599 -16.17 9.47
124402 -56.8599 -16.17 9.47
122063 -56.8599 -16.17 9.47
123433 -56.8599 -16.17 9.47
119787 -56.8599 -16.17 9.47
126925 -56.8599 -16.17 9.47
121934 -56.8599 -16.17 9.47
124556 -56.8599 -16.17 9.47
123385 -56.8599 -16.17 9.47
118750 -56.8599 -16.17 9.47
123536 -56.8599 -16.17 9.47
114862 -56.8599 -16.17 9.47
128747 -56.8599 -16.17 9.47
123392 -56.8599 -16.17 9.47
121846 -56.8599 -16.17 9.47
117005 -56.8599 -16.17 9.47
125715 -56.8599 -16.17 9.47
119684 -56.8599 -16.17 9.47
120784 -56.8599 -16.17 9.47
124085 -56.8599 -16.17 9.47
124502 -56.8599 -16.17 9.47
119925 -56.8599 -16.17 9.47
129114 -56.8599 -16.17 9.47
122075 -56.8599 -16.17 9.47
123046 -56.8599 -16.17 9.47
122857 -56.8599 -16.17 9.47
122905 -56.8599 -16.17 9.47
116719 -56.8599 -16.17 9.47
122588 -56.8599 -16.17 9.47
129948 -56.8599 -16.17 9.47
123862 -56.8599 -16.17 9.47
125510 -56.8599 -16.17 9.47
125184 -56.8599 -16.17 9.47
126869 -56.8599 -16.17 9.47
120156 -56.8599 -16.17 9.47
189970 -60.3863 -5.34 28.23
191552 -60.3863 -5.34 28.23
187629 -60.3863 -5.34 28.23
188668 -60.3863 -5.34 28.23
193240 -60.3863 -5.34 28.23
190707 -60.3863 -5.34 28.23
186021 -60.3863 -5.34 28.23
187079 -60.3863 -5.34 28.23
185399 -60.3863 -5.34 28.23
194974 -60.3863 -5.34 28.23
192004 -60.3863 -5.34 28.23
191689 -60.3863 -5.34 28.23
182715 -60.3863 -5.34 28.23
194095 -60.3863 -5.34 28.23
191890 -60.3863 -5.34 28.23
191499 -60.3863 -5.34 28.23
193002 -60.3863 -5.34 28.23
185968 -60.3863 -5.34 28.23
192006 -60.3863 -5.34 28.23
188230 -60.3863 -5.34 28.23
184823 -60.3863 -5.34 28.23
190412 -60.3863 -5.34 28.23
191827 -60.3863 -5.34 28.23
189638 -60.3863 -5.34 28.23
182466 -60.3863 -5.34 28.23
184896 -60.3863 -5.34 28.23
194042 -60.3863 -5.34 28.23
189815 -60.3863 -5.34 28.23
198866 -60.3863 -5.34 28.23
195173 -60.3863 -5.34 28.23
195735 -60.3863 -5.34 28.23
188455 -60.3863 -5.34 28.23
188334 -60.3863 -5.34 28.23
194321 -60.3863 -5.34 28.23
191057 -60.3863 -5.34 28.23
190234 -60.3863 -5.34 28.23
190993 -60.3863 -5.34 28.23
197191 -60.3863 -5.34 28.23
187782 -60.3863 -5.34 28.23
105530 -55.873 -11.35 12.15
101741 -55.873 -11.35 12.15
99417 -55.873 -11.35 12.15
104530 -55.873 -11.35 12.15
111206 -55.873 -11.35 12.15
108121 -55.873 -11.35 12.15
105597 -55.873 -11.35 12.15
103619 -55.873 -11.35 12.15
109429 -55.873 -11.35 12.15
105552 -55.873 -11.35 12.15
115111 -55.873 -11.35 12.15
104206 -55.873 -11.35 12.15
96329 -55.873 -11.35 12.15
104813 -55.873 -11.35 12.15
100849 -55.873 -11.35 12.15
109029 -55.873 -11.35 12.15
112896 -55.873 -11.35 12.15
110310 -55.873 -11.35 12.15
102693 -55.873 -11.35 12.15
102530 -55.873 -11.35 12.15
110983 -55.873 -11.35 12.15
111205 -55.873 -11.35 12.15
102887 -55.873 -11.35 12.15
106001 -55.873 -11.35 12.15
103491 -55.873 -11.35 12.15
106270 -55.873 -11.35 12.15
105916 -55.873 -11.35 12.15
106431 -55.873 -11.35 12.15
105385 -55.873 -11.35 12.15
102770 -55.873 -11.35 12.15
101807 -55.873 -11.35 12.15
106085 -55.873 -11.35 12.15
107620 -55.873 -11.35 12.15
103026 -55.873 -11.35 12.15
104944 -55.873 -11.35 12.15
107935 -55.873 -11.35 12.15
108830 -55.873 -11.35 12.15
105711 -55.873 -11.35 12.15
96039 -55.873 -11.35 12.15
119261 -56.8875 3.96 18.38
125945 -56.8875 3.96 18.38
127099 -56.8875 3.96 18.38
127672 -56.8875 3.96 18.38
125480 -56.8875 3.96 18.38
116196 -56.8875 3.96 18.38
127288 -56.8875 3.96 18.38
120606 -56.8875 3.96 18.38
130474 -56.8875 3.96 18.38
130760 -56.8875 3.96 18.38
129938 -56.8875 3.96 18.38
124415 -56.8875 3.96 18.38
128680 -56.8875 3.96 18.38
123006 -56.8875 3.96 18.38
129000 -56.8875 3.96 18.38
126833 -56.8875 3.96 18.38
128737 -56.8875 3.96 18.38
128360 -56.8875 3.96 18.38
123474 -56.8875 3.96 18.38
133176 -56.8875 3.96 18.38
122003 -56.8875 3.96 18.38
131861 -56.8875 3.96 18.38
125468 -56.8875 3.96 18.38
126534 -56.8875 3.96 18.38
127734 -56.8875 3.96 18.38
128337 -56.8875 3.96 18.38
126118 -56.8875 3.96 18.38
130344 -56.8875 3.96 18.38
129006 -56.8875 3.96 18.38
128698 -56.8875 3.96 18.38
125190 -56.8875 3.96 18.38
131506 -56.8875 3.96 18.38
124601 -56.8875 3.96 18.38
126871 -56.8875 3.96 18.38
122285 -56.8875 3.96 18.38
130945 -56.8875 3.96 18.38
126204 -56.8875 3.96 18.38
128761 -56.8875 3.96 18.38
130495 -56.8875 3.96 18.38
174437 -59.6784 2.7 26.23
171320 -59.6784 2.7 26.23
176806 -59.6784 2.7 26.23
176185 -59.6784 2.7 26.23
169999 -59.6784 2.7 26.23
181928 -59.6784 2.7 26.23
172780 -59.6784 2.7 26.23
173304 -59.6784 2.7 26.23
182064 -59.6784 2.7 26.23
172760 -59.6784 2.7 26.23
176138 -59.6784 2.7 26.23
173241 -59.6784 2.7 26.23
170479 -59.6784 2.7 26.23
170169 -59.6784 2.7 26.23
184122 -59.6784 2.7 26.23
167295 -59.6784 2.7 26.23
177393 -59.6784 2.7 26.23
177692 -59.6784 2.7 26.23
172626 -59.6784 2.7 26.23
175112 -59.6784 2.7 26.23
175821 -59.6784 2.7 26.23
174538 -59.6784 2.7 26.23
176201 -59.6784 2.7 26.23
174881 -59.6784 2.7 26.23
175931 -59.6784 2.7 26.23
179654 -59.6784 2.7 26.23
178769 -59.6784 2.7 26.23
174098 -59.6784 2.7 26.23
177284 -59.6784 2.7 26.23
175083 -59.6784 2.7 26.23
168355 -59.6784 2.7 26.23
171673 -59.6784 2.7 26.23
180961 -59.6784 2.7 26.23
174202 -59.6784 2.7 26.23
175328 -59.6784 2.7 26.23
167658 -59.6784 2.7 26.23
167504 -59.6784 2.7 26.23
172914 -59.6784 2.7 26.23
176524 -59.6784 2.7 26.23
121134 -56.7303 18.43 -0.79
118076 -56.7303 18.43 -0.79
118835 -56.7303 18.43 -0.79
118256 -56.7303 18.43 -0.79
117279 -56.7303 18.43 -0.79
126895 -56.7303 18.43 -0.79
124294 -56.7303 18.43 -0.79
122208 -56.7303 18.43 -0.79
118483 -56.7303 18.43 -0.79
122914 -56.7303 18.43 -0.79
127717 -56.7303 18.43 -0.79
118631 -56.7303 18.43 -0.79
121326 -56.7303 18.43 -0.79
121130 -56.7303 18.43 -0.79
119219 -56.7303 18.43 -0.79
124856 -56.7303 18.43 -0.79
126493 -56.7303 18.43 -0.79
129155 -56.7303 18.43 -0.79
126791 -56.7303 18.43 -0.79
128578 -56.7303 18.43 -0.79
124758 -56.7303 18.43 -0.79
128295 -56.7303 18.43 -0.79
119250 -56.7303 18.43 -0.79
116437 -56.7303 18.43 -0.79
127473 -56.7303 18.43 -0.79
121597 -56.7303 18.43 -0.79
127000 -56.7303 18.43 -0.79
121324 -56.7303 18.43 -0.79
128855 -56.7303 18.43 -0.79
122462 -56.7303 18.43 -0.79
123065 -56.7303 18.43 -0.79
122081 -56.7303 18.43 -0.79
125520 -56.7303 18.43 -0.79
121512 -56.7303 18.43 -0.79
123181 -56.7303 18.43 -0.79
119133 -56.7303 18.43 -0.79
124298 -56.7303 18.43 -0.79
128542 -56.7303 18.43 -0.79
121288 -56.7303 18.43 -0.79
172494 -59.3241 25.09 -2.93
171889 -59.3241 25.09 -2.93
168967 -59.3241 25.09 -2.93
167755 -59.3241 25.09 -2.93
166062 -59.3241 25.09 -2.93
165998 -59.3241 25.09 -2.93
162143 -59.3241 25.09 -2.93
151199 -59.3241 25.09 -2.93
163659 -59.3241 25.09 -2.93
167688 -59.3241 25.09 -2.93
159294 -59.3241 25.09 -2.93
170065 -59.3241 25.09 -2.93
169109 -59.3241 25.09 -2.93
158402 -59.3241 25.09 -2.93
169802 -59.3241 25.09 -2.93
160897 -59.3241 25.09 -2.93
164989 -59.3241 25.09 -2.93
165428 -59.3241 25.09 -2.93
161823 -59.3241 25.09 -2.93
163843 -59.3241 25.09 -2.93
174306 -59.3241 25.09 -2.93
165815 -59.3241 25.09 -2.93
168241 -59.3241 25.09 -2.93
171871 -59.3241 25.09 -2.93
165069 -59.3241 25.09 -2.93
164154 -59.3241 25.09 -2.93
171423 -59.3241 25.09 -2.93
159501 -59.3241 25.09 -2.93
171148 -59.3241 25.09 -2.93
167791 -59.3241 25.09 -2.93
169601 -59.3241 25.09 -2.93
164941 -59.3241 25.09 -2.93
165291 -59.3241 25.09 -2.93
166273 -59.3241 25.09 -2.93
163534 -59.3241 25.09 -2.93
165056 -59.3241 25.09 -2.93
161455 -59.3241 25.09 -2.93
164435 -59.3241 25.09 -2.93
164375 -59.3241 25.09 -2.93
63208 -51.2403 1.33 9.39
61650 -51.2403 1.33 9.39
59720 -51.2403 1.33 9.39
67299 -51.2403 1.33 9.39
65174 -51.2403 1.33 9.39
59254 -51.2403 1.33 9.39
61392 -51.2403 1.33 9.39
61274 -51.2403 1.33 9.39
60697 -51.2403 1.33 9.39
65723 -51.2403 1.33 9.39
63070 -51.2403 1.33 9.39
61282 -51.2403 1.33 9.39
73419 -51.2403 1.33 9.39
61059 -51.2403 1.33 9.39
57624 -51.2403 1.33 9.39
56140 -51.2403 1.33 9.39
60467 -51.2403 1.33 9.39
58899 -51.2403 1.33 9.39
64932 -51.2403 1.33 9.39
53466 -51.2403 1.33 9.39
57931 -51.2403 1.33 9.39
61018 -51.2403 1.33 9.39
60764 -51.2403 1.33 9.39
56309 -51.2403 1.33 9.39
57704 -51.2403 1.33 9.39
52924 -51.2403 1.33 9.39
52375 -51.2403 1.33 9.39
65126 -51.2403 1.33 9.39
66563 -51.2403 1.33 9.39
61828 -51.2403 1.33 9.39
58254 -51.2403 1.33 9.39
61373 -51.2403 1.33 9.39
55834 -51.2403 1.33 9.39
69867 -51.2403 1.33 9.39
65801 -51.2403 1.33 9.39
62106 -51.2403 1.33 9.39
63569 -51.2403 1.33 9.39
62937 -51.2403 1.33 9.39
60378 -51.2403 1.33 9.39
65023 -52.4172 -4.52 -9.96
65182 -52.4172 -4.52 -9.96
57449 -52.4172 -4.52 -9.96
64527 -52.4172 -4.52 -9.96
64658 -52.4172 -4.52 -9.96
66106 -52.4172 -4.52 -9.96
59860 -52.4172 -4.52 -9.96
72294 -52.4172 -4.52 -9.96
67098 -52.4172 -4.52 -9.96
68310 -52.4172 -4.52 -9.96
63251 -52.4172 -4.52 -9.96
68378 -52.4172 -4.52 -9.96
65336 -52.4172 -4.52 -9.96
63848 -52.4172 -4.52 -9.96
66799 -52.4172 -4.52 -9.96
64515 -52.4172 -4.52 -9.96
61444 -52.4172 -4.52 -9.96
66208 -52.4172 -4.52 -9.96
70019 -52.4172 -4.52 -9.96
70438 -52.4172 -4.52 -9.96
68480 -52.4172 -4.52 -9.96
68692 -52.4172 -4.52 -9.96
65370 -52.4172 -4.52 -9.96
63115 -52.4172 -4.52 -9.96
66820 -52.4172 -4.52 -9.96
59273 -52.4172 -4.52 -9.96
68383 -52.4172 -4.52 -9.96
64628 -52.4172 -4.52 -9.96
68129 -52.4172 -4.52 -9.96
65505 -52.4172 -4.52 -9.96
66797 -52.4172 -4.52 -9.96
61530 -52.4172 -4.52 -9.96
62413 -52.4172 -4.52 -9.96
62475 -52.4172 -4.52 -9.96
70801 -52.4172 -4.52 -9.96
65384 -52.4172 -4.52 -9.96
67626 -52.4172 -4.52 -9.96
67230 -52.4172 -4.52 -9.96
68525 -52.4172 -4.52 -9.96
