#rtt sig_str x y
137166 -58.026 -8.09 20.01
137760 -58.026 -8.09 20.01
142202 -58.026 -8.09 20.01
137014 -58.026 -8.09 20.01
129422 -58.026 -8.09 20.01
133756 -58.026 -8.09 20.01
141329 -58.026 -8.09 20.01
139494 -58.026 -8.09 20.01
136975 -58.026 -8.09 20.01
133264 -58.026 -8.09 20.01
136360 -58.026 -8.09 20.01
143182 -58.026 -8.09 20.01
133258 -58.026 -8.09 20.01
141279 -58.026 -8.09 20.01
134929 -58.026 -8.09 20.01
138232 -58.026 -8.09 20.01
131177 -58.026 -8.09 20.01
135748 -58.026 -8.09 20.01
138953 -58.026 -8.09 20.01
138675 -58.026 -8.09 20.01
134644 -58.026 -8.09 20.01
145107 -58.026 -8.09 20.01
137325 -58.026 -8.09 20.01
133688 -58.026 -8.09 20.01
135747 -58.026 -8.09 20.01
139055 -58.026 -8.09 20.01
142571 -58.026 -8.09 20.01
137358 -58.026 -8.09 20.01
136937 -58.026 -8.09 20.01
134254 -58.026 -8.09 20.01
136622 -58.026 -8.09 20.01
137323 -58.026 -8.09 20.01
134103 -58.026 -8.09 20.01
133572 -58.026 -8.09 20.01
134217 -58.026 -8.09 20.01
142541 -58.026 -8.09 20.01
136848 -58.026 -8.09 20.01
136630 -58.026 -8.09 20.01
136483 -58.026 -8.09 20.01
151248 -58.7882 -2.93 23.49
149667 -58.7882 -2.93 23.49
151910 -58.7882 -2.93 23.49
155816 -58.7882 -2.93 23.49
150372 -58.7882 -2.93 23.49
156644 -58.7882 -2.93 23.49
157631 -58.7882 -2.93 23.49
141549 -58.7882 -2.93 23.49
152333 -58.7882 -2.93 23.49
151444 -58.7882 -2.93 23.49
143402 -58.7882 -2.93 23.49
158396 -58.7882 -2.93 23.49
157571 -58.7882 -2.93 23.49
148076 -58.7882 -2.93 23.49
156565 -58.7882 -2.93 23.49
151810 -58.7882 -2.93 23.49
147618 -58.7882 -2.93 23.49
159521 -58.7882 -2.93 23.49
153576 -58.7882 -2.93 23.49
154500 -58.7882 -2.93 23.49
150670 -58.7882 -2.93 23.49
156298 -58.7882 -2.93 23.49
151501 -58.7882 -2.93 23.49
151953 -58.7882 -2.93 23.49
149884 -58.7882 -2.93 23.49
156398 -58.7882 -2.93 23.49
160573 -58.7882 -2.93 23.49
151069 -58.7882 -2.93 23.49
154367 -58.7882 -2.93 23.49
155405 -58.7882 -2.93 23.49
148450 -58.7882 -2.93 23.49
148113 -58.7882 -2.93 23.49
150261 -58.7882 -2.93 23.49
152197 -58.7882 -2.93 23.49
150540 -58.7882 -2.93 23.49
152039 -58.7882 -2.93 23.49
155726 -58.7882 -2.93 23.49
154470 -58.7882 -2.93 23.49
153028 -58.7882 -2.93 23.49
188732 -60.1 -0.24 27.75
181490 -60.1 -0.24 27.75
183345 -60.1 -0.24 27.75
178877 -60.1 -0.24 27.75
185602 -60.1 -0.24 27.75
186945 -60.1 -0.24 27.75
176987 -60.1 -0.24 27.75
182489 -60.1 -0.24 27.75
179349 -60.1 -0.24 27.75
175871 -60.1 -0.24 27.75
171442 -60.1 -0.24 27.75
179068 -60.1 -0.24 27.75
175209 -60.1 -0.24 27.75
177782 -60.1 -0.24 27.75
171212 -60.1 -0.24 27.75
179474 -60.1 -0.24 27.75
182491 -60.1 -0.24 27.75
172627 -60.1 -0.24 27.75
175574 -60.1 -0.24 27.75
185570 -60.1 -0.24 27.75
173584 -60.1 -0.24 27.75
171463 -60.1 -0.24 27.75
178918 -60.1 -0.24 27.75
178634 -60.1 -0.24 27.75
184910 -60.1 -0.24 27.75
173089 -60.1 -0.24 27.75
189554 -60.1 -0.24 27.75
184021 -60.1 -0.24 27.75
185379 -60.1 -0.24 27.75
177087 -60.1 -0.24 27.75
179819 -60.1 -0.24 27.75
175966 -60.1 -0.24 27.75
180768 -60.1 -0.24 27.75
174978 -60.1 -0.24 27.75
179590 -60.1 -0.24 27.75
177792 -60.1 -0.24 27.75
172554 -60.1 -0.24 27.75
179446 -60.1 -0.24 27.75
176721 -60.1 -0.24 27.75
236839 -62.6467 -25.47 27.91
252217 -62.6467 -25.47 27.91
249098 -62.6467 -25.47 27.91
251334 -62.6467 -25.47 27.91
252993 -62.6467 -25.47 27.91
252501 -62.6467 -25.47 27.91
249782 -62.6467 -25.47 27.91
251319 -62.6467 -25.47 27.91
245333 -62.6467 -25.47 27.91
252211 -62.6467 -25.47 27.91
255959 -62.6467 -25.47 27.91
255624 -62.6467 -25.47 27.91
244782 -62.6467 -25.47 27.91
248866 -62.6467 -25.47 27.91
254885 -62.6467 -25.47 27.91
247984 -62.6467 -25.47 27.91
249472 -62.6467 -25.47 27.91
249119 -62.6467 -25.47 27.91
248714 -62.6467 -25.47 27.91
234737 -62.6467 -25.47 27.91
249678 -62.6467 -25.47 27.91
251759 -62.6467 -25.47 27.91
236853 -62.6467 -25.47 27.91
249707 -62.6467 -25.47 27.91
258267 -62.6467 -25.47 27.91
248371 -62.6467 -25.47 27.91
259980 -62.6467 -25.47 27.91
254876 -62.6467 -25.47 27.91
254205 -62.6467 -25.47 27.91
258895 -62.6467 -25.47 27.91
249190 -62.6467 -25.47 27.91
247282 -62.6467 -25.47 27.91
260242 -62.6467 -25.47 27.91
251216 -62.6467 -25.47 27.91
249850 -62.6467 -25.47 27.91
248471 -62.6467 -25.47 27.91
249885 -62.6467 -25.47 27.91
251831 -62.6467 -25.47 27.91
243792 -62.6467 -25.47 27.91
37206 -45.735 4.31 2.26
39667 -45.735 4.31 2.26
34412 -45.735 4.31 2.26
36793 -45.735 4.31 2.26
39817 -45.735 4.31 2.26
43054 -45.735 4.31 2.26
38515 -45.735 4.31 2.26
39472 -45.735 4.31 2.26
40994 -45.735 4.31 2.26
33542 -45.735 4.31 2.26
40917 -45.735 4.31 2.26
35680 -45.735 4.31 2.26
45096 -45.735 4.31 2.26
36365 -45.735 4.31 2.26
41138 -45.735 4.31 2.26
41767 -45.735 4.31 2.26
37956 -45.735 4.31 2.26
34280 -45.735 4.31 2.26
33852 -45.735 4.31 2.26
39219 -45.735 4.31 2.26
43402 -45.735 4.31 2.26
34362 -45.735 4.31 2.26
38022 -45.735 4.31 2.26
37334 -45.735 4.31 2.26
40265 -45.735 4.31 2.26
37506 -45.735 4.31 2.26
36573 -45.735 4.31 2.26
37358 -45.735 4.31 2.26
35578 -45.735 4.31 2.26
32484 -45.735 4.31 2.26
37294 -45.735 4.31 2.26
30855 -45.735 4.31 2.26
41448 -45.735 4.31 2.26
34512 -45.735 4.31 2.26
46727 -45.735 4.31 2.26
30853 -45.735 4.31 2.26
27897 -45.735 4.31 2.26
32157 -45.735 4.31 2.26
37944 -45.735 4.31 2.26
152590 -58.0572 -12.62 -17.61
155330 -58.0572 -12.62 -17.61
151966 -58.0572 -12.62 -17.61
159879 -58.0572 -12.62 -17.61
156675 -58.0572 -12.62 -17.61
152005 -58.0572 -12.62 -17.61
148900 -58.0572 -12.62 -17.61
147540 -58.0572 -12.62 -17.61
148438 -58.0572 -12.62 -17.61
155838 -58.0572 -12.62 -17.61
162206 -58.0572 -12.62 -17.61
159752 -58.0572 -12.62 -17.61
158923 -58.0572 -12.62 -17.61
157856 -58.0572 -12.62 -17.61
162224 -58.0572 -12.62 -17.61
156559 -58.0572 -12.62 -17.61
157191 -58.0572 -12.62 -17.61
156527 -58.0572 -12.62 -17.61
159279 -58.0572 -12.62 -17.61
150919 -58.0572 -12.62 -17.61
147548 -58.0572 -12.62 -17.61
146875 -58.0572 -12.62 -17.61
158820 -58.0572 -12.62 -17.61
148744 -58.0572 -12.62 -17.61
158063 -58.0572 -12.62 -17.61
157131 -58.0572 -12.62 -17.61
150672 -58.0572 -12.62 -17.61
154129 -58.0572 -12.62 -17.61
155557 -58.0572 -12.62 -17.61
150424 -58.0572 -12.62 -17.61
155978 -58.0572 -12.62 -17.61
153994 -58.0572 -12.62 -17.61
158567 -58.0572 -12.62 -17.61
158692 -58.0572 -12.62 -17.61
156870 -58.0572 -12.62 -17.61
157977 -58.0572 -12.62 -17.61
155664 -58.0572 -12.62 -17.61
151115 -58.0572 -12.62 -17.61
157592 -58.0572 -12.62 -17.61
149830 -58.9644 -11.47 21.29
153503 -58.9644 -11.47 21.29
157282 -58.9644 -11.47 21.29
154050 -58.9644 -11.47 21.29
155062 -58.9644 -11.47 21.29
149575 -58.9644 -11.47 21.29
153033 -58.9644 -11.47 21.29
160648 -58.9644 -11.47 21.29
159009 -58.9644 -11.47 21.29
155482 -58.9644 -11.47 21.29
151438 -58.9644 -11.47 21.29
160007 -58.9644 -11.47 21.29
151341 -58.9644 -11.47 21.29
153927 -58.9644 -11.47 21.29
153828 -58.9644 -11.47 21.29
159313 -58.9644 -11.47 21.29
146493 -58.9644 -11.47 21.29
147505 -58.9644 -11.47 21.29
148177 -58.9644 -11.47 21.29
153701 -58.9644 -11.47 21.29
151595 -58.9644 -11.47 21.29
153920 -58.9644 -11.47 21.29
158700 -58.9644 -11.47 21.29
160263 -58.9644 -11.47 21.29
152736 -58.9644 -11.47 21.29
156660 -58.9644 -11.47 21.29
145527 -58.9644 -11.47 21.29
153729 -58.9644 -11.47 21.29
160166 -58.9644 -11.47 21.29
158246 -58.9644 -11.47 21.29
154727 -58.9644 -11.47 21.29
162004 -58.9644 -11.47 21.29
157184 -58.9644 -11.47 21.29
149138 -58.9644 -11.47 21.29
155375 -58.9644 -11.47 21.29
155704 -58.9644 -11.47 21.29
152295 -58.9644 -11.47 21.29
153831 -58.9644 -11.47 21.29
143682 -58.9644 -11.47 21.29
72053 -52.9994 -7.51 -9.02
65364 -52.9994 -7.51 -9.02
72840 -52.9994 -7.51 -9.02
76669 -52.9994 -7.51 -9.02
71786 -52.9994 -7.51 -9.02
72952 -52.9994 -7.51 -9.02
68814 -52.9994 -7.51 -9.02
70125 -52.9994 -7.51 -9.02
72751 -52.9994 -7.51 -9.02
72359 -52.9994 -7.51 -9.02
71339 -52.9994 -7.51 -9.02
67119 -52.9994 -7.51 -9.02
66399 -52.9994 -7.51 -9.02
72742 -52.9994 -7.51 -9.02
67264 -52.9994 -7.51 -9.02
71116 -52.9994 -7.51 -9.02
71929 -52.9994 -7.51 -9.02
66915 -52.9994 -7.51 -9.02
67303 -52.9994 -7.51 -9.02
74993 -52.9994 -7.51 -9.02
71596 -52.9994 -7.51 -9.02
71963 -52.9994 -7.51 -9.02
69915 -52.9994 -7.51 -9.02
69899 -52.9994 -7.51 -9.02
72920 -52.9994 -7.51 -9.02
65630 -52.9994 -7.51 -9.02
75504 -52.9994 -7.51 -9.02
74962 -52.9994 -7.51 -9.02
65862 -52.9994 -7.51 -9.02
69264 -52.9994 -7.51 -9.02
71278 -52.9994 -7.51 -9.02
62904 -52.9994 -7.51 -9.02
72176 -52.9994 -7.51 -9.02
68123 -52.9994 -7.51 -9.02
72788 -52.9994 -7.51 -9.02
72984 -52.9994 -7.51 -9.02
73983 -52.9994 -7.51 -9.02
66438 -52.9994 -7.51 -9.02
74692 -52.9994 -7.51 -9.02
168912 -59.4013 18.95 -17.06
166608 -59.4013 18.95 -17.06
176092 -59.4013 18.95 -17.06
170148 -59.4013 18.95 -17.06
169774 -59.4013 18.95 -17.06
168197 -59.4013 18.95 -17.06
173365 -59.4013 18.95 -17.06
169979 -59.4013 18.95 -17.06
177495 -59.4013 18.95 -17.06
171164 -59.4013 18.95 -17.06
170339 -59.4013 18.95 -17.06
163676 -59.4013 18.95 -17.06
168316 -59.4013 18.95 -17.06
171078 -59.4013 18.95 -17.06
170587 -59.4013 18.95 -17.06
168214 -59.4013 18.95 -17.06
169196 -59.4013 18.95 -17.06
169200 -59.4013 18.95 -17.06
155403 -59.4013 18.95 -17.06
173332 -59.4013 18.95 -17.06
161943 -59.4013 18.95 -17.06
164773 -59.4013 18.95 -17.06
176017 -59.4013 18.95 -17.06
173286 -59.4013 18.95 -17.06
166565 -59.4013 18.95 -17.06
164992 -59.4013 18.95 -17.06
173496 -59.4013 18.95 -17.06
170651 -59.4013 18.95 -17.06
162973 -59.4013 18.95 -17.06
166428 -59.4013 18.95 -17.06
167467 -59.4013 18.95 -17.06
173281 -59.4013 18.95 -17.06
170709 -59.4013 18.95 -17.06
172574 -59.4013 18.95 -17.06
169203 -59.4013 18.95 -17.06
175380 -59.4013 18.95 -17.06
164390 -59.4013 18.95 -17.06
162952 -59.4013 18.95 -17.06
169192 -59.4013 18.95 -17.06
193056 -60.4064 28.13 -6.18
191916 -60.4064 28.13 -6.18
187012 -60.4064 28.13 -6.18
190393 -60.4064 28.13 -6.18
189221 -60.4064 28.13 -6.18
194737 -60.4064 28.13 -6.18
192287 -60.4064 28.13 -6.18
188419 -60.4064 28.13 -6.18
191801 -60.4064 28.13 -6.18
189389 -60.4064 28.13 -6.18
196728 -60.4064 28.13 -6.18
194907 -60.4064 28.13 -6.18
188258 -60.4064 28.13 -6.18
187036 -60.4064 28.13 -6.18
185447 -60.4064 28.13 -6.18
193000 -60.4064 28.13 -6.18
191775 -60.4064 28.13 -6.18
198357 -60.4064 28.13 -6.18
181890 -60.4064 28.13 -6.18
193089 -60.4064 28.13 -6.18
189531 -60.4064 28.13 -6.18
192468 -60.4064 28.13 -6.18
193013 -60.4064 28.13 -6.18
185788 -60.4064 28.13 -6.18
189443 -60.4064 28.13 -6.18
190778 -60.4064 28.13 -6.18
191777 -60.4064 28.13 -6.18
191181 -60.4064 28.13 -6.18
192839 -60.4064 28.13 -6.18
189338 -60.4064 28.13 -6.18
189518 -60.4064 28.13 -6.18
184979 -60.4064 28.13 -6.18
191839 -60.4064 28.13 -6.18
187723 -60.4064 28.13 -6.18
192740 -60.4064 28.13 -6.18
188644 -60.4064 28.13 -6.18
190539 -60.4064 28.13 -6.18
188157 -60.4064 28.13 -6.18
190167 -60.4064 28.13 -6.18
