#rtt sig_str x y
207712 -61.1022 25.45 18.28
212197 -61.1022 25.45 18.28
200629 -61.1022 25.45 18.28
201573 -61.1022 25.45 18.28
206821 -61.1022 25.45 18.28
208862 -61.1022 25.45 18.28
208216 -61.1022 25.45 18.28
204154 -61.1022 25.45 18.28
208021 -61.1022 25.45 18.28
200269 -61.1022 25.45 18.28
207782 -61.1022 25.45 18.28
196041 -61.1022 25.45 18.28
208083 -61.1022 25.45 18.28
205227 -61.1022 25.45 18.28
204626 -61.1022 25.45 18.28
207612 -61.1022 25.45 18.28
205568 -61.1022 25.45 18.28
208634 -61.1022 25.45 18.28
204858 -61.1022 25.45 18.28
202699 -61.1022 25.45 18.28
196913 -61.1022 25.45 18.28
208871 -61.1022 25.45 18.28
211421 -61.1022 25.45 18.28
208374 -61.1022 25.45 18.28
210069 -61.1022 25.45 18.28
204247 -61.1022 25.45 18.28
209140 -61.1022 25.45 18.28
200142 -61.1022 25.45 18.28
201844 -61.1022 25.45 18.28
211174 -61.1022 25.45 18.28
208557 -61.1022 25.45 18.28
205497 -61.1022 25.45 18.28
205516 -61.1022 25.45 18.28
212689 -61.1022 25.45 18.28
207936 -61.1022 25.45 18.28
210878 -61.1022 25.45 18.28
210165 -61.1022 25.45 18.28
197857 -61.1022 25.45 18.28
201634 -61.1022 25.45 18.28
145974 -58.2307 -20.53 8.25
145141 -58.2307 -20.53 8.25
147146 -58.2307 -20.53 8.25
150389 -58.2307 -20.53 8.25
148872 -58.2307 -20.53 8.25
149238 -58.2307 -20.53 8.25
143437 -58.2307 -20.53 8.25
150591 -58.2307 -20.53 8.25
146750 -58.2307 -20.53 8.25
142550 -58.2307 -20.53 8.25
148506 -58.2307 -20.53 8.25
146319 -58.2307 -20.53 8.25
142389 -58.2307 -20.53 8.25
142803 -58.2307 -20.53 8.25
149615 -58.2307 -20.53 8.25
139829 -58.2307 -20.53 8.25
154603 -58.2307 -20.53 8.25
153541 -58.2307 -20.53 8.25
149299 -58.2307 -20.53 8.25
149295 -58.2307 -20.53 8.25
150295 -58.2307 -20.53 8.25
148493 -58.2307 -20.53 8.25
150833 -58.2307 -20.53 8.25
150877 -58.2307 -20.53 8.25
150717 -58.2307 -20.53 8.25
140083 -58.2307 -20.53 8.25
148654 -58.2307 -20.53 8.25
145381 -58.2307 -20.53 8.25
149491 -58.2307 -20.53 8.25
150789 -58.2307 -20.53 8.25
142984 -58.2307 -20.53 8.25
147926 -58.2307 -20.53 8.25
150839 -58.2307 -20.53 8.25
145914 -58.2307 -20.53 8.25
141371 -58.2307 -20.53 8.25
144481 -58.2307 -20.53 8.25
147274 -58.2307 -20.53 8.25
152921 -58.2307 -20.53 8.25
154353 -58.2307 -20.53 8.25
243878 -62.2963 22.02 28.75
242691 -62.2963 22.02 28.75
250671 -62.2963 22.02 28.75
241086 -62.2963 22.02 28.75
245798 -62.2963 22.02 28.75
245384 -62.2963 22.02 28.75
242923 -62.2963 22.02 28.75
243549 -62.2963 22.02 28.75
243956 -62.2963 22.02 28.75
246405 -62.2963 22.02 28.75
241036 -62.2963 22.02 28.75
237342 -62.2963 22.02 28.75
238769 -62.2963 22.02 28.75
243462 -62.2963 22.02 28.75
241036 -62.2963 22.02 28.75
242715 -62.2963 22.02 28.75
243589 -62.2963 22.02 28.75
236012 -62.2963 22.02 28.75
231228 -62.2963 22.02 28.75
238800 -62.2963 22.02 28.75
241448 -62.2963 22.02 28.75
240106 -62.2963 22.02 28.75
235653 -62.2963 22.02 28.75
232874 -62.2963 22.02 28.75
239657 -62.2963 22.02 28.75
242928 -62.2963 22.02 28.75
244537 -62.2963 22.02 28.75
250186 -62.2963 22.02 28.75
248479 -62.2963 22.02 28.75
236170 -62.2963 22.02 28.75
243073 -62.2963 22.02 28.75
246672 -62.2963 22.02 28.75
236329 -62.2963 22.02 28.75
249317 -62.2963 22.02 28.75
242437 -62.2963 22.02 28.75
240341 -62.2963 22.02 28.75
236416 -62.2963 22.02 28.75
239238 -62.2963 22.02 28.75
237209 -62.2963 22.02 28.75
170753 -59.4639 -24.95 -6.13
178377 -59.4639 -24.95 -6.13
168784 -59.4639 -24.95 -6.13
173287 -59.4639 -24.95 -6.13
176020 -59.4639 -24.95 -6.13
174743 -59.4639 -24.95 -6.13
174424 -59.4639 -24.95 -6.13
182249 -59.4639 -24.95 -6.13
176497 -59.4639 -24.95 -6.13
167579 -59.4639 -24.95 -6.13
181013 -59.4639 -24.95 -6.13
168793 -59.4639 -24.95 -6.13
175419 -59.4639 -24.95 -6.13
175538 -59.4639 -24.95 -6.13
181820 -59.4639 -24.95 -6.13
177921 -59.4639 -24.95 -6.13
175626 -59.4639 -24.95 -6.13
176488 -59.4639 -24.95 -6.13
176556 -59.4639 -24.95 -6.13
184214 -59.4639 -24.95 -6.13
174190 -59.4639 -24.95 -6.13
167882 -59.4639 -24.95 -6.13
173954 -59.4639 -24.95 -6.13
178540 -59.4639 -24.95 -6.13
172274 -59.4639 -24.95 -6.13
177829 -59.4639 -24.95 -6.13
173899 -59.4639 -24.95 -6.13
179257 -59.4639 -24.95 -6.13
175166 -59.4639 -24.95 -6.13
172371 -59.4639 -24.95 -6.13
172669 -59.4639 -24.95 -6.13
174778 -59.4639 -24.95 -6.13
171992 -59.4639 -24.95 -6.13
180701 -59.4639 -24.95 -6.13
173259 -59.4639 -24.95 -6.13
177280 -59.4639 -24.95 -6.13
170728 -59.4639 -24.95 -6.13
175788 -59.4639 -24.95 -6.13
172474 -59.4639 -24.95 -6.13
81611 -53.6585 4.42 11.92
80857 -53.6585 4.42 11.92
78516 -53.6585 4.42 11.92
75780 -53.6585 4.42 11.92
84365 -53.6585 4.42 11.92
79303 -53.6585 4.42 11.92
78755 -53.6585 4.42 11.92
82422 -53.6585 4.42 11.92
75183 -53.6585 4.42 11.92
77910 -53.6585 4.42 11.92
83803 -53.6585 4.42 11.92
82059 -53.6585 4.42 11.92
81596 -53.6585 4.42 11.92
81189 -53.6585 4.42 11.92
81966 -53.6585 4.42 11.92
76893 -53.6585 4.42 11.92
80004 -53.6585 4.42 11.92
80079 -53.6585 4.42 11.92
76312 -53.6585 4.42 11.92
80132 -53.6585 4.42 11.92
82494 -53.6585 4.42 11.92
85496 -53.6585 4.42 11.92
80078 -53.6585 4.42 11.92
75520 -53.6585 4.42 11.92
75175 -53.6585 4.42 11.92
71786 -53.6585 4.42 11.92
65525 -53.6585 4.42 11.92
76604 -53.6585 4.42 11.92
83501 -53.6585 4.42 11.92
78139 -53.6585 4.42 11.92
82765 -53.6585 4.42 11.92
74649 -53.6585 4.42 11.92
78779 -53.6585 4.42 11.92
75240 -53.6585 4.42 11.92
83598 -53.6585 4.42 11.92
78726 -53.6585 4.42 11.92
85294 -53.6585 4.42 11.92
78867 -53.6585 4.42 11.92
76116 -53.6585 4.42 11.92
181673 -60.6152 -13.09 26.48
192273 -60.6152 -13.09 26.48
186006 -60.6152 -13.09 26.48
187841 -60.6152 -13.09 26.48
189140 -60.6152 -13.09 26.48
196662 -60.6152 -13.09 26.48
195355 -60.6152 -13.09 26.48
194340 -60.6152 -13.09 26.48
194496 -60.6152 -13.09 26.48
194995 -60.6152 -13.09 26.48
188463 -60.6152 -13.09 26.48
184736 -60.6152 -13.09 26.48
189455 -60.6152 -13.09 26.48
198757 -60.6152 -13.09 26.48
187046 -60.6152 -13.09 26.48
192170 -60.6152 -13.09 26.48
196161 -60.6152 -13.09 26.48
183399 -60.6152 -13.09 26.48
193979 -60.6152 -13.09 26.48
189105 -60.6152 -13.09 26.48
195926 -60.6152 -13.09 26.48
192681 -60.6152 -13.09 26.48
195257 -60.6152 -13.09 26.48
184905 -60.6152 -13.09 26.48
196261 -60.6152 -13.09 26.48
190410 -60.6152 -13.09 26.48
194915 -60.6152 -13.09 26.48
192914 -60.6152 -13.09 26.48
190333 -60.6152 -13.09 26.48
194246 -60.6152 -13.09 26.48
187891 -60.6152 -13.09 26.48
185145 -60.6152 -13.09 26.48
190565 -60.6152 -13.09 26.48
193282 -60.6152 -13.09 26.48
176536 -60.6152 -13.09 26.48
191093 -60.6152 -13.09 26.48
195399 -60.6152 -13.09 26.48
194233 -60.6152 -13.09 26.48
192484 -60.6152 -13.09 26.48
148519 -58.6232 -14.63 -18.01
147093 -58.6232 -14.63 -18.01
157841 -58.6232 -14.63 -18.01
155841 -58.6232 -14.63 -18.01
150591 -58.6232 -14.63 -18.01
156466 -58.6232 -14.63 -18.01
148886 -58.6232 -14.63 -18.01
156307 -58.6232 -14.63 -18.01
143110 -58.6232 -14.63 -18.01
153603 -58.6232 -14.63 -18.01
151316 -58.6232 -14.63 -18.01
142667 -58.6232 -14.63 -18.01
149680 -58.6232 -14.63 -18.01
155277 -58.6232 -14.63 -18.01
150669 -58.6232 -14.63 -18.01
149219 -58.6232 -14.63 -18.01
151028 -58.6232 -14.63 -18.01
148914 -58.6232 -14.63 -18.01
157056 -58.6232 -14.63 -18.01
149501 -58.6232 -14.63 -18.01
149292 -58.6232 -14.63 -18.01
157402 -58.6232 -14.63 -18.01
156160 -58.6232 -14.63 -18.01
156808 -58.6232 -14.63 -18.01
155223 -58.6232 -14.63 -18.01
152851 -58.6232 -14.63 -18.01
155879 -58.6232 -14.63 -18.01
151951 -58.6232 -14.63 -18.01
145792 -58.6232 -14.63 -18.01
147903 -58.6232 -14.63 -18.01
153411 -58.6232 -14.63 -18.01
150308 -58.6232 -14.63 -18.01
148538 -58.6232 -14.63 -18.01
154212 -58.6232 -14.63 -18.01
152569 -58.6232 -14.63 -18.01
155555 -58.6232 -14.63 -18.01
153611 -58.6232 -14.63 -18.01
148021 -58.6232 -14.63 -18.01
147730 -58.6232 -14.63 -18.01
33181 -44.5748 3.84 1.77
36829 -44.5748 3.84 1.77
34076 -44.5748 3.84 1.77
31192 -44.5748 3.84 1.77
35910 -44.5748 3.84 1.77
28143 -44.5748 3.84 1.77
37607 -44.5748 3.84 1.77
41485 -44.5748 3.84 1.77
35319 -44.5748 3.84 1.77
35832 -44.5748 3.84 1.77
31399 -44.5748 3.84 1.77
42462 -44.5748 3.84 1.77
34476 -44.5748 3.84 1.77
37310 -44.5748 3.84 1.77
33324 -44.5748 3.84 1.77
31806 -44.5748 3.84 1.77
36969 -44.5748 3.84 1.77
28759 -44.5748 3.84 1.77
33413 -44.5748 3.84 1.77
38085 -44.5748 3.84 1.77
24110 -44.5748 3.84 1.77
36466 -44.5748 3.84 1.77
37410 -44.5748 3.84 1.77
36580 -44.5748 3.84 1.77
30799 -44.5748 3.84 1.77
37709 -44.5748 3.84 1.77
27376 -44.5748 3.84 1.77
30298 -44.5748 3.84 1.77
34586 -44.5748 3.84 1.77
37062 -44.5748 3.84 1.77
37310 -44.5748 3.84 1.77
38435 -44.5748 3.84 1.77
29129 -44.5748 3.84 1.77
34156 -44.5748 3.84 1.77
35665 -44.5748 3.84 1.77
37982 -44.5748 3.84 1.77
38518 -44.5748 3.84 1.77
33959 -44.5748 3.84 1.77
40148 -44.5748 3.84 1.77
174408 -59.7348 -16.81 20.55
176228 -59.7348 -16.81 20.55
177189 -59.7348 -16.81 20.55
171382 -59.7348 -16.81 20.55
172660 -59.7348 -16.81 20.55
173027 -59.7348 -16.81 20.55
171368 -59.7348 -16.81 20.55
171405 -59.7348 -16.81 20.55
174205 -59.7348 -16.81 20.55
173245 -59.7348 -16.81 20.55
172922 -59.7348 -16.81 20.55
171529 -59.7348 -16.81 20.55
173423 -59.7348 -16.81 20.55
175224 -59.7348 -16.81 20.55
176624 -59.7348 -16.81 20.55
174903 -59.7348 -16.81 20.55
167458 -59.7348 -16.81 20.55
179100 -59.7348 -16.81 20.55
175068 -59.7348 -16.81 20.55
181213 -59.7348 -16.81 20.55
173203 -59.7348 -16.81 20.55
168763 -59.7348 -16.81 20.55
177857 -59.7348 -16.81 20.55
173840 -59.7348 -16.81 20.55
178061 -59.7348 -16.81 20.55
174602 -59.7348 -16.81 20.55
180976 -59.7348 -16.81 20.55
165995 -59.7348 -16.81 20.55
169132 -59.7348 -16.81 20.55
176657 -59.7348 -16.81 20.55
171258 -59.7348 -16.81 20.55
173511 -59.7348 -16.81 20.55
176195 -59.7348 -16.81 20.55
173649 -59.7348 -16.81 20.55
182540 -59.7348 -16.81 20.55
180357 -59.7348 -16.81 20.55
180788 -59.7348 -16.81 20.55
173922 -59.7348 -16.81 20.55
176610 -59.7348 -16.81 20.55
194188 -60.243 8.92 -26.79
192017 -60.243 8.92 -26.79
178475 -60.243 8.92 -26.79
190590 -60.243 8.92 -26.79
192685 -60.243 8.92 -26.79
193515 -60.243 8.92 -26.79
187149 -60.243 8.92 -26.79
185287 -60.243 8.92 -26.79
187526 -60.243 8.92 -26.79
186829 -60.243 8.92 -26.79
180123 -60.243 8.92 -26.79
189474 -60.243 8.92 -26.79
181193 -60.243 8.92 -26.79
189646 -60.243 8.92 -26.79
187023 -60.243 8.92 -26.79
182251 -60.243 8.92 -26.79
187313 -60.243 8.92 -26.79
188885 -60.243 8.92 -26.79
192640 -60.243 8.92 -26.79
184544 -60.243 8.92 -26.79
196459 -60.243 8.92 -26.79
189601 -60.243 8.92 -26.79
183359 -60.243 8.92 -26.79
182709 -60.243 8.92 -26.79
194124 -60.243 8.92 -26.79
191257 -60.243 8.92 -26.79
180766 -60.243 8.92 -26.79
185421 -60.243 8.92 -26.79
185354 -60.243 8.92 -26.79
185926 -60.243 8.92 -26.79
190003 -60.243 8.92 -26.79
179931 -60.243 8.92 -26.79
185126 -60.243 8.92 -26.79
185986 -60.243 8.92 -26.79
193193 -60.243 8.92 -26.79
186804 -60.243 8.92 -26.79
193157 -60.243 8.92 -26.79
189062 -60.243 8.92 -26.79
190633 -60.243 8.92 -26.79
