#rtt sig_str x y
145118 -57.5431 -11.95 16.48
137217 -57.5431 -11.95 16.48
140866 -57.5431 -11.95 16.48
138946 -57.5431 -11.95 16.48
143210 -57.5431 -11.95 16.48
142135 -57.5431 -11.95 16.48
146260 -57.5431 -11.95 16.48
138991 -57.5431 -11.95 16.48
142639 -57.5431 -11.95 16.48
144951 -57.5431 -11.95 16.48
146312 -57.5431 -11.95 16.48
138278 -57.5431 -11.95 16.48
135430 -57.5431 -11.95 16.48
143102 -57.5431 -11.95 16.48
145439 -57.5431 -11.95 16.48
143038 -57.5431 -11.95 16.48
140783 -57.5431 -11.95 16.48
134750 -57.5431 -11.95 16.48
146198 -57.5431 -11.95 16.48
132589 -57.5431 -11.95 16.48
145205 -57.5431 -11.95 16.48
144882 -57.5431 -11.95 16.48
141448 -57.5431 -11.95 16.48
140158 -57.5431 -11.95 16.48
145027 -57.5431 -11.95 16.48
141769 -57.5431 -11.95 16.48
140928 -57.5431 -11.95 16.48
140852 -57.5431 -11.95 16.48
144088 -57.5431 -11.95 16.48
143887 -57.5431 -11.95 16.48
139091 -57.5431 -11.95 16.48
143098 -57.5431 -11.95 16.48
143473 -57.5431 -11.95 16.48
141520 -57.5431 -11.95 16.48
140175 -57.5431 -11.95 16.48
148457 -57.5431 -11.95 16.48
149016 -57.5431 -11.95 16.48
137791 -57.5431 -11.95 16.48
143280 -57.5431 -11.95 16.48
159264 -58.6433 -18.79 13.71
155904 -58.6433 -18.79 13.71
160342 -58.6433 -18.79 13.71
151342 -58.6433 -18.79 13.71
146481 -58.6433 -18.79 13.71
145048 -58.6433 -18.79 13.71
158560 -58.6433 -18.79 13.71
153977 -58.6433 -18.79 13.71
151753 -58.6433 -18.79 13.71
150683 -58.6433 -18.79 13.71
155265 -58.6433 -18.79 13.71
158187 -58.6433 -18.79 13.71
159007 -58.6433 -18.79 13.71
152343 -58.6433 -18.79 13.71
151957 -58.6433 -18.79 13.71
155347 -58.6433 -18.79 13.71
148010 -58.6433 -18.79 13.71
156066 -58.6433 -18.79 13.71
148458 -58.6433 -18.79 13.71
156634 -58.6433 -18.79 13.71
156360 -58.6433 -18.79 13.71
153514 -58.6433 -18.79 13.71
150786 -58.6433 -18.79 13.71
151861 -58.6433 -18.79 13.71
150594 -58.6433 -18.79 13.71
154891 -58.6433 -18.79 13.71
151839 -58.6433 -18.79 13.71
152854 -58.6433 -18.79 13.71
166699 -58.6433 -18.79 13.71
152431 -58.6433 -18.79 13.71
155231 -58.6433 -18.79 13.71
148379 -58.6433 -18.79 13.71
160386 -58.6433 -18.79 13.71
150711 -58.6433 -18.79 13.71
150468 -58.6433 -18.79 13.71
157505 -58.6433 -18.79 13.71
155981 -58.6433 -18.79 13.71
160625 -58.6433 -18.79 13.71
163458 -58.6433 -18.79 13.71
107258 -53.9861 -10.61 7.9
103348 -53.9861 -10.61 7.9
107634 -53.9861 -10.61 7.9
104372 -53.9861 -10.61 7.9
95608 -53.9861 -10.61 7.9
98541 -53.9861 -10.61 7.9
98142 -53.9861 -10.61 7.9
107111 -53.9861 -10.61 7.9
101585 -53.9861 -10.61 7.9
104522 -53.9861 -10.61 7.9
105186 -53.9861 -10.61 7.9
93334 -53.9861 -10.61 7.9
105888 -53.9861 -10.61 7.9
103787 -53.9861 -10.61 7.9
98482 -53.9861 -10.61 7.9
102036 -53.9861 -10.61 7.9
99394 -53.9861 -10.61 7.9
98107 -53.9861 -10.61 7.9
94749 -53.9861 -10.61 7.9
96921 -53.9861 -10.61 7.9
100237 -53.9861 -10.61 7.9
96865 -53.9861 -10.61 7.9
98088 -53.9861 -10.61 7.9
90100 -53.9861 -10.61 7.9
104140 -53.9861 -10.61 7.9
108937 -53.9861 -10.61 7.9
94034 -53.9861 -10.61 7.9
107037 -53.9861 -10.61 7.9
101050 -53.9861 -10.61 7.9
100651 -53.9861 -10.61 7.9
97215 -53.9861 -10.61 7.9
102875 -53.9861 -10.61 7.9
98277 -53.9861 -10.61 7.9
95635 -53.9861 -10.61 7.9
99626 -53.9861 -10.61 7.9
98053 -53.9861 -10.61 7.9
100278 -53.9861 -10.61 7.9
103447 -53.9861 -10.61 7.9
101839 -53.9861 -10.61 7.9
114467 -56.3241 9.95 14.47
114363 -56.3241 9.95 14.47
111199 -56.3241 9.95 14.47
110242 -56.3241 9.95 14.47
115124 -56.3241 9.95 14.47
112993 -56.3241 9.95 14.47
112605 -56.3241 9.95 14.47
108730 -56.3241 9.95 14.47
121002 -56.3241 9.95 14.47
112504 -56.3241 9.95 14.47
112375 -56.3241 9.95 14.47
112154 -56.3241 9.95 14.47
107999 -56.3241 9.95 14.47
112613 -56.3241 9.95 14.47
106352 -56.3241 9.95 14.47
115320 -56.3241 9.95 14.47
108614 -56.3241 9.95 14.47
110335 -56.3241 9.95 14.47
110139 -56.3241 9.95 14.47
105411 -56.3241 9.95 14.47
113567 -56.3241 9.95 14.47
111851 -56.3241 9.95 14.47
114509 -56.3241 9.95 14.47
106265 -56.3241 9.95 14.47
114796 -56.3241 9.95 14.47
112220 -56.3241 9.95 14.47
118128 -56.3241 9.95 14.47
116084 -56.3241 9.95 14.47
113227 -56.3241 9.95 14.47
98699 -56.3241 9.95 14.47
106663 -56.3241 9.95 14.47
109849 -56.3241 9.95 14.47
110276 -56.3241 9.95 14.47
115954 -56.3241 9.95 14.47
112349 -56.3241 9.95 14.47
110834 -56.3241 9.95 14.47
109295 -56.3241 9.95 14.47
114082 -56.3241 9.95 14.47
107222 -56.3241 9.95 14.47
97835 -55.2633 4.02 14.91
106360 -55.2633 4.02 14.91
104166 -55.2633 4.02 14.91
99434 -55.2633 4.02 14.91
100500 -55.2633 4.02 14.91
98088 -55.2633 4.02 14.91
106039 -55.2633 4.02 14.91
101621 -55.2633 4.02 14.91
100172 -55.2633 4.02 14.91
97908 -55.2633 4.02 14.91
103500 -55.2633 4.02 14.91
110714 -55.2633 4.02 14.91
104399 -55.2633 4.02 14.91
103224 -55.2633 4.02 14.91
102052 -55.2633 4.02 14.91
108032 -55.2633 4.02 14.91
97583 -55.2633 4.02 14.91
104713 -55.2633 4.02 14.91
104755 -55.2633 4.02 14.91
103323 -55.2633 4.02 14.91
99301 -55.2633 4.02 14.91
99885 -55.2633 4.02 14.91
96757 -55.2633 4.02 14.91
105764 -55.2633 4.02 14.91
100621 -55.2633 4.02 14.91
106846 -55.2633 4.02 14.91
98210 -55.2633 4.02 14.91
94017 -55.2633 4.02 14.91
100158 -55.2633 4.02 14.91
101084 -55.2633 4.02 14.91
102930 -55.2633 4.02 14.91
100517 -55.2633 4.02 14.91
102199 -55.2633 4.02 14.91
99027 -55.2633 4.02 14.91
93675 -55.2633 4.02 14.91
98693 -55.2633 4.02 14.91
94849 -55.2633 4.02 14.91
98190 -55.2633 4.02 14.91
102817 -55.2633 4.02 14.91
57683 -47.9632 -6.11 1.82
64279 -47.9632 -6.11 1.82
62153 -47.9632 -6.11 1.82
58577 -47.9632 -6.11 1.82
61553 -47.9632 -6.11 1.82
62710 -47.9632 -6.11 1.82
55268 -47.9632 -6.11 1.82
61174 -47.9632 -6.11 1.82
59930 -47.9632 -6.11 1.82
60113 -47.9632 -6.11 1.82
64645 -47.9632 -6.11 1.82
59678 -47.9632 -6.11 1.82
52153 -47.9632 -6.11 1.82
62607 -47.9632 -6.11 1.82
54039 -47.9632 -6.11 1.82
59202 -47.9632 -6.11 1.82
55401 -47.9632 -6.11 1.82
56553 -47.9632 -6.11 1.82
51130 -47.9632 -6.11 1.82
50824 -47.9632 -6.11 1.82
55629 -47.9632 -6.11 1.82
56072 -47.9632 -6.11 1.82
57928 -47.9632 -6.11 1.82
56347 -47.9632 -6.11 1.82
55053 -47.9632 -6.11 1.82
56332 -47.9632 -6.11 1.82
54121 -47.9632 -6.11 1.82
56337 -47.9632 -6.11 1.82
56164 -47.9632 -6.11 1.82
59210 -47.9632 -6.11 1.82
57728 -47.9632 -6.11 1.82
57743 -47.9632 -6.11 1.82
61099 -47.9632 -6.11 1.82
58756 -47.9632 -6.11 1.82
61637 -47.9632 -6.11 1.82
58919 -47.9632 -6.11 1.82
57268 -47.9632 -6.11 1.82
57984 -47.9632 -6.11 1.82
53611 -47.9632 -6.11 1.82
174759 -59.8319 -7.24 25.87
167055 -59.8319 -7.24 25.87
177699 -59.8319 -7.24 25.87
173607 -59.8319 -7.24 25.87
180796 -59.8319 -7.24 25.87
168152 -59.8319 -7.24 25.87
182115 -59.8319 -7.24 25.87
172652 -59.8319 -7.24 25.87
176458 -59.8319 -7.24 25.87
175342 -59.8319 -7.24 25.87
174951 -59.8319 -7.24 25.87
169219 -59.8319 -7.24 25.87
177999 -59.8319 -7.24 25.87
173928 -59.8319 -7.24 25.87
174562 -59.8319 -7.24 25.87
173726 -59.8319 -7.24 25.87
180480 -59.8319 -7.24 25.87
179915 -59.8319 -7.24 25.87
183448 -59.8319 -7.24 25.87
175517 -59.8319 -7.24 25.87
178868 -59.8319 -7.24 25.87
175618 -59.8319 -7.24 25.87
169920 -59.8319 -7.24 25.87
179819 -59.8319 -7.24 25.87
171510 -59.8319 -7.24 25.87
175613 -59.8319 -7.24 25.87
174363 -59.8319 -7.24 25.87
171372 -59.8319 -7.24 25.87
175227 -59.8319 -7.24 25.87
178384 -59.8319 -7.24 25.87
167774 -59.8319 -7.24 25.87
174646 -59.8319 -7.24 25.87
174722 -59.8319 -7.24 25.87
168724 -59.8319 -7.24 25.87
172123 -59.8319 -7.24 25.87
172313 -59.8319 -7.24 25.87
183063 -59.8319 -7.24 25.87
180045 -59.8319 -7.24 25.87
177616 -59.8319 -7.24 25.87
207461 -61.2306 -29.37 12.26
200374 -61.2306 -29.37 12.26
203161 -61.2306 -29.37 12.26
202574 -61.2306 -29.37 12.26
202296 -61.2306 -29.37 12.26
208267 -61.2306 -29.37 12.26
208819 -61.2306 -29.37 12.26
208895 -61.2306 -29.37 12.26
209385 -61.2306 -29.37 12.26
209404 -61.2306 -29.37 12.26
211855 -61.2306 -29.37 12.26
201078 -61.2306 -29.37 12.26
208479 -61.2306 -29.37 12.26
203892 -61.2306 -29.37 12.26
205972 -61.2306 -29.37 12.26
207080 -61.2306 -29.37 12.26
210652 -61.2306 -29.37 12.26
205134 -61.2306 -29.37 12.26
202820 -61.2306 -29.37 12.26
210329 -61.2306 -29.37 12.26
206269 -61.2306 -29.37 12.26
205318 -61.2306 -29.37 12.26
206126 -61.2306 -29.37 12.26
202630 -61.2306 -29.37 12.26
204421 -61.2306 -29.37 12.26
209204 -61.2306 -29.37 12.26
209877 -61.2306 -29.37 12.26
207837 -61.2306 -29.37 12.26
198902 -61.2306 -29.37 12.26
200022 -61.2306 -29.37 12.26
209060 -61.2306 -29.37 12.26
214361 -61.2306 -29.37 12.26
204325 -61.2306 -29.37 12.26
199248 -61.2306 -29.37 12.26
209521 -61.2306 -29.37 12.26
207761 -61.2306 -29.37 12.26
203237 -61.2306 -29.37 12.26
209623 -61.2306 -29.37 12.26
210186 -61.2306 -29.37 12.26
204911 -60.9768 -19.78 23.69
209839 -60.9768 -19.78 23.69
214274 -60.9768 -19.78 23.69
205377 -60.9768 -19.78 23.69
218256 -60.9768 -19.78 23.69
210340 -60.9768 -19.78 23.69
207648 -60.9768 -19.78 23.69
208297 -60.9768 -19.78 23.69
207597 -60.9768 -19.78 23.69
208228 -60.9768 -19.78 23.69
211305 -60.9768 -19.78 23.69
208525 -60.9768 -19.78 23.69
208296 -60.9768 -19.78 23.69
207550 -60.9768 -19.78 23.69
210585 -60.9768 -19.78 23.69
211365 -60.9768 -19.78 23.69
208447 -60.9768 -19.78 23.69
202501 -60.9768 -19.78 23.69
207502 -60.9768 -19.78 23.69
201892 -60.9768 -19.78 23.69
205338 -60.9768 -19.78 23.69
208705 -60.9768 -19.78 23.69
210871 -60.9768 -19.78 23.69
213645 -60.9768 -19.78 23.69
203572 -60.9768 -19.78 23.69
208244 -60.9768 -19.78 23.69
204621 -60.9768 -19.78 23.69
211894 -60.9768 -19.78 23.69
211453 -60.9768 -19.78 23.69
207407 -60.9768 -19.78 23.69
207667 -60.9768 -19.78 23.69
208379 -60.9768 -19.78 23.69
203606 -60.9768 -19.78 23.69
205974 -60.9768 -19.78 23.69
206329 -60.9768 -19.78 23.69
211413 -60.9768 -19.78 23.69
203835 -60.9768 -19.78 23.69
215758 -60.9768 -19.78 23.69
210319 -60.9768 -19.78 23.69
207059 -61.1159 -22.6 21.78
212289 -61.1159 -22.6 21.78
213049 -61.1159 -22.6 21.78
206287 -61.1159 -22.6 21.78
211182 -61.1159 -22.6 21.78
207192 -61.1159 -22.6 21.78
210008 -61.1159 -22.6 21.78
209565 -61.1159 -22.6 21.78
204639 -61.1159 -22.6 21.78
209337 -61.1159 -22.6 21.78
203477 -61.1159 -22.6 21.78
205401 -61.1159 -22.6 21.78
211791 -61.1159 -22.6 21.78
211317 -61.1159 -22.6 21.78
206221 -61.1159 -22.6 21.78
216200 -61.1159 -22.6 21.78
210762 -61.1159 -22.6 21.78
206555 -61.1159 -22.6 21.78
203855 -61.1159 -22.6 21.78
210362 -61.1159 -22.6 21.78
210109 -61.1159 -22.6 21.78
198244 -61.1159 -22.6 21.78
206882 -61.1159 -22.6 21.78
211528 -61.1159 -22.6 21.78
210738 -61.1159 -22.6 21.78
209202 -61.1159 -22.6 21.78
204548 -61.1159 -22.6 21.78
207616 -61.1159 -22.6 21.78
212322 -61.1159 -22.6 21.78
205738 -61.1159 -22.6 21.78
209280 -61.1159 -22.6 21.78
212375 -61.1159 -22.6 21.78
210889 -61.1159 -22.6 21.78
212355 -61.1159 -22.6 21.78
212714 -61.1159 -22.6 21.78
204353 -61.1159 -22.6 21.78
208461 -61.1159 -22.6 21.78
209997 -61.1159 -22.6 21.78
214391 -61.1159 -22.6 21.78
