#rtt sig_str x y
200602 -60.5176 19.47 21.75
202784 -60.5176 19.47 21.75
197643 -60.5176 19.47 21.75
203461 -60.5176 19.47 21.75
202478 -60.5176 19.47 21.75
197889 -60.5176 19.47 21.75
195445 -60.5176 19.47 21.75
201730 -60.5176 19.47 21.75
195279 -60.5176 19.47 21.75
195588 -60.5176 19.47 21.75
192408 -60.5176 19.47 21.75
196149 -60.5176 19.47 21.75
197133 -60.5176 19.47 21.75
199553 -60.5176 19.47 21.75
198052 -60.5176 19.47 21.75
206110 -60.5176 19.47 21.75
192400 -60.5176 19.47 21.75
200303 -60.5176 19.47 21.75
201144 -60.5176 19.47 21.75
195907 -60.5176 19.47 21.75
195533 -60.5176 19.47 21.75
198687 -60.5176 19.47 21.75
200531 -60.5176 19.47 21.75
199830 -60.5176 19.47 21.75
203255 -60.5176 19.47 21.75
197283 -60.5176 19.47 21.75
204762 -60.5176 19.47 21.75
195857 -60.5176 19.47 21.75
194189 -60.5176 19.47 21.75
203386 -60.5176 19.47 21.75
197529 -60.5176 19.47 21.75
196482 -60.5176 19.47 21.75
199884 -60.5176 19.47 21.75
197749 -60.5176 19.47 21.75
197982 -60.5176 19.47 21.75
197631 -60.5176 19.47 21.75
201710 -60.5176 19.47 21.75
196405 -60.5176 19.47 21.75
195465 -60.5176 19.47 21.75
211780 -61.3148 -19.12 -25.85
209393 -61.3148 -19.12 -25.85
210334 -61.3148 -19.12 -25.85
216021 -61.3148 -19.12 -25.85
205916 -61.3148 -19.12 -25.85
213185 -61.3148 -19.12 -25.85
207880 -61.3148 -19.12 -25.85
211820 -61.3148 -19.12 -25.85
209401 -61.3148 -19.12 -25.85
210536 -61.3148 -19.12 -25.85
206592 -61.3148 -19.12 -25.85
204141 -61.3148 -19.12 -25.85
209518 -61.3148 -19.12 -25.85
217225 -61.3148 -19.12 -25.85
209396 -61.3148 -19.12 -25.85
208752 -61.3148 -19.12 -25.85
215477 -61.3148 -19.12 -25.85
206248 -61.3148 -19.12 -25.85
201238 -61.3148 -19.12 -25.85
208596 -61.3148 -19.12 -25.85
211804 -61.3148 -19.12 -25.85
211700 -61.3148 -19.12 -25.85
209441 -61.3148 -19.12 -25.85
207983 -61.3148 -19.12 -25.85
208569 -61.3148 -19.12 -25.85
211537 -61.3148 -19.12 -25.85
213836 -61.3148 -19.12 -25.85
210518 -61.3148 -19.12 -25.85
211518 -61.3148 -19.12 -25.85
209986 -61.3148 -19.12 -25.85
205951 -61.3148 -19.12 -25.85
210320 -61.3148 -19.12 -25.85
218729 -61.3148 -19.12 -25.85
201495 -61.3148 -19.12 -25.85
215654 -61.3148 -19.12 -25.85
203444 -61.3148 -19.12 -25.85
210678 -61.3148 -19.12 -25.85
210692 -61.3148 -19.12 -25.85
210452 -61.3148 -19.12 -25.85
144137 -58.472 22.64 2.54
143204 -58.472 22.64 2.54
148509 -58.472 22.64 2.54
142562 -58.472 22.64 2.54
144158 -58.472 22.64 2.54
152821 -58.472 22.64 2.54
142034 -58.472 22.64 2.54
152284 -58.472 22.64 2.54
145815 -58.472 22.64 2.54
147747 -58.472 22.64 2.54
152273 -58.472 22.64 2.54
147525 -58.472 22.64 2.54
148485 -58.472 22.64 2.54
141337 -58.472 22.64 2.54
155928 -58.472 22.64 2.54
152513 -58.472 22.64 2.54
154249 -58.472 22.64 2.54
152634 -58.472 22.64 2.54
149670 -58.472 22.64 2.54
150577 -58.472 22.64 2.54
151774 -58.472 22.64 2.54
150465 -58.472 22.64 2.54
148823 -58.472 22.64 2.54
143591 -58.472 22.64 2.54
150096 -58.472 22.64 2.54
147468 -58.472 22.64 2.54
142168 -58.472 22.64 2.54
147200 -58.472 22.64 2.54
148834 -58.472 22.64 2.54
155556 -58.472 22.64 2.54
145346 -58.472 22.64 2.54
150265 -58.472 22.64 2.54
148383 -58.472 22.64 2.54
143473 -58.472 22.64 2.54
152795 -58.472 22.64 2.54
150003 -58.472 22.64 2.54
150515 -58.472 22.64 2.54
144520 -58.472 22.64 2.54
145845 -58.472 22.64 2.54
180817 -60.2001 27.9 3.26
183151 -60.2001 27.9 3.26
184565 -60.2001 27.9 3.26
182950 -60.2001 27.9 3.26
180234 -60.2001 27.9 3.26
185476 -60.2001 27.9 3.26
179555 -60.2001 27.9 3.26
181870 -60.2001 27.9 3.26
181616 -60.2001 27.9 3.26
182663 -60.2001 27.9 3.26
183829 -60.2001 27.9 3.26
182901 -60.2001 27.9 3.26
186502 -60.2001 27.9 3.26
182679 -60.2001 27.9 3.26
185133 -60.2001 27.9 3.26
185888 -60.2001 27.9 3.26
173928 -60.2001 27.9 3.26
187097 -60.2001 27.9 3.26
184879 -60.2001 27.9 3.26
194929 -60.2001 27.9 3.26
185452 -60.2001 27.9 3.26
186394 -60.2001 27.9 3.26
178950 -60.2001 27.9 3.26
187200 -60.2001 27.9 3.26
191927 -60.2001 27.9 3.26
181089 -60.2001 27.9 3.26
178672 -60.2001 27.9 3.26
186645 -60.2001 27.9 3.26
183138 -60.2001 27.9 3.26
186278 -60.2001 27.9 3.26
183286 -60.2001 27.9 3.26
176305 -60.2001 27.9 3.26
184209 -60.2001 27.9 3.26
174941 -60.2001 27.9 3.26
188495 -60.2001 27.9 3.26
184257 -60.2001 27.9 3.26
183231 -60.2001 27.9 3.26
189600 -60.2001 27.9 3.26
191068 -60.2001 27.9 3.26
221012 -61.7031 -29.79 -15.76
217928 -61.7031 -29.79 -15.76
216767 -61.7031 -29.79 -15.76
215710 -61.7031 -29.79 -15.76
222427 -61.7031 -29.79 -15.76
221415 -61.7031 -29.79 -15.76
210487 -61.7031 -29.79 -15.76
219608 -61.7031 -29.79 -15.76
229396 -61.7031 -29.79 -15.76
220646 -61.7031 -29.79 -15.76
217195 -61.7031 -29.79 -15.76
221449 -61.7031 -29.79 -15.76
216031 -61.7031 -29.79 -15.76
221174 -61.7031 -29.79 -15.76
217931 -61.7031 -29.79 -15.76
223919 -61.7031 -29.79 -15.76
217498 -61.7031 -29.79 -15.76
217062 -61.7031 -29.79 -15.76
211098 -61.7031 -29.79 -15.76
220891 -61.7031 -29.79 -15.76
221980 -61.7031 -29.79 -15.76
223090 -61.7031 -29.79 -15.76
215753 -61.7031 -29.79 -15.76
215181 -61.7031 -29.79 -15.76
221616 -61.7031 -29.79 -15.76
216409 -61.7031 -29.79 -15.76
217970 -61.7031 -29.79 -15.76
227325 -61.7031 -29.79 -15.76
212759 -61.7031 -29.79 -15.76
219783 -61.7031 -29.79 -15.76
221755 -61.7031 -29.79 -15.76
219681 -61.7031 -29.79 -15.76
220967 -61.7031 -29.79 -15.76
227412 -61.7031 -29.79 -15.76
216159 -61.7031 -29.79 -15.76
222350 -61.7031 -29.79 -15.76
211626 -61.7031 -29.79 -15.76
228980 -61.7031 -29.79 -15.76
222131 -61.7031 -29.79 -15.76
192189 -60.102 25.42 11.15
187422 -60.102 25.42 11.15
184348 -60.102 25.42 11.15
189386 -60.102 25.42 11.15
186629 -60.102 25.42 11.15
181554 -60.102 25.42 11.15
182993 -60.102 25.42 11.15
188621 -60.102 25.42 11.15
182972 -60.102 25.42 11.15
187953 -60.102 25.42 11.15
182688 -60.102 25.42 11.15
182263 -60.102 25.42 11.15
186438 -60.102 25.42 11.15
180716 -60.102 25.42 11.15
182320 -60.102 25.42 11.15
185183 -60.102 25.42 11.15
184550 -60.102 25.42 11.15
183940 -60.102 25.42 11.15
187245 -60.102 25.42 11.15
186441 -60.102 25.42 11.15
187811 -60.102 25.42 11.15
179351 -60.102 25.42 11.15
180945 -60.102 25.42 11.15
183955 -60.102 25.42 11.15
181619 -60.102 25.42 11.15
188501 -60.102 25.42 11.15
189741 -60.102 25.42 11.15
186206 -60.102 25.42 11.15
184073 -60.102 25.42 11.15
186760 -60.102 25.42 11.15
191983 -60.102 25.42 11.15
190872 -60.102 25.42 11.15
186038 -60.102 25.42 11.15
188236 -60.102 25.42 11.15
185863 -60.102 25.42 11.15
185787 -60.102 25.42 11.15
188560 -60.102 25.42 11.15
181996 -60.102 25.42 11.15
185798 -60.102 25.42 11.15
178918 -59.9935 7.77 26.27
177015 -59.9935 7.77 26.27
180506 -59.9935 7.77 26.27
177278 -59.9935 7.77 26.27
176732 -59.9935 7.77 26.27
172730 -59.9935 7.77 26.27
188885 -59.9935 7.77 26.27
181765 -59.9935 7.77 26.27
178530 -59.9935 7.77 26.27
173323 -59.9935 7.77 26.27
179327 -59.9935 7.77 26.27
173145 -59.9935 7.77 26.27
183989 -59.9935 7.77 26.27
165931 -59.9935 7.77 26.27
179899 -59.9935 7.77 26.27
174718 -59.9935 7.77 26.27
183347 -59.9935 7.77 26.27
179538 -59.9935 7.77 26.27
179603 -59.9935 7.77 26.27
177866 -59.9935 7.77 26.27
176066 -59.9935 7.77 26.27
178520 -59.9935 7.77 26.27
178455 -59.9935 7.77 26.27
178381 -59.9935 7.77 26.27
185302 -59.9935 7.77 26.27
179100 -59.9935 7.77 26.27
175089 -59.9935 7.77 26.27
173202 -59.9935 7.77 26.27
175286 -59.9935 7.77 26.27
180171 -59.9935 7.77 26.27
176232 -59.9935 7.77 26.27
176581 -59.9935 7.77 26.27
175797 -59.9935 7.77 26.27
179670 -59.9935 7.77 26.27
175942 -59.9935 7.77 26.27
177968 -59.9935 7.77 26.27
187167 -59.9935 7.77 26.27
184260 -59.9935 7.77 26.27
178319 -59.9935 7.77 26.27
76811 -53.1103 -11.74 -1.92
76699 -53.1103 -11.74 -1.92
72555 -53.1103 -11.74 -1.92
75559 -53.1103 -11.74 -1.92
77651 -53.1103 -11.74 -1.92
78141 -53.1103 -11.74 -1.92
80328 -53.1103 -11.74 -1.92
86252 -53.1103 -11.74 -1.92
80558 -53.1103 -11.74 -1.92
75092 -53.1103 -11.74 -1.92
77577 -53.1103 -11.74 -1.92
77181 -53.1103 -11.74 -1.92
75515 -53.1103 -11.74 -1.92
80388 -53.1103 -11.74 -1.92
75879 -53.1103 -11.74 -1.92
75851 -53.1103 -11.74 -1.92
73714 -53.1103 -11.74 -1.92
76540 -53.1103 -11.74 -1.92
76319 -53.1103 -11.74 -1.92
81210 -53.1103 -11.74 -1.92
74122 -53.1103 -11.74 -1.92
72988 -53.1103 -11.74 -1.92
71893 -53.1103 -11.74 -1.92
76016 -53.1103 -11.74 -1.92
77338 -53.1103 -11.74 -1.92
76142 -53.1103 -11.74 -1.92
77063 -53.1103 -11.74 -1.92
71871 -53.1103 -11.74 -1.92
83000 -53.1103 -11.74 -1.92
77529 -53.1103 -11.74 -1.92
77965 -53.1103 -11.74 -1.92
79157 -53.1103 -11.74 -1.92
77851 -53.1103 -11.74 -1.92
81272 -53.1103 -11.74 -1.92
76571 -53.1103 -11.74 -1.92
77143 -53.1103 -11.74 -1.92
74812 -53.1103 -11.74 -1.92
84621 -53.1103 -11.74 -1.92
77326 -53.1103 -11.74 -1.92
186344 -60.0843 -9.55 26
186647 -60.0843 -9.55 26
187146 -60.0843 -9.55 26
182206 -60.0843 -9.55 26
186396 -60.0843 -9.55 26
184515 -60.0843 -9.55 26
191105 -60.0843 -9.55 26
184982 -60.0843 -9.55 26
187950 -60.0843 -9.55 26
189438 -60.0843 -9.55 26
184726 -60.0843 -9.55 26
187708 -60.0843 -9.55 26
184823 -60.0843 -9.55 26
188854 -60.0843 -9.55 26
188860 -60.0843 -9.55 26
180643 -60.0843 -9.55 26
190908 -60.0843 -9.55 26
185025 -60.0843 -9.55 26
191308 -60.0843 -9.55 26
192561 -60.0843 -9.55 26
191063 -60.0843 -9.55 26
196860 -60.0843 -9.55 26
178935 -60.0843 -9.55 26
197088 -60.0843 -9.55 26
185921 -60.0843 -9.55 26
184442 -60.0843 -9.55 26
185569 -60.0843 -9.55 26
180696 -60.0843 -9.55 26
188872 -60.0843 -9.55 26
187358 -60.0843 -9.55 26
181614 -60.0843 -9.55 26
180261 -60.0843 -9.55 26
188114 -60.0843 -9.55 26
185961 -60.0843 -9.55 26
187905 -60.0843 -9.55 26
189084 -60.0843 -9.55 26
192284 -60.0843 -9.55 26
189983 -60.0843 -9.55 26
181056 -60.0843 -9.55 26
182184 -60.1427 -21.56 -17.7
180577 -60.1427 -21.56 -17.7
182735 -60.1427 -21.56 -17.7
184143 -60.1427 -21.56 -17.7
187216 -60.1427 -21.56 -17.7
183690 -60.1427 -21.56 -17.7
179646 -60.1427 -21.56 -17.7
181789 -60.1427 -21.56 -17.7
185273 -60.1427 -21.56 -17.7
185867 -60.1427 -21.56 -17.7
184341 -60.1427 -21.56 -17.7
186919 -60.1427 -21.56 -17.7
184888 -60.1427 -21.56 -17.7
188391 -60.1427 -21.56 -17.7
179073 -60.1427 -21.56 -17.7
181085 -60.1427 -21.56 -17.7
185948 -60.1427 -21.56 -17.7
187062 -60.1427 -21.56 -17.7
182225 -60.1427 -21.56 -17.7
184569 -60.1427 -21.56 -17.7
181309 -60.1427 -21.56 -17.7
178892 -60.1427 -21.56 -17.7
185788 -60.1427 -21.56 -17.7
180806 -60.1427 -21.56 -17.7
182531 -60.1427 -21.56 -17.7
177097 -60.1427 -21.56 -17.7
183400 -60.1427 -21.56 -17.7
182990 -60.1427 -21.56 -17.7
185435 -60.1427 -21.56 -17.7
185178 -60.1427 -21.56 -17.7
191058 -60.1427 -21.56 -17.7
187126 -60.1427 -21.56 -17.7
188475 -60.1427 -21.56 -17.7
180488 -60.1427 -21.56 -17.7
180461 -60.1427 -21.56 -17.7
182136 -60.1427 -21.56 -17.7
183721 -60.1427 -21.56 -17.7
185844 -60.1427 -21.56 -17.7
186991 -60.1427 -21.56 -17.7
