#rtt sig_str x y
183669 -60.2017 -27.98 2.54
179557 -60.2017 -27.98 2.54
186859 -60.2017 -27.98 2.54
188920 -60.2017 -27.98 2.54
179799 -60.2017 -27.98 2.54
184159 -60.2017 -27.98 2.54
182275 -60.2017 -27.98 2.54
183674 -60.2017 -27.98 2.54
187018 -60.2017 -27.98 2.54
179482 -60.2017 -27.98 2.54
180901 -60.2017 -27.98 2.54
179305 -60.2017 -27.98 2.54
185915 -60.2017 -27.98 2.54
186339 -60.2017 -27.98 2.54
185678 -60.2017 -27.98 2.54
182635 -60.2017 -27.98 2.54
185898 -60.2017 -27.98 2.54
182736 -60.2017 -27.98 2.54
182301 -60.2017 -27.98 2.54
173781 -60.2017 -27.98 2.54
183605 -60.2017 -27.98 2.54
184560 -60.2017 -27.98 2.54
189155 -60.2017 -27.98 2.54
192219 -60.2017 -27.98 2.54
187044 -60.2017 -27.98 2.54
175610 -60.2017 -27.98 2.54
180516 -60.2017 -27.98 2.54
179384 -60.2017 -27.98 2.54
182989 -60.2017 -27.98 2.54
184554 -60.2017 -27.98 2.54
179121 -60.2017 -27.98 2.54
182985 -60.2017 -27.98 2.54
184094 -60.2017 -27.98 2.54
182418 -60.2017 -27.98 2.54
188927 -60.2017 -27.98 2.54
187072 -60.2017 -27.98 2.54
180078 -60.2017 -27.98 2.54
180583 -60.2017 -27.98 2.54
176045 -60.2017 -27.98 2.54
9924 -38.7742 -0.65 -1.99
15527 -38.7742 -0.65 -1.99
8551 -38.7742 -0.65 -1.99
17333 -38.7742 -0.65 -1.99
16211 -38.7742 -0.65 -1.99
16921 -38.7742 -0.65 -1.99
17075 -38.7742 -0.65 -1.99
16369 -38.7742 -0.65 -1.99
10174 -38.7742 -0.65 -1.99
10215 -38.7742 -0.65 -1.99
15253 -38.7742 -0.65 -1.99
15299 -38.7742 -0.65 -1.99
11739 -38.7742 -0.65 -1.99
7773 -38.7742 -0.65 -1.99
9662 -38.7742 -0.65 -1.99
9365 -38.7742 -0.65 -1.99
12753 -38.7742 -0.65 -1.99
15547 -38.7742 -0.65 -1.99
17327 -38.7742 -0.65 -1.99
7169 -38.7742 -0.65 -1.99
14772 -38.7742 -0.65 -1.99
14682 -38.7742 -0.65 -1.99
19435 -38.7742 -0.65 -1.99
13440 -38.7742 -0.65 -1.99
13913 -38.7742 -0.65 -1.99
11455 -38.7742 -0.65 -1.99
16034 -38.7742 -0.65 -1.99
9122 -38.7742 -0.65 -1.99
11041 -38.7742 -0.65 -1.99
8764 -38.7742 -0.65 -1.99
6888 -38.7742 -0.65 -1.99
14710 -38.7742 -0.65 -1.99
15488 -38.7742 -0.65 -1.99
22693 -38.7742 -0.65 -1.99
10637 -38.7742 -0.65 -1.99
13567 -38.7742 -0.65 -1.99
13473 -38.7742 -0.65 -1.99
14333 -38.7742 -0.65 -1.99
10079 -38.7742 -0.65 -1.99
139241 -57.7887 20.77 -2.9
141906 -57.7887 20.77 -2.9
139860 -57.7887 20.77 -2.9
142392 -57.7887 20.77 -2.9
140953 -57.7887 20.77 -2.9
134201 -57.7887 20.77 -2.9
138993 -57.7887 20.77 -2.9
145952 -57.7887 20.77 -2.9
139496 -57.7887 20.77 -2.9
148831 -57.7887 20.77 -2.9
141812 -57.7887 20.77 -2.9
138193 -57.7887 20.77 -2.9
143429 -57.7887 20.77 -2.9
145972 -57.7887 20.77 -2.9
139825 -57.7887 20.77 -2.9
138861 -57.7887 20.77 -2.9
141749 -57.7887 20.77 -2.9
134877 -57.7887 20.77 -2.9
141516 -57.7887 20.77 -2.9
135087 -57.7887 20.77 -2.9
147192 -57.7887 20.77 -2.9
136654 -57.7887 20.77 -2.9
133801 -57.7887 20.77 -2.9
136479 -57.7887 20.77 -2.9
137261 -57.7887 20.77 -2.9
144927 -57.7887 20.77 -2.9
140379 -57.7887 20.77 -2.9
144537 -57.7887 20.77 -2.9
141017 -57.7887 20.77 -2.9
142855 -57.7887 20.77 -2.9
142105 -57.7887 20.77 -2.9
139359 -57.7887 20.77 -2.9
135746 -57.7887 20.77 -2.9
147128 -57.7887 20.77 -2.9
144467 -57.7887 20.77 -2.9
141722 -57.7887 20.77 -2.9
141072 -57.7887 20.77 -2.9
137348 -57.7887 20.77 -2.9
141558 -57.7887 20.77 -2.9
111685 -54.2337 -5.32 12.55
111838 -54.2337 -5.32 12.55
105617 -54.2337 -5.32 12.55
112290 -54.2337 -5.32 12.55
110095 -54.2337 -5.32 12.55
113947 -54.2337 -5.32 12.55
111859 -54.2337 -5.32 12.55
113061 -54.2337 -5.32 12.55
115995 -54.2337 -5.32 12.55
113134 -54.2337 -5.32 12.55
105193 -54.2337 -5.32 12.55
109514 -54.2337 -5.32 12.55
115136 -54.2337 -5.32 12.55
113442 -54.2337 -5.32 12.55
113647 -54.2337 -5.32 12.55
110976 -54.2337 -5.32 12.55
111210 -54.2337 -5.32 12.55
112497 -54.2337 -5.32 12.55
107265 -54.2337 -5.32 12.55
111166 -54.2337 -5.32 12.55
103575 -54.2337 -5.32 12.55
116379 -54.2337 -5.32 12.55
110997 -54.2337 -5.32 12.55
108136 -54.2337 -5.32 12.55
115197 -54.2337 -5.32 12.55
111744 -54.2337 -5.32 12.55
113954 -54.2337 -5.32 12.55
105939 -54.2337 -5.32 12.55
108371 -54.2337 -5.32 12.55
109252 -54.2337 -5.32 12.55
114034 -54.2337 -5.32 12.55
108205 -54.2337 -5.32 12.55
107990 -54.2337 -5.32 12.55
114205 -54.2337 -5.32 12.55
111268 -54.2337 -5.32 12.55
115179 -54.2337 -5.32 12.55
115211 -54.2337 -5.32 12.55
106294 -54.2337 -5.32 12.55
108253 -54.2337 -5.32 12.55
165742 -59.0703 7.89 23.19
154897 -59.0703 7.89 23.19
154399 -59.0703 7.89 23.19
153792 -59.0703 7.89 23.19
152433 -59.0703 7.89 23.19
161458 -59.0703 7.89 23.19
155867 -59.0703 7.89 23.19
153883 -59.0703 7.89 23.19
166153 -59.0703 7.89 23.19
155665 -59.0703 7.89 23.19
157939 -59.0703 7.89 23.19
160204 -59.0703 7.89 23.19
163897 -59.0703 7.89 23.19
160194 -59.0703 7.89 23.19
154606 -59.0703 7.89 23.19
162783 -59.0703 7.89 23.19
160138 -59.0703 7.89 23.19
157243 -59.0703 7.89 23.19
165581 -59.0703 7.89 23.19
163248 -59.0703 7.89 23.19
159511 -59.0703 7.89 23.19
161038 -59.0703 7.89 23.19
157819 -59.0703 7.89 23.19
148580 -59.0703 7.89 23.19
165863 -59.0703 7.89 23.19
157637 -59.0703 7.89 23.19
163112 -59.0703 7.89 23.19
156314 -59.0703 7.89 23.19
164686 -59.0703 7.89 23.19
159295 -59.0703 7.89 23.19
165846 -59.0703 7.89 23.19
157189 -59.0703 7.89 23.19
157808 -59.0703 7.89 23.19
161749 -59.0703 7.89 23.19
152390 -59.0703 7.89 23.19
167535 -59.0703 7.89 23.19
156442 -59.0703 7.89 23.19
155782 -59.0703 7.89 23.19
160410 -59.0703 7.89 23.19
125035 -56.5695 -12.55 -13.03
124628 -56.5695 -12.55 -13.03
122844 -56.5695 -12.55 -13.03
130566 -56.5695 -12.55 -13.03
124363 -56.5695 -12.55 -13.03
125167 -56.5695 -12.55 -13.03
131488 -56.5695 -12.55 -13.03
122247 -56.5695 -12.55 -13.03
126927 -56.5695 -12.55 -13.03
124216 -56.5695 -12.55 -13.03
118838 -56.5695 -12.55 -13.03
119608 -56.5695 -12.55 -13.03
132570 -56.5695 -12.55 -13.03
125571 -56.5695 -12.55 -13.03
134044 -56.5695 -12.55 -13.03
127887 -56.5695 -12.55 -13.03
121720 -56.5695 -12.55 -13.03
124642 -56.5695 -12.55 -13.03
129435 -56.5695 -12.55 -13.03
134117 -56.5695 -12.55 -13.03
130080 -56.5695 -12.55 -13.03
125577 -56.5695 -12.55 -13.03
126521 -56.5695 -12.55 -13.03
124913 -56.5695 -12.55 -13.03
118096 -56.5695 -12.55 -13.03
126996 -56.5695 -12.55 -13.03
134245 -56.5695 -12.55 -13.03
125532 -56.5695 -12.55 -13.03
126137 -56.5695 -12.55 -13.03
123949 -56.5695 -12.55 -13.03
124501 -56.5695 -12.55 -13.03
127269 -56.5695 -12.55 -13.03
129777 -56.5695 -12.55 -13.03
124290 -56.5695 -12.55 -13.03
123034 -56.5695 -12.55 -13.03
131131 -56.5695 -12.55 -13.03
123952 -56.5695 -12.55 -13.03
125957 -56.5695 -12.55 -13.03
129662 -56.5695 -12.55 -13.03
25782 -42.8617 2.57 2.28
21537 -42.8617 2.57 2.28
25085 -42.8617 2.57 2.28
28356 -42.8617 2.57 2.28
20448 -42.8617 2.57 2.28
24311 -42.8617 2.57 2.28
25111 -42.8617 2.57 2.28
24804 -42.8617 2.57 2.28
22686 -42.8617 2.57 2.28
18781 -42.8617 2.57 2.28
21900 -42.8617 2.57 2.28
19418 -42.8617 2.57 2.28
27345 -42.8617 2.57 2.28
25278 -42.8617 2.57 2.28
22661 -42.8617 2.57 2.28
20809 -42.8617 2.57 2.28
24343 -42.8617 2.57 2.28
25623 -42.8617 2.57 2.28
24455 -42.8617 2.57 2.28
24729 -42.8617 2.57 2.28
16519 -42.8617 2.57 2.28
23840 -42.8617 2.57 2.28
21886 -42.8617 2.57 2.28
22919 -42.8617 2.57 2.28
22603 -42.8617 2.57 2.28
25646 -42.8617 2.57 2.28
27912 -42.8617 2.57 2.28
27752 -42.8617 2.57 2.28
21787 -42.8617 2.57 2.28
23450 -42.8617 2.57 2.28
23939 -42.8617 2.57 2.28
24381 -42.8617 2.57 2.28
15690 -42.8617 2.57 2.28
20173 -42.8617 2.57 2.28
25257 -42.8617 2.57 2.28
26335 -42.8617 2.57 2.28
21447 -42.8617 2.57 2.28
26729 -42.8617 2.57 2.28
26184 -42.8617 2.57 2.28
114385 -56.4211 -16.31 -7.05
131800 -56.4211 -16.31 -7.05
119717 -56.4211 -16.31 -7.05
118190 -56.4211 -16.31 -7.05
113183 -56.4211 -16.31 -7.05
116208 -56.4211 -16.31 -7.05
122169 -56.4211 -16.31 -7.05
120370 -56.4211 -16.31 -7.05
123105 -56.4211 -16.31 -7.05
118555 -56.4211 -16.31 -7.05
114590 -56.4211 -16.31 -7.05
124117 -56.4211 -16.31 -7.05
120335 -56.4211 -16.31 -7.05
123267 -56.4211 -16.31 -7.05
121703 -56.4211 -16.31 -7.05
118488 -56.4211 -16.31 -7.05
121809 -56.4211 -16.31 -7.05
129368 -56.4211 -16.31 -7.05
125619 -56.4211 -16.31 -7.05
124531 -56.4211 -16.31 -7.05
122560 -56.4211 -16.31 -7.05
119021 -56.4211 -16.31 -7.05
122832 -56.4211 -16.31 -7.05
123316 -56.4211 -16.31 -7.05
121443 -56.4211 -16.31 -7.05
119409 -56.4211 -16.31 -7.05
119505 -56.4211 -16.31 -7.05
113791 -56.4211 -16.31 -7.05
119705 -56.4211 -16.31 -7.05
117905 -56.4211 -16.31 -7.05
123368 -56.4211 -16.31 -7.05
118914 -56.4211 -16.31 -7.05
120731 -56.4211 -16.31 -7.05
120992 -56.4211 -16.31 -7.05
119446 -56.4211 -16.31 -7.05
116511 -56.4211 -16.31 -7.05
113682 -56.4211 -16.31 -7.05
124279 -56.4211 -16.31 -7.05
122236 -56.4211 -16.31 -7.05
217901 -61.3752 -15.59 -28.39
213735 -61.3752 -15.59 -28.39
219014 -61.3752 -15.59 -28.39
214416 -61.3752 -15.59 -28.39
207896 -61.3752 -15.59 -28.39
214100 -61.3752 -15.59 -28.39
210252 -61.3752 -15.59 -28.39
208601 -61.3752 -15.59 -28.39
217205 -61.3752 -15.59 -28.39
212028 -61.3752 -15.59 -28.39
213384 -61.3752 -15.59 -28.39
212181 -61.3752 -15.59 -28.39
212369 -61.3752 -15.59 -28.39
205769 -61.3752 -15.59 -28.39
216017 -61.3752 -15.59 -28.39
220893 -61.3752 -15.59 -28.39
213979 -61.3752 -15.59 -28.39
207653 -61.3752 -15.59 -28.39
219757 -61.3752 -15.59 -28.39
206583 -61.3752 -15.59 -28.39
219013 -61.3752 -15.59 -28.39
210631 -61.3752 -15.59 -28.39
217815 -61.3752 -15.59 -28.39
210727 -61.3752 -15.59 -28.39
218029 -61.3752 -15.59 -28.39
211033 -61.3752 -15.59 -28.39
221737 -61.3752 -15.59 -28.39
209042 -61.3752 -15.59 -28.39
209339 -61.3752 -15.59 -28.39
206698 -61.3752 -15.59 -28.39
204989 -61.3752 -15.59 -28.39
216085 -61.3752 -15.59 -28.39
215817 -61.3752 -15.59 -28.39
218590 -61.3752 -15.59 -28.39
214688 -61.3752 -15.59 -28.39
209901 -61.3752 -15.59 -28.39
215364 -61.3752 -15.59 -28.39
215725 -61.3752 -15.59 -28.39
215828 -61.3752 -15.59 -28.39
270340 -62.9747 27.21 -28.38
253308 -62.9747 27.21 -28.38
259911 -62.9747 27.21 -28.38
263168 -62.9747 27.21 -28.38
264521 -62.9747 27.21 -28.38
262421 -62.9747 27.21 -28.38
260220 -62.9747 27.21 -28.38
262097 -62.9747 27.21 -28.38
254873 -62.9747 27.21 -28.38
256973 -62.9747 27.21 -28.38
261219 -62.9747 27.21 -28.38
262985 -62.9747 27.21 -28.38
262221 -62.9747 27.21 -28.38
260814 -62.9747 27.21 -28.38
260379 -62.9747 27.21 -28.38
256726 -62.9747 27.21 -28.38
263644 -62.9747 27.21 -28.38
259922 -62.9747 27.21 -28.38
266319 -62.9747 27.21 -28.38
261867 -62.9747 27.21 -28.38
265980 -62.9747 27.21 -28.38
258825 -62.9747 27.21 -28.38
260854 -62.9747 27.21 -28.38
258564 -62.9747 27.21 -28.38
265479 -62.9747 27.21 -28.38
266211 -62.9747 27.21 -28.38
248775 -62.9747 27.21 -28.38
263817 -62.9747 27.21 -28.38
258401 -62.9747 27.21 -28.38
264465 -62.9747 27.21 -28.38
262060 -62.9747 27.21 -28.38
261396 -62.9747 27.21 -28.38
264577 -62.9747 27.21 -28.38
263713 -62.9747 27.21 -28.38
270449 -62.9747 27.21 -28.38
266849 -62.9747 27.21 -28.38
258402 -62.9747 27.21 -28.38
260559 -62.9747 27.21 -28.38
260537 -62.9747 27.21 -28.38
