#rtt sig_str x y
18331 -42.6464 3.24 -0.84
15675 -42.6464 3.24 -0.84
20050 -42.6464 3.24 -0.84
21370 -42.6464 3.24 -0.84
18864 -42.6464 3.24 -0.84
18321 -42.6464 3.24 -0.84
13787 -42.6464 3.24 -0.84
17162 -42.6464 3.24 -0.84
19323 -42.6464 3.24 -0.84
23102 -42.6464 3.24 -0.84
17639 -42.6464 3.24 -0.84
21313 -42.6464 3.24 -0.84
19552 -42.6464 3.24 -0.84
22095 -42.6464 3.24 -0.84
20737 -42.6464 3.24 -0.84
10219 -42.6464 3.24 -0.84
17432 -42.6464 3.24 -0.84
17770 -42.6464 3.24 -0.84
16391 -42.6464 3.24 -0.84
19533 -42.6464 3.24 -0.84
19881 -42.6464 3.24 -0.84
20762 -42.6464 3.24 -0.84
13576 -42.6464 3.24 -0.84
18896 -42.6464 3.24 -0.84
18329 -42.6464 3.24 -0.84
19438 -42.6464 3.24 -0.84
17715 -42.6464 3.24 -0.84
18013 -42.6464 3.24 -0.84
17856 -42.6464 3.24 -0.84
21293 -42.6464 3.24 -0.84
24011 -42.6464 3.24 -0.84
21148 -42.6464 3.24 -0.84
18967 -42.6464 3.24 -0.84
20543 -42.6464 3.24 -0.84
17771 -42.6464 3.24 -0.84
16518 -42.6464 3.24 -0.84
22035 -42.6464 3.24 -0.84
22380 -42.6464 3.24 -0.84
26704 -42.6464 3.24 -0.84
181978 -60.6303 -6.23 -28.93
199487 -60.6303 -6.23 -28.93
191288 -60.6303 -6.23 -28.93
190269 -60.6303 -6.23 -28.93
192896 -60.6303 -6.23 -28.93
189745 -60.6303 -6.23 -28.93
196003 -60.6303 -6.23 -28.93
189497 -60.6303 -6.23 -28.93
186820 -60.6303 -6.23 -28.93
190545 -60.6303 -6.23 -28.93
198499 -60.6303 -6.23 -28.93
195262 -60.6303 -6.23 -28.93
200117 -60.6303 -6.23 -28.93
192795 -60.6303 -6.23 -28.93
191512 -60.6303 -6.23 -28.93
191310 -60.6303 -6.23 -28.93
184036 -60.6303 -6.23 -28.93
201740 -60.6303 -6.23 -28.93
191797 -60.6303 -6.23 -28.93
196484 -60.6303 -6.23 -28.93
199899 -60.6303 -6.23 -28.93
198532 -60.6303 -6.23 -28.93
188522 -60.6303 -6.23 -28.93
183347 -60.6303 -6.23 -28.93
193328 -60.6303 -6.23 -28.93
197251 -60.6303 -6.23 -28.93
199989 -60.6303 -6.23 -28.93
193721 -60.6303 -6.23 -28.93
190367 -60.6303 -6.23 -28.93
197139 -60.6303 -6.23 -28.93
186476 -60.6303 -6.23 -28.93
192206 -60.6303 -6.23 -28.93
200662 -60.6303 -6.23 -28.93
194279 -60.6303 -6.23 -28.93
193461 -60.6303 -6.23 -28.93
181091 -60.6303 -6.23 -28.93
196826 -60.6303 -6.23 -28.93
201641 -60.6303 -6.23 -28.93
197454 -60.6303 -6.23 -28.93
244010 -62.5541 -27.12 -25.7
240817 -62.5541 -27.12 -25.7
242891 -62.5541 -27.12 -25.7
246483 -62.5541 -27.12 -25.7
243483 -62.5541 -27.12 -25.7
249593 -62.5541 -27.12 -25.7
240849 -62.5541 -27.12 -25.7
243530 -62.5541 -27.12 -25.7
257469 -62.5541 -27.12 -25.7
244677 -62.5541 -27.12 -25.7
236442 -62.5541 -27.12 -25.7
246583 -62.5541 -27.12 -25.7
238891 -62.5541 -27.12 -25.7
252839 -62.5541 -27.12 -25.7
250090 -62.5541 -27.12 -25.7
241745 -62.5541 -27.12 -25.7
245856 -62.5541 -27.12 -25.7
241300 -62.5541 -27.12 -25.7
251114 -62.5541 -27.12 -25.7
243802 -62.5541 -27.12 -25.7
247490 -62.5541 -27.12 -25.7
242681 -62.5541 -27.12 -25.7
239612 -62.5541 -27.12 -25.7
246387 -62.5541 -27.12 -25.7
244227 -62.5541 -27.12 -25.7
240360 -62.5541 -27.12 -25.7
239206 -62.5541 -27.12 -25.7
249970 -62.5541 -27.12 -25.7
252066 -62.5541 -27.12 -25.7
241820 -62.5541 -27.12 -25.7
249220 -62.5541 -27.12 -25.7
244406 -62.5541 -27.12 -25.7
232424 -62.5541 -27.12 -25.7
249795 -62.5541 -27.12 -25.7
237407 -62.5541 -27.12 -25.7
238678 -62.5541 -27.12 -25.7
240029 -62.5541 -27.12 -25.7
238697 -62.5541 -27.12 -25.7
235510 -62.5541 -27.12 -25.7
131356 -57.1337 1.54 19.31
133670 -57.1337 1.54 19.31
131729 -57.1337 1.54 19.31
134025 -57.1337 1.54 19.31
139270 -57.1337 1.54 19.31
137091 -57.1337 1.54 19.31
136468 -57.1337 1.54 19.31
135922 -57.1337 1.54 19.31
137140 -57.1337 1.54 19.31
135536 -57.1337 1.54 19.31
136281 -57.1337 1.54 19.31
136180 -57.1337 1.54 19.31
126236 -57.1337 1.54 19.31
136724 -57.1337 1.54 19.31
130011 -57.1337 1.54 19.31
129166 -57.1337 1.54 19.31
135307 -57.1337 1.54 19.31
138325 -57.1337 1.54 19.31
139606 -57.1337 1.54 19.31
138189 -57.1337 1.54 19.31
139051 -57.1337 1.54 19.31
132626 -57.1337 1.54 19.31
129972 -57.1337 1.54 19.31
135133 -57.1337 1.54 19.31
131986 -57.1337 1.54 19.31
130559 -57.1337 1.54 19.31
139282 -57.1337 1.54 19.31
137895 -57.1337 1.54 19.31
135340 -57.1337 1.54 19.31
135966 -57.1337 1.54 19.31
138433 -57.1337 1.54 19.31
134436 -57.1337 1.54 19.31
130615 -57.1337 1.54 19.31
138373 -57.1337 1.54 19.31
139293 -57.1337 1.54 19.31
134476 -57.1337 1.54 19.31
138332 -57.1337 1.54 19.31
137935 -57.1337 1.54 19.31
137018 -57.1337 1.54 19.31
171800 -59.4219 -20.82 14.83
163859 -59.4219 -20.82 14.83
166071 -59.4219 -20.82 14.83
172548 -59.4219 -20.82 14.83
177903 -59.4219 -20.82 14.83
164542 -59.4219 -20.82 14.83
172056 -59.4219 -20.82 14.83
173684 -59.4219 -20.82 14.83
170660 -59.4219 -20.82 14.83
165824 -59.4219 -20.82 14.83
171480 -59.4219 -20.82 14.83
181540 -59.4219 -20.82 14.83
162557 -59.4219 -20.82 14.83
170838 -59.4219 -20.82 14.83
168251 -59.4219 -20.82 14.83
178743 -59.4219 -20.82 14.83
166127 -59.4219 -20.82 14.83
171036 -59.4219 -20.82 14.83
175858 -59.4219 -20.82 14.83
165865 -59.4219 -20.82 14.83
174105 -59.4219 -20.82 14.83
171070 -59.4219 -20.82 14.83
170544 -59.4219 -20.82 14.83
164279 -59.4219 -20.82 14.83
163765 -59.4219 -20.82 14.83
168197 -59.4219 -20.82 14.83
171187 -59.4219 -20.82 14.83
174667 -59.4219 -20.82 14.83
167133 -59.4219 -20.82 14.83
174345 -59.4219 -20.82 14.83
173654 -59.4219 -20.82 14.83
169068 -59.4219 -20.82 14.83
170075 -59.4219 -20.82 14.83
176139 -59.4219 -20.82 14.83
171304 -59.4219 -20.82 14.83
172728 -59.4219 -20.82 14.83
181979 -59.4219 -20.82 14.83
167629 -59.4219 -20.82 14.83
166729 -59.4219 -20.82 14.83
108495 -56.1239 0 17.14
103453 -56.1239 0 17.14
101455 -56.1239 0 17.14
105543 -56.1239 0 17.14
104622 -56.1239 0 17.14
107239 -56.1239 0 17.14
109561 -56.1239 0 17.14
111193 -56.1239 0 17.14
109333 -56.1239 0 17.14
104206 -56.1239 0 17.14
107083 -56.1239 0 17.14
102956 -56.1239 0 17.14
97993 -56.1239 0 17.14
102586 -56.1239 0 17.14
108894 -56.1239 0 17.14
103277 -56.1239 0 17.14
104373 -56.1239 0 17.14
102610 -56.1239 0 17.14
106368 -56.1239 0 17.14
98475 -56.1239 0 17.14
105484 -56.1239 0 17.14
102119 -56.1239 0 17.14
103515 -56.1239 0 17.14
102784 -56.1239 0 17.14
102499 -56.1239 0 17.14
97362 -56.1239 0 17.14
100331 -56.1239 0 17.14
104026 -56.1239 0 17.14
106022 -56.1239 0 17.14
102351 -56.1239 0 17.14
103771 -56.1239 0 17.14
103771 -56.1239 0 17.14
104183 -56.1239 0 17.14
103031 -56.1239 0 17.14
105461 -56.1239 0 17.14
96925 -56.1239 0 17.14
106917 -56.1239 0 17.14
104113 -56.1239 0 17.14
101289 -56.1239 0 17.14
137014 -57.6884 -14.64 14.66
132466 -57.6884 -14.64 14.66
130524 -57.6884 -14.64 14.66
138636 -57.6884 -14.64 14.66
138259 -57.6884 -14.64 14.66
138222 -57.6884 -14.64 14.66
131874 -57.6884 -14.64 14.66
138409 -57.6884 -14.64 14.66
140660 -57.6884 -14.64 14.66
138284 -57.6884 -14.64 14.66
142448 -57.6884 -14.64 14.66
137285 -57.6884 -14.64 14.66
136485 -57.6884 -14.64 14.66
136581 -57.6884 -14.64 14.66
137514 -57.6884 -14.64 14.66
137819 -57.6884 -14.64 14.66
140288 -57.6884 -14.64 14.66
138956 -57.6884 -14.64 14.66
137567 -57.6884 -14.64 14.66
139398 -57.6884 -14.64 14.66
134071 -57.6884 -14.64 14.66
130816 -57.6884 -14.64 14.66
134335 -57.6884 -14.64 14.66
134953 -57.6884 -14.64 14.66
142878 -57.6884 -14.64 14.66
131921 -57.6884 -14.64 14.66
142144 -57.6884 -14.64 14.66
134102 -57.6884 -14.64 14.66
137702 -57.6884 -14.64 14.66
135442 -57.6884 -14.64 14.66
140456 -57.6884 -14.64 14.66
136779 -57.6884 -14.64 14.66
141440 -57.6884 -14.64 14.66
138264 -57.6884 -14.64 14.66
138649 -57.6884 -14.64 14.66
140354 -57.6884 -14.64 14.66
132409 -57.6884 -14.64 14.66
131030 -57.6884 -14.64 14.66
140705 -57.6884 -14.64 14.66
102197 -54.8733 2.59 14.5
98262 -54.8733 2.59 14.5
100116 -54.8733 2.59 14.5
97167 -54.8733 2.59 14.5
89117 -54.8733 2.59 14.5
99310 -54.8733 2.59 14.5
97477 -54.8733 2.59 14.5
99727 -54.8733 2.59 14.5
100971 -54.8733 2.59 14.5
98569 -54.8733 2.59 14.5
94217 -54.8733 2.59 14.5
104322 -54.8733 2.59 14.5
104328 -54.8733 2.59 14.5
97224 -54.8733 2.59 14.5
89874 -54.8733 2.59 14.5
94837 -54.8733 2.59 14.5
108745 -54.8733 2.59 14.5
99779 -54.8733 2.59 14.5
100647 -54.8733 2.59 14.5
106484 -54.8733 2.59 14.5
100296 -54.8733 2.59 14.5
99242 -54.8733 2.59 14.5
95013 -54.8733 2.59 14.5
90439 -54.8733 2.59 14.5
103679 -54.8733 2.59 14.5
99308 -54.8733 2.59 14.5
93917 -54.8733 2.59 14.5
101091 -54.8733 2.59 14.5
97549 -54.8733 2.59 14.5
96306 -54.8733 2.59 14.5
103646 -54.8733 2.59 14.5
104354 -54.8733 2.59 14.5
102309 -54.8733 2.59 14.5
98550 -54.8733 2.59 14.5
98689 -54.8733 2.59 14.5
106896 -54.8733 2.59 14.5
101154 -54.8733 2.59 14.5
96937 -54.8733 2.59 14.5
99490 -54.8733 2.59 14.5
164014 -58.9852 2.9 24.07
151813 -58.9852 2.9 24.07
158912 -58.9852 2.9 24.07
154802 -58.9852 2.9 24.07
165810 -58.9852 2.9 24.07
161025 -58.9852 2.9 24.07
160009 -58.9852 2.9 24.07
162438 -58.9852 2.9 24.07
151571 -58.9852 2.9 24.07
158504 -58.9852 2.9 24.07
154016 -58.9852 2.9 24.07
162207 -58.9852 2.9 24.07
151463 -58.9852 2.9 24.07
161285 -58.9852 2.9 24.07
157724 -58.9852 2.9 24.07
157382 -58.9852 2.9 24.07
157636 -58.9852 2.9 24.07
157134 -58.9852 2.9 24.07
154533 -58.9852 2.9 24.07
158157 -58.9852 2.9 24.07
161074 -58.9852 2.9 24.07
160454 -58.9852 2.9 24.07
157025 -58.9852 2.9 24.07
155216 -58.9852 2.9 24.07
161673 -58.9852 2.9 24.07
161185 -58.9852 2.9 24.07
165679 -58.9852 2.9 24.07
158056 -58.9852 2.9 24.07
162410 -58.9852 2.9 24.07
158049 -58.9852 2.9 24.07
155989 -58.9852 2.9 24.07
154113 -58.9852 2.9 24.07
160995 -58.9852 2.9 24.07
160356 -58.9852 2.9 24.07
158674 -58.9852 2.9 24.07
157207 -58.9852 2.9 24.07
163760 -58.9852 2.9 24.07
149606 -58.9852 2.9 24.07
164357 -58.9852 2.9 24.07
165403 -59.3064 -16.46 -19.09
159386 -59.3064 -16.46 -19.09
167569 -59.3064 -16.46 -19.09
167704 -59.3064 -16.46 -19.09
168876 -59.3064 -16.46 -19.09
160287 -59.3064 -16.46 -19.09
163263 -59.3064 -16.46 -19.09
163362 -59.3064 -16.46 -19.09
164532 -59.3064 -16.46 -19.09
166124 -59.3064 -16.46 -19.09
157975 -59.3064 -16.46 -19.09
164938 -59.3064 -16.46 -19.09
163033 -59.3064 -16.46 -19.09
163234 -59.3064 -16.46 -19.09
165685 -59.3064 -16.46 -19.09
170547 -59.3064 -16.46 -19.09
172271 -59.3064 -16.46 -19.09
165506 -59.3064 -16.46 -19.09
160823 -59.3064 -16.46 -19.09
164758 -59.3064 -16.46 -19.09
167196 -59.3064 -16.46 -19.09
164024 -59.3064 -16.46 -19.09
162216 -59.3064 -16.46 -19.09
168452 -59.3064 -16.46 -19.09
166094 -59.3064 -16.46 -19.09
165822 -59.3064 -16.46 -19.09
166999 -59.3064 -16.46 -19.09
162289 -59.3064 -16.46 -19.09
168449 -59.3064 -16.46 -19.09
160814 -59.3064 -16.46 -19.09
165151 -59.3064 -16.46 -19.09
161563 -59.3064 -16.46 -19.09
165827 -59.3064 -16.46 -19.09
170297 -59.3064 -16.46 -19.09
166227 -59.3064 -16.46 -19.09
158924 -59.3064 -16.46 -19.09
170353 -59.3064 -16.46 -19.09
166147 -59.3064 -16.46 -19.09
165384 -59.3064 -16.46 -19.09
