#rtt sig_str x y
119669 -56.4644 -7.26 16.32
113518 -56.4644 -7.26 16.32
114032 -56.4644 -7.26 16.32
119542 -56.4644 -7.26 16.32
118471 -56.4644 -7.26 16.32
122041 -56.4644 -7.26 16.32
118714 -56.4644 -7.26 16.32
118923 -56.4644 -7.26 16.32
116937 -56.4644 -7.26 16.32
114526 -56.4644 -7.26 16.32
115766 -56.4644 -7.26 16.32
113950 -56.4644 -7.26 16.32
114264 -56.4644 -7.26 16.32
122492 -56.4644 -7.26 16.32
122783 -56.4644 -7.26 16.32
114725 -56.4644 -7.26 16.32
114453 -56.4644 -7.26 16.32
110423 -56.4644 -7.26 16.32
111785 -56.4644 -7.26 16.32
118596 -56.4644 -7.26 16.32
116759 -56.4644 -7.26 16.32
118620 -56.4644 -7.26 16.32
114882 -56.4644 -7.26 16.32
117828 -56.4644 -7.26 16.32
119807 -56.4644 -7.26 16.32
116470 -56.4644 -7.26 16.32
115223 -56.4644 -7.26 16.32
114920 -56.4644 -7.26 16.32
118185 -56.4644 -7.26 16.32
123718 -56.4644 -7.26 16.32
121666 -56.4644 -7.26 16.32
113567 -56.4644 -7.26 16.32
108901 -56.4644 -7.26 16.32
115448 -56.4644 -7.26 16.32
117341 -56.4644 -7.26 16.32
118473 -56.4644 -7.26 16.32
123525 -56.4644 -7.26 16.32
110490 -56.4644 -7.26 16.32
115237 -56.4644 -7.26 16.32
35763 -46.1061 4.03 3.11
37201 -46.1061 4.03 3.11
37959 -46.1061 4.03 3.11
33029 -46.1061 4.03 3.11
34985 -46.1061 4.03 3.11
31340 -46.1061 4.03 3.11
38578 -46.1061 4.03 3.11
39769 -46.1061 4.03 3.11
26089 -46.1061 4.03 3.11
36158 -46.1061 4.03 3.11
35539 -46.1061 4.03 3.11
30052 -46.1061 4.03 3.11
34570 -46.1061 4.03 3.11
33237 -46.1061 4.03 3.11
37763 -46.1061 4.03 3.11
31301 -46.1061 4.03 3.11
34148 -46.1061 4.03 3.11
36278 -46.1061 4.03 3.11
26709 -46.1061 4.03 3.11
33464 -46.1061 4.03 3.11
32579 -46.1061 4.03 3.11
27117 -46.1061 4.03 3.11
31333 -46.1061 4.03 3.11
31416 -46.1061 4.03 3.11
34356 -46.1061 4.03 3.11
34978 -46.1061 4.03 3.11
33129 -46.1061 4.03 3.11
29179 -46.1061 4.03 3.11
34456 -46.1061 4.03 3.11
36594 -46.1061 4.03 3.11
28896 -46.1061 4.03 3.11
31941 -46.1061 4.03 3.11
33221 -46.1061 4.03 3.11
30547 -46.1061 4.03 3.11
30595 -46.1061 4.03 3.11
34984 -46.1061 4.03 3.11
34453 -46.1061 4.03 3.11
26563 -46.1061 4.03 3.11
28790 -46.1061 4.03 3.11
148690 -58.3708 5.74 21.76
147598 -58.3708 5.74 21.76
150029 -58.3708 5.74 21.76
153357 -58.3708 5.74 21.76
148556 -58.3708 5.74 21.76
142557 -58.3708 5.74 21.76
146775 -58.3708 5.74 21.76
148394 -58.3708 5.74 21.76
150229 -58.3708 5.74 21.76
148405 -58.3708 5.74 21.76
146698 -58.3708 5.74 21.76
147163 -58.3708 5.74 21.76
149601 -58.3708 5.74 21.76
144263 -58.3708 5.74 21.76
150500 -58.3708 5.74 21.76
146574 -58.3708 5.74 21.76
154233 -58.3708 5.74 21.76
146533 -58.3708 5.74 21.76
145561 -58.3708 5.74 21.76
147567 -58.3708 5.74 21.76
148328 -58.3708 5.74 21.76
145255 -58.3708 5.74 21.76
153588 -58.3708 5.74 21.76
147923 -58.3708 5.74 21.76
152787 -58.3708 5.74 21.76
149337 -58.3708 5.74 21.76
150807 -58.3708 5.74 21.76
144268 -58.3708 5.74 21.76
150863 -58.3708 5.74 21.76
152893 -58.3708 5.74 21.76
150678 -58.3708 5.74 21.76
140853 -58.3708 5.74 21.76
143137 -58.3708 5.74 21.76
148616 -58.3708 5.74 21.76
151116 -58.3708 5.74 21.76
155246 -58.3708 5.74 21.76
148736 -58.3708 5.74 21.76
144997 -58.3708 5.74 21.76
149701 -58.3708 5.74 21.76
77519 -52.4061 -3.01 -10.5
70813 -52.4061 -3.01 -10.5
62910 -52.4061 -3.01 -10.5
67917 -52.4061 -3.01 -10.5
65802 -52.4061 -3.01 -10.5
71886 -52.4061 -3.01 -10.5
72281 -52.4061 -3.01 -10.5
73201 -52.4061 -3.01 -10.5
68214 -52.4061 -3.01 -10.5
76863 -52.4061 -3.01 -10.5
70803 -52.4061 -3.01 -10.5
74375 -52.4061 -3.01 -10.5
68842 -52.4061 -3.01 -10.5
72054 -52.4061 -3.01 -10.5
71389 -52.4061 -3.01 -10.5
72162 -52.4061 -3.01 -10.5
70822 -52.4061 -3.01 -10.5
76767 -52.4061 -3.01 -10.5
75868 -52.4061 -3.01 -10.5
74184 -52.4061 -3.01 -10.5
72065 -52.4061 -3.01 -10.5
69369 -52.4061 -3.01 -10.5
66995 -52.4061 -3.01 -10.5
79433 -52.4061 -3.01 -10.5
71608 -52.4061 -3.01 -10.5
70375 -52.4061 -3.01 -10.5
68304 -52.4061 -3.01 -10.5
68903 -52.4061 -3.01 -10.5
68387 -52.4061 -3.01 -10.5
70275 -52.4061 -3.01 -10.5
76505 -52.4061 -3.01 -10.5
63757 -52.4061 -3.01 -10.5
77612 -52.4061 -3.01 -10.5
61506 -52.4061 -3.01 -10.5
73750 -52.4061 -3.01 -10.5
75816 -52.4061 -3.01 -10.5
76007 -52.4061 -3.01 -10.5
73060 -52.4061 -3.01 -10.5
65606 -52.4061 -3.01 -10.5
44061 -49.1872 -2.58 6.93
49858 -49.1872 -2.58 6.93
45688 -49.1872 -2.58 6.93
50446 -49.1872 -2.58 6.93
45673 -49.1872 -2.58 6.93
46467 -49.1872 -2.58 6.93
48448 -49.1872 -2.58 6.93
49638 -49.1872 -2.58 6.93
47003 -49.1872 -2.58 6.93
47403 -49.1872 -2.58 6.93
50173 -49.1872 -2.58 6.93
51769 -49.1872 -2.58 6.93
42955 -49.1872 -2.58 6.93
45526 -49.1872 -2.58 6.93
44934 -49.1872 -2.58 6.93
59325 -49.1872 -2.58 6.93
55777 -49.1872 -2.58 6.93
59452 -49.1872 -2.58 6.93
55803 -49.1872 -2.58 6.93
48717 -49.1872 -2.58 6.93
49247 -49.1872 -2.58 6.93
40204 -49.1872 -2.58 6.93
52621 -49.1872 -2.58 6.93
50270 -49.1872 -2.58 6.93
47319 -49.1872 -2.58 6.93
55980 -49.1872 -2.58 6.93
45567 -49.1872 -2.58 6.93
45296 -49.1872 -2.58 6.93
52313 -49.1872 -2.58 6.93
45203 -49.1872 -2.58 6.93
46253 -49.1872 -2.58 6.93
46882 -49.1872 -2.58 6.93
43086 -49.1872 -2.58 6.93
52821 -49.1872 -2.58 6.93
47211 -49.1872 -2.58 6.93
50301 -49.1872 -2.58 6.93
51733 -49.1872 -2.58 6.93
50549 -49.1872 -2.58 6.93
46732 -49.1872 -2.58 6.93
156873 -59.0992 -11.3 21.83
155031 -59.0992 -11.3 21.83
164045 -59.0992 -11.3 21.83
156608 -59.0992 -11.3 21.83
146228 -59.0992 -11.3 21.83
156030 -59.0992 -11.3 21.83
154350 -59.0992 -11.3 21.83
156502 -59.0992 -11.3 21.83
152384 -59.0992 -11.3 21.83
149045 -59.0992 -11.3 21.83
148412 -59.0992 -11.3 21.83
154421 -59.0992 -11.3 21.83
155271 -59.0992 -11.3 21.83
156574 -59.0992 -11.3 21.83
154694 -59.0992 -11.3 21.83
154142 -59.0992 -11.3 21.83
155593 -59.0992 -11.3 21.83
152655 -59.0992 -11.3 21.83
158258 -59.0992 -11.3 21.83
150362 -59.0992 -11.3 21.83
155455 -59.0992 -11.3 21.83
154766 -59.0992 -11.3 21.83
151674 -59.0992 -11.3 21.83
162187 -59.0992 -11.3 21.83
155886 -59.0992 -11.3 21.83
152594 -59.0992 -11.3 21.83
154225 -59.0992 -11.3 21.83
155969 -59.0992 -11.3 21.83
151709 -59.0992 -11.3 21.83
158446 -59.0992 -11.3 21.83
156789 -59.0992 -11.3 21.83
148772 -59.0992 -11.3 21.83
152096 -59.0992 -11.3 21.83
156364 -59.0992 -11.3 21.83
149832 -59.0992 -11.3 21.83
145413 -59.0992 -11.3 21.83
158778 -59.0992 -11.3 21.83
166547 -59.0992 -11.3 21.83
156470 -59.0992 -11.3 21.83
114075 -56.1514 -11.2 13.05
111334 -56.1514 -11.2 13.05
116530 -56.1514 -11.2 13.05
117624 -56.1514 -11.2 13.05
120646 -56.1514 -11.2 13.05
124420 -56.1514 -11.2 13.05
108462 -56.1514 -11.2 13.05
114660 -56.1514 -11.2 13.05
113858 -56.1514 -11.2 13.05
117289 -56.1514 -11.2 13.05
121762 -56.1514 -11.2 13.05
119300 -56.1514 -11.2 13.05
120504 -56.1514 -11.2 13.05
112779 -56.1514 -11.2 13.05
113625 -56.1514 -11.2 13.05
123154 -56.1514 -11.2 13.05
114867 -56.1514 -11.2 13.05
114436 -56.1514 -11.2 13.05
116171 -56.1514 -11.2 13.05
114521 -56.1514 -11.2 13.05
117945 -56.1514 -11.2 13.05
112302 -56.1514 -11.2 13.05
117502 -56.1514 -11.2 13.05
113019 -56.1514 -11.2 13.05
121511 -56.1514 -11.2 13.05
116314 -56.1514 -11.2 13.05
115738 -56.1514 -11.2 13.05
125015 -56.1514 -11.2 13.05
120022 -56.1514 -11.2 13.05
118513 -56.1514 -11.2 13.05
120026 -56.1514 -11.2 13.05
124057 -56.1514 -11.2 13.05
116693 -56.1514 -11.2 13.05
116330 -56.1514 -11.2 13.05
110331 -56.1514 -11.2 13.05
120487 -56.1514 -11.2 13.05
118650 -56.1514 -11.2 13.05
114332 -56.1514 -11.2 13.05
122147 -56.1514 -11.2 13.05
201525 -60.4226 -12.31 26.1
202689 -60.4226 -12.31 26.1
201025 -60.4226 -12.31 26.1
197804 -60.4226 -12.31 26.1
205249 -60.4226 -12.31 26.1
194925 -60.4226 -12.31 26.1
207445 -60.4226 -12.31 26.1
200524 -60.4226 -12.31 26.1
207532 -60.4226 -12.31 26.1
202374 -60.4226 -12.31 26.1
196973 -60.4226 -12.31 26.1
196206 -60.4226 -12.31 26.1
202486 -60.4226 -12.31 26.1
201058 -60.4226 -12.31 26.1
205591 -60.4226 -12.31 26.1
202295 -60.4226 -12.31 26.1
202408 -60.4226 -12.31 26.1
194847 -60.4226 -12.31 26.1
198778 -60.4226 -12.31 26.1
200186 -60.4226 -12.31 26.1
192380 -60.4226 -12.31 26.1
201152 -60.4226 -12.31 26.1
204277 -60.4226 -12.31 26.1
201073 -60.4226 -12.31 26.1
203354 -60.4226 -12.31 26.1
207566 -60.4226 -12.31 26.1
201758 -60.4226 -12.31 26.1
203776 -60.4226 -12.31 26.1
200937 -60.4226 -12.31 26.1
199888 -60.4226 -12.31 26.1
197118 -60.4226 -12.31 26.1
199344 -60.4226 -12.31 26.1
190292 -60.4226 -12.31 26.1
199318 -60.4226 -12.31 26.1
197394 -60.4226 -12.31 26.1
195033 -60.4226 -12.31 26.1
199806 -60.4226 -12.31 26.1
195586 -60.4226 -12.31 26.1
195626 -60.4226 -12.31 26.1
130914 -57.3996 1.85 19.92
135995 -57.3996 1.85 19.92
134090 -57.3996 1.85 19.92
136903 -57.3996 1.85 19.92
126759 -57.3996 1.85 19.92
131143 -57.3996 1.85 19.92
135301 -57.3996 1.85 19.92
130702 -57.3996 1.85 19.92
130142 -57.3996 1.85 19.92
129946 -57.3996 1.85 19.92
131423 -57.3996 1.85 19.92
128864 -57.3996 1.85 19.92
134828 -57.3996 1.85 19.92
131746 -57.3996 1.85 19.92
131277 -57.3996 1.85 19.92
127904 -57.3996 1.85 19.92
133439 -57.3996 1.85 19.92
134279 -57.3996 1.85 19.92
129386 -57.3996 1.85 19.92
132881 -57.3996 1.85 19.92
133804 -57.3996 1.85 19.92
133926 -57.3996 1.85 19.92
130462 -57.3996 1.85 19.92
134146 -57.3996 1.85 19.92
136460 -57.3996 1.85 19.92
137268 -57.3996 1.85 19.92
128346 -57.3996 1.85 19.92
132999 -57.3996 1.85 19.92
132228 -57.3996 1.85 19.92
128859 -57.3996 1.85 19.92
135847 -57.3996 1.85 19.92
123523 -57.3996 1.85 19.92
131775 -57.3996 1.85 19.92
131766 -57.3996 1.85 19.92
134933 -57.3996 1.85 19.92
130717 -57.3996 1.85 19.92
131459 -57.3996 1.85 19.92
130607 -57.3996 1.85 19.92
135122 -57.3996 1.85 19.92
42484 -47.965 -6.23 1.36
47021 -47.965 -6.23 1.36
45488 -47.965 -6.23 1.36
45218 -47.965 -6.23 1.36
40449 -47.965 -6.23 1.36
43220 -47.965 -6.23 1.36
44532 -47.965 -6.23 1.36
44120 -47.965 -6.23 1.36
38942 -47.965 -6.23 1.36
39007 -47.965 -6.23 1.36
41045 -47.965 -6.23 1.36
46651 -47.965 -6.23 1.36
47238 -47.965 -6.23 1.36
43900 -47.965 -6.23 1.36
44250 -47.965 -6.23 1.36
39133 -47.965 -6.23 1.36
45125 -47.965 -6.23 1.36
46745 -47.965 -6.23 1.36
41178 -47.965 -6.23 1.36
38344 -47.965 -6.23 1.36
46099 -47.965 -6.23 1.36
38727 -47.965 -6.23 1.36
48672 -47.965 -6.23 1.36
42656 -47.965 -6.23 1.36
45503 -47.965 -6.23 1.36
49766 -47.965 -6.23 1.36
39921 -47.965 -6.23 1.36
37370 -47.965 -6.23 1.36
45892 -47.965 -6.23 1.36
42517 -47.965 -6.23 1.36
43499 -47.965 -6.23 1.36
43519 -47.965 -6.23 1.36
38196 -47.965 -6.23 1.36
45122 -47.965 -6.23 1.36
42391 -47.965 -6.23 1.36
46823 -47.965 -6.23 1.36
45632 -47.965 -6.23 1.36
45875 -47.965 -6.23 1.36
40559 -47.965 -6.23 1.36
