#rtt sig_str x y
179872 -60.1314 -16.88 22.16
187878 -60.1314 -16.88 22.16
178377 -60.1314 -16.88 22.16
178694 -60.1314 -16.88 22.16
180483 -60.1314 -16.88 22.16
180633 -60.1314 -16.88 22.16
180069 -60.1314 -16.88 22.16
186653 -60.1314 -16.88 22.16
189024 -60.1314 -16.88 22.16
178638 -60.1314 -16.88 22.16
191067 -60.1314 -16.88 22.16
177637 -60.1314 -16.88 22.16
182262 -60.1314 -16.88 22.16
186820 -60.1314 -16.88 22.16
188660 -60.1314 -16.88 22.16
178084 -60.1314 -16.88 22.16
191547 -60.1314 -16.88 22.16
187222 -60.1314 -16.88 22.16
182336 -60.1314 -16.88 22.16
175327 -60.1314 -16.88 22.16
178307 -60.1314 -16.88 22.16
180398 -60.1314 -16.88 22.16
183404 -60.1314 -16.88 22.16
179747 -60.1314 -16.88 22.16
176210 -60.1314 -16.88 22.16
184583 -60.1314 -16.88 22.16
177523 -60.1314 -16.88 22.16
187202 -60.1314 -16.88 22.16
190959 -60.1314 -16.88 22.16
179169 -60.1314 -16.88 22.16
181504 -60.1314 -16.88 22.16
184633 -60.1314 -16.88 22.16
175577 -60.1314 -16.88 22.16
182480 -60.1314 -16.88 22.16
188697 -60.1314 -16.88 22.16
181329 -60.1314 -16.88 22.16
183150 -60.1314 -16.88 22.16
187557 -60.1314 -16.88 22.16
183319 -60.1314 -16.88 22.16
203605 -60.6892 -28.12 9.88
193335 -60.6892 -28.12 9.88
194633 -60.6892 -28.12 9.88
185327 -60.6892 -28.12 9.88
194976 -60.6892 -28.12 9.88
192873 -60.6892 -28.12 9.88
199050 -60.6892 -28.12 9.88
195663 -60.6892 -28.12 9.88
197818 -60.6892 -28.12 9.88
199342 -60.6892 -28.12 9.88
194999 -60.6892 -28.12 9.88
195893 -60.6892 -28.12 9.88
194813 -60.6892 -28.12 9.88
198039 -60.6892 -28.12 9.88
194475 -60.6892 -28.12 9.88
187040 -60.6892 -28.12 9.88
199583 -60.6892 -28.12 9.88
183748 -60.6892 -28.12 9.88
196546 -60.6892 -28.12 9.88
194368 -60.6892 -28.12 9.88
200739 -60.6892 -28.12 9.88
186262 -60.6892 -28.12 9.88
196040 -60.6892 -28.12 9.88
192565 -60.6892 -28.12 9.88
189008 -60.6892 -28.12 9.88
194994 -60.6892 -28.12 9.88
193450 -60.6892 -28.12 9.88
194710 -60.6892 -28.12 9.88
199038 -60.6892 -28.12 9.88
196448 -60.6892 -28.12 9.88
193084 -60.6892 -28.12 9.88
195859 -60.6892 -28.12 9.88
194183 -60.6892 -28.12 9.88
193704 -60.6892 -28.12 9.88
192723 -60.6892 -28.12 9.88
194415 -60.6892 -28.12 9.88
195167 -60.6892 -28.12 9.88
199171 -60.6892 -28.12 9.88
196592 -60.6892 -28.12 9.88
108654 -54.9039 -12.77 -7.45
106844 -54.9039 -12.77 -7.45
109270 -54.9039 -12.77 -7.45
108508 -54.9039 -12.77 -7.45
100560 -54.9039 -12.77 -7.45
108200 -54.9039 -12.77 -7.45
106898 -54.9039 -12.77 -7.45
106238 -54.9039 -12.77 -7.45
111125 -54.9039 -12.77 -7.45
104741 -54.9039 -12.77 -7.45
105809 -54.9039 -12.77 -7.45
105364 -54.9039 -12.77 -7.45
108228 -54.9039 -12.77 -7.45
105227 -54.9039 -12.77 -7.45
107581 -54.9039 -12.77 -7.45
108376 -54.9039 -12.77 -7.45
107688 -54.9039 -12.77 -7.45
105114 -54.9039 -12.77 -7.45
100922 -54.9039 -12.77 -7.45
96933 -54.9039 -12.77 -7.45
101111 -54.9039 -12.77 -7.45
106153 -54.9039 -12.77 -7.45
108513 -54.9039 -12.77 -7.45
109678 -54.9039 -12.77 -7.45
110146 -54.9039 -12.77 -7.45
98326 -54.9039 -12.77 -7.45
106776 -54.9039 -12.77 -7.45
112028 -54.9039 -12.77 -7.45
111210 -54.9039 -12.77 -7.45
110192 -54.9039 -12.77 -7.45
102451 -54.9039 -12.77 -7.45
110460 -54.9039 -12.77 -7.45
110367 -54.9039 -12.77 -7.45
100912 -54.9039 -12.77 -7.45
103947 -54.9039 -12.77 -7.45
110067 -54.9039 -12.77 -7.45
103273 -54.9039 -12.77 -7.45
106279 -54.9039 -12.77 -7.45
107469 -54.9039 -12.77 -7.45
141937 -57.4867 -19.64 -4.8
138412 -57.4867 -19.64 -4.8
141159 -57.4867 -19.64 -4.8
138219 -57.4867 -19.64 -4.8
149172 -57.4867 -19.64 -4.8
141637 -57.4867 -19.64 -4.8
141984 -57.4867 -19.64 -4.8
141817 -57.4867 -19.64 -4.8
141191 -57.4867 -19.64 -4.8
141565 -57.4867 -19.64 -4.8
141870 -57.4867 -19.64 -4.8
141848 -57.4867 -19.64 -4.8
141660 -57.4867 -19.64 -4.8
138892 -57.4867 -19.64 -4.8
133941 -57.4867 -19.64 -4.8
143093 -57.4867 -19.64 -4.8
143409 -57.4867 -19.64 -4.8
138043 -57.4867 -19.64 -4.8
145531 -57.4867 -19.64 -4.8
141621 -57.4867 -19.64 -4.8
141320 -57.4867 -19.64 -4.8
147655 -57.4867 -19.64 -4.8
140549 -57.4867 -19.64 -4.8
134445 -57.4867 -19.64 -4.8
137252 -57.4867 -19.64 -4.8
138999 -57.4867 -19.64 -4.8
145066 -57.4867 -19.64 -4.8
145154 -57.4867 -19.64 -4.8
144129 -57.4867 -19.64 -4.8
147831 -57.4867 -19.64 -4.8
147201 -57.4867 -19.64 -4.8
146957 -57.4867 -19.64 -4.8
144994 -57.4867 -19.64 -4.8
142589 -57.4867 -19.64 -4.8
151090 -57.4867 -19.64 -4.8
136110 -57.4867 -19.64 -4.8
136025 -57.4867 -19.64 -4.8
142894 -57.4867 -19.64 -4.8
145540 -57.4867 -19.64 -4.8
89560 -53.54 -11.8 4.22
85029 -53.54 -11.8 4.22
78898 -53.54 -11.8 4.22
85412 -53.54 -11.8 4.22
81854 -53.54 -11.8 4.22
89139 -53.54 -11.8 4.22
88131 -53.54 -11.8 4.22
90955 -53.54 -11.8 4.22
93191 -53.54 -11.8 4.22
90528 -53.54 -11.8 4.22
86730 -53.54 -11.8 4.22
90525 -53.54 -11.8 4.22
92304 -53.54 -11.8 4.22
88158 -53.54 -11.8 4.22
84096 -53.54 -11.8 4.22
88402 -53.54 -11.8 4.22
93208 -53.54 -11.8 4.22
83152 -53.54 -11.8 4.22
90301 -53.54 -11.8 4.22
90238 -53.54 -11.8 4.22
84827 -53.54 -11.8 4.22
88898 -53.54 -11.8 4.22
87996 -53.54 -11.8 4.22
90005 -53.54 -11.8 4.22
96025 -53.54 -11.8 4.22
88482 -53.54 -11.8 4.22
92892 -53.54 -11.8 4.22
90580 -53.54 -11.8 4.22
89723 -53.54 -11.8 4.22
88707 -53.54 -11.8 4.22
86374 -53.54 -11.8 4.22
87707 -53.54 -11.8 4.22
83684 -53.54 -11.8 4.22
86412 -53.54 -11.8 4.22
84651 -53.54 -11.8 4.22
91765 -53.54 -11.8 4.22
84988 -53.54 -11.8 4.22
90495 -53.54 -11.8 4.22
88167 -53.54 -11.8 4.22
151078 -58.1653 -20.23 8.52
154290 -58.1653 -20.23 8.52
149633 -58.1653 -20.23 8.52
154976 -58.1653 -20.23 8.52
154529 -58.1653 -20.23 8.52
155208 -58.1653 -20.23 8.52
153242 -58.1653 -20.23 8.52
150274 -58.1653 -20.23 8.52
157260 -58.1653 -20.23 8.52
152877 -58.1653 -20.23 8.52
148314 -58.1653 -20.23 8.52
159213 -58.1653 -20.23 8.52
160549 -58.1653 -20.23 8.52
148699 -58.1653 -20.23 8.52
157653 -58.1653 -20.23 8.52
155729 -58.1653 -20.23 8.52
151983 -58.1653 -20.23 8.52
150063 -58.1653 -20.23 8.52
149311 -58.1653 -20.23 8.52
146999 -58.1653 -20.23 8.52
150366 -58.1653 -20.23 8.52
156100 -58.1653 -20.23 8.52
155733 -58.1653 -20.23 8.52
142684 -58.1653 -20.23 8.52
161903 -58.1653 -20.23 8.52
146195 -58.1653 -20.23 8.52
158376 -58.1653 -20.23 8.52
155806 -58.1653 -20.23 8.52
155083 -58.1653 -20.23 8.52
150045 -58.1653 -20.23 8.52
152102 -58.1653 -20.23 8.52
149427 -58.1653 -20.23 8.52
154205 -58.1653 -20.23 8.52
151408 -58.1653 -20.23 8.52
149863 -58.1653 -20.23 8.52
150654 -58.1653 -20.23 8.52
148831 -58.1653 -20.23 8.52
146980 -58.1653 -20.23 8.52
159365 -58.1653 -20.23 8.52
165229 -59.5267 11.96 -22.96
162755 -59.5267 11.96 -22.96
177152 -59.5267 11.96 -22.96
170266 -59.5267 11.96 -22.96
169050 -59.5267 11.96 -22.96
167190 -59.5267 11.96 -22.96
168427 -59.5267 11.96 -22.96
172729 -59.5267 11.96 -22.96
164042 -59.5267 11.96 -22.96
165835 -59.5267 11.96 -22.96
168005 -59.5267 11.96 -22.96
164351 -59.5267 11.96 -22.96
174384 -59.5267 11.96 -22.96
159582 -59.5267 11.96 -22.96
170424 -59.5267 11.96 -22.96
166677 -59.5267 11.96 -22.96
170577 -59.5267 11.96 -22.96
167811 -59.5267 11.96 -22.96
165188 -59.5267 11.96 -22.96
165791 -59.5267 11.96 -22.96
168294 -59.5267 11.96 -22.96
164899 -59.5267 11.96 -22.96
168455 -59.5267 11.96 -22.96
169843 -59.5267 11.96 -22.96
170114 -59.5267 11.96 -22.96
165870 -59.5267 11.96 -22.96
173665 -59.5267 11.96 -22.96
166457 -59.5267 11.96 -22.96
166183 -59.5267 11.96 -22.96
169673 -59.5267 11.96 -22.96
170473 -59.5267 11.96 -22.96
163540 -59.5267 11.96 -22.96
160100 -59.5267 11.96 -22.96
165180 -59.5267 11.96 -22.96
160545 -59.5267 11.96 -22.96
162576 -59.5267 11.96 -22.96
167833 -59.5267 11.96 -22.96
167931 -59.5267 11.96 -22.96
171058 -59.5267 11.96 -22.96
206160 -61.208 16.29 27.24
214619 -61.208 16.29 27.24
211860 -61.208 16.29 27.24
207528 -61.208 16.29 27.24
209514 -61.208 16.29 27.24
209625 -61.208 16.29 27.24
205470 -61.208 16.29 27.24
202251 -61.208 16.29 27.24
211505 -61.208 16.29 27.24
214514 -61.208 16.29 27.24
216670 -61.208 16.29 27.24
211770 -61.208 16.29 27.24
212697 -61.208 16.29 27.24
207983 -61.208 16.29 27.24
203838 -61.208 16.29 27.24
214215 -61.208 16.29 27.24
212906 -61.208 16.29 27.24
202820 -61.208 16.29 27.24
215196 -61.208 16.29 27.24
217325 -61.208 16.29 27.24
215553 -61.208 16.29 27.24
215541 -61.208 16.29 27.24
212782 -61.208 16.29 27.24
210300 -61.208 16.29 27.24
215046 -61.208 16.29 27.24
205504 -61.208 16.29 27.24
210342 -61.208 16.29 27.24
210284 -61.208 16.29 27.24
216661 -61.208 16.29 27.24
208529 -61.208 16.29 27.24
207760 -61.208 16.29 27.24
212695 -61.208 16.29 27.24
218460 -61.208 16.29 27.24
213985 -61.208 16.29 27.24
211966 -61.208 16.29 27.24
215262 -61.208 16.29 27.24
209365 -61.208 16.29 27.24
210820 -61.208 16.29 27.24
210564 -61.208 16.29 27.24
20200 -40.8563 0.87 -2.55
14244 -40.8563 0.87 -2.55
14729 -40.8563 0.87 -2.55
15743 -40.8563 0.87 -2.55
16044 -40.8563 0.87 -2.55
13842 -40.8563 0.87 -2.55
15984 -40.8563 0.87 -2.55
15607 -40.8563 0.87 -2.55
14288 -40.8563 0.87 -2.55
18224 -40.8563 0.87 -2.55
12776 -40.8563 0.87 -2.55
11522 -40.8563 0.87 -2.55
9558 -40.8563 0.87 -2.55
14288 -40.8563 0.87 -2.55
16822 -40.8563 0.87 -2.55
6259 -40.8563 0.87 -2.55
11172 -40.8563 0.87 -2.55
10666 -40.8563 0.87 -2.55
15451 -40.8563 0.87 -2.55
15329 -40.8563 0.87 -2.55
13404 -40.8563 0.87 -2.55
13705 -40.8563 0.87 -2.55
14169 -40.8563 0.87 -2.55
11512 -40.8563 0.87 -2.55
15241 -40.8563 0.87 -2.55
16298 -40.8563 0.87 -2.55
16594 -40.8563 0.87 -2.55
13381 -40.8563 0.87 -2.55
23341 -40.8563 0.87 -2.55
18714 -40.8563 0.87 -2.55
19856 -40.8563 0.87 -2.55
14275 -40.8563 0.87 -2.55
14629 -40.8563 0.87 -2.55
17571 -40.8563 0.87 -2.55
16395 -40.8563 0.87 -2.55
11093 -40.8563 0.87 -2.55
21422 -40.8563 0.87 -2.55
16831 -40.8563 0.87 -2.55
21774 -40.8563 0.87 -2.55
150253 -58.4291 -15.85 16.2
145334 -58.4291 -15.85 16.2
144725 -58.4291 -15.85 16.2
152515 -58.4291 -15.85 16.2
144970 -58.4291 -15.85 16.2
154324 -58.4291 -15.85 16.2
148940 -58.4291 -15.85 16.2
153732 -58.4291 -15.85 16.2
151210 -58.4291 -15.85 16.2
150332 -58.4291 -15.85 16.2
146611 -58.4291 -15.85 16.2
150494 -58.4291 -15.85 16.2
151900 -58.4291 -15.85 16.2
148564 -58.4291 -15.85 16.2
148983 -58.4291 -15.85 16.2
149333 -58.4291 -15.85 16.2
155823 -58.4291 -15.85 16.2
156359 -58.4291 -15.85 16.2
150697 -58.4291 -15.85 16.2
149243 -58.4291 -15.85 16.2
152826 -58.4291 -15.85 16.2
150443 -58.4291 -15.85 16.2
148375 -58.4291 -15.85 16.2
150631 -58.4291 -15.85 16.2
150144 -58.4291 -15.85 16.2
156647 -58.4291 -15.85 16.2
153195 -58.4291 -15.85 16.2
158571 -58.4291 -15.85 16.2
145333 -58.4291 -15.85 16.2
155160 -58.4291 -15.85 16.2
151737 -58.4291 -15.85 16.2
155156 -58.4291 -15.85 16.2
156870 -58.4291 -15.85 16.2
149446 -58.4291 -15.85 16.2
153768 -58.4291 -15.85 16.2
149033 -58.4291 -15.85 16.2
153546 -58.4291 -15.85 16.2
158696 -58.4291 -15.85 16.2
143974 -58.4291 -15.85 16.2
