#rtt sig_str x y
93124 -55.2076 2.75 15.09
92004 -55.2076 2.75 15.09
94707 -55.2076 2.75 15.09
92919 -55.2076 2.75 15.09
92938 -55.2076 2.75 15.09
93032 -55.2076 2.75 15.09
96214 -55.2076 2.75 15.09
89929 -55.2076 2.75 15.09
95532 -55.2076 2.75 15.09
98394 -55.2076 2.75 15.09
97536 -55.2076 2.75 15.09
89097 -55.2076 2.75 15.09
95646 -55.2076 2.75 15.09
94969 -55.2076 2.75 15.09
92111 -55.2076 2.75 15.09
95815 -55.2076 2.75 15.09
93385 -55.2076 2.75 15.09
88882 -55.2076 2.75 15.09
102608 -55.2076 2.75 15.09
93808 -55.2076 2.75 15.09
97894 -55.2076 2.75 15.09
95748 -55.2076 2.75 15.09
98704 -55.2076 2.75 15.09
97702 -55.2076 2.75 15.09
98005 -55.2076 2.75 15.09
92055 -55.2076 2.75 15.09
93676 -55.2076 2.75 15.09
91209 -55.2076 2.75 15.09
92013 -55.2076 2.75 15.09
92109 -55.2076 2.75 15.09
93387 -55.2076 2.75 15.09
89580 -55.2076 2.75 15.09
95831 -55.2076 2.75 15.09
96523 -55.2076 2.75 15.09
89855 -55.2076 2.75 15.09
93397 -55.2076 2.75 15.09
90911 -55.2076 2.75 15.09
96719 -55.2076 2.75 15.09
91621 -55.2076 2.75 15.09
222219 -61.9225 21.54 27.09
229408 -61.9225 21.54 27.09
224639 -61.9225 21.54 27.09
227529 -61.9225 21.54 27.09
220426 -61.9225 21.54 27.09
226551 -61.9225 21.54 27.09
224873 -61.9225 21.54 27.09
222234 -61.9225 21.54 27.09
226362 -61.9225 21.54 27.09
224885 -61.9225 21.54 27.09
223516 -61.9225 21.54 27.09
218936 -61.9225 21.54 27.09
217053 -61.9225 21.54 27.09
225625 -61.9225 21.54 27.09
221205 -61.9225 21.54 27.09
221488 -61.9225 21.54 27.09
223379 -61.9225 21.54 27.09
228072 -61.9225 21.54 27.09
220216 -61.9225 21.54 27.09
222507 -61.9225 21.54 27.09
220843 -61.9225 21.54 27.09
222605 -61.9225 21.54 27.09
227588 -61.9225 21.54 27.09
224009 -61.9225 21.54 27.09
223948 -61.9225 21.54 27.09
218528 -61.9225 21.54 27.09
228183 -61.9225 21.54 27.09
226846 -61.9225 21.54 27.09
223627 -61.9225 21.54 27.09
224580 -61.9225 21.54 27.09
223320 -61.9225 21.54 27.09
221840 -61.9225 21.54 27.09
226420 -61.9225 21.54 27.09
220678 -61.9225 21.54 27.09
222217 -61.9225 21.54 27.09
228805 -61.9225 21.54 27.09
224315 -61.9225 21.54 27.09
230653 -61.9225 21.54 27.09
225848 -61.9225 21.54 27.09
85370 -54.0393 11.16 7.26
83272 -54.0393 11.16 7.26
88666 -54.0393 11.16 7.26
85878 -54.0393 11.16 7.26
83938 -54.0393 11.16 7.26
87065 -54.0393 11.16 7.26
83492 -54.0393 11.16 7.26
82574 -54.0393 11.16 7.26
86171 -54.0393 11.16 7.26
83853 -54.0393 11.16 7.26
81261 -54.0393 11.16 7.26
88934 -54.0393 11.16 7.26
86027 -54.0393 11.16 7.26
90145 -54.0393 11.16 7.26
83685 -54.0393 11.16 7.26
90408 -54.0393 11.16 7.26
85038 -54.0393 11.16 7.26
83096 -54.0393 11.16 7.26
83118 -54.0393 11.16 7.26
86034 -54.0393 11.16 7.26
77063 -54.0393 11.16 7.26
88425 -54.0393 11.16 7.26
84156 -54.0393 11.16 7.26
85613 -54.0393 11.16 7.26
84017 -54.0393 11.16 7.26
81677 -54.0393 11.16 7.26
83271 -54.0393 11.16 7.26
85049 -54.0393 11.16 7.26
80207 -54.0393 11.16 7.26
81285 -54.0393 11.16 7.26
79104 -54.0393 11.16 7.26
83091 -54.0393 11.16 7.26
90576 -54.0393 11.16 7.26
80870 -54.0393 11.16 7.26
82577 -54.0393 11.16 7.26
71672 -54.0393 11.16 7.26
87238 -54.0393 11.16 7.26
85296 -54.0393 11.16 7.26
86194 -54.0393 11.16 7.26
159090 -58.4635 -10.11 20.39
159909 -58.4635 -10.11 20.39
159346 -58.4635 -10.11 20.39
165347 -58.4635 -10.11 20.39
164238 -58.4635 -10.11 20.39
169701 -58.4635 -10.11 20.39
166622 -58.4635 -10.11 20.39
156214 -58.4635 -10.11 20.39
165909 -58.4635 -10.11 20.39
161257 -58.4635 -10.11 20.39
159057 -58.4635 -10.11 20.39
156525 -58.4635 -10.11 20.39
163194 -58.4635 -10.11 20.39
160800 -58.4635 -10.11 20.39
162122 -58.4635 -10.11 20.39
159735 -58.4635 -10.11 20.39
157092 -58.4635 -10.11 20.39
164911 -58.4635 -10.11 20.39
167511 -58.4635 -10.11 20.39
166165 -58.4635 -10.11 20.39
165431 -58.4635 -10.11 20.39
159449 -58.4635 -10.11 20.39
161600 -58.4635 -10.11 20.39
164163 -58.4635 -10.11 20.39
163619 -58.4635 -10.11 20.39
160871 -58.4635 -10.11 20.39
161891 -58.4635 -10.11 20.39
159241 -58.4635 -10.11 20.39
155460 -58.4635 -10.11 20.39
162100 -58.4635 -10.11 20.39
164267 -58.4635 -10.11 20.39
155142 -58.4635 -10.11 20.39
168452 -58.4635 -10.11 20.39
164000 -58.4635 -10.11 20.39
166578 -58.4635 -10.11 20.39
162043 -58.4635 -10.11 20.39
156988 -58.4635 -10.11 20.39
155506 -58.4635 -10.11 20.39
159653 -58.4635 -10.11 20.39
209778 -61.1794 -26.4 17.42
210728 -61.1794 -26.4 17.42
210415 -61.1794 -26.4 17.42
209720 -61.1794 -26.4 17.42
206136 -61.1794 -26.4 17.42
209615 -61.1794 -26.4 17.42
213775 -61.1794 -26.4 17.42
210019 -61.1794 -26.4 17.42
205553 -61.1794 -26.4 17.42
208148 -61.1794 -26.4 17.42
210909 -61.1794 -26.4 17.42
204673 -61.1794 -26.4 17.42
205506 -61.1794 -26.4 17.42
217553 -61.1794 -26.4 17.42
205095 -61.1794 -26.4 17.42
205810 -61.1794 -26.4 17.42
209127 -61.1794 -26.4 17.42
203038 -61.1794 -26.4 17.42
210493 -61.1794 -26.4 17.42
214787 -61.1794 -26.4 17.42
211981 -61.1794 -26.4 17.42
213685 -61.1794 -26.4 17.42
204077 -61.1794 -26.4 17.42
205417 -61.1794 -26.4 17.42
207630 -61.1794 -26.4 17.42
209230 -61.1794 -26.4 17.42
210186 -61.1794 -26.4 17.42
211578 -61.1794 -26.4 17.42
206617 -61.1794 -26.4 17.42
209536 -61.1794 -26.4 17.42
209608 -61.1794 -26.4 17.42
210933 -61.1794 -26.4 17.42
209659 -61.1794 -26.4 17.42
211098 -61.1794 -26.4 17.42
204986 -61.1794 -26.4 17.42
212138 -61.1794 -26.4 17.42
208822 -61.1794 -26.4 17.42
208669 -61.1794 -26.4 17.42
212247 -61.1794 -26.4 17.42
140624 -58.249 -6.82 -21.1
145379 -58.249 -6.82 -21.1
145282 -58.249 -6.82 -21.1
144449 -58.249 -6.82 -21.1
146231 -58.249 -6.82 -21.1
145128 -58.249 -6.82 -21.1
147095 -58.249 -6.82 -21.1
146281 -58.249 -6.82 -21.1
143456 -58.249 -6.82 -21.1
141686 -58.249 -6.82 -21.1
137945 -58.249 -6.82 -21.1
138951 -58.249 -6.82 -21.1
145042 -58.249 -6.82 -21.1
141868 -58.249 -6.82 -21.1
143292 -58.249 -6.82 -21.1
149074 -58.249 -6.82 -21.1
149548 -58.249 -6.82 -21.1
142476 -58.249 -6.82 -21.1
142534 -58.249 -6.82 -21.1
138348 -58.249 -6.82 -21.1
140866 -58.249 -6.82 -21.1
145076 -58.249 -6.82 -21.1
144825 -58.249 -6.82 -21.1
137992 -58.249 -6.82 -21.1
151272 -58.249 -6.82 -21.1
144251 -58.249 -6.82 -21.1
142589 -58.249 -6.82 -21.1
146957 -58.249 -6.82 -21.1
141468 -58.249 -6.82 -21.1
146048 -58.249 -6.82 -21.1
138973 -58.249 -6.82 -21.1
148267 -58.249 -6.82 -21.1
147326 -58.249 -6.82 -21.1
139808 -58.249 -6.82 -21.1
145210 -58.249 -6.82 -21.1
143639 -58.249 -6.82 -21.1
147546 -58.249 -6.82 -21.1
146376 -58.249 -6.82 -21.1
141346 -58.249 -6.82 -21.1
147508 -58.5771 -17.21 15.37
153251 -58.5771 -17.21 15.37
143786 -58.5771 -17.21 15.37
146262 -58.5771 -17.21 15.37
149492 -58.5771 -17.21 15.37
152664 -58.5771 -17.21 15.37
146752 -58.5771 -17.21 15.37
148156 -58.5771 -17.21 15.37
145261 -58.5771 -17.21 15.37
152437 -58.5771 -17.21 15.37
146691 -58.5771 -17.21 15.37
152513 -58.5771 -17.21 15.37
140087 -58.5771 -17.21 15.37
153472 -58.5771 -17.21 15.37
153898 -58.5771 -17.21 15.37
154435 -58.5771 -17.21 15.37
157384 -58.5771 -17.21 15.37
156464 -58.5771 -17.21 15.37
149970 -58.5771 -17.21 15.37
152280 -58.5771 -17.21 15.37
154871 -58.5771 -17.21 15.37
149109 -58.5771 -17.21 15.37
149991 -58.5771 -17.21 15.37
153139 -58.5771 -17.21 15.37
149412 -58.5771 -17.21 15.37
149707 -58.5771 -17.21 15.37
152219 -58.5771 -17.21 15.37
146896 -58.5771 -17.21 15.37
152796 -58.5771 -17.21 15.37
151227 -58.5771 -17.21 15.37
151564 -58.5771 -17.21 15.37
153259 -58.5771 -17.21 15.37
153864 -58.5771 -17.21 15.37
151461 -58.5771 -17.21 15.37
142868 -58.5771 -17.21 15.37
147928 -58.5771 -17.21 15.37
147294 -58.5771 -17.21 15.37
148493 -58.5771 -17.21 15.37
149492 -58.5771 -17.21 15.37
237081 -62.2757 25.95 25.13
242176 -62.2757 25.95 25.13
245665 -62.2757 25.95 25.13
238478 -62.2757 25.95 25.13
228136 -62.2757 25.95 25.13
233451 -62.2757 25.95 25.13
241260 -62.2757 25.95 25.13
241338 -62.2757 25.95 25.13
242989 -62.2757 25.95 25.13
231460 -62.2757 25.95 25.13
245904 -62.2757 25.95 25.13
240799 -62.2757 25.95 25.13
240060 -62.2757 25.95 25.13
235079 -62.2757 25.95 25.13
242809 -62.2757 25.95 25.13
229820 -62.2757 25.95 25.13
242275 -62.2757 25.95 25.13
233960 -62.2757 25.95 25.13
240147 -62.2757 25.95 25.13
245097 -62.2757 25.95 25.13
239540 -62.2757 25.95 25.13
234238 -62.2757 25.95 25.13
242365 -62.2757 25.95 25.13
238603 -62.2757 25.95 25.13
237226 -62.2757 25.95 25.13
234022 -62.2757 25.95 25.13
232199 -62.2757 25.95 25.13
241976 -62.2757 25.95 25.13
240294 -62.2757 25.95 25.13
233892 -62.2757 25.95 25.13
227138 -62.2757 25.95 25.13
239403 -62.2757 25.95 25.13
240210 -62.2757 25.95 25.13
239102 -62.2757 25.95 25.13
243645 -62.2757 25.95 25.13
245282 -62.2757 25.95 25.13
244833 -62.2757 25.95 25.13
241845 -62.2757 25.95 25.13
240182 -62.2757 25.95 25.13
159687 -58.8528 13.37 19.76
160675 -58.8528 13.37 19.76
166818 -58.8528 13.37 19.76
161763 -58.8528 13.37 19.76
162223 -58.8528 13.37 19.76
167307 -58.8528 13.37 19.76
169277 -58.8528 13.37 19.76
168533 -58.8528 13.37 19.76
157649 -58.8528 13.37 19.76
167667 -58.8528 13.37 19.76
167994 -58.8528 13.37 19.76
169971 -58.8528 13.37 19.76
158822 -58.8528 13.37 19.76
160023 -58.8528 13.37 19.76
166245 -58.8528 13.37 19.76
166918 -58.8528 13.37 19.76
170401 -58.8528 13.37 19.76
166815 -58.8528 13.37 19.76
164581 -58.8528 13.37 19.76
161729 -58.8528 13.37 19.76
167671 -58.8528 13.37 19.76
169882 -58.8528 13.37 19.76
163290 -58.8528 13.37 19.76
164087 -58.8528 13.37 19.76
159375 -58.8528 13.37 19.76
164946 -58.8528 13.37 19.76
164886 -58.8528 13.37 19.76
156901 -58.8528 13.37 19.76
163631 -58.8528 13.37 19.76
162696 -58.8528 13.37 19.76
165858 -58.8528 13.37 19.76
169748 -58.8528 13.37 19.76
152818 -58.8528 13.37 19.76
161761 -58.8528 13.37 19.76
159205 -58.8528 13.37 19.76
170709 -58.8528 13.37 19.76
171062 -58.8528 13.37 19.76
164612 -58.8528 13.37 19.76
164397 -58.8528 13.37 19.76
178244 -59.9359 -27.19 0.89
181673 -59.9359 -27.19 0.89
175943 -59.9359 -27.19 0.89
177764 -59.9359 -27.19 0.89
172585 -59.9359 -27.19 0.89
180124 -59.9359 -27.19 0.89
186290 -59.9359 -27.19 0.89
184663 -59.9359 -27.19 0.89
179397 -59.9359 -27.19 0.89
184005 -59.9359 -27.19 0.89
178850 -59.9359 -27.19 0.89
181197 -59.9359 -27.19 0.89
186731 -59.9359 -27.19 0.89
173640 -59.9359 -27.19 0.89
182162 -59.9359 -27.19 0.89
182279 -59.9359 -27.19 0.89
186046 -59.9359 -27.19 0.89
177537 -59.9359 -27.19 0.89
173911 -59.9359 -27.19 0.89
185734 -59.9359 -27.19 0.89
179859 -59.9359 -27.19 0.89
179040 -59.9359 -27.19 0.89
177246 -59.9359 -27.19 0.89
187202 -59.9359 -27.19 0.89
182203 -59.9359 -27.19 0.89
177624 -59.9359 -27.19 0.89
187054 -59.9359 -27.19 0.89
186487 -59.9359 -27.19 0.89
178725 -59.9359 -27.19 0.89
179632 -59.9359 -27.19 0.89
174580 -59.9359 -27.19 0.89
183533 -59.9359 -27.19 0.89
184146 -59.9359 -27.19 0.89
185395 -59.9359 -27.19 0.89
182514 -59.9359 -27.19 0.89
173346 -59.9359 -27.19 0.89
182381 -59.9359 -27.19 0.89
183380 -59.9359 -27.19 0.89
183516 -59.9359 -27.19 0.89
