#rtt sig_str x y
78127 -54.2047 -12.23 -5.91
82310 -54.2047 -12.23 -5.91
82493 -54.2047 -12.23 -5.91
86989 -54.2047 -12.23 -5.91
82252 -54.2047 -12.23 -5.91
87315 -54.2047 -12.23 -5.91
79284 -54.2047 -12.23 -5.91
85426 -54.2047 -12.23 -5.91
81689 -54.2047 -12.23 -5.91
78393 -54.2047 -12.23 -5.91
75119 -54.2047 -12.23 -5.91
79956 -54.2047 -12.23 -5.91
87563 -54.2047 -12.23 -5.91
81530 -54.2047 -12.23 -5.91
79647 -54.2047 -12.23 -5.91
87483 -54.2047 -12.23 -5.91
83816 -54.2047 -12.23 -5.91
76681 -54.2047 -12.23 -5.91
84689 -54.2047 -12.23 -5.91
78170 -54.2047 -12.23 -5.91
83553 -54.2047 -12.23 -5.91
87310 -54.2047 -12.23 -5.91
78825 -54.2047 -12.23 -5.91
82981 -54.2047 -12.23 -5.91
81887 -54.2047 -12.23 -5.91
86102 -54.2047 -12.23 -5.91
82343 -54.2047 -12.23 -5.91
80200 -54.2047 -12.23 -5.91
84960 -54.2047 -12.23 -5.91
80946 -54.2047 -12.23 -5.91
84674 -54.2047 -12.23 -5.91
78914 -54.2047 -12.23 -5.91
78734 -54.2047 -12.23 -5.91
86085 -54.2047 -12.23 -5.91
81020 -54.2047 -12.23 -5.91
83698 -54.2047 -12.23 -5.91
84895 -54.2047 -12.23 -5.91
79763 -54.2047 -12.23 -5.91
85534 -54.2047 -12.23 -5.91
129781 -57.1547 18.55 5.75
124890 -57.1547 18.55 5.75
128383 -57.1547 18.55 5.75
131591 -57.1547 18.55 5.75
126251 -57.1547 18.55 5.75
129242 -57.1547 18.55 5.75
136608 -57.1547 18.55 5.75
131902 -57.1547 18.55 5.75
133879 -57.1547 18.55 5.75
134053 -57.1547 18.55 5.75
133074 -57.1547 18.55 5.75
134838 -57.1547 18.55 5.75
132201 -57.1547 18.55 5.75
136119 -57.1547 18.55 5.75
128698 -57.1547 18.55 5.75
132691 -57.1547 18.55 5.75
130815 -57.1547 18.55 5.75
131436 -57.1547 18.55 5.75
132508 -57.1547 18.55 5.75
136324 -57.1547 18.55 5.75
136302 -57.1547 18.55 5.75
126972 -57.1547 18.55 5.75
136033 -57.1547 18.55 5.75
125815 -57.1547 18.55 5.75
131997 -57.1547 18.55 5.75
128607 -57.1547 18.55 5.75
134383 -57.1547 18.55 5.75
136759 -57.1547 18.55 5.75
126581 -57.1547 18.55 5.75
133909 -57.1547 18.55 5.75
131989 -57.1547 18.55 5.75
128713 -57.1547 18.55 5.75
128834 -57.1547 18.55 5.75
133651 -57.1547 18.55 5.75
130154 -57.1547 18.55 5.75
135122 -57.1547 18.55 5.75
129711 -57.1547 18.55 5.75
129882 -57.1547 18.55 5.75
127177 -57.1547 18.55 5.75
138135 -58.259 -8.99 -20.3
147506 -58.259 -8.99 -20.3
139055 -58.259 -8.99 -20.3
140211 -58.259 -8.99 -20.3
144804 -58.259 -8.99 -20.3
138879 -58.259 -8.99 -20.3
140499 -58.259 -8.99 -20.3
135906 -58.259 -8.99 -20.3
146694 -58.259 -8.99 -20.3
138537 -58.259 -8.99 -20.3
146276 -58.259 -8.99 -20.3
140611 -58.259 -8.99 -20.3
137002 -58.259 -8.99 -20.3
139583 -58.259 -8.99 -20.3
142529 -58.259 -8.99 -20.3
131623 -58.259 -8.99 -20.3
145522 -58.259 -8.99 -20.3
136513 -58.259 -8.99 -20.3
137157 -58.259 -8.99 -20.3
143810 -58.259 -8.99 -20.3
141189 -58.259 -8.99 -20.3
142253 -58.259 -8.99 -20.3
138864 -58.259 -8.99 -20.3
145358 -58.259 -8.99 -20.3
136116 -58.259 -8.99 -20.3
148761 -58.259 -8.99 -20.3
142445 -58.259 -8.99 -20.3
140537 -58.259 -8.99 -20.3
136053 -58.259 -8.99 -20.3
142046 -58.259 -8.99 -20.3
142054 -58.259 -8.99 -20.3
132476 -58.259 -8.99 -20.3
133420 -58.259 -8.99 -20.3
143277 -58.259 -8.99 -20.3
136295 -58.259 -8.99 -20.3
140868 -58.259 -8.99 -20.3
136929 -58.259 -8.99 -20.3
141779 -58.259 -8.99 -20.3
143084 -58.259 -8.99 -20.3
175912 -60.0948 17.37 21.62
181186 -60.0948 17.37 21.62
184519 -60.0948 17.37 21.62
176411 -60.0948 17.37 21.62
177971 -60.0948 17.37 21.62
184153 -60.0948 17.37 21.62
182489 -60.0948 17.37 21.62
178779 -60.0948 17.37 21.62
177147 -60.0948 17.37 21.62
187813 -60.0948 17.37 21.62
178076 -60.0948 17.37 21.62
174635 -60.0948 17.37 21.62
179760 -60.0948 17.37 21.62
182136 -60.0948 17.37 21.62
175384 -60.0948 17.37 21.62
182111 -60.0948 17.37 21.62
178828 -60.0948 17.37 21.62
179161 -60.0948 17.37 21.62
173717 -60.0948 17.37 21.62
181913 -60.0948 17.37 21.62
185190 -60.0948 17.37 21.62
180141 -60.0948 17.37 21.62
186111 -60.0948 17.37 21.62
172574 -60.0948 17.37 21.62
184802 -60.0948 17.37 21.62
182478 -60.0948 17.37 21.62
179633 -60.0948 17.37 21.62
172712 -60.0948 17.37 21.62
177194 -60.0948 17.37 21.62
178389 -60.0948 17.37 21.62
174927 -60.0948 17.37 21.62
185344 -60.0948 17.37 21.62
170986 -60.0948 17.37 21.62
177175 -60.0948 17.37 21.62
179879 -60.0948 17.37 21.62
185101 -60.0948 17.37 21.62
181390 -60.0948 17.37 21.62
184285 -60.0948 17.37 21.62
184165 -60.0948 17.37 21.62
148216 -58.0833 3.68 -21.42
149803 -58.0833 3.68 -21.42
151799 -58.0833 3.68 -21.42
145398 -58.0833 3.68 -21.42
142544 -58.0833 3.68 -21.42
153752 -58.0833 3.68 -21.42
146045 -58.0833 3.68 -21.42
152912 -58.0833 3.68 -21.42
156531 -58.0833 3.68 -21.42
149477 -58.0833 3.68 -21.42
155681 -58.0833 3.68 -21.42
146441 -58.0833 3.68 -21.42
152607 -58.0833 3.68 -21.42
147434 -58.0833 3.68 -21.42
146650 -58.0833 3.68 -21.42
149472 -58.0833 3.68 -21.42
153261 -58.0833 3.68 -21.42
148434 -58.0833 3.68 -21.42
149697 -58.0833 3.68 -21.42
148764 -58.0833 3.68 -21.42
145257 -58.0833 3.68 -21.42
152493 -58.0833 3.68 -21.42
154703 -58.0833 3.68 -21.42
144717 -58.0833 3.68 -21.42
153010 -58.0833 3.68 -21.42
141302 -58.0833 3.68 -21.42
147854 -58.0833 3.68 -21.42
144694 -58.0833 3.68 -21.42
153139 -58.0833 3.68 -21.42
145531 -58.0833 3.68 -21.42
152921 -58.0833 3.68 -21.42
149457 -58.0833 3.68 -21.42
148632 -58.0833 3.68 -21.42
143454 -58.0833 3.68 -21.42
153481 -58.0833 3.68 -21.42
151882 -58.0833 3.68 -21.42
146617 -58.0833 3.68 -21.42
142804 -58.0833 3.68 -21.42
146529 -58.0833 3.68 -21.42
128603 -57.3021 -14.79 -13.12
125984 -57.3021 -14.79 -13.12
123748 -57.3021 -14.79 -13.12
127992 -57.3021 -14.79 -13.12
127471 -57.3021 -14.79 -13.12
124540 -57.3021 -14.79 -13.12
124507 -57.3021 -14.79 -13.12
125231 -57.3021 -14.79 -13.12
128975 -57.3021 -14.79 -13.12
132273 -57.3021 -14.79 -13.12
128703 -57.3021 -14.79 -13.12
139274 -57.3021 -14.79 -13.12
131079 -57.3021 -14.79 -13.12
132685 -57.3021 -14.79 -13.12
122997 -57.3021 -14.79 -13.12
130783 -57.3021 -14.79 -13.12
125682 -57.3021 -14.79 -13.12
120687 -57.3021 -14.79 -13.12
122540 -57.3021 -14.79 -13.12
125386 -57.3021 -14.79 -13.12
122769 -57.3021 -14.79 -13.12
124725 -57.3021 -14.79 -13.12
124349 -57.3021 -14.79 -13.12
123852 -57.3021 -14.79 -13.12
128134 -57.3021 -14.79 -13.12
122668 -57.3021 -14.79 -13.12
127423 -57.3021 -14.79 -13.12
127761 -57.3021 -14.79 -13.12
131383 -57.3021 -14.79 -13.12
131517 -57.3021 -14.79 -13.12
126947 -57.3021 -14.79 -13.12
131867 -57.3021 -14.79 -13.12
132617 -57.3021 -14.79 -13.12
128682 -57.3021 -14.79 -13.12
123101 -57.3021 -14.79 -13.12
120350 -57.3021 -14.79 -13.12
128672 -57.3021 -14.79 -13.12
132380 -57.3021 -14.79 -13.12
120127 -57.3021 -14.79 -13.12
168582 -59.4595 -23.71 9.86
164218 -59.4595 -23.71 9.86
161909 -59.4595 -23.71 9.86
162142 -59.4595 -23.71 9.86
168747 -59.4595 -23.71 9.86
162931 -59.4595 -23.71 9.86
157468 -59.4595 -23.71 9.86
169276 -59.4595 -23.71 9.86
166017 -59.4595 -23.71 9.86
171450 -59.4595 -23.71 9.86
168914 -59.4595 -23.71 9.86
165912 -59.4595 -23.71 9.86
166931 -59.4595 -23.71 9.86
169825 -59.4595 -23.71 9.86
173615 -59.4595 -23.71 9.86
164877 -59.4595 -23.71 9.86
162647 -59.4595 -23.71 9.86
168110 -59.4595 -23.71 9.86
169689 -59.4595 -23.71 9.86
167343 -59.4595 -23.71 9.86
167631 -59.4595 -23.71 9.86
162841 -59.4595 -23.71 9.86
166763 -59.4595 -23.71 9.86
162315 -59.4595 -23.71 9.86
168639 -59.4595 -23.71 9.86
159686 -59.4595 -23.71 9.86
157456 -59.4595 -23.71 9.86
158085 -59.4595 -23.71 9.86
160795 -59.4595 -23.71 9.86
162788 -59.4595 -23.71 9.86
166333 -59.4595 -23.71 9.86
170480 -59.4595 -23.71 9.86
172644 -59.4595 -23.71 9.86
159913 -59.4595 -23.71 9.86
160676 -59.4595 -23.71 9.86
171792 -59.4595 -23.71 9.86
166824 -59.4595 -23.71 9.86
170856 -59.4595 -23.71 9.86
172515 -59.4595 -23.71 9.86
193797 -60.8661 -26.5 -15
196599 -60.8661 -26.5 -15
205688 -60.8661 -26.5 -15
195302 -60.8661 -26.5 -15
195829 -60.8661 -26.5 -15
193982 -60.8661 -26.5 -15
199728 -60.8661 -26.5 -15
198825 -60.8661 -26.5 -15
199766 -60.8661 -26.5 -15
194462 -60.8661 -26.5 -15
195767 -60.8661 -26.5 -15
196127 -60.8661 -26.5 -15
196774 -60.8661 -26.5 -15
204514 -60.8661 -26.5 -15
199813 -60.8661 -26.5 -15
195920 -60.8661 -26.5 -15
200618 -60.8661 -26.5 -15
203347 -60.8661 -26.5 -15
196245 -60.8661 -26.5 -15
194056 -60.8661 -26.5 -15
199329 -60.8661 -26.5 -15
200230 -60.8661 -26.5 -15
198175 -60.8661 -26.5 -15
207142 -60.8661 -26.5 -15
198340 -60.8661 -26.5 -15
201188 -60.8661 -26.5 -15
195570 -60.8661 -26.5 -15
195593 -60.8661 -26.5 -15
197672 -60.8661 -26.5 -15
200420 -60.8661 -26.5 -15
199298 -60.8661 -26.5 -15
190065 -60.8661 -26.5 -15
202466 -60.8661 -26.5 -15
193551 -60.8661 -26.5 -15
198629 -60.8661 -26.5 -15
199814 -60.8661 -26.5 -15
197686 -60.8661 -26.5 -15
197744 -60.8661 -26.5 -15
194166 -60.8661 -26.5 -15
82903 -53.7667 10.4 7.6
81697 -53.7667 10.4 7.6
77701 -53.7667 10.4 7.6
75161 -53.7667 10.4 7.6
84182 -53.7667 10.4 7.6
79282 -53.7667 10.4 7.6
80141 -53.7667 10.4 7.6
79491 -53.7667 10.4 7.6
86566 -53.7667 10.4 7.6
78839 -53.7667 10.4 7.6
78204 -53.7667 10.4 7.6
78440 -53.7667 10.4 7.6
83295 -53.7667 10.4 7.6
82772 -53.7667 10.4 7.6
81263 -53.7667 10.4 7.6
78290 -53.7667 10.4 7.6
83534 -53.7667 10.4 7.6
79866 -53.7667 10.4 7.6
89337 -53.7667 10.4 7.6
80407 -53.7667 10.4 7.6
74709 -53.7667 10.4 7.6
80146 -53.7667 10.4 7.6
81818 -53.7667 10.4 7.6
84203 -53.7667 10.4 7.6
83317 -53.7667 10.4 7.6
84216 -53.7667 10.4 7.6
84296 -53.7667 10.4 7.6
78299 -53.7667 10.4 7.6
80208 -53.7667 10.4 7.6
84951 -53.7667 10.4 7.6
86050 -53.7667 10.4 7.6
81616 -53.7667 10.4 7.6
82531 -53.7667 10.4 7.6
75638 -53.7667 10.4 7.6
80516 -53.7667 10.4 7.6
81256 -53.7667 10.4 7.6
80026 -53.7667 10.4 7.6
81842 -53.7667 10.4 7.6
82363 -53.7667 10.4 7.6
182064 -59.909 11.87 -24.38
177384 -59.909 11.87 -24.38
179222 -59.909 11.87 -24.38
180197 -59.909 11.87 -24.38
180830 -59.909 11.87 -24.38
174564 -59.909 11.87 -24.38
175915 -59.909 11.87 -24.38
178728 -59.909 11.87 -24.38
177032 -59.909 11.87 -24.38
175750 -59.909 11.87 -24.38
179801 -59.909 11.87 -24.38
177364 -59.909 11.87 -24.38
174664 -59.909 11.87 -24.38
175463 -59.909 11.87 -24.38
182062 -59.909 11.87 -24.38
182240 -59.909 11.87 -24.38
175883 -59.909 11.87 -24.38
183064 -59.909 11.87 -24.38
175076 -59.909 11.87 -24.38
180977 -59.909 11.87 -24.38
180437 -59.909 11.87 -24.38
184105 -59.909 11.87 -24.38
176635 -59.909 11.87 -24.38
178928 -59.909 11.87 -24.38
179234 -59.909 11.87 -24.38
179894 -59.909 11.87 -24.38
181134 -59.909 11.87 -24.38
182445 -59.909 11.87 -24.38
176240 -59.909 11.87 -24.38
178804 -59.909 11.87 -24.38
180492 -59.909 11.87 -24.38
178521 -59.909 11.87 -24.38
180778 -59.909 11.87 -24.38
173073 -59.909 11.87 -24.38
177358 -59.909 11.87 -24.38
183023 -59.909 11.87 -24.38
180397 -59.909 11.87 -24.38
179646 -59.909 11.87 -24.38
177760 -59.909 11.87 -24.38
