#rtt sig_str x y
193512 -59.9765 25.65 9.46
197683 -59.9765 25.65 9.46
190702 -59.9765 25.65 9.46
188770 -59.9765 25.65 9.46
193827 -59.9765 25.65 9.46
184026 -59.9765 25.65 9.46
195798 -59.9765 25.65 9.46
188430 -59.9765 25.65 9.46
195771 -59.9765 25.65 9.46
192139 -59.9765 25.65 9.46
187763 -59.9765 25.65 9.46
189972 -59.9765 25.65 9.46
189955 -59.9765 25.65 9.46
189411 -59.9765 25.65 9.46
190009 -59.9765 25.65 9.46
180646 -59.9765 25.65 9.46
195756 -59.9765 25.65 9.46
193524 -59.9765 25.65 9.46
185299 -59.9765 25.65 9.46
192327 -59.9765 25.65 9.46
188683 -59.9765 25.65 9.46
194086 -59.9765 25.65 9.46
192691 -59.9765 25.65 9.46
202437 -59.9765 25.65 9.46
194260 -59.9765 25.65 9.46
190128 -59.9765 25.65 9.46
194425 -59.9765 25.65 9.46
192865 -59.9765 25.65 9.46
188937 -59.9765 25.65 9.46
191856 -59.9765 25.65 9.46
193806 -59.9765 25.65 9.46
196779 -59.9765 25.65 9.46
198036 -59.9765 25.65 9.46
186472 -59.9765 25.65 9.46
187571 -59.9765 25.65 9.46
197400 -59.9765 25.65 9.46
194403 -59.9765 25.65 9.46
190940 -59.9765 25.65 9.46
194901 -59.9765 25.65 9.46
227001 -61.6656 22.35 -25.02
218831 -61.6656 22.35 -25.02
224092 -61.6656 22.35 -25.02
225879 -61.6656 22.35 -25.02
229728 -61.6656 22.35 -25.02
223601 -61.6656 22.35 -25.02
226780 -61.6656 22.35 -25.02
225995 -61.6656 22.35 -25.02
227254 -61.6656 22.35 -25.02
220570 -61.6656 22.35 -25.02
229022 -61.6656 22.35 -25.02
227021 -61.6656 22.35 -25.02
231408 -61.6656 22.35 -25.02
226580 -61.6656 22.35 -25.02
220348 -61.6656 22.35 -25.02
221717 -61.6656 22.35 -25.02
231600 -61.6656 22.35 -25.02
230300 -61.6656 22.35 -25.02
233329 -61.6656 22.35 -25.02
214362 -61.6656 22.35 -25.02
228939 -61.6656 22.35 -25.02
216321 -61.6656 22.35 -25.02
218917 -61.6656 22.35 -25.02
218909 -61.6656 22.35 -25.02
227710 -61.6656 22.35 -25.02
222925 -61.6656 22.35 -25.02
223702 -61.6656 22.35 -25.02
226181 -61.6656 22.35 -25.02
218133 -61.6656 22.35 -25.02
225881 -61.6656 22.35 -25.02
215938 -61.6656 22.35 -25.02
225554 -61.6656 22.35 -25.02
221115 -61.6656 22.35 -25.02
219942 -61.6656 22.35 -25.02
218698 -61.6656 22.35 -25.02
224641 -61.6656 22.35 -25.02
228602 -61.6656 22.35 -25.02
225939 -61.6656 22.35 -25.02
223027 -61.6656 22.35 -25.02
152044 -58.5638 5.08 -22.47
152764 -58.5638 5.08 -22.47
154942 -58.5638 5.08 -22.47
139166 -58.5638 5.08 -22.47
155662 -58.5638 5.08 -22.47
148539 -58.5638 5.08 -22.47
149047 -58.5638 5.08 -22.47
154181 -58.5638 5.08 -22.47
160567 -58.5638 5.08 -22.47
154365 -58.5638 5.08 -22.47
164095 -58.5638 5.08 -22.47
151576 -58.5638 5.08 -22.47
151960 -58.5638 5.08 -22.47
152914 -58.5638 5.08 -22.47
158569 -58.5638 5.08 -22.47
162452 -58.5638 5.08 -22.47
154979 -58.5638 5.08 -22.47
157002 -58.5638 5.08 -22.47
150621 -58.5638 5.08 -22.47
151180 -58.5638 5.08 -22.47
153232 -58.5638 5.08 -22.47
158111 -58.5638 5.08 -22.47
149876 -58.5638 5.08 -22.47
152463 -58.5638 5.08 -22.47
153987 -58.5638 5.08 -22.47
149617 -58.5638 5.08 -22.47
155447 -58.5638 5.08 -22.47
159872 -58.5638 5.08 -22.47
149205 -58.5638 5.08 -22.47
154523 -58.5638 5.08 -22.47
153564 -58.5638 5.08 -22.47
149516 -58.5638 5.08 -22.47
151426 -58.5638 5.08 -22.47
151441 -58.5638 5.08 -22.47
151495 -58.5638 5.08 -22.47
153338 -58.5638 5.08 -22.47
154164 -58.5638 5.08 -22.47
156323 -58.5638 5.08 -22.47
156577 -58.5638 5.08 -22.47
202103 -61.102 24.31 -19.77
207146 -61.102 24.31 -19.77
213048 -61.102 24.31 -19.77
216543 -61.102 24.31 -19.77
208500 -61.102 24.31 -19.77
208652 -61.102 24.31 -19.77
208003 -61.102 24.31 -19.77
211665 -61.102 24.31 -19.77
203466 -61.102 24.31 -19.77
210039 -61.102 24.31 -19.77
209744 -61.102 24.31 -19.77
207399 -61.102 24.31 -19.77
208954 -61.102 24.31 -19.77
208980 -61.102 24.31 -19.77
209480 -61.102 24.31 -19.77
214396 -61.102 24.31 -19.77
201058 -61.102 24.31 -19.77
212683 -61.102 24.31 -19.77
203203 -61.102 24.31 -19.77
209714 -61.102 24.31 -19.77
200774 -61.102 24.31 -19.77
218049 -61.102 24.31 -19.77
209679 -61.102 24.31 -19.77
216359 -61.102 24.31 -19.77
211571 -61.102 24.31 -19.77
206662 -61.102 24.31 -19.77
209697 -61.102 24.31 -19.77
210260 -61.102 24.31 -19.77
205393 -61.102 24.31 -19.77
218065 -61.102 24.31 -19.77
199835 -61.102 24.31 -19.77
206480 -61.102 24.31 -19.77
206946 -61.102 24.31 -19.77
220640 -61.102 24.31 -19.77
210509 -61.102 24.31 -19.77
203789 -61.102 24.31 -19.77
211963 -61.102 24.31 -19.77
207351 -61.102 24.31 -19.77
202307 -61.102 24.31 -19.77
158531 -59.0125 -10.99 21.7
156608 -59.0125 -10.99 21.7
157702 -59.0125 -10.99 21.7
159965 -59.0125 -10.99 21.7
161590 -59.0125 -10.99 21.7
151669 -59.0125 -10.99 21.7
155522 -59.0125 -10.99 21.7
150898 -59.0125 -10.99 21.7
157354 -59.0125 -10.99 21.7
158446 -59.0125 -10.99 21.7
159245 -59.0125 -10.99 21.7
156928 -59.0125 -10.99 21.7
164979 -59.0125 -10.99 21.7
159215 -59.0125 -10.99 21.7
155272 -59.0125 -10.99 21.7
148816 -59.0125 -10.99 21.7
161029 -59.0125 -10.99 21.7
155720 -59.0125 -10.99 21.7
157481 -59.0125 -10.99 21.7
152867 -59.0125 -10.99 21.7
149521 -59.0125 -10.99 21.7
160077 -59.0125 -10.99 21.7
156160 -59.0125 -10.99 21.7
161482 -59.0125 -10.99 21.7
160096 -59.0125 -10.99 21.7
157384 -59.0125 -10.99 21.7
157247 -59.0125 -10.99 21.7
158319 -59.0125 -10.99 21.7
155549 -59.0125 -10.99 21.7
158562 -59.0125 -10.99 21.7
150470 -59.0125 -10.99 21.7
160414 -59.0125 -10.99 21.7
152534 -59.0125 -10.99 21.7
158825 -59.0125 -10.99 21.7
152795 -59.0125 -10.99 21.7
154638 -59.0125 -10.99 21.7
155646 -59.0125 -10.99 21.7
164118 -59.0125 -10.99 21.7
164988 -59.0125 -10.99 21.7
236944 -62.0432 -21.12 -28.06
232515 -62.0432 -21.12 -28.06
233911 -62.0432 -21.12 -28.06
238332 -62.0432 -21.12 -28.06
230866 -62.0432 -21.12 -28.06
229010 -62.0432 -21.12 -28.06
234571 -62.0432 -21.12 -28.06
239840 -62.0432 -21.12 -28.06
238157 -62.0432 -21.12 -28.06
241640 -62.0432 -21.12 -28.06
233751 -62.0432 -21.12 -28.06
240966 -62.0432 -21.12 -28.06
238325 -62.0432 -21.12 -28.06
233689 -62.0432 -21.12 -28.06
242251 -62.0432 -21.12 -28.06
237002 -62.0432 -21.12 -28.06
241029 -62.0432 -21.12 -28.06
233473 -62.0432 -21.12 -28.06
231296 -62.0432 -21.12 -28.06
240122 -62.0432 -21.12 -28.06
240799 -62.0432 -21.12 -28.06
238789 -62.0432 -21.12 -28.06
239802 -62.0432 -21.12 -28.06
230434 -62.0432 -21.12 -28.06
240637 -62.0432 -21.12 -28.06
245361 -62.0432 -21.12 -28.06
241020 -62.0432 -21.12 -28.06
232526 -62.0432 -21.12 -28.06
242058 -62.0432 -21.12 -28.06
239702 -62.0432 -21.12 -28.06
234238 -62.0432 -21.12 -28.06
232892 -62.0432 -21.12 -28.06
236641 -62.0432 -21.12 -28.06
236887 -62.0432 -21.12 -28.06
235888 -62.0432 -21.12 -28.06
240043 -62.0432 -21.12 -28.06
233580 -62.0432 -21.12 -28.06
238026 -62.0432 -21.12 -28.06
229302 -62.0432 -21.12 -28.06
159451 -58.7569 21.58 -9.51
144194 -58.7569 21.58 -9.51
152937 -58.7569 21.58 -9.51
156365 -58.7569 21.58 -9.51
156560 -58.7569 21.58 -9.51
153738 -58.7569 21.58 -9.51
162024 -58.7569 21.58 -9.51
161379 -58.7569 21.58 -9.51
156406 -58.7569 21.58 -9.51
161176 -58.7569 21.58 -9.51
156959 -58.7569 21.58 -9.51
152975 -58.7569 21.58 -9.51
160824 -58.7569 21.58 -9.51
161432 -58.7569 21.58 -9.51
158391 -58.7569 21.58 -9.51
166641 -58.7569 21.58 -9.51
157551 -58.7569 21.58 -9.51
161280 -58.7569 21.58 -9.51
157358 -58.7569 21.58 -9.51
155245 -58.7569 21.58 -9.51
158826 -58.7569 21.58 -9.51
154880 -58.7569 21.58 -9.51
151346 -58.7569 21.58 -9.51
165057 -58.7569 21.58 -9.51
161655 -58.7569 21.58 -9.51
155153 -58.7569 21.58 -9.51
159659 -58.7569 21.58 -9.51
164285 -58.7569 21.58 -9.51
158327 -58.7569 21.58 -9.51
160593 -58.7569 21.58 -9.51
157425 -58.7569 21.58 -9.51
156256 -58.7569 21.58 -9.51
163713 -58.7569 21.58 -9.51
160311 -58.7569 21.58 -9.51
160397 -58.7569 21.58 -9.51
156866 -58.7569 21.58 -9.51
157413 -58.7569 21.58 -9.51
159073 -58.7569 21.58 -9.51
156615 -58.7569 21.58 -9.51
47514 -49.6018 -3.98 -6.68
48349 -49.6018 -3.98 -6.68
53155 -49.6018 -3.98 -6.68
47022 -49.6018 -3.98 -6.68
47064 -49.6018 -3.98 -6.68
44242 -49.6018 -3.98 -6.68
51955 -49.6018 -3.98 -6.68
51744 -49.6018 -3.98 -6.68
48584 -49.6018 -3.98 -6.68
48887 -49.6018 -3.98 -6.68
48102 -49.6018 -3.98 -6.68
53650 -49.6018 -3.98 -6.68
55565 -49.6018 -3.98 -6.68
51004 -49.6018 -3.98 -6.68
44030 -49.6018 -3.98 -6.68
45463 -49.6018 -3.98 -6.68
43207 -49.6018 -3.98 -6.68
53107 -49.6018 -3.98 -6.68
48289 -49.6018 -3.98 -6.68
54289 -49.6018 -3.98 -6.68
43427 -49.6018 -3.98 -6.68
46458 -49.6018 -3.98 -6.68
52932 -49.6018 -3.98 -6.68
54104 -49.6018 -3.98 -6.68
52238 -49.6018 -3.98 -6.68
47740 -49.6018 -3.98 -6.68
48630 -49.6018 -3.98 -6.68
47101 -49.6018 -3.98 -6.68
47770 -49.6018 -3.98 -6.68
46016 -49.6018 -3.98 -6.68
53720 -49.6018 -3.98 -6.68
48375 -49.6018 -3.98 -6.68
53232 -49.6018 -3.98 -6.68
47524 -49.6018 -3.98 -6.68
50162 -49.6018 -3.98 -6.68
46992 -49.6018 -3.98 -6.68
46594 -49.6018 -3.98 -6.68
55767 -49.6018 -3.98 -6.68
52846 -49.6018 -3.98 -6.68
146608 -58.3263 -0.39 -22.38
149517 -58.3263 -0.39 -22.38
155105 -58.3263 -0.39 -22.38
152898 -58.3263 -0.39 -22.38
153938 -58.3263 -0.39 -22.38
151644 -58.3263 -0.39 -22.38
150572 -58.3263 -0.39 -22.38
149879 -58.3263 -0.39 -22.38
154132 -58.3263 -0.39 -22.38
150333 -58.3263 -0.39 -22.38
155567 -58.3263 -0.39 -22.38
159005 -58.3263 -0.39 -22.38
155356 -58.3263 -0.39 -22.38
144944 -58.3263 -0.39 -22.38
150541 -58.3263 -0.39 -22.38
150979 -58.3263 -0.39 -22.38
150334 -58.3263 -0.39 -22.38
149998 -58.3263 -0.39 -22.38
155793 -58.3263 -0.39 -22.38
160426 -58.3263 -0.39 -22.38
155336 -58.3263 -0.39 -22.38
150949 -58.3263 -0.39 -22.38
152825 -58.3263 -0.39 -22.38
140173 -58.3263 -0.39 -22.38
146009 -58.3263 -0.39 -22.38
153734 -58.3263 -0.39 -22.38
151500 -58.3263 -0.39 -22.38
142865 -58.3263 -0.39 -22.38
154816 -58.3263 -0.39 -22.38
155284 -58.3263 -0.39 -22.38
148754 -58.3263 -0.39 -22.38
150230 -58.3263 -0.39 -22.38
152912 -58.3263 -0.39 -22.38
149097 -58.3263 -0.39 -22.38
150602 -58.3263 -0.39 -22.38
153477 -58.3263 -0.39 -22.38
152360 -58.3263 -0.39 -22.38
149520 -58.3263 -0.39 -22.38
146337 -58.3263 -0.39 -22.38
109299 -56.0804 -2.85 -16.81
103372 -56.0804 -2.85 -16.81
102016 -56.0804 -2.85 -16.81
107182 -56.0804 -2.85 -16.81
108135 -56.0804 -2.85 -16.81
111695 -56.0804 -2.85 -16.81
106641 -56.0804 -2.85 -16.81
101513 -56.0804 -2.85 -16.81
111360 -56.0804 -2.85 -16.81
105957 -56.0804 -2.85 -16.81
116522 -56.0804 -2.85 -16.81
111467 -56.0804 -2.85 -16.81
107708 -56.0804 -2.85 -16.81
107118 -56.0804 -2.85 -16.81
110792 -56.0804 -2.85 -16.81
110531 -56.0804 -2.85 -16.81
107693 -56.0804 -2.85 -16.81
108851 -56.0804 -2.85 -16.81
105754 -56.0804 -2.85 -16.81
106176 -56.0804 -2.85 -16.81
102281 -56.0804 -2.85 -16.81
108991 -56.0804 -2.85 -16.81
107978 -56.0804 -2.85 -16.81
107541 -56.0804 -2.85 -16.81
103118 -56.0804 -2.85 -16.81
101974 -56.0804 -2.85 -16.81
102812 -56.0804 -2.85 -16.81
111311 -56.0804 -2.85 -16.81
105466 -56.0804 -2.85 -16.81
110003 -56.0804 -2.85 -16.81
103880 -56.0804 -2.85 -16.81
103966 -56.0804 -2.85 -16.81
111050 -56.0804 -2.85 -16.81
110405 -56.0804 -2.85 -16.81
106073 -56.0804 -2.85 -16.81
100042 -56.0804 -2.85 -16.81
110441 -56.0804 -2.85 -16.81
112351 -56.0804 -2.85 -16.81
111892 -56.0804 -2.85 -16.81
