#rtt sig_str x y
162060 -59.0555 -18.87 15.55
160782 -59.0555 -18.87 15.55
166471 -59.0555 -18.87 15.55
160197 -59.0555 -18.87 15.55
159884 -59.0555 -18.87 15.55
169230 -59.0555 -18.87 15.55
163820 -59.0555 -18.87 15.55
162443 -59.0555 -18.87 15.55
165411 -59.0555 -18.87 15.55
161801 -59.0555 -18.87 15.55
157029 -59.0555 -18.87 15.55
168520 -59.0555 -18.87 15.55
166485 -59.0555 -18.87 15.55
158536 -59.0555 -18.87 15.55
160949 -59.0555 -18.87 15.55
167454 -59.0555 -18.87 15.55
170169 -59.0555 -18.87 15.55
167542 -59.0555 -18.87 15.55
155856 -59.0555 -18.87 15.55
165147 -59.0555 -18.87 15.55
157080 -59.0555 -18.87 15.55
162702 -59.0555 -18.87 15.55
165146 -59.0555 -18.87 15.55
155387 -59.0555 -18.87 15.55
157558 -59.0555 -18.87 15.55
163795 -59.0555 -18.87 15.55
155359 -59.0555 -18.87 15.55
159047 -59.0555 -18.87 15.55
158444 -59.0555 -18.87 15.55
154989 -59.0555 -18.87 15.55
156513 -59.0555 -18.87 15.55
156190 -59.0555 -18.87 15.55
159707 -59.0555 -18.87 15.55
166068 -59.0555 -18.87 15.55
162094 -59.0555 -18.87 15.55
162143 -59.0555 -18.87 15.55
162353 -59.0555 -18.87 15.55
161046 -59.0555 -18.87 15.55
167035 -59.0555 -18.87 15.55
157843 -59.2085 -6.81 -23.96
161779 -59.2085 -6.81 -23.96
163253 -59.2085 -6.81 -23.96
168582 -59.2085 -6.81 -23.96
149508 -59.2085 -6.81 -23.96
162275 -59.2085 -6.81 -23.96
164357 -59.2085 -6.81 -23.96
159577 -59.2085 -6.81 -23.96
168503 -59.2085 -6.81 -23.96
161378 -59.2085 -6.81 -23.96
158402 -59.2085 -6.81 -23.96
161490 -59.2085 -6.81 -23.96
156426 -59.2085 -6.81 -23.96
148868 -59.2085 -6.81 -23.96
161587 -59.2085 -6.81 -23.96
165982 -59.2085 -6.81 -23.96
168369 -59.2085 -6.81 -23.96
162570 -59.2085 -6.81 -23.96
164937 -59.2085 -6.81 -23.96
161225 -59.2085 -6.81 -23.96
165601 -59.2085 -6.81 -23.96
160673 -59.2085 -6.81 -23.96
162016 -59.2085 -6.81 -23.96
158094 -59.2085 -6.81 -23.96
162540 -59.2085 -6.81 -23.96
167063 -59.2085 -6.81 -23.96
166080 -59.2085 -6.81 -23.96
162706 -59.2085 -6.81 -23.96
159292 -59.2085 -6.81 -23.96
159636 -59.2085 -6.81 -23.96
157415 -59.2085 -6.81 -23.96
161714 -59.2085 -6.81 -23.96
155961 -59.2085 -6.81 -23.96
158099 -59.2085 -6.81 -23.96
161495 -59.2085 -6.81 -23.96
161748 -59.2085 -6.81 -23.96
165246 -59.2085 -6.81 -23.96
162251 -59.2085 -6.81 -23.96
160033 -59.2085 -6.81 -23.96
153766 -58.7865 19.92 12.78
144872 -58.7865 19.92 12.78
153776 -58.7865 19.92 12.78
156613 -58.7865 19.92 12.78
157739 -58.7865 19.92 12.78
154994 -58.7865 19.92 12.78
158481 -58.7865 19.92 12.78
155533 -58.7865 19.92 12.78
158485 -58.7865 19.92 12.78
156564 -58.7865 19.92 12.78
154455 -58.7865 19.92 12.78
160712 -58.7865 19.92 12.78
161392 -58.7865 19.92 12.78
155473 -58.7865 19.92 12.78
147608 -58.7865 19.92 12.78
152906 -58.7865 19.92 12.78
152239 -58.7865 19.92 12.78
154313 -58.7865 19.92 12.78
158661 -58.7865 19.92 12.78
153304 -58.7865 19.92 12.78
156568 -58.7865 19.92 12.78
161095 -58.7865 19.92 12.78
159534 -58.7865 19.92 12.78
161397 -58.7865 19.92 12.78
148705 -58.7865 19.92 12.78
158501 -58.7865 19.92 12.78
163660 -58.7865 19.92 12.78
149872 -58.7865 19.92 12.78
160519 -58.7865 19.92 12.78
159360 -58.7865 19.92 12.78
158655 -58.7865 19.92 12.78
162257 -58.7865 19.92 12.78
151058 -58.7865 19.92 12.78
160292 -58.7865 19.92 12.78
157972 -58.7865 19.92 12.78
147461 -58.7865 19.92 12.78
158190 -58.7865 19.92 12.78
160398 -58.7865 19.92 12.78
159926 -58.7865 19.92 12.78
182182 -59.823 -18.08 -19.83
179580 -59.823 -18.08 -19.83
183595 -59.823 -18.08 -19.83
181837 -59.823 -18.08 -19.83
173586 -59.823 -18.08 -19.83
184755 -59.823 -18.08 -19.83
180935 -59.823 -18.08 -19.83
187514 -59.823 -18.08 -19.83
176160 -59.823 -18.08 -19.83
185950 -59.823 -18.08 -19.83
186863 -59.823 -18.08 -19.83
178238 -59.823 -18.08 -19.83
181772 -59.823 -18.08 -19.83
185844 -59.823 -18.08 -19.83
182313 -59.823 -18.08 -19.83
179511 -59.823 -18.08 -19.83
180938 -59.823 -18.08 -19.83
180544 -59.823 -18.08 -19.83
174773 -59.823 -18.08 -19.83
182320 -59.823 -18.08 -19.83
183886 -59.823 -18.08 -19.83
178630 -59.823 -18.08 -19.83
179545 -59.823 -18.08 -19.83
172458 -59.823 -18.08 -19.83
183262 -59.823 -18.08 -19.83
176522 -59.823 -18.08 -19.83
180208 -59.823 -18.08 -19.83
179218 -59.823 -18.08 -19.83
184576 -59.823 -18.08 -19.83
185554 -59.823 -18.08 -19.83
182070 -59.823 -18.08 -19.83
178093 -59.823 -18.08 -19.83
181388 -59.823 -18.08 -19.83
178848 -59.823 -18.08 -19.83
177349 -59.823 -18.08 -19.83
182358 -59.823 -18.08 -19.83
175039 -59.823 -18.08 -19.83
176536 -59.823 -18.08 -19.83
184215 -59.823 -18.08 -19.83
200165 -60.6251 25 15.8
200391 -60.6251 25 15.8
204898 -60.6251 25 15.8
206657 -60.6251 25 15.8
201313 -60.6251 25 15.8
204484 -60.6251 25 15.8
206827 -60.6251 25 15.8
202635 -60.6251 25 15.8
201949 -60.6251 25 15.8
204161 -60.6251 25 15.8
201254 -60.6251 25 15.8
205288 -60.6251 25 15.8
203814 -60.6251 25 15.8
197088 -60.6251 25 15.8
205381 -60.6251 25 15.8
201668 -60.6251 25 15.8
196361 -60.6251 25 15.8
201596 -60.6251 25 15.8
205380 -60.6251 25 15.8
201518 -60.6251 25 15.8
197426 -60.6251 25 15.8
198177 -60.6251 25 15.8
204070 -60.6251 25 15.8
204169 -60.6251 25 15.8
198524 -60.6251 25 15.8
203665 -60.6251 25 15.8
204372 -60.6251 25 15.8
202016 -60.6251 25 15.8
201900 -60.6251 25 15.8
206973 -60.6251 25 15.8
205197 -60.6251 25 15.8
200079 -60.6251 25 15.8
203512 -60.6251 25 15.8
198097 -60.6251 25 15.8
194079 -60.6251 25 15.8
206173 -60.6251 25 15.8
199666 -60.6251 25 15.8
203118 -60.6251 25 15.8
195836 -60.6251 25 15.8
177159 -59.2606 17.3 -18.14
167883 -59.2606 17.3 -18.14
173148 -59.2606 17.3 -18.14
165818 -59.2606 17.3 -18.14
172546 -59.2606 17.3 -18.14
167185 -59.2606 17.3 -18.14
168687 -59.2606 17.3 -18.14
173553 -59.2606 17.3 -18.14
172136 -59.2606 17.3 -18.14
172021 -59.2606 17.3 -18.14
170869 -59.2606 17.3 -18.14
169588 -59.2606 17.3 -18.14
170935 -59.2606 17.3 -18.14
173129 -59.2606 17.3 -18.14
171613 -59.2606 17.3 -18.14
171012 -59.2606 17.3 -18.14
171708 -59.2606 17.3 -18.14
169941 -59.2606 17.3 -18.14
177972 -59.2606 17.3 -18.14
171792 -59.2606 17.3 -18.14
171360 -59.2606 17.3 -18.14
170410 -59.2606 17.3 -18.14
164830 -59.2606 17.3 -18.14
175161 -59.2606 17.3 -18.14
165986 -59.2606 17.3 -18.14
167512 -59.2606 17.3 -18.14
169302 -59.2606 17.3 -18.14
172701 -59.2606 17.3 -18.14
168406 -59.2606 17.3 -18.14
178951 -59.2606 17.3 -18.14
165882 -59.2606 17.3 -18.14
170052 -59.2606 17.3 -18.14
169365 -59.2606 17.3 -18.14
169605 -59.2606 17.3 -18.14
172515 -59.2606 17.3 -18.14
176335 -59.2606 17.3 -18.14
173358 -59.2606 17.3 -18.14
164229 -59.2606 17.3 -18.14
168661 -59.2606 17.3 -18.14
121416 -56.647 13.36 -12.45
119288 -56.647 13.36 -12.45
127099 -56.647 13.36 -12.45
125139 -56.647 13.36 -12.45
121713 -56.647 13.36 -12.45
123369 -56.647 13.36 -12.45
124422 -56.647 13.36 -12.45
121695 -56.647 13.36 -12.45
124044 -56.647 13.36 -12.45
123420 -56.647 13.36 -12.45
127370 -56.647 13.36 -12.45
127347 -56.647 13.36 -12.45
126238 -56.647 13.36 -12.45
124497 -56.647 13.36 -12.45
121677 -56.647 13.36 -12.45
122854 -56.647 13.36 -12.45
129461 -56.647 13.36 -12.45
119173 -56.647 13.36 -12.45
120082 -56.647 13.36 -12.45
117127 -56.647 13.36 -12.45
129680 -56.647 13.36 -12.45
128280 -56.647 13.36 -12.45
123633 -56.647 13.36 -12.45
123649 -56.647 13.36 -12.45
127250 -56.647 13.36 -12.45
118108 -56.647 13.36 -12.45
116319 -56.647 13.36 -12.45
125685 -56.647 13.36 -12.45
129083 -56.647 13.36 -12.45
126543 -56.647 13.36 -12.45
127100 -56.647 13.36 -12.45
124957 -56.647 13.36 -12.45
124876 -56.647 13.36 -12.45
115688 -56.647 13.36 -12.45
126443 -56.647 13.36 -12.45
122842 -56.647 13.36 -12.45
124406 -56.647 13.36 -12.45
128039 -56.647 13.36 -12.45
125136 -56.647 13.36 -12.45
216365 -60.9381 29.75 -7.65
219043 -60.9381 29.75 -7.65
215002 -60.9381 29.75 -7.65
213249 -60.9381 29.75 -7.65
209029 -60.9381 29.75 -7.65
216736 -60.9381 29.75 -7.65
217039 -60.9381 29.75 -7.65
221886 -60.9381 29.75 -7.65
221764 -60.9381 29.75 -7.65
215715 -60.9381 29.75 -7.65
215894 -60.9381 29.75 -7.65
215735 -60.9381 29.75 -7.65
207695 -60.9381 29.75 -7.65
214209 -60.9381 29.75 -7.65
220491 -60.9381 29.75 -7.65
214812 -60.9381 29.75 -7.65
211801 -60.9381 29.75 -7.65
217850 -60.9381 29.75 -7.65
219991 -60.9381 29.75 -7.65
223848 -60.9381 29.75 -7.65
210604 -60.9381 29.75 -7.65
219032 -60.9381 29.75 -7.65
210822 -60.9381 29.75 -7.65
211304 -60.9381 29.75 -7.65
213806 -60.9381 29.75 -7.65
214657 -60.9381 29.75 -7.65
212990 -60.9381 29.75 -7.65
214744 -60.9381 29.75 -7.65
216241 -60.9381 29.75 -7.65
210567 -60.9381 29.75 -7.65
208148 -60.9381 29.75 -7.65
211043 -60.9381 29.75 -7.65
215494 -60.9381 29.75 -7.65
214414 -60.9381 29.75 -7.65
211499 -60.9381 29.75 -7.65
214905 -60.9381 29.75 -7.65
222170 -60.9381 29.75 -7.65
215278 -60.9381 29.75 -7.65
218403 -60.9381 29.75 -7.65
159432 -58.9638 20.73 -12.45
161085 -58.9638 20.73 -12.45
156983 -58.9638 20.73 -12.45
156753 -58.9638 20.73 -12.45
167892 -58.9638 20.73 -12.45
163261 -58.9638 20.73 -12.45
160408 -58.9638 20.73 -12.45
160484 -58.9638 20.73 -12.45
161633 -58.9638 20.73 -12.45
155836 -58.9638 20.73 -12.45
166373 -58.9638 20.73 -12.45
156354 -58.9638 20.73 -12.45
159151 -58.9638 20.73 -12.45
160770 -58.9638 20.73 -12.45
165286 -58.9638 20.73 -12.45
158533 -58.9638 20.73 -12.45
154938 -58.9638 20.73 -12.45
159951 -58.9638 20.73 -12.45
161791 -58.9638 20.73 -12.45
162107 -58.9638 20.73 -12.45
167297 -58.9638 20.73 -12.45
156583 -58.9638 20.73 -12.45
159141 -58.9638 20.73 -12.45
164016 -58.9638 20.73 -12.45
170255 -58.9638 20.73 -12.45
153904 -58.9638 20.73 -12.45
156916 -58.9638 20.73 -12.45
156033 -58.9638 20.73 -12.45
155442 -58.9638 20.73 -12.45
160367 -58.9638 20.73 -12.45
160657 -58.9638 20.73 -12.45
167649 -58.9638 20.73 -12.45
159820 -58.9638 20.73 -12.45
161381 -58.9638 20.73 -12.45
154716 -58.9638 20.73 -12.45
166694 -58.9638 20.73 -12.45
154469 -58.9638 20.73 -12.45
157580 -58.9638 20.73 -12.45
160605 -58.9638 20.73 -12.45
196875 -60.598 -15.98 24.77
197141 -60.598 -15.98 24.77
195421 -60.598 -15.98 24.77
197948 -60.598 -15.98 24.77
199046 -60.598 -15.98 24.77
189290 -60.598 -15.98 24.77
192658 -60.598 -15.98 24.77
201741 -60.598 -15.98 24.77
191496 -60.598 -15.98 24.77
194834 -60.598 -15.98 24.77
193246 -60.598 -15.98 24.77
193046 -60.598 -15.98 24.77
203023 -60.598 -15.98 24.77
201263 -60.598 -15.98 24.77
198387 -60.598 -15.98 24.77
193560 -60.598 -15.98 24.77
202486 -60.598 -15.98 24.77
196127 -60.598 -15.98 24.77
186261 -60.598 -15.98 24.77
198083 -60.598 -15.98 24.77
189348 -60.598 -15.98 24.77
202501 -60.598 -15.98 24.77
196605 -60.598 -15.98 24.77
194357 -60.598 -15.98 24.77
197133 -60.598 -15.98 24.77
200528 -60.598 -15.98 24.77
199118 -60.598 -15.98 24.77
187635 -60.598 -15.98 24.77
198178 -60.598 -15.98 24.77
193242 -60.598 -15.98 24.77
195897 -60.598 -15.98 24.77
200428 -60.598 -15.98 24.77
196658 -60.598 -15.98 24.77
195755 -60.598 -15.98 24.77
193028 -60.598 -15.98 24.77
192667 -60.598 -15.98 24.77
194402 -60.598 -15.98 24.77
195436 -60.598 -15.98 24.77
196877 -60.598 -15.98 24.77
