#rtt sig_str x y
265969 -62.7067 -23.6 29.86
257067 -62.7067 -23.6 29.86
263227 -62.7067 -23.6 29.86
263771 -62.7067 -23.6 29.86
250458 -62.7067 -23.6 29.86
258501 -62.7067 -23.6 29.86
254546 -62.7067 -23.6 29.86
249374 -62.7067 -23.6 29.86
248840 -62.7067 -23.6 29.86
251663 -62.7067 -23.6 29.86
251761 -62.7067 -23.6 29.86
255476 -62.7067 -23.6 29.86
259561 -62.7067 -23.6 29.86
256246 -62.7067 -23.6 29.86
257015 -62.7067 -23.6 29.86
258118 -62.7067 -23.6 29.86
256663 -62.7067 -23.6 29.86
253097 -62.7067 -23.6 29.86
259547 -62.7067 -23.6 29.86
254445 -62.7067 -23.6 29.86
257017 -62.7067 -23.6 29.86
253218 -62.7067 -23.6 29.86
251131 -62.7067 -23.6 29.86
253832 -62.7067 -23.6 29.86
262831 -62.7067 -23.6 29.86
258832 -62.7067 -23.6 29.86
260677 -62.7067 -23.6 29.86
255835 -62.7067 -23.6 29.86
257623 -62.7067 -23.6 29.86
261792 -62.7067 -23.6 29.86
264091 -62.7067 -23.6 29.86
260469 -62.7067 -23.6 29.86
260338 -62.7067 -23.6 29.86
259903 -62.7067 -23.6 29.86
261830 -62.7067 -23.6 29.86
260792 -62.7067 -23.6 29.86
254881 -62.7067 -23.6 29.86
258964 -62.7067 -23.6 29.86
257260 -62.7067 -23.6 29.86
85975 -53.3532 11.06 -5.27
79897 -53.3532 11.06 -5.27
83951 -53.3532 11.06 -5.27
85809 -53.3532 11.06 -5.27
85894 -53.3532 11.06 -5.27
90046 -53.3532 11.06 -5.27
85808 -53.3532 11.06 -5.27
87798 -53.3532 11.06 -5.27
87622 -53.3532 11.06 -5.27
82340 -53.3532 11.06 -5.27
90477 -53.3532 11.06 -5.27
83794 -53.3532 11.06 -5.27
86398 -53.3532 11.06 -5.27
81196 -53.3532 11.06 -5.27
83489 -53.3532 11.06 -5.27
91685 -53.3532 11.06 -5.27
91884 -53.3532 11.06 -5.27
91076 -53.3532 11.06 -5.27
90098 -53.3532 11.06 -5.27
83885 -53.3532 11.06 -5.27
85977 -53.3532 11.06 -5.27
85337 -53.3532 11.06 -5.27
91761 -53.3532 11.06 -5.27
87618 -53.3532 11.06 -5.27
90057 -53.3532 11.06 -5.27
88174 -53.3532 11.06 -5.27
88785 -53.3532 11.06 -5.27
84434 -53.3532 11.06 -5.27
87245 -53.3532 11.06 -5.27
88119 -53.3532 11.06 -5.27
78886 -53.3532 11.06 -5.27
87822 -53.3532 11.06 -5.27
94693 -53.3532 11.06 -5.27
83787 -53.3532 11.06 -5.27
90638 -53.3532 11.06 -5.27
88359 -53.3532 11.06 -5.27
88691 -53.3532 11.06 -5.27
89160 -53.3532 11.06 -5.27
86585 -53.3532 11.06 -5.27
168302 -59.5034 2.1 -25.73
167662 -59.5034 2.1 -25.73
171969 -59.5034 2.1 -25.73
172739 -59.5034 2.1 -25.73
173910 -59.5034 2.1 -25.73
179003 -59.5034 2.1 -25.73
169173 -59.5034 2.1 -25.73
172721 -59.5034 2.1 -25.73
168547 -59.5034 2.1 -25.73
161765 -59.5034 2.1 -25.73
169400 -59.5034 2.1 -25.73
175487 -59.5034 2.1 -25.73
169704 -59.5034 2.1 -25.73
166146 -59.5034 2.1 -25.73
168414 -59.5034 2.1 -25.73
162048 -59.5034 2.1 -25.73
169599 -59.5034 2.1 -25.73
164801 -59.5034 2.1 -25.73
169449 -59.5034 2.1 -25.73
176459 -59.5034 2.1 -25.73
168748 -59.5034 2.1 -25.73
167852 -59.5034 2.1 -25.73
168464 -59.5034 2.1 -25.73
170911 -59.5034 2.1 -25.73
172616 -59.5034 2.1 -25.73
166532 -59.5034 2.1 -25.73
166737 -59.5034 2.1 -25.73
174381 -59.5034 2.1 -25.73
169188 -59.5034 2.1 -25.73
170052 -59.5034 2.1 -25.73
169085 -59.5034 2.1 -25.73
170906 -59.5034 2.1 -25.73
173062 -59.5034 2.1 -25.73
167073 -59.5034 2.1 -25.73
164845 -59.5034 2.1 -25.73
171709 -59.5034 2.1 -25.73
170640 -59.5034 2.1 -25.73
168079 -59.5034 2.1 -25.73
163027 -59.5034 2.1 -25.73
86396 -53.0904 -7.85 8.9
88469 -53.0904 -7.85 8.9
87945 -53.0904 -7.85 8.9
84811 -53.0904 -7.85 8.9
83030 -53.0904 -7.85 8.9
91638 -53.0904 -7.85 8.9
87451 -53.0904 -7.85 8.9
82756 -53.0904 -7.85 8.9
83351 -53.0904 -7.85 8.9
81239 -53.0904 -7.85 8.9
89146 -53.0904 -7.85 8.9
84920 -53.0904 -7.85 8.9
81660 -53.0904 -7.85 8.9
84128 -53.0904 -7.85 8.9
81548 -53.0904 -7.85 8.9
84738 -53.0904 -7.85 8.9
84174 -53.0904 -7.85 8.9
83555 -53.0904 -7.85 8.9
93234 -53.0904 -7.85 8.9
81346 -53.0904 -7.85 8.9
78922 -53.0904 -7.85 8.9
89250 -53.0904 -7.85 8.9
85560 -53.0904 -7.85 8.9
82821 -53.0904 -7.85 8.9
79497 -53.0904 -7.85 8.9
86209 -53.0904 -7.85 8.9
83627 -53.0904 -7.85 8.9
81957 -53.0904 -7.85 8.9
94571 -53.0904 -7.85 8.9
90217 -53.0904 -7.85 8.9
85744 -53.0904 -7.85 8.9
85536 -53.0904 -7.85 8.9
89481 -53.0904 -7.85 8.9
84706 -53.0904 -7.85 8.9
80425 -53.0904 -7.85 8.9
83757 -53.0904 -7.85 8.9
77496 -53.0904 -7.85 8.9
83064 -53.0904 -7.85 8.9
83722 -53.0904 -7.85 8.9
178426 -60.535 -5.24 -28.78
190998 -60.535 -5.24 -28.78
189534 -60.535 -5.24 -28.78
182858 -60.535 -5.24 -28.78
186989 -60.535 -5.24 -28.78
186542 -60.535 -5.24 -28.78
186972 -60.535 -5.24 -28.78
191831 -60.535 -5.24 -28.78
182689 -60.535 -5.24 -28.78
188272 -60.535 -5.24 -28.78
183111 -60.535 -5.24 -28.78
188025 -60.535 -5.24 -28.78
185913 -60.535 -5.24 -28.78
183222 -60.535 -5.24 -28.78
188053 -60.535 -5.24 -28.78
185649 -60.535 -5.24 -28.78
188199 -60.535 -5.24 -28.78
182297 -60.535 -5.24 -28.78
189511 -60.535 -5.24 -28.78
177936 -60.535 -5.24 -28.78
187408 -60.535 -5.24 -28.78
189277 -60.535 -5.24 -28.78
193809 -60.535 -5.24 -28.78
184818 -60.535 -5.24 -28.78
186053 -60.535 -5.24 -28.78
187430 -60.535 -5.24 -28.78
185179 -60.535 -5.24 -28.78
190456 -60.535 -5.24 -28.78
188851 -60.535 -5.24 -28.78
186317 -60.535 -5.24 -28.78
187678 -60.535 -5.24 -28.78
184274 -60.535 -5.24 -28.78
189839 -60.535 -5.24 -28.78
186938 -60.535 -5.24 -28.78
184817 -60.535 -5.24 -28.78
178405 -60.535 -5.24 -28.78
184752 -60.535 -5.24 -28.78
177861 -60.535 -5.24 -28.78
193187 -60.535 -5.24 -28.78
67604 -51.7207 5.27 8.56
67027 -51.7207 5.27 8.56
70151 -51.7207 5.27 8.56
63233 -51.7207 5.27 8.56
67322 -51.7207 5.27 8.56
58133 -51.7207 5.27 8.56
63971 -51.7207 5.27 8.56
66932 -51.7207 5.27 8.56
64229 -51.7207 5.27 8.56
70054 -51.7207 5.27 8.56
66469 -51.7207 5.27 8.56
69681 -51.7207 5.27 8.56
68887 -51.7207 5.27 8.56
64312 -51.7207 5.27 8.56
65122 -51.7207 5.27 8.56
61793 -51.7207 5.27 8.56
63951 -51.7207 5.27 8.56
72968 -51.7207 5.27 8.56
67497 -51.7207 5.27 8.56
66932 -51.7207 5.27 8.56
70623 -51.7207 5.27 8.56
68225 -51.7207 5.27 8.56
72396 -51.7207 5.27 8.56
68590 -51.7207 5.27 8.56
67650 -51.7207 5.27 8.56
68661 -51.7207 5.27 8.56
67908 -51.7207 5.27 8.56
66964 -51.7207 5.27 8.56
70144 -51.7207 5.27 8.56
66902 -51.7207 5.27 8.56
61702 -51.7207 5.27 8.56
74357 -51.7207 5.27 8.56
70583 -51.7207 5.27 8.56
73282 -51.7207 5.27 8.56
67882 -51.7207 5.27 8.56
68518 -51.7207 5.27 8.56
65866 -51.7207 5.27 8.56
66201 -51.7207 5.27 8.56
66616 -51.7207 5.27 8.56
185642 -60.6555 12.97 26.7
195291 -60.6555 12.97 26.7
188050 -60.6555 12.97 26.7
195404 -60.6555 12.97 26.7
197677 -60.6555 12.97 26.7
191329 -60.6555 12.97 26.7
193785 -60.6555 12.97 26.7
191743 -60.6555 12.97 26.7
197269 -60.6555 12.97 26.7
191431 -60.6555 12.97 26.7
183417 -60.6555 12.97 26.7
193253 -60.6555 12.97 26.7
184917 -60.6555 12.97 26.7
197416 -60.6555 12.97 26.7
191858 -60.6555 12.97 26.7
189500 -60.6555 12.97 26.7
194793 -60.6555 12.97 26.7
188289 -60.6555 12.97 26.7
193183 -60.6555 12.97 26.7
193293 -60.6555 12.97 26.7
192988 -60.6555 12.97 26.7
196481 -60.6555 12.97 26.7
193352 -60.6555 12.97 26.7
195749 -60.6555 12.97 26.7
197102 -60.6555 12.97 26.7
192207 -60.6555 12.97 26.7
194048 -60.6555 12.97 26.7
191911 -60.6555 12.97 26.7
195591 -60.6555 12.97 26.7
194673 -60.6555 12.97 26.7
193030 -60.6555 12.97 26.7
198110 -60.6555 12.97 26.7
193822 -60.6555 12.97 26.7
187172 -60.6555 12.97 26.7
192187 -60.6555 12.97 26.7
189003 -60.6555 12.97 26.7
195518 -60.6555 12.97 26.7
186297 -60.6555 12.97 26.7
192386 -60.6555 12.97 26.7
186367 -60.6299 -19.6 22.17
190823 -60.6299 -19.6 22.17
186357 -60.6299 -19.6 22.17
190774 -60.6299 -19.6 22.17
188519 -60.6299 -19.6 22.17
194519 -60.6299 -19.6 22.17
192201 -60.6299 -19.6 22.17
184407 -60.6299 -19.6 22.17
194983 -60.6299 -19.6 22.17
193444 -60.6299 -19.6 22.17
182306 -60.6299 -19.6 22.17
186113 -60.6299 -19.6 22.17
191663 -60.6299 -19.6 22.17
191486 -60.6299 -19.6 22.17
191073 -60.6299 -19.6 22.17
187795 -60.6299 -19.6 22.17
183997 -60.6299 -19.6 22.17
189260 -60.6299 -19.6 22.17
190154 -60.6299 -19.6 22.17
193299 -60.6299 -19.6 22.17
194983 -60.6299 -19.6 22.17
186653 -60.6299 -19.6 22.17
188855 -60.6299 -19.6 22.17
192375 -60.6299 -19.6 22.17
186428 -60.6299 -19.6 22.17
195169 -60.6299 -19.6 22.17
190513 -60.6299 -19.6 22.17
184857 -60.6299 -19.6 22.17
184677 -60.6299 -19.6 22.17
182941 -60.6299 -19.6 22.17
185107 -60.6299 -19.6 22.17
193271 -60.6299 -19.6 22.17
185118 -60.6299 -19.6 22.17
181675 -60.6299 -19.6 22.17
182822 -60.6299 -19.6 22.17
191832 -60.6299 -19.6 22.17
189756 -60.6299 -19.6 22.17
184529 -60.6299 -19.6 22.17
192977 -60.6299 -19.6 22.17
269688 -62.9711 -26 29.47
266846 -62.9711 -26 29.47
264786 -62.9711 -26 29.47
266802 -62.9711 -26 29.47
269655 -62.9711 -26 29.47
270281 -62.9711 -26 29.47
267355 -62.9711 -26 29.47
268756 -62.9711 -26 29.47
257273 -62.9711 -26 29.47
266668 -62.9711 -26 29.47
257384 -62.9711 -26 29.47
267954 -62.9711 -26 29.47
272677 -62.9711 -26 29.47
273086 -62.9711 -26 29.47
279287 -62.9711 -26 29.47
269528 -62.9711 -26 29.47
264019 -62.9711 -26 29.47
268702 -62.9711 -26 29.47
260618 -62.9711 -26 29.47
268921 -62.9711 -26 29.47
273721 -62.9711 -26 29.47
265975 -62.9711 -26 29.47
273455 -62.9711 -26 29.47
264874 -62.9711 -26 29.47
268841 -62.9711 -26 29.47
267338 -62.9711 -26 29.47
266959 -62.9711 -26 29.47
267972 -62.9711 -26 29.47
264018 -62.9711 -26 29.47
266502 -62.9711 -26 29.47
265572 -62.9711 -26 29.47
269374 -62.9711 -26 29.47
262485 -62.9711 -26 29.47
263699 -62.9711 -26 29.47
274728 -62.9711 -26 29.47
264048 -62.9711 -26 29.47
258985 -62.9711 -26 29.47
264297 -62.9711 -26 29.47
271557 -62.9711 -26 29.47
100211 -54.9683 0.04 14.9
97036 -54.9683 0.04 14.9
100437 -54.9683 0.04 14.9
100174 -54.9683 0.04 14.9
100716 -54.9683 0.04 14.9
96880 -54.9683 0.04 14.9
96084 -54.9683 0.04 14.9
99861 -54.9683 0.04 14.9
98301 -54.9683 0.04 14.9
99700 -54.9683 0.04 14.9
99573 -54.9683 0.04 14.9
101437 -54.9683 0.04 14.9
99001 -54.9683 0.04 14.9
95648 -54.9683 0.04 14.9
93742 -54.9683 0.04 14.9
95961 -54.9683 0.04 14.9
95678 -54.9683 0.04 14.9
97930 -54.9683 0.04 14.9
100961 -54.9683 0.04 14.9
97317 -54.9683 0.04 14.9
95242 -54.9683 0.04 14.9
93817 -54.9683 0.04 14.9
95312 -54.9683 0.04 14.9
101769 -54.9683 0.04 14.9
97803 -54.9683 0.04 14.9
97621 -54.9683 0.04 14.9
100395 -54.9683 0.04 14.9
95121 -54.9683 0.04 14.9
99064 -54.9683 0.04 14.9
102144 -54.9683 0.04 14.9
98469 -54.9683 0.04 14.9
96696 -54.9683 0.04 14.9
99929 -54.9683 0.04 14.9
99607 -54.9683 0.04 14.9
98946 -54.9683 0.04 14.9
92014 -54.9683 0.04 14.9
95928 -54.9683 0.04 14.9
101506 -54.9683 0.04 14.9
97002 -54.9683 0.04 14.9
