#rtt sig_str x y
94719 -54.7328 8.56 -11.68
98612 -54.7328 8.56 -11.68
94742 -54.7328 8.56 -11.68
96331 -54.7328 8.56 -11.68
94558 -54.7328 8.56 -11.68
99232 -54.7328 8.56 -11.68
96761 -54.7328 8.56 -11.68
105860 -54.7328 8.56 -11.68
95343 -54.7328 8.56 -11.68
97902 -54.7328 8.56 -11.68
90963 -54.7328 8.56 -11.68
94787 -54.7328 8.56 -11.68
98214 -54.7328 8.56 -11.68
99713 -54.7328 8.56 -11.68
93068 -54.7328 8.56 -11.68
100801 -54.7328 8.56 -11.68
99887 -54.7328 8.56 -11.68
103975 -54.7328 8.56 -11.68
92552 -54.7328 8.56 -11.68
97559 -54.7328 8.56 -11.68
91454 -54.7328 8.56 -11.68
100568 -54.7328 8.56 -11.68
114355 -54.7328 8.56 -11.68
101120 -54.7328 8.56 -11.68
99784 -54.7328 8.56 -11.68
100190 -54.7328 8.56 -11.68
101536 -54.7328 8.56 -11.68
96782 -54.7328 8.56 -11.68
101154 -54.7328 8.56 -11.68
86406 -54.7328 8.56 -11.68
95475 -54.7328 8.56 -11.68
90425 -54.7328 8.56 -11.68
97520 -54.7328 8.56 -11.68
95479 -54.7328 8.56 -11.68
96897 -54.7328 8.56 -11.68
104473 -54.7328 8.56 -11.68
91455 -54.7328 8.56 -11.68
93520 -54.7328 8.56 -11.68
99013 -54.7328 8.56 -11.68
43282 -48.5839 2.32 6.47
40380 -48.5839 2.32 6.47
42843 -48.5839 2.32 6.47
46899 -48.5839 2.32 6.47
36996 -48.5839 2.32 6.47
42645 -48.5839 2.32 6.47
46707 -48.5839 2.32 6.47
41271 -48.5839 2.32 6.47
42699 -48.5839 2.32 6.47
40139 -48.5839 2.32 6.47
45496 -48.5839 2.32 6.47
42268 -48.5839 2.32 6.47
35224 -48.5839 2.32 6.47
38556 -48.5839 2.32 6.47
44909 -48.5839 2.32 6.47
45161 -48.5839 2.32 6.47
45590 -48.5839 2.32 6.47
37639 -48.5839 2.32 6.47
33859 -48.5839 2.32 6.47
41748 -48.5839 2.32 6.47
43557 -48.5839 2.32 6.47
42991 -48.5839 2.32 6.47
42651 -48.5839 2.32 6.47
43099 -48.5839 2.32 6.47
44848 -48.5839 2.32 6.47
44662 -48.5839 2.32 6.47
39534 -48.5839 2.32 6.47
44569 -48.5839 2.32 6.47
37266 -48.5839 2.32 6.47
46904 -48.5839 2.32 6.47
39217 -48.5839 2.32 6.47
37332 -48.5839 2.32 6.47
33401 -48.5839 2.32 6.47
44509 -48.5839 2.32 6.47
43387 -48.5839 2.32 6.47
46200 -48.5839 2.32 6.47
47672 -48.5839 2.32 6.47
47157 -48.5839 2.32 6.47
37040 -48.5839 2.32 6.47
130568 -57.236 0.71 -19.6
117752 -57.236 0.71 -19.6
121236 -57.236 0.71 -19.6
125681 -57.236 0.71 -19.6
125131 -57.236 0.71 -19.6
119941 -57.236 0.71 -19.6
122260 -57.236 0.71 -19.6
122379 -57.236 0.71 -19.6
118420 -57.236 0.71 -19.6
120902 -57.236 0.71 -19.6
118376 -57.236 0.71 -19.6
130913 -57.236 0.71 -19.6
124441 -57.236 0.71 -19.6
121957 -57.236 0.71 -19.6
118608 -57.236 0.71 -19.6
125567 -57.236 0.71 -19.6
125971 -57.236 0.71 -19.6
127219 -57.236 0.71 -19.6
131296 -57.236 0.71 -19.6
112092 -57.236 0.71 -19.6
122985 -57.236 0.71 -19.6
129299 -57.236 0.71 -19.6
125930 -57.236 0.71 -19.6
116507 -57.236 0.71 -19.6
127319 -57.236 0.71 -19.6
126719 -57.236 0.71 -19.6
120765 -57.236 0.71 -19.6
129603 -57.236 0.71 -19.6
125238 -57.236 0.71 -19.6
128201 -57.236 0.71 -19.6
116778 -57.236 0.71 -19.6
121992 -57.236 0.71 -19.6
121095 -57.236 0.71 -19.6
121864 -57.236 0.71 -19.6
122033 -57.236 0.71 -19.6
124491 -57.236 0.71 -19.6
128983 -57.236 0.71 -19.6
117878 -57.236 0.71 -19.6
132961 -57.236 0.71 -19.6
42209 -48.3904 6.62 1.12
43046 -48.3904 6.62 1.12
48119 -48.3904 6.62 1.12
49762 -48.3904 6.62 1.12
46127 -48.3904 6.62 1.12
43541 -48.3904 6.62 1.12
48880 -48.3904 6.62 1.12
43574 -48.3904 6.62 1.12
43674 -48.3904 6.62 1.12
48294 -48.3904 6.62 1.12
47333 -48.3904 6.62 1.12
46565 -48.3904 6.62 1.12
42266 -48.3904 6.62 1.12
49450 -48.3904 6.62 1.12
47896 -48.3904 6.62 1.12
47513 -48.3904 6.62 1.12
53082 -48.3904 6.62 1.12
39622 -48.3904 6.62 1.12
50325 -48.3904 6.62 1.12
45345 -48.3904 6.62 1.12
47210 -48.3904 6.62 1.12
49020 -48.3904 6.62 1.12
45529 -48.3904 6.62 1.12
46695 -48.3904 6.62 1.12
43095 -48.3904 6.62 1.12
48890 -48.3904 6.62 1.12
49967 -48.3904 6.62 1.12
44026 -48.3904 6.62 1.12
45635 -48.3904 6.62 1.12
40153 -48.3904 6.62 1.12
47301 -48.3904 6.62 1.12
44581 -48.3904 6.62 1.12
46595 -48.3904 6.62 1.12
49791 -48.3904 6.62 1.12
46607 -48.3904 6.62 1.12
47470 -48.3904 6.62 1.12
49506 -48.3904 6.62 1.12
48372 -48.3904 6.62 1.12
54406 -48.3904 6.62 1.12
68791 -52.7934 -0.42 -11.44
73424 -52.7934 -0.42 -11.44
75239 -52.7934 -0.42 -11.44
72616 -52.7934 -0.42 -11.44
73798 -52.7934 -0.42 -11.44
70720 -52.7934 -0.42 -11.44
75966 -52.7934 -0.42 -11.44
75566 -52.7934 -0.42 -11.44
75089 -52.7934 -0.42 -11.44
70851 -52.7934 -0.42 -11.44
71000 -52.7934 -0.42 -11.44
71280 -52.7934 -0.42 -11.44
74150 -52.7934 -0.42 -11.44
73965 -52.7934 -0.42 -11.44
73381 -52.7934 -0.42 -11.44
71169 -52.7934 -0.42 -11.44
78557 -52.7934 -0.42 -11.44
75919 -52.7934 -0.42 -11.44
73244 -52.7934 -0.42 -11.44
64678 -52.7934 -0.42 -11.44
81292 -52.7934 -0.42 -11.44
74414 -52.7934 -0.42 -11.44
73623 -52.7934 -0.42 -11.44
71667 -52.7934 -0.42 -11.44
75962 -52.7934 -0.42 -11.44
69864 -52.7934 -0.42 -11.44
72201 -52.7934 -0.42 -11.44
80649 -52.7934 -0.42 -11.44
81455 -52.7934 -0.42 -11.44
72099 -52.7934 -0.42 -11.44
68855 -52.7934 -0.42 -11.44
70227 -52.7934 -0.42 -11.44
76650 -52.7934 -0.42 -11.44
75494 -52.7934 -0.42 -11.44
75110 -52.7934 -0.42 -11.44
70123 -52.7934 -0.42 -11.44
77774 -52.7934 -0.42 -11.44
72747 -52.7934 -0.42 -11.44
73923 -52.7934 -0.42 -11.44
192900 -60.7945 -17.14 -24.85
200190 -60.7945 -17.14 -24.85
195490 -60.7945 -17.14 -24.85
195910 -60.7945 -17.14 -24.85
200817 -60.7945 -17.14 -24.85
193308 -60.7945 -17.14 -24.85
202192 -60.7945 -17.14 -24.85
195569 -60.7945 -17.14 -24.85
195862 -60.7945 -17.14 -24.85
200635 -60.7945 -17.14 -24.85
202167 -60.7945 -17.14 -24.85
197242 -60.7945 -17.14 -24.85
200512 -60.7945 -17.14 -24.85
201183 -60.7945 -17.14 -24.85
202620 -60.7945 -17.14 -24.85
199480 -60.7945 -17.14 -24.85
196498 -60.7945 -17.14 -24.85
202728 -60.7945 -17.14 -24.85
191604 -60.7945 -17.14 -24.85
197707 -60.7945 -17.14 -24.85
200529 -60.7945 -17.14 -24.85
198300 -60.7945 -17.14 -24.85
196536 -60.7945 -17.14 -24.85
200893 -60.7945 -17.14 -24.85
199221 -60.7945 -17.14 -24.85
197716 -60.7945 -17.14 -24.85
193334 -60.7945 -17.14 -24.85
192145 -60.7945 -17.14 -24.85
192235 -60.7945 -17.14 -24.85
197171 -60.7945 -17.14 -24.85
205288 -60.7945 -17.14 -24.85
191987 -60.7945 -17.14 -24.85
193682 -60.7945 -17.14 -24.85
203819 -60.7945 -17.14 -24.85
204709 -60.7945 -17.14 -24.85
200626 -60.7945 -17.14 -24.85
196543 -60.7945 -17.14 -24.85
191858 -60.7945 -17.14 -24.85
198457 -60.7945 -17.14 -24.85
169421 -59.8144 -15.36 21.97
173098 -59.8144 -15.36 21.97
167653 -59.8144 -15.36 21.97
169916 -59.8144 -15.36 21.97
174927 -59.8144 -15.36 21.97
172152 -59.8144 -15.36 21.97
177164 -59.8144 -15.36 21.97
167279 -59.8144 -15.36 21.97
167557 -59.8144 -15.36 21.97
166139 -59.8144 -15.36 21.97
174902 -59.8144 -15.36 21.97
167041 -59.8144 -15.36 21.97
172329 -59.8144 -15.36 21.97
169251 -59.8144 -15.36 21.97
170627 -59.8144 -15.36 21.97
165415 -59.8144 -15.36 21.97
175549 -59.8144 -15.36 21.97
166780 -59.8144 -15.36 21.97
164642 -59.8144 -15.36 21.97
161560 -59.8144 -15.36 21.97
163132 -59.8144 -15.36 21.97
169944 -59.8144 -15.36 21.97
169829 -59.8144 -15.36 21.97
167486 -59.8144 -15.36 21.97
164487 -59.8144 -15.36 21.97
176875 -59.8144 -15.36 21.97
176895 -59.8144 -15.36 21.97
173392 -59.8144 -15.36 21.97
165680 -59.8144 -15.36 21.97
174236 -59.8144 -15.36 21.97
163444 -59.8144 -15.36 21.97
165921 -59.8144 -15.36 21.97
174341 -59.8144 -15.36 21.97
171337 -59.8144 -15.36 21.97
167523 -59.8144 -15.36 21.97
167171 -59.8144 -15.36 21.97
162830 -59.8144 -15.36 21.97
168611 -59.8144 -15.36 21.97
167563 -59.8144 -15.36 21.97
34836 -45.1376 4.33 -1.32
37428 -45.1376 4.33 -1.32
27551 -45.1376 4.33 -1.32
30976 -45.1376 4.33 -1.32
33273 -45.1376 4.33 -1.32
32918 -45.1376 4.33 -1.32
31056 -45.1376 4.33 -1.32
28323 -45.1376 4.33 -1.32
38130 -45.1376 4.33 -1.32
34496 -45.1376 4.33 -1.32
35889 -45.1376 4.33 -1.32
33386 -45.1376 4.33 -1.32
29268 -45.1376 4.33 -1.32
26217 -45.1376 4.33 -1.32
32848 -45.1376 4.33 -1.32
34068 -45.1376 4.33 -1.32
34772 -45.1376 4.33 -1.32
30973 -45.1376 4.33 -1.32
34052 -45.1376 4.33 -1.32
26898 -45.1376 4.33 -1.32
35015 -45.1376 4.33 -1.32
34080 -45.1376 4.33 -1.32
36025 -45.1376 4.33 -1.32
35211 -45.1376 4.33 -1.32
36444 -45.1376 4.33 -1.32
33097 -45.1376 4.33 -1.32
34436 -45.1376 4.33 -1.32
29325 -45.1376 4.33 -1.32
31198 -45.1376 4.33 -1.32
34815 -45.1376 4.33 -1.32
31753 -45.1376 4.33 -1.32
36759 -45.1376 4.33 -1.32
37380 -45.1376 4.33 -1.32
29406 -45.1376 4.33 -1.32
31364 -45.1376 4.33 -1.32
32743 -45.1376 4.33 -1.32
22870 -45.1376 4.33 -1.32
34019 -45.1376 4.33 -1.32
30685 -45.1376 4.33 -1.32
169245 -59.5035 16.36 19.97
168501 -59.5035 16.36 19.97
169828 -59.5035 16.36 19.97
172675 -59.5035 16.36 19.97
168997 -59.5035 16.36 19.97
166601 -59.5035 16.36 19.97
163470 -59.5035 16.36 19.97
162250 -59.5035 16.36 19.97
170914 -59.5035 16.36 19.97
162593 -59.5035 16.36 19.97
160406 -59.5035 16.36 19.97
167934 -59.5035 16.36 19.97
167624 -59.5035 16.36 19.97
162824 -59.5035 16.36 19.97
152521 -59.5035 16.36 19.97
167369 -59.5035 16.36 19.97
164726 -59.5035 16.36 19.97
161844 -59.5035 16.36 19.97
162784 -59.5035 16.36 19.97
161475 -59.5035 16.36 19.97
164243 -59.5035 16.36 19.97
164585 -59.5035 16.36 19.97
161128 -59.5035 16.36 19.97
168914 -59.5035 16.36 19.97
166420 -59.5035 16.36 19.97
166165 -59.5035 16.36 19.97
164297 -59.5035 16.36 19.97
164906 -59.5035 16.36 19.97
166408 -59.5035 16.36 19.97
166058 -59.5035 16.36 19.97
161333 -59.5035 16.36 19.97
161304 -59.5035 16.36 19.97
166815 -59.5035 16.36 19.97
160296 -59.5035 16.36 19.97
165666 -59.5035 16.36 19.97
156405 -59.5035 16.36 19.97
165716 -59.5035 16.36 19.97
164422 -59.5035 16.36 19.97
160389 -59.5035 16.36 19.97
199628 -60.6571 -11.36 27.43
202821 -60.6571 -11.36 27.43
195347 -60.6571 -11.36 27.43
201614 -60.6571 -11.36 27.43
195911 -60.6571 -11.36 27.43
196326 -60.6571 -11.36 27.43
195693 -60.6571 -11.36 27.43
202756 -60.6571 -11.36 27.43
197221 -60.6571 -11.36 27.43
201081 -60.6571 -11.36 27.43
198342 -60.6571 -11.36 27.43
196105 -60.6571 -11.36 27.43
199582 -60.6571 -11.36 27.43
199944 -60.6571 -11.36 27.43
199876 -60.6571 -11.36 27.43
204064 -60.6571 -11.36 27.43
204331 -60.6571 -11.36 27.43
202995 -60.6571 -11.36 27.43
198349 -60.6571 -11.36 27.43
192708 -60.6571 -11.36 27.43
198164 -60.6571 -11.36 27.43
196528 -60.6571 -11.36 27.43
196080 -60.6571 -11.36 27.43
195610 -60.6571 -11.36 27.43
199742 -60.6571 -11.36 27.43
201294 -60.6571 -11.36 27.43
197969 -60.6571 -11.36 27.43
192675 -60.6571 -11.36 27.43
201487 -60.6571 -11.36 27.43
197108 -60.6571 -11.36 27.43
194674 -60.6571 -11.36 27.43
205134 -60.6571 -11.36 27.43
201468 -60.6571 -11.36 27.43
197868 -60.6571 -11.36 27.43
190515 -60.6571 -11.36 27.43
199611 -60.6571 -11.36 27.43
197209 -60.6571 -11.36 27.43
200077 -60.6571 -11.36 27.43
189006 -60.6571 -11.36 27.43
