#rtt sig_str x y
119958 -56.7509 -17.87 -4.76
119107 -56.7509 -17.87 -4.76
121762 -56.7509 -17.87 -4.76
124022 -56.7509 -17.87 -4.76
116822 -56.7509 -17.87 -4.76
118128 -56.7509 -17.87 -4.76
117869 -56.7509 -17.87 -4.76
111349 -56.7509 -17.87 -4.76
110676 -56.7509 -17.87 -4.76
120022 -56.7509 -17.87 -4.76
115215 -56.7509 -17.87 -4.76
117866 -56.7509 -17.87 -4.76
121879 -56.7509 -17.87 -4.76
115855 -56.7509 -17.87 -4.76
111265 -56.7509 -17.87 -4.76
117631 -56.7509 -17.87 -4.76
123164 -56.7509 -17.87 -4.76
114922 -56.7509 -17.87 -4.76
107781 -56.7509 -17.87 -4.76
118797 -56.7509 -17.87 -4.76
119486 -56.7509 -17.87 -4.76
120716 -56.7509 -17.87 -4.76
114254 -56.7509 -17.87 -4.76
120930 -56.7509 -17.87 -4.76
113627 -56.7509 -17.87 -4.76
112777 -56.7509 -17.87 -4.76
115587 -56.7509 -17.87 -4.76
120397 -56.7509 -17.87 -4.76
111812 -56.7509 -17.87 -4.76
119161 -56.7509 -17.87 -4.76
121646 -56.7509 -17.87 -4.76
118711 -56.7509 -17.87 -4.76
121282 -56.7509 -17.87 -4.76
122443 -56.7509 -17.87 -4.76
119470 -56.7509 -17.87 -4.76
112199 -56.7509 -17.87 -4.76
110736 -56.7509 -17.87 -4.76
114573 -56.7509 -17.87 -4.76
122013 -56.7509 -17.87 -4.76
211339 -61.0202 17.08 25.9
206738 -61.0202 17.08 25.9
207186 -61.0202 17.08 25.9
205744 -61.0202 17.08 25.9
206599 -61.0202 17.08 25.9
203295 -61.0202 17.08 25.9
209830 -61.0202 17.08 25.9
209279 -61.0202 17.08 25.9
211736 -61.0202 17.08 25.9
215187 -61.0202 17.08 25.9
206825 -61.0202 17.08 25.9
202222 -61.0202 17.08 25.9
210280 -61.0202 17.08 25.9
194701 -61.0202 17.08 25.9
210872 -61.0202 17.08 25.9
218011 -61.0202 17.08 25.9
206984 -61.0202 17.08 25.9
206143 -61.0202 17.08 25.9
206186 -61.0202 17.08 25.9
212148 -61.0202 17.08 25.9
206134 -61.0202 17.08 25.9
203498 -61.0202 17.08 25.9
203202 -61.0202 17.08 25.9
210434 -61.0202 17.08 25.9
211028 -61.0202 17.08 25.9
211730 -61.0202 17.08 25.9
208960 -61.0202 17.08 25.9
206352 -61.0202 17.08 25.9
207918 -61.0202 17.08 25.9
210783 -61.0202 17.08 25.9
198651 -61.0202 17.08 25.9
215056 -61.0202 17.08 25.9
206498 -61.0202 17.08 25.9
212930 -61.0202 17.08 25.9
202243 -61.0202 17.08 25.9
208502 -61.0202 17.08 25.9
208625 -61.0202 17.08 25.9
210177 -61.0202 17.08 25.9
202523 -61.0202 17.08 25.9
225733 -61.2464 21.64 -23.42
218872 -61.2464 21.64 -23.42
214773 -61.2464 21.64 -23.42
218969 -61.2464 21.64 -23.42
210718 -61.2464 21.64 -23.42
223371 -61.2464 21.64 -23.42
213314 -61.2464 21.64 -23.42
214046 -61.2464 21.64 -23.42
219480 -61.2464 21.64 -23.42
215018 -61.2464 21.64 -23.42
215227 -61.2464 21.64 -23.42
211429 -61.2464 21.64 -23.42
217586 -61.2464 21.64 -23.42
223905 -61.2464 21.64 -23.42
217000 -61.2464 21.64 -23.42
206487 -61.2464 21.64 -23.42
215441 -61.2464 21.64 -23.42
222319 -61.2464 21.64 -23.42
217006 -61.2464 21.64 -23.42
219126 -61.2464 21.64 -23.42
217937 -61.2464 21.64 -23.42
218730 -61.2464 21.64 -23.42
217195 -61.2464 21.64 -23.42
218336 -61.2464 21.64 -23.42
218477 -61.2464 21.64 -23.42
212211 -61.2464 21.64 -23.42
219854 -61.2464 21.64 -23.42
220981 -61.2464 21.64 -23.42
218596 -61.2464 21.64 -23.42
214976 -61.2464 21.64 -23.42
220629 -61.2464 21.64 -23.42
218589 -61.2464 21.64 -23.42
220563 -61.2464 21.64 -23.42
222423 -61.2464 21.64 -23.42
212110 -61.2464 21.64 -23.42
218873 -61.2464 21.64 -23.42
218283 -61.2464 21.64 -23.42
215668 -61.2464 21.64 -23.42
216301 -61.2464 21.64 -23.42
75489 -52.3358 -10.38 3.09
77187 -52.3358 -10.38 3.09
68901 -52.3358 -10.38 3.09
69362 -52.3358 -10.38 3.09
66478 -52.3358 -10.38 3.09
73710 -52.3358 -10.38 3.09
70479 -52.3358 -10.38 3.09
75373 -52.3358 -10.38 3.09
73530 -52.3358 -10.38 3.09
71028 -52.3358 -10.38 3.09
69464 -52.3358 -10.38 3.09
64135 -52.3358 -10.38 3.09
69034 -52.3358 -10.38 3.09
74426 -52.3358 -10.38 3.09
72629 -52.3358 -10.38 3.09
73118 -52.3358 -10.38 3.09
71455 -52.3358 -10.38 3.09
70331 -52.3358 -10.38 3.09
67371 -52.3358 -10.38 3.09
74533 -52.3358 -10.38 3.09
71257 -52.3358 -10.38 3.09
74714 -52.3358 -10.38 3.09
69711 -52.3358 -10.38 3.09
74513 -52.3358 -10.38 3.09
67693 -52.3358 -10.38 3.09
68555 -52.3358 -10.38 3.09
71542 -52.3358 -10.38 3.09
72657 -52.3358 -10.38 3.09
76656 -52.3358 -10.38 3.09
70095 -52.3358 -10.38 3.09
68564 -52.3358 -10.38 3.09
69440 -52.3358 -10.38 3.09
69779 -52.3358 -10.38 3.09
68134 -52.3358 -10.38 3.09
70044 -52.3358 -10.38 3.09
74265 -52.3358 -10.38 3.09
67795 -52.3358 -10.38 3.09
73685 -52.3358 -10.38 3.09
75622 -52.3358 -10.38 3.09
124416 -56.9156 -15.07 11.35
113636 -56.9156 -15.07 11.35
120552 -56.9156 -15.07 11.35
116899 -56.9156 -15.07 11.35
120203 -56.9156 -15.07 11.35
117072 -56.9156 -15.07 11.35
121145 -56.9156 -15.07 11.35
124713 -56.9156 -15.07 11.35
122746 -56.9156 -15.07 11.35
123387 -56.9156 -15.07 11.35
121950 -56.9156 -15.07 11.35
120435 -56.9156 -15.07 11.35
115978 -56.9156 -15.07 11.35
127436 -56.9156 -15.07 11.35
122357 -56.9156 -15.07 11.35
125152 -56.9156 -15.07 11.35
124890 -56.9156 -15.07 11.35
121679 -56.9156 -15.07 11.35
123794 -56.9156 -15.07 11.35
120714 -56.9156 -15.07 11.35
119618 -56.9156 -15.07 11.35
121936 -56.9156 -15.07 11.35
111730 -56.9156 -15.07 11.35
123522 -56.9156 -15.07 11.35
113789 -56.9156 -15.07 11.35
128719 -56.9156 -15.07 11.35
125090 -56.9156 -15.07 11.35
119642 -56.9156 -15.07 11.35
127805 -56.9156 -15.07 11.35
126564 -56.9156 -15.07 11.35
120742 -56.9156 -15.07 11.35
116222 -56.9156 -15.07 11.35
123659 -56.9156 -15.07 11.35
123035 -56.9156 -15.07 11.35
123667 -56.9156 -15.07 11.35
131104 -56.9156 -15.07 11.35
120869 -56.9156 -15.07 11.35
129680 -56.9156 -15.07 11.35
125108 -56.9156 -15.07 11.35
175161 -60.1711 18.62 20.9
182031 -60.1711 18.62 20.9
179842 -60.1711 18.62 20.9
183912 -60.1711 18.62 20.9
178672 -60.1711 18.62 20.9
180549 -60.1711 18.62 20.9
187754 -60.1711 18.62 20.9
182358 -60.1711 18.62 20.9
184460 -60.1711 18.62 20.9
180978 -60.1711 18.62 20.9
184296 -60.1711 18.62 20.9
187075 -60.1711 18.62 20.9
184231 -60.1711 18.62 20.9
183535 -60.1711 18.62 20.9
178451 -60.1711 18.62 20.9
182912 -60.1711 18.62 20.9
188063 -60.1711 18.62 20.9
178307 -60.1711 18.62 20.9
185764 -60.1711 18.62 20.9
183744 -60.1711 18.62 20.9
184373 -60.1711 18.62 20.9
186749 -60.1711 18.62 20.9
183350 -60.1711 18.62 20.9
183019 -60.1711 18.62 20.9
179305 -60.1711 18.62 20.9
181336 -60.1711 18.62 20.9
180840 -60.1711 18.62 20.9
182444 -60.1711 18.62 20.9
185341 -60.1711 18.62 20.9
173108 -60.1711 18.62 20.9
182602 -60.1711 18.62 20.9
184593 -60.1711 18.62 20.9
182322 -60.1711 18.62 20.9
185253 -60.1711 18.62 20.9
186585 -60.1711 18.62 20.9
183230 -60.1711 18.62 20.9
178193 -60.1711 18.62 20.9
185846 -60.1711 18.62 20.9
193265 -60.1711 18.62 20.9
103872 -53.7296 12.81 -0.58
96614 -53.7296 12.81 -0.58
95776 -53.7296 12.81 -0.58
91746 -53.7296 12.81 -0.58
102398 -53.7296 12.81 -0.58
98497 -53.7296 12.81 -0.58
95459 -53.7296 12.81 -0.58
93743 -53.7296 12.81 -0.58
94871 -53.7296 12.81 -0.58
91946 -53.7296 12.81 -0.58
94326 -53.7296 12.81 -0.58
100065 -53.7296 12.81 -0.58
99287 -53.7296 12.81 -0.58
94226 -53.7296 12.81 -0.58
101857 -53.7296 12.81 -0.58
106482 -53.7296 12.81 -0.58
90331 -53.7296 12.81 -0.58
96012 -53.7296 12.81 -0.58
96594 -53.7296 12.81 -0.58
101658 -53.7296 12.81 -0.58
98782 -53.7296 12.81 -0.58
93729 -53.7296 12.81 -0.58
90023 -53.7296 12.81 -0.58
96766 -53.7296 12.81 -0.58
98970 -53.7296 12.81 -0.58
96893 -53.7296 12.81 -0.58
97047 -53.7296 12.81 -0.58
98019 -53.7296 12.81 -0.58
94370 -53.7296 12.81 -0.58
95687 -53.7296 12.81 -0.58
102829 -53.7296 12.81 -0.58
102937 -53.7296 12.81 -0.58
98542 -53.7296 12.81 -0.58
101556 -53.7296 12.81 -0.58
97434 -53.7296 12.81 -0.58
98867 -53.7296 12.81 -0.58
97314 -53.7296 12.81 -0.58
98005 -53.7296 12.81 -0.58
98322 -53.7296 12.81 -0.58
181546 -59.4285 9.68 -23.68
172793 -59.4285 9.68 -23.68
172612 -59.4285 9.68 -23.68
172219 -59.4285 9.68 -23.68
185681 -59.4285 9.68 -23.68
185070 -59.4285 9.68 -23.68
186439 -59.4285 9.68 -23.68
168831 -59.4285 9.68 -23.68
178740 -59.4285 9.68 -23.68
173479 -59.4285 9.68 -23.68
176488 -59.4285 9.68 -23.68
173005 -59.4285 9.68 -23.68
176586 -59.4285 9.68 -23.68
174413 -59.4285 9.68 -23.68
165254 -59.4285 9.68 -23.68
175538 -59.4285 9.68 -23.68
171786 -59.4285 9.68 -23.68
175985 -59.4285 9.68 -23.68
170586 -59.4285 9.68 -23.68
175907 -59.4285 9.68 -23.68
167280 -59.4285 9.68 -23.68
178401 -59.4285 9.68 -23.68
172202 -59.4285 9.68 -23.68
174534 -59.4285 9.68 -23.68
177398 -59.4285 9.68 -23.68
165319 -59.4285 9.68 -23.68
175956 -59.4285 9.68 -23.68
170384 -59.4285 9.68 -23.68
170429 -59.4285 9.68 -23.68
165670 -59.4285 9.68 -23.68
169651 -59.4285 9.68 -23.68
177582 -59.4285 9.68 -23.68
178127 -59.4285 9.68 -23.68
170432 -59.4285 9.68 -23.68
179143 -59.4285 9.68 -23.68
177366 -59.4285 9.68 -23.68
170259 -59.4285 9.68 -23.68
173897 -59.4285 9.68 -23.68
167767 -59.4285 9.68 -23.68
109458 -56.6046 12.63 -13.06
107096 -56.6046 12.63 -13.06
113909 -56.6046 12.63 -13.06
118967 -56.6046 12.63 -13.06
126012 -56.6046 12.63 -13.06
109822 -56.6046 12.63 -13.06
111093 -56.6046 12.63 -13.06
106914 -56.6046 12.63 -13.06
115228 -56.6046 12.63 -13.06
113175 -56.6046 12.63 -13.06
110410 -56.6046 12.63 -13.06
113120 -56.6046 12.63 -13.06
116538 -56.6046 12.63 -13.06
118403 -56.6046 12.63 -13.06
115885 -56.6046 12.63 -13.06
120013 -56.6046 12.63 -13.06
116799 -56.6046 12.63 -13.06
120013 -56.6046 12.63 -13.06
116262 -56.6046 12.63 -13.06
112105 -56.6046 12.63 -13.06
115583 -56.6046 12.63 -13.06
113898 -56.6046 12.63 -13.06
116611 -56.6046 12.63 -13.06
118579 -56.6046 12.63 -13.06
117447 -56.6046 12.63 -13.06
118226 -56.6046 12.63 -13.06
115387 -56.6046 12.63 -13.06
116022 -56.6046 12.63 -13.06
126008 -56.6046 12.63 -13.06
115798 -56.6046 12.63 -13.06
120856 -56.6046 12.63 -13.06
113493 -56.6046 12.63 -13.06
117434 -56.6046 12.63 -13.06
115419 -56.6046 12.63 -13.06
108938 -56.6046 12.63 -13.06
117376 -56.6046 12.63 -13.06
120521 -56.6046 12.63 -13.06
120750 -56.6046 12.63 -13.06
115008 -56.6046 12.63 -13.06
241384 -62.2085 -23.23 27.28
241440 -62.2085 -23.23 27.28
243145 -62.2085 -23.23 27.28
234373 -62.2085 -23.23 27.28
238221 -62.2085 -23.23 27.28
232380 -62.2085 -23.23 27.28
239731 -62.2085 -23.23 27.28
242817 -62.2085 -23.23 27.28
233773 -62.2085 -23.23 27.28
233447 -62.2085 -23.23 27.28
242545 -62.2085 -23.23 27.28
234569 -62.2085 -23.23 27.28
235804 -62.2085 -23.23 27.28
241123 -62.2085 -23.23 27.28
242078 -62.2085 -23.23 27.28
241965 -62.2085 -23.23 27.28
232973 -62.2085 -23.23 27.28
236024 -62.2085 -23.23 27.28
240846 -62.2085 -23.23 27.28
231023 -62.2085 -23.23 27.28
227576 -62.2085 -23.23 27.28
237824 -62.2085 -23.23 27.28
242771 -62.2085 -23.23 27.28
235045 -62.2085 -23.23 27.28
233211 -62.2085 -23.23 27.28
233961 -62.2085 -23.23 27.28
237006 -62.2085 -23.23 27.28
238236 -62.2085 -23.23 27.28
238583 -62.2085 -23.23 27.28
238108 -62.2085 -23.23 27.28
235664 -62.2085 -23.23 27.28
239613 -62.2085 -23.23 27.28
230612 -62.2085 -23.23 27.28
241377 -62.2085 -23.23 27.28
240226 -62.2085 -23.23 27.28
243903 -62.2085 -23.23 27.28
244806 -62.2085 -23.23 27.28
238341 -62.2085 -23.23 27.28
237704 -62.2085 -23.23 27.28
