#rtt sig_str x y
86372 -54.0901 4.14 12.74
84794 -54.0901 4.14 12.74
87118 -54.0901 4.14 12.74
87228 -54.0901 4.14 12.74
86834 -54.0901 4.14 12.74
81863 -54.0901 4.14 12.74
84605 -54.0901 4.14 12.74
87061 -54.0901 4.14 12.74
79331 -54.0901 4.14 12.74
86508 -54.0901 4.14 12.74
83560 -54.0901 4.14 12.74
81845 -54.0901 4.14 12.74
81440 -54.0901 4.14 12.74
82802 -54.0901 4.14 12.74
81076 -54.0901 4.14 12.74
81302 -54.0901 4.14 12.74
88668 -54.0901 4.14 12.74
85549 -54.0901 4.14 12.74
84314 -54.0901 4.14 12.74
85832 -54.0901 4.14 12.74
88789 -54.0901 4.14 12.74
81258 -54.0901 4.14 12.74
84865 -54.0901 4.14 12.74
81052 -54.0901 4.14 12.74
85872 -54.0901 4.14 12.74
79372 -54.0901 4.14 12.74
81751 -54.0901 4.14 12.74
88206 -54.0901 4.14 12.74
80859 -54.0901 4.14 12.74
88193 -54.0901 4.14 12.74
81868 -54.0901 4.14 12.74
85863 -54.0901 4.14 12.74
88200 -54.0901 4.14 12.74
87867 -54.0901 4.14 12.74
87897 -54.0901 4.14 12.74
83553 -54.0901 4.14 12.74
83028 -54.0901 4.14 12.74
82227 -54.0901 4.14 12.74
87146 -54.0901 4.14 12.74
188696 -60.8119 -26.05 15.38
200069 -60.8119 -26.05 15.38
200032 -60.8119 -26.05 15.38
196835 -60.8119 -26.05 15.38
201888 -60.8119 -26.05 15.38
200888 -60.8119 -26.05 15.38
202272 -60.8119 -26.05 15.38
202543 -60.8119 -26.05 15.38
206033 -60.8119 -26.05 15.38
200454 -60.8119 -26.05 15.38
196420 -60.8119 -26.05 15.38
200378 -60.8119 -26.05 15.38
202380 -60.8119 -26.05 15.38
198430 -60.8119 -26.05 15.38
197503 -60.8119 -26.05 15.38
200913 -60.8119 -26.05 15.38
203622 -60.8119 -26.05 15.38
199011 -60.8119 -26.05 15.38
202203 -60.8119 -26.05 15.38
200156 -60.8119 -26.05 15.38
205175 -60.8119 -26.05 15.38
199765 -60.8119 -26.05 15.38
195011 -60.8119 -26.05 15.38
201979 -60.8119 -26.05 15.38
205467 -60.8119 -26.05 15.38
204169 -60.8119 -26.05 15.38
204203 -60.8119 -26.05 15.38
207451 -60.8119 -26.05 15.38
198711 -60.8119 -26.05 15.38
208099 -60.8119 -26.05 15.38
196260 -60.8119 -26.05 15.38
200693 -60.8119 -26.05 15.38
195656 -60.8119 -26.05 15.38
200626 -60.8119 -26.05 15.38
200877 -60.8119 -26.05 15.38
197528 -60.8119 -26.05 15.38
204277 -60.8119 -26.05 15.38
196174 -60.8119 -26.05 15.38
198207 -60.8119 -26.05 15.38
169402 -59.4054 23.29 -10.41
164161 -59.4054 23.29 -10.41
171434 -59.4054 23.29 -10.41
168640 -59.4054 23.29 -10.41
170561 -59.4054 23.29 -10.41
173313 -59.4054 23.29 -10.41
167817 -59.4054 23.29 -10.41
168107 -59.4054 23.29 -10.41
169965 -59.4054 23.29 -10.41
172143 -59.4054 23.29 -10.41
172870 -59.4054 23.29 -10.41
167028 -59.4054 23.29 -10.41
161188 -59.4054 23.29 -10.41
166372 -59.4054 23.29 -10.41
174138 -59.4054 23.29 -10.41
176555 -59.4054 23.29 -10.41
173777 -59.4054 23.29 -10.41
167712 -59.4054 23.29 -10.41
170816 -59.4054 23.29 -10.41
169418 -59.4054 23.29 -10.41
176053 -59.4054 23.29 -10.41
162084 -59.4054 23.29 -10.41
166406 -59.4054 23.29 -10.41
169444 -59.4054 23.29 -10.41
172186 -59.4054 23.29 -10.41
174234 -59.4054 23.29 -10.41
158072 -59.4054 23.29 -10.41
171036 -59.4054 23.29 -10.41
172544 -59.4054 23.29 -10.41
169297 -59.4054 23.29 -10.41
166807 -59.4054 23.29 -10.41
167194 -59.4054 23.29 -10.41
165773 -59.4054 23.29 -10.41
174014 -59.4054 23.29 -10.41
168443 -59.4054 23.29 -10.41
169548 -59.4054 23.29 -10.41
165041 -59.4054 23.29 -10.41
163052 -59.4054 23.29 -10.41
162978 -59.4054 23.29 -10.41
194552 -59.9265 25.78 -8.59
194945 -59.9265 25.78 -8.59
187286 -59.9265 25.78 -8.59
191743 -59.9265 25.78 -8.59
193574 -59.9265 25.78 -8.59
188603 -59.9265 25.78 -8.59
191284 -59.9265 25.78 -8.59
196866 -59.9265 25.78 -8.59
189202 -59.9265 25.78 -8.59
188535 -59.9265 25.78 -8.59
188541 -59.9265 25.78 -8.59
189981 -59.9265 25.78 -8.59
186433 -59.9265 25.78 -8.59
188440 -59.9265 25.78 -8.59
187461 -59.9265 25.78 -8.59
190930 -59.9265 25.78 -8.59
196120 -59.9265 25.78 -8.59
191221 -59.9265 25.78 -8.59
188671 -59.9265 25.78 -8.59
191442 -59.9265 25.78 -8.59
188313 -59.9265 25.78 -8.59
191900 -59.9265 25.78 -8.59
192121 -59.9265 25.78 -8.59
189655 -59.9265 25.78 -8.59
194337 -59.9265 25.78 -8.59
190379 -59.9265 25.78 -8.59
181714 -59.9265 25.78 -8.59
192667 -59.9265 25.78 -8.59
186038 -59.9265 25.78 -8.59
182933 -59.9265 25.78 -8.59
199937 -59.9265 25.78 -8.59
188875 -59.9265 25.78 -8.59
191694 -59.9265 25.78 -8.59
197718 -59.9265 25.78 -8.59
190009 -59.9265 25.78 -8.59
189324 -59.9265 25.78 -8.59
197370 -59.9265 25.78 -8.59
186436 -59.9265 25.78 -8.59
189981 -59.9265 25.78 -8.59
84748 -52.4357 10.78 1.99
82729 -52.4357 10.78 1.99
83891 -52.4357 10.78 1.99
87773 -52.4357 10.78 1.99
87163 -52.4357 10.78 1.99
86678 -52.4357 10.78 1.99
89267 -52.4357 10.78 1.99
86083 -52.4357 10.78 1.99
91176 -52.4357 10.78 1.99
88439 -52.4357 10.78 1.99
86794 -52.4357 10.78 1.99
90021 -52.4357 10.78 1.99
82979 -52.4357 10.78 1.99
83937 -52.4357 10.78 1.99
90144 -52.4357 10.78 1.99
87369 -52.4357 10.78 1.99
88007 -52.4357 10.78 1.99
82093 -52.4357 10.78 1.99
86001 -52.4357 10.78 1.99
92595 -52.4357 10.78 1.99
77770 -52.4357 10.78 1.99
85183 -52.4357 10.78 1.99
85973 -52.4357 10.78 1.99
91496 -52.4357 10.78 1.99
85150 -52.4357 10.78 1.99
91404 -52.4357 10.78 1.99
88214 -52.4357 10.78 1.99
81670 -52.4357 10.78 1.99
89401 -52.4357 10.78 1.99
93373 -52.4357 10.78 1.99
88515 -52.4357 10.78 1.99
86681 -52.4357 10.78 1.99
96737 -52.4357 10.78 1.99
87491 -52.4357 10.78 1.99
85183 -52.4357 10.78 1.99
87779 -52.4357 10.78 1.99
86069 -52.4357 10.78 1.99
84292 -52.4357 10.78 1.99
90857 -52.4357 10.78 1.99
23295 -41.1516 2.66 -0.85
27207 -41.1516 2.66 -0.85
15976 -41.1516 2.66 -0.85
18344 -41.1516 2.66 -0.85
14840 -41.1516 2.66 -0.85
19815 -41.1516 2.66 -0.85
13747 -41.1516 2.66 -0.85
21630 -41.1516 2.66 -0.85
17764 -41.1516 2.66 -0.85
17165 -41.1516 2.66 -0.85
15369 -41.1516 2.66 -0.85
14297 -41.1516 2.66 -0.85
21854 -41.1516 2.66 -0.85
21088 -41.1516 2.66 -0.85
22435 -41.1516 2.66 -0.85
19147 -41.1516 2.66 -0.85
22631 -41.1516 2.66 -0.85
17362 -41.1516 2.66 -0.85
17286 -41.1516 2.66 -0.85
17388 -41.1516 2.66 -0.85
18485 -41.1516 2.66 -0.85
23079 -41.1516 2.66 -0.85
17005 -41.1516 2.66 -0.85
22145 -41.1516 2.66 -0.85
22337 -41.1516 2.66 -0.85
22145 -41.1516 2.66 -0.85
19730 -41.1516 2.66 -0.85
16753 -41.1516 2.66 -0.85
15392 -41.1516 2.66 -0.85
23327 -41.1516 2.66 -0.85
28358 -41.1516 2.66 -0.85
20217 -41.1516 2.66 -0.85
22037 -41.1516 2.66 -0.85
19708 -41.1516 2.66 -0.85
16163 -41.1516 2.66 -0.85
19826 -41.1516 2.66 -0.85
17745 -41.1516 2.66 -0.85
20789 -41.1516 2.66 -0.85
26902 -41.1516 2.66 -0.85
199490 -61.0025 -18.73 24.65
197509 -61.0025 -18.73 24.65
210026 -61.0025 -18.73 24.65
191823 -61.0025 -18.73 24.65
209189 -61.0025 -18.73 24.65
199694 -61.0025 -18.73 24.65
202752 -61.0025 -18.73 24.65
203893 -61.0025 -18.73 24.65
197139 -61.0025 -18.73 24.65
199434 -61.0025 -18.73 24.65
202826 -61.0025 -18.73 24.65
194690 -61.0025 -18.73 24.65
195764 -61.0025 -18.73 24.65
205345 -61.0025 -18.73 24.65
203057 -61.0025 -18.73 24.65
199937 -61.0025 -18.73 24.65
208861 -61.0025 -18.73 24.65
199640 -61.0025 -18.73 24.65
189648 -61.0025 -18.73 24.65
205852 -61.0025 -18.73 24.65
205353 -61.0025 -18.73 24.65
199852 -61.0025 -18.73 24.65
208923 -61.0025 -18.73 24.65
196772 -61.0025 -18.73 24.65
203570 -61.0025 -18.73 24.65
207400 -61.0025 -18.73 24.65
195374 -61.0025 -18.73 24.65
199088 -61.0025 -18.73 24.65
201431 -61.0025 -18.73 24.65
199462 -61.0025 -18.73 24.65
206895 -61.0025 -18.73 24.65
192860 -61.0025 -18.73 24.65
203626 -61.0025 -18.73 24.65
204996 -61.0025 -18.73 24.65
196704 -61.0025 -18.73 24.65
201630 -61.0025 -18.73 24.65
202732 -61.0025 -18.73 24.65
203758 -61.0025 -18.73 24.65
198335 -61.0025 -18.73 24.65
128622 -57.1285 7.1 -18.01
125467 -57.1285 7.1 -18.01
131718 -57.1285 7.1 -18.01
133111 -57.1285 7.1 -18.01
131318 -57.1285 7.1 -18.01
131930 -57.1285 7.1 -18.01
124613 -57.1285 7.1 -18.01
128006 -57.1285 7.1 -18.01
135803 -57.1285 7.1 -18.01
130816 -57.1285 7.1 -18.01
125616 -57.1285 7.1 -18.01
129782 -57.1285 7.1 -18.01
126679 -57.1285 7.1 -18.01
129024 -57.1285 7.1 -18.01
130170 -57.1285 7.1 -18.01
129221 -57.1285 7.1 -18.01
129893 -57.1285 7.1 -18.01
128278 -57.1285 7.1 -18.01
128649 -57.1285 7.1 -18.01
129193 -57.1285 7.1 -18.01
128116 -57.1285 7.1 -18.01
133741 -57.1285 7.1 -18.01
129393 -57.1285 7.1 -18.01
134700 -57.1285 7.1 -18.01
127980 -57.1285 7.1 -18.01
135081 -57.1285 7.1 -18.01
132301 -57.1285 7.1 -18.01
136134 -57.1285 7.1 -18.01
122725 -57.1285 7.1 -18.01
132966 -57.1285 7.1 -18.01
125040 -57.1285 7.1 -18.01
139384 -57.1285 7.1 -18.01
133863 -57.1285 7.1 -18.01
131894 -57.1285 7.1 -18.01
137721 -57.1285 7.1 -18.01
137614 -57.1285 7.1 -18.01
133319 -57.1285 7.1 -18.01
136772 -57.1285 7.1 -18.01
134579 -57.1285 7.1 -18.01
181022 -60.1102 -7.55 -26.74
180845 -60.1102 -7.55 -26.74
179851 -60.1102 -7.55 -26.74
187161 -60.1102 -7.55 -26.74
182270 -60.1102 -7.55 -26.74
174773 -60.1102 -7.55 -26.74
179838 -60.1102 -7.55 -26.74
180360 -60.1102 -7.55 -26.74
182353 -60.1102 -7.55 -26.74
174082 -60.1102 -7.55 -26.74
187154 -60.1102 -7.55 -26.74
191306 -60.1102 -7.55 -26.74
177959 -60.1102 -7.55 -26.74
179555 -60.1102 -7.55 -26.74
184206 -60.1102 -7.55 -26.74
175150 -60.1102 -7.55 -26.74
179434 -60.1102 -7.55 -26.74
177148 -60.1102 -7.55 -26.74
180412 -60.1102 -7.55 -26.74
190754 -60.1102 -7.55 -26.74
178322 -60.1102 -7.55 -26.74
178218 -60.1102 -7.55 -26.74
184349 -60.1102 -7.55 -26.74
181812 -60.1102 -7.55 -26.74
187024 -60.1102 -7.55 -26.74
181737 -60.1102 -7.55 -26.74
175797 -60.1102 -7.55 -26.74
190086 -60.1102 -7.55 -26.74
179555 -60.1102 -7.55 -26.74
181968 -60.1102 -7.55 -26.74
182921 -60.1102 -7.55 -26.74
181967 -60.1102 -7.55 -26.74
182025 -60.1102 -7.55 -26.74
190434 -60.1102 -7.55 -26.74
184134 -60.1102 -7.55 -26.74
178600 -60.1102 -7.55 -26.74
186951 -60.1102 -7.55 -26.74
180705 -60.1102 -7.55 -26.74
174971 -60.1102 -7.55 -26.74
168829 -59.5843 26.02 1.61
169152 -59.5843 26.02 1.61
156881 -59.5843 26.02 1.61
162384 -59.5843 26.02 1.61
168399 -59.5843 26.02 1.61
161022 -59.5843 26.02 1.61
163224 -59.5843 26.02 1.61
161562 -59.5843 26.02 1.61
160883 -59.5843 26.02 1.61
164328 -59.5843 26.02 1.61
163371 -59.5843 26.02 1.61
165713 -59.5843 26.02 1.61
170708 -59.5843 26.02 1.61
159171 -59.5843 26.02 1.61
171784 -59.5843 26.02 1.61
165673 -59.5843 26.02 1.61
161625 -59.5843 26.02 1.61
164964 -59.5843 26.02 1.61
169451 -59.5843 26.02 1.61
170576 -59.5843 26.02 1.61
163639 -59.5843 26.02 1.61
163998 -59.5843 26.02 1.61
165100 -59.5843 26.02 1.61
163214 -59.5843 26.02 1.61
165445 -59.5843 26.02 1.61
172074 -59.5843 26.02 1.61
162866 -59.5843 26.02 1.61
167030 -59.5843 26.02 1.61
160374 -59.5843 26.02 1.61
158374 -59.5843 26.02 1.61
164685 -59.5843 26.02 1.61
159437 -59.5843 26.02 1.61
168208 -59.5843 26.02 1.61
171505 -59.5843 26.02 1.61
161943 -59.5843 26.02 1.61
162478 -59.5843 26.02 1.61
153943 -59.5843 26.02 1.61
170010 -59.5843 26.02 1.61
165651 -59.5843 26.02 1.61
