#rtt sig_str x y
270087 -62.6241 25.15 -28.06
265282 -62.6241 25.15 -28.06
268534 -62.6241 25.15 -28.06
267811 -62.6241 25.15 -28.06
267924 -62.6241 25.15 -28.06
275014 -62.6241 25.15 -28.06
269118 -62.6241 25.15 -28.06
275515 -62.6241 25.15 -28.06
270589 -62.6241 25.15 -28.06
272138 -62.6241 25.15 -28.06
273819 -62.6241 25.15 -28.06
269114 -62.6241 25.15 -28.06
264240 -62.6241 25.15 -28.06
270277 -62.6241 25.15 -28.06
266036 -62.6241 25.15 -28.06
275211 -62.6241 25.15 -28.06
269326 -62.6241 25.15 -28.06
266786 -62.6241 25.15 -28.06
266384 -62.6241 25.15 -28.06
270909 -62.6241 25.15 -28.06
262095 -62.6241 25.15 -28.06
266490 -62.6241 25.15 -28.06
270068 -62.6241 25.15 -28.06
272304 -62.6241 25.15 -28.06
270214 -62.6241 25.15 -28.06
265786 -62.6241 25.15 -28.06
273480 -62.6241 25.15 -28.06
271355 -62.6241 25.15 -28.06
266603 -62.6241 25.15 -28.06
261795 -62.6241 25.15 -28.06
272059 -62.6241 25.15 -28.06
272580 -62.6241 25.15 -28.06
266722 -62.6241 25.15 -28.06
270963 -62.6241 25.15 -28.06
278531 -62.6241 25.15 -28.06
264601 -62.6241 25.15 -28.06
262359 -62.6241 25.15 -28.06
277754 -62.6241 25.15 -28.06
270175 -62.6241 25.15 -28.06
75550 -53.3561 8.53 -8.8
79159 -53.3561 8.53 -8.8
78357 -53.3561 8.53 -8.8
74184 -53.3561 8.53 -8.8
76911 -53.3561 8.53 -8.8
71520 -53.3561 8.53 -8.8
75879 -53.3561 8.53 -8.8
85706 -53.3561 8.53 -8.8
76728 -53.3561 8.53 -8.8
86715 -53.3561 8.53 -8.8
79840 -53.3561 8.53 -8.8
76281 -53.3561 8.53 -8.8
75553 -53.3561 8.53 -8.8
79922 -53.3561 8.53 -8.8
81140 -53.3561 8.53 -8.8
74420 -53.3561 8.53 -8.8
78111 -53.3561 8.53 -8.8
81088 -53.3561 8.53 -8.8
82238 -53.3561 8.53 -8.8
77823 -53.3561 8.53 -8.8
81606 -53.3561 8.53 -8.8
71436 -53.3561 8.53 -8.8
74642 -53.3561 8.53 -8.8
74177 -53.3561 8.53 -8.8
77724 -53.3561 8.53 -8.8
75772 -53.3561 8.53 -8.8
69335 -53.3561 8.53 -8.8
73539 -53.3561 8.53 -8.8
72816 -53.3561 8.53 -8.8
84762 -53.3561 8.53 -8.8
74033 -53.3561 8.53 -8.8
75575 -53.3561 8.53 -8.8
75902 -53.3561 8.53 -8.8
85090 -53.3561 8.53 -8.8
78812 -53.3561 8.53 -8.8
74103 -53.3561 8.53 -8.8
79307 -53.3561 8.53 -8.8
71979 -53.3561 8.53 -8.8
80118 -53.3561 8.53 -8.8
200431 -61.1517 15.23 -27.6
207003 -61.1517 15.23 -27.6
213698 -61.1517 15.23 -27.6
202348 -61.1517 15.23 -27.6
207800 -61.1517 15.23 -27.6
201482 -61.1517 15.23 -27.6
203067 -61.1517 15.23 -27.6
209385 -61.1517 15.23 -27.6
203796 -61.1517 15.23 -27.6
203850 -61.1517 15.23 -27.6
212792 -61.1517 15.23 -27.6
201891 -61.1517 15.23 -27.6
203651 -61.1517 15.23 -27.6
209307 -61.1517 15.23 -27.6
210528 -61.1517 15.23 -27.6
200962 -61.1517 15.23 -27.6
205994 -61.1517 15.23 -27.6
205750 -61.1517 15.23 -27.6
202108 -61.1517 15.23 -27.6
213428 -61.1517 15.23 -27.6
205186 -61.1517 15.23 -27.6
206938 -61.1517 15.23 -27.6
204056 -61.1517 15.23 -27.6
206698 -61.1517 15.23 -27.6
205710 -61.1517 15.23 -27.6
203742 -61.1517 15.23 -27.6
208450 -61.1517 15.23 -27.6
206870 -61.1517 15.23 -27.6
208573 -61.1517 15.23 -27.6
205701 -61.1517 15.23 -27.6
205549 -61.1517 15.23 -27.6
204476 -61.1517 15.23 -27.6
205692 -61.1517 15.23 -27.6
212892 -61.1517 15.23 -27.6
203292 -61.1517 15.23 -27.6
205525 -61.1517 15.23 -27.6
198606 -61.1517 15.23 -27.6
204845 -61.1517 15.23 -27.6
208112 -61.1517 15.23 -27.6
195567 -60.3092 -21.64 18.49
186206 -60.3092 -21.64 18.49
191328 -60.3092 -21.64 18.49
195926 -60.3092 -21.64 18.49
192821 -60.3092 -21.64 18.49
196145 -60.3092 -21.64 18.49
196626 -60.3092 -21.64 18.49
196864 -60.3092 -21.64 18.49
192699 -60.3092 -21.64 18.49
190644 -60.3092 -21.64 18.49
195104 -60.3092 -21.64 18.49
184483 -60.3092 -21.64 18.49
189347 -60.3092 -21.64 18.49
193875 -60.3092 -21.64 18.49
192818 -60.3092 -21.64 18.49
190405 -60.3092 -21.64 18.49
191882 -60.3092 -21.64 18.49
191816 -60.3092 -21.64 18.49
192066 -60.3092 -21.64 18.49
193022 -60.3092 -21.64 18.49
188243 -60.3092 -21.64 18.49
191700 -60.3092 -21.64 18.49
191321 -60.3092 -21.64 18.49
191477 -60.3092 -21.64 18.49
192657 -60.3092 -21.64 18.49
195884 -60.3092 -21.64 18.49
187895 -60.3092 -21.64 18.49
192965 -60.3092 -21.64 18.49
187612 -60.3092 -21.64 18.49
185506 -60.3092 -21.64 18.49
191292 -60.3092 -21.64 18.49
191878 -60.3092 -21.64 18.49
190493 -60.3092 -21.64 18.49
188988 -60.3092 -21.64 18.49
193217 -60.3092 -21.64 18.49
186212 -60.3092 -21.64 18.49
193834 -60.3092 -21.64 18.49
191363 -60.3092 -21.64 18.49
198666 -60.3092 -21.64 18.49
180147 -59.7289 -24.76 -9.53
172649 -59.7289 -24.76 -9.53
169099 -59.7289 -24.76 -9.53
173201 -59.7289 -24.76 -9.53
180148 -59.7289 -24.76 -9.53
174692 -59.7289 -24.76 -9.53
174099 -59.7289 -24.76 -9.53
167787 -59.7289 -24.76 -9.53
174094 -59.7289 -24.76 -9.53
174828 -59.7289 -24.76 -9.53
168840 -59.7289 -24.76 -9.53
164930 -59.7289 -24.76 -9.53
176888 -59.7289 -24.76 -9.53
176794 -59.7289 -24.76 -9.53
179097 -59.7289 -24.76 -9.53
168720 -59.7289 -24.76 -9.53
175030 -59.7289 -24.76 -9.53
174086 -59.7289 -24.76 -9.53
165452 -59.7289 -24.76 -9.53
166712 -59.7289 -24.76 -9.53
177892 -59.7289 -24.76 -9.53
174634 -59.7289 -24.76 -9.53
172126 -59.7289 -24.76 -9.53
171152 -59.7289 -24.76 -9.53
174326 -59.7289 -24.76 -9.53
169888 -59.7289 -24.76 -9.53
178217 -59.7289 -24.76 -9.53
165225 -59.7289 -24.76 -9.53
170215 -59.7289 -24.76 -9.53
174955 -59.7289 -24.76 -9.53
171828 -59.7289 -24.76 -9.53
175201 -59.7289 -24.76 -9.53
175873 -59.7289 -24.76 -9.53
172195 -59.7289 -24.76 -9.53
169406 -59.7289 -24.76 -9.53
167889 -59.7289 -24.76 -9.53
171996 -59.7289 -24.76 -9.53
166526 -59.7289 -24.76 -9.53
178695 -59.7289 -24.76 -9.53
191661 -60.4748 17.28 23.34
181090 -60.4748 17.28 23.34
181399 -60.4748 17.28 23.34
186740 -60.4748 17.28 23.34
172842 -60.4748 17.28 23.34
186605 -60.4748 17.28 23.34
192236 -60.4748 17.28 23.34
190041 -60.4748 17.28 23.34
188584 -60.4748 17.28 23.34
187795 -60.4748 17.28 23.34
184954 -60.4748 17.28 23.34
186711 -60.4748 17.28 23.34
188630 -60.4748 17.28 23.34
195158 -60.4748 17.28 23.34
181730 -60.4748 17.28 23.34
190332 -60.4748 17.28 23.34
188119 -60.4748 17.28 23.34
190134 -60.4748 17.28 23.34
187326 -60.4748 17.28 23.34
187975 -60.4748 17.28 23.34
188251 -60.4748 17.28 23.34
186073 -60.4748 17.28 23.34
194563 -60.4748 17.28 23.34
181580 -60.4748 17.28 23.34
191011 -60.4748 17.28 23.34
191693 -60.4748 17.28 23.34
186820 -60.4748 17.28 23.34
187859 -60.4748 17.28 23.34
187804 -60.4748 17.28 23.34
184866 -60.4748 17.28 23.34
193189 -60.4748 17.28 23.34
186841 -60.4748 17.28 23.34
182815 -60.4748 17.28 23.34
181235 -60.4748 17.28 23.34
192148 -60.4748 17.28 23.34
187085 -60.4748 17.28 23.34
201103 -60.4748 17.28 23.34
183847 -60.4748 17.28 23.34
187203 -60.4748 17.28 23.34
128785 -56.7357 -10.43 15.23
119374 -56.7357 -10.43 15.23
116783 -56.7357 -10.43 15.23
112725 -56.7357 -10.43 15.23
122272 -56.7357 -10.43 15.23
117151 -56.7357 -10.43 15.23
124089 -56.7357 -10.43 15.23
118887 -56.7357 -10.43 15.23
116439 -56.7357 -10.43 15.23
124266 -56.7357 -10.43 15.23
114370 -56.7357 -10.43 15.23
118748 -56.7357 -10.43 15.23
115583 -56.7357 -10.43 15.23
124828 -56.7357 -10.43 15.23
120556 -56.7357 -10.43 15.23
118229 -56.7357 -10.43 15.23
115255 -56.7357 -10.43 15.23
109798 -56.7357 -10.43 15.23
114484 -56.7357 -10.43 15.23
120898 -56.7357 -10.43 15.23
110994 -56.7357 -10.43 15.23
120100 -56.7357 -10.43 15.23
120545 -56.7357 -10.43 15.23
121936 -56.7357 -10.43 15.23
119631 -56.7357 -10.43 15.23
109022 -56.7357 -10.43 15.23
112750 -56.7357 -10.43 15.23
124236 -56.7357 -10.43 15.23
114553 -56.7357 -10.43 15.23
122000 -56.7357 -10.43 15.23
118573 -56.7357 -10.43 15.23
120017 -56.7357 -10.43 15.23
120144 -56.7357 -10.43 15.23
123222 -56.7357 -10.43 15.23
118489 -56.7357 -10.43 15.23
124118 -56.7357 -10.43 15.23
125784 -56.7357 -10.43 15.23
116592 -56.7357 -10.43 15.23
125118 -56.7357 -10.43 15.23
78669 -53.0498 2.46 11.55
77057 -53.0498 2.46 11.55
73452 -53.0498 2.46 11.55
72897 -53.0498 2.46 11.55
73142 -53.0498 2.46 11.55
80808 -53.0498 2.46 11.55
76159 -53.0498 2.46 11.55
81623 -53.0498 2.46 11.55
68222 -53.0498 2.46 11.55
78875 -53.0498 2.46 11.55
78815 -53.0498 2.46 11.55
73069 -53.0498 2.46 11.55
69400 -53.0498 2.46 11.55
74198 -53.0498 2.46 11.55
73713 -53.0498 2.46 11.55
76675 -53.0498 2.46 11.55
74020 -53.0498 2.46 11.55
67882 -53.0498 2.46 11.55
76919 -53.0498 2.46 11.55
79590 -53.0498 2.46 11.55
72137 -53.0498 2.46 11.55
78685 -53.0498 2.46 11.55
71797 -53.0498 2.46 11.55
74836 -53.0498 2.46 11.55
74462 -53.0498 2.46 11.55
71019 -53.0498 2.46 11.55
81983 -53.0498 2.46 11.55
75149 -53.0498 2.46 11.55
77440 -53.0498 2.46 11.55
75795 -53.0498 2.46 11.55
69310 -53.0498 2.46 11.55
78023 -53.0498 2.46 11.55
74042 -53.0498 2.46 11.55
75285 -53.0498 2.46 11.55
73430 -53.0498 2.46 11.55
72588 -53.0498 2.46 11.55
73829 -53.0498 2.46 11.55
72404 -53.0498 2.46 11.55
84856 -53.0498 2.46 11.55
107751 -55.3471 -15.59 -0.56
109015 -55.3471 -15.59 -0.56
103431 -55.3471 -15.59 -0.56
105732 -55.3471 -15.59 -0.56
104131 -55.3471 -15.59 -0.56
107191 -55.3471 -15.59 -0.56
105548 -55.3471 -15.59 -0.56
108512 -55.3471 -15.59 -0.56
103514 -55.3471 -15.59 -0.56
107560 -55.3471 -15.59 -0.56
109348 -55.3471 -15.59 -0.56
105620 -55.3471 -15.59 -0.56
107762 -55.3471 -15.59 -0.56
105176 -55.3471 -15.59 -0.56
113596 -55.3471 -15.59 -0.56
108462 -55.3471 -15.59 -0.56
106422 -55.3471 -15.59 -0.56
103978 -55.3471 -15.59 -0.56
111255 -55.3471 -15.59 -0.56
99011 -55.3471 -15.59 -0.56
102832 -55.3471 -15.59 -0.56
102500 -55.3471 -15.59 -0.56
108990 -55.3471 -15.59 -0.56
107465 -55.3471 -15.59 -0.56
107714 -55.3471 -15.59 -0.56
111411 -55.3471 -15.59 -0.56
109189 -55.3471 -15.59 -0.56
101491 -55.3471 -15.59 -0.56
106632 -55.3471 -15.59 -0.56
106347 -55.3471 -15.59 -0.56
107733 -55.3471 -15.59 -0.56
110379 -55.3471 -15.59 -0.56
103414 -55.3471 -15.59 -0.56
106650 -55.3471 -15.59 -0.56
104814 -55.3471 -15.59 -0.56
111307 -55.3471 -15.59 -0.56
107035 -55.3471 -15.59 -0.56
107744 -55.3471 -15.59 -0.56
111864 -55.3471 -15.59 -0.56
141991 -58.3203 2.73 22.2
148588 -58.3203 2.73 22.2
143625 -58.3203 2.73 22.2
147495 -58.3203 2.73 22.2
145956 -58.3203 2.73 22.2
147583 -58.3203 2.73 22.2
141987 -58.3203 2.73 22.2
155973 -58.3203 2.73 22.2
144052 -58.3203 2.73 22.2
148482 -58.3203 2.73 22.2
146570 -58.3203 2.73 22.2
144366 -58.3203 2.73 22.2
149533 -58.3203 2.73 22.2
142727 -58.3203 2.73 22.2
140194 -58.3203 2.73 22.2
147155 -58.3203 2.73 22.2
144693 -58.3203 2.73 22.2
150072 -58.3203 2.73 22.2
146692 -58.3203 2.73 22.2
141740 -58.3203 2.73 22.2
150099 -58.3203 2.73 22.2
153197 -58.3203 2.73 22.2
150574 -58.3203 2.73 22.2
150246 -58.3203 2.73 22.2
139665 -58.3203 2.73 22.2
144664 -58.3203 2.73 22.2
147373 -58.3203 2.73 22.2
144808 -58.3203 2.73 22.2
141550 -58.3203 2.73 22.2
140669 -58.3203 2.73 22.2
145118 -58.3203 2.73 22.2
138109 -58.3203 2.73 22.2
139454 -58.3203 2.73 22.2
144733 -58.3203 2.73 22.2
143674 -58.3203 2.73 22.2
150173 -58.3203 2.73 22.2
148010 -58.3203 2.73 22.2
143329 -58.3203 2.73 22.2
146586 -58.3203 2.73 22.2
