#rtt sig_str x y
235433 -62.1802 -27.11 23.24
248153 -62.1802 -27.11 23.24
231501 -62.1802 -27.11 23.24
234247 -62.1802 -27.11 23.24
237206 -62.1802 -27.11 23.24
230052 -62.1802 -27.11 23.24
228371 -62.1802 -27.11 23.24
237886 -62.1802 -27.11 23.24
241909 -62.1802 -27.11 23.24
232864 -62.1802 -27.11 23.24
231914 -62.1802 -27.11 23.24
234182 -62.1802 -27.11 23.24
233575 -62.1802 -27.11 23.24
233520 -62.1802 -27.11 23.24
237843 -62.1802 -27.11 23.24
231940 -62.1802 -27.11 23.24
235151 -62.1802 -27.11 23.24
237582 -62.1802 -27.11 23.24
241181 -62.1802 -27.11 23.24
234036 -62.1802 -27.11 23.24
246302 -62.1802 -27.11 23.24
233256 -62.1802 -27.11 23.24
228243 -62.1802 -27.11 23.24
236749 -62.1802 -27.11 23.24
231192 -62.1802 -27.11 23.24
236255 -62.1802 -27.11 23.24
236927 -62.1802 -27.11 23.24
233509 -62.1802 -27.11 23.24
231523 -62.1802 -27.11 23.24
232179 -62.1802 -27.11 23.24
238312 -62.1802 -27.11 23.24
242205 -62.1802 -27.11 23.24
229835 -62.1802 -27.11 23.24
230665 -62.1802 -27.11 23.24
238972 -62.1802 -27.11 23.24
233967 -62.1802 -27.11 23.24
236970 -62.1802 -27.11 23.24
232947 -62.1802 -27.11 23.24
227892 -62.1802 -27.11 23.24
79566 -52.9856 10.86 4.4
77744 -52.9856 10.86 4.4
76698 -52.9856 10.86 4.4
75908 -52.9856 10.86 4.4
88025 -52.9856 10.86 4.4
71076 -52.9856 10.86 4.4
81429 -52.9856 10.86 4.4
79109 -52.9856 10.86 4.4
77906 -52.9856 10.86 4.4
77212 -52.9856 10.86 4.4
83778 -52.9856 10.86 4.4
80700 -52.9856 10.86 4.4
74223 -52.9856 10.86 4.4
75177 -52.9856 10.86 4.4
80600 -52.9856 10.86 4.4
74319 -52.9856 10.86 4.4
80722 -52.9856 10.86 4.4
77304 -52.9856 10.86 4.4
81252 -52.9856 10.86 4.4
83653 -52.9856 10.86 4.4
78096 -52.9856 10.86 4.4
82061 -52.9856 10.86 4.4
79168 -52.9856 10.86 4.4
79621 -52.9856 10.86 4.4
79026 -52.9856 10.86 4.4
70602 -52.9856 10.86 4.4
80239 -52.9856 10.86 4.4
83473 -52.9856 10.86 4.4
71042 -52.9856 10.86 4.4
75057 -52.9856 10.86 4.4
79151 -52.9856 10.86 4.4
84716 -52.9856 10.86 4.4
79270 -52.9856 10.86 4.4
77259 -52.9856 10.86 4.4
75608 -52.9856 10.86 4.4
79282 -52.9856 10.86 4.4
78355 -52.9856 10.86 4.4
77346 -52.9856 10.86 4.4
82816 -52.9856 10.86 4.4
124670 -56.9022 17.92 5.8
132946 -56.9022 17.92 5.8
129940 -56.9022 17.92 5.8
132499 -56.9022 17.92 5.8
134318 -56.9022 17.92 5.8
131834 -56.9022 17.92 5.8
127129 -56.9022 17.92 5.8
124644 -56.9022 17.92 5.8
126420 -56.9022 17.92 5.8
137340 -56.9022 17.92 5.8
128156 -56.9022 17.92 5.8
126208 -56.9022 17.92 5.8
128332 -56.9022 17.92 5.8
125892 -56.9022 17.92 5.8
130236 -56.9022 17.92 5.8
124813 -56.9022 17.92 5.8
127938 -56.9022 17.92 5.8
133227 -56.9022 17.92 5.8
135182 -56.9022 17.92 5.8
127751 -56.9022 17.92 5.8
131852 -56.9022 17.92 5.8
131043 -56.9022 17.92 5.8
127512 -56.9022 17.92 5.8
128759 -56.9022 17.92 5.8
134749 -56.9022 17.92 5.8
125210 -56.9022 17.92 5.8
133710 -56.9022 17.92 5.8
124510 -56.9022 17.92 5.8
125099 -56.9022 17.92 5.8
137982 -56.9022 17.92 5.8
129194 -56.9022 17.92 5.8
127168 -56.9022 17.92 5.8
130445 -56.9022 17.92 5.8
131113 -56.9022 17.92 5.8
131549 -56.9022 17.92 5.8
130673 -56.9022 17.92 5.8
127319 -56.9022 17.92 5.8
128349 -56.9022 17.92 5.8
133220 -56.9022 17.92 5.8
142134 -57.7337 18.01 -10.47
140645 -57.7337 18.01 -10.47
143637 -57.7337 18.01 -10.47
142852 -57.7337 18.01 -10.47
142296 -57.7337 18.01 -10.47
141607 -57.7337 18.01 -10.47
135116 -57.7337 18.01 -10.47
138064 -57.7337 18.01 -10.47
136946 -57.7337 18.01 -10.47
142724 -57.7337 18.01 -10.47
138149 -57.7337 18.01 -10.47
140430 -57.7337 18.01 -10.47
140734 -57.7337 18.01 -10.47
136961 -57.7337 18.01 -10.47
142154 -57.7337 18.01 -10.47
136444 -57.7337 18.01 -10.47
144414 -57.7337 18.01 -10.47
144803 -57.7337 18.01 -10.47
135554 -57.7337 18.01 -10.47
146488 -57.7337 18.01 -10.47
138646 -57.7337 18.01 -10.47
137702 -57.7337 18.01 -10.47
138410 -57.7337 18.01 -10.47
142239 -57.7337 18.01 -10.47
139464 -57.7337 18.01 -10.47
139746 -57.7337 18.01 -10.47
143111 -57.7337 18.01 -10.47
136776 -57.7337 18.01 -10.47
143231 -57.7337 18.01 -10.47
145492 -57.7337 18.01 -10.47
130810 -57.7337 18.01 -10.47
140752 -57.7337 18.01 -10.47
146650 -57.7337 18.01 -10.47
138646 -57.7337 18.01 -10.47
144911 -57.7337 18.01 -10.47
138397 -57.7337 18.01 -10.47
144080 -57.7337 18.01 -10.47
150670 -57.7337 18.01 -10.47
142437 -57.7337 18.01 -10.47
214323 -61.2761 27.92 15.64
210966 -61.2761 27.92 15.64
214839 -61.2761 27.92 15.64
220659 -61.2761 27.92 15.64
205222 -61.2761 27.92 15.64
214261 -61.2761 27.92 15.64
215216 -61.2761 27.92 15.64
213802 -61.2761 27.92 15.64
215012 -61.2761 27.92 15.64
211566 -61.2761 27.92 15.64
206023 -61.2761 27.92 15.64
209930 -61.2761 27.92 15.64
212991 -61.2761 27.92 15.64
218150 -61.2761 27.92 15.64
210171 -61.2761 27.92 15.64
211534 -61.2761 27.92 15.64
214114 -61.2761 27.92 15.64
209987 -61.2761 27.92 15.64
217926 -61.2761 27.92 15.64
215793 -61.2761 27.92 15.64
211019 -61.2761 27.92 15.64
205290 -61.2761 27.92 15.64
210319 -61.2761 27.92 15.64
211269 -61.2761 27.92 15.64
211378 -61.2761 27.92 15.64
207851 -61.2761 27.92 15.64
210120 -61.2761 27.92 15.64
208914 -61.2761 27.92 15.64
217245 -61.2761 27.92 15.64
214503 -61.2761 27.92 15.64
215928 -61.2761 27.92 15.64
215551 -61.2761 27.92 15.64
211106 -61.2761 27.92 15.64
211637 -61.2761 27.92 15.64
210506 -61.2761 27.92 15.64
213880 -61.2761 27.92 15.64
217618 -61.2761 27.92 15.64
217096 -61.2761 27.92 15.64
211882 -61.2761 27.92 15.64
196846 -60.6933 -3.36 29.63
197521 -60.6933 -3.36 29.63
202860 -60.6933 -3.36 29.63
199771 -60.6933 -3.36 29.63
204539 -60.6933 -3.36 29.63
199694 -60.6933 -3.36 29.63
192926 -60.6933 -3.36 29.63
196239 -60.6933 -3.36 29.63
200805 -60.6933 -3.36 29.63
201221 -60.6933 -3.36 29.63
199456 -60.6933 -3.36 29.63
192925 -60.6933 -3.36 29.63
191863 -60.6933 -3.36 29.63
190204 -60.6933 -3.36 29.63
204187 -60.6933 -3.36 29.63
200500 -60.6933 -3.36 29.63
199200 -60.6933 -3.36 29.63
194899 -60.6933 -3.36 29.63
201092 -60.6933 -3.36 29.63
196728 -60.6933 -3.36 29.63
193888 -60.6933 -3.36 29.63
198306 -60.6933 -3.36 29.63
194614 -60.6933 -3.36 29.63
196322 -60.6933 -3.36 29.63
194797 -60.6933 -3.36 29.63
196781 -60.6933 -3.36 29.63
202024 -60.6933 -3.36 29.63
190894 -60.6933 -3.36 29.63
198447 -60.6933 -3.36 29.63
196639 -60.6933 -3.36 29.63
197673 -60.6933 -3.36 29.63
200107 -60.6933 -3.36 29.63
197632 -60.6933 -3.36 29.63
201986 -60.6933 -3.36 29.63
202260 -60.6933 -3.36 29.63
189238 -60.6933 -3.36 29.63
202355 -60.6933 -3.36 29.63
203326 -60.6933 -3.36 29.63
194239 -60.6933 -3.36 29.63
126183 -57.5097 19.88 3.98
143434 -57.5097 19.88 3.98
139174 -57.5097 19.88 3.98
139748 -57.5097 19.88 3.98
131107 -57.5097 19.88 3.98
144055 -57.5097 19.88 3.98
136680 -57.5097 19.88 3.98
140953 -57.5097 19.88 3.98
128190 -57.5097 19.88 3.98
141576 -57.5097 19.88 3.98
138893 -57.5097 19.88 3.98
135982 -57.5097 19.88 3.98
140844 -57.5097 19.88 3.98
131917 -57.5097 19.88 3.98
139106 -57.5097 19.88 3.98
132917 -57.5097 19.88 3.98
138466 -57.5097 19.88 3.98
135842 -57.5097 19.88 3.98
145335 -57.5097 19.88 3.98
138894 -57.5097 19.88 3.98
136526 -57.5097 19.88 3.98
141008 -57.5097 19.88 3.98
137080 -57.5097 19.88 3.98
137187 -57.5097 19.88 3.98
133611 -57.5097 19.88 3.98
137743 -57.5097 19.88 3.98
144532 -57.5097 19.88 3.98
138541 -57.5097 19.88 3.98
143380 -57.5097 19.88 3.98
143991 -57.5097 19.88 3.98
135733 -57.5097 19.88 3.98
140770 -57.5097 19.88 3.98
144661 -57.5097 19.88 3.98
142838 -57.5097 19.88 3.98
143933 -57.5097 19.88 3.98
134639 -57.5097 19.88 3.98
137849 -57.5097 19.88 3.98
134478 -57.5097 19.88 3.98
138450 -57.5097 19.88 3.98
146129 -57.9681 -15.21 15.1
139276 -57.9681 -15.21 15.1
146330 -57.9681 -15.21 15.1
142273 -57.9681 -15.21 15.1
138275 -57.9681 -15.21 15.1
135834 -57.9681 -15.21 15.1
138079 -57.9681 -15.21 15.1
140982 -57.9681 -15.21 15.1
140535 -57.9681 -15.21 15.1
140339 -57.9681 -15.21 15.1
138540 -57.9681 -15.21 15.1
142664 -57.9681 -15.21 15.1
139505 -57.9681 -15.21 15.1
140948 -57.9681 -15.21 15.1
143745 -57.9681 -15.21 15.1
139043 -57.9681 -15.21 15.1
135270 -57.9681 -15.21 15.1
139133 -57.9681 -15.21 15.1
135434 -57.9681 -15.21 15.1
136596 -57.9681 -15.21 15.1
136741 -57.9681 -15.21 15.1
142256 -57.9681 -15.21 15.1
136136 -57.9681 -15.21 15.1
142256 -57.9681 -15.21 15.1
140736 -57.9681 -15.21 15.1
145053 -57.9681 -15.21 15.1
142137 -57.9681 -15.21 15.1
136416 -57.9681 -15.21 15.1
137659 -57.9681 -15.21 15.1
139635 -57.9681 -15.21 15.1
139863 -57.9681 -15.21 15.1
138309 -57.9681 -15.21 15.1
138230 -57.9681 -15.21 15.1
142715 -57.9681 -15.21 15.1
142659 -57.9681 -15.21 15.1
136780 -57.9681 -15.21 15.1
134619 -57.9681 -15.21 15.1
142928 -57.9681 -15.21 15.1
136377 -57.9681 -15.21 15.1
181456 -59.9656 -26.99 4.12
178933 -59.9656 -26.99 4.12
177461 -59.9656 -26.99 4.12
182279 -59.9656 -26.99 4.12
183150 -59.9656 -26.99 4.12
180174 -59.9656 -26.99 4.12
176652 -59.9656 -26.99 4.12
181503 -59.9656 -26.99 4.12
175155 -59.9656 -26.99 4.12
178955 -59.9656 -26.99 4.12
177826 -59.9656 -26.99 4.12
174390 -59.9656 -26.99 4.12
179284 -59.9656 -26.99 4.12
180917 -59.9656 -26.99 4.12
182189 -59.9656 -26.99 4.12
178484 -59.9656 -26.99 4.12
180646 -59.9656 -26.99 4.12
173797 -59.9656 -26.99 4.12
182950 -59.9656 -26.99 4.12
179598 -59.9656 -26.99 4.12
186302 -59.9656 -26.99 4.12
182410 -59.9656 -26.99 4.12
173862 -59.9656 -26.99 4.12
175769 -59.9656 -26.99 4.12
181818 -59.9656 -26.99 4.12
177283 -59.9656 -26.99 4.12
182391 -59.9656 -26.99 4.12
184368 -59.9656 -26.99 4.12
182964 -59.9656 -26.99 4.12
178298 -59.9656 -26.99 4.12
174171 -59.9656 -26.99 4.12
181758 -59.9656 -26.99 4.12
178102 -59.9656 -26.99 4.12
186898 -59.9656 -26.99 4.12
176804 -59.9656 -26.99 4.12
178157 -59.9656 -26.99 4.12
175099 -59.9656 -26.99 4.12
179990 -59.9656 -26.99 4.12
177239 -59.9656 -26.99 4.12
25762 -43.9963 -0.75 -3.87
32308 -43.9963 -0.75 -3.87
28123 -43.9963 -0.75 -3.87
31105 -43.9963 -0.75 -3.87
32943 -43.9963 -0.75 -3.87
22218 -43.9963 -0.75 -3.87
36501 -43.9963 -0.75 -3.87
27383 -43.9963 -0.75 -3.87
24284 -43.9963 -0.75 -3.87
29934 -43.9963 -0.75 -3.87
29457 -43.9963 -0.75 -3.87
33530 -43.9963 -0.75 -3.87
26626 -43.9963 -0.75 -3.87
31543 -43.9963 -0.75 -3.87
34275 -43.9963 -0.75 -3.87
20939 -43.9963 -0.75 -3.87
29422 -43.9963 -0.75 -3.87
27827 -43.9963 -0.75 -3.87
31825 -43.9963 -0.75 -3.87
28023 -43.9963 -0.75 -3.87
33519 -43.9963 -0.75 -3.87
36691 -43.9963 -0.75 -3.87
34329 -43.9963 -0.75 -3.87
28343 -43.9963 -0.75 -3.87
36920 -43.9963 -0.75 -3.87
30284 -43.9963 -0.75 -3.87
27150 -43.9963 -0.75 -3.87
28027 -43.9963 -0.75 -3.87
33889 -43.9963 -0.75 -3.87
32036 -43.9963 -0.75 -3.87
25254 -43.9963 -0.75 -3.87
29490 -43.9963 -0.75 -3.87
26751 -43.9963 -0.75 -3.87
35535 -43.9963 -0.75 -3.87
31985 -43.9963 -0.75 -3.87
33151 -43.9963 -0.75 -3.87
30845 -43.9963 -0.75 -3.87
33341 -43.9963 -0.75 -3.87
34650 -43.9963 -0.75 -3.87
