#rtt sig_str x y
41183 -47.5176 0.04 -6.04
49021 -47.5176 0.04 -6.04
44891 -47.5176 0.04 -6.04
34777 -47.5176 0.04 -6.04
40525 -47.5176 0.04 -6.04
44635 -47.5176 0.04 -6.04
43927 -47.5176 0.04 -6.04
44714 -47.5176 0.04 -6.04
44317 -47.5176 0.04 -6.04
45526 -47.5176 0.04 -6.04
45619 -47.5176 0.04 -6.04
41950 -47.5176 0.04 -6.04
45894 -47.5176 0.04 -6.04
48917 -47.5176 0.04 -6.04
44531 -47.5176 0.04 -6.04
43134 -47.5176 0.04 -6.04
44000 -47.5176 0.04 -6.04
41043 -47.5176 0.04 -6.04
45244 -47.5176 0.04 -6.04
34402 -47.5176 0.04 -6.04
43177 -47.5176 0.04 -6.04
46183 -47.5176 0.04 -6.04
45417 -47.5176 0.04 -6.04
47863 -47.5176 0.04 -6.04
46480 -47.5176 0.04 -6.04
38586 -47.5176 0.04 -6.04
39466 -47.5176 0.04 -6.04
47838 -47.5176 0.04 -6.04
40089 -47.5176 0.04 -6.04
44828 -47.5176 0.04 -6.04
46363 -47.5176 0.04 -6.04
43010 -47.5176 0.04 -6.04
46533 -47.5176 0.04 -6.04
37813 -47.5176 0.04 -6.04
47664 -47.5176 0.04 -6.04
45990 -47.5176 0.04 -6.04
48861 -47.5176 0.04 -6.04
43586 -47.5176 0.04 -6.04
44920 -47.5176 0.04 -6.04
14875 -41.7533 -1.92 -2.31
19407 -41.7533 -1.92 -2.31
11513 -41.7533 -1.92 -2.31
13663 -41.7533 -1.92 -2.31
8804 -41.7533 -1.92 -2.31
14677 -41.7533 -1.92 -2.31
14245 -41.7533 -1.92 -2.31
12859 -41.7533 -1.92 -2.31
15800 -41.7533 -1.92 -2.31
11644 -41.7533 -1.92 -2.31
15267 -41.7533 -1.92 -2.31
7982 -41.7533 -1.92 -2.31
5442 -41.7533 -1.92 -2.31
7265 -41.7533 -1.92 -2.31
12478 -41.7533 -1.92 -2.31
16230 -41.7533 -1.92 -2.31
16750 -41.7533 -1.92 -2.31
17268 -41.7533 -1.92 -2.31
13033 -41.7533 -1.92 -2.31
17990 -41.7533 -1.92 -2.31
11734 -41.7533 -1.92 -2.31
12901 -41.7533 -1.92 -2.31
15492 -41.7533 -1.92 -2.31
14642 -41.7533 -1.92 -2.31
14510 -41.7533 -1.92 -2.31
13736 -41.7533 -1.92 -2.31
15505 -41.7533 -1.92 -2.31
10882 -41.7533 -1.92 -2.31
18569 -41.7533 -1.92 -2.31
8339 -41.7533 -1.92 -2.31
9888 -41.7533 -1.92 -2.31
10399 -41.7533 -1.92 -2.31
13801 -41.7533 -1.92 -2.31
18638 -41.7533 -1.92 -2.31
11527 -41.7533 -1.92 -2.31
16781 -41.7533 -1.92 -2.31
14307 -41.7533 -1.92 -2.31
10146 -41.7533 -1.92 -2.31
16272 -41.7533 -1.92 -2.31
132409 -56.8999 0.05 18.83
125901 -56.8999 0.05 18.83
128738 -56.8999 0.05 18.83
128302 -56.8999 0.05 18.83
126922 -56.8999 0.05 18.83
125022 -56.8999 0.05 18.83
125187 -56.8999 0.05 18.83
114324 -56.8999 0.05 18.83
122312 -56.8999 0.05 18.83
131573 -56.8999 0.05 18.83
126412 -56.8999 0.05 18.83
127055 -56.8999 0.05 18.83
129766 -56.8999 0.05 18.83
124225 -56.8999 0.05 18.83
128128 -56.8999 0.05 18.83
128527 -56.8999 0.05 18.83
124559 -56.8999 0.05 18.83
126997 -56.8999 0.05 18.83
125696 -56.8999 0.05 18.83
131182 -56.8999 0.05 18.83
120070 -56.8999 0.05 18.83
130782 -56.8999 0.05 18.83
132240 -56.8999 0.05 18.83
127480 -56.8999 0.05 18.83
127040 -56.8999 0.05 18.83
133032 -56.8999 0.05 18.83
129157 -56.8999 0.05 18.83
129745 -56.8999 0.05 18.83
124508 -56.8999 0.05 18.83
130766 -56.8999 0.05 18.83
128771 -56.8999 0.05 18.83
129663 -56.8999 0.05 18.83
132791 -56.8999 0.05 18.83
134856 -56.8999 0.05 18.83
123254 -56.8999 0.05 18.83
130788 -56.8999 0.05 18.83
122865 -56.8999 0.05 18.83
122327 -56.8999 0.05 18.83
122384 -56.8999 0.05 18.83
141963 -57.9623 -21.05 -3.95
146784 -57.9623 -21.05 -3.95
135018 -57.9623 -21.05 -3.95
136670 -57.9623 -21.05 -3.95
142258 -57.9623 -21.05 -3.95
135866 -57.9623 -21.05 -3.95
138602 -57.9623 -21.05 -3.95
136542 -57.9623 -21.05 -3.95
142725 -57.9623 -21.05 -3.95
129429 -57.9623 -21.05 -3.95
138771 -57.9623 -21.05 -3.95
143175 -57.9623 -21.05 -3.95
133656 -57.9623 -21.05 -3.95
136643 -57.9623 -21.05 -3.95
143051 -57.9623 -21.05 -3.95
141452 -57.9623 -21.05 -3.95
141883 -57.9623 -21.05 -3.95
139203 -57.9623 -21.05 -3.95
140957 -57.9623 -21.05 -3.95
144467 -57.9623 -21.05 -3.95
138018 -57.9623 -21.05 -3.95
142689 -57.9623 -21.05 -3.95
139169 -57.9623 -21.05 -3.95
142107 -57.9623 -21.05 -3.95
139515 -57.9623 -21.05 -3.95
140463 -57.9623 -21.05 -3.95
140368 -57.9623 -21.05 -3.95
140666 -57.9623 -21.05 -3.95
140748 -57.9623 -21.05 -3.95
134504 -57.9623 -21.05 -3.95
140537 -57.9623 -21.05 -3.95
139782 -57.9623 -21.05 -3.95
143795 -57.9623 -21.05 -3.95
145137 -57.9623 -21.05 -3.95
146584 -57.9623 -21.05 -3.95
141330 -57.9623 -21.05 -3.95
142748 -57.9623 -21.05 -3.95
138990 -57.9623 -21.05 -3.95
146216 -57.9623 -21.05 -3.95
187789 -60.6214 19.22 22.46
183018 -60.6214 19.22 22.46
189021 -60.6214 19.22 22.46
188692 -60.6214 19.22 22.46
192723 -60.6214 19.22 22.46
188150 -60.6214 19.22 22.46
186284 -60.6214 19.22 22.46
187148 -60.6214 19.22 22.46
191938 -60.6214 19.22 22.46
186826 -60.6214 19.22 22.46
193662 -60.6214 19.22 22.46
187679 -60.6214 19.22 22.46
194526 -60.6214 19.22 22.46
181575 -60.6214 19.22 22.46
193790 -60.6214 19.22 22.46
192193 -60.6214 19.22 22.46
184048 -60.6214 19.22 22.46
190679 -60.6214 19.22 22.46
194763 -60.6214 19.22 22.46
194875 -60.6214 19.22 22.46
185345 -60.6214 19.22 22.46
194222 -60.6214 19.22 22.46
181948 -60.6214 19.22 22.46
193719 -60.6214 19.22 22.46
185009 -60.6214 19.22 22.46
188764 -60.6214 19.22 22.46
196675 -60.6214 19.22 22.46
185551 -60.6214 19.22 22.46
188733 -60.6214 19.22 22.46
189141 -60.6214 19.22 22.46
186305 -60.6214 19.22 22.46
188445 -60.6214 19.22 22.46
184003 -60.6214 19.22 22.46
180890 -60.6214 19.22 22.46
192361 -60.6214 19.22 22.46
190955 -60.6214 19.22 22.46
193259 -60.6214 19.22 22.46
191999 -60.6214 19.22 22.46
193148 -60.6214 19.22 22.46
147400 -58.111 -10.72 -18.99
145501 -58.111 -10.72 -18.99
142298 -58.111 -10.72 -18.99
144023 -58.111 -10.72 -18.99
135829 -58.111 -10.72 -18.99
143450 -58.111 -10.72 -18.99
148144 -58.111 -10.72 -18.99
142731 -58.111 -10.72 -18.99
145339 -58.111 -10.72 -18.99
148178 -58.111 -10.72 -18.99
143810 -58.111 -10.72 -18.99
139116 -58.111 -10.72 -18.99
144630 -58.111 -10.72 -18.99
138466 -58.111 -10.72 -18.99
145911 -58.111 -10.72 -18.99
151721 -58.111 -10.72 -18.99
148245 -58.111 -10.72 -18.99
143187 -58.111 -10.72 -18.99
142612 -58.111 -10.72 -18.99
145283 -58.111 -10.72 -18.99
138223 -58.111 -10.72 -18.99
143985 -58.111 -10.72 -18.99
146397 -58.111 -10.72 -18.99
139458 -58.111 -10.72 -18.99
138542 -58.111 -10.72 -18.99
136674 -58.111 -10.72 -18.99
144358 -58.111 -10.72 -18.99
147779 -58.111 -10.72 -18.99
140470 -58.111 -10.72 -18.99
140681 -58.111 -10.72 -18.99
137416 -58.111 -10.72 -18.99
138192 -58.111 -10.72 -18.99
140090 -58.111 -10.72 -18.99
144137 -58.111 -10.72 -18.99
139452 -58.111 -10.72 -18.99
140091 -58.111 -10.72 -18.99
141640 -58.111 -10.72 -18.99
142652 -58.111 -10.72 -18.99
145530 -58.111 -10.72 -18.99
115755 -56.5144 16.75 6.51
119955 -56.5144 16.75 6.51
120381 -56.5144 16.75 6.51
119755 -56.5144 16.75 6.51
123030 -56.5144 16.75 6.51
119338 -56.5144 16.75 6.51
113998 -56.5144 16.75 6.51
114748 -56.5144 16.75 6.51
121186 -56.5144 16.75 6.51
121838 -56.5144 16.75 6.51
116696 -56.5144 16.75 6.51
111469 -56.5144 16.75 6.51
118394 -56.5144 16.75 6.51
118621 -56.5144 16.75 6.51
112861 -56.5144 16.75 6.51
117114 -56.5144 16.75 6.51
121365 -56.5144 16.75 6.51
117991 -56.5144 16.75 6.51
124119 -56.5144 16.75 6.51
125824 -56.5144 16.75 6.51
115350 -56.5144 16.75 6.51
116947 -56.5144 16.75 6.51
116220 -56.5144 16.75 6.51
116568 -56.5144 16.75 6.51
119245 -56.5144 16.75 6.51
116649 -56.5144 16.75 6.51
120149 -56.5144 16.75 6.51
116089 -56.5144 16.75 6.51
116636 -56.5144 16.75 6.51
116591 -56.5144 16.75 6.51
115909 -56.5144 16.75 6.51
116818 -56.5144 16.75 6.51
123998 -56.5144 16.75 6.51
120210 -56.5144 16.75 6.51
118829 -56.5144 16.75 6.51
115787 -56.5144 16.75 6.51
118574 -56.5144 16.75 6.51
115107 -56.5144 16.75 6.51
115990 -56.5144 16.75 6.51
209853 -61.3844 18.91 -26.34
214778 -61.3844 18.91 -26.34
211853 -61.3844 18.91 -26.34
212322 -61.3844 18.91 -26.34
207578 -61.3844 18.91 -26.34
214350 -61.3844 18.91 -26.34
210463 -61.3844 18.91 -26.34
204641 -61.3844 18.91 -26.34
205602 -61.3844 18.91 -26.34
209370 -61.3844 18.91 -26.34
201419 -61.3844 18.91 -26.34
215313 -61.3844 18.91 -26.34
208025 -61.3844 18.91 -26.34
205030 -61.3844 18.91 -26.34
208401 -61.3844 18.91 -26.34
205859 -61.3844 18.91 -26.34
208758 -61.3844 18.91 -26.34
206370 -61.3844 18.91 -26.34
214465 -61.3844 18.91 -26.34
206965 -61.3844 18.91 -26.34
211579 -61.3844 18.91 -26.34
207017 -61.3844 18.91 -26.34
213263 -61.3844 18.91 -26.34
212447 -61.3844 18.91 -26.34
205482 -61.3844 18.91 -26.34
215095 -61.3844 18.91 -26.34
217078 -61.3844 18.91 -26.34
213178 -61.3844 18.91 -26.34
209560 -61.3844 18.91 -26.34
207684 -61.3844 18.91 -26.34
206463 -61.3844 18.91 -26.34
212803 -61.3844 18.91 -26.34
214231 -61.3844 18.91 -26.34
210899 -61.3844 18.91 -26.34
210678 -61.3844 18.91 -26.34
211310 -61.3844 18.91 -26.34
212448 -61.3844 18.91 -26.34
207293 -61.3844 18.91 -26.34
212712 -61.3844 18.91 -26.34
267751 -63.2622 -29.12 -28.45
264590 -63.2622 -29.12 -28.45
272950 -63.2622 -29.12 -28.45
257579 -63.2622 -29.12 -28.45
261965 -63.2622 -29.12 -28.45
269118 -63.2622 -29.12 -28.45
278515 -63.2622 -29.12 -28.45
266476 -63.2622 -29.12 -28.45
275640 -63.2622 -29.12 -28.45
273294 -63.2622 -29.12 -28.45
275170 -63.2622 -29.12 -28.45
274465 -63.2622 -29.12 -28.45
267664 -63.2622 -29.12 -28.45
276530 -63.2622 -29.12 -28.45
273017 -63.2622 -29.12 -28.45
268639 -63.2622 -29.12 -28.45
266776 -63.2622 -29.12 -28.45
272737 -63.2622 -29.12 -28.45
254813 -63.2622 -29.12 -28.45
275139 -63.2622 -29.12 -28.45
274628 -63.2622 -29.12 -28.45
278343 -63.2622 -29.12 -28.45
272006 -63.2622 -29.12 -28.45
273944 -63.2622 -29.12 -28.45
269475 -63.2622 -29.12 -28.45
267232 -63.2622 -29.12 -28.45
270935 -63.2622 -29.12 -28.45
280277 -63.2622 -29.12 -28.45
273689 -63.2622 -29.12 -28.45
273149 -63.2622 -29.12 -28.45
266024 -63.2622 -29.12 -28.45
261915 -63.2622 -29.12 -28.45
275974 -63.2622 -29.12 -28.45
265746 -63.2622 -29.12 -28.45
274225 -63.2622 -29.12 -28.45
271336 -63.2622 -29.12 -28.45
272695 -63.2622 -29.12 -28.45
264571 -63.2622 -29.12 -28.45
275659 -63.2622 -29.12 -28.45
207408 -60.7538 -16.35 -25.2
205132 -60.7538 -16.35 -25.2
197451 -60.7538 -16.35 -25.2
198125 -60.7538 -16.35 -25.2
200412 -60.7538 -16.35 -25.2
205783 -60.7538 -16.35 -25.2
193432 -60.7538 -16.35 -25.2
200007 -60.7538 -16.35 -25.2
202111 -60.7538 -16.35 -25.2
207195 -60.7538 -16.35 -25.2
204675 -60.7538 -16.35 -25.2
192429 -60.7538 -16.35 -25.2
202437 -60.7538 -16.35 -25.2
204895 -60.7538 -16.35 -25.2
199560 -60.7538 -16.35 -25.2
196518 -60.7538 -16.35 -25.2
204453 -60.7538 -16.35 -25.2
207196 -60.7538 -16.35 -25.2
201875 -60.7538 -16.35 -25.2
205552 -60.7538 -16.35 -25.2
199871 -60.7538 -16.35 -25.2
200452 -60.7538 -16.35 -25.2
200165 -60.7538 -16.35 -25.2
202978 -60.7538 -16.35 -25.2
203250 -60.7538 -16.35 -25.2
208281 -60.7538 -16.35 -25.2
197792 -60.7538 -16.35 -25.2
203739 -60.7538 -16.35 -25.2
193900 -60.7538 -16.35 -25.2
198752 -60.7538 -16.35 -25.2
202148 -60.7538 -16.35 -25.2
203896 -60.7538 -16.35 -25.2
205209 -60.7538 -16.35 -25.2
197209 -60.7538 -16.35 -25.2
194093 -60.7538 -16.35 -25.2
195583 -60.7538 -16.35 -25.2
204876 -60.7538 -16.35 -25.2
203833 -60.7538 -16.35 -25.2
207400 -60.7538 -16.35 -25.2
