#rtt sig_str x y
74299 -52.199 1.32 10.57
79264 -52.199 1.32 10.57
75926 -52.199 1.32 10.57
84291 -52.199 1.32 10.57
83130 -52.199 1.32 10.57
83797 -52.199 1.32 10.57
72516 -52.199 1.32 10.57
79397 -52.199 1.32 10.57
78060 -52.199 1.32 10.57
72596 -52.199 1.32 10.57
71955 -52.199 1.32 10.57
77004 -52.199 1.32 10.57
78398 -52.199 1.32 10.57
78656 -52.199 1.32 10.57
80261 -52.199 1.32 10.57
72516 -52.199 1.32 10.57
77760 -52.199 1.32 10.57
79030 -52.199 1.32 10.57
79594 -52.199 1.32 10.57
77865 -52.199 1.32 10.57
77445 -52.199 1.32 10.57
81774 -52.199 1.32 10.57
84484 -52.199 1.32 10.57
80512 -52.199 1.32 10.57
75615 -52.199 1.32 10.57
81331 -52.199 1.32 10.57
82065 -52.199 1.32 10.57
76068 -52.199 1.32 10.57
73569 -52.199 1.32 10.57
81769 -52.199 1.32 10.57
75380 -52.199 1.32 10.57
79569 -52.199 1.32 10.57
76785 -52.199 1.32 10.57
80213 -52.199 1.32 10.57
74618 -52.199 1.32 10.57
73832 -52.199 1.32 10.57
79702 -52.199 1.32 10.57
80534 -52.199 1.32 10.57
78103 -52.199 1.32 10.57
88713 -53.2507 11.97 1.77
86884 -53.2507 11.97 1.77
88906 -53.2507 11.97 1.77
80736 -53.2507 11.97 1.77
86092 -53.2507 11.97 1.77
88099 -53.2507 11.97 1.77
90101 -53.2507 11.97 1.77
89841 -53.2507 11.97 1.77
90003 -53.2507 11.97 1.77
81538 -53.2507 11.97 1.77
90365 -53.2507 11.97 1.77
93522 -53.2507 11.97 1.77
87635 -53.2507 11.97 1.77
88576 -53.2507 11.97 1.77
88096 -53.2507 11.97 1.77
88262 -53.2507 11.97 1.77
90470 -53.2507 11.97 1.77
84322 -53.2507 11.97 1.77
90448 -53.2507 11.97 1.77
85043 -53.2507 11.97 1.77
84662 -53.2507 11.97 1.77
86560 -53.2507 11.97 1.77
91824 -53.2507 11.97 1.77
91063 -53.2507 11.97 1.77
82137 -53.2507 11.97 1.77
87692 -53.2507 11.97 1.77
89340 -53.2507 11.97 1.77
81072 -53.2507 11.97 1.77
79325 -53.2507 11.97 1.77
81484 -53.2507 11.97 1.77
85201 -53.2507 11.97 1.77
89679 -53.2507 11.97 1.77
85506 -53.2507 11.97 1.77
88690 -53.2507 11.97 1.77
87932 -53.2507 11.97 1.77
77224 -53.2507 11.97 1.77
82148 -53.2507 11.97 1.77
77827 -53.2507 11.97 1.77
81885 -53.2507 11.97 1.77
168863 -59.2001 -13.81 -20.7
168804 -59.2001 -13.81 -20.7
168783 -59.2001 -13.81 -20.7
168714 -59.2001 -13.81 -20.7
162327 -59.2001 -13.81 -20.7
160016 -59.2001 -13.81 -20.7
162289 -59.2001 -13.81 -20.7
167744 -59.2001 -13.81 -20.7
171913 -59.2001 -13.81 -20.7
167718 -59.2001 -13.81 -20.7
169474 -59.2001 -13.81 -20.7
168467 -59.2001 -13.81 -20.7
168868 -59.2001 -13.81 -20.7
171105 -59.2001 -13.81 -20.7
171458 -59.2001 -13.81 -20.7
159962 -59.2001 -13.81 -20.7
168483 -59.2001 -13.81 -20.7
163236 -59.2001 -13.81 -20.7
162273 -59.2001 -13.81 -20.7
165247 -59.2001 -13.81 -20.7
168258 -59.2001 -13.81 -20.7
166822 -59.2001 -13.81 -20.7
166310 -59.2001 -13.81 -20.7
177823 -59.2001 -13.81 -20.7
161494 -59.2001 -13.81 -20.7
164770 -59.2001 -13.81 -20.7
165799 -59.2001 -13.81 -20.7
165403 -59.2001 -13.81 -20.7
168389 -59.2001 -13.81 -20.7
166199 -59.2001 -13.81 -20.7
160549 -59.2001 -13.81 -20.7
158330 -59.2001 -13.81 -20.7
172452 -59.2001 -13.81 -20.7
157913 -59.2001 -13.81 -20.7
168223 -59.2001 -13.81 -20.7
166841 -59.2001 -13.81 -20.7
160881 -59.2001 -13.81 -20.7
162011 -59.2001 -13.81 -20.7
167395 -59.2001 -13.81 -20.7
146023 -57.6891 10.47 17.88
136882 -57.6891 10.47 17.88
132865 -57.6891 10.47 17.88
137011 -57.6891 10.47 17.88
138462 -57.6891 10.47 17.88
133360 -57.6891 10.47 17.88
130026 -57.6891 10.47 17.88
137058 -57.6891 10.47 17.88
144015 -57.6891 10.47 17.88
136013 -57.6891 10.47 17.88
133051 -57.6891 10.47 17.88
132522 -57.6891 10.47 17.88
135426 -57.6891 10.47 17.88
132867 -57.6891 10.47 17.88
127847 -57.6891 10.47 17.88
137151 -57.6891 10.47 17.88
138019 -57.6891 10.47 17.88
135995 -57.6891 10.47 17.88
137752 -57.6891 10.47 17.88
137654 -57.6891 10.47 17.88
134699 -57.6891 10.47 17.88
130295 -57.6891 10.47 17.88
136572 -57.6891 10.47 17.88
132405 -57.6891 10.47 17.88
141994 -57.6891 10.47 17.88
139232 -57.6891 10.47 17.88
132500 -57.6891 10.47 17.88
134587 -57.6891 10.47 17.88
137637 -57.6891 10.47 17.88
136671 -57.6891 10.47 17.88
140310 -57.6891 10.47 17.88
130888 -57.6891 10.47 17.88
138416 -57.6891 10.47 17.88
130759 -57.6891 10.47 17.88
132903 -57.6891 10.47 17.88
135120 -57.6891 10.47 17.88
138691 -57.6891 10.47 17.88
141130 -57.6891 10.47 17.88
136232 -57.6891 10.47 17.88
225380 -61.6707 24.49 22.96
224459 -61.6707 24.49 22.96
225532 -61.6707 24.49 22.96
227129 -61.6707 24.49 22.96
222618 -61.6707 24.49 22.96
224782 -61.6707 24.49 22.96
223588 -61.6707 24.49 22.96
225915 -61.6707 24.49 22.96
224849 -61.6707 24.49 22.96
229212 -61.6707 24.49 22.96
231273 -61.6707 24.49 22.96
229583 -61.6707 24.49 22.96
225303 -61.6707 24.49 22.96
222241 -61.6707 24.49 22.96
231536 -61.6707 24.49 22.96
224971 -61.6707 24.49 22.96
225740 -61.6707 24.49 22.96
223795 -61.6707 24.49 22.96
224382 -61.6707 24.49 22.96
230595 -61.6707 24.49 22.96
224706 -61.6707 24.49 22.96
229622 -61.6707 24.49 22.96
220345 -61.6707 24.49 22.96
226317 -61.6707 24.49 22.96
223149 -61.6707 24.49 22.96
230053 -61.6707 24.49 22.96
221508 -61.6707 24.49 22.96
228078 -61.6707 24.49 22.96
216464 -61.6707 24.49 22.96
219442 -61.6707 24.49 22.96
223287 -61.6707 24.49 22.96
234791 -61.6707 24.49 22.96
215872 -61.6707 24.49 22.96
217813 -61.6707 24.49 22.96
232542 -61.6707 24.49 22.96
227958 -61.6707 24.49 22.96
226552 -61.6707 24.49 22.96
222489 -61.6707 24.49 22.96
228567 -61.6707 24.49 22.96
131620 -56.635 11.11 14.46
134866 -56.635 11.11 14.46
130760 -56.635 11.11 14.46
134794 -56.635 11.11 14.46
124625 -56.635 11.11 14.46
131342 -56.635 11.11 14.46
129786 -56.635 11.11 14.46
124906 -56.635 11.11 14.46
137402 -56.635 11.11 14.46
135203 -56.635 11.11 14.46
127899 -56.635 11.11 14.46
134085 -56.635 11.11 14.46
132696 -56.635 11.11 14.46
132816 -56.635 11.11 14.46
131612 -56.635 11.11 14.46
134761 -56.635 11.11 14.46
131041 -56.635 11.11 14.46
130033 -56.635 11.11 14.46
130752 -56.635 11.11 14.46
136932 -56.635 11.11 14.46
132142 -56.635 11.11 14.46
127375 -56.635 11.11 14.46
130035 -56.635 11.11 14.46
122885 -56.635 11.11 14.46
130458 -56.635 11.11 14.46
133049 -56.635 11.11 14.46
131570 -56.635 11.11 14.46
133539 -56.635 11.11 14.46
137195 -56.635 11.11 14.46
133480 -56.635 11.11 14.46
133836 -56.635 11.11 14.46
124809 -56.635 11.11 14.46
131214 -56.635 11.11 14.46
129506 -56.635 11.11 14.46
133469 -56.635 11.11 14.46
128798 -56.635 11.11 14.46
132961 -56.635 11.11 14.46
134197 -56.635 11.11 14.46
132406 -56.635 11.11 14.46
204242 -61.3512 -17.3 27.27
210441 -61.3512 -17.3 27.27
204220 -61.3512 -17.3 27.27
213755 -61.3512 -17.3 27.27
210504 -61.3512 -17.3 27.27
212992 -61.3512 -17.3 27.27
206918 -61.3512 -17.3 27.27
210085 -61.3512 -17.3 27.27
210427 -61.3512 -17.3 27.27
204939 -61.3512 -17.3 27.27
214236 -61.3512 -17.3 27.27
210565 -61.3512 -17.3 27.27
209923 -61.3512 -17.3 27.27
207552 -61.3512 -17.3 27.27
208851 -61.3512 -17.3 27.27
211000 -61.3512 -17.3 27.27
212585 -61.3512 -17.3 27.27
212249 -61.3512 -17.3 27.27
200721 -61.3512 -17.3 27.27
211141 -61.3512 -17.3 27.27
205344 -61.3512 -17.3 27.27
206133 -61.3512 -17.3 27.27
204742 -61.3512 -17.3 27.27
211749 -61.3512 -17.3 27.27
209264 -61.3512 -17.3 27.27
205102 -61.3512 -17.3 27.27
216781 -61.3512 -17.3 27.27
213060 -61.3512 -17.3 27.27
215520 -61.3512 -17.3 27.27
206286 -61.3512 -17.3 27.27
208659 -61.3512 -17.3 27.27
211088 -61.3512 -17.3 27.27
208607 -61.3512 -17.3 27.27
213544 -61.3512 -17.3 27.27
207574 -61.3512 -17.3 27.27
204982 -61.3512 -17.3 27.27
208087 -61.3512 -17.3 27.27
213880 -61.3512 -17.3 27.27
204326 -61.3512 -17.3 27.27
96823 -54.3599 -10.97 8.44
93086 -54.3599 -10.97 8.44
89281 -54.3599 -10.97 8.44
94921 -54.3599 -10.97 8.44
87278 -54.3599 -10.97 8.44
90047 -54.3599 -10.97 8.44
85866 -54.3599 -10.97 8.44
90240 -54.3599 -10.97 8.44
93097 -54.3599 -10.97 8.44
91183 -54.3599 -10.97 8.44
92029 -54.3599 -10.97 8.44
90548 -54.3599 -10.97 8.44
89098 -54.3599 -10.97 8.44
92502 -54.3599 -10.97 8.44
85633 -54.3599 -10.97 8.44
96026 -54.3599 -10.97 8.44
90901 -54.3599 -10.97 8.44
93691 -54.3599 -10.97 8.44
89368 -54.3599 -10.97 8.44
90087 -54.3599 -10.97 8.44
94836 -54.3599 -10.97 8.44
88155 -54.3599 -10.97 8.44
92502 -54.3599 -10.97 8.44
90483 -54.3599 -10.97 8.44
96435 -54.3599 -10.97 8.44
90582 -54.3599 -10.97 8.44
91357 -54.3599 -10.97 8.44
93512 -54.3599 -10.97 8.44
86575 -54.3599 -10.97 8.44
92813 -54.3599 -10.97 8.44
87536 -54.3599 -10.97 8.44
89372 -54.3599 -10.97 8.44
90552 -54.3599 -10.97 8.44
84534 -54.3599 -10.97 8.44
88946 -54.3599 -10.97 8.44
94402 -54.3599 -10.97 8.44
94042 -54.3599 -10.97 8.44
99997 -54.3599 -10.97 8.44
82729 -54.3599 -10.97 8.44
158974 -58.9792 -13.96 19.8
163547 -58.9792 -13.96 19.8
153376 -58.9792 -13.96 19.8
152102 -58.9792 -13.96 19.8
160307 -58.9792 -13.96 19.8
153954 -58.9792 -13.96 19.8
162023 -58.9792 -13.96 19.8
155438 -58.9792 -13.96 19.8
147822 -58.9792 -13.96 19.8
157536 -58.9792 -13.96 19.8
160149 -58.9792 -13.96 19.8
157962 -58.9792 -13.96 19.8
156483 -58.9792 -13.96 19.8
152984 -58.9792 -13.96 19.8
148967 -58.9792 -13.96 19.8
158228 -58.9792 -13.96 19.8
161051 -58.9792 -13.96 19.8
155931 -58.9792 -13.96 19.8
154075 -58.9792 -13.96 19.8
153883 -58.9792 -13.96 19.8
159643 -58.9792 -13.96 19.8
157164 -58.9792 -13.96 19.8
150601 -58.9792 -13.96 19.8
155745 -58.9792 -13.96 19.8
154242 -58.9792 -13.96 19.8
148586 -58.9792 -13.96 19.8
157110 -58.9792 -13.96 19.8
156416 -58.9792 -13.96 19.8
154380 -58.9792 -13.96 19.8
155898 -58.9792 -13.96 19.8
160646 -58.9792 -13.96 19.8
157154 -58.9792 -13.96 19.8
161645 -58.9792 -13.96 19.8
154901 -58.9792 -13.96 19.8
156683 -58.9792 -13.96 19.8
164887 -58.9792 -13.96 19.8
150698 -58.9792 -13.96 19.8
154646 -58.9792 -13.96 19.8
153789 -58.9792 -13.96 19.8
161325 -59.4372 -22.77 -11.72
165366 -59.4372 -22.77 -11.72
161679 -59.4372 -22.77 -11.72
161190 -59.4372 -22.77 -11.72
166638 -59.4372 -22.77 -11.72
167494 -59.4372 -22.77 -11.72
164214 -59.4372 -22.77 -11.72
170452 -59.4372 -22.77 -11.72
163494 -59.4372 -22.77 -11.72
172680 -59.4372 -22.77 -11.72
164329 -59.4372 -22.77 -11.72
163381 -59.4372 -22.77 -11.72
163785 -59.4372 -22.77 -11.72
154902 -59.4372 -22.77 -11.72
168708 -59.4372 -22.77 -11.72
168606 -59.4372 -22.77 -11.72
158077 -59.4372 -22.77 -11.72
167902 -59.4372 -22.77 -11.72
159964 -59.4372 -22.77 -11.72
167438 -59.4372 -22.77 -11.72
163624 -59.4372 -22.77 -11.72
162540 -59.4372 -22.77 -11.72
168478 -59.4372 -22.77 -11.72
161600 -59.4372 -22.77 -11.72
163781 -59.4372 -22.77 -11.72
156561 -59.4372 -22.77 -11.72
164183 -59.4372 -22.77 -11.72
168472 -59.4372 -22.77 -11.72
164273 -59.4372 -22.77 -11.72
158068 -59.4372 -22.77 -11.72
171217 -59.4372 -22.77 -11.72
166642 -59.4372 -22.77 -11.72
155961 -59.4372 -22.77 -11.72
164788 -59.4372 -22.77 -11.72
163130 -59.4372 -22.77 -11.72
166334 -59.4372 -22.77 -11.72
166584 -59.4372 -22.77 -11.72
164297 -59.4372 -22.77 -11.72
163604 -59.4372 -22.77 -11.72
