#rtt sig_str x y
53049 -50.5916 -8.68 -1.23
51425 -50.5916 -8.68 -1.23
52464 -50.5916 -8.68 -1.23
58357 -50.5916 -8.68 -1.23
52006 -50.5916 -8.68 -1.23
56323 -50.5916 -8.68 -1.23
52028 -50.5916 -8.68 -1.23
51881 -50.5916 -8.68 -1.23
62122 -50.5916 -8.68 -1.23
58727 -50.5916 -8.68 -1.23
54680 -50.5916 -8.68 -1.23
53578 -50.5916 -8.68 -1.23
52832 -50.5916 -8.68 -1.23
60774 -50.5916 -8.68 -1.23
58629 -50.5916 -8.68 -1.23
57851 -50.5916 -8.68 -1.23
57703 -50.5916 -8.68 -1.23
54395 -50.5916 -8.68 -1.23
45525 -50.5916 -8.68 -1.23
53696 -50.5916 -8.68 -1.23
55592 -50.5916 -8.68 -1.23
58577 -50.5916 -8.68 -1.23
56426 -50.5916 -8.68 -1.23
58504 -50.5916 -8.68 -1.23
54540 -50.5916 -8.68 -1.23
60642 -50.5916 -8.68 -1.23
53345 -50.5916 -8.68 -1.23
54309 -50.5916 -8.68 -1.23
56652 -50.5916 -8.68 -1.23
64301 -50.5916 -8.68 -1.23
48617 -50.5916 -8.68 -1.23
56228 -50.5916 -8.68 -1.23
53528 -50.5916 -8.68 -1.23
49924 -50.5916 -8.68 -1.23
58084 -50.5916 -8.68 -1.23
56093 -50.5916 -8.68 -1.23
52624 -50.5916 -8.68 -1.23
53472 -50.5916 -8.68 -1.23
49884 -50.5916 -8.68 -1.23
143306 -57.9863 -9.55 19.24
141150 -57.9863 -9.55 19.24
144195 -57.9863 -9.55 19.24
140098 -57.9863 -9.55 19.24
138119 -57.9863 -9.55 19.24
152797 -57.9863 -9.55 19.24
146641 -57.9863 -9.55 19.24
152584 -57.9863 -9.55 19.24
147516 -57.9863 -9.55 19.24
148367 -57.9863 -9.55 19.24
151056 -57.9863 -9.55 19.24
139545 -57.9863 -9.55 19.24
144032 -57.9863 -9.55 19.24
145936 -57.9863 -9.55 19.24
143690 -57.9863 -9.55 19.24
149494 -57.9863 -9.55 19.24
141642 -57.9863 -9.55 19.24
150428 -57.9863 -9.55 19.24
147049 -57.9863 -9.55 19.24
140082 -57.9863 -9.55 19.24
146068 -57.9863 -9.55 19.24
149022 -57.9863 -9.55 19.24
146418 -57.9863 -9.55 19.24
147087 -57.9863 -9.55 19.24
138665 -57.9863 -9.55 19.24
142659 -57.9863 -9.55 19.24
142598 -57.9863 -9.55 19.24
144856 -57.9863 -9.55 19.24
148838 -57.9863 -9.55 19.24
144145 -57.9863 -9.55 19.24
142417 -57.9863 -9.55 19.24
146422 -57.9863 -9.55 19.24
139243 -57.9863 -9.55 19.24
144990 -57.9863 -9.55 19.24
148877 -57.9863 -9.55 19.24
144828 -57.9863 -9.55 19.24
150572 -57.9863 -9.55 19.24
146342 -57.9863 -9.55 19.24
144979 -57.9863 -9.55 19.24
185788 -60.1191 25.99 9.91
184970 -60.1191 25.99 9.91
189461 -60.1191 25.99 9.91
189064 -60.1191 25.99 9.91
185071 -60.1191 25.99 9.91
182852 -60.1191 25.99 9.91
185303 -60.1191 25.99 9.91
182462 -60.1191 25.99 9.91
189544 -60.1191 25.99 9.91
186221 -60.1191 25.99 9.91
192396 -60.1191 25.99 9.91
190485 -60.1191 25.99 9.91
184522 -60.1191 25.99 9.91
188996 -60.1191 25.99 9.91
185983 -60.1191 25.99 9.91
186473 -60.1191 25.99 9.91
196733 -60.1191 25.99 9.91
182136 -60.1191 25.99 9.91
189203 -60.1191 25.99 9.91
189576 -60.1191 25.99 9.91
182353 -60.1191 25.99 9.91
190298 -60.1191 25.99 9.91
178103 -60.1191 25.99 9.91
183649 -60.1191 25.99 9.91
187742 -60.1191 25.99 9.91
191597 -60.1191 25.99 9.91
190486 -60.1191 25.99 9.91
186776 -60.1191 25.99 9.91
192026 -60.1191 25.99 9.91
187665 -60.1191 25.99 9.91
188137 -60.1191 25.99 9.91
176031 -60.1191 25.99 9.91
177572 -60.1191 25.99 9.91
186096 -60.1191 25.99 9.91
182500 -60.1191 25.99 9.91
185763 -60.1191 25.99 9.91
185955 -60.1191 25.99 9.91
184198 -60.1191 25.99 9.91
189133 -60.1191 25.99 9.91
226684 -61.9058 24.83 24.01
233415 -61.9058 24.83 24.01
224849 -61.9058 24.83 24.01
231174 -61.9058 24.83 24.01
236645 -61.9058 24.83 24.01
222971 -61.9058 24.83 24.01
231087 -61.9058 24.83 24.01
224594 -61.9058 24.83 24.01
233447 -61.9058 24.83 24.01
234021 -61.9058 24.83 24.01
226913 -61.9058 24.83 24.01
227565 -61.9058 24.83 24.01
224762 -61.9058 24.83 24.01
226093 -61.9058 24.83 24.01
227813 -61.9058 24.83 24.01
227164 -61.9058 24.83 24.01
228308 -61.9058 24.83 24.01
231775 -61.9058 24.83 24.01
232813 -61.9058 24.83 24.01
225767 -61.9058 24.83 24.01
231951 -61.9058 24.83 24.01
224870 -61.9058 24.83 24.01
233079 -61.9058 24.83 24.01
234156 -61.9058 24.83 24.01
230485 -61.9058 24.83 24.01
233429 -61.9058 24.83 24.01
234348 -61.9058 24.83 24.01
235282 -61.9058 24.83 24.01
223282 -61.9058 24.83 24.01
229227 -61.9058 24.83 24.01
228031 -61.9058 24.83 24.01
232477 -61.9058 24.83 24.01
226138 -61.9058 24.83 24.01
227947 -61.9058 24.83 24.01
232688 -61.9058 24.83 24.01
228413 -61.9058 24.83 24.01
235117 -61.9058 24.83 24.01
236360 -61.9058 24.83 24.01
223860 -61.9058 24.83 24.01
211936 -60.8434 20.25 -22.63
208316 -60.8434 20.25 -22.63
209043 -60.8434 20.25 -22.63
207267 -60.8434 20.25 -22.63
209622 -60.8434 20.25 -22.63
209583 -60.8434 20.25 -22.63
203980 -60.8434 20.25 -22.63
205752 -60.8434 20.25 -22.63
200955 -60.8434 20.25 -22.63
205398 -60.8434 20.25 -22.63
205008 -60.8434 20.25 -22.63
201816 -60.8434 20.25 -22.63
206261 -60.8434 20.25 -22.63
204422 -60.8434 20.25 -22.63
204878 -60.8434 20.25 -22.63
205158 -60.8434 20.25 -22.63
203293 -60.8434 20.25 -22.63
206164 -60.8434 20.25 -22.63
207954 -60.8434 20.25 -22.63
200960 -60.8434 20.25 -22.63
205189 -60.8434 20.25 -22.63
202196 -60.8434 20.25 -22.63
208714 -60.8434 20.25 -22.63
204396 -60.8434 20.25 -22.63
202942 -60.8434 20.25 -22.63
209620 -60.8434 20.25 -22.63
205456 -60.8434 20.25 -22.63
196799 -60.8434 20.25 -22.63
209283 -60.8434 20.25 -22.63
202060 -60.8434 20.25 -22.63
207156 -60.8434 20.25 -22.63
203177 -60.8434 20.25 -22.63
197718 -60.8434 20.25 -22.63
209090 -60.8434 20.25 -22.63
206843 -60.8434 20.25 -22.63
196098 -60.8434 20.25 -22.63
205388 -60.8434 20.25 -22.63
201927 -60.8434 20.25 -22.63
203642 -60.8434 20.25 -22.63
256976 -62.8847 -26.44 -28.52
244342 -62.8847 -26.44 -28.52
252372 -62.8847 -26.44 -28.52
250820 -62.8847 -26.44 -28.52
253656 -62.8847 -26.44 -28.52
258760 -62.8847 -26.44 -28.52
247179 -62.8847 -26.44 -28.52
252223 -62.8847 -26.44 -28.52
257922 -62.8847 -26.44 -28.52
249001 -62.8847 -26.44 -28.52
256763 -62.8847 -26.44 -28.52
247454 -62.8847 -26.44 -28.52
253252 -62.8847 -26.44 -28.52
249674 -62.8847 -26.44 -28.52
259956 -62.8847 -26.44 -28.52
254383 -62.8847 -26.44 -28.52
253742 -62.8847 -26.44 -28.52
256861 -62.8847 -26.44 -28.52
247687 -62.8847 -26.44 -28.52
254401 -62.8847 -26.44 -28.52
248247 -62.8847 -26.44 -28.52
247503 -62.8847 -26.44 -28.52
257626 -62.8847 -26.44 -28.52
255269 -62.8847 -26.44 -28.52
256884 -62.8847 -26.44 -28.52
250254 -62.8847 -26.44 -28.52
255649 -62.8847 -26.44 -28.52
261581 -62.8847 -26.44 -28.52
244865 -62.8847 -26.44 -28.52
250172 -62.8847 -26.44 -28.52
248992 -62.8847 -26.44 -28.52
258680 -62.8847 -26.44 -28.52
256797 -62.8847 -26.44 -28.52
255748 -62.8847 -26.44 -28.52
260769 -62.8847 -26.44 -28.52
249977 -62.8847 -26.44 -28.52
253408 -62.8847 -26.44 -28.52
249390 -62.8847 -26.44 -28.52
249006 -62.8847 -26.44 -28.52
103271 -55.1044 -15.11 -1.07
100258 -55.1044 -15.11 -1.07
97983 -55.1044 -15.11 -1.07
104812 -55.1044 -15.11 -1.07
106339 -55.1044 -15.11 -1.07
102890 -55.1044 -15.11 -1.07
107156 -55.1044 -15.11 -1.07
105659 -55.1044 -15.11 -1.07
98446 -55.1044 -15.11 -1.07
105781 -55.1044 -15.11 -1.07
102484 -55.1044 -15.11 -1.07
101203 -55.1044 -15.11 -1.07
107741 -55.1044 -15.11 -1.07
104555 -55.1044 -15.11 -1.07
99642 -55.1044 -15.11 -1.07
101023 -55.1044 -15.11 -1.07
103733 -55.1044 -15.11 -1.07
103965 -55.1044 -15.11 -1.07
103676 -55.1044 -15.11 -1.07
103993 -55.1044 -15.11 -1.07
109787 -55.1044 -15.11 -1.07
101636 -55.1044 -15.11 -1.07
103722 -55.1044 -15.11 -1.07
99332 -55.1044 -15.11 -1.07
112364 -55.1044 -15.11 -1.07
105041 -55.1044 -15.11 -1.07
102053 -55.1044 -15.11 -1.07
104966 -55.1044 -15.11 -1.07
108687 -55.1044 -15.11 -1.07
111936 -55.1044 -15.11 -1.07
104193 -55.1044 -15.11 -1.07
106376 -55.1044 -15.11 -1.07
100251 -55.1044 -15.11 -1.07
105506 -55.1044 -15.11 -1.07
96771 -55.1044 -15.11 -1.07
105731 -55.1044 -15.11 -1.07
108256 -55.1044 -15.11 -1.07
101512 -55.1044 -15.11 -1.07
98948 -55.1044 -15.11 -1.07
153194 -58.7127 0.55 -23.45
158496 -58.7127 0.55 -23.45
161183 -58.7127 0.55 -23.45
154890 -58.7127 0.55 -23.45
154945 -58.7127 0.55 -23.45
157329 -58.7127 0.55 -23.45
154146 -58.7127 0.55 -23.45
161170 -58.7127 0.55 -23.45
156977 -58.7127 0.55 -23.45
156234 -58.7127 0.55 -23.45
151551 -58.7127 0.55 -23.45
158837 -58.7127 0.55 -23.45
155089 -58.7127 0.55 -23.45
157593 -58.7127 0.55 -23.45
152370 -58.7127 0.55 -23.45
147293 -58.7127 0.55 -23.45
155914 -58.7127 0.55 -23.45
162751 -58.7127 0.55 -23.45
157772 -58.7127 0.55 -23.45
158286 -58.7127 0.55 -23.45
164848 -58.7127 0.55 -23.45
161017 -58.7127 0.55 -23.45
155888 -58.7127 0.55 -23.45
154609 -58.7127 0.55 -23.45
156662 -58.7127 0.55 -23.45
155162 -58.7127 0.55 -23.45
155848 -58.7127 0.55 -23.45
158308 -58.7127 0.55 -23.45
152824 -58.7127 0.55 -23.45
157211 -58.7127 0.55 -23.45
157288 -58.7127 0.55 -23.45
150188 -58.7127 0.55 -23.45
150737 -58.7127 0.55 -23.45
153640 -58.7127 0.55 -23.45
154936 -58.7127 0.55 -23.45
162363 -58.7127 0.55 -23.45
159415 -58.7127 0.55 -23.45
152702 -58.7127 0.55 -23.45
152391 -58.7127 0.55 -23.45
231094 -61.915 -24.63 24.27
229252 -61.915 -24.63 24.27
225545 -61.915 -24.63 24.27
227323 -61.915 -24.63 24.27
241674 -61.915 -24.63 24.27
233959 -61.915 -24.63 24.27
230968 -61.915 -24.63 24.27
227223 -61.915 -24.63 24.27
233050 -61.915 -24.63 24.27
231922 -61.915 -24.63 24.27
231831 -61.915 -24.63 24.27
226366 -61.915 -24.63 24.27
241024 -61.915 -24.63 24.27
234960 -61.915 -24.63 24.27
230654 -61.915 -24.63 24.27
231717 -61.915 -24.63 24.27
230544 -61.915 -24.63 24.27
237307 -61.915 -24.63 24.27
232439 -61.915 -24.63 24.27
227464 -61.915 -24.63 24.27
230391 -61.915 -24.63 24.27
230040 -61.915 -24.63 24.27
225783 -61.915 -24.63 24.27
234730 -61.915 -24.63 24.27
229990 -61.915 -24.63 24.27
231581 -61.915 -24.63 24.27
234252 -61.915 -24.63 24.27
232347 -61.915 -24.63 24.27
226912 -61.915 -24.63 24.27
225429 -61.915 -24.63 24.27
227728 -61.915 -24.63 24.27
228988 -61.915 -24.63 24.27
237877 -61.915 -24.63 24.27
232434 -61.915 -24.63 24.27
220743 -61.915 -24.63 24.27
236293 -61.915 -24.63 24.27
217371 -61.915 -24.63 24.27
233250 -61.915 -24.63 24.27
234322 -61.915 -24.63 24.27
162641 -58.9138 17.11 -16.88
150031 -58.9138 17.11 -16.88
165826 -58.9138 17.11 -16.88
166767 -58.9138 17.11 -16.88
159882 -58.9138 17.11 -16.88
163659 -58.9138 17.11 -16.88
169280 -58.9138 17.11 -16.88
158094 -58.9138 17.11 -16.88
163402 -58.9138 17.11 -16.88
159245 -58.9138 17.11 -16.88
161927 -58.9138 17.11 -16.88
158636 -58.9138 17.11 -16.88
161209 -58.9138 17.11 -16.88
165770 -58.9138 17.11 -16.88
166164 -58.9138 17.11 -16.88
164541 -58.9138 17.11 -16.88
161246 -58.9138 17.11 -16.88
168834 -58.9138 17.11 -16.88
158717 -58.9138 17.11 -16.88
165857 -58.9138 17.11 -16.88
167497 -58.9138 17.11 -16.88
163190 -58.9138 17.11 -16.88
154979 -58.9138 17.11 -16.88
156175 -58.9138 17.11 -16.88
164269 -58.9138 17.11 -16.88
161445 -58.9138 17.11 -16.88
152389 -58.9138 17.11 -16.88
158771 -58.9138 17.11 -16.88
161345 -58.9138 17.11 -16.88
156538 -58.9138 17.11 -16.88
158410 -58.9138 17.11 -16.88
158861 -58.9138 17.11 -16.88
157913 -58.9138 17.11 -16.88
163601 -58.9138 17.11 -16.88
161575 -58.9138 17.11 -16.88
166566 -58.9138 17.11 -16.88
161820 -58.9138 17.11 -16.88
167537 -58.9138 17.11 -16.88
161194 -58.9138 17.11 -16.88
