#rtt sig_str x y
195963 -60.2211 -13.49 -24.72
179919 -60.2211 -13.49 -24.72
190987 -60.2211 -13.49 -24.72
187813 -60.2211 -13.49 -24.72
189166 -60.2211 -13.49 -24.72
189710 -60.2211 -13.49 -24.72
191425 -60.2211 -13.49 -24.72
184234 -60.2211 -13.49 -24.72
191960 -60.2211 -13.49 -24.72
188253 -60.2211 -13.49 -24.72
194115 -60.2211 -13.49 -24.72
195320 -60.2211 -13.49 -24.72
185427 -60.2211 -13.49 -24.72
189595 -60.2211 -13.49 -24.72
185996 -60.2211 -13.49 -24.72
189512 -60.2211 -13.49 -24.72
180796 -60.2211 -13.49 -24.72
186773 -60.2211 -13.49 -24.72
192901 -60.2211 -13.49 -24.72
186224 -60.2211 -13.49 -24.72
194360 -60.2211 -13.49 -24.72
176253 -60.2211 -13.49 -24.72
195696 -60.2211 -13.49 -24.72
187979 -60.2211 -13.49 -24.72
187819 -60.2211 -13.49 -24.72
184941 -60.2211 -13.49 -24.72
191150 -60.2211 -13.49 -24.72
189679 -60.2211 -13.49 -24.72
185128 -60.2211 -13.49 -24.72
189765 -60.2211 -13.49 -24.72
186454 -60.2211 -13.49 -24.72
190063 -60.2211 -13.49 -24.72
182736 -60.2211 -13.49 -24.72
188578 -60.2211 -13.49 -24.72
189575 -60.2211 -13.49 -24.72
188709 -60.2211 -13.49 -24.72
176697 -60.2211 -13.49 -24.72
186565 -60.2211 -13.49 -24.72
191574 -60.2211 -13.49 -24.72
62825 -51.9372 8.36 -6.05
61708 -51.9372 8.36 -6.05
60973 -51.9372 8.36 -6.05
60521 -51.9372 8.36 -6.05
58778 -51.9372 8.36 -6.05
61751 -51.9372 8.36 -6.05
60721 -51.9372 8.36 -6.05
64271 -51.9372 8.36 -6.05
56098 -51.9372 8.36 -6.05
58271 -51.9372 8.36 -6.05
57949 -51.9372 8.36 -6.05
64279 -51.9372 8.36 -6.05
57126 -51.9372 8.36 -6.05
62984 -51.9372 8.36 -6.05
55071 -51.9372 8.36 -6.05
59942 -51.9372 8.36 -6.05
59850 -51.9372 8.36 -6.05
62404 -51.9372 8.36 -6.05
57868 -51.9372 8.36 -6.05
62736 -51.9372 8.36 -6.05
61510 -51.9372 8.36 -6.05
60333 -51.9372 8.36 -6.05
61190 -51.9372 8.36 -6.05
54048 -51.9372 8.36 -6.05
56245 -51.9372 8.36 -6.05
62133 -51.9372 8.36 -6.05
60909 -51.9372 8.36 -6.05
63335 -51.9372 8.36 -6.05
60210 -51.9372 8.36 -6.05
59079 -51.9372 8.36 -6.05
55313 -51.9372 8.36 -6.05
54917 -51.9372 8.36 -6.05
61784 -51.9372 8.36 -6.05
60206 -51.9372 8.36 -6.05
60594 -51.9372 8.36 -6.05
61153 -51.9372 8.36 -6.05
61156 -51.9372 8.36 -6.05
60800 -51.9372 8.36 -6.05
63288 -51.9372 8.36 -6.05
123392 -56.7139 7.44 16.84
122642 -56.7139 7.44 16.84
129276 -56.7139 7.44 16.84
130491 -56.7139 7.44 16.84
125114 -56.7139 7.44 16.84
120545 -56.7139 7.44 16.84
120941 -56.7139 7.44 16.84
117708 -56.7139 7.44 16.84
120986 -56.7139 7.44 16.84
120540 -56.7139 7.44 16.84
119478 -56.7139 7.44 16.84
125865 -56.7139 7.44 16.84
118067 -56.7139 7.44 16.84
128640 -56.7139 7.44 16.84
123279 -56.7139 7.44 16.84
123435 -56.7139 7.44 16.84
117826 -56.7139 7.44 16.84
129087 -56.7139 7.44 16.84
124792 -56.7139 7.44 16.84
130589 -56.7139 7.44 16.84
126917 -56.7139 7.44 16.84
120030 -56.7139 7.44 16.84
122324 -56.7139 7.44 16.84
126094 -56.7139 7.44 16.84
126930 -56.7139 7.44 16.84
124787 -56.7139 7.44 16.84
124082 -56.7139 7.44 16.84
115092 -56.7139 7.44 16.84
126914 -56.7139 7.44 16.84
121071 -56.7139 7.44 16.84
118561 -56.7139 7.44 16.84
122394 -56.7139 7.44 16.84
122121 -56.7139 7.44 16.84
122142 -56.7139 7.44 16.84
122554 -56.7139 7.44 16.84
119692 -56.7139 7.44 16.84
120889 -56.7139 7.44 16.84
117241 -56.7139 7.44 16.84
126055 -56.7139 7.44 16.84
150144 -58.7295 16.69 16.55
155006 -58.7295 16.69 16.55
155518 -58.7295 16.69 16.55
159441 -58.7295 16.69 16.55
155499 -58.7295 16.69 16.55
162960 -58.7295 16.69 16.55
157570 -58.7295 16.69 16.55
162423 -58.7295 16.69 16.55
170017 -58.7295 16.69 16.55
160007 -58.7295 16.69 16.55
161845 -58.7295 16.69 16.55
157669 -58.7295 16.69 16.55
158683 -58.7295 16.69 16.55
161554 -58.7295 16.69 16.55
158032 -58.7295 16.69 16.55
163410 -58.7295 16.69 16.55
155281 -58.7295 16.69 16.55
160282 -58.7295 16.69 16.55
155233 -58.7295 16.69 16.55
161789 -58.7295 16.69 16.55
162584 -58.7295 16.69 16.55
158504 -58.7295 16.69 16.55
160196 -58.7295 16.69 16.55
159779 -58.7295 16.69 16.55
161304 -58.7295 16.69 16.55
158918 -58.7295 16.69 16.55
163425 -58.7295 16.69 16.55
156205 -58.7295 16.69 16.55
158012 -58.7295 16.69 16.55
156215 -58.7295 16.69 16.55
166188 -58.7295 16.69 16.55
156997 -58.7295 16.69 16.55
156672 -58.7295 16.69 16.55
162744 -58.7295 16.69 16.55
163314 -58.7295 16.69 16.55
155833 -58.7295 16.69 16.55
156646 -58.7295 16.69 16.55
162768 -58.7295 16.69 16.55
161410 -58.7295 16.69 16.55
73591 -51.1947 -1.31 9.34
67299 -51.1947 -1.31 9.34
70594 -51.1947 -1.31 9.34
68108 -51.1947 -1.31 9.34
72014 -51.1947 -1.31 9.34
74380 -51.1947 -1.31 9.34
71524 -51.1947 -1.31 9.34
65240 -51.1947 -1.31 9.34
69464 -51.1947 -1.31 9.34
71716 -51.1947 -1.31 9.34
73504 -51.1947 -1.31 9.34
74430 -51.1947 -1.31 9.34
67802 -51.1947 -1.31 9.34
76806 -51.1947 -1.31 9.34
73631 -51.1947 -1.31 9.34
71346 -51.1947 -1.31 9.34
71660 -51.1947 -1.31 9.34
72717 -51.1947 -1.31 9.34
71148 -51.1947 -1.31 9.34
75603 -51.1947 -1.31 9.34
69033 -51.1947 -1.31 9.34
71260 -51.1947 -1.31 9.34
72448 -51.1947 -1.31 9.34
69567 -51.1947 -1.31 9.34
73161 -51.1947 -1.31 9.34
70776 -51.1947 -1.31 9.34
63797 -51.1947 -1.31 9.34
76595 -51.1947 -1.31 9.34
71663 -51.1947 -1.31 9.34
76160 -51.1947 -1.31 9.34
68262 -51.1947 -1.31 9.34
72534 -51.1947 -1.31 9.34
70315 -51.1947 -1.31 9.34
76248 -51.1947 -1.31 9.34
66341 -51.1947 -1.31 9.34
66974 -51.1947 -1.31 9.34
74264 -51.1947 -1.31 9.34
67782 -51.1947 -1.31 9.34
75262 -51.1947 -1.31 9.34
243121 -62.8908 27.55 27.49
252453 -62.8908 27.55 27.49
257425 -62.8908 27.55 27.49
244773 -62.8908 27.55 27.49
249384 -62.8908 27.55 27.49
248722 -62.8908 27.55 27.49
253003 -62.8908 27.55 27.49
257239 -62.8908 27.55 27.49
244098 -62.8908 27.55 27.49
244041 -62.8908 27.55 27.49
248646 -62.8908 27.55 27.49
252717 -62.8908 27.55 27.49
243210 -62.8908 27.55 27.49
253152 -62.8908 27.55 27.49
253354 -62.8908 27.55 27.49
249849 -62.8908 27.55 27.49
254446 -62.8908 27.55 27.49
257186 -62.8908 27.55 27.49
252982 -62.8908 27.55 27.49
250488 -62.8908 27.55 27.49
257640 -62.8908 27.55 27.49
248831 -62.8908 27.55 27.49
248699 -62.8908 27.55 27.49
252048 -62.8908 27.55 27.49
258679 -62.8908 27.55 27.49
257592 -62.8908 27.55 27.49
255137 -62.8908 27.55 27.49
256157 -62.8908 27.55 27.49
250979 -62.8908 27.55 27.49
258427 -62.8908 27.55 27.49
258515 -62.8908 27.55 27.49
253888 -62.8908 27.55 27.49
256851 -62.8908 27.55 27.49
254400 -62.8908 27.55 27.49
254679 -62.8908 27.55 27.49
249079 -62.8908 27.55 27.49
248002 -62.8908 27.55 27.49
248533 -62.8908 27.55 27.49
251139 -62.8908 27.55 27.49
261204 -63.1352 29.85 -26.76
267336 -63.1352 29.85 -26.76
265566 -63.1352 29.85 -26.76
272780 -63.1352 29.85 -26.76
271508 -63.1352 29.85 -26.76
260765 -63.1352 29.85 -26.76
266504 -63.1352 29.85 -26.76
267375 -63.1352 29.85 -26.76
261967 -63.1352 29.85 -26.76
255547 -63.1352 29.85 -26.76
261083 -63.1352 29.85 -26.76
261711 -63.1352 29.85 -26.76
272015 -63.1352 29.85 -26.76
259400 -63.1352 29.85 -26.76
267573 -63.1352 29.85 -26.76
276377 -63.1352 29.85 -26.76
264573 -63.1352 29.85 -26.76
270375 -63.1352 29.85 -26.76
267638 -63.1352 29.85 -26.76
272130 -63.1352 29.85 -26.76
264412 -63.1352 29.85 -26.76
258120 -63.1352 29.85 -26.76
268029 -63.1352 29.85 -26.76
263924 -63.1352 29.85 -26.76
259028 -63.1352 29.85 -26.76
268342 -63.1352 29.85 -26.76
256955 -63.1352 29.85 -26.76
273256 -63.1352 29.85 -26.76
261378 -63.1352 29.85 -26.76
269039 -63.1352 29.85 -26.76
269298 -63.1352 29.85 -26.76
263893 -63.1352 29.85 -26.76
261490 -63.1352 29.85 -26.76
265244 -63.1352 29.85 -26.76
265892 -63.1352 29.85 -26.76
269343 -63.1352 29.85 -26.76
261155 -63.1352 29.85 -26.76
269933 -63.1352 29.85 -26.76
261697 -63.1352 29.85 -26.76
138628 -57.377 19.95 -0.19
130475 -57.377 19.95 -0.19
132575 -57.377 19.95 -0.19
131598 -57.377 19.95 -0.19
130834 -57.377 19.95 -0.19
130660 -57.377 19.95 -0.19
131796 -57.377 19.95 -0.19
131944 -57.377 19.95 -0.19
125313 -57.377 19.95 -0.19
132902 -57.377 19.95 -0.19
133725 -57.377 19.95 -0.19
128618 -57.377 19.95 -0.19
129710 -57.377 19.95 -0.19
129045 -57.377 19.95 -0.19
127749 -57.377 19.95 -0.19
129899 -57.377 19.95 -0.19
135114 -57.377 19.95 -0.19
125935 -57.377 19.95 -0.19
124044 -57.377 19.95 -0.19
124660 -57.377 19.95 -0.19
130615 -57.377 19.95 -0.19
129936 -57.377 19.95 -0.19
130441 -57.377 19.95 -0.19
130493 -57.377 19.95 -0.19
127273 -57.377 19.95 -0.19
125819 -57.377 19.95 -0.19
133377 -57.377 19.95 -0.19
128927 -57.377 19.95 -0.19
127046 -57.377 19.95 -0.19
129100 -57.377 19.95 -0.19
129181 -57.377 19.95 -0.19
123839 -57.377 19.95 -0.19
130787 -57.377 19.95 -0.19
134050 -57.377 19.95 -0.19
128395 -57.377 19.95 -0.19
124565 -57.377 19.95 -0.19
124633 -57.377 19.95 -0.19
125381 -57.377 19.95 -0.19
124083 -57.377 19.95 -0.19
145033 -58.525 -17.77 14.49
151062 -58.525 -17.77 14.49
141743 -58.525 -17.77 14.49
148720 -58.525 -17.77 14.49
143229 -58.525 -17.77 14.49
144952 -58.525 -17.77 14.49
147604 -58.525 -17.77 14.49
151285 -58.525 -17.77 14.49
149365 -58.525 -17.77 14.49
151223 -58.525 -17.77 14.49
153478 -58.525 -17.77 14.49
157938 -58.525 -17.77 14.49
149794 -58.525 -17.77 14.49
146362 -58.525 -17.77 14.49
146507 -58.525 -17.77 14.49
146201 -58.525 -17.77 14.49
154151 -58.525 -17.77 14.49
154142 -58.525 -17.77 14.49
143482 -58.525 -17.77 14.49
150595 -58.525 -17.77 14.49
155352 -58.525 -17.77 14.49
142293 -58.525 -17.77 14.49
151937 -58.525 -17.77 14.49
140338 -58.525 -17.77 14.49
147734 -58.525 -17.77 14.49
149446 -58.525 -17.77 14.49
140887 -58.525 -17.77 14.49
149338 -58.525 -17.77 14.49
149212 -58.525 -17.77 14.49
147003 -58.525 -17.77 14.49
144843 -58.525 -17.77 14.49
145516 -58.525 -17.77 14.49
157030 -58.525 -17.77 14.49
146150 -58.525 -17.77 14.49
152451 -58.525 -17.77 14.49
144026 -58.525 -17.77 14.49
155550 -58.525 -17.77 14.49
147784 -58.525 -17.77 14.49
148479 -58.525 -17.77 14.49
164202 -58.7073 -21.96 8.2
157714 -58.7073 -21.96 8.2
154936 -58.7073 -21.96 8.2
153457 -58.7073 -21.96 8.2
159490 -58.7073 -21.96 8.2
156543 -58.7073 -21.96 8.2
150575 -58.7073 -21.96 8.2
152914 -58.7073 -21.96 8.2
157826 -58.7073 -21.96 8.2
153845 -58.7073 -21.96 8.2
151836 -58.7073 -21.96 8.2
161180 -58.7073 -21.96 8.2
156575 -58.7073 -21.96 8.2
157241 -58.7073 -21.96 8.2
153195 -58.7073 -21.96 8.2
147588 -58.7073 -21.96 8.2
154293 -58.7073 -21.96 8.2
149965 -58.7073 -21.96 8.2
151388 -58.7073 -21.96 8.2
156439 -58.7073 -21.96 8.2
159388 -58.7073 -21.96 8.2
158323 -58.7073 -21.96 8.2
152248 -58.7073 -21.96 8.2
156123 -58.7073 -21.96 8.2
156721 -58.7073 -21.96 8.2
151992 -58.7073 -21.96 8.2
151251 -58.7073 -21.96 8.2
159426 -58.7073 -21.96 8.2
156642 -58.7073 -21.96 8.2
157037 -58.7073 -21.96 8.2
161062 -58.7073 -21.96 8.2
162066 -58.7073 -21.96 8.2
157901 -58.7073 -21.96 8.2
160156 -58.7073 -21.96 8.2
157166 -58.7073 -21.96 8.2
159266 -58.7073 -21.96 8.2
158390 -58.7073 -21.96 8.2
158696 -58.7073 -21.96 8.2
155285 -58.7073 -21.96 8.2
