#rtt sig_str x y
97632 -55.0799 -14.58 3.94
90637 -55.0799 -14.58 3.94
98674 -55.0799 -14.58 3.94
94945 -55.0799 -14.58 3.94
95832 -55.0799 -14.58 3.94
92357 -55.0799 -14.58 3.94
96330 -55.0799 -14.58 3.94
101174 -55.0799 -14.58 3.94
96545 -55.0799 -14.58 3.94
100686 -55.0799 -14.58 3.94
98774 -55.0799 -14.58 3.94
91067 -55.0799 -14.58 3.94
101133 -55.0799 -14.58 3.94
101404 -55.0799 -14.58 3.94
96394 -55.0799 -14.58 3.94
99044 -55.0799 -14.58 3.94
97502 -55.0799 -14.58 3.94
93917 -55.0799 -14.58 3.94
99759 -55.0799 -14.58 3.94
101163 -55.0799 -14.58 3.94
94282 -55.0799 -14.58 3.94
95177 -55.0799 -14.58 3.94
97843 -55.0799 -14.58 3.94
96802 -55.0799 -14.58 3.94
97542 -55.0799 -14.58 3.94
100685 -55.0799 -14.58 3.94
96480 -55.0799 -14.58 3.94
93336 -55.0799 -14.58 3.94
99144 -55.0799 -14.58 3.94
100430 -55.0799 -14.58 3.94
96864 -55.0799 -14.58 3.94
98244 -55.0799 -14.58 3.94
92297 -55.0799 -14.58 3.94
98073 -55.0799 -14.58 3.94
99128 -55.0799 -14.58 3.94
98045 -55.0799 -14.58 3.94
103797 -55.0799 -14.58 3.94
102196 -55.0799 -14.58 3.94
101313 -55.0799 -14.58 3.94
146978 -58.515 11.03 20.07
154441 -58.515 11.03 20.07
149930 -58.515 11.03 20.07
145325 -58.515 11.03 20.07
148771 -58.515 11.03 20.07
147699 -58.515 11.03 20.07
148607 -58.515 11.03 20.07
141267 -58.515 11.03 20.07
147240 -58.515 11.03 20.07
146414 -58.515 11.03 20.07
143500 -58.515 11.03 20.07
142152 -58.515 11.03 20.07
148981 -58.515 11.03 20.07
143721 -58.515 11.03 20.07
150284 -58.515 11.03 20.07
139406 -58.515 11.03 20.07
150547 -58.515 11.03 20.07
141884 -58.515 11.03 20.07
143652 -58.515 11.03 20.07
141435 -58.515 11.03 20.07
142099 -58.515 11.03 20.07
147019 -58.515 11.03 20.07
143123 -58.515 11.03 20.07
152808 -58.515 11.03 20.07
146691 -58.515 11.03 20.07
152927 -58.515 11.03 20.07
150895 -58.515 11.03 20.07
148880 -58.515 11.03 20.07
150341 -58.515 11.03 20.07
157613 -58.515 11.03 20.07
149071 -58.515 11.03 20.07
143737 -58.515 11.03 20.07
145405 -58.515 11.03 20.07
148053 -58.515 11.03 20.07
152066 -58.515 11.03 20.07
148481 -58.515 11.03 20.07
139304 -58.515 11.03 20.07
155675 -58.515 11.03 20.07
147471 -58.515 11.03 20.07
176161 -59.6633 9.82 24.42
176883 -59.6633 9.82 24.42
180949 -59.6633 9.82 24.42
178666 -59.6633 9.82 24.42
175213 -59.6633 9.82 24.42
173387 -59.6633 9.82 24.42
173623 -59.6633 9.82 24.42
177493 -59.6633 9.82 24.42
170524 -59.6633 9.82 24.42
177138 -59.6633 9.82 24.42
183946 -59.6633 9.82 24.42
175337 -59.6633 9.82 24.42
175828 -59.6633 9.82 24.42
173566 -59.6633 9.82 24.42
175351 -59.6633 9.82 24.42
171982 -59.6633 9.82 24.42
181634 -59.6633 9.82 24.42
176171 -59.6633 9.82 24.42
175118 -59.6633 9.82 24.42
176358 -59.6633 9.82 24.42
174856 -59.6633 9.82 24.42
176885 -59.6633 9.82 24.42
173386 -59.6633 9.82 24.42
174473 -59.6633 9.82 24.42
171940 -59.6633 9.82 24.42
177130 -59.6633 9.82 24.42
179686 -59.6633 9.82 24.42
175315 -59.6633 9.82 24.42
174877 -59.6633 9.82 24.42
185256 -59.6633 9.82 24.42
178746 -59.6633 9.82 24.42
178418 -59.6633 9.82 24.42
177783 -59.6633 9.82 24.42
182459 -59.6633 9.82 24.42
178032 -59.6633 9.82 24.42
185339 -59.6633 9.82 24.42
172067 -59.6633 9.82 24.42
183524 -59.6633 9.82 24.42
171374 -59.6633 9.82 24.42
135407 -57.9826 16.63 -13.58
144542 -57.9826 16.63 -13.58
144189 -57.9826 16.63 -13.58
140046 -57.9826 16.63 -13.58
138387 -57.9826 16.63 -13.58
143597 -57.9826 16.63 -13.58
136574 -57.9826 16.63 -13.58
143405 -57.9826 16.63 -13.58
142952 -57.9826 16.63 -13.58
145265 -57.9826 16.63 -13.58
144180 -57.9826 16.63 -13.58
140076 -57.9826 16.63 -13.58
138724 -57.9826 16.63 -13.58
142029 -57.9826 16.63 -13.58
141180 -57.9826 16.63 -13.58
136949 -57.9826 16.63 -13.58
136461 -57.9826 16.63 -13.58
139431 -57.9826 16.63 -13.58
142046 -57.9826 16.63 -13.58
134124 -57.9826 16.63 -13.58
144099 -57.9826 16.63 -13.58
140849 -57.9826 16.63 -13.58
139133 -57.9826 16.63 -13.58
138196 -57.9826 16.63 -13.58
138973 -57.9826 16.63 -13.58
136408 -57.9826 16.63 -13.58
143600 -57.9826 16.63 -13.58
148035 -57.9826 16.63 -13.58
142857 -57.9826 16.63 -13.58
136521 -57.9826 16.63 -13.58
140706 -57.9826 16.63 -13.58
138610 -57.9826 16.63 -13.58
137805 -57.9826 16.63 -13.58
138142 -57.9826 16.63 -13.58
140652 -57.9826 16.63 -13.58
139707 -57.9826 16.63 -13.58
137875 -57.9826 16.63 -13.58
137767 -57.9826 16.63 -13.58
140127 -57.9826 16.63 -13.58
209807 -61.2865 19.65 -25.31
201682 -61.2865 19.65 -25.31
200215 -61.2865 19.65 -25.31
212103 -61.2865 19.65 -25.31
219817 -61.2865 19.65 -25.31
203848 -61.2865 19.65 -25.31
206346 -61.2865 19.65 -25.31
207190 -61.2865 19.65 -25.31
207406 -61.2865 19.65 -25.31
206642 -61.2865 19.65 -25.31
202409 -61.2865 19.65 -25.31
208422 -61.2865 19.65 -25.31
205907 -61.2865 19.65 -25.31
209763 -61.2865 19.65 -25.31
200175 -61.2865 19.65 -25.31
200235 -61.2865 19.65 -25.31
200435 -61.2865 19.65 -25.31
204209 -61.2865 19.65 -25.31
209713 -61.2865 19.65 -25.31
201664 -61.2865 19.65 -25.31
211683 -61.2865 19.65 -25.31
205178 -61.2865 19.65 -25.31
207572 -61.2865 19.65 -25.31
208604 -61.2865 19.65 -25.31
205191 -61.2865 19.65 -25.31
208498 -61.2865 19.65 -25.31
210775 -61.2865 19.65 -25.31
214694 -61.2865 19.65 -25.31
206258 -61.2865 19.65 -25.31
210382 -61.2865 19.65 -25.31
207033 -61.2865 19.65 -25.31
200361 -61.2865 19.65 -25.31
210482 -61.2865 19.65 -25.31
202300 -61.2865 19.65 -25.31
205969 -61.2865 19.65 -25.31
210092 -61.2865 19.65 -25.31
205732 -61.2865 19.65 -25.31
210061 -61.2865 19.65 -25.31
210151 -61.2865 19.65 -25.31
65123 -52.4648 -8.6 -6.86
66036 -52.4648 -8.6 -6.86
75366 -52.4648 -8.6 -6.86
64967 -52.4648 -8.6 -6.86
68219 -52.4648 -8.6 -6.86
74961 -52.4648 -8.6 -6.86
69654 -52.4648 -8.6 -6.86
72660 -52.4648 -8.6 -6.86
69654 -52.4648 -8.6 -6.86
71861 -52.4648 -8.6 -6.86
79045 -52.4648 -8.6 -6.86
68099 -52.4648 -8.6 -6.86
72288 -52.4648 -8.6 -6.86
69500 -52.4648 -8.6 -6.86
71851 -52.4648 -8.6 -6.86
67218 -52.4648 -8.6 -6.86
63612 -52.4648 -8.6 -6.86
70540 -52.4648 -8.6 -6.86
71963 -52.4648 -8.6 -6.86
66611 -52.4648 -8.6 -6.86
72004 -52.4648 -8.6 -6.86
73350 -52.4648 -8.6 -6.86
72119 -52.4648 -8.6 -6.86
69660 -52.4648 -8.6 -6.86
74217 -52.4648 -8.6 -6.86
70721 -52.4648 -8.6 -6.86
74417 -52.4648 -8.6 -6.86
71988 -52.4648 -8.6 -6.86
75794 -52.4648 -8.6 -6.86
63184 -52.4648 -8.6 -6.86
69540 -52.4648 -8.6 -6.86
68997 -52.4648 -8.6 -6.86
73285 -52.4648 -8.6 -6.86
69950 -52.4648 -8.6 -6.86
69418 -52.4648 -8.6 -6.86
75330 -52.4648 -8.6 -6.86
71899 -52.4648 -8.6 -6.86
71436 -52.4648 -8.6 -6.86
66721 -52.4648 -8.6 -6.86
124605 -56.7228 -6.8 -17.13
119158 -56.7228 -6.8 -17.13
115477 -56.7228 -6.8 -17.13
115571 -56.7228 -6.8 -17.13
118604 -56.7228 -6.8 -17.13
118472 -56.7228 -6.8 -17.13
124307 -56.7228 -6.8 -17.13
126939 -56.7228 -6.8 -17.13
120090 -56.7228 -6.8 -17.13
122108 -56.7228 -6.8 -17.13
114848 -56.7228 -6.8 -17.13
120733 -56.7228 -6.8 -17.13
117846 -56.7228 -6.8 -17.13
119037 -56.7228 -6.8 -17.13
112835 -56.7228 -6.8 -17.13
123069 -56.7228 -6.8 -17.13
121946 -56.7228 -6.8 -17.13
123556 -56.7228 -6.8 -17.13
124990 -56.7228 -6.8 -17.13
114973 -56.7228 -6.8 -17.13
119086 -56.7228 -6.8 -17.13
119769 -56.7228 -6.8 -17.13
122593 -56.7228 -6.8 -17.13
116176 -56.7228 -6.8 -17.13
114811 -56.7228 -6.8 -17.13
118258 -56.7228 -6.8 -17.13
115004 -56.7228 -6.8 -17.13
122030 -56.7228 -6.8 -17.13
118680 -56.7228 -6.8 -17.13
120853 -56.7228 -6.8 -17.13
120431 -56.7228 -6.8 -17.13
118204 -56.7228 -6.8 -17.13
125706 -56.7228 -6.8 -17.13
122778 -56.7228 -6.8 -17.13
114044 -56.7228 -6.8 -17.13
110649 -56.7228 -6.8 -17.13
121490 -56.7228 -6.8 -17.13
120145 -56.7228 -6.8 -17.13
115733 -56.7228 -6.8 -17.13
109542 -55.4974 14.61 6.24
103692 -55.4974 14.61 6.24
100373 -55.4974 14.61 6.24
105612 -55.4974 14.61 6.24
110228 -55.4974 14.61 6.24
109017 -55.4974 14.61 6.24
97510 -55.4974 14.61 6.24
103758 -55.4974 14.61 6.24
98464 -55.4974 14.61 6.24
101783 -55.4974 14.61 6.24
106034 -55.4974 14.61 6.24
104509 -55.4974 14.61 6.24
105367 -55.4974 14.61 6.24
106194 -55.4974 14.61 6.24
103455 -55.4974 14.61 6.24
99584 -55.4974 14.61 6.24
100039 -55.4974 14.61 6.24
105596 -55.4974 14.61 6.24
104467 -55.4974 14.61 6.24
99620 -55.4974 14.61 6.24
102149 -55.4974 14.61 6.24
99436 -55.4974 14.61 6.24
97894 -55.4974 14.61 6.24
106186 -55.4974 14.61 6.24
105546 -55.4974 14.61 6.24
104855 -55.4974 14.61 6.24
109975 -55.4974 14.61 6.24
104507 -55.4974 14.61 6.24
107270 -55.4974 14.61 6.24
110498 -55.4974 14.61 6.24
103042 -55.4974 14.61 6.24
106049 -55.4974 14.61 6.24
108510 -55.4974 14.61 6.24
99491 -55.4974 14.61 6.24
108985 -55.4974 14.61 6.24
108812 -55.4974 14.61 6.24
107954 -55.4974 14.61 6.24
105604 -55.4974 14.61 6.24
102358 -55.4974 14.61 6.24
209071 -61.4024 -13.05 -29.76
206618 -61.4024 -13.05 -29.76
215298 -61.4024 -13.05 -29.76
201832 -61.4024 -13.05 -29.76
207730 -61.4024 -13.05 -29.76
212543 -61.4024 -13.05 -29.76
212912 -61.4024 -13.05 -29.76
209466 -61.4024 -13.05 -29.76
210574 -61.4024 -13.05 -29.76
213930 -61.4024 -13.05 -29.76
222691 -61.4024 -13.05 -29.76
212399 -61.4024 -13.05 -29.76
214048 -61.4024 -13.05 -29.76
213377 -61.4024 -13.05 -29.76
206734 -61.4024 -13.05 -29.76
212624 -61.4024 -13.05 -29.76
207653 -61.4024 -13.05 -29.76
208356 -61.4024 -13.05 -29.76
210180 -61.4024 -13.05 -29.76
214146 -61.4024 -13.05 -29.76
209229 -61.4024 -13.05 -29.76
213061 -61.4024 -13.05 -29.76
207819 -61.4024 -13.05 -29.76
208756 -61.4024 -13.05 -29.76
216590 -61.4024 -13.05 -29.76
214455 -61.4024 -13.05 -29.76
211323 -61.4024 -13.05 -29.76
221056 -61.4024 -13.05 -29.76
212151 -61.4024 -13.05 -29.76
214386 -61.4024 -13.05 -29.76
201971 -61.4024 -13.05 -29.76
215787 -61.4024 -13.05 -29.76
206005 -61.4024 -13.05 -29.76
208383 -61.4024 -13.05 -29.76
211878 -61.4024 -13.05 -29.76
214788 -61.4024 -13.05 -29.76
213709 -61.4024 -13.05 -29.76
214801 -61.4024 -13.05 -29.76
204103 -61.4024 -13.05 -29.76
221474 -61.1012 -12.36 -28.79
218162 -61.1012 -12.36 -28.79
217871 -61.1012 -12.36 -28.79
217502 -61.1012 -12.36 -28.79
204318 -61.1012 -12.36 -28.79
216973 -61.1012 -12.36 -28.79
212450 -61.1012 -12.36 -28.79
217230 -61.1012 -12.36 -28.79
211032 -61.1012 -12.36 -28.79
207349 -61.1012 -12.36 -28.79
214032 -61.1012 -12.36 -28.79
212449 -61.1012 -12.36 -28.79
212033 -61.1012 -12.36 -28.79
216742 -61.1012 -12.36 -28.79
213262 -61.1012 -12.36 -28.79
215689 -61.1012 -12.36 -28.79
211399 -61.1012 -12.36 -28.79
212303 -61.1012 -12.36 -28.79
204329 -61.1012 -12.36 -28.79
211030 -61.1012 -12.36 -28.79
213619 -61.1012 -12.36 -28.79
219509 -61.1012 -12.36 -28.79
217490 -61.1012 -12.36 -28.79
220896 -61.1012 -12.36 -28.79
205122 -61.1012 -12.36 -28.79
214393 -61.1012 -12.36 -28.79
210691 -61.1012 -12.36 -28.79
213018 -61.1012 -12.36 -28.79
202361 -61.1012 -12.36 -28.79
213231 -61.1012 -12.36 -28.79
220094 -61.1012 -12.36 -28.79
214688 -61.1012 -12.36 -28.79
211926 -61.1012 -12.36 -28.79
213128 -61.1012 -12.36 -28.79
215778 -61.1012 -12.36 -28.79
210600 -61.1012 -12.36 -28.79
215252 -61.1012 -12.36 -28.79
216421 -61.1012 -12.36 -28.79
217158 -61.1012 -12.36 -28.79
