#rtt sig_str x y
185982 -60.0185 -27.24 3.61
187070 -60.0185 -27.24 3.61
178908 -60.0185 -27.24 3.61
186373 -60.0185 -27.24 3.61
187605 -60.0185 -27.24 3.61
187141 -60.0185 -27.24 3.61
181309 -60.0185 -27.24 3.61
183667 -60.0185 -27.24 3.61
181713 -60.0185 -27.24 3.61
179110 -60.0185 -27.24 3.61
188386 -60.0185 -27.24 3.61
176429 -60.0185 -27.24 3.61
184409 -60.0185 -27.24 3.61
189786 -60.0185 -27.24 3.61
193801 -60.0185 -27.24 3.61
188095 -60.0185 -27.24 3.61
180369 -60.0185 -27.24 3.61
176895 -60.0185 -27.24 3.61
185539 -60.0185 -27.24 3.61
182218 -60.0185 -27.24 3.61
176328 -60.0185 -27.24 3.61
183648 -60.0185 -27.24 3.61
189603 -60.0185 -27.24 3.61
181424 -60.0185 -27.24 3.61
184484 -60.0185 -27.24 3.61
183037 -60.0185 -27.24 3.61
181630 -60.0185 -27.24 3.61
181857 -60.0185 -27.24 3.61
180380 -60.0185 -27.24 3.61
180439 -60.0185 -27.24 3.61
190164 -60.0185 -27.24 3.61
182569 -60.0185 -27.24 3.61
184748 -60.0185 -27.24 3.61
188450 -60.0185 -27.24 3.61
185901 -60.0185 -27.24 3.61
182728 -60.0185 -27.24 3.61
175864 -60.0185 -27.24 3.61
180433 -60.0185 -27.24 3.61
182590 -60.0185 -27.24 3.61
55950 -49.7285 -7.79 -1.29
52937 -49.7285 -7.79 -1.29
66226 -49.7285 -7.79 -1.29
58104 -49.7285 -7.79 -1.29
59059 -49.7285 -7.79 -1.29
60278 -49.7285 -7.79 -1.29
53533 -49.7285 -7.79 -1.29
61039 -49.7285 -7.79 -1.29
59662 -49.7285 -7.79 -1.29
63964 -49.7285 -7.79 -1.29
53180 -49.7285 -7.79 -1.29
62432 -49.7285 -7.79 -1.29
59738 -49.7285 -7.79 -1.29
59979 -49.7285 -7.79 -1.29
61960 -49.7285 -7.79 -1.29
56412 -49.7285 -7.79 -1.29
60750 -49.7285 -7.79 -1.29
54457 -49.7285 -7.79 -1.29
59921 -49.7285 -7.79 -1.29
56034 -49.7285 -7.79 -1.29
58904 -49.7285 -7.79 -1.29
55484 -49.7285 -7.79 -1.29
57040 -49.7285 -7.79 -1.29
54368 -49.7285 -7.79 -1.29
56359 -49.7285 -7.79 -1.29
61317 -49.7285 -7.79 -1.29
55620 -49.7285 -7.79 -1.29
59720 -49.7285 -7.79 -1.29
59059 -49.7285 -7.79 -1.29
60980 -49.7285 -7.79 -1.29
56288 -49.7285 -7.79 -1.29
59902 -49.7285 -7.79 -1.29
56221 -49.7285 -7.79 -1.29
63806 -49.7285 -7.79 -1.29
60666 -49.7285 -7.79 -1.29
60111 -49.7285 -7.79 -1.29
63449 -49.7285 -7.79 -1.29
62659 -49.7285 -7.79 -1.29
58706 -49.7285 -7.79 -1.29
118746 -56.9804 -15.46 -11.07
121045 -56.9804 -15.46 -11.07
122793 -56.9804 -15.46 -11.07
123007 -56.9804 -15.46 -11.07
116083 -56.9804 -15.46 -11.07
124439 -56.9804 -15.46 -11.07
118151 -56.9804 -15.46 -11.07
117924 -56.9804 -15.46 -11.07
115784 -56.9804 -15.46 -11.07
116702 -56.9804 -15.46 -11.07
119832 -56.9804 -15.46 -11.07
124131 -56.9804 -15.46 -11.07
117118 -56.9804 -15.46 -11.07
121157 -56.9804 -15.46 -11.07
122786 -56.9804 -15.46 -11.07
116541 -56.9804 -15.46 -11.07
114791 -56.9804 -15.46 -11.07
119266 -56.9804 -15.46 -11.07
114518 -56.9804 -15.46 -11.07
114080 -56.9804 -15.46 -11.07
118847 -56.9804 -15.46 -11.07
113376 -56.9804 -15.46 -11.07
114459 -56.9804 -15.46 -11.07
129207 -56.9804 -15.46 -11.07
118368 -56.9804 -15.46 -11.07
115105 -56.9804 -15.46 -11.07
121513 -56.9804 -15.46 -11.07
112952 -56.9804 -15.46 -11.07
120993 -56.9804 -15.46 -11.07
122493 -56.9804 -15.46 -11.07
122441 -56.9804 -15.46 -11.07
119560 -56.9804 -15.46 -11.07
120355 -56.9804 -15.46 -11.07
118348 -56.9804 -15.46 -11.07
115366 -56.9804 -15.46 -11.07
120379 -56.9804 -15.46 -11.07
119173 -56.9804 -15.46 -11.07
124015 -56.9804 -15.46 -11.07
124393 -56.9804 -15.46 -11.07
76465 -52.4236 7.71 -7.77
74958 -52.4236 7.71 -7.77
81270 -52.4236 7.71 -7.77
79614 -52.4236 7.71 -7.77
79946 -52.4236 7.71 -7.77
78861 -52.4236 7.71 -7.77
74654 -52.4236 7.71 -7.77
72733 -52.4236 7.71 -7.77
77126 -52.4236 7.71 -7.77
78688 -52.4236 7.71 -7.77
80026 -52.4236 7.71 -7.77
75365 -52.4236 7.71 -7.77
79082 -52.4236 7.71 -7.77
80913 -52.4236 7.71 -7.77
79611 -52.4236 7.71 -7.77
82699 -52.4236 7.71 -7.77
82154 -52.4236 7.71 -7.77
76592 -52.4236 7.71 -7.77
81021 -52.4236 7.71 -7.77
79894 -52.4236 7.71 -7.77
77818 -52.4236 7.71 -7.77
81291 -52.4236 7.71 -7.77
74498 -52.4236 7.71 -7.77
77067 -52.4236 7.71 -7.77
81340 -52.4236 7.71 -7.77
79820 -52.4236 7.71 -7.77
78655 -52.4236 7.71 -7.77
75990 -52.4236 7.71 -7.77
75979 -52.4236 7.71 -7.77
76700 -52.4236 7.71 -7.77
83058 -52.4236 7.71 -7.77
79452 -52.4236 7.71 -7.77
70514 -52.4236 7.71 -7.77
82108 -52.4236 7.71 -7.77
76239 -52.4236 7.71 -7.77
81122 -52.4236 7.71 -7.77
79121 -52.4236 7.71 -7.77
74116 -52.4236 7.71 -7.77
77096 -52.4236 7.71 -7.77
216516 -61.3797 29.41 13.61
222875 -61.3797 29.41 13.61
217160 -61.3797 29.41 13.61
222321 -61.3797 29.41 13.61
218656 -61.3797 29.41 13.61
220005 -61.3797 29.41 13.61
217814 -61.3797 29.41 13.61
222339 -61.3797 29.41 13.61
215746 -61.3797 29.41 13.61
211431 -61.3797 29.41 13.61
215976 -61.3797 29.41 13.61
216254 -61.3797 29.41 13.61
217235 -61.3797 29.41 13.61
217612 -61.3797 29.41 13.61
214779 -61.3797 29.41 13.61
215132 -61.3797 29.41 13.61
217527 -61.3797 29.41 13.61
220750 -61.3797 29.41 13.61
207505 -61.3797 29.41 13.61
221690 -61.3797 29.41 13.61
219211 -61.3797 29.41 13.61
219183 -61.3797 29.41 13.61
224859 -61.3797 29.41 13.61
221223 -61.3797 29.41 13.61
212858 -61.3797 29.41 13.61
220848 -61.3797 29.41 13.61
217397 -61.3797 29.41 13.61
219267 -61.3797 29.41 13.61
215602 -61.3797 29.41 13.61
212223 -61.3797 29.41 13.61
212866 -61.3797 29.41 13.61
221468 -61.3797 29.41 13.61
214316 -61.3797 29.41 13.61
216988 -61.3797 29.41 13.61
214992 -61.3797 29.41 13.61
223235 -61.3797 29.41 13.61
223371 -61.3797 29.41 13.61
216641 -61.3797 29.41 13.61
221820 -61.3797 29.41 13.61
170728 -59.5452 -22.17 -13.48
178489 -59.5452 -22.17 -13.48
172917 -59.5452 -22.17 -13.48
167091 -59.5452 -22.17 -13.48
172374 -59.5452 -22.17 -13.48
175535 -59.5452 -22.17 -13.48
173969 -59.5452 -22.17 -13.48
168771 -59.5452 -22.17 -13.48
168513 -59.5452 -22.17 -13.48
174653 -59.5452 -22.17 -13.48
176112 -59.5452 -22.17 -13.48
165831 -59.5452 -22.17 -13.48
176195 -59.5452 -22.17 -13.48
173981 -59.5452 -22.17 -13.48
174434 -59.5452 -22.17 -13.48
171128 -59.5452 -22.17 -13.48
168460 -59.5452 -22.17 -13.48
172208 -59.5452 -22.17 -13.48
171867 -59.5452 -22.17 -13.48
165399 -59.5452 -22.17 -13.48
174740 -59.5452 -22.17 -13.48
183151 -59.5452 -22.17 -13.48
176034 -59.5452 -22.17 -13.48
170630 -59.5452 -22.17 -13.48
172762 -59.5452 -22.17 -13.48
174782 -59.5452 -22.17 -13.48
172714 -59.5452 -22.17 -13.48
169270 -59.5452 -22.17 -13.48
175893 -59.5452 -22.17 -13.48
172642 -59.5452 -22.17 -13.48
175557 -59.5452 -22.17 -13.48
171541 -59.5452 -22.17 -13.48
177702 -59.5452 -22.17 -13.48
168201 -59.5452 -22.17 -13.48
174412 -59.5452 -22.17 -13.48
176113 -59.5452 -22.17 -13.48
180899 -59.5452 -22.17 -13.48
178695 -59.5452 -22.17 -13.48
178528 -59.5452 -22.17 -13.48
193718 -60.8883 -19.59 -23.42
198855 -60.8883 -19.59 -23.42
190827 -60.8883 -19.59 -23.42
191917 -60.8883 -19.59 -23.42
198992 -60.8883 -19.59 -23.42
194308 -60.8883 -19.59 -23.42
201569 -60.8883 -19.59 -23.42
188001 -60.8883 -19.59 -23.42
191727 -60.8883 -19.59 -23.42
196799 -60.8883 -19.59 -23.42
194336 -60.8883 -19.59 -23.42
196916 -60.8883 -19.59 -23.42
191751 -60.8883 -19.59 -23.42
196902 -60.8883 -19.59 -23.42
200105 -60.8883 -19.59 -23.42
185007 -60.8883 -19.59 -23.42
188257 -60.8883 -19.59 -23.42
195174 -60.8883 -19.59 -23.42
195418 -60.8883 -19.59 -23.42
193261 -60.8883 -19.59 -23.42
192953 -60.8883 -19.59 -23.42
189757 -60.8883 -19.59 -23.42
196499 -60.8883 -19.59 -23.42
193482 -60.8883 -19.59 -23.42
185665 -60.8883 -19.59 -23.42
195287 -60.8883 -19.59 -23.42
201312 -60.8883 -19.59 -23.42
190971 -60.8883 -19.59 -23.42
198763 -60.8883 -19.59 -23.42
197099 -60.8883 -19.59 -23.42
196660 -60.8883 -19.59 -23.42
195501 -60.8883 -19.59 -23.42
195420 -60.8883 -19.59 -23.42
193434 -60.8883 -19.59 -23.42
194268 -60.8883 -19.59 -23.42
196521 -60.8883 -19.59 -23.42
190358 -60.8883 -19.59 -23.42
191679 -60.8883 -19.59 -23.42
191405 -60.8883 -19.59 -23.42
198463 -60.6261 -14.5 25.78
194822 -60.6261 -14.5 25.78
202768 -60.6261 -14.5 25.78
202218 -60.6261 -14.5 25.78
198092 -60.6261 -14.5 25.78
197397 -60.6261 -14.5 25.78
195572 -60.6261 -14.5 25.78
199379 -60.6261 -14.5 25.78
191354 -60.6261 -14.5 25.78
193188 -60.6261 -14.5 25.78
201325 -60.6261 -14.5 25.78
198195 -60.6261 -14.5 25.78
197501 -60.6261 -14.5 25.78
202012 -60.6261 -14.5 25.78
193323 -60.6261 -14.5 25.78
201184 -60.6261 -14.5 25.78
199636 -60.6261 -14.5 25.78
199424 -60.6261 -14.5 25.78
190486 -60.6261 -14.5 25.78
197908 -60.6261 -14.5 25.78
195170 -60.6261 -14.5 25.78
195614 -60.6261 -14.5 25.78
201707 -60.6261 -14.5 25.78
197798 -60.6261 -14.5 25.78
199405 -60.6261 -14.5 25.78
189438 -60.6261 -14.5 25.78
196723 -60.6261 -14.5 25.78
193566 -60.6261 -14.5 25.78
196266 -60.6261 -14.5 25.78
192644 -60.6261 -14.5 25.78
197208 -60.6261 -14.5 25.78
194187 -60.6261 -14.5 25.78
193568 -60.6261 -14.5 25.78
191720 -60.6261 -14.5 25.78
190943 -60.6261 -14.5 25.78
199176 -60.6261 -14.5 25.78
197119 -60.6261 -14.5 25.78
200680 -60.6261 -14.5 25.78
194204 -60.6261 -14.5 25.78
82955 -54.0168 -4.9 12.34
86543 -54.0168 -4.9 12.34
81798 -54.0168 -4.9 12.34
80602 -54.0168 -4.9 12.34
86086 -54.0168 -4.9 12.34
82232 -54.0168 -4.9 12.34
86999 -54.0168 -4.9 12.34
84682 -54.0168 -4.9 12.34
83458 -54.0168 -4.9 12.34
83504 -54.0168 -4.9 12.34
81985 -54.0168 -4.9 12.34
85091 -54.0168 -4.9 12.34
84681 -54.0168 -4.9 12.34
86605 -54.0168 -4.9 12.34
81303 -54.0168 -4.9 12.34
83016 -54.0168 -4.9 12.34
82412 -54.0168 -4.9 12.34
85878 -54.0168 -4.9 12.34
88553 -54.0168 -4.9 12.34
82730 -54.0168 -4.9 12.34
86590 -54.0168 -4.9 12.34
82696 -54.0168 -4.9 12.34
83380 -54.0168 -4.9 12.34
77414 -54.0168 -4.9 12.34
82368 -54.0168 -4.9 12.34
79843 -54.0168 -4.9 12.34
78359 -54.0168 -4.9 12.34
81794 -54.0168 -4.9 12.34
80929 -54.0168 -4.9 12.34
82544 -54.0168 -4.9 12.34
83453 -54.0168 -4.9 12.34
81860 -54.0168 -4.9 12.34
82468 -54.0168 -4.9 12.34
82062 -54.0168 -4.9 12.34
87606 -54.0168 -4.9 12.34
88409 -54.0168 -4.9 12.34
79684 -54.0168 -4.9 12.34
79526 -54.0168 -4.9 12.34
81837 -54.0168 -4.9 12.34
194691 -60.5479 -22.14 -19.19
190189 -60.5479 -22.14 -19.19
198403 -60.5479 -22.14 -19.19
187185 -60.5479 -22.14 -19.19
204176 -60.5479 -22.14 -19.19
203976 -60.5479 -22.14 -19.19
196740 -60.5479 -22.14 -19.19
195000 -60.5479 -22.14 -19.19
198847 -60.5479 -22.14 -19.19
198835 -60.5479 -22.14 -19.19
188941 -60.5479 -22.14 -19.19
192872 -60.5479 -22.14 -19.19
190827 -60.5479 -22.14 -19.19
200459 -60.5479 -22.14 -19.19
191760 -60.5479 -22.14 -19.19
194740 -60.5479 -22.14 -19.19
191031 -60.5479 -22.14 -19.19
196876 -60.5479 -22.14 -19.19
194512 -60.5479 -22.14 -19.19
194102 -60.5479 -22.14 -19.19
197801 -60.5479 -22.14 -19.19
193473 -60.5479 -22.14 -19.19
199514 -60.5479 -22.14 -19.19
195106 -60.5479 -22.14 -19.19
191084 -60.5479 -22.14 -19.19
195996 -60.5479 -22.14 -19.19
189712 -60.5479 -22.14 -19.19
195830 -60.5479 -22.14 -19.19
184214 -60.5479 -22.14 -19.19
194504 -60.5479 -22.14 -19.19
194276 -60.5479 -22.14 -19.19
193141 -60.5479 -22.14 -19.19
193432 -60.5479 -22.14 -19.19
188115 -60.5479 -22.14 -19.19
193298 -60.5479 -22.14 -19.19
201820 -60.5479 -22.14 -19.19
191966 -60.5479 -22.14 -19.19
190920 -60.5479 -22.14 -19.19
197089 -60.5479 -22.14 -19.19
