#rtt sig_str x y
164656 -59.2623 7.22 24.01
156635 -59.2623 7.22 24.01
166505 -59.2623 7.22 24.01
157255 -59.2623 7.22 24.01
158737 -59.2623 7.22 24.01
160148 -59.2623 7.22 24.01
166272 -59.2623 7.22 24.01
161650 -59.2623 7.22 24.01
158950 -59.2623 7.22 24.01
162093 -59.2623 7.22 24.01
161448 -59.2623 7.22 24.01
150799 -59.2623 7.22 24.01
157305 -59.2623 7.22 24.01
158824 -59.2623 7.22 24.01
161532 -59.2623 7.22 24.01
161616 -59.2623 7.22 24.01
158461 -59.2623 7.22 24.01
151411 -59.2623 7.22 24.01
156568 -59.2623 7.22 24.01
156800 -59.2623 7.22 24.01
155977 -59.2623 7.22 24.01
162294 -59.2623 7.22 24.01
159448 -59.2623 7.22 24.01
153040 -59.2623 7.22 24.01
167725 -59.2623 7.22 24.01
159510 -59.2623 7.22 24.01
159600 -59.2623 7.22 24.01
165865 -59.2623 7.22 24.01
157414 -59.2623 7.22 24.01
157688 -59.2623 7.22 24.01
156657 -59.2623 7.22 24.01
155833 -59.2623 7.22 24.01
165598 -59.2623 7.22 24.01
158851 -59.2623 7.22 24.01
157750 -59.2623 7.22 24.01
159031 -59.2623 7.22 24.01
151883 -59.2623 7.22 24.01
161961 -59.2623 7.22 24.01
157671 -59.2623 7.22 24.01
8535 -38.4143 0.54 1.93
7540 -38.4143 0.54 1.93
7504 -38.4143 0.54 1.93
9751 -38.4143 0.54 1.93
8570 -38.4143 0.54 1.93
4639 -38.4143 0.54 1.93
13257 -38.4143 0.54 1.93
10316 -38.4143 0.54 1.93
6389 -38.4143 0.54 1.93
7763 -38.4143 0.54 1.93
4238 -38.4143 0.54 1.93
13384 -38.4143 0.54 1.93
6141 -38.4143 0.54 1.93
15174 -38.4143 0.54 1.93
5975 -38.4143 0.54 1.93
9504 -38.4143 0.54 1.93
5982 -38.4143 0.54 1.93
8885 -38.4143 0.54 1.93
6249 -38.4143 0.54 1.93
6659 -38.4143 0.54 1.93
10556 -38.4143 0.54 1.93
3321 -38.4143 0.54 1.93
13412 -38.4143 0.54 1.93
8993 -38.4143 0.54 1.93
5284 -38.4143 0.54 1.93
6281 -38.4143 0.54 1.93
18515 -38.4143 0.54 1.93
10270 -38.4143 0.54 1.93
4848 -38.4143 0.54 1.93
11371 -38.4143 0.54 1.93
7776 -38.4143 0.54 1.93
5135 -38.4143 0.54 1.93
11825 -38.4143 0.54 1.93
5787 -38.4143 0.54 1.93
15705 -38.4143 0.54 1.93
10843 -38.4143 0.54 1.93
3649 -38.4143 0.54 1.93
7942 -38.4143 0.54 1.93
10394 -38.4143 0.54 1.93
191799 -60.6527 -12.11 -27.09
194272 -60.6527 -12.11 -27.09
186864 -60.6527 -12.11 -27.09
191115 -60.6527 -12.11 -27.09
177652 -60.6527 -12.11 -27.09
186480 -60.6527 -12.11 -27.09
187845 -60.6527 -12.11 -27.09
183347 -60.6527 -12.11 -27.09
190074 -60.6527 -12.11 -27.09
181556 -60.6527 -12.11 -27.09
190782 -60.6527 -12.11 -27.09
178870 -60.6527 -12.11 -27.09
189108 -60.6527 -12.11 -27.09
189506 -60.6527 -12.11 -27.09
183138 -60.6527 -12.11 -27.09
185483 -60.6527 -12.11 -27.09
185327 -60.6527 -12.11 -27.09
192162 -60.6527 -12.11 -27.09
189301 -60.6527 -12.11 -27.09
180281 -60.6527 -12.11 -27.09
193858 -60.6527 -12.11 -27.09
185379 -60.6527 -12.11 -27.09
187847 -60.6527 -12.11 -27.09
184023 -60.6527 -12.11 -27.09
190039 -60.6527 -12.11 -27.09
183275 -60.6527 -12.11 -27.09
186116 -60.6527 -12.11 -27.09
183156 -60.6527 -12.11 -27.09
190356 -60.6527 -12.11 -27.09
191944 -60.6527 -12.11 -27.09
185482 -60.6527 -12.11 -27.09
192562 -60.6527 -12.11 -27.09
185946 -60.6527 -12.11 -27.09
188879 -60.6527 -12.11 -27.09
188649 -60.6527 -12.11 -27.09
184658 -60.6527 -12.11 -27.09
182773 -60.6527 -12.11 -27.09
192647 -60.6527 -12.11 -27.09
189149 -60.6527 -12.11 -27.09
117931 -56.2682 9.23 14.8
116291 -56.2682 9.23 14.8
118505 -56.2682 9.23 14.8
116304 -56.2682 9.23 14.8
116671 -56.2682 9.23 14.8
119806 -56.2682 9.23 14.8
116278 -56.2682 9.23 14.8
119812 -56.2682 9.23 14.8
113418 -56.2682 9.23 14.8
108119 -56.2682 9.23 14.8
118159 -56.2682 9.23 14.8
114874 -56.2682 9.23 14.8
115068 -56.2682 9.23 14.8
116408 -56.2682 9.23 14.8
112157 -56.2682 9.23 14.8
122643 -56.2682 9.23 14.8
122696 -56.2682 9.23 14.8
116708 -56.2682 9.23 14.8
113003 -56.2682 9.23 14.8
109177 -56.2682 9.23 14.8
114076 -56.2682 9.23 14.8
112560 -56.2682 9.23 14.8
113244 -56.2682 9.23 14.8
113421 -56.2682 9.23 14.8
114896 -56.2682 9.23 14.8
117102 -56.2682 9.23 14.8
125900 -56.2682 9.23 14.8
112590 -56.2682 9.23 14.8
116940 -56.2682 9.23 14.8
116626 -56.2682 9.23 14.8
116684 -56.2682 9.23 14.8
114563 -56.2682 9.23 14.8
111782 -56.2682 9.23 14.8
123142 -56.2682 9.23 14.8
110802 -56.2682 9.23 14.8
120508 -56.2682 9.23 14.8
118392 -56.2682 9.23 14.8
114142 -56.2682 9.23 14.8
119431 -56.2682 9.23 14.8
109718 -55.4471 -13.59 8.04
104278 -55.4471 -13.59 8.04
104791 -55.4471 -13.59 8.04
103176 -55.4471 -13.59 8.04
102682 -55.4471 -13.59 8.04
107846 -55.4471 -13.59 8.04
110778 -55.4471 -13.59 8.04
108320 -55.4471 -13.59 8.04
109784 -55.4471 -13.59 8.04
104012 -55.4471 -13.59 8.04
106840 -55.4471 -13.59 8.04
109170 -55.4471 -13.59 8.04
109580 -55.4471 -13.59 8.04
104062 -55.4471 -13.59 8.04
114649 -55.4471 -13.59 8.04
103123 -55.4471 -13.59 8.04
93882 -55.4471 -13.59 8.04
109588 -55.4471 -13.59 8.04
107230 -55.4471 -13.59 8.04
107893 -55.4471 -13.59 8.04
112449 -55.4471 -13.59 8.04
105283 -55.4471 -13.59 8.04
106262 -55.4471 -13.59 8.04
106879 -55.4471 -13.59 8.04
103434 -55.4471 -13.59 8.04
108388 -55.4471 -13.59 8.04
102220 -55.4471 -13.59 8.04
107841 -55.4471 -13.59 8.04
101836 -55.4471 -13.59 8.04
106404 -55.4471 -13.59 8.04
104126 -55.4471 -13.59 8.04
106565 -55.4471 -13.59 8.04
116143 -55.4471 -13.59 8.04
103361 -55.4471 -13.59 8.04
99554 -55.4471 -13.59 8.04
117288 -55.4471 -13.59 8.04
98101 -55.4471 -13.59 8.04
108445 -55.4471 -13.59 8.04
104347 -55.4471 -13.59 8.04
72428 -52.9752 1.39 11.62
82785 -52.9752 1.39 11.62
76112 -52.9752 1.39 11.62
77844 -52.9752 1.39 11.62
76237 -52.9752 1.39 11.62
74448 -52.9752 1.39 11.62
73064 -52.9752 1.39 11.62
73577 -52.9752 1.39 11.62
79278 -52.9752 1.39 11.62
66564 -52.9752 1.39 11.62
80203 -52.9752 1.39 11.62
78746 -52.9752 1.39 11.62
78087 -52.9752 1.39 11.62
78177 -52.9752 1.39 11.62
77977 -52.9752 1.39 11.62
81333 -52.9752 1.39 11.62
76631 -52.9752 1.39 11.62
74445 -52.9752 1.39 11.62
80680 -52.9752 1.39 11.62
78462 -52.9752 1.39 11.62
78763 -52.9752 1.39 11.62
82845 -52.9752 1.39 11.62
74555 -52.9752 1.39 11.62
71493 -52.9752 1.39 11.62
78629 -52.9752 1.39 11.62
78751 -52.9752 1.39 11.62
74097 -52.9752 1.39 11.62
82827 -52.9752 1.39 11.62
77515 -52.9752 1.39 11.62
72872 -52.9752 1.39 11.62
79027 -52.9752 1.39 11.62
74388 -52.9752 1.39 11.62
73241 -52.9752 1.39 11.62
77116 -52.9752 1.39 11.62
72214 -52.9752 1.39 11.62
78359 -52.9752 1.39 11.62
72831 -52.9752 1.39 11.62
85714 -52.9752 1.39 11.62
70264 -52.9752 1.39 11.62
70630 -52.6736 -7.61 -8.33
65902 -52.6736 -7.61 -8.33
77229 -52.6736 -7.61 -8.33
72293 -52.6736 -7.61 -8.33
75225 -52.6736 -7.61 -8.33
72929 -52.6736 -7.61 -8.33
75247 -52.6736 -7.61 -8.33
67755 -52.6736 -7.61 -8.33
77322 -52.6736 -7.61 -8.33
77446 -52.6736 -7.61 -8.33
70524 -52.6736 -7.61 -8.33
77603 -52.6736 -7.61 -8.33
70297 -52.6736 -7.61 -8.33
73054 -52.6736 -7.61 -8.33
72506 -52.6736 -7.61 -8.33
69654 -52.6736 -7.61 -8.33
73544 -52.6736 -7.61 -8.33
73569 -52.6736 -7.61 -8.33
80452 -52.6736 -7.61 -8.33
80543 -52.6736 -7.61 -8.33
78667 -52.6736 -7.61 -8.33
75088 -52.6736 -7.61 -8.33
78066 -52.6736 -7.61 -8.33
73856 -52.6736 -7.61 -8.33
75320 -52.6736 -7.61 -8.33
69549 -52.6736 -7.61 -8.33
68468 -52.6736 -7.61 -8.33
76756 -52.6736 -7.61 -8.33
71815 -52.6736 -7.61 -8.33
67078 -52.6736 -7.61 -8.33
73327 -52.6736 -7.61 -8.33
74921 -52.6736 -7.61 -8.33
72428 -52.6736 -7.61 -8.33
83078 -52.6736 -7.61 -8.33
73763 -52.6736 -7.61 -8.33
74157 -52.6736 -7.61 -8.33
77506 -52.6736 -7.61 -8.33
75121 -52.6736 -7.61 -8.33
75464 -52.6736 -7.61 -8.33
136315 -57.8828 -7.84 19.71
137756 -57.8828 -7.84 19.71
138680 -57.8828 -7.84 19.71
136728 -57.8828 -7.84 19.71
141269 -57.8828 -7.84 19.71
138098 -57.8828 -7.84 19.71
142061 -57.8828 -7.84 19.71
133731 -57.8828 -7.84 19.71
142486 -57.8828 -7.84 19.71
133647 -57.8828 -7.84 19.71
138036 -57.8828 -7.84 19.71
139033 -57.8828 -7.84 19.71
138463 -57.8828 -7.84 19.71
140249 -57.8828 -7.84 19.71
141315 -57.8828 -7.84 19.71
140045 -57.8828 -7.84 19.71
137463 -57.8828 -7.84 19.71
139273 -57.8828 -7.84 19.71
137982 -57.8828 -7.84 19.71
139107 -57.8828 -7.84 19.71
136343 -57.8828 -7.84 19.71
135601 -57.8828 -7.84 19.71
140365 -57.8828 -7.84 19.71
133399 -57.8828 -7.84 19.71
135327 -57.8828 -7.84 19.71
140079 -57.8828 -7.84 19.71
140665 -57.8828 -7.84 19.71
142586 -57.8828 -7.84 19.71
141536 -57.8828 -7.84 19.71
141156 -57.8828 -7.84 19.71
144464 -57.8828 -7.84 19.71
140083 -57.8828 -7.84 19.71
143435 -57.8828 -7.84 19.71
140352 -57.8828 -7.84 19.71
139421 -57.8828 -7.84 19.71
133543 -57.8828 -7.84 19.71
142920 -57.8828 -7.84 19.71
137850 -57.8828 -7.84 19.71
138376 -57.8828 -7.84 19.71
206628 -60.9713 14.08 27.44
206086 -60.9713 14.08 27.44
205162 -60.9713 14.08 27.44
207200 -60.9713 14.08 27.44
201195 -60.9713 14.08 27.44
205279 -60.9713 14.08 27.44
204811 -60.9713 14.08 27.44
206575 -60.9713 14.08 27.44
209358 -60.9713 14.08 27.44
203992 -60.9713 14.08 27.44
216712 -60.9713 14.08 27.44
203695 -60.9713 14.08 27.44
202134 -60.9713 14.08 27.44
203195 -60.9713 14.08 27.44
199900 -60.9713 14.08 27.44
201012 -60.9713 14.08 27.44
207440 -60.9713 14.08 27.44
207576 -60.9713 14.08 27.44
204521 -60.9713 14.08 27.44
207779 -60.9713 14.08 27.44
208309 -60.9713 14.08 27.44
210124 -60.9713 14.08 27.44
212986 -60.9713 14.08 27.44
209547 -60.9713 14.08 27.44
206027 -60.9713 14.08 27.44
207835 -60.9713 14.08 27.44
208965 -60.9713 14.08 27.44
206506 -60.9713 14.08 27.44
208405 -60.9713 14.08 27.44
209030 -60.9713 14.08 27.44
199161 -60.9713 14.08 27.44
206355 -60.9713 14.08 27.44
202566 -60.9713 14.08 27.44
201558 -60.9713 14.08 27.44
208178 -60.9713 14.08 27.44
208720 -60.9713 14.08 27.44
202337 -60.9713 14.08 27.44
206277 -60.9713 14.08 27.44
199635 -60.9713 14.08 27.44
131827 -57.8349 8.92 -19.11
139684 -57.8349 8.92 -19.11
129952 -57.8349 8.92 -19.11
135572 -57.8349 8.92 -19.11
125655 -57.8349 8.92 -19.11
139631 -57.8349 8.92 -19.11
130490 -57.8349 8.92 -19.11
130924 -57.8349 8.92 -19.11
134176 -57.8349 8.92 -19.11
138321 -57.8349 8.92 -19.11
138105 -57.8349 8.92 -19.11
138939 -57.8349 8.92 -19.11
138612 -57.8349 8.92 -19.11
136089 -57.8349 8.92 -19.11
133759 -57.8349 8.92 -19.11
130813 -57.8349 8.92 -19.11
140728 -57.8349 8.92 -19.11
136119 -57.8349 8.92 -19.11
138096 -57.8349 8.92 -19.11
127391 -57.8349 8.92 -19.11
140215 -57.8349 8.92 -19.11
131977 -57.8349 8.92 -19.11
136769 -57.8349 8.92 -19.11
125981 -57.8349 8.92 -19.11
131730 -57.8349 8.92 -19.11
138635 -57.8349 8.92 -19.11
136126 -57.8349 8.92 -19.11
137476 -57.8349 8.92 -19.11
136962 -57.8349 8.92 -19.11
137680 -57.8349 8.92 -19.11
141028 -57.8349 8.92 -19.11
131006 -57.8349 8.92 -19.11
134183 -57.8349 8.92 -19.11
140282 -57.8349 8.92 -19.11
131009 -57.8349 8.92 -19.11
134843 -57.8349 8.92 -19.11
132213 -57.8349 8.92 -19.11
135170 -57.8349 8.92 -19.11
142105 -57.8349 8.92 -19.11
