#rtt sig_str x y
225097 -61.9099 -17.85 29.59
221203 -61.9099 -17.85 29.59
222206 -61.9099 -17.85 29.59
228292 -61.9099 -17.85 29.59
223632 -61.9099 -17.85 29.59
230457 -61.9099 -17.85 29.59
223842 -61.9099 -17.85 29.59
223527 -61.9099 -17.85 29.59
228031 -61.9099 -17.85 29.59
221215 -61.9099 -17.85 29.59
221927 -61.9099 -17.85 29.59
227309 -61.9099 -17.85 29.59
222237 -61.9099 -17.85 29.59
229369 -61.9099 -17.85 29.59
233102 -61.9099 -17.85 29.59
221318 -61.9099 -17.85 29.59
227802 -61.9099 -17.85 29.59
224295 -61.9099 -17.85 29.59
229752 -61.9099 -17.85 29.59
233078 -61.9099 -17.85 29.59
218349 -61.9099 -17.85 29.59
219639 -61.9099 -17.85 29.59
219862 -61.9099 -17.85 29.59
229199 -61.9099 -17.85 29.59
221127 -61.9099 -17.85 29.59
235017 -61.9099 -17.85 29.59
225982 -61.9099 -17.85 29.59
223273 -61.9099 -17.85 29.59
225210 -61.9099 -17.85 29.59
217195 -61.9099 -17.85 29.59
218341 -61.9099 -17.85 29.59
235128 -61.9099 -17.85 29.59
226022 -61.9099 -17.85 29.59
223410 -61.9099 -17.85 29.59
218322 -61.9099 -17.85 29.59
217225 -61.9099 -17.85 29.59
229296 -61.9099 -17.85 29.59
220458 -61.9099 -17.85 29.59
225092 -61.9099 -17.85 29.59
193998 -60.8299 -17.58 24.7
205775 -60.8299 -17.58 24.7
202939 -60.8299 -17.58 24.7
211770 -60.8299 -17.58 24.7
193131 -60.8299 -17.58 24.7
201984 -60.8299 -17.58 24.7
205683 -60.8299 -17.58 24.7
203529 -60.8299 -17.58 24.7
207624 -60.8299 -17.58 24.7
209272 -60.8299 -17.58 24.7
204262 -60.8299 -17.58 24.7
205911 -60.8299 -17.58 24.7
195879 -60.8299 -17.58 24.7
196524 -60.8299 -17.58 24.7
189273 -60.8299 -17.58 24.7
203720 -60.8299 -17.58 24.7
208682 -60.8299 -17.58 24.7
203407 -60.8299 -17.58 24.7
207319 -60.8299 -17.58 24.7
208124 -60.8299 -17.58 24.7
197134 -60.8299 -17.58 24.7
200814 -60.8299 -17.58 24.7
202928 -60.8299 -17.58 24.7
206599 -60.8299 -17.58 24.7
206745 -60.8299 -17.58 24.7
200428 -60.8299 -17.58 24.7
203453 -60.8299 -17.58 24.7
202120 -60.8299 -17.58 24.7
202749 -60.8299 -17.58 24.7
202747 -60.8299 -17.58 24.7
199368 -60.8299 -17.58 24.7
200600 -60.8299 -17.58 24.7
206491 -60.8299 -17.58 24.7
207582 -60.8299 -17.58 24.7
197380 -60.8299 -17.58 24.7
205417 -60.8299 -17.58 24.7
204478 -60.8299 -17.58 24.7
200777 -60.8299 -17.58 24.7
206699 -60.8299 -17.58 24.7
212182 -61.0725 -20.85 -23.24
204086 -61.0725 -20.85 -23.24
197161 -61.0725 -20.85 -23.24
206028 -61.0725 -20.85 -23.24
209498 -61.0725 -20.85 -23.24
205237 -61.0725 -20.85 -23.24
208489 -61.0725 -20.85 -23.24
198035 -61.0725 -20.85 -23.24
208111 -61.0725 -20.85 -23.24
210808 -61.0725 -20.85 -23.24
198459 -61.0725 -20.85 -23.24
207576 -61.0725 -20.85 -23.24
198616 -61.0725 -20.85 -23.24
213361 -61.0725 -20.85 -23.24
204265 -61.0725 -20.85 -23.24
205192 -61.0725 -20.85 -23.24
209540 -61.0725 -20.85 -23.24
208925 -61.0725 -20.85 -23.24
209374 -61.0725 -20.85 -23.24
208761 -61.0725 -20.85 -23.24
197876 -61.0725 -20.85 -23.24
210078 -61.0725 -20.85 -23.24
207630 -61.0725 -20.85 -23.24
207377 -61.0725 -20.85 -23.24
215598 -61.0725 -20.85 -23.24
206340 -61.0725 -20.85 -23.24
199556 -61.0725 -20.85 -23.24
204214 -61.0725 -20.85 -23.24
209646 -61.0725 -20.85 -23.24
206148 -61.0725 -20.85 -23.24
205704 -61.0725 -20.85 -23.24
205284 -61.0725 -20.85 -23.24
208585 -61.0725 -20.85 -23.24
197209 -61.0725 -20.85 -23.24
210711 -61.0725 -20.85 -23.24
205787 -61.0725 -20.85 -23.24
200938 -61.0725 -20.85 -23.24
205306 -61.0725 -20.85 -23.24
196904 -61.0725 -20.85 -23.24
133668 -57.6073 15.28 13.69
135848 -57.6073 15.28 13.69
128940 -57.6073 15.28 13.69
130263 -57.6073 15.28 13.69
139205 -57.6073 15.28 13.69
131351 -57.6073 15.28 13.69
133169 -57.6073 15.28 13.69
136763 -57.6073 15.28 13.69
134370 -57.6073 15.28 13.69
124867 -57.6073 15.28 13.69
135504 -57.6073 15.28 13.69
140377 -57.6073 15.28 13.69
134030 -57.6073 15.28 13.69
135218 -57.6073 15.28 13.69
132488 -57.6073 15.28 13.69
136144 -57.6073 15.28 13.69
130205 -57.6073 15.28 13.69
134297 -57.6073 15.28 13.69
138736 -57.6073 15.28 13.69
135231 -57.6073 15.28 13.69
137766 -57.6073 15.28 13.69
140592 -57.6073 15.28 13.69
132805 -57.6073 15.28 13.69
135635 -57.6073 15.28 13.69
139374 -57.6073 15.28 13.69
134884 -57.6073 15.28 13.69
131612 -57.6073 15.28 13.69
130133 -57.6073 15.28 13.69
134431 -57.6073 15.28 13.69
136827 -57.6073 15.28 13.69
131637 -57.6073 15.28 13.69
136479 -57.6073 15.28 13.69
140060 -57.6073 15.28 13.69
137789 -57.6073 15.28 13.69
137112 -57.6073 15.28 13.69
137262 -57.6073 15.28 13.69
132015 -57.6073 15.28 13.69
133267 -57.6073 15.28 13.69
131372 -57.6073 15.28 13.69
162904 -58.7632 -16.36 17.01
159280 -58.7632 -16.36 17.01
154066 -58.7632 -16.36 17.01
157529 -58.7632 -16.36 17.01
154117 -58.7632 -16.36 17.01
165614 -58.7632 -16.36 17.01
165793 -58.7632 -16.36 17.01
148364 -58.7632 -16.36 17.01
160386 -58.7632 -16.36 17.01
159906 -58.7632 -16.36 17.01
151902 -58.7632 -16.36 17.01
155801 -58.7632 -16.36 17.01
161835 -58.7632 -16.36 17.01
158144 -58.7632 -16.36 17.01
161977 -58.7632 -16.36 17.01
152387 -58.7632 -16.36 17.01
154940 -58.7632 -16.36 17.01
157610 -58.7632 -16.36 17.01
156403 -58.7632 -16.36 17.01
155682 -58.7632 -16.36 17.01
150594 -58.7632 -16.36 17.01
155991 -58.7632 -16.36 17.01
160484 -58.7632 -16.36 17.01
150576 -58.7632 -16.36 17.01
160470 -58.7632 -16.36 17.01
146726 -58.7632 -16.36 17.01
158536 -58.7632 -16.36 17.01
155920 -58.7632 -16.36 17.01
164119 -58.7632 -16.36 17.01
156721 -58.7632 -16.36 17.01
168780 -58.7632 -16.36 17.01
156090 -58.7632 -16.36 17.01
158176 -58.7632 -16.36 17.01
162545 -58.7632 -16.36 17.01
151915 -58.7632 -16.36 17.01
158881 -58.7632 -16.36 17.01
160430 -58.7632 -16.36 17.01
151522 -58.7632 -16.36 17.01
152706 -58.7632 -16.36 17.01
67338 -52.4619 9.85 -4.89
68793 -52.4619 9.85 -4.89
64349 -52.4619 9.85 -4.89
66351 -52.4619 9.85 -4.89
67757 -52.4619 9.85 -4.89
64412 -52.4619 9.85 -4.89
69045 -52.4619 9.85 -4.89
64989 -52.4619 9.85 -4.89
70976 -52.4619 9.85 -4.89
61740 -52.4619 9.85 -4.89
70043 -52.4619 9.85 -4.89
71851 -52.4619 9.85 -4.89
75754 -52.4619 9.85 -4.89
70160 -52.4619 9.85 -4.89
69579 -52.4619 9.85 -4.89
64626 -52.4619 9.85 -4.89
66779 -52.4619 9.85 -4.89
65770 -52.4619 9.85 -4.89
69068 -52.4619 9.85 -4.89
72227 -52.4619 9.85 -4.89
70165 -52.4619 9.85 -4.89
71828 -52.4619 9.85 -4.89
73810 -52.4619 9.85 -4.89
70359 -52.4619 9.85 -4.89
68006 -52.4619 9.85 -4.89
69192 -52.4619 9.85 -4.89
68752 -52.4619 9.85 -4.89
67221 -52.4619 9.85 -4.89
71154 -52.4619 9.85 -4.89
66737 -52.4619 9.85 -4.89
62944 -52.4619 9.85 -4.89
60823 -52.4619 9.85 -4.89
74745 -52.4619 9.85 -4.89
66507 -52.4619 9.85 -4.89
72980 -52.4619 9.85 -4.89
59983 -52.4619 9.85 -4.89
70378 -52.4619 9.85 -4.89
73039 -52.4619 9.85 -4.89
64767 -52.4619 9.85 -4.89
108895 -55.2753 5.35 14.51
103093 -55.2753 5.35 14.51
110619 -55.2753 5.35 14.51
108597 -55.2753 5.35 14.51
101324 -55.2753 5.35 14.51
107543 -55.2753 5.35 14.51
99078 -55.2753 5.35 14.51
106155 -55.2753 5.35 14.51
106074 -55.2753 5.35 14.51
100956 -55.2753 5.35 14.51
103331 -55.2753 5.35 14.51
104036 -55.2753 5.35 14.51
106659 -55.2753 5.35 14.51
107055 -55.2753 5.35 14.51
104940 -55.2753 5.35 14.51
102503 -55.2753 5.35 14.51
103055 -55.2753 5.35 14.51
106252 -55.2753 5.35 14.51
105427 -55.2753 5.35 14.51
97931 -55.2753 5.35 14.51
101940 -55.2753 5.35 14.51
107580 -55.2753 5.35 14.51
105655 -55.2753 5.35 14.51
108813 -55.2753 5.35 14.51
99211 -55.2753 5.35 14.51
106032 -55.2753 5.35 14.51
106771 -55.2753 5.35 14.51
100327 -55.2753 5.35 14.51
101715 -55.2753 5.35 14.51
106171 -55.2753 5.35 14.51
111204 -55.2753 5.35 14.51
104164 -55.2753 5.35 14.51
100727 -55.2753 5.35 14.51
106323 -55.2753 5.35 14.51
105918 -55.2753 5.35 14.51
101601 -55.2753 5.35 14.51
97145 -55.2753 5.35 14.51
104652 -55.2753 5.35 14.51
106645 -55.2753 5.35 14.51
198502 -60.7132 -4.7 29.52
203380 -60.7132 -4.7 29.52
195157 -60.7132 -4.7 29.52
193662 -60.7132 -4.7 29.52
196231 -60.7132 -4.7 29.52
200106 -60.7132 -4.7 29.52
196771 -60.7132 -4.7 29.52
189064 -60.7132 -4.7 29.52
205684 -60.7132 -4.7 29.52
198664 -60.7132 -4.7 29.52
194706 -60.7132 -4.7 29.52
199503 -60.7132 -4.7 29.52
197104 -60.7132 -4.7 29.52
194225 -60.7132 -4.7 29.52
194791 -60.7132 -4.7 29.52
205640 -60.7132 -4.7 29.52
197223 -60.7132 -4.7 29.52
195080 -60.7132 -4.7 29.52
192214 -60.7132 -4.7 29.52
198571 -60.7132 -4.7 29.52
195923 -60.7132 -4.7 29.52
194370 -60.7132 -4.7 29.52
204600 -60.7132 -4.7 29.52
200636 -60.7132 -4.7 29.52
195740 -60.7132 -4.7 29.52
187208 -60.7132 -4.7 29.52
196041 -60.7132 -4.7 29.52
194560 -60.7132 -4.7 29.52
195881 -60.7132 -4.7 29.52
198087 -60.7132 -4.7 29.52
198049 -60.7132 -4.7 29.52
192188 -60.7132 -4.7 29.52
199342 -60.7132 -4.7 29.52
196951 -60.7132 -4.7 29.52
202884 -60.7132 -4.7 29.52
195017 -60.7132 -4.7 29.52
206322 -60.7132 -4.7 29.52
193124 -60.7132 -4.7 29.52
205057 -60.7132 -4.7 29.52
169122 -59.7321 21.37 15.74
166265 -59.7321 21.37 15.74
166824 -59.7321 21.37 15.74
170764 -59.7321 21.37 15.74
171378 -59.7321 21.37 15.74
165002 -59.7321 21.37 15.74
164024 -59.7321 21.37 15.74
161899 -59.7321 21.37 15.74
159895 -59.7321 21.37 15.74
162821 -59.7321 21.37 15.74
165053 -59.7321 21.37 15.74
167198 -59.7321 21.37 15.74
169659 -59.7321 21.37 15.74
162045 -59.7321 21.37 15.74
166253 -59.7321 21.37 15.74
170361 -59.7321 21.37 15.74
167613 -59.7321 21.37 15.74
164036 -59.7321 21.37 15.74
167092 -59.7321 21.37 15.74
168361 -59.7321 21.37 15.74
162077 -59.7321 21.37 15.74
162976 -59.7321 21.37 15.74
160211 -59.7321 21.37 15.74
167754 -59.7321 21.37 15.74
168499 -59.7321 21.37 15.74
169090 -59.7321 21.37 15.74
167316 -59.7321 21.37 15.74
163822 -59.7321 21.37 15.74
158995 -59.7321 21.37 15.74
159073 -59.7321 21.37 15.74
164503 -59.7321 21.37 15.74
167881 -59.7321 21.37 15.74
170009 -59.7321 21.37 15.74
156230 -59.7321 21.37 15.74
160259 -59.7321 21.37 15.74
165055 -59.7321 21.37 15.74
162973 -59.7321 21.37 15.74
173071 -59.7321 21.37 15.74
165622 -59.7321 21.37 15.74
104625 -55.3365 -0.79 -15.56
95488 -55.3365 -0.79 -15.56
104037 -55.3365 -0.79 -15.56
98802 -55.3365 -0.79 -15.56
97394 -55.3365 -0.79 -15.56
95573 -55.3365 -0.79 -15.56
101713 -55.3365 -0.79 -15.56
94832 -55.3365 -0.79 -15.56
98794 -55.3365 -0.79 -15.56
97531 -55.3365 -0.79 -15.56
96255 -55.3365 -0.79 -15.56
98733 -55.3365 -0.79 -15.56
96767 -55.3365 -0.79 -15.56
101551 -55.3365 -0.79 -15.56
101151 -55.3365 -0.79 -15.56
97926 -55.3365 -0.79 -15.56
92254 -55.3365 -0.79 -15.56
101206 -55.3365 -0.79 -15.56
99972 -55.3365 -0.79 -15.56
102201 -55.3365 -0.79 -15.56
98061 -55.3365 -0.79 -15.56
103036 -55.3365 -0.79 -15.56
98362 -55.3365 -0.79 -15.56
100573 -55.3365 -0.79 -15.56
103216 -55.3365 -0.79 -15.56
94475 -55.3365 -0.79 -15.56
94827 -55.3365 -0.79 -15.56
102502 -55.3365 -0.79 -15.56
95181 -55.3365 -0.79 -15.56
98736 -55.3365 -0.79 -15.56
99449 -55.3365 -0.79 -15.56
97889 -55.3365 -0.79 -15.56
98061 -55.3365 -0.79 -15.56
99101 -55.3365 -0.79 -15.56
95954 -55.3365 -0.79 -15.56
98963 -55.3365 -0.79 -15.56
94203 -55.3365 -0.79 -15.56
94786 -55.3365 -0.79 -15.56
94413 -55.3365 -0.79 -15.56
