#rtt sig_str x y
185171 -59.6626 9.38 24.59
177575 -59.6626 9.38 24.59
182481 -59.6626 9.38 24.59
185876 -59.6626 9.38 24.59
187766 -59.6626 9.38 24.59
178555 -59.6626 9.38 24.59
183965 -59.6626 9.38 24.59
184499 -59.6626 9.38 24.59
183287 -59.6626 9.38 24.59
182286 -59.6626 9.38 24.59
179400 -59.6626 9.38 24.59
181844 -59.6626 9.38 24.59
175884 -59.6626 9.38 24.59
177533 -59.6626 9.38 24.59
187206 -59.6626 9.38 24.59
184982 -59.6626 9.38 24.59
187970 -59.6626 9.38 24.59
183825 -59.6626 9.38 24.59
184975 -59.6626 9.38 24.59
182104 -59.6626 9.38 24.59
184694 -59.6626 9.38 24.59
180747 -59.6626 9.38 24.59
180263 -59.6626 9.38 24.59
179802 -59.6626 9.38 24.59
183005 -59.6626 9.38 24.59
176710 -59.6626 9.38 24.59
181851 -59.6626 9.38 24.59
180412 -59.6626 9.38 24.59
186034 -59.6626 9.38 24.59
184381 -59.6626 9.38 24.59
179340 -59.6626 9.38 24.59
181343 -59.6626 9.38 24.59
178635 -59.6626 9.38 24.59
177198 -59.6626 9.38 24.59
180136 -59.6626 9.38 24.59
184379 -59.6626 9.38 24.59
180204 -59.6626 9.38 24.59
179708 -59.6626 9.38 24.59
181823 -59.6626 9.38 24.59
194891 -60.8794 27.3 -13.6
198148 -60.8794 27.3 -13.6
199679 -60.8794 27.3 -13.6
198771 -60.8794 27.3 -13.6
192945 -60.8794 27.3 -13.6
197702 -60.8794 27.3 -13.6
196938 -60.8794 27.3 -13.6
194974 -60.8794 27.3 -13.6
202423 -60.8794 27.3 -13.6
194244 -60.8794 27.3 -13.6
201630 -60.8794 27.3 -13.6
203542 -60.8794 27.3 -13.6
195723 -60.8794 27.3 -13.6
201643 -60.8794 27.3 -13.6
199995 -60.8794 27.3 -13.6
195215 -60.8794 27.3 -13.6
194715 -60.8794 27.3 -13.6
189567 -60.8794 27.3 -13.6
195275 -60.8794 27.3 -13.6
202563 -60.8794 27.3 -13.6
200867 -60.8794 27.3 -13.6
200113 -60.8794 27.3 -13.6
197066 -60.8794 27.3 -13.6
193349 -60.8794 27.3 -13.6
197192 -60.8794 27.3 -13.6
197499 -60.8794 27.3 -13.6
192480 -60.8794 27.3 -13.6
191934 -60.8794 27.3 -13.6
201187 -60.8794 27.3 -13.6
191353 -60.8794 27.3 -13.6
192258 -60.8794 27.3 -13.6
206411 -60.8794 27.3 -13.6
197520 -60.8794 27.3 -13.6
197701 -60.8794 27.3 -13.6
199967 -60.8794 27.3 -13.6
191512 -60.8794 27.3 -13.6
200836 -60.8794 27.3 -13.6
195226 -60.8794 27.3 -13.6
195326 -60.8794 27.3 -13.6
181709 -60.3868 28.26 5.19
181638 -60.3868 28.26 5.19
180430 -60.3868 28.26 5.19
188384 -60.3868 28.26 5.19
183518 -60.3868 28.26 5.19
185135 -60.3868 28.26 5.19
180991 -60.3868 28.26 5.19
186700 -60.3868 28.26 5.19
186082 -60.3868 28.26 5.19
188306 -60.3868 28.26 5.19
187614 -60.3868 28.26 5.19
179857 -60.3868 28.26 5.19
185425 -60.3868 28.26 5.19
176047 -60.3868 28.26 5.19
176698 -60.3868 28.26 5.19
176818 -60.3868 28.26 5.19
181843 -60.3868 28.26 5.19
184909 -60.3868 28.26 5.19
188273 -60.3868 28.26 5.19
181076 -60.3868 28.26 5.19
188618 -60.3868 28.26 5.19
181076 -60.3868 28.26 5.19
178003 -60.3868 28.26 5.19
186343 -60.3868 28.26 5.19
187264 -60.3868 28.26 5.19
184302 -60.3868 28.26 5.19
182665 -60.3868 28.26 5.19
167987 -60.3868 28.26 5.19
184457 -60.3868 28.26 5.19
182194 -60.3868 28.26 5.19
182931 -60.3868 28.26 5.19
181538 -60.3868 28.26 5.19
182218 -60.3868 28.26 5.19
190239 -60.3868 28.26 5.19
186202 -60.3868 28.26 5.19
183118 -60.3868 28.26 5.19
179995 -60.3868 28.26 5.19
184040 -60.3868 28.26 5.19
186563 -60.3868 28.26 5.19
153573 -59.0511 -24.13 3.87
156059 -59.0511 -24.13 3.87
149793 -59.0511 -24.13 3.87
161468 -59.0511 -24.13 3.87
152752 -59.0511 -24.13 3.87
158606 -59.0511 -24.13 3.87
160880 -59.0511 -24.13 3.87
154160 -59.0511 -24.13 3.87
159586 -59.0511 -24.13 3.87
158423 -59.0511 -24.13 3.87
158544 -59.0511 -24.13 3.87
159628 -59.0511 -24.13 3.87
150865 -59.0511 -24.13 3.87
154627 -59.0511 -24.13 3.87
162920 -59.0511 -24.13 3.87
151393 -59.0511 -24.13 3.87
158195 -59.0511 -24.13 3.87
158124 -59.0511 -24.13 3.87
160526 -59.0511 -24.13 3.87
166511 -59.0511 -24.13 3.87
155935 -59.0511 -24.13 3.87
152283 -59.0511 -24.13 3.87
155452 -59.0511 -24.13 3.87
159401 -59.0511 -24.13 3.87
161481 -59.0511 -24.13 3.87
153453 -59.0511 -24.13 3.87
163298 -59.0511 -24.13 3.87
154822 -59.0511 -24.13 3.87
165396 -59.0511 -24.13 3.87
154603 -59.0511 -24.13 3.87
152961 -59.0511 -24.13 3.87
153486 -59.0511 -24.13 3.87
164967 -59.0511 -24.13 3.87
166446 -59.0511 -24.13 3.87
157967 -59.0511 -24.13 3.87
150839 -59.0511 -24.13 3.87
154843 -59.0511 -24.13 3.87
155883 -59.0511 -24.13 3.87
160425 -59.0511 -24.13 3.87
117760 -56.1712 -15.56 7.42
117002 -56.1712 -15.56 7.42
117672 -56.1712 -15.56 7.42
118650 -56.1712 -15.56 7.42
124075 -56.1712 -15.56 7.42
115188 -56.1712 -15.56 7.42
115268 -56.1712 -15.56 7.42
121262 -56.1712 -15.56 7.42
121293 -56.1712 -15.56 7.42
118252 -56.1712 -15.56 7.42
121928 -56.1712 -15.56 7.42
111283 -56.1712 -15.56 7.42
119351 -56.1712 -15.56 7.42
119120 -56.1712 -15.56 7.42
125341 -56.1712 -15.56 7.42
120600 -56.1712 -15.56 7.42
117106 -56.1712 -15.56 7.42
117149 -56.1712 -15.56 7.42
119417 -56.1712 -15.56 7.42
120889 -56.1712 -15.56 7.42
117305 -56.1712 -15.56 7.42
122670 -56.1712 -15.56 7.42
123071 -56.1712 -15.56 7.42
112903 -56.1712 -15.56 7.42
115560 -56.1712 -15.56 7.42
114976 -56.1712 -15.56 7.42
116992 -56.1712 -15.56 7.42
124029 -56.1712 -15.56 7.42
116376 -56.1712 -15.56 7.42
116448 -56.1712 -15.56 7.42
119099 -56.1712 -15.56 7.42
115845 -56.1712 -15.56 7.42
118088 -56.1712 -15.56 7.42
123200 -56.1712 -15.56 7.42
113637 -56.1712 -15.56 7.42
115697 -56.1712 -15.56 7.42
113811 -56.1712 -15.56 7.42
118105 -56.1712 -15.56 7.42
116120 -56.1712 -15.56 7.42
219659 -61.7609 22.12 25.74
217337 -61.7609 22.12 25.74
216333 -61.7609 22.12 25.74
224832 -61.7609 22.12 25.74
220321 -61.7609 22.12 25.74
213289 -61.7609 22.12 25.74
217389 -61.7609 22.12 25.74
220321 -61.7609 22.12 25.74
229975 -61.7609 22.12 25.74
214593 -61.7609 22.12 25.74
223202 -61.7609 22.12 25.74
231393 -61.7609 22.12 25.74
224777 -61.7609 22.12 25.74
220195 -61.7609 22.12 25.74
229095 -61.7609 22.12 25.74
216905 -61.7609 22.12 25.74
222640 -61.7609 22.12 25.74
224600 -61.7609 22.12 25.74
217521 -61.7609 22.12 25.74
212337 -61.7609 22.12 25.74
214785 -61.7609 22.12 25.74
230507 -61.7609 22.12 25.74
220908 -61.7609 22.12 25.74
215246 -61.7609 22.12 25.74
212272 -61.7609 22.12 25.74
230339 -61.7609 22.12 25.74
215566 -61.7609 22.12 25.74
220320 -61.7609 22.12 25.74
229219 -61.7609 22.12 25.74
221810 -61.7609 22.12 25.74
220615 -61.7609 22.12 25.74
224049 -61.7609 22.12 25.74
215129 -61.7609 22.12 25.74
218694 -61.7609 22.12 25.74
223242 -61.7609 22.12 25.74
220439 -61.7609 22.12 25.74
224143 -61.7609 22.12 25.74
231145 -61.7609 22.12 25.74
220485 -61.7609 22.12 25.74
168216 -59.9374 2.85 -27.06
173004 -59.9374 2.85 -27.06
172181 -59.9374 2.85 -27.06
179112 -59.9374 2.85 -27.06
178810 -59.9374 2.85 -27.06
174869 -59.9374 2.85 -27.06
172292 -59.9374 2.85 -27.06
181890 -59.9374 2.85 -27.06
178685 -59.9374 2.85 -27.06
171149 -59.9374 2.85 -27.06
179587 -59.9374 2.85 -27.06
177325 -59.9374 2.85 -27.06
177570 -59.9374 2.85 -27.06
175234 -59.9374 2.85 -27.06
178086 -59.9374 2.85 -27.06
172087 -59.9374 2.85 -27.06
181608 -59.9374 2.85 -27.06
175182 -59.9374 2.85 -27.06
176097 -59.9374 2.85 -27.06
168755 -59.9374 2.85 -27.06
172160 -59.9374 2.85 -27.06
177659 -59.9374 2.85 -27.06
165302 -59.9374 2.85 -27.06
181817 -59.9374 2.85 -27.06
172899 -59.9374 2.85 -27.06
179934 -59.9374 2.85 -27.06
168423 -59.9374 2.85 -27.06
163424 -59.9374 2.85 -27.06
185712 -59.9374 2.85 -27.06
173686 -59.9374 2.85 -27.06
175827 -59.9374 2.85 -27.06
179573 -59.9374 2.85 -27.06
173147 -59.9374 2.85 -27.06
181363 -59.9374 2.85 -27.06
176176 -59.9374 2.85 -27.06
170446 -59.9374 2.85 -27.06
174498 -59.9374 2.85 -27.06
175525 -59.9374 2.85 -27.06
174223 -59.9374 2.85 -27.06
135284 -57.0323 13.15 13.9
133062 -57.0323 13.15 13.9
133999 -57.0323 13.15 13.9
134820 -57.0323 13.15 13.9
135532 -57.0323 13.15 13.9
128616 -57.0323 13.15 13.9
133882 -57.0323 13.15 13.9
131027 -57.0323 13.15 13.9
134264 -57.0323 13.15 13.9
133947 -57.0323 13.15 13.9
126467 -57.0323 13.15 13.9
128091 -57.0323 13.15 13.9
134389 -57.0323 13.15 13.9
131813 -57.0323 13.15 13.9
129330 -57.0323 13.15 13.9
132963 -57.0323 13.15 13.9
131067 -57.0323 13.15 13.9
139184 -57.0323 13.15 13.9
140917 -57.0323 13.15 13.9
130690 -57.0323 13.15 13.9
134644 -57.0323 13.15 13.9
131544 -57.0323 13.15 13.9
129734 -57.0323 13.15 13.9
127395 -57.0323 13.15 13.9
126916 -57.0323 13.15 13.9
130946 -57.0323 13.15 13.9
129446 -57.0323 13.15 13.9
137884 -57.0323 13.15 13.9
130031 -57.0323 13.15 13.9
131774 -57.0323 13.15 13.9
125280 -57.0323 13.15 13.9
129475 -57.0323 13.15 13.9
132043 -57.0323 13.15 13.9
129977 -57.0323 13.15 13.9
135248 -57.0323 13.15 13.9
128559 -57.0323 13.15 13.9
132069 -57.0323 13.15 13.9
136453 -57.0323 13.15 13.9
131928 -57.0323 13.15 13.9
177112 -59.4935 25.55 -3.47
184953 -59.4935 25.55 -3.47
190311 -59.4935 25.55 -3.47
184692 -59.4935 25.55 -3.47
180573 -59.4935 25.55 -3.47
187437 -59.4935 25.55 -3.47
186528 -59.4935 25.55 -3.47
188792 -59.4935 25.55 -3.47
183570 -59.4935 25.55 -3.47
189110 -59.4935 25.55 -3.47
191528 -59.4935 25.55 -3.47
185864 -59.4935 25.55 -3.47
192204 -59.4935 25.55 -3.47
186699 -59.4935 25.55 -3.47
187120 -59.4935 25.55 -3.47
185629 -59.4935 25.55 -3.47
190229 -59.4935 25.55 -3.47
187181 -59.4935 25.55 -3.47
192687 -59.4935 25.55 -3.47
183350 -59.4935 25.55 -3.47
185384 -59.4935 25.55 -3.47
178340 -59.4935 25.55 -3.47
183794 -59.4935 25.55 -3.47
180430 -59.4935 25.55 -3.47
186475 -59.4935 25.55 -3.47
187357 -59.4935 25.55 -3.47
178537 -59.4935 25.55 -3.47
180637 -59.4935 25.55 -3.47
183697 -59.4935 25.55 -3.47
189320 -59.4935 25.55 -3.47
190983 -59.4935 25.55 -3.47
189089 -59.4935 25.55 -3.47
182199 -59.4935 25.55 -3.47
186752 -59.4935 25.55 -3.47
183249 -59.4935 25.55 -3.47
188755 -59.4935 25.55 -3.47
188110 -59.4935 25.55 -3.47
194601 -59.4935 25.55 -3.47
187169 -59.4935 25.55 -3.47
109506 -55.0836 7.02 -13.38
105377 -55.0836 7.02 -13.38
102702 -55.0836 7.02 -13.38
116121 -55.0836 7.02 -13.38
104045 -55.0836 7.02 -13.38
103869 -55.0836 7.02 -13.38
102030 -55.0836 7.02 -13.38
103725 -55.0836 7.02 -13.38
103775 -55.0836 7.02 -13.38
100861 -55.0836 7.02 -13.38
106476 -55.0836 7.02 -13.38
104942 -55.0836 7.02 -13.38
99529 -55.0836 7.02 -13.38
102681 -55.0836 7.02 -13.38
102536 -55.0836 7.02 -13.38
107482 -55.0836 7.02 -13.38
98497 -55.0836 7.02 -13.38
101994 -55.0836 7.02 -13.38
97393 -55.0836 7.02 -13.38
107900 -55.0836 7.02 -13.38
99377 -55.0836 7.02 -13.38
109294 -55.0836 7.02 -13.38
101851 -55.0836 7.02 -13.38
103205 -55.0836 7.02 -13.38
98101 -55.0836 7.02 -13.38
104809 -55.0836 7.02 -13.38
97689 -55.0836 7.02 -13.38
103654 -55.0836 7.02 -13.38
108564 -55.0836 7.02 -13.38
107837 -55.0836 7.02 -13.38
99686 -55.0836 7.02 -13.38
98042 -55.0836 7.02 -13.38
104253 -55.0836 7.02 -13.38
100991 -55.0836 7.02 -13.38
101716 -55.0836 7.02 -13.38
103063 -55.0836 7.02 -13.38
101176 -55.0836 7.02 -13.38
105774 -55.0836 7.02 -13.38
105743 -55.0836 7.02 -13.38
