#rtt sig_str x y
76221 -52.4451 8.85 6.49
65344 -52.4451 8.85 6.49
62711 -52.4451 8.85 6.49
73128 -52.4451 8.85 6.49
67242 -52.4451 8.85 6.49
68649 -52.4451 8.85 6.49
67386 -52.4451 8.85 6.49
68975 -52.4451 8.85 6.49
70669 -52.4451 8.85 6.49
69185 -52.4451 8.85 6.49
65653 -52.4451 8.85 6.49
71869 -52.4451 8.85 6.49
73496 -52.4451 8.85 6.49
71501 -52.4451 8.85 6.49
69053 -52.4451 8.85 6.49
70780 -52.4451 8.85 6.49
70015 -52.4451 8.85 6.49
71859 -52.4451 8.85 6.49
75368 -52.4451 8.85 6.49
72549 -52.4451 8.85 6.49
67336 -52.4451 8.85 6.49
70789 -52.4451 8.85 6.49
67175 -52.4451 8.85 6.49
70014 -52.4451 8.85 6.49
68507 -52.4451 8.85 6.49
72973 -52.4451 8.85 6.49
70604 -52.4451 8.85 6.49
65603 -52.4451 8.85 6.49
68228 -52.4451 8.85 6.49
69133 -52.4451 8.85 6.49
60318 -52.4451 8.85 6.49
65395 -52.4451 8.85 6.49
70495 -52.4451 8.85 6.49
72121 -52.4451 8.85 6.49
71533 -52.4451 8.85 6.49
64224 -52.4451 8.85 6.49
60753 -52.4451 8.85 6.49
68030 -52.4451 8.85 6.49
66544 -52.4451 8.85 6.49
156714 -59.0664 0.43 24.48
166293 -59.0664 0.43 24.48
160047 -59.0664 0.43 24.48
161427 -59.0664 0.43 24.48
158976 -59.0664 0.43 24.48
166376 -59.0664 0.43 24.48
162719 -59.0664 0.43 24.48
165914 -59.0664 0.43 24.48
162701 -59.0664 0.43 24.48
165108 -59.0664 0.43 24.48
163180 -59.0664 0.43 24.48
161533 -59.0664 0.43 24.48
162176 -59.0664 0.43 24.48
161662 -59.0664 0.43 24.48
153091 -59.0664 0.43 24.48
158991 -59.0664 0.43 24.48
168588 -59.0664 0.43 24.48
162838 -59.0664 0.43 24.48
166068 -59.0664 0.43 24.48
161780 -59.0664 0.43 24.48
165899 -59.0664 0.43 24.48
164811 -59.0664 0.43 24.48
161593 -59.0664 0.43 24.48
167345 -59.0664 0.43 24.48
169495 -59.0664 0.43 24.48
169296 -59.0664 0.43 24.48
159219 -59.0664 0.43 24.48
158342 -59.0664 0.43 24.48
165865 -59.0664 0.43 24.48
161234 -59.0664 0.43 24.48
156712 -59.0664 0.43 24.48
151268 -59.0664 0.43 24.48
163732 -59.0664 0.43 24.48
170549 -59.0664 0.43 24.48
160796 -59.0664 0.43 24.48
161589 -59.0664 0.43 24.48
156179 -59.0664 0.43 24.48
168970 -59.0664 0.43 24.48
163234 -59.0664 0.43 24.48
76223 -51.0847 1.7 9.15
81271 -51.0847 1.7 9.15
74115 -51.0847 1.7 9.15
81398 -51.0847 1.7 9.15
81710 -51.0847 1.7 9.15
76032 -51.0847 1.7 9.15
76227 -51.0847 1.7 9.15
73450 -51.0847 1.7 9.15
70734 -51.0847 1.7 9.15
78379 -51.0847 1.7 9.15
80341 -51.0847 1.7 9.15
73744 -51.0847 1.7 9.15
78711 -51.0847 1.7 9.15
82920 -51.0847 1.7 9.15
75827 -51.0847 1.7 9.15
77818 -51.0847 1.7 9.15
79058 -51.0847 1.7 9.15
77226 -51.0847 1.7 9.15
75586 -51.0847 1.7 9.15
73788 -51.0847 1.7 9.15
73444 -51.0847 1.7 9.15
78089 -51.0847 1.7 9.15
81344 -51.0847 1.7 9.15
72980 -51.0847 1.7 9.15
78973 -51.0847 1.7 9.15
78435 -51.0847 1.7 9.15
79825 -51.0847 1.7 9.15
76136 -51.0847 1.7 9.15
75643 -51.0847 1.7 9.15
78370 -51.0847 1.7 9.15
73758 -51.0847 1.7 9.15
73901 -51.0847 1.7 9.15
68897 -51.0847 1.7 9.15
73292 -51.0847 1.7 9.15
76790 -51.0847 1.7 9.15
75386 -51.0847 1.7 9.15
68413 -51.0847 1.7 9.15
75781 -51.0847 1.7 9.15
79397 -51.0847 1.7 9.15
174610 -59.9546 23.78 13.34
175646 -59.9546 23.78 13.34
174707 -59.9546 23.78 13.34
176778 -59.9546 23.78 13.34
175803 -59.9546 23.78 13.34
172995 -59.9546 23.78 13.34
173991 -59.9546 23.78 13.34
168991 -59.9546 23.78 13.34
179229 -59.9546 23.78 13.34
177134 -59.9546 23.78 13.34
169585 -59.9546 23.78 13.34
178063 -59.9546 23.78 13.34
177970 -59.9546 23.78 13.34
172118 -59.9546 23.78 13.34
175062 -59.9546 23.78 13.34
175135 -59.9546 23.78 13.34
178609 -59.9546 23.78 13.34
175626 -59.9546 23.78 13.34
183231 -59.9546 23.78 13.34
177827 -59.9546 23.78 13.34
170833 -59.9546 23.78 13.34
176135 -59.9546 23.78 13.34
182189 -59.9546 23.78 13.34
177112 -59.9546 23.78 13.34
177918 -59.9546 23.78 13.34
184454 -59.9546 23.78 13.34
177941 -59.9546 23.78 13.34
183725 -59.9546 23.78 13.34
179285 -59.9546 23.78 13.34
177740 -59.9546 23.78 13.34
174030 -59.9546 23.78 13.34
179318 -59.9546 23.78 13.34
181343 -59.9546 23.78 13.34
183987 -59.9546 23.78 13.34
181390 -59.9546 23.78 13.34
184899 -59.9546 23.78 13.34
179937 -59.9546 23.78 13.34
174852 -59.9546 23.78 13.34
166324 -59.9546 23.78 13.34
149106 -57.4368 12 -16.12
144696 -57.4368 12 -16.12
142565 -57.4368 12 -16.12
139905 -57.4368 12 -16.12
139031 -57.4368 12 -16.12
143968 -57.4368 12 -16.12
136992 -57.4368 12 -16.12
143485 -57.4368 12 -16.12
139045 -57.4368 12 -16.12
141699 -57.4368 12 -16.12
140149 -57.4368 12 -16.12
139483 -57.4368 12 -16.12
138439 -57.4368 12 -16.12
143621 -57.4368 12 -16.12
137245 -57.4368 12 -16.12
143099 -57.4368 12 -16.12
134844 -57.4368 12 -16.12
136316 -57.4368 12 -16.12
141739 -57.4368 12 -16.12
132942 -57.4368 12 -16.12
143826 -57.4368 12 -16.12
145204 -57.4368 12 -16.12
146003 -57.4368 12 -16.12
143032 -57.4368 12 -16.12
141416 -57.4368 12 -16.12
142564 -57.4368 12 -16.12
146709 -57.4368 12 -16.12
151782 -57.4368 12 -16.12
139609 -57.4368 12 -16.12
138446 -57.4368 12 -16.12
140545 -57.4368 12 -16.12
143022 -57.4368 12 -16.12
141658 -57.4368 12 -16.12
140414 -57.4368 12 -16.12
148450 -57.4368 12 -16.12
142813 -57.4368 12 -16.12
144495 -57.4368 12 -16.12
141454 -57.4368 12 -16.12
141647 -57.4368 12 -16.12
164028 -59.4522 12.86 -22.2
163199 -59.4522 12.86 -22.2
167002 -59.4522 12.86 -22.2
170430 -59.4522 12.86 -22.2
164109 -59.4522 12.86 -22.2
166156 -59.4522 12.86 -22.2
156507 -59.4522 12.86 -22.2
169716 -59.4522 12.86 -22.2
166699 -59.4522 12.86 -22.2
165132 -59.4522 12.86 -22.2
168220 -59.4522 12.86 -22.2
164035 -59.4522 12.86 -22.2
170704 -59.4522 12.86 -22.2
175609 -59.4522 12.86 -22.2
165303 -59.4522 12.86 -22.2
163738 -59.4522 12.86 -22.2
168255 -59.4522 12.86 -22.2
165909 -59.4522 12.86 -22.2
170586 -59.4522 12.86 -22.2
166341 -59.4522 12.86 -22.2
168476 -59.4522 12.86 -22.2
171959 -59.4522 12.86 -22.2
171353 -59.4522 12.86 -22.2
162576 -59.4522 12.86 -22.2
173476 -59.4522 12.86 -22.2
165974 -59.4522 12.86 -22.2
163750 -59.4522 12.86 -22.2
170514 -59.4522 12.86 -22.2
162985 -59.4522 12.86 -22.2
172528 -59.4522 12.86 -22.2
164751 -59.4522 12.86 -22.2
167657 -59.4522 12.86 -22.2
163814 -59.4522 12.86 -22.2
164362 -59.4522 12.86 -22.2
166982 -59.4522 12.86 -22.2
170248 -59.4522 12.86 -22.2
170822 -59.4522 12.86 -22.2
169019 -59.4522 12.86 -22.2
171022 -59.4522 12.86 -22.2
171772 -59.1709 13.04 21.09
173701 -59.1709 13.04 21.09
173369 -59.1709 13.04 21.09
170356 -59.1709 13.04 21.09
164723 -59.1709 13.04 21.09
170118 -59.1709 13.04 21.09
171727 -59.1709 13.04 21.09
173460 -59.1709 13.04 21.09
168824 -59.1709 13.04 21.09
169890 -59.1709 13.04 21.09
175162 -59.1709 13.04 21.09
167608 -59.1709 13.04 21.09
164001 -59.1709 13.04 21.09
178919 -59.1709 13.04 21.09
174992 -59.1709 13.04 21.09
168872 -59.1709 13.04 21.09
164869 -59.1709 13.04 21.09
166089 -59.1709 13.04 21.09
170957 -59.1709 13.04 21.09
169999 -59.1709 13.04 21.09
168237 -59.1709 13.04 21.09
174417 -59.1709 13.04 21.09
166769 -59.1709 13.04 21.09
169858 -59.1709 13.04 21.09
166938 -59.1709 13.04 21.09
168444 -59.1709 13.04 21.09
163732 -59.1709 13.04 21.09
167622 -59.1709 13.04 21.09
176449 -59.1709 13.04 21.09
171882 -59.1709 13.04 21.09
169877 -59.1709 13.04 21.09
170908 -59.1709 13.04 21.09
165035 -59.1709 13.04 21.09
170713 -59.1709 13.04 21.09
162949 -59.1709 13.04 21.09
174527 -59.1709 13.04 21.09
175176 -59.1709 13.04 21.09
173113 -59.1709 13.04 21.09
168790 -59.1709 13.04 21.09
222576 -61.4442 -16.63 28.11
212090 -61.4442 -16.63 28.11
217719 -61.4442 -16.63 28.11
219138 -61.4442 -16.63 28.11
216927 -61.4442 -16.63 28.11
222156 -61.4442 -16.63 28.11
217595 -61.4442 -16.63 28.11
215445 -61.4442 -16.63 28.11
225342 -61.4442 -16.63 28.11
219593 -61.4442 -16.63 28.11
212871 -61.4442 -16.63 28.11
222480 -61.4442 -16.63 28.11
219370 -61.4442 -16.63 28.11
219371 -61.4442 -16.63 28.11
223678 -61.4442 -16.63 28.11
213550 -61.4442 -16.63 28.11
220325 -61.4442 -16.63 28.11
229070 -61.4442 -16.63 28.11
218501 -61.4442 -16.63 28.11
215361 -61.4442 -16.63 28.11
222477 -61.4442 -16.63 28.11
222661 -61.4442 -16.63 28.11
221144 -61.4442 -16.63 28.11
217673 -61.4442 -16.63 28.11
218451 -61.4442 -16.63 28.11
225159 -61.4442 -16.63 28.11
216594 -61.4442 -16.63 28.11
220078 -61.4442 -16.63 28.11
215949 -61.4442 -16.63 28.11
222575 -61.4442 -16.63 28.11
211495 -61.4442 -16.63 28.11
215047 -61.4442 -16.63 28.11
219559 -61.4442 -16.63 28.11
220721 -61.4442 -16.63 28.11
217919 -61.4442 -16.63 28.11
218974 -61.4442 -16.63 28.11
223027 -61.4442 -16.63 28.11
223655 -61.4442 -16.63 28.11
219778 -61.4442 -16.63 28.11
194830 -60.1159 -19.49 -19.83
191110 -60.1159 -19.49 -19.83
194086 -60.1159 -19.49 -19.83
193748 -60.1159 -19.49 -19.83
189928 -60.1159 -19.49 -19.83
184857 -60.1159 -19.49 -19.83
187794 -60.1159 -19.49 -19.83
185445 -60.1159 -19.49 -19.83
190536 -60.1159 -19.49 -19.83
186148 -60.1159 -19.49 -19.83
190106 -60.1159 -19.49 -19.83
192262 -60.1159 -19.49 -19.83
188874 -60.1159 -19.49 -19.83
189493 -60.1159 -19.49 -19.83
185644 -60.1159 -19.49 -19.83
193055 -60.1159 -19.49 -19.83
184085 -60.1159 -19.49 -19.83
192390 -60.1159 -19.49 -19.83
184963 -60.1159 -19.49 -19.83
181640 -60.1159 -19.49 -19.83
187652 -60.1159 -19.49 -19.83
177912 -60.1159 -19.49 -19.83
179492 -60.1159 -19.49 -19.83
179110 -60.1159 -19.49 -19.83
191155 -60.1159 -19.49 -19.83
192470 -60.1159 -19.49 -19.83
185396 -60.1159 -19.49 -19.83
180965 -60.1159 -19.49 -19.83
187136 -60.1159 -19.49 -19.83
187096 -60.1159 -19.49 -19.83
183209 -60.1159 -19.49 -19.83
179078 -60.1159 -19.49 -19.83
190263 -60.1159 -19.49 -19.83
184787 -60.1159 -19.49 -19.83
185897 -60.1159 -19.49 -19.83
182178 -60.1159 -19.49 -19.83
191824 -60.1159 -19.49 -19.83
185378 -60.1159 -19.49 -19.83
183976 -60.1159 -19.49 -19.83
47861 -49.5197 -2.59 7.25
50128 -49.5197 -2.59 7.25
53428 -49.5197 -2.59 7.25
51327 -49.5197 -2.59 7.25
44467 -49.5197 -2.59 7.25
49305 -49.5197 -2.59 7.25
53234 -49.5197 -2.59 7.25
43774 -49.5197 -2.59 7.25
49727 -49.5197 -2.59 7.25
50829 -49.5197 -2.59 7.25
53647 -49.5197 -2.59 7.25
46937 -49.5197 -2.59 7.25
50358 -49.5197 -2.59 7.25
48943 -49.5197 -2.59 7.25
49684 -49.5197 -2.59 7.25
48593 -49.5197 -2.59 7.25
52720 -49.5197 -2.59 7.25
49434 -49.5197 -2.59 7.25
53435 -49.5197 -2.59 7.25
53806 -49.5197 -2.59 7.25
42640 -49.5197 -2.59 7.25
51236 -49.5197 -2.59 7.25
59247 -49.5197 -2.59 7.25
55067 -49.5197 -2.59 7.25
54499 -49.5197 -2.59 7.25
49224 -49.5197 -2.59 7.25
45150 -49.5197 -2.59 7.25
50971 -49.5197 -2.59 7.25
48188 -49.5197 -2.59 7.25
50815 -49.5197 -2.59 7.25
51375 -49.5197 -2.59 7.25
52522 -49.5197 -2.59 7.25
49242 -49.5197 -2.59 7.25
50528 -49.5197 -2.59 7.25
45252 -49.5197 -2.59 7.25
48261 -49.5197 -2.59 7.25
48036 -49.5197 -2.59 7.25
45341 -49.5197 -2.59 7.25
55827 -49.5197 -2.59 7.25
