#rtt sig_str x y
50010 -48.41 -0.02 -6.73
43239 -48.41 -0.02 -6.73
44149 -48.41 -0.02 -6.73
45882 -48.41 -0.02 -6.73
41341 -48.41 -0.02 -6.73
45626 -48.41 -0.02 -6.73
43506 -48.41 -0.02 -6.73
37963 -48.41 -0.02 -6.73
49831 -48.41 -0.02 -6.73
41233 -48.41 -0.02 -6.73
48033 -48.41 -0.02 -6.73
42002 -48.41 -0.02 -6.73
43892 -48.41 -0.02 -6.73
44477 -48.41 -0.02 -6.73
40845 -48.41 -0.02 -6.73
50248 -48.41 -0.02 -6.73
51209 -48.41 -0.02 -6.73
47003 -48.41 -0.02 -6.73
46923 -48.41 -0.02 -6.73
38410 -48.41 -0.02 -6.73
35695 -48.41 -0.02 -6.73
42140 -48.41 -0.02 -6.73
41591 -48.41 -0.02 -6.73
42657 -48.41 -0.02 -6.73
46421 -48.41 -0.02 -6.73
47113 -48.41 -0.02 -6.73
48598 -48.41 -0.02 -6.73
44131 -48.41 -0.02 -6.73
42611 -48.41 -0.02 -6.73
48660 -48.41 -0.02 -6.73
41494 -48.41 -0.02 -6.73
38923 -48.41 -0.02 -6.73
38532 -48.41 -0.02 -6.73
40657 -48.41 -0.02 -6.73
41034 -48.41 -0.02 -6.73
56784 -48.41 -0.02 -6.73
45878 -48.41 -0.02 -6.73
44068 -48.41 -0.02 -6.73
41707 -48.41 -0.02 -6.73
129084 -56.5898 -14.65 10.69
126946 -56.5898 -14.65 10.69
126517 -56.5898 -14.65 10.69
120763 -56.5898 -14.65 10.69
126706 -56.5898 -14.65 10.69
126400 -56.5898 -14.65 10.69
127986 -56.5898 -14.65 10.69
125025 -56.5898 -14.65 10.69
130214 -56.5898 -14.65 10.69
126802 -56.5898 -14.65 10.69
134988 -56.5898 -14.65 10.69
127660 -56.5898 -14.65 10.69
129415 -56.5898 -14.65 10.69
130325 -56.5898 -14.65 10.69
125601 -56.5898 -14.65 10.69
125401 -56.5898 -14.65 10.69
131289 -56.5898 -14.65 10.69
116225 -56.5898 -14.65 10.69
127353 -56.5898 -14.65 10.69
126251 -56.5898 -14.65 10.69
124957 -56.5898 -14.65 10.69
129023 -56.5898 -14.65 10.69
122783 -56.5898 -14.65 10.69
124042 -56.5898 -14.65 10.69
128065 -56.5898 -14.65 10.69
124981 -56.5898 -14.65 10.69
124382 -56.5898 -14.65 10.69
128797 -56.5898 -14.65 10.69
131154 -56.5898 -14.65 10.69
125611 -56.5898 -14.65 10.69
125306 -56.5898 -14.65 10.69
124914 -56.5898 -14.65 10.69
124272 -56.5898 -14.65 10.69
130505 -56.5898 -14.65 10.69
122450 -56.5898 -14.65 10.69
125657 -56.5898 -14.65 10.69
121252 -56.5898 -14.65 10.69
126483 -56.5898 -14.65 10.69
128812 -56.5898 -14.65 10.69
140481 -57.1274 -14.52 -12.8
132614 -57.1274 -14.52 -12.8
136481 -57.1274 -14.52 -12.8
134558 -57.1274 -14.52 -12.8
132959 -57.1274 -14.52 -12.8
137947 -57.1274 -14.52 -12.8
138754 -57.1274 -14.52 -12.8
132532 -57.1274 -14.52 -12.8
134788 -57.1274 -14.52 -12.8
127140 -57.1274 -14.52 -12.8
139086 -57.1274 -14.52 -12.8
133388 -57.1274 -14.52 -12.8
126428 -57.1274 -14.52 -12.8
140698 -57.1274 -14.52 -12.8
130765 -57.1274 -14.52 -12.8
133638 -57.1274 -14.52 -12.8
136944 -57.1274 -14.52 -12.8
136198 -57.1274 -14.52 -12.8
133327 -57.1274 -14.52 -12.8
131831 -57.1274 -14.52 -12.8
133275 -57.1274 -14.52 -12.8
129356 -57.1274 -14.52 -12.8
129447 -57.1274 -14.52 -12.8
133732 -57.1274 -14.52 -12.8
140008 -57.1274 -14.52 -12.8
135683 -57.1274 -14.52 -12.8
134860 -57.1274 -14.52 -12.8
138516 -57.1274 -14.52 -12.8
136696 -57.1274 -14.52 -12.8
133367 -57.1274 -14.52 -12.8
135510 -57.1274 -14.52 -12.8
137304 -57.1274 -14.52 -12.8
126473 -57.1274 -14.52 -12.8
138252 -57.1274 -14.52 -12.8
142978 -57.1274 -14.52 -12.8
134488 -57.1274 -14.52 -12.8
141975 -57.1274 -14.52 -12.8
136916 -57.1274 -14.52 -12.8
135410 -57.1274 -14.52 -12.8
177968 -59.4042 -24.19 8.09
181303 -59.4042 -24.19 8.09
173104 -59.4042 -24.19 8.09
177354 -59.4042 -24.19 8.09
165911 -59.4042 -24.19 8.09
179604 -59.4042 -24.19 8.09
177301 -59.4042 -24.19 8.09
177313 -59.4042 -24.19 8.09
179425 -59.4042 -24.19 8.09
180651 -59.4042 -24.19 8.09
171839 -59.4042 -24.19 8.09
181128 -59.4042 -24.19 8.09
176602 -59.4042 -24.19 8.09
181213 -59.4042 -24.19 8.09
183270 -59.4042 -24.19 8.09
179530 -59.4042 -24.19 8.09
176161 -59.4042 -24.19 8.09
172547 -59.4042 -24.19 8.09
175238 -59.4042 -24.19 8.09
177429 -59.4042 -24.19 8.09
175741 -59.4042 -24.19 8.09
179503 -59.4042 -24.19 8.09
177165 -59.4042 -24.19 8.09
169828 -59.4042 -24.19 8.09
169643 -59.4042 -24.19 8.09
169712 -59.4042 -24.19 8.09
174967 -59.4042 -24.19 8.09
170831 -59.4042 -24.19 8.09
178041 -59.4042 -24.19 8.09
175153 -59.4042 -24.19 8.09
173510 -59.4042 -24.19 8.09
170741 -59.4042 -24.19 8.09
169788 -59.4042 -24.19 8.09
173939 -59.4042 -24.19 8.09
177459 -59.4042 -24.19 8.09
179683 -59.4042 -24.19 8.09
175531 -59.4042 -24.19 8.09
177300 -59.4042 -24.19 8.09
177550 -59.4042 -24.19 8.09
98098 -55.3535 3.85 -15.13
104428 -55.3535 3.85 -15.13
102294 -55.3535 3.85 -15.13
99618 -55.3535 3.85 -15.13
100409 -55.3535 3.85 -15.13
98747 -55.3535 3.85 -15.13
103362 -55.3535 3.85 -15.13
97649 -55.3535 3.85 -15.13
106008 -55.3535 3.85 -15.13
97807 -55.3535 3.85 -15.13
98512 -55.3535 3.85 -15.13
92114 -55.3535 3.85 -15.13
104444 -55.3535 3.85 -15.13
98080 -55.3535 3.85 -15.13
101909 -55.3535 3.85 -15.13
103158 -55.3535 3.85 -15.13
103393 -55.3535 3.85 -15.13
99437 -55.3535 3.85 -15.13
96859 -55.3535 3.85 -15.13
96066 -55.3535 3.85 -15.13
103783 -55.3535 3.85 -15.13
95563 -55.3535 3.85 -15.13
97805 -55.3535 3.85 -15.13
101924 -55.3535 3.85 -15.13
101685 -55.3535 3.85 -15.13
93584 -55.3535 3.85 -15.13
98380 -55.3535 3.85 -15.13
108926 -55.3535 3.85 -15.13
101256 -55.3535 3.85 -15.13
102721 -55.3535 3.85 -15.13
97844 -55.3535 3.85 -15.13
98302 -55.3535 3.85 -15.13
97417 -55.3535 3.85 -15.13
97978 -55.3535 3.85 -15.13
104630 -55.3535 3.85 -15.13
97946 -55.3535 3.85 -15.13
97587 -55.3535 3.85 -15.13
97962 -55.3535 3.85 -15.13
98815 -55.3535 3.85 -15.13
202545 -60.9554 -29.05 -10.18
207509 -60.9554 -29.05 -10.18
199952 -60.9554 -29.05 -10.18
208009 -60.9554 -29.05 -10.18
210842 -60.9554 -29.05 -10.18
203224 -60.9554 -29.05 -10.18
210935 -60.9554 -29.05 -10.18
205424 -60.9554 -29.05 -10.18
207135 -60.9554 -29.05 -10.18
203821 -60.9554 -29.05 -10.18
203529 -60.9554 -29.05 -10.18
207114 -60.9554 -29.05 -10.18
201604 -60.9554 -29.05 -10.18
208850 -60.9554 -29.05 -10.18
209821 -60.9554 -29.05 -10.18
212829 -60.9554 -29.05 -10.18
211092 -60.9554 -29.05 -10.18
210572 -60.9554 -29.05 -10.18
207343 -60.9554 -29.05 -10.18
207495 -60.9554 -29.05 -10.18
215381 -60.9554 -29.05 -10.18
210497 -60.9554 -29.05 -10.18
206519 -60.9554 -29.05 -10.18
203056 -60.9554 -29.05 -10.18
203255 -60.9554 -29.05 -10.18
205631 -60.9554 -29.05 -10.18
203591 -60.9554 -29.05 -10.18
199664 -60.9554 -29.05 -10.18
208040 -60.9554 -29.05 -10.18
204193 -60.9554 -29.05 -10.18
209134 -60.9554 -29.05 -10.18
210273 -60.9554 -29.05 -10.18
206295 -60.9554 -29.05 -10.18
206054 -60.9554 -29.05 -10.18
201968 -60.9554 -29.05 -10.18
204823 -60.9554 -29.05 -10.18
206182 -60.9554 -29.05 -10.18
212924 -60.9554 -29.05 -10.18
204057 -60.9554 -29.05 -10.18
215483 -61.5084 -20.85 25.47
222748 -61.5084 -20.85 25.47
218461 -61.5084 -20.85 25.47
219950 -61.5084 -20.85 25.47
219855 -61.5084 -20.85 25.47
222448 -61.5084 -20.85 25.47
224701 -61.5084 -20.85 25.47
217297 -61.5084 -20.85 25.47
226854 -61.5084 -20.85 25.47
215977 -61.5084 -20.85 25.47
216701 -61.5084 -20.85 25.47
228204 -61.5084 -20.85 25.47
218211 -61.5084 -20.85 25.47
227594 -61.5084 -20.85 25.47
224997 -61.5084 -20.85 25.47
220832 -61.5084 -20.85 25.47
225024 -61.5084 -20.85 25.47
215386 -61.5084 -20.85 25.47
226613 -61.5084 -20.85 25.47
225732 -61.5084 -20.85 25.47
228447 -61.5084 -20.85 25.47
226526 -61.5084 -20.85 25.47
219169 -61.5084 -20.85 25.47
223915 -61.5084 -20.85 25.47
218874 -61.5084 -20.85 25.47
221298 -61.5084 -20.85 25.47
228867 -61.5084 -20.85 25.47
214043 -61.5084 -20.85 25.47
225607 -61.5084 -20.85 25.47
223818 -61.5084 -20.85 25.47
227639 -61.5084 -20.85 25.47
220207 -61.5084 -20.85 25.47
227063 -61.5084 -20.85 25.47
219693 -61.5084 -20.85 25.47
225679 -61.5084 -20.85 25.47
215013 -61.5084 -20.85 25.47
220045 -61.5084 -20.85 25.47
217364 -61.5084 -20.85 25.47
216841 -61.5084 -20.85 25.47
98428 -54.2524 -1.19 -13.61
98074 -54.2524 -1.19 -13.61
101522 -54.2524 -1.19 -13.61
96004 -54.2524 -1.19 -13.61
93706 -54.2524 -1.19 -13.61
101561 -54.2524 -1.19 -13.61
94871 -54.2524 -1.19 -13.61
102531 -54.2524 -1.19 -13.61
90875 -54.2524 -1.19 -13.61
89770 -54.2524 -1.19 -13.61
97931 -54.2524 -1.19 -13.61
101613 -54.2524 -1.19 -13.61
97484 -54.2524 -1.19 -13.61
93214 -54.2524 -1.19 -13.61
98959 -54.2524 -1.19 -13.61
102377 -54.2524 -1.19 -13.61
95103 -54.2524 -1.19 -13.61
99501 -54.2524 -1.19 -13.61
101287 -54.2524 -1.19 -13.61
102409 -54.2524 -1.19 -13.61
102789 -54.2524 -1.19 -13.61
97534 -54.2524 -1.19 -13.61
98396 -54.2524 -1.19 -13.61
101170 -54.2524 -1.19 -13.61
98053 -54.2524 -1.19 -13.61
97953 -54.2524 -1.19 -13.61
98610 -54.2524 -1.19 -13.61
96947 -54.2524 -1.19 -13.61
105588 -54.2524 -1.19 -13.61
97691 -54.2524 -1.19 -13.61
93225 -54.2524 -1.19 -13.61
97170 -54.2524 -1.19 -13.61
98413 -54.2524 -1.19 -13.61
97547 -54.2524 -1.19 -13.61
99557 -54.2524 -1.19 -13.61
98029 -54.2524 -1.19 -13.61
99962 -54.2524 -1.19 -13.61
98162 -54.2524 -1.19 -13.61
98933 -54.2524 -1.19 -13.61
222513 -61.8234 -24.01 24.35
227853 -61.8234 -24.01 24.35
229216 -61.8234 -24.01 24.35
221471 -61.8234 -24.01 24.35
220927 -61.8234 -24.01 24.35
227175 -61.8234 -24.01 24.35
220009 -61.8234 -24.01 24.35
210135 -61.8234 -24.01 24.35
220360 -61.8234 -24.01 24.35
231980 -61.8234 -24.01 24.35
224039 -61.8234 -24.01 24.35
219820 -61.8234 -24.01 24.35
214710 -61.8234 -24.01 24.35
219433 -61.8234 -24.01 24.35
219447 -61.8234 -24.01 24.35
223996 -61.8234 -24.01 24.35
219061 -61.8234 -24.01 24.35
213634 -61.8234 -24.01 24.35
218650 -61.8234 -24.01 24.35
216013 -61.8234 -24.01 24.35
222986 -61.8234 -24.01 24.35
222029 -61.8234 -24.01 24.35
215421 -61.8234 -24.01 24.35
216603 -61.8234 -24.01 24.35
212453 -61.8234 -24.01 24.35
218763 -61.8234 -24.01 24.35
224541 -61.8234 -24.01 24.35
224202 -61.8234 -24.01 24.35
220051 -61.8234 -24.01 24.35
214196 -61.8234 -24.01 24.35
217682 -61.8234 -24.01 24.35
215340 -61.8234 -24.01 24.35
222741 -61.8234 -24.01 24.35
218986 -61.8234 -24.01 24.35
218855 -61.8234 -24.01 24.35
219308 -61.8234 -24.01 24.35
222601 -61.8234 -24.01 24.35
223157 -61.8234 -24.01 24.35
219041 -61.8234 -24.01 24.35
91671 -54.313 -4.98 -12.83
85941 -54.313 -4.98 -12.83
85120 -54.313 -4.98 -12.83
89516 -54.313 -4.98 -12.83
78840 -54.313 -4.98 -12.83
81753 -54.313 -4.98 -12.83
78002 -54.313 -4.98 -12.83
83102 -54.313 -4.98 -12.83
87821 -54.313 -4.98 -12.83
88713 -54.313 -4.98 -12.83
84774 -54.313 -4.98 -12.83
83053 -54.313 -4.98 -12.83
89755 -54.313 -4.98 -12.83
85762 -54.313 -4.98 -12.83
86894 -54.313 -4.98 -12.83
83561 -54.313 -4.98 -12.83
83290 -54.313 -4.98 -12.83
86992 -54.313 -4.98 -12.83
90540 -54.313 -4.98 -12.83
82714 -54.313 -4.98 -12.83
83598 -54.313 -4.98 -12.83
87388 -54.313 -4.98 -12.83
87851 -54.313 -4.98 -12.83
88862 -54.313 -4.98 -12.83
86371 -54.313 -4.98 -12.83
86881 -54.313 -4.98 -12.83
85877 -54.313 -4.98 -12.83
81818 -54.313 -4.98 -12.83
87013 -54.313 -4.98 -12.83
85796 -54.313 -4.98 -12.83
85012 -54.313 -4.98 -12.83
91950 -54.313 -4.98 -12.83
89163 -54.313 -4.98 -12.83
75934 -54.313 -4.98 -12.83
85273 -54.313 -4.98 -12.83
84259 -54.313 -4.98 -12.83
91490 -54.313 -4.98 -12.83
88695 -54.313 -4.98 -12.83
88015 -54.313 -4.98 -12.83
