#rtt sig_str x y
201019 -60.26 -20.82 19.16
194884 -60.26 -20.82 19.16
203490 -60.26 -20.82 19.16
203262 -60.26 -20.82 19.16
193284 -60.26 -20.82 19.16
198867 -60.26 -20.82 19.16
203804 -60.26 -20.82 19.16
191906 -60.26 -20.82 19.16
198428 -60.26 -20.82 19.16
203052 -60.26 -20.82 19.16
200523 -60.26 -20.82 19.16
207831 -60.26 -20.82 19.16
201615 -60.26 -20.82 19.16
204546 -60.26 -20.82 19.16
195380 -60.26 -20.82 19.16
196876 -60.26 -20.82 19.16
201565 -60.26 -20.82 19.16
200143 -60.26 -20.82 19.16
203333 -60.26 -20.82 19.16
194129 -60.26 -20.82 19.16
197981 -60.26 -20.82 19.16
198262 -60.26 -20.82 19.16
202430 -60.26 -20.82 19.16
203807 -60.26 -20.82 19.16
197968 -60.26 -20.82 19.16
194820 -60.26 -20.82 19.16
201696 -60.26 -20.82 19.16
199195 -60.26 -20.82 19.16
200845 -60.26 -20.82 19.16
194651 -60.26 -20.82 19.16
197496 -60.26 -20.82 19.16
206476 -60.26 -20.82 19.16
198456 -60.26 -20.82 19.16
203716 -60.26 -20.82 19.16
199302 -60.26 -20.82 19.16
190215 -60.26 -20.82 19.16
200321 -60.26 -20.82 19.16
196484 -60.26 -20.82 19.16
194671 -60.26 -20.82 19.16
201286 -60.4628 -20.54 -20.47
190862 -60.4628 -20.54 -20.47
194545 -60.4628 -20.54 -20.47
193271 -60.4628 -20.54 -20.47
198150 -60.4628 -20.54 -20.47
199099 -60.4628 -20.54 -20.47
197424 -60.4628 -20.54 -20.47
195135 -60.4628 -20.54 -20.47
199719 -60.4628 -20.54 -20.47
195836 -60.4628 -20.54 -20.47
191276 -60.4628 -20.54 -20.47
195282 -60.4628 -20.54 -20.47
192052 -60.4628 -20.54 -20.47
207071 -60.4628 -20.54 -20.47
198927 -60.4628 -20.54 -20.47
199131 -60.4628 -20.54 -20.47
195412 -60.4628 -20.54 -20.47
197192 -60.4628 -20.54 -20.47
198814 -60.4628 -20.54 -20.47
197381 -60.4628 -20.54 -20.47
197033 -60.4628 -20.54 -20.47
204343 -60.4628 -20.54 -20.47
200540 -60.4628 -20.54 -20.47
195148 -60.4628 -20.54 -20.47
201329 -60.4628 -20.54 -20.47
201612 -60.4628 -20.54 -20.47
199000 -60.4628 -20.54 -20.47
192495 -60.4628 -20.54 -20.47
199078 -60.4628 -20.54 -20.47
195497 -60.4628 -20.54 -20.47
198767 -60.4628 -20.54 -20.47
200742 -60.4628 -20.54 -20.47
198352 -60.4628 -20.54 -20.47
190041 -60.4628 -20.54 -20.47
196384 -60.4628 -20.54 -20.47
195465 -60.4628 -20.54 -20.47
189454 -60.4628 -20.54 -20.47
195952 -60.4628 -20.54 -20.47
191795 -60.4628 -20.54 -20.47
201637 -61.0891 29.13 -11.41
200025 -61.0891 29.13 -11.41
213757 -61.0891 29.13 -11.41
207201 -61.0891 29.13 -11.41
203959 -61.0891 29.13 -11.41
207978 -61.0891 29.13 -11.41
204072 -61.0891 29.13 -11.41
205338 -61.0891 29.13 -11.41
203750 -61.0891 29.13 -11.41
207041 -61.0891 29.13 -11.41
198936 -61.0891 29.13 -11.41
203988 -61.0891 29.13 -11.41
205505 -61.0891 29.13 -11.41
207128 -61.0891 29.13 -11.41
202912 -61.0891 29.13 -11.41
208271 -61.0891 29.13 -11.41
206192 -61.0891 29.13 -11.41
209289 -61.0891 29.13 -11.41
200165 -61.0891 29.13 -11.41
210321 -61.0891 29.13 -11.41
204365 -61.0891 29.13 -11.41
205276 -61.0891 29.13 -11.41
202113 -61.0891 29.13 -11.41
212563 -61.0891 29.13 -11.41
202104 -61.0891 29.13 -11.41
204416 -61.0891 29.13 -11.41
205758 -61.0891 29.13 -11.41
206775 -61.0891 29.13 -11.41
202167 -61.0891 29.13 -11.41
207600 -61.0891 29.13 -11.41
198616 -61.0891 29.13 -11.41
206017 -61.0891 29.13 -11.41
202509 -61.0891 29.13 -11.41
206237 -61.0891 29.13 -11.41
206138 -61.0891 29.13 -11.41
212974 -61.0891 29.13 -11.41
204999 -61.0891 29.13 -11.41
208504 -61.0891 29.13 -11.41
205498 -61.0891 29.13 -11.41
174845 -59.1941 24.27 -5.41
174393 -59.1941 24.27 -5.41
177789 -59.1941 24.27 -5.41
183510 -59.1941 24.27 -5.41
179775 -59.1941 24.27 -5.41
175040 -59.1941 24.27 -5.41
175366 -59.1941 24.27 -5.41
181829 -59.1941 24.27 -5.41
177870 -59.1941 24.27 -5.41
175569 -59.1941 24.27 -5.41
178924 -59.1941 24.27 -5.41
175069 -59.1941 24.27 -5.41
174078 -59.1941 24.27 -5.41
175086 -59.1941 24.27 -5.41
178829 -59.1941 24.27 -5.41
182570 -59.1941 24.27 -5.41
178212 -59.1941 24.27 -5.41
166322 -59.1941 24.27 -5.41
173393 -59.1941 24.27 -5.41
176068 -59.1941 24.27 -5.41
179715 -59.1941 24.27 -5.41
179793 -59.1941 24.27 -5.41
175562 -59.1941 24.27 -5.41
175287 -59.1941 24.27 -5.41
177780 -59.1941 24.27 -5.41
174122 -59.1941 24.27 -5.41
167929 -59.1941 24.27 -5.41
179208 -59.1941 24.27 -5.41
173540 -59.1941 24.27 -5.41
167513 -59.1941 24.27 -5.41
172504 -59.1941 24.27 -5.41
176002 -59.1941 24.27 -5.41
180534 -59.1941 24.27 -5.41
180726 -59.1941 24.27 -5.41
178578 -59.1941 24.27 -5.41
177616 -59.1941 24.27 -5.41
172977 -59.1941 24.27 -5.41
173514 -59.1941 24.27 -5.41
173931 -59.1941 24.27 -5.41
144504 -57.7051 -18.84 8.72
142359 -57.7051 -18.84 8.72
145818 -57.7051 -18.84 8.72
145515 -57.7051 -18.84 8.72
146254 -57.7051 -18.84 8.72
144791 -57.7051 -18.84 8.72
147244 -57.7051 -18.84 8.72
138595 -57.7051 -18.84 8.72
142778 -57.7051 -18.84 8.72
132855 -57.7051 -18.84 8.72
146538 -57.7051 -18.84 8.72
139830 -57.7051 -18.84 8.72
145623 -57.7051 -18.84 8.72
142874 -57.7051 -18.84 8.72
141030 -57.7051 -18.84 8.72
140473 -57.7051 -18.84 8.72
143377 -57.7051 -18.84 8.72
138953 -57.7051 -18.84 8.72
141906 -57.7051 -18.84 8.72
145053 -57.7051 -18.84 8.72
144565 -57.7051 -18.84 8.72
141131 -57.7051 -18.84 8.72
132035 -57.7051 -18.84 8.72
145797 -57.7051 -18.84 8.72
142996 -57.7051 -18.84 8.72
143325 -57.7051 -18.84 8.72
144091 -57.7051 -18.84 8.72
142416 -57.7051 -18.84 8.72
137874 -57.7051 -18.84 8.72
145076 -57.7051 -18.84 8.72
138097 -57.7051 -18.84 8.72
137623 -57.7051 -18.84 8.72
138831 -57.7051 -18.84 8.72
144039 -57.7051 -18.84 8.72
143800 -57.7051 -18.84 8.72
140476 -57.7051 -18.84 8.72
143047 -57.7051 -18.84 8.72
129705 -57.7051 -18.84 8.72
151888 -57.7051 -18.84 8.72
140635 -58.2678 -13.94 17.31
139675 -58.2678 -13.94 17.31
151794 -58.2678 -13.94 17.31
147544 -58.2678 -13.94 17.31
138938 -58.2678 -13.94 17.31
142328 -58.2678 -13.94 17.31
146911 -58.2678 -13.94 17.31
148077 -58.2678 -13.94 17.31
145749 -58.2678 -13.94 17.31
147498 -58.2678 -13.94 17.31
146378 -58.2678 -13.94 17.31
147009 -58.2678 -13.94 17.31
149028 -58.2678 -13.94 17.31
148624 -58.2678 -13.94 17.31
144094 -58.2678 -13.94 17.31
146931 -58.2678 -13.94 17.31
145606 -58.2678 -13.94 17.31
137201 -58.2678 -13.94 17.31
146735 -58.2678 -13.94 17.31
140465 -58.2678 -13.94 17.31
138562 -58.2678 -13.94 17.31
143697 -58.2678 -13.94 17.31
144766 -58.2678 -13.94 17.31
145703 -58.2678 -13.94 17.31
151462 -58.2678 -13.94 17.31
145837 -58.2678 -13.94 17.31
145508 -58.2678 -13.94 17.31
140522 -58.2678 -13.94 17.31
144076 -58.2678 -13.94 17.31
143628 -58.2678 -13.94 17.31
143875 -58.2678 -13.94 17.31
142987 -58.2678 -13.94 17.31
145182 -58.2678 -13.94 17.31
146169 -58.2678 -13.94 17.31
145375 -58.2678 -13.94 17.31
142132 -58.2678 -13.94 17.31
144798 -58.2678 -13.94 17.31
139822 -58.2678 -13.94 17.31
144242 -58.2678 -13.94 17.31
77610 -53.0594 -9.96 -6.37
74048 -53.0594 -9.96 -6.37
79917 -53.0594 -9.96 -6.37
76222 -53.0594 -9.96 -6.37
79144 -53.0594 -9.96 -6.37
80615 -53.0594 -9.96 -6.37
79569 -53.0594 -9.96 -6.37
81381 -53.0594 -9.96 -6.37
79016 -53.0594 -9.96 -6.37
79209 -53.0594 -9.96 -6.37
76926 -53.0594 -9.96 -6.37
81529 -53.0594 -9.96 -6.37
79132 -53.0594 -9.96 -6.37
74690 -53.0594 -9.96 -6.37
80475 -53.0594 -9.96 -6.37
83397 -53.0594 -9.96 -6.37
74399 -53.0594 -9.96 -6.37
75493 -53.0594 -9.96 -6.37
77056 -53.0594 -9.96 -6.37
79715 -53.0594 -9.96 -6.37
82742 -53.0594 -9.96 -6.37
82397 -53.0594 -9.96 -6.37
77696 -53.0594 -9.96 -6.37
80983 -53.0594 -9.96 -6.37
80306 -53.0594 -9.96 -6.37
76155 -53.0594 -9.96 -6.37
71400 -53.0594 -9.96 -6.37
81343 -53.0594 -9.96 -6.37
82178 -53.0594 -9.96 -6.37
75336 -53.0594 -9.96 -6.37
79523 -53.0594 -9.96 -6.37
76992 -53.0594 -9.96 -6.37
81746 -53.0594 -9.96 -6.37
75847 -53.0594 -9.96 -6.37
87002 -53.0594 -9.96 -6.37
79893 -53.0594 -9.96 -6.37
83700 -53.0594 -9.96 -6.37
82394 -53.0594 -9.96 -6.37
83186 -53.0594 -9.96 -6.37
71945 -52.0194 8.68 -5.77
68676 -52.0194 8.68 -5.77
63909 -52.0194 8.68 -5.77
61504 -52.0194 8.68 -5.77
70724 -52.0194 8.68 -5.77
62142 -52.0194 8.68 -5.77
72928 -52.0194 8.68 -5.77
67509 -52.0194 8.68 -5.77
68862 -52.0194 8.68 -5.77
64322 -52.0194 8.68 -5.77
67751 -52.0194 8.68 -5.77
64201 -52.0194 8.68 -5.77
78791 -52.0194 8.68 -5.77
67000 -52.0194 8.68 -5.77
66917 -52.0194 8.68 -5.77
68826 -52.0194 8.68 -5.77
61556 -52.0194 8.68 -5.77
68634 -52.0194 8.68 -5.77
66387 -52.0194 8.68 -5.77
65291 -52.0194 8.68 -5.77
70074 -52.0194 8.68 -5.77
69532 -52.0194 8.68 -5.77
70394 -52.0194 8.68 -5.77
68532 -52.0194 8.68 -5.77
70931 -52.0194 8.68 -5.77
63866 -52.0194 8.68 -5.77
60636 -52.0194 8.68 -5.77
65058 -52.0194 8.68 -5.77
63820 -52.0194 8.68 -5.77
63848 -52.0194 8.68 -5.77
66534 -52.0194 8.68 -5.77
67347 -52.0194 8.68 -5.77
66084 -52.0194 8.68 -5.77
65734 -52.0194 8.68 -5.77
64397 -52.0194 8.68 -5.77
64809 -52.0194 8.68 -5.77
71807 -52.0194 8.68 -5.77
72054 -52.0194 8.68 -5.77
64876 -52.0194 8.68 -5.77
105912 -56.3685 -14.92 9.44
110759 -56.3685 -14.92 9.44
120963 -56.3685 -14.92 9.44
110308 -56.3685 -14.92 9.44
115909 -56.3685 -14.92 9.44
107788 -56.3685 -14.92 9.44
112461 -56.3685 -14.92 9.44
108277 -56.3685 -14.92 9.44
106101 -56.3685 -14.92 9.44
108473 -56.3685 -14.92 9.44
113300 -56.3685 -14.92 9.44
103647 -56.3685 -14.92 9.44
107675 -56.3685 -14.92 9.44
111562 -56.3685 -14.92 9.44
109044 -56.3685 -14.92 9.44
113921 -56.3685 -14.92 9.44
111553 -56.3685 -14.92 9.44
111950 -56.3685 -14.92 9.44
110769 -56.3685 -14.92 9.44
112500 -56.3685 -14.92 9.44
110192 -56.3685 -14.92 9.44
107029 -56.3685 -14.92 9.44
107502 -56.3685 -14.92 9.44
109908 -56.3685 -14.92 9.44
109935 -56.3685 -14.92 9.44
114994 -56.3685 -14.92 9.44
112358 -56.3685 -14.92 9.44
109942 -56.3685 -14.92 9.44
109320 -56.3685 -14.92 9.44
100941 -56.3685 -14.92 9.44
114562 -56.3685 -14.92 9.44
106348 -56.3685 -14.92 9.44
113467 -56.3685 -14.92 9.44
108212 -56.3685 -14.92 9.44
110894 -56.3685 -14.92 9.44
106480 -56.3685 -14.92 9.44
111109 -56.3685 -14.92 9.44
106100 -56.3685 -14.92 9.44
106625 -56.3685 -14.92 9.44
159201 -58.8504 8.11 -22.43
151335 -58.8504 8.11 -22.43
158707 -58.8504 8.11 -22.43
157652 -58.8504 8.11 -22.43
154800 -58.8504 8.11 -22.43
156991 -58.8504 8.11 -22.43
158383 -58.8504 8.11 -22.43
162242 -58.8504 8.11 -22.43
159019 -58.8504 8.11 -22.43
156507 -58.8504 8.11 -22.43
159882 -58.8504 8.11 -22.43
160021 -58.8504 8.11 -22.43
159425 -58.8504 8.11 -22.43
160786 -58.8504 8.11 -22.43
157109 -58.8504 8.11 -22.43
158025 -58.8504 8.11 -22.43
146268 -58.8504 8.11 -22.43
153185 -58.8504 8.11 -22.43
160702 -58.8504 8.11 -22.43
155980 -58.8504 8.11 -22.43
157390 -58.8504 8.11 -22.43
156798 -58.8504 8.11 -22.43
158232 -58.8504 8.11 -22.43
156545 -58.8504 8.11 -22.43
162011 -58.8504 8.11 -22.43
161645 -58.8504 8.11 -22.43
152162 -58.8504 8.11 -22.43
150845 -58.8504 8.11 -22.43
164984 -58.8504 8.11 -22.43
156964 -58.8504 8.11 -22.43
156562 -58.8504 8.11 -22.43
156902 -58.8504 8.11 -22.43
158270 -58.8504 8.11 -22.43
156679 -58.8504 8.11 -22.43
159235 -58.8504 8.11 -22.43
152881 -58.8504 8.11 -22.43
163562 -58.8504 8.11 -22.43
154006 -58.8504 8.11 -22.43
148132 -58.8504 8.11 -22.43
