#rtt sig_str x y
227406 -61.8924 -17.94 29.45
222649 -61.8924 -17.94 29.45
228963 -61.8924 -17.94 29.45
217658 -61.8924 -17.94 29.45
223157 -61.8924 -17.94 29.45
222343 -61.8924 -17.94 29.45
222582 -61.8924 -17.94 29.45
223532 -61.8924 -17.94 29.45
230124 -61.8924 -17.94 29.45
219460 -61.8924 -17.94 29.45
220997 -61.8924 -17.94 29.45
224782 -61.8924 -17.94 29.45
232903 -61.8924 -17.94 29.45
217062 -61.8924 -17.94 29.45
226319 -61.8924 -17.94 29.45
225310 -61.8924 -17.94 29.45
224841 -61.8924 -17.94 29.45
231095 -61.8924 -17.94 29.45
228691 -61.8924 -17.94 29.45
225545 -61.8924 -17.94 29.45
221411 -61.8924 -17.94 29.45
226867 -61.8924 -17.94 29.45
222058 -61.8924 -17.94 29.45
217268 -61.8924 -17.94 29.45
223874 -61.8924 -17.94 29.45
214163 -61.8924 -17.94 29.45
219724 -61.8924 -17.94 29.45
233150 -61.8924 -17.94 29.45
217519 -61.8924 -17.94 29.45
229406 -61.8924 -17.94 29.45
223806 -61.8924 -17.94 29.45
229935 -61.8924 -17.94 29.45
229959 -61.8924 -17.94 29.45
225960 -61.8924 -17.94 29.45
234050 -61.8924 -17.94 29.45
219038 -61.8924 -17.94 29.45
225239 -61.8924 -17.94 29.45
223340 -61.8924 -17.94 29.45
231980 -61.8924 -17.94 29.45
61702 -51.9572 -10.26 -1.32
57176 -51.9572 -10.26 -1.32
63165 -51.9572 -10.26 -1.32
60393 -51.9572 -10.26 -1.32
66657 -51.9572 -10.26 -1.32
69716 -51.9572 -10.26 -1.32
62487 -51.9572 -10.26 -1.32
59271 -51.9572 -10.26 -1.32
61106 -51.9572 -10.26 -1.32
68077 -51.9572 -10.26 -1.32
66472 -51.9572 -10.26 -1.32
67251 -51.9572 -10.26 -1.32
67920 -51.9572 -10.26 -1.32
69070 -51.9572 -10.26 -1.32
62453 -51.9572 -10.26 -1.32
70996 -51.9572 -10.26 -1.32
68476 -51.9572 -10.26 -1.32
65589 -51.9572 -10.26 -1.32
69323 -51.9572 -10.26 -1.32
63810 -51.9572 -10.26 -1.32
63196 -51.9572 -10.26 -1.32
69518 -51.9572 -10.26 -1.32
73147 -51.9572 -10.26 -1.32
65274 -51.9572 -10.26 -1.32
69136 -51.9572 -10.26 -1.32
66372 -51.9572 -10.26 -1.32
65279 -51.9572 -10.26 -1.32
64460 -51.9572 -10.26 -1.32
65287 -51.9572 -10.26 -1.32
61110 -51.9572 -10.26 -1.32
60701 -51.9572 -10.26 -1.32
66592 -51.9572 -10.26 -1.32
67578 -51.9572 -10.26 -1.32
60858 -51.9572 -10.26 -1.32
73223 -51.9572 -10.26 -1.32
66851 -51.9572 -10.26 -1.32
68855 -51.9572 -10.26 -1.32
64189 -51.9572 -10.26 -1.32
60726 -51.9572 -10.26 -1.32
94802 -53.7888 -12.21 4.21
86392 -53.7888 -12.21 4.21
84902 -53.7888 -12.21 4.21
94403 -53.7888 -12.21 4.21
88560 -53.7888 -12.21 4.21
91885 -53.7888 -12.21 4.21
95777 -53.7888 -12.21 4.21
88371 -53.7888 -12.21 4.21
88087 -53.7888 -12.21 4.21
86732 -53.7888 -12.21 4.21
88532 -53.7888 -12.21 4.21
84794 -53.7888 -12.21 4.21
89363 -53.7888 -12.21 4.21
95314 -53.7888 -12.21 4.21
86620 -53.7888 -12.21 4.21
88358 -53.7888 -12.21 4.21
89643 -53.7888 -12.21 4.21
93343 -53.7888 -12.21 4.21
89639 -53.7888 -12.21 4.21
87918 -53.7888 -12.21 4.21
94684 -53.7888 -12.21 4.21
88567 -53.7888 -12.21 4.21
92373 -53.7888 -12.21 4.21
91528 -53.7888 -12.21 4.21
86052 -53.7888 -12.21 4.21
95273 -53.7888 -12.21 4.21
88190 -53.7888 -12.21 4.21
94198 -53.7888 -12.21 4.21
89194 -53.7888 -12.21 4.21
89401 -53.7888 -12.21 4.21
92931 -53.7888 -12.21 4.21
95573 -53.7888 -12.21 4.21
102887 -53.7888 -12.21 4.21
84642 -53.7888 -12.21 4.21
88275 -53.7888 -12.21 4.21
92189 -53.7888 -12.21 4.21
87224 -53.7888 -12.21 4.21
88293 -53.7888 -12.21 4.21
86873 -53.7888 -12.21 4.21
233524 -62.1294 -24.4 25.77
240989 -62.1294 -24.4 25.77
230232 -62.1294 -24.4 25.77
242058 -62.1294 -24.4 25.77
227547 -62.1294 -24.4 25.77
243263 -62.1294 -24.4 25.77
231931 -62.1294 -24.4 25.77
233736 -62.1294 -24.4 25.77
244614 -62.1294 -24.4 25.77
236048 -62.1294 -24.4 25.77
235134 -62.1294 -24.4 25.77
237487 -62.1294 -24.4 25.77
234014 -62.1294 -24.4 25.77
239398 -62.1294 -24.4 25.77
242870 -62.1294 -24.4 25.77
236191 -62.1294 -24.4 25.77
233273 -62.1294 -24.4 25.77
227578 -62.1294 -24.4 25.77
233917 -62.1294 -24.4 25.77
235289 -62.1294 -24.4 25.77
231991 -62.1294 -24.4 25.77
244128 -62.1294 -24.4 25.77
242493 -62.1294 -24.4 25.77
242766 -62.1294 -24.4 25.77
230059 -62.1294 -24.4 25.77
230578 -62.1294 -24.4 25.77
232248 -62.1294 -24.4 25.77
229362 -62.1294 -24.4 25.77
236689 -62.1294 -24.4 25.77
237069 -62.1294 -24.4 25.77
228664 -62.1294 -24.4 25.77
233121 -62.1294 -24.4 25.77
238384 -62.1294 -24.4 25.77
231637 -62.1294 -24.4 25.77
229940 -62.1294 -24.4 25.77
232622 -62.1294 -24.4 25.77
233880 -62.1294 -24.4 25.77
236971 -62.1294 -24.4 25.77
237491 -62.1294 -24.4 25.77
67862 -51.9433 -10.02 -2.5
75198 -51.9433 -10.02 -2.5
71101 -51.9433 -10.02 -2.5
70064 -51.9433 -10.02 -2.5
64042 -51.9433 -10.02 -2.5
72691 -51.9433 -10.02 -2.5
74897 -51.9433 -10.02 -2.5
69957 -51.9433 -10.02 -2.5
71736 -51.9433 -10.02 -2.5
67164 -51.9433 -10.02 -2.5
67187 -51.9433 -10.02 -2.5
65938 -51.9433 -10.02 -2.5
72096 -51.9433 -10.02 -2.5
70714 -51.9433 -10.02 -2.5
68750 -51.9433 -10.02 -2.5
70630 -51.9433 -10.02 -2.5
70978 -51.9433 -10.02 -2.5
64514 -51.9433 -10.02 -2.5
67497 -51.9433 -10.02 -2.5
66402 -51.9433 -10.02 -2.5
69621 -51.9433 -10.02 -2.5
71978 -51.9433 -10.02 -2.5
66955 -51.9433 -10.02 -2.5
72310 -51.9433 -10.02 -2.5
68668 -51.9433 -10.02 -2.5
66397 -51.9433 -10.02 -2.5
67866 -51.9433 -10.02 -2.5
72464 -51.9433 -10.02 -2.5
71745 -51.9433 -10.02 -2.5
64430 -51.9433 -10.02 -2.5
68005 -51.9433 -10.02 -2.5
68062 -51.9433 -10.02 -2.5
68904 -51.9433 -10.02 -2.5
67178 -51.9433 -10.02 -2.5
66966 -51.9433 -10.02 -2.5
69715 -51.9433 -10.02 -2.5
69348 -51.9433 -10.02 -2.5
68291 -51.9433 -10.02 -2.5
73454 -51.9433 -10.02 -2.5
89996 -54.287 13.52 2.33
91319 -54.287 13.52 2.33
93552 -54.287 13.52 2.33
81042 -54.287 13.52 2.33
93263 -54.287 13.52 2.33
86142 -54.287 13.52 2.33
96981 -54.287 13.52 2.33
89912 -54.287 13.52 2.33
94171 -54.287 13.52 2.33
89660 -54.287 13.52 2.33
95994 -54.287 13.52 2.33
93673 -54.287 13.52 2.33
95995 -54.287 13.52 2.33
89835 -54.287 13.52 2.33
93215 -54.287 13.52 2.33
91418 -54.287 13.52 2.33
90677 -54.287 13.52 2.33
85320 -54.287 13.52 2.33
91428 -54.287 13.52 2.33
95000 -54.287 13.52 2.33
88249 -54.287 13.52 2.33
94201 -54.287 13.52 2.33
95876 -54.287 13.52 2.33
94373 -54.287 13.52 2.33
93665 -54.287 13.52 2.33
85076 -54.287 13.52 2.33
85689 -54.287 13.52 2.33
88347 -54.287 13.52 2.33
93366 -54.287 13.52 2.33
98805 -54.287 13.52 2.33
87440 -54.287 13.52 2.33
85230 -54.287 13.52 2.33
81747 -54.287 13.52 2.33
98027 -54.287 13.52 2.33
94277 -54.287 13.52 2.33
81568 -54.287 13.52 2.33
89483 -54.287 13.52 2.33
93661 -54.287 13.52 2.33
88028 -54.287 13.52 2.33
89492 -54.5189 9.14 -10.75
93245 -54.5189 9.14 -10.75
98780 -54.5189 9.14 -10.75
94115 -54.5189 9.14 -10.75
100096 -54.5189 9.14 -10.75
96544 -54.5189 9.14 -10.75
90613 -54.5189 9.14 -10.75
97192 -54.5189 9.14 -10.75
97822 -54.5189 9.14 -10.75
90528 -54.5189 9.14 -10.75
98079 -54.5189 9.14 -10.75
95577 -54.5189 9.14 -10.75
93816 -54.5189 9.14 -10.75
97026 -54.5189 9.14 -10.75
89712 -54.5189 9.14 -10.75
89471 -54.5189 9.14 -10.75
97311 -54.5189 9.14 -10.75
92916 -54.5189 9.14 -10.75
97418 -54.5189 9.14 -10.75
98558 -54.5189 9.14 -10.75
96741 -54.5189 9.14 -10.75
90729 -54.5189 9.14 -10.75
95886 -54.5189 9.14 -10.75
95325 -54.5189 9.14 -10.75
95213 -54.5189 9.14 -10.75
99269 -54.5189 9.14 -10.75
92519 -54.5189 9.14 -10.75
89320 -54.5189 9.14 -10.75
101934 -54.5189 9.14 -10.75
95720 -54.5189 9.14 -10.75
89295 -54.5189 9.14 -10.75
96953 -54.5189 9.14 -10.75
95681 -54.5189 9.14 -10.75
85891 -54.5189 9.14 -10.75
93446 -54.5189 9.14 -10.75
94939 -54.5189 9.14 -10.75
96094 -54.5189 9.14 -10.75
93760 -54.5189 9.14 -10.75
94005 -54.5189 9.14 -10.75
98491 -55.0195 0.29 14.99
97354 -55.0195 0.29 14.99
103542 -55.0195 0.29 14.99
93643 -55.0195 0.29 14.99
96174 -55.0195 0.29 14.99
103693 -55.0195 0.29 14.99
102104 -55.0195 0.29 14.99
95523 -55.0195 0.29 14.99
98152 -55.0195 0.29 14.99
102715 -55.0195 0.29 14.99
101062 -55.0195 0.29 14.99
104687 -55.0195 0.29 14.99
99342 -55.0195 0.29 14.99
95734 -55.0195 0.29 14.99
95791 -55.0195 0.29 14.99
98216 -55.0195 0.29 14.99
92097 -55.0195 0.29 14.99
94425 -55.0195 0.29 14.99
97769 -55.0195 0.29 14.99
97799 -55.0195 0.29 14.99
97126 -55.0195 0.29 14.99
100250 -55.0195 0.29 14.99
101191 -55.0195 0.29 14.99
102564 -55.0195 0.29 14.99
95063 -55.0195 0.29 14.99
104277 -55.0195 0.29 14.99
99148 -55.0195 0.29 14.99
98729 -55.0195 0.29 14.99
103996 -55.0195 0.29 14.99
97204 -55.0195 0.29 14.99
96501 -55.0195 0.29 14.99
96434 -55.0195 0.29 14.99
97418 -55.0195 0.29 14.99
99212 -55.0195 0.29 14.99
101280 -55.0195 0.29 14.99
99404 -55.0195 0.29 14.99
93371 -55.0195 0.29 14.99
99390 -55.0195 0.29 14.99
96518 -55.0195 0.29 14.99
189578 -60.6712 26.84 -12.81
189805 -60.6712 26.84 -12.81
194637 -60.6712 26.84 -12.81
190108 -60.6712 26.84 -12.81
191139 -60.6712 26.84 -12.81
195221 -60.6712 26.84 -12.81
191873 -60.6712 26.84 -12.81
189465 -60.6712 26.84 -12.81
194807 -60.6712 26.84 -12.81
189733 -60.6712 26.84 -12.81
182250 -60.6712 26.84 -12.81
188718 -60.6712 26.84 -12.81
194165 -60.6712 26.84 -12.81
191674 -60.6712 26.84 -12.81
189632 -60.6712 26.84 -12.81
185260 -60.6712 26.84 -12.81
193196 -60.6712 26.84 -12.81
190925 -60.6712 26.84 -12.81
195912 -60.6712 26.84 -12.81
191339 -60.6712 26.84 -12.81
194240 -60.6712 26.84 -12.81
196430 -60.6712 26.84 -12.81
187330 -60.6712 26.84 -12.81
195681 -60.6712 26.84 -12.81
192665 -60.6712 26.84 -12.81
191180 -60.6712 26.84 -12.81
198319 -60.6712 26.84 -12.81
185149 -60.6712 26.84 -12.81
194067 -60.6712 26.84 -12.81
190762 -60.6712 26.84 -12.81
195270 -60.6712 26.84 -12.81
190372 -60.6712 26.84 -12.81
194152 -60.6712 26.84 -12.81
196979 -60.6712 26.84 -12.81
194271 -60.6712 26.84 -12.81
192954 -60.6712 26.84 -12.81
190835 -60.6712 26.84 -12.81
188946 -60.6712 26.84 -12.81
190899 -60.6712 26.84 -12.81
62354 -51.6192 7.65 -6.33
61663 -51.6192 7.65 -6.33
66152 -51.6192 7.65 -6.33
64871 -51.6192 7.65 -6.33
66642 -51.6192 7.65 -6.33
62665 -51.6192 7.65 -6.33
67451 -51.6192 7.65 -6.33
66161 -51.6192 7.65 -6.33
60938 -51.6192 7.65 -6.33
64409 -51.6192 7.65 -6.33
63062 -51.6192 7.65 -6.33
63279 -51.6192 7.65 -6.33
61403 -51.6192 7.65 -6.33
66538 -51.6192 7.65 -6.33
61436 -51.6192 7.65 -6.33
65283 -51.6192 7.65 -6.33
63388 -51.6192 7.65 -6.33
65662 -51.6192 7.65 -6.33
61463 -51.6192 7.65 -6.33
60758 -51.6192 7.65 -6.33
56784 -51.6192 7.65 -6.33
64543 -51.6192 7.65 -6.33
66472 -51.6192 7.65 -6.33
62462 -51.6192 7.65 -6.33
57069 -51.6192 7.65 -6.33
62437 -51.6192 7.65 -6.33
65229 -51.6192 7.65 -6.33
62955 -51.6192 7.65 -6.33
57396 -51.6192 7.65 -6.33
59511 -51.6192 7.65 -6.33
65422 -51.6192 7.65 -6.33
66333 -51.6192 7.65 -6.33
60282 -51.6192 7.65 -6.33
65627 -51.6192 7.65 -6.33
65646 -51.6192 7.65 -6.33
66161 -51.6192 7.65 -6.33
64916 -51.6192 7.65 -6.33
66438 -51.6192 7.65 -6.33
63387 -51.6192 7.65 -6.33
