#rtt sig_str x y
224637 -61.7683 23.16 24.85
223799 -61.7683 23.16 24.85
214545 -61.7683 23.16 24.85
209715 -61.7683 23.16 24.85
215554 -61.7683 23.16 24.85
219530 -61.7683 23.16 24.85
219443 -61.7683 23.16 24.85
214090 -61.7683 23.16 24.85
224354 -61.7683 23.16 24.85
218294 -61.7683 23.16 24.85
217917 -61.7683 23.16 24.85
223258 -61.7683 23.16 24.85
220151 -61.7683 23.16 24.85
221687 -61.7683 23.16 24.85
221257 -61.7683 23.16 24.85
222453 -61.7683 23.16 24.85
224591 -61.7683 23.16 24.85
219691 -61.7683 23.16 24.85
218898 -61.7683 23.16 24.85
221803 -61.7683 23.16 24.85
221172 -61.7683 23.16 24.85
226355 -61.7683 23.16 24.85
224194 -61.7683 23.16 24.85
225229 -61.7683 23.16 24.85
219350 -61.7683 23.16 24.85
228199 -61.7683 23.16 24.85
221464 -61.7683 23.16 24.85
211677 -61.7683 23.16 24.85
214726 -61.7683 23.16 24.85
222757 -61.7683 23.16 24.85
216215 -61.7683 23.16 24.85
224439 -61.7683 23.16 24.85
227491 -61.7683 23.16 24.85
224255 -61.7683 23.16 24.85
233958 -61.7683 23.16 24.85
216108 -61.7683 23.16 24.85
218630 -61.7683 23.16 24.85
220941 -61.7683 23.16 24.85
219513 -61.7683 23.16 24.85
148420 -58.6751 17.32 -15.66
148282 -58.6751 17.32 -15.66
160125 -58.6751 17.32 -15.66
156607 -58.6751 17.32 -15.66
157401 -58.6751 17.32 -15.66
150299 -58.6751 17.32 -15.66
152189 -58.6751 17.32 -15.66
156981 -58.6751 17.32 -15.66
149376 -58.6751 17.32 -15.66
157459 -58.6751 17.32 -15.66
150963 -58.6751 17.32 -15.66
154328 -58.6751 17.32 -15.66
164541 -58.6751 17.32 -15.66
157435 -58.6751 17.32 -15.66
160380 -58.6751 17.32 -15.66
147018 -58.6751 17.32 -15.66
147889 -58.6751 17.32 -15.66
152734 -58.6751 17.32 -15.66
154955 -58.6751 17.32 -15.66
159877 -58.6751 17.32 -15.66
155762 -58.6751 17.32 -15.66
159661 -58.6751 17.32 -15.66
153228 -58.6751 17.32 -15.66
153960 -58.6751 17.32 -15.66
151362 -58.6751 17.32 -15.66
159177 -58.6751 17.32 -15.66
155569 -58.6751 17.32 -15.66
150466 -58.6751 17.32 -15.66
154236 -58.6751 17.32 -15.66
158151 -58.6751 17.32 -15.66
154836 -58.6751 17.32 -15.66
149216 -58.6751 17.32 -15.66
157097 -58.6751 17.32 -15.66
150397 -58.6751 17.32 -15.66
153348 -58.6751 17.32 -15.66
153823 -58.6751 17.32 -15.66
155433 -58.6751 17.32 -15.66
147863 -58.6751 17.32 -15.66
158689 -58.6751 17.32 -15.66
134029 -57.3882 -4.52 19.46
127270 -57.3882 -4.52 19.46
127141 -57.3882 -4.52 19.46
132762 -57.3882 -4.52 19.46
122692 -57.3882 -4.52 19.46
126260 -57.3882 -4.52 19.46
124565 -57.3882 -4.52 19.46
129842 -57.3882 -4.52 19.46
131379 -57.3882 -4.52 19.46
128395 -57.3882 -4.52 19.46
130120 -57.3882 -4.52 19.46
138090 -57.3882 -4.52 19.46
138140 -57.3882 -4.52 19.46
123316 -57.3882 -4.52 19.46
128493 -57.3882 -4.52 19.46
128869 -57.3882 -4.52 19.46
133658 -57.3882 -4.52 19.46
123997 -57.3882 -4.52 19.46
127182 -57.3882 -4.52 19.46
135088 -57.3882 -4.52 19.46
130475 -57.3882 -4.52 19.46
125303 -57.3882 -4.52 19.46
124352 -57.3882 -4.52 19.46
129512 -57.3882 -4.52 19.46
124345 -57.3882 -4.52 19.46
133742 -57.3882 -4.52 19.46
132783 -57.3882 -4.52 19.46
128805 -57.3882 -4.52 19.46
132998 -57.3882 -4.52 19.46
124764 -57.3882 -4.52 19.46
127321 -57.3882 -4.52 19.46
126384 -57.3882 -4.52 19.46
121760 -57.3882 -4.52 19.46
119509 -57.3882 -4.52 19.46
127306 -57.3882 -4.52 19.46
128206 -57.3882 -4.52 19.46
127311 -57.3882 -4.52 19.46
129165 -57.3882 -4.52 19.46
118184 -57.3882 -4.52 19.46
204527 -60.6203 -1.27 -29.53
213776 -60.6203 -1.27 -29.53
204271 -60.6203 -1.27 -29.53
205965 -60.6203 -1.27 -29.53
208447 -60.6203 -1.27 -29.53
201614 -60.6203 -1.27 -29.53
203226 -60.6203 -1.27 -29.53
210995 -60.6203 -1.27 -29.53
206540 -60.6203 -1.27 -29.53
204830 -60.6203 -1.27 -29.53
200278 -60.6203 -1.27 -29.53
201862 -60.6203 -1.27 -29.53
209825 -60.6203 -1.27 -29.53
206127 -60.6203 -1.27 -29.53
196719 -60.6203 -1.27 -29.53
208685 -60.6203 -1.27 -29.53
201071 -60.6203 -1.27 -29.53
209449 -60.6203 -1.27 -29.53
203363 -60.6203 -1.27 -29.53
209648 -60.6203 -1.27 -29.53
202903 -60.6203 -1.27 -29.53
209456 -60.6203 -1.27 -29.53
206195 -60.6203 -1.27 -29.53
205658 -60.6203 -1.27 -29.53
204545 -60.6203 -1.27 -29.53
211668 -60.6203 -1.27 -29.53
205899 -60.6203 -1.27 -29.53
210312 -60.6203 -1.27 -29.53
203253 -60.6203 -1.27 -29.53
205971 -60.6203 -1.27 -29.53
213093 -60.6203 -1.27 -29.53
208867 -60.6203 -1.27 -29.53
206066 -60.6203 -1.27 -29.53
199673 -60.6203 -1.27 -29.53
206160 -60.6203 -1.27 -29.53
204027 -60.6203 -1.27 -29.53
202564 -60.6203 -1.27 -29.53
202220 -60.6203 -1.27 -29.53
208031 -60.6203 -1.27 -29.53
242083 -62.8399 -29.98 -24.44
246941 -62.8399 -29.98 -24.44
245215 -62.8399 -29.98 -24.44
247678 -62.8399 -29.98 -24.44
248636 -62.8399 -29.98 -24.44
252931 -62.8399 -29.98 -24.44
253262 -62.8399 -29.98 -24.44
242843 -62.8399 -29.98 -24.44
242680 -62.8399 -29.98 -24.44
235764 -62.8399 -29.98 -24.44
245948 -62.8399 -29.98 -24.44
247554 -62.8399 -29.98 -24.44
250860 -62.8399 -29.98 -24.44
246016 -62.8399 -29.98 -24.44
244478 -62.8399 -29.98 -24.44
240053 -62.8399 -29.98 -24.44
249150 -62.8399 -29.98 -24.44
257463 -62.8399 -29.98 -24.44
249157 -62.8399 -29.98 -24.44
241007 -62.8399 -29.98 -24.44
244744 -62.8399 -29.98 -24.44
255029 -62.8399 -29.98 -24.44
246457 -62.8399 -29.98 -24.44
243514 -62.8399 -29.98 -24.44
250911 -62.8399 -29.98 -24.44
254160 -62.8399 -29.98 -24.44
246048 -62.8399 -29.98 -24.44
248076 -62.8399 -29.98 -24.44
252465 -62.8399 -29.98 -24.44
254961 -62.8399 -29.98 -24.44
253371 -62.8399 -29.98 -24.44
246528 -62.8399 -29.98 -24.44
243008 -62.8399 -29.98 -24.44
251002 -62.8399 -29.98 -24.44
258821 -62.8399 -29.98 -24.44
254855 -62.8399 -29.98 -24.44
251426 -62.8399 -29.98 -24.44
243243 -62.8399 -29.98 -24.44
252207 -62.8399 -29.98 -24.44
163658 -59.5153 21.39 -14.52
170630 -59.5153 21.39 -14.52
161090 -59.5153 21.39 -14.52
151194 -59.5153 21.39 -14.52
165546 -59.5153 21.39 -14.52
161542 -59.5153 21.39 -14.52
157292 -59.5153 21.39 -14.52
163199 -59.5153 21.39 -14.52
160054 -59.5153 21.39 -14.52
164770 -59.5153 21.39 -14.52
162334 -59.5153 21.39 -14.52
170402 -59.5153 21.39 -14.52
168129 -59.5153 21.39 -14.52
164652 -59.5153 21.39 -14.52
163967 -59.5153 21.39 -14.52
162849 -59.5153 21.39 -14.52
164806 -59.5153 21.39 -14.52
162053 -59.5153 21.39 -14.52
161581 -59.5153 21.39 -14.52
159294 -59.5153 21.39 -14.52
158212 -59.5153 21.39 -14.52
163505 -59.5153 21.39 -14.52
160165 -59.5153 21.39 -14.52
160163 -59.5153 21.39 -14.52
161648 -59.5153 21.39 -14.52
157424 -59.5153 21.39 -14.52
161198 -59.5153 21.39 -14.52
153934 -59.5153 21.39 -14.52
162273 -59.5153 21.39 -14.52
161516 -59.5153 21.39 -14.52
157287 -59.5153 21.39 -14.52
155126 -59.5153 21.39 -14.52
165517 -59.5153 21.39 -14.52
164571 -59.5153 21.39 -14.52
168675 -59.5153 21.39 -14.52
157274 -59.5153 21.39 -14.52
162358 -59.5153 21.39 -14.52
163409 -59.5153 21.39 -14.52
159034 -59.5153 21.39 -14.52
182923 -60.0011 -8.8 25.97
172535 -60.0011 -8.8 25.97
168699 -60.0011 -8.8 25.97
185257 -60.0011 -8.8 25.97
178530 -60.0011 -8.8 25.97
182440 -60.0011 -8.8 25.97
179594 -60.0011 -8.8 25.97
181031 -60.0011 -8.8 25.97
176958 -60.0011 -8.8 25.97
177852 -60.0011 -8.8 25.97
179569 -60.0011 -8.8 25.97
181278 -60.0011 -8.8 25.97
176353 -60.0011 -8.8 25.97
183929 -60.0011 -8.8 25.97
177970 -60.0011 -8.8 25.97
176832 -60.0011 -8.8 25.97
181964 -60.0011 -8.8 25.97
181835 -60.0011 -8.8 25.97
182471 -60.0011 -8.8 25.97
181814 -60.0011 -8.8 25.97
175961 -60.0011 -8.8 25.97
175853 -60.0011 -8.8 25.97
174291 -60.0011 -8.8 25.97
172173 -60.0011 -8.8 25.97
178391 -60.0011 -8.8 25.97
168047 -60.0011 -8.8 25.97
182535 -60.0011 -8.8 25.97
183288 -60.0011 -8.8 25.97
177369 -60.0011 -8.8 25.97
180866 -60.0011 -8.8 25.97
185291 -60.0011 -8.8 25.97
181904 -60.0011 -8.8 25.97
176056 -60.0011 -8.8 25.97
176300 -60.0011 -8.8 25.97
179814 -60.0011 -8.8 25.97
177852 -60.0011 -8.8 25.97
181547 -60.0011 -8.8 25.97
175861 -60.0011 -8.8 25.97
171876 -60.0011 -8.8 25.97
115210 -55.3276 -3.52 15.16
111587 -55.3276 -3.52 15.16
113686 -55.3276 -3.52 15.16
115659 -55.3276 -3.52 15.16
113886 -55.3276 -3.52 15.16
107420 -55.3276 -3.52 15.16
113185 -55.3276 -3.52 15.16
117553 -55.3276 -3.52 15.16
105537 -55.3276 -3.52 15.16
109742 -55.3276 -3.52 15.16
114072 -55.3276 -3.52 15.16
110200 -55.3276 -3.52 15.16
110902 -55.3276 -3.52 15.16
108551 -55.3276 -3.52 15.16
117921 -55.3276 -3.52 15.16
108542 -55.3276 -3.52 15.16
111694 -55.3276 -3.52 15.16
107197 -55.3276 -3.52 15.16
111308 -55.3276 -3.52 15.16
114484 -55.3276 -3.52 15.16
113810 -55.3276 -3.52 15.16
110258 -55.3276 -3.52 15.16
105791 -55.3276 -3.52 15.16
108883 -55.3276 -3.52 15.16
111994 -55.3276 -3.52 15.16
113025 -55.3276 -3.52 15.16
111834 -55.3276 -3.52 15.16
113493 -55.3276 -3.52 15.16
118329 -55.3276 -3.52 15.16
115211 -55.3276 -3.52 15.16
114315 -55.3276 -3.52 15.16
106830 -55.3276 -3.52 15.16
113127 -55.3276 -3.52 15.16
112006 -55.3276 -3.52 15.16
113862 -55.3276 -3.52 15.16
111964 -55.3276 -3.52 15.16
110165 -55.3276 -3.52 15.16
109070 -55.3276 -3.52 15.16
110164 -55.3276 -3.52 15.16
204124 -60.5452 26.32 -12.85
199900 -60.5452 26.32 -12.85
202831 -60.5452 26.32 -12.85
204280 -60.5452 26.32 -12.85
199429 -60.5452 26.32 -12.85
200217 -60.5452 26.32 -12.85
208616 -60.5452 26.32 -12.85
207305 -60.5452 26.32 -12.85
200699 -60.5452 26.32 -12.85
204247 -60.5452 26.32 -12.85
203600 -60.5452 26.32 -12.85
200176 -60.5452 26.32 -12.85
200915 -60.5452 26.32 -12.85
191174 -60.5452 26.32 -12.85
200990 -60.5452 26.32 -12.85
202939 -60.5452 26.32 -12.85
210979 -60.5452 26.32 -12.85
205201 -60.5452 26.32 -12.85
196127 -60.5452 26.32 -12.85
205425 -60.5452 26.32 -12.85
204572 -60.5452 26.32 -12.85
201846 -60.5452 26.32 -12.85
205431 -60.5452 26.32 -12.85
199222 -60.5452 26.32 -12.85
204606 -60.5452 26.32 -12.85
200314 -60.5452 26.32 -12.85
207189 -60.5452 26.32 -12.85
206210 -60.5452 26.32 -12.85
201780 -60.5452 26.32 -12.85
205208 -60.5452 26.32 -12.85
205950 -60.5452 26.32 -12.85
205610 -60.5452 26.32 -12.85
203281 -60.5452 26.32 -12.85
201338 -60.5452 26.32 -12.85
206999 -60.5452 26.32 -12.85
208407 -60.5452 26.32 -12.85
195636 -60.5452 26.32 -12.85
204314 -60.5452 26.32 -12.85
200139 -60.5452 26.32 -12.85
93530 -54.1256 13.06 -3.23
97152 -54.1256 13.06 -3.23
89856 -54.1256 13.06 -3.23
99909 -54.1256 13.06 -3.23
100235 -54.1256 13.06 -3.23
88655 -54.1256 13.06 -3.23
98058 -54.1256 13.06 -3.23
95372 -54.1256 13.06 -3.23
98421 -54.1256 13.06 -3.23
92536 -54.1256 13.06 -3.23
92637 -54.1256 13.06 -3.23
100753 -54.1256 13.06 -3.23
90595 -54.1256 13.06 -3.23
99873 -54.1256 13.06 -3.23
93602 -54.1256 13.06 -3.23
101889 -54.1256 13.06 -3.23
97159 -54.1256 13.06 -3.23
96022 -54.1256 13.06 -3.23
95922 -54.1256 13.06 -3.23
93369 -54.1256 13.06 -3.23
89182 -54.1256 13.06 -3.23
95451 -54.1256 13.06 -3.23
95422 -54.1256 13.06 -3.23
93858 -54.1256 13.06 -3.23
85999 -54.1256 13.06 -3.23
93929 -54.1256 13.06 -3.23
95955 -54.1256 13.06 -3.23
93388 -54.1256 13.06 -3.23
101532 -54.1256 13.06 -3.23
95542 -54.1256 13.06 -3.23
98668 -54.1256 13.06 -3.23
90185 -54.1256 13.06 -3.23
102078 -54.1256 13.06 -3.23
93806 -54.1256 13.06 -3.23
101377 -54.1256 13.06 -3.23
93217 -54.1256 13.06 -3.23
95760 -54.1256 13.06 -3.23
97430 -54.1256 13.06 -3.23
105021 -54.1256 13.06 -3.23
