#rtt sig_str x y
57791 -49.7951 6.38 4.76
49436 -49.7951 6.38 4.76
56047 -49.7951 6.38 4.76
51085 -49.7951 6.38 4.76
64059 -49.7951 6.38 4.76
53416 -49.7951 6.38 4.76
54494 -49.7951 6.38 4.76
55025 -49.7951 6.38 4.76
56001 -49.7951 6.38 4.76
50900 -49.7951 6.38 4.76
57555 -49.7951 6.38 4.76
54057 -49.7951 6.38 4.76
55595 -49.7951 6.38 4.76
56977 -49.7951 6.38 4.76
61856 -49.7951 6.38 4.76
53202 -49.7951 6.38 4.76
54334 -49.7951 6.38 4.76
51564 -49.7951 6.38 4.76
56117 -49.7951 6.38 4.76
54846 -49.7951 6.38 4.76
51892 -49.7951 6.38 4.76
56670 -49.7951 6.38 4.76
54638 -49.7951 6.38 4.76
56359 -49.7951 6.38 4.76
54777 -49.7951 6.38 4.76
54952 -49.7951 6.38 4.76
55953 -49.7951 6.38 4.76
46433 -49.7951 6.38 4.76
54323 -49.7951 6.38 4.76
53122 -49.7951 6.38 4.76
52779 -49.7951 6.38 4.76
54143 -49.7951 6.38 4.76
54005 -49.7951 6.38 4.76
66145 -49.7951 6.38 4.76
55574 -49.7951 6.38 4.76
59394 -49.7951 6.38 4.76
56262 -49.7951 6.38 4.76
63278 -49.7951 6.38 4.76
55136 -49.7951 6.38 4.76
160392 -59.0145 9.45 22.42
156921 -59.0145 9.45 22.42
160606 -59.0145 9.45 22.42
156646 -59.0145 9.45 22.42
156808 -59.0145 9.45 22.42
153752 -59.0145 9.45 22.42
162481 -59.0145 9.45 22.42
153915 -59.0145 9.45 22.42
154906 -59.0145 9.45 22.42
154809 -59.0145 9.45 22.42
151632 -59.0145 9.45 22.42
155515 -59.0145 9.45 22.42
158704 -59.0145 9.45 22.42
159035 -59.0145 9.45 22.42
160452 -59.0145 9.45 22.42
156770 -59.0145 9.45 22.42
156654 -59.0145 9.45 22.42
159252 -59.0145 9.45 22.42
160001 -59.0145 9.45 22.42
156711 -59.0145 9.45 22.42
146427 -59.0145 9.45 22.42
166341 -59.0145 9.45 22.42
158972 -59.0145 9.45 22.42
153491 -59.0145 9.45 22.42
160820 -59.0145 9.45 22.42
163701 -59.0145 9.45 22.42
153475 -59.0145 9.45 22.42
152306 -59.0145 9.45 22.42
158059 -59.0145 9.45 22.42
157465 -59.0145 9.45 22.42
162633 -59.0145 9.45 22.42
161575 -59.0145 9.45 22.42
158796 -59.0145 9.45 22.42
161653 -59.0145 9.45 22.42
159476 -59.0145 9.45 22.42
162651 -59.0145 9.45 22.42
168223 -59.0145 9.45 22.42
155416 -59.0145 9.45 22.42
160323 -59.0145 9.45 22.42
145040 -57.5101 -11.57 -16.65
133471 -57.5101 -11.57 -16.65
132646 -57.5101 -11.57 -16.65
132542 -57.5101 -11.57 -16.65
137673 -57.5101 -11.57 -16.65
146266 -57.5101 -11.57 -16.65
138864 -57.5101 -11.57 -16.65
135767 -57.5101 -11.57 -16.65
143315 -57.5101 -11.57 -16.65
138506 -57.5101 -11.57 -16.65
129983 -57.5101 -11.57 -16.65
140635 -57.5101 -11.57 -16.65
139960 -57.5101 -11.57 -16.65
132911 -57.5101 -11.57 -16.65
137154 -57.5101 -11.57 -16.65
138416 -57.5101 -11.57 -16.65
143071 -57.5101 -11.57 -16.65
140497 -57.5101 -11.57 -16.65
122342 -57.5101 -11.57 -16.65
139402 -57.5101 -11.57 -16.65
133564 -57.5101 -11.57 -16.65
138056 -57.5101 -11.57 -16.65
137117 -57.5101 -11.57 -16.65
141732 -57.5101 -11.57 -16.65
133530 -57.5101 -11.57 -16.65
134211 -57.5101 -11.57 -16.65
141690 -57.5101 -11.57 -16.65
138839 -57.5101 -11.57 -16.65
134076 -57.5101 -11.57 -16.65
139007 -57.5101 -11.57 -16.65
141911 -57.5101 -11.57 -16.65
141449 -57.5101 -11.57 -16.65
141844 -57.5101 -11.57 -16.65
141272 -57.5101 -11.57 -16.65
141368 -57.5101 -11.57 -16.65
135701 -57.5101 -11.57 -16.65
140737 -57.5101 -11.57 -16.65
138110 -57.5101 -11.57 -16.65
144924 -57.5101 -11.57 -16.65
234644 -62.3546 27.72 -23.7
238044 -62.3546 27.72 -23.7
231638 -62.3546 27.72 -23.7
240176 -62.3546 27.72 -23.7
230988 -62.3546 27.72 -23.7
235116 -62.3546 27.72 -23.7
231647 -62.3546 27.72 -23.7
238156 -62.3546 27.72 -23.7
235265 -62.3546 27.72 -23.7
240410 -62.3546 27.72 -23.7
228051 -62.3546 27.72 -23.7
233578 -62.3546 27.72 -23.7
235014 -62.3546 27.72 -23.7
241837 -62.3546 27.72 -23.7
235381 -62.3546 27.72 -23.7
222361 -62.3546 27.72 -23.7
225298 -62.3546 27.72 -23.7
223279 -62.3546 27.72 -23.7
230482 -62.3546 27.72 -23.7
234733 -62.3546 27.72 -23.7
234015 -62.3546 27.72 -23.7
229777 -62.3546 27.72 -23.7
230668 -62.3546 27.72 -23.7
232105 -62.3546 27.72 -23.7
231822 -62.3546 27.72 -23.7
243311 -62.3546 27.72 -23.7
230538 -62.3546 27.72 -23.7
233890 -62.3546 27.72 -23.7
235565 -62.3546 27.72 -23.7
224333 -62.3546 27.72 -23.7
236449 -62.3546 27.72 -23.7
234879 -62.3546 27.72 -23.7
229263 -62.3546 27.72 -23.7
243567 -62.3546 27.72 -23.7
238620 -62.3546 27.72 -23.7
240508 -62.3546 27.72 -23.7
225517 -62.3546 27.72 -23.7
236312 -62.3546 27.72 -23.7
237435 -62.3546 27.72 -23.7
131788 -58.2047 2.16 -21.95
139481 -58.2047 2.16 -21.95
130937 -58.2047 2.16 -21.95
126751 -58.2047 2.16 -21.95
131970 -58.2047 2.16 -21.95
135763 -58.2047 2.16 -21.95
133752 -58.2047 2.16 -21.95
136011 -58.2047 2.16 -21.95
129917 -58.2047 2.16 -21.95
133549 -58.2047 2.16 -21.95
136211 -58.2047 2.16 -21.95
130494 -58.2047 2.16 -21.95
132290 -58.2047 2.16 -21.95
137424 -58.2047 2.16 -21.95
138255 -58.2047 2.16 -21.95
131847 -58.2047 2.16 -21.95
130074 -58.2047 2.16 -21.95
134569 -58.2047 2.16 -21.95
140466 -58.2047 2.16 -21.95
138370 -58.2047 2.16 -21.95
132446 -58.2047 2.16 -21.95
138294 -58.2047 2.16 -21.95
139957 -58.2047 2.16 -21.95
126317 -58.2047 2.16 -21.95
135816 -58.2047 2.16 -21.95
138063 -58.2047 2.16 -21.95
141931 -58.2047 2.16 -21.95
131337 -58.2047 2.16 -21.95
139174 -58.2047 2.16 -21.95
132895 -58.2047 2.16 -21.95
130735 -58.2047 2.16 -21.95
136053 -58.2047 2.16 -21.95
134078 -58.2047 2.16 -21.95
136911 -58.2047 2.16 -21.95
133370 -58.2047 2.16 -21.95
133324 -58.2047 2.16 -21.95
128516 -58.2047 2.16 -21.95
132742 -58.2047 2.16 -21.95
136173 -58.2047 2.16 -21.95
61050 -51.3933 9.58 1.25
61563 -51.3933 9.58 1.25
59518 -51.3933 9.58 1.25
56032 -51.3933 9.58 1.25
57098 -51.3933 9.58 1.25
59423 -51.3933 9.58 1.25
61308 -51.3933 9.58 1.25
56048 -51.3933 9.58 1.25
52752 -51.3933 9.58 1.25
58241 -51.3933 9.58 1.25
63161 -51.3933 9.58 1.25
61704 -51.3933 9.58 1.25
58585 -51.3933 9.58 1.25
62922 -51.3933 9.58 1.25
63391 -51.3933 9.58 1.25
62936 -51.3933 9.58 1.25
62311 -51.3933 9.58 1.25
66792 -51.3933 9.58 1.25
58808 -51.3933 9.58 1.25
54653 -51.3933 9.58 1.25
56507 -51.3933 9.58 1.25
54608 -51.3933 9.58 1.25
58775 -51.3933 9.58 1.25
60080 -51.3933 9.58 1.25
57380 -51.3933 9.58 1.25
54778 -51.3933 9.58 1.25
58290 -51.3933 9.58 1.25
54874 -51.3933 9.58 1.25
53013 -51.3933 9.58 1.25
57379 -51.3933 9.58 1.25
57719 -51.3933 9.58 1.25
58977 -51.3933 9.58 1.25
64580 -51.3933 9.58 1.25
56113 -51.3933 9.58 1.25
60270 -51.3933 9.58 1.25
56156 -51.3933 9.58 1.25
57953 -51.3933 9.58 1.25
63279 -51.3933 9.58 1.25
57048 -51.3933 9.58 1.25
236319 -62.6573 29.97 -23.09
237439 -62.6573 29.97 -23.09
242531 -62.6573 29.97 -23.09
239999 -62.6573 29.97 -23.09
238380 -62.6573 29.97 -23.09
252318 -62.6573 29.97 -23.09
244198 -62.6573 29.97 -23.09
237470 -62.6573 29.97 -23.09
248816 -62.6573 29.97 -23.09
246009 -62.6573 29.97 -23.09
241863 -62.6573 29.97 -23.09
237942 -62.6573 29.97 -23.09
237430 -62.6573 29.97 -23.09
246256 -62.6573 29.97 -23.09
241987 -62.6573 29.97 -23.09
238887 -62.6573 29.97 -23.09
237816 -62.6573 29.97 -23.09
249516 -62.6573 29.97 -23.09
233431 -62.6573 29.97 -23.09
242980 -62.6573 29.97 -23.09
245889 -62.6573 29.97 -23.09
245416 -62.6573 29.97 -23.09
242098 -62.6573 29.97 -23.09
239168 -62.6573 29.97 -23.09
241544 -62.6573 29.97 -23.09
238003 -62.6573 29.97 -23.09
234928 -62.6573 29.97 -23.09
244866 -62.6573 29.97 -23.09
234704 -62.6573 29.97 -23.09
233918 -62.6573 29.97 -23.09
241524 -62.6573 29.97 -23.09
236925 -62.6573 29.97 -23.09
238148 -62.6573 29.97 -23.09
240483 -62.6573 29.97 -23.09
235810 -62.6573 29.97 -23.09
234465 -62.6573 29.97 -23.09
241005 -62.6573 29.97 -23.09
240282 -62.6573 29.97 -23.09
239665 -62.6573 29.97 -23.09
96554 -55.3059 15.06 -3.76
98865 -55.3059 15.06 -3.76
102508 -55.3059 15.06 -3.76
103736 -55.3059 15.06 -3.76
94556 -55.3059 15.06 -3.76
98097 -55.3059 15.06 -3.76
94675 -55.3059 15.06 -3.76
100194 -55.3059 15.06 -3.76
100957 -55.3059 15.06 -3.76
99848 -55.3059 15.06 -3.76
93786 -55.3059 15.06 -3.76
105287 -55.3059 15.06 -3.76
101155 -55.3059 15.06 -3.76
96583 -55.3059 15.06 -3.76
104765 -55.3059 15.06 -3.76
92828 -55.3059 15.06 -3.76
100767 -55.3059 15.06 -3.76
104679 -55.3059 15.06 -3.76
105243 -55.3059 15.06 -3.76
98133 -55.3059 15.06 -3.76
103408 -55.3059 15.06 -3.76
96839 -55.3059 15.06 -3.76
102374 -55.3059 15.06 -3.76
98741 -55.3059 15.06 -3.76
99387 -55.3059 15.06 -3.76
98682 -55.3059 15.06 -3.76
96277 -55.3059 15.06 -3.76
104970 -55.3059 15.06 -3.76
92118 -55.3059 15.06 -3.76
98446 -55.3059 15.06 -3.76
106857 -55.3059 15.06 -3.76
103076 -55.3059 15.06 -3.76
95135 -55.3059 15.06 -3.76
98263 -55.3059 15.06 -3.76
97273 -55.3059 15.06 -3.76
100669 -55.3059 15.06 -3.76
103509 -55.3059 15.06 -3.76
103188 -55.3059 15.06 -3.76
96648 -55.3059 15.06 -3.76
59223 -51.284 2.31 9.25
60719 -51.284 2.31 9.25
61075 -51.284 2.31 9.25
60636 -51.284 2.31 9.25
57397 -51.284 2.31 9.25
60696 -51.284 2.31 9.25
69749 -51.284 2.31 9.25
62033 -51.284 2.31 9.25
66510 -51.284 2.31 9.25
63055 -51.284 2.31 9.25
62552 -51.284 2.31 9.25
64113 -51.284 2.31 9.25
66413 -51.284 2.31 9.25
61364 -51.284 2.31 9.25
61387 -51.284 2.31 9.25
56475 -51.284 2.31 9.25
60633 -51.284 2.31 9.25
58379 -51.284 2.31 9.25
59287 -51.284 2.31 9.25
66136 -51.284 2.31 9.25
56311 -51.284 2.31 9.25
57354 -51.284 2.31 9.25
62128 -51.284 2.31 9.25
62202 -51.284 2.31 9.25
66516 -51.284 2.31 9.25
64532 -51.284 2.31 9.25
57852 -51.284 2.31 9.25
57711 -51.284 2.31 9.25
62410 -51.284 2.31 9.25
57643 -51.284 2.31 9.25
66922 -51.284 2.31 9.25
59906 -51.284 2.31 9.25
64270 -51.284 2.31 9.25
59142 -51.284 2.31 9.25
62143 -51.284 2.31 9.25
59789 -51.284 2.31 9.25
56495 -51.284 2.31 9.25
61940 -51.284 2.31 9.25
63414 -51.284 2.31 9.25
158096 -58.9673 14.73 -19.19
164302 -58.9673 14.73 -19.19
155573 -58.9673 14.73 -19.19
152648 -58.9673 14.73 -19.19
146048 -58.9673 14.73 -19.19
152478 -58.9673 14.73 -19.19
152563 -58.9673 14.73 -19.19
155423 -58.9673 14.73 -19.19
152711 -58.9673 14.73 -19.19
150907 -58.9673 14.73 -19.19
153910 -58.9673 14.73 -19.19
152648 -58.9673 14.73 -19.19
150699 -58.9673 14.73 -19.19
154768 -58.9673 14.73 -19.19
151344 -58.9673 14.73 -19.19
153855 -58.9673 14.73 -19.19
147535 -58.9673 14.73 -19.19
155156 -58.9673 14.73 -19.19
155935 -58.9673 14.73 -19.19
157545 -58.9673 14.73 -19.19
148275 -58.9673 14.73 -19.19
154525 -58.9673 14.73 -19.19
154591 -58.9673 14.73 -19.19
156773 -58.9673 14.73 -19.19
151273 -58.9673 14.73 -19.19
154087 -58.9673 14.73 -19.19
150901 -58.9673 14.73 -19.19
153509 -58.9673 14.73 -19.19
155584 -58.9673 14.73 -19.19
148394 -58.9673 14.73 -19.19
157592 -58.9673 14.73 -19.19
156054 -58.9673 14.73 -19.19
156980 -58.9673 14.73 -19.19
147922 -58.9673 14.73 -19.19
155645 -58.9673 14.73 -19.19
160315 -58.9673 14.73 -19.19
154127 -58.9673 14.73 -19.19
148346 -58.9673 14.73 -19.19
156236 -58.9673 14.73 -19.19
