#rtt sig_str x y
146260 -58.0291 13.17 17.11
151284 -58.0291 13.17 17.11
156757 -58.0291 13.17 17.11
157086 -58.0291 13.17 17.11
147271 -58.0291 13.17 17.11
151496 -58.0291 13.17 17.11
154391 -58.0291 13.17 17.11
149951 -58.0291 13.17 17.11
152864 -58.0291 13.17 17.11
159088 -58.0291 13.17 17.11
148032 -58.0291 13.17 17.11
158218 -58.0291 13.17 17.11
154922 -58.0291 13.17 17.11
148214 -58.0291 13.17 17.11
159256 -58.0291 13.17 17.11
152471 -58.0291 13.17 17.11
149604 -58.0291 13.17 17.11
149099 -58.0291 13.17 17.11
158141 -58.0291 13.17 17.11
149726 -58.0291 13.17 17.11
150627 -58.0291 13.17 17.11
144696 -58.0291 13.17 17.11
152234 -58.0291 13.17 17.11
157140 -58.0291 13.17 17.11
153461 -58.0291 13.17 17.11
154743 -58.0291 13.17 17.11
152837 -58.0291 13.17 17.11
158402 -58.0291 13.17 17.11
159731 -58.0291 13.17 17.11
152931 -58.0291 13.17 17.11
149533 -58.0291 13.17 17.11
159237 -58.0291 13.17 17.11
150502 -58.0291 13.17 17.11
153019 -58.0291 13.17 17.11
152651 -58.0291 13.17 17.11
151689 -58.0291 13.17 17.11
156436 -58.0291 13.17 17.11
157850 -58.0291 13.17 17.11
154371 -58.0291 13.17 17.11
60892 -50.066 6.43 5.13
70004 -50.066 6.43 5.13
62321 -50.066 6.43 5.13
64396 -50.066 6.43 5.13
69859 -50.066 6.43 5.13
58376 -50.066 6.43 5.13
65129 -50.066 6.43 5.13
66218 -50.066 6.43 5.13
65282 -50.066 6.43 5.13
63357 -50.066 6.43 5.13
62522 -50.066 6.43 5.13
67955 -50.066 6.43 5.13
65536 -50.066 6.43 5.13
61541 -50.066 6.43 5.13
66580 -50.066 6.43 5.13
54736 -50.066 6.43 5.13
67781 -50.066 6.43 5.13
65898 -50.066 6.43 5.13
66316 -50.066 6.43 5.13
62759 -50.066 6.43 5.13
70854 -50.066 6.43 5.13
59447 -50.066 6.43 5.13
61661 -50.066 6.43 5.13
60563 -50.066 6.43 5.13
65703 -50.066 6.43 5.13
69882 -50.066 6.43 5.13
63576 -50.066 6.43 5.13
68594 -50.066 6.43 5.13
60005 -50.066 6.43 5.13
59774 -50.066 6.43 5.13
67883 -50.066 6.43 5.13
62457 -50.066 6.43 5.13
57504 -50.066 6.43 5.13
60589 -50.066 6.43 5.13
63626 -50.066 6.43 5.13
60260 -50.066 6.43 5.13
62957 -50.066 6.43 5.13
62058 -50.066 6.43 5.13
61235 -50.066 6.43 5.13
72161 -52.9597 11.39 2.59
78755 -52.9597 11.39 2.59
77107 -52.9597 11.39 2.59
72365 -52.9597 11.39 2.59
80713 -52.9597 11.39 2.59
78196 -52.9597 11.39 2.59
71400 -52.9597 11.39 2.59
78421 -52.9597 11.39 2.59
85249 -52.9597 11.39 2.59
74979 -52.9597 11.39 2.59
78331 -52.9597 11.39 2.59
74876 -52.9597 11.39 2.59
80043 -52.9597 11.39 2.59
79140 -52.9597 11.39 2.59
88237 -52.9597 11.39 2.59
78098 -52.9597 11.39 2.59
82530 -52.9597 11.39 2.59
79048 -52.9597 11.39 2.59
75111 -52.9597 11.39 2.59
80184 -52.9597 11.39 2.59
79438 -52.9597 11.39 2.59
76268 -52.9597 11.39 2.59
76206 -52.9597 11.39 2.59
75918 -52.9597 11.39 2.59
82212 -52.9597 11.39 2.59
75467 -52.9597 11.39 2.59
78205 -52.9597 11.39 2.59
80475 -52.9597 11.39 2.59
77746 -52.9597 11.39 2.59
72287 -52.9597 11.39 2.59
78352 -52.9597 11.39 2.59
74479 -52.9597 11.39 2.59
69765 -52.9597 11.39 2.59
80499 -52.9597 11.39 2.59
78191 -52.9597 11.39 2.59
81751 -52.9597 11.39 2.59
84566 -52.9597 11.39 2.59
80479 -52.9597 11.39 2.59
79782 -52.9597 11.39 2.59
54760 -49.9607 -4.59 -6.7
56358 -49.9607 -4.59 -6.7
56125 -49.9607 -4.59 -6.7
53514 -49.9607 -4.59 -6.7
50973 -49.9607 -4.59 -6.7
55073 -49.9607 -4.59 -6.7
55674 -49.9607 -4.59 -6.7
53068 -49.9607 -4.59 -6.7
56370 -49.9607 -4.59 -6.7
49956 -49.9607 -4.59 -6.7
60254 -49.9607 -4.59 -6.7
47927 -49.9607 -4.59 -6.7
53002 -49.9607 -4.59 -6.7
50675 -49.9607 -4.59 -6.7
51371 -49.9607 -4.59 -6.7
56560 -49.9607 -4.59 -6.7
54906 -49.9607 -4.59 -6.7
52649 -49.9607 -4.59 -6.7
49325 -49.9607 -4.59 -6.7
50772 -49.9607 -4.59 -6.7
47432 -49.9607 -4.59 -6.7
49745 -49.9607 -4.59 -6.7
53982 -49.9607 -4.59 -6.7
54924 -49.9607 -4.59 -6.7
57980 -49.9607 -4.59 -6.7
53458 -49.9607 -4.59 -6.7
53462 -49.9607 -4.59 -6.7
58316 -49.9607 -4.59 -6.7
45621 -49.9607 -4.59 -6.7
50337 -49.9607 -4.59 -6.7
54564 -49.9607 -4.59 -6.7
54697 -49.9607 -4.59 -6.7
60193 -49.9607 -4.59 -6.7
49807 -49.9607 -4.59 -6.7
55144 -49.9607 -4.59 -6.7
54224 -49.9607 -4.59 -6.7
41820 -49.9607 -4.59 -6.7
50412 -49.9607 -4.59 -6.7
49365 -49.9607 -4.59 -6.7
107840 -56.0025 -2.95 -16.63
104163 -56.0025 -2.95 -16.63
103817 -56.0025 -2.95 -16.63
99136 -56.0025 -2.95 -16.63
108588 -56.0025 -2.95 -16.63
109746 -56.0025 -2.95 -16.63
107016 -56.0025 -2.95 -16.63
100509 -56.0025 -2.95 -16.63
99660 -56.0025 -2.95 -16.63
102758 -56.0025 -2.95 -16.63
107885 -56.0025 -2.95 -16.63
98130 -56.0025 -2.95 -16.63
102226 -56.0025 -2.95 -16.63
106717 -56.0025 -2.95 -16.63
105250 -56.0025 -2.95 -16.63
105079 -56.0025 -2.95 -16.63
103911 -56.0025 -2.95 -16.63
105645 -56.0025 -2.95 -16.63
106500 -56.0025 -2.95 -16.63
110690 -56.0025 -2.95 -16.63
102819 -56.0025 -2.95 -16.63
101191 -56.0025 -2.95 -16.63
108456 -56.0025 -2.95 -16.63
99337 -56.0025 -2.95 -16.63
105517 -56.0025 -2.95 -16.63
99899 -56.0025 -2.95 -16.63
104499 -56.0025 -2.95 -16.63
100143 -56.0025 -2.95 -16.63
103499 -56.0025 -2.95 -16.63
106780 -56.0025 -2.95 -16.63
103906 -56.0025 -2.95 -16.63
101784 -56.0025 -2.95 -16.63
103739 -56.0025 -2.95 -16.63
109743 -56.0025 -2.95 -16.63
101014 -56.0025 -2.95 -16.63
103359 -56.0025 -2.95 -16.63
101592 -56.0025 -2.95 -16.63
107334 -56.0025 -2.95 -16.63
106896 -56.0025 -2.95 -16.63
158869 -58.8828 -6.45 -23.06
165913 -58.8828 -6.45 -23.06
154295 -58.8828 -6.45 -23.06
164602 -58.8828 -6.45 -23.06
163867 -58.8828 -6.45 -23.06
167148 -58.8828 -6.45 -23.06
166422 -58.8828 -6.45 -23.06
161521 -58.8828 -6.45 -23.06
172331 -58.8828 -6.45 -23.06
160220 -58.8828 -6.45 -23.06
158252 -58.8828 -6.45 -23.06
169009 -58.8828 -6.45 -23.06
166012 -58.8828 -6.45 -23.06
163740 -58.8828 -6.45 -23.06
168274 -58.8828 -6.45 -23.06
165485 -58.8828 -6.45 -23.06
163006 -58.8828 -6.45 -23.06
165368 -58.8828 -6.45 -23.06
163053 -58.8828 -6.45 -23.06
167124 -58.8828 -6.45 -23.06
161104 -58.8828 -6.45 -23.06
173738 -58.8828 -6.45 -23.06
160590 -58.8828 -6.45 -23.06
159109 -58.8828 -6.45 -23.06
168216 -58.8828 -6.45 -23.06
166445 -58.8828 -6.45 -23.06
153966 -58.8828 -6.45 -23.06
159981 -58.8828 -6.45 -23.06
167692 -58.8828 -6.45 -23.06
161834 -58.8828 -6.45 -23.06
160754 -58.8828 -6.45 -23.06
158771 -58.8828 -6.45 -23.06
161185 -58.8828 -6.45 -23.06
163589 -58.8828 -6.45 -23.06
157314 -58.8828 -6.45 -23.06
156586 -58.8828 -6.45 -23.06
170859 -58.8828 -6.45 -23.06
153631 -58.8828 -6.45 -23.06
148687 -58.8828 -6.45 -23.06
57736 -49.7138 0.71 -7.85
56271 -49.7138 0.71 -7.85
45742 -49.7138 0.71 -7.85
52250 -49.7138 0.71 -7.85
50147 -49.7138 0.71 -7.85
53182 -49.7138 0.71 -7.85
55230 -49.7138 0.71 -7.85
57778 -49.7138 0.71 -7.85
52139 -49.7138 0.71 -7.85
52320 -49.7138 0.71 -7.85
43512 -49.7138 0.71 -7.85
52765 -49.7138 0.71 -7.85
51846 -49.7138 0.71 -7.85
52135 -49.7138 0.71 -7.85
53096 -49.7138 0.71 -7.85
48884 -49.7138 0.71 -7.85
55653 -49.7138 0.71 -7.85
55186 -49.7138 0.71 -7.85
46564 -49.7138 0.71 -7.85
52273 -49.7138 0.71 -7.85
47950 -49.7138 0.71 -7.85
51151 -49.7138 0.71 -7.85
54593 -49.7138 0.71 -7.85
53967 -49.7138 0.71 -7.85
56906 -49.7138 0.71 -7.85
52849 -49.7138 0.71 -7.85
50045 -49.7138 0.71 -7.85
55616 -49.7138 0.71 -7.85
52869 -49.7138 0.71 -7.85
51286 -49.7138 0.71 -7.85
51452 -49.7138 0.71 -7.85
50529 -49.7138 0.71 -7.85
53605 -49.7138 0.71 -7.85
56611 -49.7138 0.71 -7.85
54852 -49.7138 0.71 -7.85
57346 -49.7138 0.71 -7.85
49641 -49.7138 0.71 -7.85
53644 -49.7138 0.71 -7.85
47207 -49.7138 0.71 -7.85
183451 -60.2087 -23.24 15.83
177034 -60.2087 -23.24 15.83
182777 -60.2087 -23.24 15.83
178563 -60.2087 -23.24 15.83
186285 -60.2087 -23.24 15.83
179889 -60.2087 -23.24 15.83
189160 -60.2087 -23.24 15.83
186934 -60.2087 -23.24 15.83
184761 -60.2087 -23.24 15.83
183272 -60.2087 -23.24 15.83
183988 -60.2087 -23.24 15.83
183501 -60.2087 -23.24 15.83
185784 -60.2087 -23.24 15.83
182707 -60.2087 -23.24 15.83
185335 -60.2087 -23.24 15.83
186416 -60.2087 -23.24 15.83
180283 -60.2087 -23.24 15.83
187499 -60.2087 -23.24 15.83
180073 -60.2087 -23.24 15.83
180627 -60.2087 -23.24 15.83
183809 -60.2087 -23.24 15.83
181021 -60.2087 -23.24 15.83
181511 -60.2087 -23.24 15.83
184442 -60.2087 -23.24 15.83
179780 -60.2087 -23.24 15.83
186167 -60.2087 -23.24 15.83
187877 -60.2087 -23.24 15.83
175147 -60.2087 -23.24 15.83
180008 -60.2087 -23.24 15.83
182088 -60.2087 -23.24 15.83
185517 -60.2087 -23.24 15.83
184120 -60.2087 -23.24 15.83
184078 -60.2087 -23.24 15.83
185205 -60.2087 -23.24 15.83
190526 -60.2087 -23.24 15.83
186745 -60.2087 -23.24 15.83
182606 -60.2087 -23.24 15.83
183699 -60.2087 -23.24 15.83
176736 -60.2087 -23.24 15.83
190685 -60.3327 28.46 -2.2
191532 -60.3327 28.46 -2.2
195056 -60.3327 28.46 -2.2
186311 -60.3327 28.46 -2.2
191388 -60.3327 28.46 -2.2
191511 -60.3327 28.46 -2.2
184935 -60.3327 28.46 -2.2
193984 -60.3327 28.46 -2.2
190073 -60.3327 28.46 -2.2
188833 -60.3327 28.46 -2.2
187018 -60.3327 28.46 -2.2
193280 -60.3327 28.46 -2.2
192966 -60.3327 28.46 -2.2
191156 -60.3327 28.46 -2.2
185219 -60.3327 28.46 -2.2
185537 -60.3327 28.46 -2.2
189642 -60.3327 28.46 -2.2
187773 -60.3327 28.46 -2.2
192257 -60.3327 28.46 -2.2
188319 -60.3327 28.46 -2.2
193414 -60.3327 28.46 -2.2
185488 -60.3327 28.46 -2.2
195986 -60.3327 28.46 -2.2
187128 -60.3327 28.46 -2.2
201248 -60.3327 28.46 -2.2
191239 -60.3327 28.46 -2.2
186716 -60.3327 28.46 -2.2
191907 -60.3327 28.46 -2.2
185834 -60.3327 28.46 -2.2
185948 -60.3327 28.46 -2.2
188018 -60.3327 28.46 -2.2
183523 -60.3327 28.46 -2.2
188907 -60.3327 28.46 -2.2
190179 -60.3327 28.46 -2.2
188904 -60.3327 28.46 -2.2
188568 -60.3327 28.46 -2.2
190185 -60.3327 28.46 -2.2
199720 -60.3327 28.46 -2.2
195574 -60.3327 28.46 -2.2
124834 -57.0615 -0.31 19.2
125060 -57.0615 -0.31 19.2
133509 -57.0615 -0.31 19.2
127607 -57.0615 -0.31 19.2
124005 -57.0615 -0.31 19.2
124356 -57.0615 -0.31 19.2
133850 -57.0615 -0.31 19.2
130464 -57.0615 -0.31 19.2
131501 -57.0615 -0.31 19.2
130770 -57.0615 -0.31 19.2
126951 -57.0615 -0.31 19.2
133944 -57.0615 -0.31 19.2
123883 -57.0615 -0.31 19.2
129198 -57.0615 -0.31 19.2
122283 -57.0615 -0.31 19.2
125505 -57.0615 -0.31 19.2
124459 -57.0615 -0.31 19.2
128557 -57.0615 -0.31 19.2
126878 -57.0615 -0.31 19.2
128399 -57.0615 -0.31 19.2
124959 -57.0615 -0.31 19.2
123433 -57.0615 -0.31 19.2
129515 -57.0615 -0.31 19.2
122591 -57.0615 -0.31 19.2
130124 -57.0615 -0.31 19.2
129182 -57.0615 -0.31 19.2
132242 -57.0615 -0.31 19.2
128885 -57.0615 -0.31 19.2
131646 -57.0615 -0.31 19.2
127125 -57.0615 -0.31 19.2
130842 -57.0615 -0.31 19.2
129410 -57.0615 -0.31 19.2
121193 -57.0615 -0.31 19.2
129417 -57.0615 -0.31 19.2
129490 -57.0615 -0.31 19.2
131296 -57.0615 -0.31 19.2
127158 -57.0615 -0.31 19.2
128167 -57.0615 -0.31 19.2
129259 -57.0615 -0.31 19.2
