#rtt sig_str x y
141366 -58.106 -16.27 -14.5
133068 -58.106 -16.27 -14.5
148312 -58.106 -16.27 -14.5
144678 -58.106 -16.27 -14.5
136699 -58.106 -16.27 -14.5
147133 -58.106 -16.27 -14.5
136183 -58.106 -16.27 -14.5
144578 -58.106 -16.27 -14.5
143336 -58.106 -16.27 -14.5
140587 -58.106 -16.27 -14.5
139210 -58.106 -16.27 -14.5
150268 -58.106 -16.27 -14.5
143553 -58.106 -16.27 -14.5
143104 -58.106 -16.27 -14.5
153785 -58.106 -16.27 -14.5
139844 -58.106 -16.27 -14.5
145949 -58.106 -16.27 -14.5
142371 -58.106 -16.27 -14.5
137269 -58.106 -16.27 -14.5
145391 -58.106 -16.27 -14.5
137333 -58.106 -16.27 -14.5
141045 -58.106 -16.27 -14.5
139503 -58.106 -16.27 -14.5
144650 -58.106 -16.27 -14.5
143078 -58.106 -16.27 -14.5
142210 -58.106 -16.27 -14.5
137007 -58.106 -16.27 -14.5
144101 -58.106 -16.27 -14.5
150578 -58.106 -16.27 -14.5
148118 -58.106 -16.27 -14.5
142217 -58.106 -16.27 -14.5
145654 -58.106 -16.27 -14.5
142287 -58.106 -16.27 -14.5
144994 -58.106 -16.27 -14.5
142569 -58.106 -16.27 -14.5
145744 -58.106 -16.27 -14.5
151290 -58.106 -16.27 -14.5
137227 -58.106 -16.27 -14.5
145989 -58.106 -16.27 -14.5
126689 -57.3279 -18.56 6.99
132625 -57.3279 -18.56 6.99
125091 -57.3279 -18.56 6.99
131935 -57.3279 -18.56 6.99
128712 -57.3279 -18.56 6.99
127141 -57.3279 -18.56 6.99
131175 -57.3279 -18.56 6.99
126936 -57.3279 -18.56 6.99
131293 -57.3279 -18.56 6.99
129415 -57.3279 -18.56 6.99
118173 -57.3279 -18.56 6.99
126654 -57.3279 -18.56 6.99
131813 -57.3279 -18.56 6.99
123985 -57.3279 -18.56 6.99
125057 -57.3279 -18.56 6.99
130325 -57.3279 -18.56 6.99
130624 -57.3279 -18.56 6.99
129066 -57.3279 -18.56 6.99
129163 -57.3279 -18.56 6.99
125406 -57.3279 -18.56 6.99
128124 -57.3279 -18.56 6.99
132597 -57.3279 -18.56 6.99
124447 -57.3279 -18.56 6.99
135658 -57.3279 -18.56 6.99
133621 -57.3279 -18.56 6.99
135128 -57.3279 -18.56 6.99
123705 -57.3279 -18.56 6.99
124034 -57.3279 -18.56 6.99
133385 -57.3279 -18.56 6.99
129316 -57.3279 -18.56 6.99
122797 -57.3279 -18.56 6.99
130772 -57.3279 -18.56 6.99
125272 -57.3279 -18.56 6.99
129803 -57.3279 -18.56 6.99
124212 -57.3279 -18.56 6.99
125378 -57.3279 -18.56 6.99
126360 -57.3279 -18.56 6.99
125819 -57.3279 -18.56 6.99
130833 -57.3279 -18.56 6.99
188599 -60.2582 23.19 -16.2
185465 -60.2582 23.19 -16.2
186744 -60.2582 23.19 -16.2
185001 -60.2582 23.19 -16.2
190414 -60.2582 23.19 -16.2
187771 -60.2582 23.19 -16.2
185504 -60.2582 23.19 -16.2
188075 -60.2582 23.19 -16.2
185510 -60.2582 23.19 -16.2
187585 -60.2582 23.19 -16.2
186822 -60.2582 23.19 -16.2
191525 -60.2582 23.19 -16.2
192243 -60.2582 23.19 -16.2
190119 -60.2582 23.19 -16.2
190748 -60.2582 23.19 -16.2
193918 -60.2582 23.19 -16.2
182884 -60.2582 23.19 -16.2
187400 -60.2582 23.19 -16.2
196353 -60.2582 23.19 -16.2
187944 -60.2582 23.19 -16.2
186492 -60.2582 23.19 -16.2
191726 -60.2582 23.19 -16.2
190217 -60.2582 23.19 -16.2
181383 -60.2582 23.19 -16.2
193021 -60.2582 23.19 -16.2
188105 -60.2582 23.19 -16.2
192375 -60.2582 23.19 -16.2
185986 -60.2582 23.19 -16.2
191638 -60.2582 23.19 -16.2
191298 -60.2582 23.19 -16.2
188700 -60.2582 23.19 -16.2
188932 -60.2582 23.19 -16.2
189188 -60.2582 23.19 -16.2
186914 -60.2582 23.19 -16.2
193264 -60.2582 23.19 -16.2
185426 -60.2582 23.19 -16.2
189919 -60.2582 23.19 -16.2
187261 -60.2582 23.19 -16.2
184578 -60.2582 23.19 -16.2
122895 -56.3147 13.14 -11.62
117060 -56.3147 13.14 -11.62
117545 -56.3147 13.14 -11.62
115307 -56.3147 13.14 -11.62
113601 -56.3147 13.14 -11.62
117352 -56.3147 13.14 -11.62
119092 -56.3147 13.14 -11.62
119668 -56.3147 13.14 -11.62
119889 -56.3147 13.14 -11.62
110620 -56.3147 13.14 -11.62
119348 -56.3147 13.14 -11.62
111923 -56.3147 13.14 -11.62
118119 -56.3147 13.14 -11.62
113114 -56.3147 13.14 -11.62
108029 -56.3147 13.14 -11.62
122109 -56.3147 13.14 -11.62
116606 -56.3147 13.14 -11.62
113184 -56.3147 13.14 -11.62
113202 -56.3147 13.14 -11.62
118249 -56.3147 13.14 -11.62
122092 -56.3147 13.14 -11.62
116016 -56.3147 13.14 -11.62
118217 -56.3147 13.14 -11.62
117219 -56.3147 13.14 -11.62
119204 -56.3147 13.14 -11.62
119341 -56.3147 13.14 -11.62
116806 -56.3147 13.14 -11.62
123950 -56.3147 13.14 -11.62
115763 -56.3147 13.14 -11.62
117020 -56.3147 13.14 -11.62
119163 -56.3147 13.14 -11.62
110093 -56.3147 13.14 -11.62
124543 -56.3147 13.14 -11.62
116411 -56.3147 13.14 -11.62
118187 -56.3147 13.14 -11.62
115696 -56.3147 13.14 -11.62
115048 -56.3147 13.14 -11.62
121564 -56.3147 13.14 -11.62
118461 -56.3147 13.14 -11.62
122683 -56.1976 1.98 17.18
126560 -56.1976 1.98 17.18
118674 -56.1976 1.98 17.18
123180 -56.1976 1.98 17.18
123696 -56.1976 1.98 17.18
127738 -56.1976 1.98 17.18
120709 -56.1976 1.98 17.18
116566 -56.1976 1.98 17.18
124385 -56.1976 1.98 17.18
117223 -56.1976 1.98 17.18
123243 -56.1976 1.98 17.18
124227 -56.1976 1.98 17.18
117829 -56.1976 1.98 17.18
125109 -56.1976 1.98 17.18
126408 -56.1976 1.98 17.18
122592 -56.1976 1.98 17.18
120419 -56.1976 1.98 17.18
124018 -56.1976 1.98 17.18
125504 -56.1976 1.98 17.18
126549 -56.1976 1.98 17.18
122209 -56.1976 1.98 17.18
125634 -56.1976 1.98 17.18
129045 -56.1976 1.98 17.18
118202 -56.1976 1.98 17.18
117005 -56.1976 1.98 17.18
123981 -56.1976 1.98 17.18
126895 -56.1976 1.98 17.18
125324 -56.1976 1.98 17.18
124896 -56.1976 1.98 17.18
116350 -56.1976 1.98 17.18
118597 -56.1976 1.98 17.18
114092 -56.1976 1.98 17.18
123018 -56.1976 1.98 17.18
127481 -56.1976 1.98 17.18
123500 -56.1976 1.98 17.18
122187 -56.1976 1.98 17.18
123067 -56.1976 1.98 17.18
122337 -56.1976 1.98 17.18
120309 -56.1976 1.98 17.18
158056 -58.8357 22.17 8.68
151703 -58.8357 22.17 8.68
156118 -58.8357 22.17 8.68
157803 -58.8357 22.17 8.68
159986 -58.8357 22.17 8.68
159130 -58.8357 22.17 8.68
154428 -58.8357 22.17 8.68
157046 -58.8357 22.17 8.68
154720 -58.8357 22.17 8.68
153886 -58.8357 22.17 8.68
159052 -58.8357 22.17 8.68
158640 -58.8357 22.17 8.68
157564 -58.8357 22.17 8.68
164146 -58.8357 22.17 8.68
161274 -58.8357 22.17 8.68
162135 -58.8357 22.17 8.68
149564 -58.8357 22.17 8.68
163947 -58.8357 22.17 8.68
153917 -58.8357 22.17 8.68
156229 -58.8357 22.17 8.68
148700 -58.8357 22.17 8.68
151918 -58.8357 22.17 8.68
163576 -58.8357 22.17 8.68
163378 -58.8357 22.17 8.68
163673 -58.8357 22.17 8.68
158533 -58.8357 22.17 8.68
152764 -58.8357 22.17 8.68
151536 -58.8357 22.17 8.68
154754 -58.8357 22.17 8.68
159358 -58.8357 22.17 8.68
157831 -58.8357 22.17 8.68
154827 -58.8357 22.17 8.68
157959 -58.8357 22.17 8.68
161698 -58.8357 22.17 8.68
157908 -58.8357 22.17 8.68
159658 -58.8357 22.17 8.68
157961 -58.8357 22.17 8.68
146089 -58.8357 22.17 8.68
155167 -58.8357 22.17 8.68
92015 -54.2695 13.46 -2.5
93106 -54.2695 13.46 -2.5
91861 -54.2695 13.46 -2.5
91113 -54.2695 13.46 -2.5
96017 -54.2695 13.46 -2.5
96439 -54.2695 13.46 -2.5
96962 -54.2695 13.46 -2.5
94273 -54.2695 13.46 -2.5
94735 -54.2695 13.46 -2.5
82237 -54.2695 13.46 -2.5
93404 -54.2695 13.46 -2.5
96237 -54.2695 13.46 -2.5
93465 -54.2695 13.46 -2.5
93762 -54.2695 13.46 -2.5
94434 -54.2695 13.46 -2.5
88124 -54.2695 13.46 -2.5
95742 -54.2695 13.46 -2.5
95676 -54.2695 13.46 -2.5
90295 -54.2695 13.46 -2.5
90781 -54.2695 13.46 -2.5
91540 -54.2695 13.46 -2.5
95992 -54.2695 13.46 -2.5
93560 -54.2695 13.46 -2.5
92130 -54.2695 13.46 -2.5
89557 -54.2695 13.46 -2.5
98759 -54.2695 13.46 -2.5
91198 -54.2695 13.46 -2.5
92537 -54.2695 13.46 -2.5
102113 -54.2695 13.46 -2.5
100394 -54.2695 13.46 -2.5
95554 -54.2695 13.46 -2.5
91426 -54.2695 13.46 -2.5
92919 -54.2695 13.46 -2.5
97250 -54.2695 13.46 -2.5
97948 -54.2695 13.46 -2.5
90567 -54.2695 13.46 -2.5
86164 -54.2695 13.46 -2.5
95701 -54.2695 13.46 -2.5
89759 -54.2695 13.46 -2.5
67179 -50.8118 -1.07 8.94
71630 -50.8118 -1.07 8.94
69630 -50.8118 -1.07 8.94
66939 -50.8118 -1.07 8.94
63357 -50.8118 -1.07 8.94
62804 -50.8118 -1.07 8.94
66712 -50.8118 -1.07 8.94
66678 -50.8118 -1.07 8.94
68020 -50.8118 -1.07 8.94
65309 -50.8118 -1.07 8.94
67624 -50.8118 -1.07 8.94
71538 -50.8118 -1.07 8.94
58146 -50.8118 -1.07 8.94
60861 -50.8118 -1.07 8.94
66280 -50.8118 -1.07 8.94
65416 -50.8118 -1.07 8.94
70302 -50.8118 -1.07 8.94
63630 -50.8118 -1.07 8.94
70689 -50.8118 -1.07 8.94
62429 -50.8118 -1.07 8.94
58868 -50.8118 -1.07 8.94
62345 -50.8118 -1.07 8.94
58955 -50.8118 -1.07 8.94
67066 -50.8118 -1.07 8.94
68330 -50.8118 -1.07 8.94
63004 -50.8118 -1.07 8.94
67818 -50.8118 -1.07 8.94
67919 -50.8118 -1.07 8.94
67589 -50.8118 -1.07 8.94
66481 -50.8118 -1.07 8.94
62508 -50.8118 -1.07 8.94
69681 -50.8118 -1.07 8.94
64127 -50.8118 -1.07 8.94
63524 -50.8118 -1.07 8.94
59746 -50.8118 -1.07 8.94
64829 -50.8118 -1.07 8.94
66099 -50.8118 -1.07 8.94
68469 -50.8118 -1.07 8.94
64851 -50.8118 -1.07 8.94
112761 -55.3536 15.37 2.74
110925 -55.3536 15.37 2.74
97533 -55.3536 15.37 2.74
100850 -55.3536 15.37 2.74
103798 -55.3536 15.37 2.74
104378 -55.3536 15.37 2.74
102408 -55.3536 15.37 2.74
107131 -55.3536 15.37 2.74
109615 -55.3536 15.37 2.74
104432 -55.3536 15.37 2.74
113699 -55.3536 15.37 2.74
99173 -55.3536 15.37 2.74
103762 -55.3536 15.37 2.74
103288 -55.3536 15.37 2.74
110195 -55.3536 15.37 2.74
113778 -55.3536 15.37 2.74
109762 -55.3536 15.37 2.74
102056 -55.3536 15.37 2.74
108345 -55.3536 15.37 2.74
109414 -55.3536 15.37 2.74
109137 -55.3536 15.37 2.74
107867 -55.3536 15.37 2.74
106880 -55.3536 15.37 2.74
107012 -55.3536 15.37 2.74
107984 -55.3536 15.37 2.74
103280 -55.3536 15.37 2.74
105138 -55.3536 15.37 2.74
104058 -55.3536 15.37 2.74
109563 -55.3536 15.37 2.74
109236 -55.3536 15.37 2.74
111473 -55.3536 15.37 2.74
111006 -55.3536 15.37 2.74
108268 -55.3536 15.37 2.74
104633 -55.3536 15.37 2.74
104071 -55.3536 15.37 2.74
105745 -55.3536 15.37 2.74
103548 -55.3536 15.37 2.74
109798 -55.3536 15.37 2.74
111842 -55.3536 15.37 2.74
186664 -60.3478 28.49 -2.47
191462 -60.3478 28.49 -2.47
194865 -60.3478 28.49 -2.47
195500 -60.3478 28.49 -2.47
196059 -60.3478 28.49 -2.47
190615 -60.3478 28.49 -2.47
188824 -60.3478 28.49 -2.47
196408 -60.3478 28.49 -2.47
191445 -60.3478 28.49 -2.47
182813 -60.3478 28.49 -2.47
195184 -60.3478 28.49 -2.47
194176 -60.3478 28.49 -2.47
187509 -60.3478 28.49 -2.47
186531 -60.3478 28.49 -2.47
192244 -60.3478 28.49 -2.47
188127 -60.3478 28.49 -2.47
187260 -60.3478 28.49 -2.47
193161 -60.3478 28.49 -2.47
194317 -60.3478 28.49 -2.47
191975 -60.3478 28.49 -2.47
190459 -60.3478 28.49 -2.47
179802 -60.3478 28.49 -2.47
186902 -60.3478 28.49 -2.47
193372 -60.3478 28.49 -2.47
194887 -60.3478 28.49 -2.47
190608 -60.3478 28.49 -2.47
191521 -60.3478 28.49 -2.47
193978 -60.3478 28.49 -2.47
195620 -60.3478 28.49 -2.47
192055 -60.3478 28.49 -2.47
184514 -60.3478 28.49 -2.47
186270 -60.3478 28.49 -2.47
190860 -60.3478 28.49 -2.47
188403 -60.3478 28.49 -2.47
190088 -60.3478 28.49 -2.47
196966 -60.3478 28.49 -2.47
190202 -60.3478 28.49 -2.47
196459 -60.3478 28.49 -2.47
190246 -60.3478 28.49 -2.47
