#rtt sig_str x y
114465 -56.1454 -17.12 -1.49
111354 -56.1454 -17.12 -1.49
112492 -56.1454 -17.12 -1.49
113477 -56.1454 -17.12 -1.49
108011 -56.1454 -17.12 -1.49
107854 -56.1454 -17.12 -1.49
107803 -56.1454 -17.12 -1.49
109230 -56.1454 -17.12 -1.49
109839 -56.1454 -17.12 -1.49
110878 -56.1454 -17.12 -1.49
110128 -56.1454 -17.12 -1.49
108253 -56.1454 -17.12 -1.49
107320 -56.1454 -17.12 -1.49
104924 -56.1454 -17.12 -1.49
108262 -56.1454 -17.12 -1.49
115092 -56.1454 -17.12 -1.49
109970 -56.1454 -17.12 -1.49
111947 -56.1454 -17.12 -1.49
114621 -56.1454 -17.12 -1.49
104171 -56.1454 -17.12 -1.49
106181 -56.1454 -17.12 -1.49
109396 -56.1454 -17.12 -1.49
113545 -56.1454 -17.12 -1.49
114733 -56.1454 -17.12 -1.49
106753 -56.1454 -17.12 -1.49
115888 -56.1454 -17.12 -1.49
106126 -56.1454 -17.12 -1.49
106396 -56.1454 -17.12 -1.49
112886 -56.1454 -17.12 -1.49
117162 -56.1454 -17.12 -1.49
107260 -56.1454 -17.12 -1.49
106049 -56.1454 -17.12 -1.49
106804 -56.1454 -17.12 -1.49
112822 -56.1454 -17.12 -1.49
114128 -56.1454 -17.12 -1.49
110154 -56.1454 -17.12 -1.49
108295 -56.1454 -17.12 -1.49
112567 -56.1454 -17.12 -1.49
105622 -56.1454 -17.12 -1.49
228114 -61.7806 24.57 23.53
234352 -61.7806 24.57 23.53
221681 -61.7806 24.57 23.53
226397 -61.7806 24.57 23.53
222408 -61.7806 24.57 23.53
224921 -61.7806 24.57 23.53
219237 -61.7806 24.57 23.53
226857 -61.7806 24.57 23.53
226472 -61.7806 24.57 23.53
228472 -61.7806 24.57 23.53
230420 -61.7806 24.57 23.53
228244 -61.7806 24.57 23.53
225043 -61.7806 24.57 23.53
229192 -61.7806 24.57 23.53
235544 -61.7806 24.57 23.53
226067 -61.7806 24.57 23.53
223742 -61.7806 24.57 23.53
227708 -61.7806 24.57 23.53
224478 -61.7806 24.57 23.53
233042 -61.7806 24.57 23.53
230548 -61.7806 24.57 23.53
223799 -61.7806 24.57 23.53
223281 -61.7806 24.57 23.53
232720 -61.7806 24.57 23.53
230693 -61.7806 24.57 23.53
223496 -61.7806 24.57 23.53
231923 -61.7806 24.57 23.53
231115 -61.7806 24.57 23.53
223155 -61.7806 24.57 23.53
228805 -61.7806 24.57 23.53
226899 -61.7806 24.57 23.53
234093 -61.7806 24.57 23.53
225432 -61.7806 24.57 23.53
232407 -61.7806 24.57 23.53
222494 -61.7806 24.57 23.53
228549 -61.7806 24.57 23.53
227668 -61.7806 24.57 23.53
225864 -61.7806 24.57 23.53
230390 -61.7806 24.57 23.53
216041 -61.8162 19.04 -28.37
225342 -61.8162 19.04 -28.37
222400 -61.8162 19.04 -28.37
228693 -61.8162 19.04 -28.37
223237 -61.8162 19.04 -28.37
229283 -61.8162 19.04 -28.37
224762 -61.8162 19.04 -28.37
225239 -61.8162 19.04 -28.37
228504 -61.8162 19.04 -28.37
233838 -61.8162 19.04 -28.37
221584 -61.8162 19.04 -28.37
225481 -61.8162 19.04 -28.37
232284 -61.8162 19.04 -28.37
227169 -61.8162 19.04 -28.37
225855 -61.8162 19.04 -28.37
218508 -61.8162 19.04 -28.37
228547 -61.8162 19.04 -28.37
233273 -61.8162 19.04 -28.37
216130 -61.8162 19.04 -28.37
220638 -61.8162 19.04 -28.37
220805 -61.8162 19.04 -28.37
218508 -61.8162 19.04 -28.37
223158 -61.8162 19.04 -28.37
227286 -61.8162 19.04 -28.37
225768 -61.8162 19.04 -28.37
221390 -61.8162 19.04 -28.37
226956 -61.8162 19.04 -28.37
223685 -61.8162 19.04 -28.37
227127 -61.8162 19.04 -28.37
218137 -61.8162 19.04 -28.37
224110 -61.8162 19.04 -28.37
220341 -61.8162 19.04 -28.37
220971 -61.8162 19.04 -28.37
226235 -61.8162 19.04 -28.37
232509 -61.8162 19.04 -28.37
218194 -61.8162 19.04 -28.37
224767 -61.8162 19.04 -28.37
221831 -61.8162 19.04 -28.37
225655 -61.8162 19.04 -28.37
180570 -59.9086 24.24 12.15
172470 -59.9086 24.24 12.15
179294 -59.9086 24.24 12.15
187606 -59.9086 24.24 12.15
177247 -59.9086 24.24 12.15
172686 -59.9086 24.24 12.15
180241 -59.9086 24.24 12.15
174905 -59.9086 24.24 12.15
178125 -59.9086 24.24 12.15
176241 -59.9086 24.24 12.15
175514 -59.9086 24.24 12.15
174459 -59.9086 24.24 12.15
179111 -59.9086 24.24 12.15
176090 -59.9086 24.24 12.15
180681 -59.9086 24.24 12.15
175656 -59.9086 24.24 12.15
174688 -59.9086 24.24 12.15
178481 -59.9086 24.24 12.15
170962 -59.9086 24.24 12.15
175042 -59.9086 24.24 12.15
181334 -59.9086 24.24 12.15
176574 -59.9086 24.24 12.15
176573 -59.9086 24.24 12.15
179138 -59.9086 24.24 12.15
179523 -59.9086 24.24 12.15
176401 -59.9086 24.24 12.15
180857 -59.9086 24.24 12.15
182532 -59.9086 24.24 12.15
176385 -59.9086 24.24 12.15
174417 -59.9086 24.24 12.15
170513 -59.9086 24.24 12.15
184249 -59.9086 24.24 12.15
170016 -59.9086 24.24 12.15
178376 -59.9086 24.24 12.15
177390 -59.9086 24.24 12.15
180294 -59.9086 24.24 12.15
181212 -59.9086 24.24 12.15
175396 -59.9086 24.24 12.15
175937 -59.9086 24.24 12.15
91469 -54.122 12.41 5.18
82809 -54.122 12.41 5.18
82393 -54.122 12.41 5.18
83007 -54.122 12.41 5.18
77294 -54.122 12.41 5.18
80921 -54.122 12.41 5.18
88917 -54.122 12.41 5.18
79386 -54.122 12.41 5.18
91825 -54.122 12.41 5.18
89103 -54.122 12.41 5.18
88628 -54.122 12.41 5.18
86678 -54.122 12.41 5.18
90886 -54.122 12.41 5.18
83968 -54.122 12.41 5.18
80004 -54.122 12.41 5.18
79599 -54.122 12.41 5.18
86607 -54.122 12.41 5.18
87935 -54.122 12.41 5.18
81024 -54.122 12.41 5.18
77184 -54.122 12.41 5.18
84687 -54.122 12.41 5.18
85992 -54.122 12.41 5.18
82896 -54.122 12.41 5.18
81836 -54.122 12.41 5.18
79928 -54.122 12.41 5.18
82153 -54.122 12.41 5.18
85608 -54.122 12.41 5.18
85138 -54.122 12.41 5.18
80472 -54.122 12.41 5.18
88496 -54.122 12.41 5.18
85395 -54.122 12.41 5.18
92153 -54.122 12.41 5.18
84096 -54.122 12.41 5.18
90300 -54.122 12.41 5.18
84268 -54.122 12.41 5.18
84000 -54.122 12.41 5.18
81252 -54.122 12.41 5.18
83727 -54.122 12.41 5.18
83564 -54.122 12.41 5.18
150686 -58.5396 -22.92 -1.51
145094 -58.5396 -22.92 -1.51
148755 -58.5396 -22.92 -1.51
146896 -58.5396 -22.92 -1.51
147479 -58.5396 -22.92 -1.51
150356 -58.5396 -22.92 -1.51
146450 -58.5396 -22.92 -1.51
151305 -58.5396 -22.92 -1.51
144641 -58.5396 -22.92 -1.51
146830 -58.5396 -22.92 -1.51
141826 -58.5396 -22.92 -1.51
156015 -58.5396 -22.92 -1.51
144258 -58.5396 -22.92 -1.51
152557 -58.5396 -22.92 -1.51
142906 -58.5396 -22.92 -1.51
147910 -58.5396 -22.92 -1.51
145392 -58.5396 -22.92 -1.51
148587 -58.5396 -22.92 -1.51
140296 -58.5396 -22.92 -1.51
152674 -58.5396 -22.92 -1.51
149526 -58.5396 -22.92 -1.51
148841 -58.5396 -22.92 -1.51
146063 -58.5396 -22.92 -1.51
145926 -58.5396 -22.92 -1.51
146312 -58.5396 -22.92 -1.51
152912 -58.5396 -22.92 -1.51
144239 -58.5396 -22.92 -1.51
148564 -58.5396 -22.92 -1.51
148757 -58.5396 -22.92 -1.51
147280 -58.5396 -22.92 -1.51
152594 -58.5396 -22.92 -1.51
148653 -58.5396 -22.92 -1.51
150383 -58.5396 -22.92 -1.51
155240 -58.5396 -22.92 -1.51
154222 -58.5396 -22.92 -1.51
142334 -58.5396 -22.92 -1.51
152326 -58.5396 -22.92 -1.51
145630 -58.5396 -22.92 -1.51
146382 -58.5396 -22.92 -1.51
150435 -59.089 -24.46 -2.11
159311 -59.089 -24.46 -2.11
151363 -59.089 -24.46 -2.11
148112 -59.089 -24.46 -2.11
153482 -59.089 -24.46 -2.11
158401 -59.089 -24.46 -2.11
155116 -59.089 -24.46 -2.11
153420 -59.089 -24.46 -2.11
159466 -59.089 -24.46 -2.11
150216 -59.089 -24.46 -2.11
168368 -59.089 -24.46 -2.11
152698 -59.089 -24.46 -2.11
154189 -59.089 -24.46 -2.11
149984 -59.089 -24.46 -2.11
154387 -59.089 -24.46 -2.11
163346 -59.089 -24.46 -2.11
154168 -59.089 -24.46 -2.11
157279 -59.089 -24.46 -2.11
146633 -59.089 -24.46 -2.11
161440 -59.089 -24.46 -2.11
156653 -59.089 -24.46 -2.11
155439 -59.089 -24.46 -2.11
158163 -59.089 -24.46 -2.11
158175 -59.089 -24.46 -2.11
155866 -59.089 -24.46 -2.11
157001 -59.089 -24.46 -2.11
165261 -59.089 -24.46 -2.11
152714 -59.089 -24.46 -2.11
160109 -59.089 -24.46 -2.11
160533 -59.089 -24.46 -2.11
152956 -59.089 -24.46 -2.11
153756 -59.089 -24.46 -2.11
157813 -59.089 -24.46 -2.11
153392 -59.089 -24.46 -2.11
158411 -59.089 -24.46 -2.11
157082 -59.089 -24.46 -2.11
157220 -59.089 -24.46 -2.11
153867 -59.089 -24.46 -2.11
160816 -59.089 -24.46 -2.11
102615 -55.3162 3.72 -15.09
94082 -55.3162 3.72 -15.09
103104 -55.3162 3.72 -15.09
101864 -55.3162 3.72 -15.09
102716 -55.3162 3.72 -15.09
105139 -55.3162 3.72 -15.09
97862 -55.3162 3.72 -15.09
104663 -55.3162 3.72 -15.09
98141 -55.3162 3.72 -15.09
100572 -55.3162 3.72 -15.09
104632 -55.3162 3.72 -15.09
101005 -55.3162 3.72 -15.09
113027 -55.3162 3.72 -15.09
97665 -55.3162 3.72 -15.09
103892 -55.3162 3.72 -15.09
106743 -55.3162 3.72 -15.09
100525 -55.3162 3.72 -15.09
109011 -55.3162 3.72 -15.09
101751 -55.3162 3.72 -15.09
101854 -55.3162 3.72 -15.09
100383 -55.3162 3.72 -15.09
106641 -55.3162 3.72 -15.09
105133 -55.3162 3.72 -15.09
106046 -55.3162 3.72 -15.09
100777 -55.3162 3.72 -15.09
101165 -55.3162 3.72 -15.09
106529 -55.3162 3.72 -15.09
101702 -55.3162 3.72 -15.09
98502 -55.3162 3.72 -15.09
104569 -55.3162 3.72 -15.09
100599 -55.3162 3.72 -15.09
99301 -55.3162 3.72 -15.09
98468 -55.3162 3.72 -15.09
109164 -55.3162 3.72 -15.09
104646 -55.3162 3.72 -15.09
102264 -55.3162 3.72 -15.09
108073 -55.3162 3.72 -15.09
105504 -55.3162 3.72 -15.09
104837 -55.3162 3.72 -15.09
96178 -54.3602 4.29 13.16
95851 -54.3602 4.29 13.16
90019 -54.3602 4.29 13.16
105617 -54.3602 4.29 13.16
99264 -54.3602 4.29 13.16
104925 -54.3602 4.29 13.16
105631 -54.3602 4.29 13.16
96846 -54.3602 4.29 13.16
106178 -54.3602 4.29 13.16
99518 -54.3602 4.29 13.16
93585 -54.3602 4.29 13.16
101341 -54.3602 4.29 13.16
95685 -54.3602 4.29 13.16
106750 -54.3602 4.29 13.16
100970 -54.3602 4.29 13.16
102382 -54.3602 4.29 13.16
102858 -54.3602 4.29 13.16
100303 -54.3602 4.29 13.16
104717 -54.3602 4.29 13.16
101239 -54.3602 4.29 13.16
99418 -54.3602 4.29 13.16
100514 -54.3602 4.29 13.16
101661 -54.3602 4.29 13.16
97413 -54.3602 4.29 13.16
101078 -54.3602 4.29 13.16
100110 -54.3602 4.29 13.16
93065 -54.3602 4.29 13.16
99490 -54.3602 4.29 13.16
101380 -54.3602 4.29 13.16
101570 -54.3602 4.29 13.16
101750 -54.3602 4.29 13.16
97246 -54.3602 4.29 13.16
95314 -54.3602 4.29 13.16
98643 -54.3602 4.29 13.16
97546 -54.3602 4.29 13.16
101359 -54.3602 4.29 13.16
102833 -54.3602 4.29 13.16
101445 -54.3602 4.29 13.16
103625 -54.3602 4.29 13.16
204608 -60.9569 -27.67 -13.5
199916 -60.9569 -27.67 -13.5
194041 -60.9569 -27.67 -13.5
201490 -60.9569 -27.67 -13.5
199014 -60.9569 -27.67 -13.5
199725 -60.9569 -27.67 -13.5
203009 -60.9569 -27.67 -13.5
202569 -60.9569 -27.67 -13.5
202015 -60.9569 -27.67 -13.5
208635 -60.9569 -27.67 -13.5
198943 -60.9569 -27.67 -13.5
196137 -60.9569 -27.67 -13.5
196610 -60.9569 -27.67 -13.5
200660 -60.9569 -27.67 -13.5
200020 -60.9569 -27.67 -13.5
205908 -60.9569 -27.67 -13.5
205795 -60.9569 -27.67 -13.5
205452 -60.9569 -27.67 -13.5
211705 -60.9569 -27.67 -13.5
205026 -60.9569 -27.67 -13.5
206895 -60.9569 -27.67 -13.5
204548 -60.9569 -27.67 -13.5
207474 -60.9569 -27.67 -13.5
201764 -60.9569 -27.67 -13.5
202569 -60.9569 -27.67 -13.5
200539 -60.9569 -27.67 -13.5
206261 -60.9569 -27.67 -13.5
202849 -60.9569 -27.67 -13.5
196137 -60.9569 -27.67 -13.5
204224 -60.9569 -27.67 -13.5
200555 -60.9569 -27.67 -13.5
208397 -60.9569 -27.67 -13.5
202514 -60.9569 -27.67 -13.5
202985 -60.9569 -27.67 -13.5
209773 -60.9569 -27.67 -13.5
208869 -60.9569 -27.67 -13.5
203527 -60.9569 -27.67 -13.5
199591 -60.9569 -27.67 -13.5
207288 -60.9569 -27.67 -13.5
