#rtt sig_str x y
177861 -60.1617 20.22 19.31
171949 -60.1617 20.22 19.31
174368 -60.1617 20.22 19.31
186524 -60.1617 20.22 19.31
179946 -60.1617 20.22 19.31
180384 -60.1617 20.22 19.31
185528 -60.1617 20.22 19.31
179642 -60.1617 20.22 19.31
174760 -60.1617 20.22 19.31
181157 -60.1617 20.22 19.31
180537 -60.1617 20.22 19.31
170100 -60.1617 20.22 19.31
175971 -60.1617 20.22 19.31
171871 -60.1617 20.22 19.31
170032 -60.1617 20.22 19.31
174944 -60.1617 20.22 19.31
177180 -60.1617 20.22 19.31
179922 -60.1617 20.22 19.31
175300 -60.1617 20.22 19.31
170795 -60.1617 20.22 19.31
186079 -60.1617 20.22 19.31
182430 -60.1617 20.22 19.31
183716 -60.1617 20.22 19.31
179660 -60.1617 20.22 19.31
192664 -60.1617 20.22 19.31
179136 -60.1617 20.22 19.31
184068 -60.1617 20.22 19.31
180737 -60.1617 20.22 19.31
180386 -60.1617 20.22 19.31
184215 -60.1617 20.22 19.31
180042 -60.1617 20.22 19.31
184334 -60.1617 20.22 19.31
183708 -60.1617 20.22 19.31
174256 -60.1617 20.22 19.31
176346 -60.1617 20.22 19.31
188210 -60.1617 20.22 19.31
183630 -60.1617 20.22 19.31
180656 -60.1617 20.22 19.31
188562 -60.1617 20.22 19.31
196277 -60.7543 28.22 10.3
203092 -60.7543 28.22 10.3
197532 -60.7543 28.22 10.3
200276 -60.7543 28.22 10.3
197951 -60.7543 28.22 10.3
192125 -60.7543 28.22 10.3
200521 -60.7543 28.22 10.3
201094 -60.7543 28.22 10.3
197332 -60.7543 28.22 10.3
196588 -60.7543 28.22 10.3
194824 -60.7543 28.22 10.3
196446 -60.7543 28.22 10.3
196670 -60.7543 28.22 10.3
199158 -60.7543 28.22 10.3
192868 -60.7543 28.22 10.3
200507 -60.7543 28.22 10.3
199105 -60.7543 28.22 10.3
200923 -60.7543 28.22 10.3
202694 -60.7543 28.22 10.3
195922 -60.7543 28.22 10.3
194031 -60.7543 28.22 10.3
194937 -60.7543 28.22 10.3
202366 -60.7543 28.22 10.3
195945 -60.7543 28.22 10.3
197041 -60.7543 28.22 10.3
198566 -60.7543 28.22 10.3
201022 -60.7543 28.22 10.3
200195 -60.7543 28.22 10.3
200269 -60.7543 28.22 10.3
200278 -60.7543 28.22 10.3
191003 -60.7543 28.22 10.3
196611 -60.7543 28.22 10.3
203208 -60.7543 28.22 10.3
198886 -60.7543 28.22 10.3
194110 -60.7543 28.22 10.3
196683 -60.7543 28.22 10.3
191129 -60.7543 28.22 10.3
199507 -60.7543 28.22 10.3
197831 -60.7543 28.22 10.3
147981 -58.4646 -3.17 -22.54
155760 -58.4646 -3.17 -22.54
149507 -58.4646 -3.17 -22.54
147914 -58.4646 -3.17 -22.54
147542 -58.4646 -3.17 -22.54
151548 -58.4646 -3.17 -22.54
146686 -58.4646 -3.17 -22.54
149533 -58.4646 -3.17 -22.54
147409 -58.4646 -3.17 -22.54
146947 -58.4646 -3.17 -22.54
141972 -58.4646 -3.17 -22.54
151670 -58.4646 -3.17 -22.54
149998 -58.4646 -3.17 -22.54
148714 -58.4646 -3.17 -22.54
150585 -58.4646 -3.17 -22.54
149312 -58.4646 -3.17 -22.54
152682 -58.4646 -3.17 -22.54
150440 -58.4646 -3.17 -22.54
154522 -58.4646 -3.17 -22.54
155536 -58.4646 -3.17 -22.54
148353 -58.4646 -3.17 -22.54
159027 -58.4646 -3.17 -22.54
144477 -58.4646 -3.17 -22.54
144547 -58.4646 -3.17 -22.54
152824 -58.4646 -3.17 -22.54
145503 -58.4646 -3.17 -22.54
149199 -58.4646 -3.17 -22.54
146021 -58.4646 -3.17 -22.54
149953 -58.4646 -3.17 -22.54
144288 -58.4646 -3.17 -22.54
143548 -58.4646 -3.17 -22.54
150385 -58.4646 -3.17 -22.54
141159 -58.4646 -3.17 -22.54
158405 -58.4646 -3.17 -22.54
151887 -58.4646 -3.17 -22.54
153606 -58.4646 -3.17 -22.54
145960 -58.4646 -3.17 -22.54
146224 -58.4646 -3.17 -22.54
152571 -58.4646 -3.17 -22.54
88493 -53.9127 -12.93 -2.17
80575 -53.9127 -12.93 -2.17
81034 -53.9127 -12.93 -2.17
92881 -53.9127 -12.93 -2.17
87449 -53.9127 -12.93 -2.17
88733 -53.9127 -12.93 -2.17
85657 -53.9127 -12.93 -2.17
72969 -53.9127 -12.93 -2.17
82464 -53.9127 -12.93 -2.17
88441 -53.9127 -12.93 -2.17
87780 -53.9127 -12.93 -2.17
80008 -53.9127 -12.93 -2.17
91484 -53.9127 -12.93 -2.17
80190 -53.9127 -12.93 -2.17
80416 -53.9127 -12.93 -2.17
75174 -53.9127 -12.93 -2.17
88565 -53.9127 -12.93 -2.17
91921 -53.9127 -12.93 -2.17
88987 -53.9127 -12.93 -2.17
87243 -53.9127 -12.93 -2.17
92511 -53.9127 -12.93 -2.17
78810 -53.9127 -12.93 -2.17
87768 -53.9127 -12.93 -2.17
80645 -53.9127 -12.93 -2.17
80726 -53.9127 -12.93 -2.17
80824 -53.9127 -12.93 -2.17
85602 -53.9127 -12.93 -2.17
84936 -53.9127 -12.93 -2.17
89697 -53.9127 -12.93 -2.17
80549 -53.9127 -12.93 -2.17
85664 -53.9127 -12.93 -2.17
82341 -53.9127 -12.93 -2.17
81643 -53.9127 -12.93 -2.17
92298 -53.9127 -12.93 -2.17
86824 -53.9127 -12.93 -2.17
82881 -53.9127 -12.93 -2.17
86799 -53.9127 -12.93 -2.17
86883 -53.9127 -12.93 -2.17
87070 -53.9127 -12.93 -2.17
142730 -58.4094 16.28 -15.69
146654 -58.4094 16.28 -15.69
153981 -58.4094 16.28 -15.69
148994 -58.4094 16.28 -15.69
149919 -58.4094 16.28 -15.69
147206 -58.4094 16.28 -15.69
140635 -58.4094 16.28 -15.69
149718 -58.4094 16.28 -15.69
143510 -58.4094 16.28 -15.69
147792 -58.4094 16.28 -15.69
150364 -58.4094 16.28 -15.69
153268 -58.4094 16.28 -15.69
150544 -58.4094 16.28 -15.69
148932 -58.4094 16.28 -15.69
151109 -58.4094 16.28 -15.69
149393 -58.4094 16.28 -15.69
142149 -58.4094 16.28 -15.69
146502 -58.4094 16.28 -15.69
146021 -58.4094 16.28 -15.69
153897 -58.4094 16.28 -15.69
143950 -58.4094 16.28 -15.69
146058 -58.4094 16.28 -15.69
147672 -58.4094 16.28 -15.69
151499 -58.4094 16.28 -15.69
141973 -58.4094 16.28 -15.69
146563 -58.4094 16.28 -15.69
146754 -58.4094 16.28 -15.69
144087 -58.4094 16.28 -15.69
143857 -58.4094 16.28 -15.69
146787 -58.4094 16.28 -15.69
143466 -58.4094 16.28 -15.69
147962 -58.4094 16.28 -15.69
150414 -58.4094 16.28 -15.69
145170 -58.4094 16.28 -15.69
140262 -58.4094 16.28 -15.69
146079 -58.4094 16.28 -15.69
145856 -58.4094 16.28 -15.69
143154 -58.4094 16.28 -15.69
148602 -58.4094 16.28 -15.69
181584 -59.5204 -12.07 -22.88
176288 -59.5204 -12.07 -22.88
160841 -59.5204 -12.07 -22.88
179810 -59.5204 -12.07 -22.88
172215 -59.5204 -12.07 -22.88
186451 -59.5204 -12.07 -22.88
175853 -59.5204 -12.07 -22.88
177257 -59.5204 -12.07 -22.88
172411 -59.5204 -12.07 -22.88
170032 -59.5204 -12.07 -22.88
166203 -59.5204 -12.07 -22.88
175491 -59.5204 -12.07 -22.88
173066 -59.5204 -12.07 -22.88
174180 -59.5204 -12.07 -22.88
172284 -59.5204 -12.07 -22.88
175378 -59.5204 -12.07 -22.88
179892 -59.5204 -12.07 -22.88
171412 -59.5204 -12.07 -22.88
181358 -59.5204 -12.07 -22.88
178842 -59.5204 -12.07 -22.88
178200 -59.5204 -12.07 -22.88
168324 -59.5204 -12.07 -22.88
170096 -59.5204 -12.07 -22.88
172897 -59.5204 -12.07 -22.88
176290 -59.5204 -12.07 -22.88
171151 -59.5204 -12.07 -22.88
169245 -59.5204 -12.07 -22.88
170060 -59.5204 -12.07 -22.88
171536 -59.5204 -12.07 -22.88
173373 -59.5204 -12.07 -22.88
179795 -59.5204 -12.07 -22.88
169273 -59.5204 -12.07 -22.88
171328 -59.5204 -12.07 -22.88
174878 -59.5204 -12.07 -22.88
174599 -59.5204 -12.07 -22.88
172552 -59.5204 -12.07 -22.88
178094 -59.5204 -12.07 -22.88
176320 -59.5204 -12.07 -22.88
179733 -59.5204 -12.07 -22.88
194756 -60.3496 28.58 1.15
187813 -60.3496 28.58 1.15
192013 -60.3496 28.58 1.15
192314 -60.3496 28.58 1.15
187704 -60.3496 28.58 1.15
195452 -60.3496 28.58 1.15
200922 -60.3496 28.58 1.15
192490 -60.3496 28.58 1.15
198220 -60.3496 28.58 1.15
195351 -60.3496 28.58 1.15
201691 -60.3496 28.58 1.15
189930 -60.3496 28.58 1.15
196765 -60.3496 28.58 1.15
192355 -60.3496 28.58 1.15
196887 -60.3496 28.58 1.15
199954 -60.3496 28.58 1.15
194891 -60.3496 28.58 1.15
198029 -60.3496 28.58 1.15
200882 -60.3496 28.58 1.15
196220 -60.3496 28.58 1.15
193207 -60.3496 28.58 1.15
192792 -60.3496 28.58 1.15
196605 -60.3496 28.58 1.15
196329 -60.3496 28.58 1.15
201239 -60.3496 28.58 1.15
192937 -60.3496 28.58 1.15
201781 -60.3496 28.58 1.15
199151 -60.3496 28.58 1.15
196366 -60.3496 28.58 1.15
194665 -60.3496 28.58 1.15
191782 -60.3496 28.58 1.15
191035 -60.3496 28.58 1.15
198307 -60.3496 28.58 1.15
192654 -60.3496 28.58 1.15
191575 -60.3496 28.58 1.15
189753 -60.3496 28.58 1.15
199543 -60.3496 28.58 1.15
194818 -60.3496 28.58 1.15
191706 -60.3496 28.58 1.15
242816 -62.4047 25.75 -26.14
245614 -62.4047 25.75 -26.14
247076 -62.4047 25.75 -26.14
241478 -62.4047 25.75 -26.14
252493 -62.4047 25.75 -26.14
239099 -62.4047 25.75 -26.14
244215 -62.4047 25.75 -26.14
238330 -62.4047 25.75 -26.14
244994 -62.4047 25.75 -26.14
241184 -62.4047 25.75 -26.14
239946 -62.4047 25.75 -26.14
248239 -62.4047 25.75 -26.14
243824 -62.4047 25.75 -26.14
247748 -62.4047 25.75 -26.14
243622 -62.4047 25.75 -26.14
249554 -62.4047 25.75 -26.14
244849 -62.4047 25.75 -26.14
243774 -62.4047 25.75 -26.14
238969 -62.4047 25.75 -26.14
240890 -62.4047 25.75 -26.14
242320 -62.4047 25.75 -26.14
247135 -62.4047 25.75 -26.14
241201 -62.4047 25.75 -26.14
250445 -62.4047 25.75 -26.14
243510 -62.4047 25.75 -26.14
238223 -62.4047 25.75 -26.14
242609 -62.4047 25.75 -26.14
239897 -62.4047 25.75 -26.14
247067 -62.4047 25.75 -26.14
249790 -62.4047 25.75 -26.14
243972 -62.4047 25.75 -26.14
237770 -62.4047 25.75 -26.14
242420 -62.4047 25.75 -26.14
247660 -62.4047 25.75 -26.14
239329 -62.4047 25.75 -26.14
246266 -62.4047 25.75 -26.14
250374 -62.4047 25.75 -26.14
242841 -62.4047 25.75 -26.14
249140 -62.4047 25.75 -26.14
201544 -60.9092 -17.72 -24.96
205037 -60.9092 -17.72 -24.96
198694 -60.9092 -17.72 -24.96
204830 -60.9092 -17.72 -24.96
208887 -60.9092 -17.72 -24.96
207746 -60.9092 -17.72 -24.96
203140 -60.9092 -17.72 -24.96
199124 -60.9092 -17.72 -24.96
197760 -60.9092 -17.72 -24.96
203065 -60.9092 -17.72 -24.96
207713 -60.9092 -17.72 -24.96
207363 -60.9092 -17.72 -24.96
203289 -60.9092 -17.72 -24.96
203540 -60.9092 -17.72 -24.96
206259 -60.9092 -17.72 -24.96
210296 -60.9092 -17.72 -24.96
206534 -60.9092 -17.72 -24.96
202193 -60.9092 -17.72 -24.96
203036 -60.9092 -17.72 -24.96
207155 -60.9092 -17.72 -24.96
202508 -60.9092 -17.72 -24.96
204082 -60.9092 -17.72 -24.96
209811 -60.9092 -17.72 -24.96
201184 -60.9092 -17.72 -24.96
210977 -60.9092 -17.72 -24.96
201989 -60.9092 -17.72 -24.96
209397 -60.9092 -17.72 -24.96
205069 -60.9092 -17.72 -24.96
201382 -60.9092 -17.72 -24.96
203343 -60.9092 -17.72 -24.96
201197 -60.9092 -17.72 -24.96
206407 -60.9092 -17.72 -24.96
208189 -60.9092 -17.72 -24.96
206008 -60.9092 -17.72 -24.96
206922 -60.9092 -17.72 -24.96
201673 -60.9092 -17.72 -24.96
203279 -60.9092 -17.72 -24.96
204365 -60.9092 -17.72 -24.96
199277 -60.9092 -17.72 -24.96
98994 -55.5153 -9.29 12.93
106162 -55.5153 -9.29 12.93
102352 -55.5153 -9.29 12.93
107341 -55.5153 -9.29 12.93
103614 -55.5153 -9.29 12.93
99289 -55.5153 -9.29 12.93
102100 -55.5153 -9.29 12.93
101258 -55.5153 -9.29 12.93
103825 -55.5153 -9.29 12.93
99811 -55.5153 -9.29 12.93
106986 -55.5153 -9.29 12.93
97984 -55.5153 -9.29 12.93
112105 -55.5153 -9.29 12.93
105103 -55.5153 -9.29 12.93
89110 -55.5153 -9.29 12.93
101118 -55.5153 -9.29 12.93
98298 -55.5153 -9.29 12.93
101932 -55.5153 -9.29 12.93
102191 -55.5153 -9.29 12.93
100379 -55.5153 -9.29 12.93
107215 -55.5153 -9.29 12.93
105132 -55.5153 -9.29 12.93
104335 -55.5153 -9.29 12.93
101208 -55.5153 -9.29 12.93
101183 -55.5153 -9.29 12.93
105290 -55.5153 -9.29 12.93
103863 -55.5153 -9.29 12.93
101471 -55.5153 -9.29 12.93
103703 -55.5153 -9.29 12.93
99520 -55.5153 -9.29 12.93
99748 -55.5153 -9.29 12.93
107628 -55.5153 -9.29 12.93
96656 -55.5153 -9.29 12.93
101222 -55.5153 -9.29 12.93
104012 -55.5153 -9.29 12.93
99327 -55.5153 -9.29 12.93
99483 -55.5153 -9.29 12.93
99060 -55.5153 -9.29 12.93
98899 -55.5153 -9.29 12.93
