#rtt sig_str x y
124147 -56.2785 13.94 -10.52
126080 -56.2785 13.94 -10.52
118781 -56.2785 13.94 -10.52
122711 -56.2785 13.94 -10.52
114324 -56.2785 13.94 -10.52
126227 -56.2785 13.94 -10.52
120215 -56.2785 13.94 -10.52
118884 -56.2785 13.94 -10.52
119752 -56.2785 13.94 -10.52
123398 -56.2785 13.94 -10.52
115811 -56.2785 13.94 -10.52
118414 -56.2785 13.94 -10.52
115734 -56.2785 13.94 -10.52
124635 -56.2785 13.94 -10.52
108946 -56.2785 13.94 -10.52
118374 -56.2785 13.94 -10.52
122608 -56.2785 13.94 -10.52
125388 -56.2785 13.94 -10.52
120661 -56.2785 13.94 -10.52
120506 -56.2785 13.94 -10.52
124387 -56.2785 13.94 -10.52
123367 -56.2785 13.94 -10.52
123779 -56.2785 13.94 -10.52
124712 -56.2785 13.94 -10.52
117820 -56.2785 13.94 -10.52
118259 -56.2785 13.94 -10.52
116687 -56.2785 13.94 -10.52
114273 -56.2785 13.94 -10.52
123174 -56.2785 13.94 -10.52
120026 -56.2785 13.94 -10.52
115843 -56.2785 13.94 -10.52
113950 -56.2785 13.94 -10.52
122255 -56.2785 13.94 -10.52
127931 -56.2785 13.94 -10.52
108288 -56.2785 13.94 -10.52
122390 -56.2785 13.94 -10.52
124103 -56.2785 13.94 -10.52
110608 -56.2785 13.94 -10.52
124720 -56.2785 13.94 -10.52
206122 -60.8114 4.03 -29.98
203746 -60.8114 4.03 -29.98
207155 -60.8114 4.03 -29.98
202893 -60.8114 4.03 -29.98
205938 -60.8114 4.03 -29.98
202239 -60.8114 4.03 -29.98
202942 -60.8114 4.03 -29.98
197890 -60.8114 4.03 -29.98
204011 -60.8114 4.03 -29.98
195773 -60.8114 4.03 -29.98
196859 -60.8114 4.03 -29.98
203624 -60.8114 4.03 -29.98
201100 -60.8114 4.03 -29.98
198546 -60.8114 4.03 -29.98
199771 -60.8114 4.03 -29.98
203996 -60.8114 4.03 -29.98
207422 -60.8114 4.03 -29.98
191579 -60.8114 4.03 -29.98
197919 -60.8114 4.03 -29.98
204756 -60.8114 4.03 -29.98
201193 -60.8114 4.03 -29.98
201843 -60.8114 4.03 -29.98
197782 -60.8114 4.03 -29.98
204768 -60.8114 4.03 -29.98
203778 -60.8114 4.03 -29.98
198406 -60.8114 4.03 -29.98
206055 -60.8114 4.03 -29.98
200684 -60.8114 4.03 -29.98
196351 -60.8114 4.03 -29.98
203348 -60.8114 4.03 -29.98
200330 -60.8114 4.03 -29.98
203223 -60.8114 4.03 -29.98
206939 -60.8114 4.03 -29.98
202552 -60.8114 4.03 -29.98
203603 -60.8114 4.03 -29.98
202922 -60.8114 4.03 -29.98
203675 -60.8114 4.03 -29.98
200026 -60.8114 4.03 -29.98
200596 -60.8114 4.03 -29.98
157124 -59.0985 -11.93 -21.49
166540 -59.0985 -11.93 -21.49
163945 -59.0985 -11.93 -21.49
167913 -59.0985 -11.93 -21.49
163223 -59.0985 -11.93 -21.49
160171 -59.0985 -11.93 -21.49
162093 -59.0985 -11.93 -21.49
162639 -59.0985 -11.93 -21.49
161114 -59.0985 -11.93 -21.49
163411 -59.0985 -11.93 -21.49
155813 -59.0985 -11.93 -21.49
163749 -59.0985 -11.93 -21.49
161782 -59.0985 -11.93 -21.49
167389 -59.0985 -11.93 -21.49
162795 -59.0985 -11.93 -21.49
165347 -59.0985 -11.93 -21.49
165879 -59.0985 -11.93 -21.49
162665 -59.0985 -11.93 -21.49
161459 -59.0985 -11.93 -21.49
159291 -59.0985 -11.93 -21.49
161598 -59.0985 -11.93 -21.49
160888 -59.0985 -11.93 -21.49
158211 -59.0985 -11.93 -21.49
163506 -59.0985 -11.93 -21.49
160440 -59.0985 -11.93 -21.49
167474 -59.0985 -11.93 -21.49
167597 -59.0985 -11.93 -21.49
163404 -59.0985 -11.93 -21.49
160504 -59.0985 -11.93 -21.49
161143 -59.0985 -11.93 -21.49
159055 -59.0985 -11.93 -21.49
166036 -59.0985 -11.93 -21.49
165822 -59.0985 -11.93 -21.49
163242 -59.0985 -11.93 -21.49
169264 -59.0985 -11.93 -21.49
163998 -59.0985 -11.93 -21.49
164413 -59.0985 -11.93 -21.49
157047 -59.0985 -11.93 -21.49
162698 -59.0985 -11.93 -21.49
156829 -58.7302 16.84 16.4
157403 -58.7302 16.84 16.4
166392 -58.7302 16.84 16.4
148859 -58.7302 16.84 16.4
151683 -58.7302 16.84 16.4
153069 -58.7302 16.84 16.4
151414 -58.7302 16.84 16.4
159622 -58.7302 16.84 16.4
162589 -58.7302 16.84 16.4
161214 -58.7302 16.84 16.4
156329 -58.7302 16.84 16.4
152257 -58.7302 16.84 16.4
158973 -58.7302 16.84 16.4
157008 -58.7302 16.84 16.4
159324 -58.7302 16.84 16.4
159406 -58.7302 16.84 16.4
156661 -58.7302 16.84 16.4
157414 -58.7302 16.84 16.4
151924 -58.7302 16.84 16.4
158443 -58.7302 16.84 16.4
152664 -58.7302 16.84 16.4
156454 -58.7302 16.84 16.4
151500 -58.7302 16.84 16.4
156061 -58.7302 16.84 16.4
156468 -58.7302 16.84 16.4
149745 -58.7302 16.84 16.4
168783 -58.7302 16.84 16.4
152700 -58.7302 16.84 16.4
159031 -58.7302 16.84 16.4
151593 -58.7302 16.84 16.4
155824 -58.7302 16.84 16.4
160397 -58.7302 16.84 16.4
160042 -58.7302 16.84 16.4
158139 -58.7302 16.84 16.4
150838 -58.7302 16.84 16.4
150743 -58.7302 16.84 16.4
152679 -58.7302 16.84 16.4
160124 -58.7302 16.84 16.4
161264 -58.7302 16.84 16.4
33339 -46.9542 -0.13 -5.64
37960 -46.9542 -0.13 -5.64
34786 -46.9542 -0.13 -5.64
37601 -46.9542 -0.13 -5.64
41946 -46.9542 -0.13 -5.64
39070 -46.9542 -0.13 -5.64
36049 -46.9542 -0.13 -5.64
41577 -46.9542 -0.13 -5.64
37942 -46.9542 -0.13 -5.64
31161 -46.9542 -0.13 -5.64
38725 -46.9542 -0.13 -5.64
35790 -46.9542 -0.13 -5.64
32459 -46.9542 -0.13 -5.64
38615 -46.9542 -0.13 -5.64
40591 -46.9542 -0.13 -5.64
39861 -46.9542 -0.13 -5.64
41902 -46.9542 -0.13 -5.64
32347 -46.9542 -0.13 -5.64
30740 -46.9542 -0.13 -5.64
34843 -46.9542 -0.13 -5.64
40935 -46.9542 -0.13 -5.64
40004 -46.9542 -0.13 -5.64
35836 -46.9542 -0.13 -5.64
33084 -46.9542 -0.13 -5.64
38770 -46.9542 -0.13 -5.64
28220 -46.9542 -0.13 -5.64
37005 -46.9542 -0.13 -5.64
34177 -46.9542 -0.13 -5.64
32601 -46.9542 -0.13 -5.64
32031 -46.9542 -0.13 -5.64
35853 -46.9542 -0.13 -5.64
29188 -46.9542 -0.13 -5.64
40856 -46.9542 -0.13 -5.64
31074 -46.9542 -0.13 -5.64
40773 -46.9542 -0.13 -5.64
38022 -46.9542 -0.13 -5.64
33840 -46.9542 -0.13 -5.64
37859 -46.9542 -0.13 -5.64
33367 -46.9542 -0.13 -5.64
218739 -61.7545 -22.87 -25.04
225411 -61.7545 -22.87 -25.04
215510 -61.7545 -22.87 -25.04
218994 -61.7545 -22.87 -25.04
215603 -61.7545 -22.87 -25.04
215251 -61.7545 -22.87 -25.04
217735 -61.7545 -22.87 -25.04
223285 -61.7545 -22.87 -25.04
218594 -61.7545 -22.87 -25.04
214568 -61.7545 -22.87 -25.04
220321 -61.7545 -22.87 -25.04
212862 -61.7545 -22.87 -25.04
224074 -61.7545 -22.87 -25.04
225121 -61.7545 -22.87 -25.04
220916 -61.7545 -22.87 -25.04
227711 -61.7545 -22.87 -25.04
220495 -61.7545 -22.87 -25.04
220859 -61.7545 -22.87 -25.04
225683 -61.7545 -22.87 -25.04
223486 -61.7545 -22.87 -25.04
214161 -61.7545 -22.87 -25.04
219926 -61.7545 -22.87 -25.04
222719 -61.7545 -22.87 -25.04
217917 -61.7545 -22.87 -25.04
217754 -61.7545 -22.87 -25.04
215508 -61.7545 -22.87 -25.04
219479 -61.7545 -22.87 -25.04
221989 -61.7545 -22.87 -25.04
215023 -61.7545 -22.87 -25.04
224323 -61.7545 -22.87 -25.04
220303 -61.7545 -22.87 -25.04
217932 -61.7545 -22.87 -25.04
211102 -61.7545 -22.87 -25.04
223636 -61.7545 -22.87 -25.04
221702 -61.7545 -22.87 -25.04
223440 -61.7545 -22.87 -25.04
222223 -61.7545 -22.87 -25.04
216529 -61.7545 -22.87 -25.04
221918 -61.7545 -22.87 -25.04
87808 -52.9509 -6.69 -9.56
92004 -52.9509 -6.69 -9.56
94217 -52.9509 -6.69 -9.56
93551 -52.9509 -6.69 -9.56
93551 -52.9509 -6.69 -9.56
96079 -52.9509 -6.69 -9.56
99167 -52.9509 -6.69 -9.56
87373 -52.9509 -6.69 -9.56
92585 -52.9509 -6.69 -9.56
90539 -52.9509 -6.69 -9.56
94366 -52.9509 -6.69 -9.56
87022 -52.9509 -6.69 -9.56
82625 -52.9509 -6.69 -9.56
95603 -52.9509 -6.69 -9.56
83829 -52.9509 -6.69 -9.56
92399 -52.9509 -6.69 -9.56
84777 -52.9509 -6.69 -9.56
93506 -52.9509 -6.69 -9.56
92064 -52.9509 -6.69 -9.56
98952 -52.9509 -6.69 -9.56
89294 -52.9509 -6.69 -9.56
85398 -52.9509 -6.69 -9.56
91521 -52.9509 -6.69 -9.56
84829 -52.9509 -6.69 -9.56
91397 -52.9509 -6.69 -9.56
87953 -52.9509 -6.69 -9.56
90288 -52.9509 -6.69 -9.56
87556 -52.9509 -6.69 -9.56
93276 -52.9509 -6.69 -9.56
85197 -52.9509 -6.69 -9.56
85076 -52.9509 -6.69 -9.56
82819 -52.9509 -6.69 -9.56
87115 -52.9509 -6.69 -9.56
87940 -52.9509 -6.69 -9.56
89014 -52.9509 -6.69 -9.56
95043 -52.9509 -6.69 -9.56
86503 -52.9509 -6.69 -9.56
86481 -52.9509 -6.69 -9.56
97527 -52.9509 -6.69 -9.56
96663 -54.7538 -6.32 13.07
96649 -54.7538 -6.32 13.07
96227 -54.7538 -6.32 13.07
96780 -54.7538 -6.32 13.07
98995 -54.7538 -6.32 13.07
102515 -54.7538 -6.32 13.07
96929 -54.7538 -6.32 13.07
101718 -54.7538 -6.32 13.07
102199 -54.7538 -6.32 13.07
100239 -54.7538 -6.32 13.07
99116 -54.7538 -6.32 13.07
101210 -54.7538 -6.32 13.07
101740 -54.7538 -6.32 13.07
94798 -54.7538 -6.32 13.07
98354 -54.7538 -6.32 13.07
99394 -54.7538 -6.32 13.07
99357 -54.7538 -6.32 13.07
95490 -54.7538 -6.32 13.07
100757 -54.7538 -6.32 13.07
98379 -54.7538 -6.32 13.07
99008 -54.7538 -6.32 13.07
92741 -54.7538 -6.32 13.07
93846 -54.7538 -6.32 13.07
97914 -54.7538 -6.32 13.07
103237 -54.7538 -6.32 13.07
95865 -54.7538 -6.32 13.07
99969 -54.7538 -6.32 13.07
102991 -54.7538 -6.32 13.07
97867 -54.7538 -6.32 13.07
99591 -54.7538 -6.32 13.07
100635 -54.7538 -6.32 13.07
98982 -54.7538 -6.32 13.07
100941 -54.7538 -6.32 13.07
102092 -54.7538 -6.32 13.07
99973 -54.7538 -6.32 13.07
95536 -54.7538 -6.32 13.07
94019 -54.7538 -6.32 13.07
99540 -54.7538 -6.32 13.07
102558 -54.7538 -6.32 13.07
127679 -56.4232 -9.75 -14.86
123227 -56.4232 -9.75 -14.86
129109 -56.4232 -9.75 -14.86
125875 -56.4232 -9.75 -14.86
129121 -56.4232 -9.75 -14.86
128913 -56.4232 -9.75 -14.86
129089 -56.4232 -9.75 -14.86
125688 -56.4232 -9.75 -14.86
117327 -56.4232 -9.75 -14.86
128768 -56.4232 -9.75 -14.86
120921 -56.4232 -9.75 -14.86
124301 -56.4232 -9.75 -14.86
120231 -56.4232 -9.75 -14.86
118909 -56.4232 -9.75 -14.86
125647 -56.4232 -9.75 -14.86
128868 -56.4232 -9.75 -14.86
133766 -56.4232 -9.75 -14.86
122868 -56.4232 -9.75 -14.86
126653 -56.4232 -9.75 -14.86
126493 -56.4232 -9.75 -14.86
127830 -56.4232 -9.75 -14.86
123263 -56.4232 -9.75 -14.86
125993 -56.4232 -9.75 -14.86
128589 -56.4232 -9.75 -14.86
127726 -56.4232 -9.75 -14.86
122094 -56.4232 -9.75 -14.86
121821 -56.4232 -9.75 -14.86
123912 -56.4232 -9.75 -14.86
129442 -56.4232 -9.75 -14.86
134984 -56.4232 -9.75 -14.86
124063 -56.4232 -9.75 -14.86
128525 -56.4232 -9.75 -14.86
128277 -56.4232 -9.75 -14.86
124173 -56.4232 -9.75 -14.86
130776 -56.4232 -9.75 -14.86
120635 -56.4232 -9.75 -14.86
119390 -56.4232 -9.75 -14.86
132236 -56.4232 -9.75 -14.86
124362 -56.4232 -9.75 -14.86
203127 -61.6171 -25.05 22.02
221668 -61.6171 -25.05 22.02
211075 -61.6171 -25.05 22.02
210336 -61.6171 -25.05 22.02
211913 -61.6171 -25.05 22.02
208065 -61.6171 -25.05 22.02
210358 -61.6171 -25.05 22.02
212591 -61.6171 -25.05 22.02
215993 -61.6171 -25.05 22.02
203438 -61.6171 -25.05 22.02
207830 -61.6171 -25.05 22.02
221675 -61.6171 -25.05 22.02
213690 -61.6171 -25.05 22.02
213859 -61.6171 -25.05 22.02
199318 -61.6171 -25.05 22.02
211875 -61.6171 -25.05 22.02
215033 -61.6171 -25.05 22.02
223961 -61.6171 -25.05 22.02
213629 -61.6171 -25.05 22.02
213850 -61.6171 -25.05 22.02
208961 -61.6171 -25.05 22.02
206131 -61.6171 -25.05 22.02
206702 -61.6171 -25.05 22.02
210788 -61.6171 -25.05 22.02
199688 -61.6171 -25.05 22.02
211246 -61.6171 -25.05 22.02
213169 -61.6171 -25.05 22.02
208333 -61.6171 -25.05 22.02
214787 -61.6171 -25.05 22.02
206803 -61.6171 -25.05 22.02
215505 -61.6171 -25.05 22.02
205532 -61.6171 -25.05 22.02
205974 -61.6171 -25.05 22.02
215175 -61.6171 -25.05 22.02
214608 -61.6171 -25.05 22.02
211698 -61.6171 -25.05 22.02
214393 -61.6171 -25.05 22.02
213937 -61.6171 -25.05 22.02
211780 -61.6171 -25.05 22.02
