#rtt sig_str x y
107167 -56.0007 10.34 13.35
108263 -56.0007 10.34 13.35
110374 -56.0007 10.34 13.35
111111 -56.0007 10.34 13.35
114220 -56.0007 10.34 13.35
109041 -56.0007 10.34 13.35
115354 -56.0007 10.34 13.35
112889 -56.0007 10.34 13.35
111219 -56.0007 10.34 13.35
107558 -56.0007 10.34 13.35
110949 -56.0007 10.34 13.35
106403 -56.0007 10.34 13.35
105091 -56.0007 10.34 13.35
117382 -56.0007 10.34 13.35
109892 -56.0007 10.34 13.35
109799 -56.0007 10.34 13.35
113346 -56.0007 10.34 13.35
108193 -56.0007 10.34 13.35
112133 -56.0007 10.34 13.35
111035 -56.0007 10.34 13.35
107325 -56.0007 10.34 13.35
112008 -56.0007 10.34 13.35
109755 -56.0007 10.34 13.35
108352 -56.0007 10.34 13.35
112963 -56.0007 10.34 13.35
108076 -56.0007 10.34 13.35
110316 -56.0007 10.34 13.35
105444 -56.0007 10.34 13.35
107902 -56.0007 10.34 13.35
106806 -56.0007 10.34 13.35
115573 -56.0007 10.34 13.35
109353 -56.0007 10.34 13.35
113948 -56.0007 10.34 13.35
114515 -56.0007 10.34 13.35
114992 -56.0007 10.34 13.35
107307 -56.0007 10.34 13.35
108665 -56.0007 10.34 13.35
116482 -56.0007 10.34 13.35
110599 -56.0007 10.34 13.35
119756 -57.3696 -0.72 19.92
125889 -57.3696 -0.72 19.92
130550 -57.3696 -0.72 19.92
125491 -57.3696 -0.72 19.92
121922 -57.3696 -0.72 19.92
132437 -57.3696 -0.72 19.92
129572 -57.3696 -0.72 19.92
131869 -57.3696 -0.72 19.92
128053 -57.3696 -0.72 19.92
127564 -57.3696 -0.72 19.92
121055 -57.3696 -0.72 19.92
131309 -57.3696 -0.72 19.92
126131 -57.3696 -0.72 19.92
124340 -57.3696 -0.72 19.92
128851 -57.3696 -0.72 19.92
126151 -57.3696 -0.72 19.92
124547 -57.3696 -0.72 19.92
126602 -57.3696 -0.72 19.92
132561 -57.3696 -0.72 19.92
124611 -57.3696 -0.72 19.92
130629 -57.3696 -0.72 19.92
122195 -57.3696 -0.72 19.92
122619 -57.3696 -0.72 19.92
127348 -57.3696 -0.72 19.92
124345 -57.3696 -0.72 19.92
123161 -57.3696 -0.72 19.92
125406 -57.3696 -0.72 19.92
122452 -57.3696 -0.72 19.92
128927 -57.3696 -0.72 19.92
129550 -57.3696 -0.72 19.92
124662 -57.3696 -0.72 19.92
127332 -57.3696 -0.72 19.92
130142 -57.3696 -0.72 19.92
126336 -57.3696 -0.72 19.92
129901 -57.3696 -0.72 19.92
128900 -57.3696 -0.72 19.92
130584 -57.3696 -0.72 19.92
123486 -57.3696 -0.72 19.92
123798 -57.3696 -0.72 19.92
153728 -58.9219 19.53 14.05
158093 -58.9219 19.53 14.05
158961 -58.9219 19.53 14.05
157762 -58.9219 19.53 14.05
157740 -58.9219 19.53 14.05
156723 -58.9219 19.53 14.05
156547 -58.9219 19.53 14.05
163529 -58.9219 19.53 14.05
162217 -58.9219 19.53 14.05
162562 -58.9219 19.53 14.05
160200 -58.9219 19.53 14.05
163924 -58.9219 19.53 14.05
156777 -58.9219 19.53 14.05
155520 -58.9219 19.53 14.05
158059 -58.9219 19.53 14.05
159309 -58.9219 19.53 14.05
160317 -58.9219 19.53 14.05
158410 -58.9219 19.53 14.05
155843 -58.9219 19.53 14.05
164056 -58.9219 19.53 14.05
162294 -58.9219 19.53 14.05
163257 -58.9219 19.53 14.05
161770 -58.9219 19.53 14.05
158608 -58.9219 19.53 14.05
160873 -58.9219 19.53 14.05
159516 -58.9219 19.53 14.05
158373 -58.9219 19.53 14.05
155934 -58.9219 19.53 14.05
155608 -58.9219 19.53 14.05
161862 -58.9219 19.53 14.05
156932 -58.9219 19.53 14.05
157430 -58.9219 19.53 14.05
161636 -58.9219 19.53 14.05
156773 -58.9219 19.53 14.05
154689 -58.9219 19.53 14.05
162228 -58.9219 19.53 14.05
156920 -58.9219 19.53 14.05
154761 -58.9219 19.53 14.05
162166 -58.9219 19.53 14.05
206765 -60.9056 -28.12 12.06
211616 -60.9056 -28.12 12.06
207131 -60.9056 -28.12 12.06
209250 -60.9056 -28.12 12.06
208507 -60.9056 -28.12 12.06
206335 -60.9056 -28.12 12.06
212625 -60.9056 -28.12 12.06
201104 -60.9056 -28.12 12.06
205900 -60.9056 -28.12 12.06
201553 -60.9056 -28.12 12.06
212890 -60.9056 -28.12 12.06
201197 -60.9056 -28.12 12.06
205679 -60.9056 -28.12 12.06
209784 -60.9056 -28.12 12.06
213635 -60.9056 -28.12 12.06
212494 -60.9056 -28.12 12.06
210695 -60.9056 -28.12 12.06
198618 -60.9056 -28.12 12.06
207000 -60.9056 -28.12 12.06
205025 -60.9056 -28.12 12.06
212410 -60.9056 -28.12 12.06
206677 -60.9056 -28.12 12.06
209847 -60.9056 -28.12 12.06
211362 -60.9056 -28.12 12.06
202774 -60.9056 -28.12 12.06
209119 -60.9056 -28.12 12.06
202148 -60.9056 -28.12 12.06
211489 -60.9056 -28.12 12.06
210120 -60.9056 -28.12 12.06
208823 -60.9056 -28.12 12.06
208233 -60.9056 -28.12 12.06
207260 -60.9056 -28.12 12.06
207219 -60.9056 -28.12 12.06
205511 -60.9056 -28.12 12.06
201696 -60.9056 -28.12 12.06
210723 -60.9056 -28.12 12.06
207175 -60.9056 -28.12 12.06
210765 -60.9056 -28.12 12.06
210497 -60.9056 -28.12 12.06
175659 -59.5892 18.49 -18.4
186251 -59.5892 18.49 -18.4
184336 -59.5892 18.49 -18.4
183853 -59.5892 18.49 -18.4
183981 -59.5892 18.49 -18.4
182318 -59.5892 18.49 -18.4
178077 -59.5892 18.49 -18.4
179864 -59.5892 18.49 -18.4
181478 -59.5892 18.49 -18.4
179216 -59.5892 18.49 -18.4
179726 -59.5892 18.49 -18.4
184104 -59.5892 18.49 -18.4
178222 -59.5892 18.49 -18.4
174987 -59.5892 18.49 -18.4
180455 -59.5892 18.49 -18.4
181125 -59.5892 18.49 -18.4
190138 -59.5892 18.49 -18.4
183572 -59.5892 18.49 -18.4
183931 -59.5892 18.49 -18.4
178846 -59.5892 18.49 -18.4
180656 -59.5892 18.49 -18.4
179637 -59.5892 18.49 -18.4
177662 -59.5892 18.49 -18.4
185224 -59.5892 18.49 -18.4
184406 -59.5892 18.49 -18.4
179850 -59.5892 18.49 -18.4
171205 -59.5892 18.49 -18.4
185787 -59.5892 18.49 -18.4
178563 -59.5892 18.49 -18.4
177870 -59.5892 18.49 -18.4
186888 -59.5892 18.49 -18.4
184222 -59.5892 18.49 -18.4
180576 -59.5892 18.49 -18.4
180695 -59.5892 18.49 -18.4
183875 -59.5892 18.49 -18.4
175994 -59.5892 18.49 -18.4
178413 -59.5892 18.49 -18.4
182449 -59.5892 18.49 -18.4
174590 -59.5892 18.49 -18.4
195371 -60.4404 3.94 28.65
189669 -60.4404 3.94 28.65
194874 -60.4404 3.94 28.65
204716 -60.4404 3.94 28.65
192961 -60.4404 3.94 28.65
200463 -60.4404 3.94 28.65
203687 -60.4404 3.94 28.65
189609 -60.4404 3.94 28.65
188687 -60.4404 3.94 28.65
195881 -60.4404 3.94 28.65
201604 -60.4404 3.94 28.65
192963 -60.4404 3.94 28.65
196168 -60.4404 3.94 28.65
200263 -60.4404 3.94 28.65
194735 -60.4404 3.94 28.65
197385 -60.4404 3.94 28.65
193424 -60.4404 3.94 28.65
186515 -60.4404 3.94 28.65
198786 -60.4404 3.94 28.65
195004 -60.4404 3.94 28.65
200143 -60.4404 3.94 28.65
190495 -60.4404 3.94 28.65
198274 -60.4404 3.94 28.65
195086 -60.4404 3.94 28.65
192950 -60.4404 3.94 28.65
200632 -60.4404 3.94 28.65
192550 -60.4404 3.94 28.65
202010 -60.4404 3.94 28.65
199984 -60.4404 3.94 28.65
200325 -60.4404 3.94 28.65
198170 -60.4404 3.94 28.65
194141 -60.4404 3.94 28.65
194792 -60.4404 3.94 28.65
201731 -60.4404 3.94 28.65
192478 -60.4404 3.94 28.65
195467 -60.4404 3.94 28.65
189700 -60.4404 3.94 28.65
192747 -60.4404 3.94 28.65
194272 -60.4404 3.94 28.65
83810 -53.8449 -12.14 4.66
79823 -53.8449 -12.14 4.66
77057 -53.8449 -12.14 4.66
74818 -53.8449 -12.14 4.66
77103 -53.8449 -12.14 4.66
82575 -53.8449 -12.14 4.66
69474 -53.8449 -12.14 4.66
78560 -53.8449 -12.14 4.66
79414 -53.8449 -12.14 4.66
82164 -53.8449 -12.14 4.66
77987 -53.8449 -12.14 4.66
76107 -53.8449 -12.14 4.66
78308 -53.8449 -12.14 4.66
82281 -53.8449 -12.14 4.66
86574 -53.8449 -12.14 4.66
76070 -53.8449 -12.14 4.66
88800 -53.8449 -12.14 4.66
82567 -53.8449 -12.14 4.66
83609 -53.8449 -12.14 4.66
81947 -53.8449 -12.14 4.66
75529 -53.8449 -12.14 4.66
73840 -53.8449 -12.14 4.66
73984 -53.8449 -12.14 4.66
81951 -53.8449 -12.14 4.66
72034 -53.8449 -12.14 4.66
79106 -53.8449 -12.14 4.66
78878 -53.8449 -12.14 4.66
84177 -53.8449 -12.14 4.66
81448 -53.8449 -12.14 4.66
81013 -53.8449 -12.14 4.66
76358 -53.8449 -12.14 4.66
80513 -53.8449 -12.14 4.66
72917 -53.8449 -12.14 4.66
79753 -53.8449 -12.14 4.66
77491 -53.8449 -12.14 4.66
84042 -53.8449 -12.14 4.66
76438 -53.8449 -12.14 4.66
76490 -53.8449 -12.14 4.66
79371 -53.8449 -12.14 4.66
187448 -59.9383 -27.2 0.83
183671 -59.9383 -27.2 0.83
186589 -59.9383 -27.2 0.83
183214 -59.9383 -27.2 0.83
184204 -59.9383 -27.2 0.83
175602 -59.9383 -27.2 0.83
186437 -59.9383 -27.2 0.83
185104 -59.9383 -27.2 0.83
184621 -59.9383 -27.2 0.83
191712 -59.9383 -27.2 0.83
188275 -59.9383 -27.2 0.83
179078 -59.9383 -27.2 0.83
189974 -59.9383 -27.2 0.83
183958 -59.9383 -27.2 0.83
181720 -59.9383 -27.2 0.83
190166 -59.9383 -27.2 0.83
189548 -59.9383 -27.2 0.83
186368 -59.9383 -27.2 0.83
193246 -59.9383 -27.2 0.83
187289 -59.9383 -27.2 0.83
181592 -59.9383 -27.2 0.83
183897 -59.9383 -27.2 0.83
187157 -59.9383 -27.2 0.83
183898 -59.9383 -27.2 0.83
186668 -59.9383 -27.2 0.83
189504 -59.9383 -27.2 0.83
189671 -59.9383 -27.2 0.83
179408 -59.9383 -27.2 0.83
181351 -59.9383 -27.2 0.83
183595 -59.9383 -27.2 0.83
180420 -59.9383 -27.2 0.83
192365 -59.9383 -27.2 0.83
183016 -59.9383 -27.2 0.83
188157 -59.9383 -27.2 0.83
184608 -59.9383 -27.2 0.83
181908 -59.9383 -27.2 0.83
185760 -59.9383 -27.2 0.83
181914 -59.9383 -27.2 0.83
195208 -59.9383 -27.2 0.83
246958 -62.2965 29.44 21.09
246608 -62.2965 29.44 21.09
256373 -62.2965 29.44 21.09
248021 -62.2965 29.44 21.09
251929 -62.2965 29.44 21.09
251820 -62.2965 29.44 21.09
247191 -62.2965 29.44 21.09
250634 -62.2965 29.44 21.09
258989 -62.2965 29.44 21.09
255604 -62.2965 29.44 21.09
246850 -62.2965 29.44 21.09
244349 -62.2965 29.44 21.09
248891 -62.2965 29.44 21.09
250408 -62.2965 29.44 21.09
244378 -62.2965 29.44 21.09
253561 -62.2965 29.44 21.09
246700 -62.2965 29.44 21.09
252630 -62.2965 29.44 21.09
255401 -62.2965 29.44 21.09
254471 -62.2965 29.44 21.09
253516 -62.2965 29.44 21.09
243862 -62.2965 29.44 21.09
251166 -62.2965 29.44 21.09
247069 -62.2965 29.44 21.09
253134 -62.2965 29.44 21.09
248574 -62.2965 29.44 21.09
253174 -62.2965 29.44 21.09
253140 -62.2965 29.44 21.09
260443 -62.2965 29.44 21.09
247182 -62.2965 29.44 21.09
252653 -62.2965 29.44 21.09
242713 -62.2965 29.44 21.09
250863 -62.2965 29.44 21.09
244787 -62.2965 29.44 21.09
254108 -62.2965 29.44 21.09
241562 -62.2965 29.44 21.09
253824 -62.2965 29.44 21.09
255942 -62.2965 29.44 21.09
247313 -62.2965 29.44 21.09
200223 -60.8656 -29.6 -7.14
188656 -60.8656 -29.6 -7.14
202440 -60.8656 -29.6 -7.14
195095 -60.8656 -29.6 -7.14
199628 -60.8656 -29.6 -7.14
195438 -60.8656 -29.6 -7.14
196289 -60.8656 -29.6 -7.14
198164 -60.8656 -29.6 -7.14
195268 -60.8656 -29.6 -7.14
202383 -60.8656 -29.6 -7.14
196238 -60.8656 -29.6 -7.14
197862 -60.8656 -29.6 -7.14
198040 -60.8656 -29.6 -7.14
198453 -60.8656 -29.6 -7.14
199855 -60.8656 -29.6 -7.14
192541 -60.8656 -29.6 -7.14
200600 -60.8656 -29.6 -7.14
196145 -60.8656 -29.6 -7.14
193323 -60.8656 -29.6 -7.14
197526 -60.8656 -29.6 -7.14
193764 -60.8656 -29.6 -7.14
197589 -60.8656 -29.6 -7.14
197392 -60.8656 -29.6 -7.14
192437 -60.8656 -29.6 -7.14
193777 -60.8656 -29.6 -7.14
197462 -60.8656 -29.6 -7.14
200867 -60.8656 -29.6 -7.14
197393 -60.8656 -29.6 -7.14
195822 -60.8656 -29.6 -7.14
193451 -60.8656 -29.6 -7.14
199551 -60.8656 -29.6 -7.14
195223 -60.8656 -29.6 -7.14
204054 -60.8656 -29.6 -7.14
196444 -60.8656 -29.6 -7.14
194942 -60.8656 -29.6 -7.14
194916 -60.8656 -29.6 -7.14
189384 -60.8656 -29.6 -7.14
197006 -60.8656 -29.6 -7.14
195712 -60.8656 -29.6 -7.14
