#rtt sig_str x y
168986 -61.1115 3.05 -25.76
166056 -62.1622 3.05 -25.76
164170 -56.6946 3.05 -25.76
163675 -56.2097 3.05 -25.76
158381 -60.3696 3.05 -25.76
166084 -57.3752 3.05 -25.76
167453 -61.0652 3.05 -25.76
171029 -60.4141 3.05 -25.76
164190 -62.5278 3.05 -25.76
158951 -62.4778 3.05 -25.76
157471 -60.5923 3.05 -25.76
167617 -58.7502 3.05 -25.76
168299 -59.9183 3.05 -25.76
170971 -62.8002 3.05 -25.76
152754 -67.8799 3.05 -25.76
162611 -61.0525 3.05 -25.76
170308 -65.3126 3.05 -25.76
168020 -64.8133 3.05 -25.76
164158 -58.3444 3.05 -25.76
167022 -57.3691 3.05 -25.76
164865 -59.6124 3.05 -25.76
154827 -75.4547 3.05 -25.76
174715 -63.7478 3.05 -25.76
173007 -68.0084 3.05 -25.76
162464 -62.5331 3.05 -25.76
166383 -61.8862 3.05 -25.76
169960 -58.9835 3.05 -25.76
162402 -58.8294 3.05 -25.76
160197 -56.2248 3.05 -25.76
167361 -53.4126 3.05 -25.76
166458 -61.7778 3.05 -25.76
167145 -59.3502 3.05 -25.76
176354 -73.541 3.05 -25.76
166691 -60.2157 3.05 -25.76
169553 -55.8343 3.05 -25.76
141127 -79.1624 3.05 -25.76
162849 -59.9288 3.05 -25.76
164771 -58.3803 3.05 -25.76
167118 -63.8351 3.05 -25.76
162749 -57.9869 12.49 20.4
165962 -56.2936 12.49 20.4
167197 -60.3675 12.49 20.4
163512 -58.3727 12.49 20.4
164179 -53.9431 12.49 20.4
160957 -58.5711 12.49 20.4
162412 -59.1341 12.49 20.4
152630 -66.1847 12.49 20.4
160294 -61.7808 12.49 20.4
158224 -59.1493 12.49 20.4
166085 -58.4185 12.49 20.4
160905 -61.7061 12.49 20.4
158825 -67.2209 12.49 20.4
166118 -61.3319 12.49 20.4
165965 -60.5759 12.49 20.4
164267 -57.7074 12.49 20.4
156953 -58.965 12.49 20.4
159693 -60.1219 12.49 20.4
168010 -56.3065 12.49 20.4
167429 -59.1231 12.49 20.4
167776 -55.6253 12.49 20.4
166240 -64.5354 12.49 20.4
167162 -60.9231 12.49 20.4
163916 -58.9818 12.49 20.4
162147 -59.7774 12.49 20.4
160697 -61.2555 12.49 20.4
161690 -55.3372 12.49 20.4
162558 -62.1699 12.49 20.4
170770 -56.2149 12.49 20.4
172939 -59.0564 12.49 20.4
161153 -58.6276 12.49 20.4
162771 -59.9977 12.49 20.4
167248 -57.3719 12.49 20.4
162135 -64.3819 12.49 20.4
167770 -58.8532 12.49 20.4
158461 -62.5914 12.49 20.4
162776 -61.7968 12.49 20.4
165116 -59.3664 12.49 20.4
161221 -58.1108 12.49 20.4
169386 -62.8153 -12.55 -22.72
176417 -56.1998 -12.55 -22.72
160879 -56.1046 -12.55 -22.72
172453 -75.0375 -12.55 -22.72
158152 -80.4717 -12.55 -22.72
168646 -59.0433 -12.55 -22.72
173843 -65.1206 -12.55 -22.72
163623 -60.7586 -12.55 -22.72
172795 -66.5366 -12.55 -22.72
162391 -58.6716 -12.55 -22.72
172672 -62.2093 -12.55 -22.72
165774 -58.8549 -12.55 -22.72
165911 -58.3324 -12.55 -22.72
163186 -61.041 -12.55 -22.72
151638 -65.9745 -12.55 -22.72
169930 -66.3984 -12.55 -22.72
163083 -64.5805 -12.55 -22.72
170074 -58.4724 -12.55 -22.72
164360 -64.9206 -12.55 -22.72
164733 -53.4616 -12.55 -22.72
171807 -61.4565 -12.55 -22.72
178725 -63.5034 -12.55 -22.72
170292 -56.7581 -12.55 -22.72
161631 -63.0114 -12.55 -22.72
167133 -61.0245 -12.55 -22.72
178926 -70.1208 -12.55 -22.72
165957 -55.3541 -12.55 -22.72
170200 -57.3263 -12.55 -22.72
168518 -64.2839 -12.55 -22.72
164487 -62.4023 -12.55 -22.72
160506 -54.6803 -12.55 -22.72
162071 -68.4532 -12.55 -22.72
168854 -65.2354 -12.55 -22.72
165269 -64.3315 -12.55 -22.72
162946 -59.4024 -12.55 -22.72
162260 -62.1479 -12.55 -22.72
172324 -59.6995 -12.55 -22.72
166674 -59.6477 -12.55 -22.72
143810 -67.5498 -12.55 -22.72
33088 -44.6263 0.65 4.16
33542 -48.4598 0.65 4.16
35742 -47.2756 0.65 4.16
32861 -47.1744 0.65 4.16
30408 -42.1908 0.65 4.16
39867 -48.1712 0.65 4.16
42643 -45.7384 0.65 4.16
34258 -48.5421 0.65 4.16
36833 -45.3173 0.65 4.16
30489 -46.0911 0.65 4.16
39626 -42.9584 0.65 4.16
31619 -45.042 0.65 4.16
31083 -46.7304 0.65 4.16
37538 -49.8431 0.65 4.16
37833 -43.516 0.65 4.16
31470 -50.0911 0.65 4.16
39267 -52.8317 0.65 4.16
40226 -46.0979 0.65 4.16
34385 -47.1297 0.65 4.16
35772 -58.1124 0.65 4.16
32850 -59.5692 0.65 4.16
35339 -46.7026 0.65 4.16
38172 -47.5133 0.65 4.16
39446 -49.6931 0.65 4.16
42142 -42.5956 0.65 4.16
35713 -45.692 0.65 4.16
43466 -47.2452 0.65 4.16
41827 -50.1618 0.65 4.16
39917 -44.7303 0.65 4.16
23587 -44.2256 0.65 4.16
36912 -45.17 0.65 4.16
34464 -47.3994 0.65 4.16
39927 -46.5443 0.65 4.16
33631 -44.8245 0.65 4.16
31020 -48.0943 0.65 4.16
39350 -50.7792 0.65 4.16
36234 -50.3618 0.65 4.16
34452 -41.7844 0.65 4.16
38896 -46.3904 0.65 4.16
164246 -58.6285 23.58 -3.78
162098 -56.5512 23.58 -3.78
160332 -58.3791 23.58 -3.78
159786 -57.7391 23.58 -3.78
163111 -56.3712 23.58 -3.78
154563 -53.8933 23.58 -3.78
162483 -65.0044 23.58 -3.78
164060 -67.7561 23.58 -3.78
157063 -60.2123 23.58 -3.78
156980 -59.4619 23.58 -3.78
160189 -59.6441 23.58 -3.78
160826 -54.0729 23.58 -3.78
157618 -59.6135 23.58 -3.78
163256 -56.5043 23.58 -3.78
160037 -54.8912 23.58 -3.78
157455 -60.574 23.58 -3.78
163723 -56.6954 23.58 -3.78
161585 -60.2804 23.58 -3.78
160099 -57.753 23.58 -3.78
162250 -68.2271 23.58 -3.78
155227 -54.1759 23.58 -3.78
158964 -57.279 23.58 -3.78
154234 -55.6279 23.58 -3.78
157189 -56.2117 23.58 -3.78
159456 -60.4894 23.58 -3.78
168869 -70.4815 23.58 -3.78
156623 -68.4713 23.58 -3.78
158377 -59.5133 23.58 -3.78
158290 -60.3954 23.58 -3.78
158963 -56.7198 23.58 -3.78
162294 -60.9486 23.58 -3.78
167820 -61.5552 23.58 -3.78
155763 -57.8703 23.58 -3.78
158078 -59.6697 23.58 -3.78
156072 -58.9685 23.58 -3.78
162938 -59.2958 23.58 -3.78
159270 -55.3397 23.58 -3.78
157756 -54.4925 23.58 -3.78
153708 -68.2965 23.58 -3.78
249118 -58.6861 23.78 -28.88
256234 -59.6252 23.78 -28.88
259997 -68.606 23.78 -28.88
256330 -64.5514 23.78 -28.88
254869 -64.5033 23.78 -28.88
257788 -60.3683 23.78 -28.88
250110 -62.385 23.78 -28.88
256744 -61.6942 23.78 -28.88
248973 -62.0268 23.78 -28.88
254529 -63.0042 23.78 -28.88
256396 -66.5422 23.78 -28.88
253327 -66.0382 23.78 -28.88
258027 -58.9062 23.78 -28.88
258812 -64.7305 23.78 -28.88
257963 -61.5456 23.78 -28.88
259275 -67.3905 23.78 -28.88
250228 -62.2849 23.78 -28.88
253099 -60.6174 23.78 -28.88
261945 -67.6074 23.78 -28.88
261115 -63.9493 23.78 -28.88
253169 -61.7832 23.78 -28.88
249601 -62.4814 23.78 -28.88
257372 -63.8948 23.78 -28.88
256155 -63.5655 23.78 -28.88
256729 -69.4006 23.78 -28.88
254333 -59.1665 23.78 -28.88
254181 -67.2744 23.78 -28.88
255657 -64.8436 23.78 -28.88
247939 -66.8243 23.78 -28.88
258714 -66.5044 23.78 -28.88
250910 -58.6107 23.78 -28.88
254217 -63.1016 23.78 -28.88
252601 -56.1308 23.78 -28.88
264397 -60.8973 23.78 -28.88
252745 -59.9225 23.78 -28.88
253883 -72.2572 23.78 -28.88
266864 -66.1522 23.78 -28.88
263628 -68.3413 23.78 -28.88
248446 -61.925 23.78 -28.88
238479 -64.0695 -22.47 -27.57
231827 -60.6875 -22.47 -27.57
222316 -65.7134 -22.47 -27.57
233738 -54.3045 -22.47 -27.57
237245 -66.6092 -22.47 -27.57
234841 -68.1414 -22.47 -27.57
230200 -65.7335 -22.47 -27.57
234630 -62.3713 -22.47 -27.57
234521 -64.4071 -22.47 -27.57
247606 -65.532 -22.47 -27.57
224237 -64.5338 -22.47 -27.57
237246 -62.3885 -22.47 -27.57
206754 -74.621 -22.47 -27.57
228675 -68.0911 -22.47 -27.57
232246 -60.8581 -22.47 -27.57
227577 -78.2357 -22.47 -27.57
221749 -72.1034 -22.47 -27.57
230461 -62.0865 -22.47 -27.57
232538 -67.1155 -22.47 -27.57
229001 -65.0668 -22.47 -27.57
235064 -62.9094 -22.47 -27.57
225767 -63.6675 -22.47 -27.57
233713 -62.0318 -22.47 -27.57
231429 -62.8991 -22.47 -27.57
232793 -64.368 -22.47 -27.57
231127 -67.2336 -22.47 -27.57
238042 -67.706 -22.47 -27.57
238559 -63.9242 -22.47 -27.57
237348 -61.5775 -22.47 -27.57
235715 -71.2224 -22.47 -27.57
232131 -65.8454 -22.47 -27.57
235585 -64.6374 -22.47 -27.57
236736 -63.975 -22.47 -27.57
232572 -60.1377 -22.47 -27.57
230446 -59.9806 -22.47 -27.57
231086 -62.3159 -22.47 -27.57
235388 -65.1486 -22.47 -27.57
227709 -63.933 -22.47 -27.57
233596 -56.3747 -22.47 -27.57
151336 -57.6666 -17.57 -15.13
157748 -58.433 -17.57 -15.13
158776 -62.5965 -17.57 -15.13
159326 -54.9493 -17.57 -15.13
150531 -61.0702 -17.57 -15.13
157205 -58.6016 -17.57 -15.13
145040 -61.6123 -17.57 -15.13
148276 -60.0142 -17.57 -15.13
156004 -60.4217 -17.57 -15.13
150914 -57.4887 -17.57 -15.13
156518 -57.318 -17.57 -15.13
157209 -56.6429 -17.57 -15.13
153433 -55.5785 -17.57 -15.13
155759 -55.6821 -17.57 -15.13
150454 -58.628 -17.57 -15.13
152524 -64.0119 -17.57 -15.13
152783 -54.1199 -17.57 -15.13
152955 -58.2247 -17.57 -15.13
149087 -62.7191 -17.57 -15.13
157910 -58.519 -17.57 -15.13
156586 -68.0237 -17.57 -15.13
147488 -59.7403 -17.57 -15.13
146062 -60.3614 -17.57 -15.13
144028 -63.3995 -17.57 -15.13
157438 -64.1947 -17.57 -15.13
154983 -58.4432 -17.57 -15.13
157490 -73.6174 -17.57 -15.13
158404 -58.2255 -17.57 -15.13
147153 -57.0557 -17.57 -15.13
160704 -66.63 -17.57 -15.13
154753 -61.1403 -17.57 -15.13
152257 -63.162 -17.57 -15.13
150445 -61.2507 -17.57 -15.13
151576 -66.1102 -17.57 -15.13
154290 -62.6324 -17.57 -15.13
159416 -65.1989 -17.57 -15.13
147784 -56.5382 -17.57 -15.13
147596 -62.9552 -17.57 -15.13
148698 -58.7722 -17.57 -15.13
237311 -68.1499 -26.92 -24.39
236505 -60.6016 -26.92 -24.39
231108 -59.394 -26.92 -24.39
235915 -67.1124 -26.92 -24.39
241496 -66.977 -26.92 -24.39
237267 -62.0968 -26.92 -24.39
234958 -63.255 -26.92 -24.39
232838 -60.9385 -26.92 -24.39
241061 -76.897 -26.92 -24.39
232709 -61.2432 -26.92 -24.39
235162 -65.4943 -26.92 -24.39
231037 -60.2051 -26.92 -24.39
239434 -67.4352 -26.92 -24.39
222888 -68.2527 -26.92 -24.39
235525 -60.1844 -26.92 -24.39
239250 -64.2432 -26.92 -24.39
233092 -66.9268 -26.92 -24.39
226625 -62.3325 -26.92 -24.39
210788 -68.8273 -26.92 -24.39
233009 -62.0879 -26.92 -24.39
255290 -73.4602 -26.92 -24.39
245040 -68.0877 -26.92 -24.39
237399 -66.5394 -26.92 -24.39
246577 -69.5367 -26.92 -24.39
224926 -69.1493 -26.92 -24.39
238526 -66.144 -26.92 -24.39
236522 -64.0749 -26.92 -24.39
244216 -64.5978 -26.92 -24.39
238553 -58.4001 -26.92 -24.39
241352 -59.8636 -26.92 -24.39
239731 -66.22 -26.92 -24.39
228116 -67.2274 -26.92 -24.39
237687 -69.9811 -26.92 -24.39
231246 -80.1919 -26.92 -24.39
242218 -59.3734 -26.92 -24.39
232126 -61.1095 -26.92 -24.39
224151 -67.282 -26.92 -24.39
243855 -65.1893 -26.92 -24.39
232989 -59.8785 -26.92 -24.39
72666 -58.8976 -3.55 11.69
81307 -51.0762 -3.55 11.69
79710 -57.972 -3.55 11.69
76563 -57.8841 -3.55 11.69
78149 -51.7515 -3.55 11.69
78566 -54.1301 -3.55 11.69
64198 -74.8386 -3.55 11.69
83711 -59.0357 -3.55 11.69
81406 -54.2199 -3.55 11.69
82464 -59.6922 -3.55 11.69
79260 -51.7852 -3.55 11.69
78247 -53.9549 -3.55 11.69
70649 -53.8358 -3.55 11.69
79092 -48.8592 -3.55 11.69
76143 -53.1771 -3.55 11.69
77459 -55.714 -3.55 11.69
75433 -54.6415 -3.55 11.69
77813 -55.9843 -3.55 11.69
80685 -63.1973 -3.55 11.69
73724 -54.3759 -3.55 11.69
83858 -53.2616 -3.55 11.69
83756 -62.7208 -3.55 11.69
77035 -52.543 -3.55 11.69
78863 -49.4825 -3.55 11.69
74505 -57.5003 -3.55 11.69
82682 -55.5687 -3.55 11.69
75084 -48.5761 -3.55 11.69
85713 -49.992 -3.55 11.69
83500 -49.0916 -3.55 11.69
75464 -51.2712 -3.55 11.69
77770 -55.1611 -3.55 11.69
89578 -56.9486 -3.55 11.69
79368 -49.3008 -3.55 11.69
80929 -56.465 -3.55 11.69
80375 -56.2185 -3.55 11.69
80680 -51.8577 -3.55 11.69
79441 -55.0205 -3.55 11.69
78566 -51.742 -3.55 11.69
79306 -58.1353 -3.55 11.69
