#rtt sig_str x y
207891 -62.7071 -16.68 -26.69
209247 -63.7577 -16.68 -26.69
211785 -58.2901 -16.68 -26.69
212740 -57.8052 -16.68 -26.69
207187 -61.9651 -16.68 -26.69
204794 -58.9707 -16.68 -26.69
208806 -62.6608 -16.68 -26.69
215322 -62.0097 -16.68 -26.69
206667 -64.1233 -16.68 -26.69
206668 -64.0734 -16.68 -26.69
204088 -62.1878 -16.68 -26.69
212899 -60.3457 -16.68 -26.69
205910 -61.5138 -16.68 -26.69
202715 -64.3957 -16.68 -26.69
212024 -69.4754 -16.68 -26.69
209940 -62.6481 -16.68 -26.69
216235 -66.9082 -16.68 -26.69
219034 -66.4088 -16.68 -26.69
212279 -59.9399 -16.68 -26.69
214883 -58.9646 -16.68 -26.69
209896 -61.2079 -16.68 -26.69
183700 -77.0503 -16.68 -26.69
219516 -65.3434 -16.68 -26.69
200828 -69.6039 -16.68 -26.69
206889 -64.1287 -16.68 -26.69
208970 -63.4817 -16.68 -26.69
211225 -60.5791 -16.68 -26.69
210201 -60.425 -16.68 -26.69
217445 -57.8204 -16.68 -26.69
210578 -55.0081 -16.68 -26.69
206106 -63.3734 -16.68 -26.69
211049 -60.9458 -16.68 -26.69
141201 -75.1366 -16.68 -26.69
207701 -61.8112 -16.68 -26.69
205487 -57.4298 -16.68 -26.69
192744 -80.7579 -16.68 -26.69
211952 -61.5244 -16.68 -26.69
209269 -59.9758 -16.68 -26.69
217921 -65.4306 -16.68 -26.69
199370 -59.8109 22.25 19.88
192082 -58.1177 22.25 19.88
192766 -62.1916 22.25 19.88
194337 -60.1968 22.25 19.88
194168 -55.7672 22.25 19.88
192918 -60.3952 22.25 19.88
197398 -60.9582 22.25 19.88
178554 -68.0088 22.25 19.88
200145 -63.6049 22.25 19.88
195566 -60.9734 22.25 19.88
189944 -60.2426 22.25 19.88
191184 -63.5301 22.25 19.88
182893 -69.045 22.25 19.88
189931 -63.1559 22.25 19.88
190788 -62.4 22.25 19.88
193991 -59.5314 22.25 19.88
200678 -60.789 22.25 19.88
191257 -61.946 22.25 19.88
190453 -58.1306 22.25 19.88
189696 -60.9472 22.25 19.88
191272 -57.4493 22.25 19.88
196859 -66.3595 22.25 19.88
191372 -62.7472 22.25 19.88
188394 -60.8058 22.25 19.88
197118 -61.6015 22.25 19.88
198517 -63.0795 22.25 19.88
192978 -57.1612 22.25 19.88
191735 -63.9939 22.25 19.88
190253 -58.039 22.25 19.88
200454 -60.8805 22.25 19.88
195157 -60.4516 22.25 19.88
192783 -61.8218 22.25 19.88
188669 -59.196 22.25 19.88
186914 -66.206 22.25 19.88
194632 -60.6773 22.25 19.88
198830 -64.4155 22.25 19.88
192768 -63.6209 22.25 19.88
198145 -61.1905 22.25 19.88
194633 -59.9348 22.25 19.88
123388 -60.4165 -17.6 -8.18
135034 -53.801 -17.6 -8.18
128584 -53.7058 -17.6 -8.18
81764 -72.6387 -17.6 -8.18
103410 -78.0729 -17.6 -8.18
131770 -56.6445 -17.6 -8.18
135997 -62.7218 -17.6 -8.18
124137 -58.3598 -17.6 -8.18
138245 -64.1378 -17.6 -8.18
134226 -56.2728 -17.6 -8.18
127168 -59.8105 -17.6 -8.18
131691 -56.4562 -17.6 -8.18
132164 -55.9336 -17.6 -8.18
133392 -58.6422 -17.6 -8.18
126818 -63.5758 -17.6 -8.18
126464 -63.9996 -17.6 -8.18
134286 -62.1817 -17.6 -8.18
124979 -56.0736 -17.6 -8.18
129842 -62.5218 -17.6 -8.18
130949 -51.0628 -17.6 -8.18
132483 -59.0577 -17.6 -8.18
131468 -61.1046 -17.6 -8.18
135879 -54.3593 -17.6 -8.18
128861 -60.6127 -17.6 -8.18
134313 -58.6257 -17.6 -8.18
114758 -67.7221 -17.6 -8.18
137344 -52.9553 -17.6 -8.18
135087 -54.9275 -17.6 -8.18
128946 -61.8851 -17.6 -8.18
128827 -60.0035 -17.6 -8.18
133783 -52.2815 -17.6 -8.18
129244 -66.0544 -17.6 -8.18
121548 -62.8366 -17.6 -8.18
132577 -61.9327 -17.6 -8.18
127378 -57.0036 -17.6 -8.18
123678 -59.7491 -17.6 -8.18
134644 -57.3007 -17.6 -8.18
126357 -57.2489 -17.6 -8.18
136603 -65.151 -17.6 -8.18
248014 -62.8218 25.12 28.77
241127 -66.6552 25.12 28.77
245738 -65.471 25.12 28.77
260113 -65.3699 25.12 28.77
259867 -60.3863 25.12 28.77
256917 -66.3666 25.12 28.77
260035 -63.9338 25.12 28.77
251299 -66.7376 25.12 28.77
255846 -63.5128 25.12 28.77
245798 -64.2866 25.12 28.77
246961 -61.1538 25.12 28.77
255877 -63.2374 25.12 28.77
257115 -64.9259 25.12 28.77
254877 -68.0386 25.12 28.77
247842 -61.7115 25.12 28.77
249479 -68.2866 25.12 28.77
244431 -71.0272 25.12 28.77
256915 -64.2934 25.12 28.77
254203 -65.3252 25.12 28.77
251680 -76.3078 25.12 28.77
269761 -77.7647 25.12 28.77
254896 -64.898 25.12 28.77
246017 -65.7087 25.12 28.77
257535 -67.8885 25.12 28.77
248890 -60.791 25.12 28.77
253674 -63.8875 25.12 28.77
250312 -65.4407 25.12 28.77
239867 -68.3572 25.12 28.77
250217 -62.9258 25.12 28.77
259361 -62.4211 25.12 28.77
256749 -63.3655 25.12 28.77
242394 -65.5948 25.12 28.77
259313 -64.7398 25.12 28.77
253344 -63.0199 25.12 28.77
261011 -66.2898 25.12 28.77
253834 -68.9747 25.12 28.77
259283 -68.5573 25.12 28.77
250369 -59.9798 25.12 28.77
258175 -64.5859 25.12 28.77
156415 -58.8799 -0.7 -24.61
168388 -56.8026 -0.7 -24.61
166381 -58.6306 -0.7 -24.61
154377 -57.9905 -0.7 -24.61
169320 -56.6226 -0.7 -24.61
167865 -54.1447 -0.7 -24.61
159994 -65.2558 -0.7 -24.61
165611 -68.0076 -0.7 -24.61
164382 -60.4638 -0.7 -24.61
166965 -59.7133 -0.7 -24.61
164914 -59.8955 -0.7 -24.61
171547 -54.3243 -0.7 -24.61
164424 -59.865 -0.7 -24.61
158362 -56.7558 -0.7 -24.61
159194 -55.1427 -0.7 -24.61
158111 -60.8254 -0.7 -24.61
167968 -56.9468 -0.7 -24.61
158349 -60.5318 -0.7 -24.61
163647 -58.0044 -0.7 -24.61
159457 -68.4785 -0.7 -24.61
166508 -54.4274 -0.7 -24.61
162904 -57.5304 -0.7 -24.61
164693 -55.8793 -0.7 -24.61
164175 -56.4631 -0.7 -24.61
160539 -60.7408 -0.7 -24.61
161996 -70.7329 -0.7 -24.61
171466 -68.7227 -0.7 -24.61
162534 -59.7648 -0.7 -24.61
158099 -60.6469 -0.7 -24.61
165275 -56.9712 -0.7 -24.61
162022 -61.2 -0.7 -24.61
162669 -61.8067 -0.7 -24.61
165635 -58.1217 -0.7 -24.61
159118 -59.9211 -0.7 -24.61
159748 -59.22 -0.7 -24.61
168134 -59.5472 -0.7 -24.61
165668 -55.5911 -0.7 -24.61
163563 -54.744 -0.7 -24.61
167997 -68.548 -0.7 -24.61
60662 -47.0535 6.71 -6.2
60917 -47.9925 6.71 -6.2
55951 -56.9733 6.71 -6.2
63138 -52.9188 6.71 -6.2
64640 -52.8707 6.71 -6.2
59719 -48.7356 6.71 -6.2
66710 -50.7524 6.71 -6.2
60974 -50.0616 6.71 -6.2
59180 -50.3941 6.71 -6.2
58669 -51.3716 6.71 -6.2
62568 -54.9096 6.71 -6.2
60378 -54.4056 6.71 -6.2
55938 -47.2736 6.71 -6.2
57306 -53.0979 6.71 -6.2
62440 -49.913 6.71 -6.2
67867 -55.7579 6.71 -6.2
61713 -50.6523 6.71 -6.2
62802 -48.9848 6.71 -6.2
64737 -55.9748 6.71 -6.2
58403 -52.3167 6.71 -6.2
60361 -50.1506 6.71 -6.2
63209 -50.8487 6.71 -6.2
61339 -52.2622 6.71 -6.2
58787 -51.9329 6.71 -6.2
45997 -57.768 6.71 -6.2
65344 -47.5339 6.71 -6.2
68623 -55.6417 6.71 -6.2
63727 -53.2109 6.71 -6.2
61613 -55.1917 6.71 -6.2
53174 -54.8718 6.71 -6.2
60216 -46.9781 6.71 -6.2
61168 -51.469 6.71 -6.2
64466 -44.4981 6.71 -6.2
60376 -49.2647 6.71 -6.2
59001 -48.2898 6.71 -6.2
59818 -60.6246 6.71 -6.2
60289 -54.5196 6.71 -6.2
56035 -56.7087 6.71 -6.2
54824 -50.2924 6.71 -6.2
110831 -58.5415 15.96 -8.75
120930 -55.1595 15.96 -8.75
114711 -60.1855 15.96 -8.75
114999 -48.7765 15.96 -8.75
115621 -61.0812 15.96 -8.75
121752 -62.6135 15.96 -8.75
111982 -60.2056 15.96 -8.75
121864 -56.8433 15.96 -8.75
112979 -58.8791 15.96 -8.75
117417 -60.0041 15.96 -8.75
121559 -59.0058 15.96 -8.75
110695 -56.8605 15.96 -8.75
127866 -69.093 15.96 -8.75
108622 -62.5631 15.96 -8.75
118893 -55.3301 15.96 -8.75
122682 -72.7078 15.96 -8.75
120847 -66.5754 15.96 -8.75
118535 -56.5586 15.96 -8.75
112305 -61.5876 15.96 -8.75
119085 -59.5389 15.96 -8.75
115158 -57.3814 15.96 -8.75
114085 -58.1396 15.96 -8.75
116726 -56.5038 15.96 -8.75
119607 -57.3712 15.96 -8.75
115859 -58.84 15.96 -8.75
126177 -61.7057 15.96 -8.75
120660 -62.178 15.96 -8.75
121321 -58.3963 15.96 -8.75
122463 -56.0495 15.96 -8.75
118488 -65.6944 15.96 -8.75
112633 -60.3174 15.96 -8.75
121204 -59.1094 15.96 -8.75
117507 -58.447 15.96 -8.75
119722 -54.6097 15.96 -8.75
119597 -54.4527 15.96 -8.75
123891 -56.7879 15.96 -8.75
114972 -59.6206 15.96 -8.75
118372 -58.4051 15.96 -8.75
120687 -50.8467 15.96 -8.75
12996 -34.3142 1.11 -0.8
9070 -35.0806 1.11 -0.8
13080 -39.2441 1.11 -0.8
10710 -31.5969 1.11 -0.8
14801 -37.7178 1.11 -0.8
5182 -35.2492 1.11 -0.8
14237 -38.2599 1.11 -0.8
10164 -36.6618 1.11 -0.8
9780 -37.0693 1.11 -0.8
11383 -34.1363 1.11 -0.8
12059 -33.9656 1.11 -0.8
6228 -33.2905 1.11 -0.8
14503 -32.2261 1.11 -0.8
9731 -32.3297 1.11 -0.8
11564 -35.2756 1.11 -0.8
16468 -40.6595 1.11 -0.8
14801 -30.7675 1.11 -0.8
8079 -34.8723 1.11 -0.8
16874 -39.3667 1.11 -0.8
12620 -35.1666 1.11 -0.8
9994 -44.6713 1.11 -0.8
4081 -36.3879 1.11 -0.8
9095 -37.009 1.11 -0.8
9167 -40.0471 1.11 -0.8
3521 -40.8423 1.11 -0.8
8970 -35.0908 1.11 -0.8
835 -50.265 1.11 -0.8
9773 -34.8731 1.11 -0.8
14827 -33.7033 1.11 -0.8
13882 -43.2776 1.11 -0.8
11941 -37.7879 1.11 -0.8
11710 -39.8096 1.11 -0.8
9104 -37.8983 1.11 -0.8
12735 -42.7578 1.11 -0.8
19362 -39.28 1.11 -0.8
7486 -41.8465 1.11 -0.8
16885 -33.1857 1.11 -0.8
10739 -39.6028 1.11 -0.8
6952 -35.4197 1.11 -0.8
208343 -67.071 -12.19 29.45
216965 -59.5226 -12.19 29.45
206897 -58.3151 -12.19 29.45
207893 -66.0334 -12.19 29.45
205075 -65.898 -12.19 29.45
207637 -61.0178 -12.19 29.45
216511 -62.176 -12.19 29.45
217260 -59.8596 -12.19 29.45
219418 -75.818 -12.19 29.45
213343 -60.1642 -12.19 29.45
209793 -64.4153 -12.19 29.45
214429 -59.1261 -12.19 29.45
221487 -66.3562 -12.19 29.45
211363 -67.1737 -12.19 29.45
213662 -59.1054 -12.19 29.45
209117 -63.1642 -12.19 29.45
209139 -65.8478 -12.19 29.45
209613 -61.2535 -12.19 29.45
218666 -67.7483 -12.19 29.45
212490 -61.0089 -12.19 29.45
205949 -72.3812 -12.19 29.45
210252 -67.0087 -12.19 29.45
213755 -65.4604 -12.19 29.45
187221 -68.4578 -12.19 29.45
213158 -68.0703 -12.19 29.45
216872 -65.065 -12.19 29.45
208657 -62.9959 -12.19 29.45
205559 -63.5189 -12.19 29.45
209280 -57.3212 -12.19 29.45
209048 -58.7846 -12.19 29.45
204104 -65.1411 -12.19 29.45
205659 -66.1484 -12.19 29.45
208665 -68.9021 -12.19 29.45
174422 -79.1129 -12.19 29.45
214488 -58.2945 -12.19 29.45
211495 -60.0305 -12.19 29.45
219830 -66.203 -12.19 29.45
212182 -64.1103 -12.19 29.45
208040 -58.7995 -12.19 29.45
170483 -65.2347 -18.74 18.5
174571 -57.4133 -18.74 18.5
183024 -64.3091 -18.74 18.5
192779 -64.2212 -18.74 18.5
176041 -58.0886 -18.74 18.5
180904 -60.4673 -18.74 18.5
154967 -81.1758 -18.74 18.5
175578 -65.3728 -18.74 18.5
171284 -60.5571 -18.74 18.5
169081 -66.0293 -18.74 18.5
177166 -58.1224 -18.74 18.5
177304 -60.292 -18.74 18.5
176422 -60.173 -18.74 18.5
176457 -55.1964 -18.74 18.5
176540 -59.5142 -18.74 18.5
178244 -62.0512 -18.74 18.5
181092 -60.9786 -18.74 18.5
164293 -62.3214 -18.74 18.5
178213 -69.5344 -18.74 18.5
175839 -60.713 -18.74 18.5
175345 -59.5987 -18.74 18.5
179556 -69.0579 -18.74 18.5
175910 -58.8802 -18.74 18.5
172619 -55.8197 -18.74 18.5
166370 -63.8374 -18.74 18.5
175543 -61.9058 -18.74 18.5
174359 -54.9132 -18.74 18.5
173975 -56.3292 -18.74 18.5
175780 -55.4288 -18.74 18.5
184674 -57.6084 -18.74 18.5
179489 -61.4983 -18.74 18.5
179678 -63.2858 -18.74 18.5
177565 -55.6379 -18.74 18.5
179892 -62.8021 -18.74 18.5
175882 -62.5557 -18.74 18.5
177572 -58.1949 -18.74 18.5
174121 -61.3576 -18.74 18.5
174426 -58.0792 -18.74 18.5
177678 -64.4724 -18.74 18.5
