#rtt sig_str x y
221074 -63.7547 23.58 26.85
230531 -64.8054 23.58 26.85
228655 -59.3378 23.58 26.85
226260 -58.8529 23.58 26.85
226427 -63.0128 23.58 26.85
226152 -60.0184 23.58 26.85
222093 -63.7085 23.58 26.85
233620 -63.0574 23.58 26.85
232105 -65.171 23.58 26.85
230233 -65.1211 23.58 26.85
223646 -63.2355 23.58 26.85
228121 -61.3934 23.58 26.85
229382 -62.5615 23.58 26.85
223036 -65.4434 23.58 26.85
220487 -70.5231 23.58 26.85
234332 -63.6957 23.58 26.85
226653 -67.9558 23.58 26.85
224477 -67.4565 23.58 26.85
224334 -60.9876 23.58 26.85
230537 -60.0123 23.58 26.85
220274 -62.2556 23.58 26.85
206953 -78.0979 23.58 26.85
221921 -66.391 23.58 26.85
214238 -70.6516 23.58 26.85
229355 -65.1763 23.58 26.85
231476 -64.5294 23.58 26.85
222711 -61.6267 23.58 26.85
221193 -61.4726 23.58 26.85
222554 -58.868 23.58 26.85
227339 -56.0558 23.58 26.85
221007 -64.421 23.58 26.85
230174 -61.9935 23.58 26.85
176894 -76.1842 23.58 26.85
227753 -62.8589 23.58 26.85
220272 -58.4775 23.58 26.85
179615 -81.8056 23.58 26.85
231045 -62.572 23.58 26.85
223930 -61.0235 23.58 26.85
225429 -66.4783 23.58 26.85
129334 -56.569 -10.08 -17.44
131873 -54.8758 -10.08 -17.44
133595 -58.9496 -10.08 -17.44
132771 -56.9549 -10.08 -17.44
135814 -52.5252 -10.08 -17.44
132787 -57.1533 -10.08 -17.44
140494 -57.7163 -10.08 -17.44
116867 -64.7669 -10.08 -17.44
129052 -60.3629 -10.08 -17.44
135062 -57.7314 -10.08 -17.44
129639 -57.0006 -10.08 -17.44
124083 -60.2882 -10.08 -17.44
134458 -65.8031 -10.08 -17.44
136823 -59.914 -10.08 -17.44
130596 -59.1581 -10.08 -17.44
138681 -56.2895 -10.08 -17.44
133979 -57.5471 -10.08 -17.44
138144 -58.704 -10.08 -17.44
133897 -54.8886 -10.08 -17.44
138420 -57.7052 -10.08 -17.44
131696 -54.2074 -10.08 -17.44
134500 -63.1176 -10.08 -17.44
140816 -59.5053 -10.08 -17.44
134834 -57.5639 -10.08 -17.44
132133 -58.3596 -10.08 -17.44
132969 -59.8376 -10.08 -17.44
132346 -53.9193 -10.08 -17.44
131344 -60.752 -10.08 -17.44
133437 -54.797 -10.08 -17.44
134058 -57.6386 -10.08 -17.44
138268 -57.2097 -10.08 -17.44
134197 -58.5799 -10.08 -17.44
139520 -55.9541 -10.08 -17.44
139395 -62.9641 -10.08 -17.44
135169 -57.4353 -10.08 -17.44
132821 -61.1736 -10.08 -17.44
133941 -60.379 -10.08 -17.44
140950 -57.9485 -10.08 -17.44
130246 -56.6929 -10.08 -17.44
221254 -64.6678 19.28 -26.15
220230 -58.0524 19.28 -26.15
224518 -57.9571 19.28 -26.15
240048 -76.8901 19.28 -26.15
218195 -61.0284 19.28 -26.15
216413 -59.1084 19.28 -26.15
218383 -57.3346 19.28 -26.15
227885 -64.1993 19.28 -26.15
220840 -63.3506 19.28 -26.15
215287 -60.3809 19.28 -26.15
220978 -62.9483 19.28 -26.15
213799 -70.1494 19.28 -26.15
215299 -60.5033 19.28 -26.15
234536 -77.3336 19.28 -26.15
229129 -66.223 19.28 -26.15
221364 -66.8232 19.28 -26.15
220546 -60.5344 19.28 -26.15
229667 -67.7703 19.28 -26.15
217475 -64.8503 19.28 -26.15
216443 -63.0027 19.28 -26.15
220101 -60.4468 19.28 -26.15
218418 -69.4027 19.28 -26.15
214974 -60.5402 19.28 -26.15
219317 -61.3911 19.28 -26.15
228123 -60.1919 19.28 -26.15
227675 -64.0918 19.28 -26.15
219359 -58.1589 19.28 -26.15
232034 -60.2722 19.28 -26.15
223476 -66.4519 19.28 -26.15
217315 -73.4335 19.28 -26.15
225133 -65.2801 19.28 -26.15
222372 -67.6268 19.28 -26.15
218196 -58.1024 19.28 -26.15
222542 -64.604 19.28 -26.15
218463 -61.193 19.28 -26.15
216559 -65.0705 19.28 -26.15
212722 -68.7428 19.28 -26.15
215778 -57.9869 19.28 -26.15
218749 -60.305 19.28 -26.15
184390 -60.2586 -27.5 -7.79
188114 -59.9951 -27.5 -7.79
189356 -63.8805 -27.5 -7.79
188191 -61.4062 -27.5 -7.79
183782 -59.0316 -27.5 -7.79
186950 -69.2606 -27.5 -7.79
195887 -66.7049 -27.5 -7.79
199552 -63.7884 -27.5 -7.79
192050 -57.7097 -27.5 -7.79
186287 -64.4008 -27.5 -7.79
186468 -65.6287 -27.5 -7.79
187203 -58.682 -27.5 -7.79
183553 -62.9299 -27.5 -7.79
187412 -59.408 -27.5 -7.79
195621 -67.6164 -27.5 -7.79
190363 -61.9818 -27.5 -7.79
185189 -56.4323 -27.5 -7.79
185537 -59.0424 -27.5 -7.79
182575 -65.5157 -27.5 -7.79
194546 -59.5877 -27.5 -7.79
196582 -62.6758 -27.5 -7.79
189763 -63.0551 -27.5 -7.79
190061 -62.135 -27.5 -7.79
184917 -62.152 -27.5 -7.79
190858 -65.861 -27.5 -7.79
190095 -61.4584 -27.5 -7.79
191346 -61.1944 -27.5 -7.79
187026 -67.8373 -27.5 -7.79
191027 -72.2467 -27.5 -7.79
181250 -62.5903 -27.5 -7.79
186242 -66.4235 -27.5 -7.79
193296 -65.4488 -27.5 -7.79
179462 -65.515 -27.5 -7.79
185185 -62.2337 -27.5 -7.79
184956 -61.4113 -27.5 -7.79
184585 -62.1527 -27.5 -7.79
187409 -61.3882 -27.5 -7.79
190590 -67.8838 -27.5 -7.79
146281 -76.8687 -27.5 -7.79
188302 -76.7684 -23.54 29.11
252260 -61.8177 -23.54 29.11
252282 -62.7442 -23.54 29.11
251216 -61.8974 -23.54 29.11
241999 -65.915 -23.54 29.11
244834 -54.9882 -23.54 29.11
250431 -67.1008 -23.54 29.11
252881 -64.7475 -23.54 29.11
255671 -65.0344 -23.54 29.11
254205 -61.2807 -23.54 29.11
263007 -64.142 -23.54 29.11
247256 -60.5537 -23.54 29.11
250161 -61.8454 -23.54 29.11
247965 -62.6095 -23.54 29.11
261837 -68.9191 -23.54 29.11
250237 -62.5524 -23.54 29.11
246334 -60.8437 -23.54 29.11
255977 -65.1857 -23.54 29.11
251816 -58.2329 -23.54 29.11
243355 -60.8023 -23.54 29.11
245674 -64.6133 -23.54 29.11
245220 -64.2024 -23.54 29.11
248550 -60.9311 -23.54 29.11
248184 -68.5282 -23.54 29.11
252961 -60.8626 -23.54 29.11
251855 -60.8514 -23.54 29.11
253273 -63.6557 -23.54 29.11
247372 -68.9998 -23.54 29.11
255214 -62.9045 -23.54 29.11
252036 -60.7987 -23.54 29.11
250972 -59.9379 -23.54 29.11
252348 -62.3747 -23.54 29.11
254396 -65.6428 -23.54 29.11
244806 -58.9313 -23.54 29.11
245232 -64.374 -23.54 29.11
252004 -58.4287 -23.54 29.11
242822 -62.3851 -23.54 29.11
241748 -61.6045 -23.54 29.11
254866 -59.7956 -23.54 29.11
164509 -58.7314 5.7 -24.04
152866 -60.5927 5.7 -24.04
144666 -65.6584 5.7 -24.04
158520 -64.1502 5.7 -24.04
148077 -66.6934 5.7 -24.04
159184 -62.7523 5.7 -24.04
154898 -58.1225 5.7 -24.04
154790 -62.3937 5.7 -24.04
157520 -59.155 5.7 -24.04
162537 -57.1294 5.7 -24.04
164180 -65.6014 5.7 -24.04
160290 -63.1272 5.7 -24.04
158519 -62.1371 5.7 -24.04
153211 -60.9638 5.7 -24.04
159002 -62.1153 5.7 -24.04
156208 -57.8258 5.7 -24.04
144340 -64.2439 5.7 -24.04
148621 -58.2566 5.7 -24.04
150514 -67.3479 5.7 -24.04
148575 -60.7263 5.7 -24.04
158724 -58.7159 5.7 -24.04
156682 -65.8244 5.7 -24.04
153167 -55.9744 5.7 -24.04
154559 -58.5568 5.7 -24.04
153825 -61.4563 5.7 -24.04
158512 -54.2983 5.7 -24.04
159305 -58.4793 5.7 -24.04
155694 -58.2219 5.7 -24.04
150302 -66.6593 5.7 -24.04
149016 -53.7519 5.7 -24.04
158199 -55.9661 5.7 -24.04
141585 -66.0721 5.7 -24.04
157939 -62.7341 5.7 -24.04
161493 -55.233 5.7 -24.04
160902 -59.6924 5.7 -24.04
154810 -65.5136 5.7 -24.04
163863 -60.8648 5.7 -24.04
155343 -66.5976 5.7 -24.04
153678 -58.7468 5.7 -24.04
58992 -46.4535 1.79 6.51
55558 -57.6881 1.79 6.51
56096 -55.5715 1.79 6.51
50794 -41.7241 1.79 6.51
50755 -56.7765 1.79 6.51
49226 -47.808 1.79 6.51
56162 -46.9915 1.79 6.51
52341 -50.3859 1.79 6.51
55845 -50.1462 1.79 6.51
53412 -53.755 1.79 6.51
47735 -50.6053 1.79 6.51
51935 -58.189 1.79 6.51
52839 -52.1878 1.79 6.51
55003 -48.6459 1.79 6.51
55506 -44.9896 1.79 6.51
49404 -52.2773 1.79 6.51
49336 -42.1463 1.79 6.51
56010 -55.9657 1.79 6.51
51648 -50.2928 1.79 6.51
53871 -52.0848 1.79 6.51
47715 -54.6351 1.79 6.51
53208 -49.4271 1.79 6.51
51849 -51.4245 1.79 6.51
52038 -45.8064 1.79 6.51
51722 -48.9799 1.79 6.51
52818 -47.6878 1.79 6.51
49579 -46.8469 1.79 6.51
49351 -45.3823 1.79 6.51
51166 -50.4203 1.79 6.51
55998 -50.8262 1.79 6.51
50708 -57.2121 1.79 6.51
46619 -53.6509 1.79 6.51
45690 -56.5239 1.79 6.51
50832 -50.4743 1.79 6.51
51486 -49.0464 1.79 6.51
51551 -48.4865 1.79 6.51
47002 -43.275 1.79 6.51
61853 -53.4067 1.79 6.51
53334 -49.1055 1.79 6.51
37364 -46.0031 -4.87 1.82
39407 -43.4897 -4.87 1.82
43737 -52.4274 -4.87 1.82
48249 -50.9928 -4.87 1.82
43264 -52.8833 -4.87 1.82
36515 -47.867 -4.87 1.82
38706 -54.2348 -4.87 1.82
29693 -49.0817 -4.87 1.82
38755 -42.0649 -4.87 1.82
38176 -52.3855 -4.87 1.82
43703 -49.3032 -4.87 1.82
44321 -47.7437 -4.87 1.82
38671 -44.0835 -4.87 1.82
39733 -44.7154 -4.87 1.82
44995 -46.7115 -4.87 1.82
41327 -46.2939 -4.87 1.82
36348 -45.1039 -4.87 1.82
44270 -46.9137 -4.87 1.82
40058 -46.3123 -4.87 1.82
39643 -46.5624 -4.87 1.82
36728 -47.2563 -4.87 1.82
39673 -43.9494 -4.87 1.82
40271 -52.3853 -4.87 1.82
39359 -43.9266 -4.87 1.82
39596 -46.3728 -4.87 1.82
35378 -42.9444 -4.87 1.82
39945 -43.1974 -4.87 1.82
41402 -53.3875 -4.87 1.82
40465 -53.7615 -4.87 1.82
45145 -46.7102 -4.87 1.82
41477 -47.4059 -4.87 1.82
46523 -44.3377 -4.87 1.82
36490 -46.7416 -4.87 1.82
41769 -50.5862 -4.87 1.82
38579 -47.3079 -4.87 1.82
40566 -41.916 -4.87 1.82
45384 -44.2248 -4.87 1.82
43227 -46.1835 -4.87 1.82
32701 -41.6713 -4.87 1.82
60851 -52.338 -9.88 -1.03
70453 -50.0658 -9.88 -1.03
59946 -55.287 -9.88 -1.03
64216 -50.0707 -9.88 -1.03
67499 -53.0376 -9.88 -1.03
67599 -52.4833 -9.88 -1.03
64610 -55.1951 -9.88 -1.03
65895 -49.8183 -9.88 -1.03
60512 -54.6954 -9.88 -1.03
66448 -48.7612 -9.88 -1.03
57457 -67.8079 -9.88 -1.03
61521 -50.3232 -9.88 -1.03
61386 -58.088 -9.88 -1.03
73818 -50.5819 -9.88 -1.03
66959 -54.1448 -9.88 -1.03
66329 -55.6482 -9.88 -1.03
59853 -50.6001 -9.88 -1.03
65368 -47.0957 -9.88 -1.03
66819 -56.6112 -9.88 -1.03
64300 -49.9708 -9.88 -1.03
65273 -57.3748 -9.88 -1.03
66919 -49.4566 -9.88 -1.03
65727 -48.8978 -9.88 -1.03
64102 -47.3946 -9.88 -1.03
60737 -57.0938 -9.88 -1.03
64602 -51.9159 -9.88 -1.03
63871 -51.0761 -9.88 -1.03
60498 -51.3349 -9.88 -1.03
67843 -49.724 -9.88 -1.03
63989 -55.166 -9.88 -1.03
63726 -56.2747 -9.88 -1.03
63695 -51.4208 -9.88 -1.03
68592 -53.8609 -9.88 -1.03
68910 -49.727 -9.88 -1.03
63104 -50.7967 -9.88 -1.03
68416 -49.8396 -9.88 -1.03
59257 -48.2895 -9.88 -1.03
63788 -48.4366 -9.88 -1.03
58747 -52.2425 -9.88 -1.03
134486 -60.9971 7.35 19.52
133421 -57.5486 7.35 19.52
136634 -57.7011 7.35 19.52
124444 -56.2322 7.35 19.52
139688 -59.8627 7.35 19.52
129329 -51.9005 7.35 19.52
135931 -55.3861 7.35 19.52
130077 -51.5857 7.35 19.52
133974 -55.4631 7.35 19.52
129937 -56.3457 7.35 19.52
137900 -56.3467 7.35 19.52
135006 -67.4133 7.35 19.52
126910 -58.2957 7.35 19.52
132896 -57.1787 7.35 19.52
135828 -58.095 7.35 19.52
139762 -54.5208 7.35 19.52
136689 -58.091 7.35 19.52
133261 -59.0437 7.35 19.52
134286 -61.0863 7.35 19.52
134496 -52.8859 7.35 19.52
137548 -62.5827 7.35 19.52
139906 -60.041 7.35 19.52
123508 -63.4828 7.35 19.52
135473 -55.5501 7.35 19.52
133341 -61.5253 7.35 19.52
127363 -57.2235 7.35 19.52
127049 -58.1669 7.35 19.52
139768 -58.2349 7.35 19.52
137836 -60.6731 7.35 19.52
135741 -61.9133 7.35 19.52
130686 -68.8533 7.35 19.52
135847 -56.4387 7.35 19.52
140007 -57.8449 7.35 19.52
135755 -65.9212 7.35 19.52
143088 -54.4 7.35 19.52
133320 -54.7865 7.35 19.52
128877 -63.6955 7.35 19.52
140754 -64.3828 7.35 19.52
133524 -58.4822 7.35 19.52
