#rtt sig_str x y
197033 -62.3766 -25.43 -16.36
195939 -63.4273 -25.43 -16.36
185238 -57.9597 -25.43 -16.36
187945 -57.4748 -25.43 -16.36
201428 -61.6347 -25.43 -16.36
197918 -58.6403 -25.43 -16.36
204448 -62.3303 -25.43 -16.36
189894 -61.6792 -25.43 -16.36
194597 -63.7929 -25.43 -16.36
195345 -63.7429 -25.43 -16.36
195016 -61.8574 -25.43 -16.36
193675 -60.0153 -25.43 -16.36
187793 -61.1834 -25.43 -16.36
194975 -64.0653 -25.43 -16.36
187913 -69.145 -25.43 -16.36
186239 -62.3176 -25.43 -16.36
191153 -66.5777 -25.43 -16.36
182435 -66.0784 -25.43 -16.36
196260 -59.6095 -25.43 -16.36
190694 -58.6342 -25.43 -16.36
200009 -60.8774 -25.43 -16.36
200796 -76.7198 -25.43 -16.36
203013 -65.0129 -25.43 -16.36
198975 -69.2735 -25.43 -16.36
194185 -63.7982 -25.43 -16.36
191702 -63.1513 -25.43 -16.36
198872 -60.2486 -25.43 -16.36
192786 -60.0945 -25.43 -16.36
189814 -57.4899 -25.43 -16.36
189594 -54.6777 -25.43 -16.36
182995 -63.0429 -25.43 -16.36
195368 -60.6153 -25.43 -16.36
155335 -74.8061 -25.43 -16.36
193001 -61.4808 -25.43 -16.36
192645 -57.0994 -25.43 -16.36
172323 -80.4275 -25.43 -16.36
195438 -61.1939 -25.43 -16.36
198456 -59.6454 -25.43 -16.36
198573 -65.1001 -25.43 -16.36
134074 -56.5119 16.8 -10.86
134367 -54.8186 16.8 -10.86
138207 -58.8925 16.8 -10.86
135663 -56.8977 16.8 -10.86
138173 -52.4681 16.8 -10.86
137055 -57.0961 16.8 -10.86
134576 -57.6592 16.8 -10.86
136972 -64.7097 16.8 -10.86
131743 -60.3058 16.8 -10.86
135592 -57.6743 16.8 -10.86
134386 -56.9435 16.8 -10.86
129227 -60.2311 16.8 -10.86
131040 -65.7459 16.8 -10.86
121844 -59.8569 16.8 -10.86
135596 -59.101 16.8 -10.86
131680 -56.2324 16.8 -10.86
138773 -57.49 16.8 -10.86
129981 -58.6469 16.8 -10.86
136887 -54.8315 16.8 -10.86
134331 -57.6481 16.8 -10.86
131937 -54.1503 16.8 -10.86
137058 -63.0605 16.8 -10.86
132103 -59.4481 16.8 -10.86
138640 -57.5068 16.8 -10.86
132801 -58.3024 16.8 -10.86
129362 -59.7805 16.8 -10.86
129231 -53.8622 16.8 -10.86
137067 -60.6949 16.8 -10.86
135074 -54.7399 16.8 -10.86
131444 -57.5814 16.8 -10.86
132067 -57.1526 16.8 -10.86
126796 -58.5227 16.8 -10.86
133658 -55.8969 16.8 -10.86
128688 -62.9069 16.8 -10.86
133888 -57.3782 16.8 -10.86
141777 -61.1165 16.8 -10.86
123636 -60.3218 16.8 -10.86
132411 -57.8914 16.8 -10.86
131850 -56.6358 16.8 -10.86
192817 -63.7126 -3.7 28.7
196063 -57.0971 -3.7 28.7
194329 -57.0019 -3.7 28.7
161103 -75.9348 -3.7 28.7
98311 -81.369 -3.7 28.7
189209 -59.9406 -3.7 28.7
193778 -66.018 -3.7 28.7
193394 -61.6559 -3.7 28.7
197431 -67.4339 -3.7 28.7
192438 -59.5689 -3.7 28.7
182105 -63.1066 -3.7 28.7
196308 -59.7523 -3.7 28.7
191598 -59.2297 -3.7 28.7
190029 -61.9383 -3.7 28.7
188828 -66.8719 -3.7 28.7
192208 -67.2957 -3.7 28.7
195588 -65.4778 -3.7 28.7
188349 -59.3697 -3.7 28.7
199139 -65.8179 -3.7 28.7
192576 -54.3589 -3.7 28.7
191490 -62.3538 -3.7 28.7
191599 -64.4007 -3.7 28.7
190138 -57.6554 -3.7 28.7
196050 -63.9088 -3.7 28.7
198233 -61.9219 -3.7 28.7
194166 -71.0182 -3.7 28.7
188850 -56.2514 -3.7 28.7
189150 -58.2236 -3.7 28.7
189612 -65.1812 -3.7 28.7
192387 -63.2996 -3.7 28.7
191438 -55.5776 -3.7 28.7
191812 -69.3505 -3.7 28.7
190417 -66.1327 -3.7 28.7
195641 -65.2288 -3.7 28.7
190556 -60.2997 -3.7 28.7
181430 -63.0452 -3.7 28.7
201029 -60.5969 -3.7 28.7
190657 -60.545 -3.7 28.7
185961 -68.4471 -3.7 28.7
95177 -54.3456 13.41 -2.67
91928 -58.179 13.41 -2.67
95576 -56.9948 13.41 -2.67
95040 -56.8937 13.41 -2.67
93960 -51.9101 13.41 -2.67
96685 -57.8904 13.41 -2.67
99091 -55.4576 13.41 -2.67
100778 -58.2614 13.41 -2.67
95045 -55.0366 13.41 -2.67
87886 -55.8104 13.41 -2.67
95369 -52.6776 13.41 -2.67
94026 -54.7612 13.41 -2.67
93981 -56.4497 13.41 -2.67
93153 -59.5624 13.41 -2.67
96639 -53.2352 13.41 -2.67
99761 -59.8104 13.41 -2.67
89942 -62.5509 13.41 -2.67
94024 -55.8172 13.41 -2.67
87924 -56.849 13.41 -2.67
98892 -67.8316 13.41 -2.67
93764 -69.2885 13.41 -2.67
89962 -56.4218 13.41 -2.67
96325 -57.2325 13.41 -2.67
89462 -59.4123 13.41 -2.67
97568 -52.3148 13.41 -2.67
96236 -55.4113 13.41 -2.67
91461 -56.9645 13.41 -2.67
96641 -59.881 13.41 -2.67
99175 -54.4496 13.41 -2.67
96780 -53.9449 13.41 -2.67
87353 -54.8892 13.41 -2.67
96246 -57.1186 13.41 -2.67
91970 -56.2636 13.41 -2.67
87498 -54.5437 13.41 -2.67
94241 -57.8136 13.41 -2.67
90790 -60.4985 13.41 -2.67
102688 -60.0811 13.41 -2.67
87982 -51.5036 13.41 -2.67
95159 -56.1097 13.41 -2.67
212701 -60.7566 28.68 -11.52
207523 -58.6793 28.68 -11.52
203400 -60.5072 28.68 -11.52
208754 -59.8672 28.68 -11.52
206912 -58.4993 28.68 -11.52
208134 -56.0214 28.68 -11.52
204040 -67.1325 28.68 -11.52
202117 -69.8842 28.68 -11.52
204343 -62.3404 28.68 -11.52
209868 -61.59 28.68 -11.52
208476 -61.7722 28.68 -11.52
211076 -56.201 28.68 -11.52
201062 -61.7416 28.68 -11.52
199989 -58.6324 28.68 -11.52
210172 -57.0193 28.68 -11.52
205104 -62.7021 28.68 -11.52
207659 -58.8235 28.68 -11.52
209639 -62.4085 28.68 -11.52
219992 -59.8811 28.68 -11.52
213101 -70.3552 28.68 -11.52
211429 -56.3041 28.68 -11.52
209651 -59.4071 28.68 -11.52
208480 -57.756 28.68 -11.52
218561 -58.3398 28.68 -11.52
211540 -62.6175 28.68 -11.52
190483 -72.6096 28.68 -11.52
173410 -70.5994 28.68 -11.52
206799 -61.6414 28.68 -11.52
208850 -62.5235 28.68 -11.52
199719 -58.8479 28.68 -11.52
212934 -63.0767 28.68 -11.52
210702 -63.6833 28.68 -11.52
206152 -59.9984 28.68 -11.52
212601 -61.7978 28.68 -11.52
210738 -61.0966 28.68 -11.52
202573 -61.4239 28.68 -11.52
210372 -57.4678 28.68 -11.52
210551 -56.6206 28.68 -11.52
202990 -70.4246 28.68 -11.52
85904 -50.7835 2.31 -14.17
87344 -51.7225 2.31 -14.17
90128 -60.7033 2.31 -14.17
86794 -56.6488 2.31 -14.17
89749 -56.6006 2.31 -14.17
85420 -52.4656 2.31 -14.17
82225 -54.4824 2.31 -14.17
85284 -53.7916 2.31 -14.17
92408 -54.1241 2.31 -14.17
83295 -55.1016 2.31 -14.17
86932 -58.6396 2.31 -14.17
82926 -58.1356 2.31 -14.17
88685 -51.0036 2.31 -14.17
92495 -56.8279 2.31 -14.17
83985 -53.643 2.31 -14.17
93640 -59.4879 2.31 -14.17
97010 -54.3823 2.31 -14.17
86850 -52.7148 2.31 -14.17
90924 -59.7048 2.31 -14.17
89330 -56.0467 2.31 -14.17
85859 -53.8806 2.31 -14.17
87059 -54.5787 2.31 -14.17
89528 -55.9922 2.31 -14.17
79989 -55.6628 2.31 -14.17
89668 -61.4979 2.31 -14.17
84535 -51.2639 2.31 -14.17
88192 -59.3717 2.31 -14.17
84770 -56.9409 2.31 -14.17
87446 -58.9217 2.31 -14.17
86997 -58.6018 2.31 -14.17
84670 -50.7081 2.31 -14.17
89761 -55.199 2.31 -14.17
88746 -48.2281 2.31 -14.17
90969 -52.9947 2.31 -14.17
90885 -52.0198 2.31 -14.17
87323 -64.3545 2.31 -14.17
87749 -58.2496 2.31 -14.17
88070 -60.4387 2.31 -14.17
83924 -54.0224 2.31 -14.17
165234 -61.0943 0.07 -24.8
167287 -57.7122 0.07 -24.8
171453 -62.7382 0.07 -24.8
160606 -51.3292 0.07 -24.8
152072 -63.6339 0.07 -24.8
154461 -65.1662 0.07 -24.8
156844 -62.7583 0.07 -24.8
162225 -59.396 0.07 -24.8
174074 -61.4318 0.07 -24.8
156068 -62.5568 0.07 -24.8
164924 -61.5585 0.07 -24.8
162481 -59.4132 0.07 -24.8
157392 -71.6457 0.07 -24.8
163101 -65.1158 0.07 -24.8
162568 -57.8828 0.07 -24.8
122530 -75.2605 0.07 -24.8
157571 -69.1281 0.07 -24.8
163768 -59.1113 0.07 -24.8
157407 -64.1403 0.07 -24.8
162928 -62.0916 0.07 -24.8
162806 -59.9341 0.07 -24.8
165788 -60.6923 0.07 -24.8
162740 -59.0565 0.07 -24.8
155981 -59.9239 0.07 -24.8
157060 -61.3928 0.07 -24.8
165765 -64.2584 0.07 -24.8
165589 -64.7308 0.07 -24.8
161670 -60.949 0.07 -24.8
161339 -58.6022 0.07 -24.8
157432 -68.2471 0.07 -24.8
167051 -62.8701 0.07 -24.8
150611 -61.6621 0.07 -24.8
162677 -60.9997 0.07 -24.8
161831 -57.1624 0.07 -24.8
164130 -57.0054 0.07 -24.8
168487 -59.3406 0.07 -24.8
167574 -62.1733 0.07 -24.8
164028 -60.9578 0.07 -24.8
160262 -53.3994 0.07 -24.8
180848 -58.6534 -25.68 -4.84
178653 -59.4198 -25.68 -4.84
172886 -63.5833 -25.68 -4.84
178121 -55.9361 -25.68 -4.84
172261 -62.057 -25.68 -4.84
181052 -59.5884 -25.68 -4.84
178408 -62.5991 -25.68 -4.84
180756 -61.001 -25.68 -4.84
180102 -61.4085 -25.68 -4.84
184365 -58.4755 -25.68 -4.84
177615 -58.3048 -25.68 -4.84
181363 -57.6297 -25.68 -4.84
177544 -56.5652 -25.68 -4.84
183966 -56.6689 -25.68 -4.84
183747 -59.6148 -25.68 -4.84
177564 -64.9987 -25.68 -4.84
180600 -55.1067 -25.68 -4.84
184260 -59.2115 -25.68 -4.84
181503 -63.7059 -25.68 -4.84
178798 -59.5058 -25.68 -4.84
172791 -69.0105 -25.68 -4.84
175762 -60.7271 -25.68 -4.84
177356 -61.3482 -25.68 -4.84
182473 -64.3863 -25.68 -4.84
157317 -65.1815 -25.68 -4.84
181751 -59.43 -25.68 -4.84
153636 -74.6042 -25.68 -4.84
183289 -59.2123 -25.68 -4.84
183650 -58.0425 -25.68 -4.84
183456 -67.6168 -25.68 -4.84
177301 -62.1271 -25.68 -4.84
173325 -64.1488 -25.68 -4.84
182503 -62.2375 -25.68 -4.84
164576 -67.097 -25.68 -4.84
182689 -63.6192 -25.68 -4.84
182366 -66.1857 -25.68 -4.84
185171 -57.5249 -25.68 -4.84
176826 -63.942 -25.68 -4.84
186235 -59.7589 -25.68 -4.84
215553 -67.1562 -13.9 -29.05
210645 -59.6079 -13.9 -29.05
213344 -58.4003 -13.9 -29.05
214771 -66.1187 -13.9 -29.05
223376 -65.9833 -13.9 -29.05
219328 -61.103 -13.9 -29.05
213731 -62.2613 -13.9 -29.05
207860 -59.9448 -13.9 -29.05
230370 -75.9032 -13.9 -29.05
214567 -60.2494 -13.9 -29.05
208220 -64.5006 -13.9 -29.05
211530 -59.2114 -13.9 -29.05
220390 -66.4414 -13.9 -29.05
211203 -67.259 -13.9 -29.05
212620 -59.1907 -13.9 -29.05
213963 -63.2495 -13.9 -29.05
208220 -65.9331 -13.9 -29.05
213408 -61.3388 -13.9 -29.05
211964 -67.8336 -13.9 -29.05
212108 -61.0942 -13.9 -29.05
199743 -72.4665 -13.9 -29.05
210934 -67.094 -13.9 -29.05
208069 -65.5457 -13.9 -29.05
212686 -68.543 -13.9 -29.05
203172 -68.1556 -13.9 -29.05
213609 -65.1503 -13.9 -29.05
212431 -63.0812 -13.9 -29.05
221432 -63.6041 -13.9 -29.05
211631 -57.4064 -13.9 -29.05
217902 -58.8699 -13.9 -29.05
204326 -65.2263 -13.9 -29.05
223182 -66.2336 -13.9 -29.05
215900 -68.9874 -13.9 -29.05
207459 -79.1981 -13.9 -29.05
216445 -58.3797 -13.9 -29.05
216599 -60.1158 -13.9 -29.05
212834 -66.2883 -13.9 -29.05
225357 -64.1956 -13.9 -29.05
212870 -58.8848 -13.9 -29.05
21222 -42.4769 -0.01 1.67
24615 -34.6555 -0.01 1.67
24975 -41.5513 -0.01 1.67
17081 -41.4634 -0.01 1.67
22293 -35.3308 -0.01 1.67
19907 -37.7095 -0.01 1.67
16588 -58.4179 -0.01 1.67
27531 -42.615 -0.01 1.67
23427 -37.7992 -0.01 1.67
22955 -43.2715 -0.01 1.67
21303 -35.3646 -0.01 1.67
18705 -37.5342 -0.01 1.67
27220 -37.4152 -0.01 1.67
23101 -32.4386 -0.01 1.67
25082 -36.7564 -0.01 1.67
26143 -39.2934 -0.01 1.67
28869 -38.2208 -0.01 1.67
22664 -39.5636 -0.01 1.67
27634 -46.7766 -0.01 1.67
25833 -37.9552 -0.01 1.67
25538 -36.8409 -0.01 1.67
20780 -46.3001 -0.01 1.67
24800 -36.1224 -0.01 1.67
27324 -33.0619 -0.01 1.67
19442 -41.0796 -0.01 1.67
17833 -39.148 -0.01 1.67
20269 -32.1554 -0.01 1.67
25018 -33.5714 -0.01 1.67
18549 -32.671 -0.01 1.67
20663 -34.8506 -0.01 1.67
20299 -38.7405 -0.01 1.67
25951 -40.528 -0.01 1.67
25817 -32.8801 -0.01 1.67
22639 -40.0443 -0.01 1.67
25986 -39.7979 -0.01 1.67
20412 -35.4371 -0.01 1.67
23678 -38.5998 -0.01 1.67
28937 -35.3214 -0.01 1.67
25808 -41.7146 -0.01 1.67
