#rtt sig_str x y
72045 -53.7223 2.6 10.27
64160 -54.7729 2.6 10.27
71273 -49.3053 2.6 10.27
64131 -48.8204 2.6 10.27
70949 -52.9803 2.6 10.27
68169 -49.9859 2.6 10.27
68743 -53.676 2.6 10.27
74897 -53.0249 2.6 10.27
64028 -55.1385 2.6 10.27
72527 -55.0886 2.6 10.27
70873 -53.203 2.6 10.27
70871 -51.3609 2.6 10.27
67057 -52.529 2.6 10.27
75918 -55.4109 2.6 10.27
71855 -60.4906 2.6 10.27
70541 -53.6632 2.6 10.27
75193 -57.9234 2.6 10.27
71117 -57.424 2.6 10.27
66535 -50.9551 2.6 10.27
64526 -49.9798 2.6 10.27
67897 -52.2231 2.6 10.27
64979 -68.0655 2.6 10.27
70316 -56.3586 2.6 10.27
65448 -60.6191 2.6 10.27
72266 -55.1439 2.6 10.27
74892 -54.4969 2.6 10.27
61336 -51.5943 2.6 10.27
69197 -51.4401 2.6 10.27
69156 -48.8356 2.6 10.27
63600 -46.0233 2.6 10.27
67540 -54.3886 2.6 10.27
67608 -51.961 2.6 10.27
75251 -66.1517 2.6 10.27
70861 -52.8264 2.6 10.27
66037 -48.445 2.6 10.27
65967 -71.7731 2.6 10.27
73126 -52.5396 2.6 10.27
68691 -50.991 2.6 10.27
67983 -56.4458 2.6 10.27
92705 -53.7475 -13.3 -5.28
93405 -52.0542 -13.3 -5.28
90727 -56.1281 -13.3 -5.28
98588 -54.1333 -13.3 -5.28
92123 -49.7037 -13.3 -5.28
96189 -54.3317 -13.3 -5.28
98134 -54.8947 -13.3 -5.28
95711 -61.9453 -13.3 -5.28
93571 -57.5414 -13.3 -5.28
90418 -54.9099 -13.3 -5.28
93594 -54.1791 -13.3 -5.28
89210 -57.4666 -13.3 -5.28
91642 -62.9815 -13.3 -5.28
94106 -57.0924 -13.3 -5.28
95226 -56.3365 -13.3 -5.28
91574 -53.468 -13.3 -5.28
96415 -54.7256 -13.3 -5.28
94040 -55.8825 -13.3 -5.28
94540 -52.0671 -13.3 -5.28
94771 -54.8837 -13.3 -5.28
90601 -51.3859 -13.3 -5.28
98328 -60.296 -13.3 -5.28
95196 -56.6837 -13.3 -5.28
91800 -54.7423 -13.3 -5.28
90977 -55.538 -13.3 -5.28
94308 -57.0161 -13.3 -5.28
91760 -51.0978 -13.3 -5.28
99004 -57.9305 -13.3 -5.28
92944 -51.9755 -13.3 -5.28
97978 -54.817 -13.3 -5.28
91059 -54.3881 -13.3 -5.28
91097 -55.7583 -13.3 -5.28
87533 -53.1325 -13.3 -5.28
96379 -60.1425 -13.3 -5.28
94795 -54.6138 -13.3 -5.28
90704 -58.352 -13.3 -5.28
96433 -57.5574 -13.3 -5.28
94348 -55.127 -13.3 -5.28
93297 -53.8713 -13.3 -5.28
27625 -48.8843 -4.53 1.58
32049 -42.2689 -4.53 1.58
36290 -42.1736 -4.53 1.58
22076 -61.1066 -4.53 1.58
30702 -66.5408 -4.53 1.58
33419 -45.1124 -4.53 1.58
32020 -51.1897 -4.53 1.58
32060 -46.8277 -4.53 1.58
29354 -52.6056 -4.53 1.58
32922 -44.7407 -4.53 1.58
37769 -48.2784 -4.53 1.58
32160 -44.924 -4.53 1.58
31044 -44.4015 -4.53 1.58
33686 -47.1101 -4.53 1.58
35347 -52.0436 -4.53 1.58
38132 -52.4674 -4.53 1.58
36238 -50.6495 -4.53 1.58
37084 -44.5415 -4.53 1.58
28690 -50.9897 -4.53 1.58
32029 -39.5307 -4.53 1.58
36006 -47.5256 -4.53 1.58
34551 -49.5725 -4.53 1.58
32154 -42.8272 -4.53 1.58
31106 -49.0805 -4.53 1.58
29912 -47.0936 -4.53 1.58
23089 -56.1899 -4.53 1.58
33707 -41.4231 -4.53 1.58
34715 -43.3954 -4.53 1.58
28269 -50.353 -4.53 1.58
35880 -48.4714 -4.53 1.58
33899 -40.7494 -4.53 1.58
32399 -54.5222 -4.53 1.58
29807 -51.3044 -4.53 1.58
32379 -50.4006 -4.53 1.58
32508 -45.4715 -4.53 1.58
36434 -48.217 -4.53 1.58
30833 -45.7686 -4.53 1.58
26571 -45.7168 -4.53 1.58
31381 -53.6189 -4.53 1.58
192798 -60.703 20.69 -21.09
199101 -64.5365 20.69 -21.09
202720 -63.3523 20.69 -21.09
195765 -63.2511 20.69 -21.09
198156 -58.2675 20.69 -21.09
199139 -64.2479 20.69 -21.09
200137 -61.8151 20.69 -21.09
197686 -64.6188 20.69 -21.09
198268 -61.394 20.69 -21.09
195498 -62.1678 20.69 -21.09
202093 -59.0351 20.69 -21.09
195353 -61.1187 20.69 -21.09
200153 -62.8071 20.69 -21.09
203526 -65.9198 20.69 -21.09
196280 -59.5927 20.69 -21.09
200120 -66.1678 20.69 -21.09
202159 -68.9084 20.69 -21.09
200660 -62.1746 20.69 -21.09
198879 -63.2064 20.69 -21.09
204358 -74.1891 20.69 -21.09
146507 -75.6459 20.69 -21.09
200117 -62.7793 20.69 -21.09
190320 -63.59 20.69 -21.09
183440 -65.7698 20.69 -21.09
199059 -58.6723 20.69 -21.09
192291 -61.7687 20.69 -21.09
197275 -63.3219 20.69 -21.09
202734 -66.2385 20.69 -21.09
187794 -60.807 20.69 -21.09
195389 -60.3023 20.69 -21.09
200906 -61.2467 20.69 -21.09
195704 -63.4761 20.69 -21.09
193213 -62.6211 20.69 -21.09
199830 -60.9012 20.69 -21.09
196848 -64.171 20.69 -21.09
201921 -66.8559 20.69 -21.09
189758 -66.4385 20.69 -21.09
199045 -57.8611 20.69 -21.09
192754 -62.4671 20.69 -21.09
237618 -62.0521 -29.72 -20.6
243038 -59.9748 -29.72 -20.6
241591 -61.8027 -29.72 -20.6
237546 -61.1627 -29.72 -20.6
240322 -59.7948 -29.72 -20.6
242404 -57.3169 -29.72 -20.6
227889 -68.428 -29.72 -20.6
253874 -71.1797 -29.72 -20.6
238529 -63.6359 -29.72 -20.6
235531 -62.8855 -29.72 -20.6
238273 -63.0677 -29.72 -20.6
236449 -57.4965 -29.72 -20.6
240771 -63.0371 -29.72 -20.6
236082 -59.9279 -29.72 -20.6
237658 -58.3148 -29.72 -20.6
244697 -63.9976 -29.72 -20.6
241576 -60.119 -29.72 -20.6
239164 -63.704 -29.72 -20.6
244158 -61.1766 -29.72 -20.6
244873 -71.6507 -29.72 -20.6
242123 -57.5996 -29.72 -20.6
240309 -60.7026 -29.72 -20.6
234734 -59.0515 -29.72 -20.6
237775 -59.6353 -29.72 -20.6
242775 -63.913 -29.72 -20.6
188129 -73.9051 -29.72 -20.6
244893 -71.8949 -29.72 -20.6
240823 -62.9369 -29.72 -20.6
237503 -63.819 -29.72 -20.6
239895 -60.1434 -29.72 -20.6
241176 -64.3722 -29.72 -20.6
235960 -64.9788 -29.72 -20.6
236999 -61.2939 -29.72 -20.6
242331 -63.0933 -29.72 -20.6
234172 -62.3922 -29.72 -20.6
246099 -62.7194 -29.72 -20.6
239032 -58.7633 -29.72 -20.6
241611 -57.9162 -29.72 -20.6
224812 -71.7201 -29.72 -20.6
196319 -56.7244 -22.71 -18.82
198567 -57.6634 -22.71 -18.82
198299 -66.6442 -22.71 -18.82
209720 -62.5897 -22.71 -18.82
199463 -62.5415 -22.71 -18.82
198878 -58.4065 -22.71 -18.82
200076 -60.4233 -22.71 -18.82
194029 -59.7325 -22.71 -18.82
209029 -60.065 -22.71 -18.82
200120 -61.0425 -22.71 -18.82
200810 -64.5805 -22.71 -18.82
204977 -64.0765 -22.71 -18.82
202340 -56.9444 -22.71 -18.82
207088 -62.7688 -22.71 -18.82
198489 -59.5839 -22.71 -18.82
209645 -65.4288 -22.71 -18.82
200037 -60.3232 -22.71 -18.82
201782 -58.6557 -22.71 -18.82
203642 -65.6457 -22.71 -18.82
208244 -61.9876 -22.71 -18.82
204092 -59.8215 -22.71 -18.82
201264 -60.5196 -22.71 -18.82
201597 -61.9331 -22.71 -18.82
193363 -61.6037 -22.71 -18.82
199373 -67.4388 -22.71 -18.82
199054 -57.2048 -22.71 -18.82
204322 -65.3126 -22.71 -18.82
203469 -62.8818 -22.71 -18.82
192101 -64.8626 -22.71 -18.82
192017 -64.5426 -22.71 -18.82
201274 -56.649 -22.71 -18.82
205752 -61.1399 -22.71 -18.82
196353 -54.169 -22.71 -18.82
200773 -58.9356 -22.71 -18.82
192524 -57.9607 -22.71 -18.82
194148 -70.2954 -22.71 -18.82
194377 -64.1905 -22.71 -18.82
199865 -66.3795 -22.71 -18.82
197553 -59.9633 -22.71 -18.82
130327 -59.3991 10.25 -17.4
136248 -56.0171 10.25 -17.4
131001 -61.043 10.25 -17.4
134566 -49.6341 10.25 -17.4
133780 -61.9388 10.25 -17.4
135741 -63.471 10.25 -17.4
132759 -61.0631 10.25 -17.4
130404 -57.7009 10.25 -17.4
130126 -59.7367 10.25 -17.4
134108 -60.8616 10.25 -17.4
128570 -59.8634 10.25 -17.4
130717 -57.7181 10.25 -17.4
142843 -69.9506 10.25 -17.4
133571 -63.4207 10.25 -17.4
137302 -56.1877 10.25 -17.4
152270 -73.5653 10.25 -17.4
132605 -67.433 10.25 -17.4
132551 -57.4161 10.25 -17.4
131341 -62.4451 10.25 -17.4
129094 -60.3964 10.25 -17.4
136201 -58.239 10.25 -17.4
135441 -58.9971 10.25 -17.4
132991 -57.3614 10.25 -17.4
140546 -58.2287 10.25 -17.4
131690 -59.6976 10.25 -17.4
126999 -62.5632 10.25 -17.4
122377 -63.0356 10.25 -17.4
136550 -59.2538 10.25 -17.4
131503 -56.9071 10.25 -17.4
126812 -66.552 10.25 -17.4
129397 -61.175 10.25 -17.4
133347 -59.967 10.25 -17.4
137751 -59.3046 10.25 -17.4
137306 -55.4673 10.25 -17.4
134793 -55.3102 10.25 -17.4
134770 -57.6455 10.25 -17.4
125814 -60.4782 10.25 -17.4
127925 -59.2626 10.25 -17.4
136885 -51.7043 10.25 -17.4
128945 -56.345 19.55 -2.84
125171 -57.1114 19.55 -2.84
127377 -61.2749 19.55 -2.84
124170 -53.6277 19.55 -2.84
137383 -59.7487 19.55 -2.84
132132 -57.28 19.55 -2.84
128980 -60.2907 19.55 -2.84
129667 -58.6926 19.55 -2.84
129436 -59.1001 19.55 -2.84
125699 -56.1671 19.55 -2.84
128405 -55.9964 19.55 -2.84
131664 -55.3213 19.55 -2.84
131253 -54.2569 19.55 -2.84
130179 -54.3606 19.55 -2.84
133904 -57.3065 19.55 -2.84
118931 -62.6903 19.55 -2.84
129267 -52.7983 19.55 -2.84
132508 -56.9031 19.55 -2.84
131119 -61.3975 19.55 -2.84
128945 -57.1974 19.55 -2.84
128195 -66.7021 19.55 -2.84
130022 -58.4187 19.55 -2.84
135698 -59.0398 19.55 -2.84
124726 -62.0779 19.55 -2.84
130445 -62.8731 19.55 -2.84
123880 -57.1216 19.55 -2.84
127817 -72.2958 19.55 -2.84
130877 -56.9039 19.55 -2.84
131801 -55.7341 19.55 -2.84
113217 -65.3084 19.55 -2.84
121575 -59.8187 19.55 -2.84
121845 -61.8404 19.55 -2.84
124112 -59.9291 19.55 -2.84
125487 -64.7887 19.55 -2.84
125659 -61.3108 19.55 -2.84
128666 -63.8774 19.55 -2.84
126390 -55.2166 19.55 -2.84
126930 -61.6336 19.55 -2.84
124179 -57.4506 19.55 -2.84
208235 -66.8739 -21.8 22.21
202518 -59.3256 -21.8 22.21
203674 -58.118 -21.8 22.21
196281 -65.8364 -21.8 22.21
198679 -65.701 -21.8 22.21
197883 -60.8207 -21.8 22.21
202202 -61.979 -21.8 22.21
198410 -59.6625 -21.8 22.21
207790 -75.6209 -21.8 22.21
206026 -59.9671 -21.8 22.21
202532 -64.2183 -21.8 22.21
198738 -58.9291 -21.8 22.21
201019 -66.1591 -21.8 22.21
205851 -66.9767 -21.8 22.21
197737 -58.9084 -21.8 22.21
206029 -62.9672 -21.8 22.21
210861 -65.6508 -21.8 22.21
195802 -61.0565 -21.8 22.21
212847 -67.5513 -21.8 22.21
202892 -60.8119 -21.8 22.21
210577 -72.1842 -21.8 22.21
200577 -66.8117 -21.8 22.21
192723 -65.2634 -21.8 22.21
188201 -68.2607 -21.8 22.21
198874 -67.8733 -21.8 22.21
206495 -64.868 -21.8 22.21
195873 -62.7989 -21.8 22.21
204830 -63.3218 -21.8 22.21
205936 -57.1241 -21.8 22.21
198521 -58.5876 -21.8 22.21
193288 -64.944 -21.8 22.21
195322 -65.9513 -21.8 22.21
195173 -68.7051 -21.8 22.21
112691 -78.9158 -21.8 22.21
199214 -58.0974 -21.8 22.21
193732 -59.8335 -21.8 22.21
208506 -66.006 -21.8 22.21
196334 -63.9133 -21.8 22.21
202905 -58.6025 -21.8 22.21
160434 -65.3072 4.51 -26.18
185594 -57.4858 4.51 -26.18
178303 -64.3816 4.51 -26.18
176667 -64.2937 4.51 -26.18
180725 -58.1611 4.51 -26.18
181784 -60.5398 4.51 -26.18
231079 -81.2483 4.51 -26.18
179864 -65.4453 4.51 -26.18
176338 -60.6296 4.51 -26.18
179168 -66.1018 4.51 -26.18
184151 -58.1949 4.51 -26.18
185325 -60.3645 4.51 -26.18
176957 -60.2455 4.51 -26.18
181010 -55.2689 4.51 -26.18
183641 -59.5867 4.51 -26.18
182234 -62.1237 4.51 -26.18
179139 -61.0511 4.51 -26.18
178616 -62.3939 4.51 -26.18
182363 -69.6069 4.51 -26.18
184215 -60.7855 4.51 -26.18
181435 -59.6712 4.51 -26.18
191018 -69.1304 4.51 -26.18
176789 -58.9527 4.51 -26.18
186757 -55.8922 4.51 -26.18
175803 -63.9099 4.51 -26.18
180000 -61.9783 4.51 -26.18
183389 -54.9857 4.51 -26.18
178960 -56.4017 4.51 -26.18
183560 -55.5013 4.51 -26.18
185595 -57.6809 4.51 -26.18
176904 -61.5708 4.51 -26.18
184838 -63.3583 4.51 -26.18
178970 -55.7104 4.51 -26.18
174813 -62.8746 4.51 -26.18
183836 -62.6282 4.51 -26.18
180523 -58.2674 4.51 -26.18
182988 -61.4302 4.51 -26.18
179517 -58.1517 4.51 -26.18
184343 -64.545 4.51 -26.18
