#rtt sig_str x y
212803 -62.9063 -19.19 -25.91
206020 -63.9569 -19.19 -25.91
215371 -58.4894 -19.19 -25.91
204860 -58.0045 -19.19 -25.91
208728 -62.1643 -19.19 -25.91
206957 -59.17 -19.19 -25.91
204214 -62.86 -19.19 -25.91
207068 -62.2089 -19.19 -25.91
208197 -64.3226 -19.19 -25.91
205130 -64.2726 -19.19 -25.91
207039 -62.387 -19.19 -25.91
211634 -60.545 -19.19 -25.91
204334 -61.713 -19.19 -25.91
208194 -64.595 -19.19 -25.91
212556 -69.6747 -19.19 -25.91
205741 -62.8473 -19.19 -25.91
208527 -67.1074 -19.19 -25.91
210285 -66.608 -19.19 -25.91
211717 -60.1392 -19.19 -25.91
209417 -59.1639 -19.19 -25.91
211599 -61.4071 -19.19 -25.91
190390 -77.2495 -19.19 -25.91
204628 -65.5426 -19.19 -25.91
205182 -69.8031 -19.19 -25.91
206096 -64.3279 -19.19 -25.91
210717 -63.6809 -19.19 -25.91
211203 -60.7783 -19.19 -25.91
205280 -60.6242 -19.19 -25.91
217110 -58.0196 -19.19 -25.91
208239 -55.2074 -19.19 -25.91
209363 -63.5726 -19.19 -25.91
208142 -61.145 -19.19 -25.91
176907 -75.3358 -19.19 -25.91
206597 -62.0105 -19.19 -25.91
205963 -57.6291 -19.19 -25.91
204764 -80.9571 -19.19 -25.91
208092 -61.7236 -19.19 -25.91
202242 -60.175 -19.19 -25.91
211635 -65.6298 -19.19 -25.91
203314 -59.9882 -28.84 9.88
203749 -58.295 -28.84 9.88
211798 -62.3688 -28.84 9.88
205435 -60.3741 -28.84 9.88
201609 -55.9444 -28.84 9.88
201030 -60.5725 -28.84 9.88
203686 -61.1355 -28.84 9.88
204585 -68.186 -28.84 9.88
203567 -63.7821 -28.84 9.88
207481 -61.1506 -28.84 9.88
208369 -60.4198 -28.84 9.88
204914 -63.7074 -28.84 9.88
208057 -69.2222 -28.84 9.88
202120 -63.3332 -28.84 9.88
210744 -62.5773 -28.84 9.88
207720 -59.7087 -28.84 9.88
200856 -60.9663 -28.84 9.88
200699 -62.1232 -28.84 9.88
203704 -58.3078 -28.84 9.88
210041 -61.1244 -28.84 9.88
206000 -57.6266 -28.84 9.88
208921 -66.5368 -28.84 9.88
205066 -62.9244 -28.84 9.88
205549 -60.9831 -28.84 9.88
205523 -61.7787 -28.84 9.88
207971 -63.2568 -28.84 9.88
201524 -57.3385 -28.84 9.88
200450 -64.1712 -28.84 9.88
201767 -58.2162 -28.84 9.88
202898 -61.0577 -28.84 9.88
205670 -60.6289 -28.84 9.88
202353 -61.9991 -28.84 9.88
209951 -59.3733 -28.84 9.88
202799 -66.3832 -28.84 9.88
205079 -60.8545 -28.84 9.88
202564 -64.5928 -28.84 9.88
197470 -63.7981 -28.84 9.88
202158 -61.3677 -28.84 9.88
201925 -60.1121 -28.84 9.88
119298 -60.0177 -2.21 -18.36
122562 -53.4023 -2.21 -18.36
126287 -53.3071 -2.21 -18.36
91867 -72.24 -2.21 -18.36
96042 -77.6742 -2.21 -18.36
125767 -56.2458 -2.21 -18.36
125348 -62.3231 -2.21 -18.36
128717 -57.9611 -2.21 -18.36
122092 -63.7391 -2.21 -18.36
118004 -55.8741 -2.21 -18.36
115680 -59.4118 -2.21 -18.36
123933 -56.0574 -2.21 -18.36
123684 -55.5349 -2.21 -18.36
126597 -58.2435 -2.21 -18.36
122685 -63.177 -2.21 -18.36
122893 -63.6008 -2.21 -18.36
125981 -61.783 -2.21 -18.36
120993 -55.6749 -2.21 -18.36
120673 -62.1231 -2.21 -18.36
130206 -50.6641 -2.21 -18.36
128030 -58.659 -2.21 -18.36
122410 -60.7059 -2.21 -18.36
118707 -53.9606 -2.21 -18.36
124690 -60.2139 -2.21 -18.36
121533 -58.227 -2.21 -18.36
122771 -67.3233 -2.21 -18.36
117791 -52.5566 -2.21 -18.36
129807 -54.5288 -2.21 -18.36
128453 -61.4864 -2.21 -18.36
115605 -59.6048 -2.21 -18.36
122186 -51.8828 -2.21 -18.36
128178 -65.6556 -2.21 -18.36
125158 -62.4379 -2.21 -18.36
123380 -61.534 -2.21 -18.36
126947 -56.6049 -2.21 -18.36
126180 -59.3504 -2.21 -18.36
114996 -56.902 -2.21 -18.36
124647 -56.8502 -2.21 -18.36
123945 -64.7523 -2.21 -18.36
192789 -60.5279 13.5 25.58
187191 -64.3613 13.5 25.58
186295 -63.1771 13.5 25.58
183004 -63.076 13.5 25.58
182099 -58.0924 13.5 25.58
187643 -64.0727 13.5 25.58
181657 -61.6399 13.5 25.58
186906 -64.4437 13.5 25.58
180850 -61.2189 13.5 25.58
189471 -61.9927 13.5 25.58
190925 -58.8599 13.5 25.58
184404 -60.9435 13.5 25.58
185111 -62.632 13.5 25.58
180592 -65.7447 13.5 25.58
188165 -59.4176 13.5 25.58
176567 -65.9927 13.5 25.58
169860 -68.7333 13.5 25.58
189344 -61.9995 13.5 25.58
191310 -63.0313 13.5 25.58
138823 -74.0139 13.5 25.58
191196 -75.4708 13.5 25.58
181171 -62.6041 13.5 25.58
188137 -63.4148 13.5 25.58
193671 -65.5946 13.5 25.58
181409 -58.4971 13.5 25.58
185594 -61.5936 13.5 25.58
191951 -63.1468 13.5 25.58
184314 -66.0633 13.5 25.58
183439 -60.6319 13.5 25.58
189575 -60.1272 13.5 25.58
178654 -61.0716 13.5 25.58
184400 -63.3009 13.5 25.58
192641 -62.4459 13.5 25.58
176978 -60.726 13.5 25.58
184794 -63.9959 13.5 25.58
189987 -66.6808 13.5 25.58
176019 -66.2634 13.5 25.58
182225 -57.6859 13.5 25.58
182324 -62.292 13.5 25.58
162272 -58.7275 -4.79 -23.69
156705 -56.6502 -4.79 -23.69
159145 -58.4782 -4.79 -23.69
161246 -57.8381 -4.79 -23.69
160563 -56.4702 -4.79 -23.69
156591 -53.9923 -4.79 -23.69
162522 -65.1034 -4.79 -23.69
130029 -67.8552 -4.79 -23.69
149859 -60.3114 -4.79 -23.69
158274 -59.5609 -4.79 -23.69
158928 -59.7431 -4.79 -23.69
165118 -54.1719 -4.79 -23.69
162597 -59.7126 -4.79 -23.69
155353 -56.6034 -4.79 -23.69
158905 -54.9903 -4.79 -23.69
159541 -60.673 -4.79 -23.69
160862 -56.7944 -4.79 -23.69
153400 -60.3794 -4.79 -23.69
158644 -57.852 -4.79 -23.69
160018 -68.3261 -4.79 -23.69
159484 -54.275 -4.79 -23.69
147902 -57.378 -4.79 -23.69
160142 -55.7269 -4.79 -23.69
165172 -56.3107 -4.79 -23.69
154420 -60.5884 -4.79 -23.69
157378 -70.5805 -4.79 -23.69
160207 -68.5703 -4.79 -23.69
159870 -59.6124 -4.79 -23.69
153297 -60.4945 -4.79 -23.69
158417 -56.8188 -4.79 -23.69
159866 -61.0476 -4.79 -23.69
158946 -61.6543 -4.79 -23.69
160630 -57.9693 -4.79 -23.69
155792 -59.7687 -4.79 -23.69
162012 -59.0676 -4.79 -23.69
157716 -59.3948 -4.79 -23.69
155433 -55.4387 -4.79 -23.69
159045 -54.5916 -4.79 -23.69
158116 -68.3956 -4.79 -23.69
107591 -51.9229 -0.87 -16.46
109650 -52.862 -0.87 -16.46
95984 -61.8428 -0.87 -16.46
106889 -57.7882 -0.87 -16.46
106121 -57.7401 -0.87 -16.46
112879 -53.6051 -0.87 -16.46
108284 -55.6218 -0.87 -16.46
112212 -54.931 -0.87 -16.46
104037 -55.2636 -0.87 -16.46
110037 -56.241 -0.87 -16.46
104876 -59.7791 -0.87 -16.46
105112 -59.275 -0.87 -16.46
110854 -52.143 -0.87 -16.46
105027 -57.9673 -0.87 -16.46
109608 -54.7824 -0.87 -16.46
105428 -60.6273 -0.87 -16.46
105341 -55.5217 -0.87 -16.46
106805 -53.8542 -0.87 -16.46
112300 -60.8442 -0.87 -16.46
107184 -57.1861 -0.87 -16.46
112581 -55.02 -0.87 -16.46
112351 -55.7182 -0.87 -16.46
109752 -57.1316 -0.87 -16.46
103099 -56.8023 -0.87 -16.46
102398 -62.6374 -0.87 -16.46
108972 -52.4033 -0.87 -16.46
105243 -60.5112 -0.87 -16.46
108613 -58.0804 -0.87 -16.46
103287 -60.0611 -0.87 -16.46
109226 -59.7412 -0.87 -16.46
109174 -51.8475 -0.87 -16.46
105523 -56.3384 -0.87 -16.46
108768 -49.3676 -0.87 -16.46
112242 -54.1341 -0.87 -16.46
105210 -53.1593 -0.87 -16.46
105040 -65.494 -0.87 -16.46
106280 -59.389 -0.87 -16.46
113007 -61.5781 -0.87 -16.46
100703 -55.1618 -0.87 -16.46
245439 -64.5477 -29.24 23.78
252424 -61.1657 -29.24 23.78
258618 -66.1917 -29.24 23.78
256231 -54.7827 -29.24 23.78
253074 -67.0874 -29.24 23.78
236526 -68.6197 -29.24 23.78
252727 -66.2117 -29.24 23.78
252531 -62.8495 -29.24 23.78
256218 -64.8853 -29.24 23.78
252364 -66.0102 -29.24 23.78
250382 -65.012 -29.24 23.78
263648 -62.8667 -29.24 23.78
231859 -75.0992 -29.24 23.78
258487 -68.5693 -29.24 23.78
250560 -61.3363 -29.24 23.78
284580 -78.7139 -29.24 23.78
251429 -72.5816 -29.24 23.78
257945 -62.5648 -29.24 23.78
257416 -67.5938 -29.24 23.78
235234 -65.545 -29.24 23.78
248669 -63.3876 -29.24 23.78
255050 -64.1457 -29.24 23.78
247054 -62.51 -29.24 23.78
259023 -63.3774 -29.24 23.78
255578 -64.8462 -29.24 23.78
259973 -67.7119 -29.24 23.78
251178 -68.1842 -29.24 23.78
259544 -64.4024 -29.24 23.78
253139 -62.0557 -29.24 23.78
241147 -71.7006 -29.24 23.78
258945 -66.3236 -29.24 23.78
245819 -65.1156 -29.24 23.78
251133 -64.4532 -29.24 23.78
253494 -60.6159 -29.24 23.78
250679 -60.4589 -29.24 23.78
261849 -62.7941 -29.24 23.78
246426 -65.6268 -29.24 23.78
254065 -64.4112 -29.24 23.78
251427 -56.8529 -29.24 23.78
131250 -56.2735 -0.76 19.57
129117 -57.0399 -0.76 19.57
127155 -61.2034 -0.76 19.57
137377 -53.5562 -0.76 19.57
138672 -59.6772 -0.76 19.57
129793 -57.2085 -0.76 19.57
132636 -60.2192 -0.76 19.57
133010 -58.6211 -0.76 19.57
130669 -59.0286 -0.76 19.57
129887 -56.0956 -0.76 19.57
131162 -55.9249 -0.76 19.57
134391 -55.2498 -0.76 19.57
129028 -54.1854 -0.76 19.57
134209 -54.2891 -0.76 19.57
135810 -57.235 -0.76 19.57
126986 -62.6188 -0.76 19.57
131475 -52.7268 -0.76 19.57
128445 -56.8316 -0.76 19.57
140422 -61.326 -0.76 19.57
127310 -57.1259 -0.76 19.57
126368 -66.6306 -0.76 19.57
130835 -58.3472 -0.76 19.57
123356 -58.9683 -0.76 19.57
128159 -62.0064 -0.76 19.57
123941 -62.8016 -0.76 19.57
133071 -57.0501 -0.76 19.57
127730 -72.2243 -0.76 19.57
129690 -56.8324 -0.76 19.57
127343 -55.6626 -0.76 19.57
133562 -65.2369 -0.76 19.57
130638 -59.7472 -0.76 19.57
123418 -61.7689 -0.76 19.57
132096 -59.8576 -0.76 19.57
137254 -64.7171 -0.76 19.57
129896 -61.2393 -0.76 19.57
136901 -63.8059 -0.76 19.57
130050 -55.1451 -0.76 19.57
131411 -61.5621 -0.76 19.57
132616 -57.3791 -0.76 19.57
252673 -68.0886 26.51 -24.44
241972 -60.5403 26.51 -24.44
248471 -59.3327 26.51 -24.44
242713 -67.0511 26.51 -24.44
241561 -66.9157 26.51 -24.44
236239 -62.0354 26.51 -24.44
246392 -63.1937 26.51 -24.44
245048 -60.8772 26.51 -24.44
192909 -76.8357 26.51 -24.44
244641 -61.1818 26.51 -24.44
239859 -65.433 26.51 -24.44
241106 -60.1438 26.51 -24.44
251482 -67.3739 26.51 -24.44
246142 -68.1914 26.51 -24.44
237623 -60.1231 26.51 -24.44
251528 -64.1819 26.51 -24.44
232522 -66.8655 26.51 -24.44
237410 -62.2712 26.51 -24.44
216422 -68.766 26.51 -24.44
239919 -62.0266 26.51 -24.44
226781 -73.3989 26.51 -24.44
244538 -68.0264 26.51 -24.44
237909 -66.4781 26.51 -24.44
245911 -69.4754 26.51 -24.44
241557 -69.088 26.51 -24.44
252892 -66.0827 26.51 -24.44
241125 -64.0136 26.51 -24.44
243379 -64.5365 26.51 -24.44
252293 -58.3388 26.51 -24.44
245501 -59.8023 26.51 -24.44
236381 -66.1587 26.51 -24.44
239579 -67.1661 26.51 -24.44
241609 -69.9198 26.51 -24.44
249603 -80.1306 26.51 -24.44
241560 -59.3121 26.51 -24.44
240475 -61.0482 26.51 -24.44
248087 -67.2207 26.51 -24.44
241073 -65.128 26.51 -24.44
242368 -59.8172 26.51 -24.44
201729 -66.7045 21.05 23.39
207134 -58.8831 21.05 23.39
204089 -65.7789 21.05 23.39
206614 -65.691 21.05 23.39
205527 -59.5584 21.05 23.39
209802 -61.937 21.05 23.39
209711 -58.7793 21.05 23.39
207700 -54.9789 21.05 23.39
205656 -58.8563 21.05 23.39
207691 -59.7389 21.05 23.39
205838 -59.7399 21.05 23.39
210913 -70.8065 21.05 23.39
210269 -61.6889 21.05 23.39
209069 -60.5719 21.05 23.39
204703 -61.4882 21.05 23.39
206034 -57.914 21.05 23.39
212027 -61.4842 21.05 23.39
209343 -62.4369 21.05 23.39
204389 -64.4795 21.05 23.39
207840 -56.2791 21.05 23.39
201583 -65.9759 21.05 23.39
200521 -63.4342 21.05 23.39
212118 -66.876 21.05 23.39
207201 -58.9433 21.05 23.39
205982 -64.9185 21.05 23.39
202439 -60.6167 21.05 23.39
210001 -61.5601 21.05 23.39
197069 -61.6281 21.05 23.39
205432 -64.0663 21.05 23.39
202439 -65.3065 21.05 23.39
198719 -72.2465 21.05 23.39
210070 -59.8319 21.05 23.39
210094 -61.2381 21.05 23.39
202224 -69.3144 21.05 23.39
207776 -57.7932 21.05 23.39
205669 -58.1797 21.05 23.39
200713 -67.0887 21.05 23.39
214566 -67.776 21.05 23.39
198837 -61.8754 21.05 23.39
