#rtt sig_str x y
136917 -59.3682 -20.75 -3.23
142011 -60.4189 -20.75 -3.23
139934 -54.9513 -20.75 -3.23
138450 -54.4664 -20.75 -3.23
133638 -58.6263 -20.75 -3.23
134753 -55.6319 -20.75 -3.23
132207 -59.322 -20.75 -3.23
135185 -58.6709 -20.75 -3.23
142301 -60.7845 -20.75 -3.23
138971 -60.7346 -20.75 -3.23
136683 -58.849 -20.75 -3.23
141162 -57.0069 -20.75 -3.23
134139 -58.175 -20.75 -3.23
138090 -61.0569 -20.75 -3.23
140057 -66.1366 -20.75 -3.23
139341 -59.3092 -20.75 -3.23
144500 -63.5694 -20.75 -3.23
134603 -63.07 -20.75 -3.23
136265 -56.6011 -20.75 -3.23
132515 -55.6258 -20.75 -3.23
132867 -57.8691 -20.75 -3.23
131579 -73.7115 -20.75 -3.23
130906 -62.0045 -20.75 -3.23
136238 -66.2651 -20.75 -3.23
137953 -60.7898 -20.75 -3.23
141247 -60.1429 -20.75 -3.23
127290 -57.2402 -20.75 -3.23
133191 -57.0861 -20.75 -3.23
137477 -54.4816 -20.75 -3.23
131298 -51.6693 -20.75 -3.23
140319 -60.0345 -20.75 -3.23
135341 -57.607 -20.75 -3.23
141056 -71.7977 -20.75 -3.23
133352 -58.4724 -20.75 -3.23
142212 -54.091 -20.75 -3.23
61093 -77.4191 -20.75 -3.23
139484 -58.1855 -20.75 -3.23
134031 -56.637 -20.75 -3.23
133942 -62.0918 -20.75 -3.23
185795 -58.8766 14.41 22.41
185449 -57.1833 14.41 22.41
194820 -61.2572 14.41 22.41
194779 -59.2624 14.41 22.41
192437 -54.8328 14.41 22.41
191824 -59.4608 14.41 22.41
183185 -60.0238 14.41 22.41
182920 -67.0744 14.41 22.41
184880 -62.6705 14.41 22.41
191084 -60.039 14.41 22.41
182223 -59.3082 14.41 22.41
174989 -62.5958 14.41 22.41
191799 -68.1106 14.41 22.41
188176 -62.2216 14.41 22.41
195153 -61.4656 14.41 22.41
186106 -58.5971 14.41 22.41
191775 -59.8547 14.41 22.41
186233 -61.0116 14.41 22.41
189751 -57.1962 14.41 22.41
189050 -60.0128 14.41 22.41
187666 -56.515 14.41 22.41
193463 -65.4251 14.41 22.41
188268 -61.8128 14.41 22.41
187562 -59.8715 14.41 22.41
190902 -60.6671 14.41 22.41
189796 -62.1452 14.41 22.41
194742 -56.2269 14.41 22.41
194688 -63.0596 14.41 22.41
185488 -57.1046 14.41 22.41
189624 -59.9461 14.41 22.41
191722 -59.5173 14.41 22.41
191433 -60.8874 14.41 22.41
178521 -58.2616 14.41 22.41
199427 -65.2716 14.41 22.41
183384 -59.7429 14.41 22.41
184041 -63.4812 14.41 22.41
184646 -62.6865 14.41 22.41
180039 -60.2561 14.41 22.41
192613 -59.0005 14.41 22.41
190577 -63.6143 -14.2 -24.82
194892 -56.9989 -14.2 -24.82
195692 -56.9036 -14.2 -24.82
106851 -75.8366 -14.2 -24.82
132943 -81.2708 -14.2 -24.82
195140 -59.8424 -14.2 -24.82
198022 -65.9197 -14.2 -24.82
192192 -61.5577 -14.2 -24.82
205067 -67.3356 -14.2 -24.82
196506 -59.4706 -14.2 -24.82
199220 -63.0083 -14.2 -24.82
200187 -59.654 -14.2 -24.82
194030 -59.1314 -14.2 -24.82
197026 -61.84 -14.2 -24.82
194756 -66.7736 -14.2 -24.82
201290 -67.1974 -14.2 -24.82
193477 -65.3795 -14.2 -24.82
189893 -59.2715 -14.2 -24.82
194682 -65.7196 -14.2 -24.82
188895 -54.2607 -14.2 -24.82
192634 -62.2556 -14.2 -24.82
200992 -64.3024 -14.2 -24.82
197449 -57.5571 -14.2 -24.82
193822 -63.8105 -14.2 -24.82
192144 -61.8236 -14.2 -24.82
186538 -70.9199 -14.2 -24.82
200219 -56.1531 -14.2 -24.82
201837 -58.1254 -14.2 -24.82
199576 -65.083 -14.2 -24.82
201609 -63.2014 -14.2 -24.82
193614 -55.4794 -14.2 -24.82
205730 -69.2522 -14.2 -24.82
203975 -66.0344 -14.2 -24.82
197408 -65.1306 -14.2 -24.82
193000 -60.2015 -14.2 -24.82
195654 -62.947 -14.2 -24.82
196509 -60.4986 -14.2 -24.82
196507 -60.4468 -14.2 -24.82
188163 -68.3489 -14.2 -24.82
83134 -54.2838 2.02 13.42
78497 -58.1172 2.02 13.42
88413 -56.933 2.02 13.42
84477 -56.8319 2.02 13.42
86470 -51.8483 2.02 13.42
85436 -57.8286 2.02 13.42
87254 -55.3958 2.02 13.42
84943 -58.1996 2.02 13.42
85853 -54.9748 2.02 13.42
84778 -55.7486 2.02 13.42
84242 -52.6158 2.02 13.42
93812 -54.6994 2.02 13.42
83563 -56.3879 2.02 13.42
85303 -59.5005 2.02 13.42
82503 -53.1734 2.02 13.42
90694 -59.7486 2.02 13.42
77831 -62.4891 2.02 13.42
88479 -55.7554 2.02 13.42
82279 -56.7872 2.02 13.42
93547 -67.7698 2.02 13.42
81091 -69.2267 2.02 13.42
81488 -56.36 2.02 13.42
80030 -57.1707 2.02 13.42
79659 -59.3505 2.02 13.42
85476 -52.253 2.02 13.42
85115 -55.3495 2.02 13.42
81873 -56.9027 2.02 13.42
83447 -59.8192 2.02 13.42
82436 -54.3878 2.02 13.42
82951 -53.8831 2.02 13.42
89365 -54.8274 2.02 13.42
90673 -57.0568 2.02 13.42
85977 -56.2018 2.02 13.42
84759 -54.4819 2.02 13.42
78840 -57.7518 2.02 13.42
85477 -60.4367 2.02 13.42
80963 -60.0192 2.02 13.42
89847 -51.4418 2.02 13.42
77832 -56.0479 2.02 13.42
218362 -60.6417 -29.13 -8.97
206622 -58.5644 -29.13 -8.97
209716 -60.3923 -29.13 -8.97
219383 -59.7523 -29.13 -8.97
219420 -58.3844 -29.13 -8.97
217350 -55.9065 -29.13 -8.97
217998 -67.0176 -29.13 -8.97
213544 -69.7693 -29.13 -8.97
213226 -62.2255 -29.13 -8.97
216673 -61.4751 -29.13 -8.97
212813 -61.6573 -29.13 -8.97
210329 -56.0861 -29.13 -8.97
208731 -61.6267 -29.13 -8.97
214220 -58.5175 -29.13 -8.97
217970 -56.9044 -29.13 -8.97
215743 -62.5872 -29.13 -8.97
217326 -58.7086 -29.13 -8.97
217455 -62.2936 -29.13 -8.97
211951 -59.7662 -29.13 -8.97
206200 -70.2403 -29.13 -8.97
207372 -56.1892 -29.13 -8.97
212333 -59.2922 -29.13 -8.97
220993 -57.6411 -29.13 -8.97
212824 -58.2249 -29.13 -8.97
212607 -62.5026 -29.13 -8.97
204461 -72.4947 -29.13 -8.97
195788 -70.4845 -29.13 -8.97
217154 -61.5265 -29.13 -8.97
215670 -62.4086 -29.13 -8.97
215435 -58.733 -29.13 -8.97
215210 -62.9618 -29.13 -8.97
205292 -63.5684 -29.13 -8.97
217767 -59.8835 -29.13 -8.97
215957 -61.6829 -29.13 -8.97
211707 -60.9818 -29.13 -8.97
214077 -61.309 -29.13 -8.97
213451 -57.3529 -29.13 -8.97
216545 -56.5057 -29.13 -8.97
214373 -70.3097 -29.13 -8.97
256847 -58.7281 25.13 -27.97
272434 -59.6671 25.13 -27.97
242201 -68.6479 25.13 -27.97
270901 -64.5934 25.13 -27.97
258418 -64.5452 25.13 -27.97
260961 -60.4102 25.13 -27.97
275916 -62.4269 25.13 -27.97
266100 -61.7362 25.13 -27.97
264253 -62.0687 25.13 -27.97
271327 -63.0461 25.13 -27.97
269686 -66.5842 25.13 -27.97
264107 -66.0801 25.13 -27.97
263322 -58.9481 25.13 -27.97
266750 -64.7724 25.13 -27.97
261854 -61.5875 25.13 -27.97
266116 -67.4324 25.13 -27.97
269924 -62.3268 25.13 -27.97
266289 -60.6593 25.13 -27.97
262999 -67.6493 25.13 -27.97
261611 -63.9912 25.13 -27.97
270654 -61.8252 25.13 -27.97
271023 -62.5233 25.13 -27.97
267314 -63.9367 25.13 -27.97
270228 -63.6074 25.13 -27.97
251714 -69.4425 25.13 -27.97
272155 -59.2084 25.13 -27.97
264304 -67.3163 25.13 -27.97
274043 -64.8855 25.13 -27.97
268924 -66.8663 25.13 -27.97
277091 -66.5463 25.13 -27.97
262067 -58.6526 25.13 -27.97
273164 -63.1435 25.13 -27.97
267065 -56.1727 25.13 -27.97
266838 -60.9392 25.13 -27.97
268888 -59.9644 25.13 -27.97
260811 -72.2991 25.13 -27.97
271592 -66.1942 25.13 -27.97
263657 -68.3832 25.13 -27.97
268198 -61.9669 25.13 -27.97
171598 -61.7967 24.05 -12.28
178729 -58.4146 24.05 -12.28
171229 -63.4406 24.05 -12.28
178187 -52.0317 24.05 -12.28
168181 -64.3364 24.05 -12.28
163627 -65.8686 24.05 -12.28
182252 -63.4607 24.05 -12.28
181196 -60.0984 24.05 -12.28
180309 -62.1343 24.05 -12.28
173531 -63.2592 24.05 -12.28
178551 -62.2609 24.05 -12.28
174627 -60.1156 24.05 -12.28
178051 -72.3481 24.05 -12.28
171373 -65.8183 24.05 -12.28
176768 -58.5853 24.05 -12.28
200461 -75.9629 24.05 -12.28
179781 -69.8305 24.05 -12.28
173003 -59.8137 24.05 -12.28
175424 -64.8427 24.05 -12.28
176172 -62.794 24.05 -12.28
176006 -60.6365 24.05 -12.28
176244 -61.3947 24.05 -12.28
169283 -59.7589 24.05 -12.28
171949 -60.6263 24.05 -12.28
175988 -62.0952 24.05 -12.28
180471 -64.9608 24.05 -12.28
169323 -65.4332 24.05 -12.28
177926 -61.6514 24.05 -12.28
177710 -59.3046 24.05 -12.28
167585 -68.9495 24.05 -12.28
182066 -63.5726 24.05 -12.28
178255 -62.3646 24.05 -12.28
171863 -61.7021 24.05 -12.28
167279 -57.8648 24.05 -12.28
169175 -57.7078 24.05 -12.28
181948 -60.0431 24.05 -12.28
176300 -62.8758 24.05 -12.28
168860 -61.6602 24.05 -12.28
178672 -54.1019 24.05 -12.28
268181 -61.6491 -28 -25.05
266186 -62.4154 -28 -25.05
262122 -66.5789 -28 -25.05
262721 -58.9317 -28 -25.05
275516 -65.0527 -28 -25.05
264028 -62.584 -28 -25.05
261848 -65.5947 -28 -25.05
265294 -63.9967 -28 -25.05
263255 -64.4042 -28 -25.05
261758 -61.4711 -28 -25.05
261510 -61.3004 -28 -25.05
260763 -60.6253 -28 -25.05
269924 -59.5609 -28 -25.05
263175 -59.6646 -28 -25.05
258889 -62.6105 -28 -25.05
279333 -67.9944 -28 -25.05
267051 -58.1023 -28 -25.05
267551 -62.2071 -28 -25.05
255920 -66.7015 -28 -25.05
266347 -62.5014 -28 -25.05
257692 -72.0062 -28 -25.05
258061 -63.7227 -28 -25.05
264797 -64.3438 -28 -25.05
263988 -67.382 -28 -25.05
260557 -68.1771 -28 -25.05
262455 -62.4257 -28 -25.05
256146 -77.5999 -28 -25.05
256430 -62.208 -28 -25.05
256639 -61.0382 -28 -25.05
223780 -70.6125 -28 -25.05
266764 -65.1227 -28 -25.05
267095 -67.1444 -28 -25.05
271254 -65.2331 -28 -25.05
263970 -70.0927 -28 -25.05
258899 -66.6148 -28 -25.05
258608 -69.1814 -28 -25.05
269663 -60.5206 -28 -25.05
268141 -66.9376 -28 -25.05
268221 -62.7546 -28 -25.05
191205 -66.7318 27.42 13.56
193247 -59.1835 27.42 13.56
192174 -57.9759 27.42 13.56
195579 -65.6943 27.42 13.56
200649 -65.5589 27.42 13.56
194723 -60.6786 27.42 13.56
198778 -61.8369 27.42 13.56
192713 -59.5204 27.42 13.56
141283 -75.4788 27.42 13.56
186112 -59.825 27.42 13.56
187944 -64.0761 27.42 13.56
188146 -58.787 27.42 13.56
197496 -66.017 27.42 13.56
198401 -66.8346 27.42 13.56
188032 -58.7663 27.42 13.56
195524 -62.8251 27.42 13.56
197950 -65.5086 27.42 13.56
198094 -60.9143 27.42 13.56
199229 -67.4092 27.42 13.56
194675 -60.6697 27.42 13.56
190752 -72.0421 27.42 13.56
198793 -66.6696 27.42 13.56
185569 -65.1212 27.42 13.56
194460 -68.1186 27.42 13.56
198258 -67.7311 27.42 13.56
199308 -64.7259 27.42 13.56
190729 -62.6568 27.42 13.56
201903 -63.1797 27.42 13.56
195640 -56.982 27.42 13.56
192283 -58.4454 27.42 13.56
196419 -64.8019 27.42 13.56
188239 -65.8092 27.42 13.56
193516 -68.5629 27.42 13.56
137893 -78.7737 27.42 13.56
199473 -57.9553 27.42 13.56
195816 -59.6914 27.42 13.56
191794 -65.8639 27.42 13.56
190623 -63.7712 27.42 13.56
199386 -58.4604 27.42 13.56
152924 -64.1425 -21.77 -7.63
155137 -56.3211 -21.77 -7.63
153019 -63.2169 -21.77 -7.63
153891 -63.129 -21.77 -7.63
161030 -56.9964 -21.77 -7.63
154353 -59.375 -21.77 -7.63
101100 -80.0835 -21.77 -7.63
151003 -64.2806 -21.77 -7.63
156309 -59.4648 -21.77 -7.63
158406 -64.9371 -21.77 -7.63
156284 -57.0301 -21.77 -7.63
154954 -59.1998 -21.77 -7.63
163768 -59.0807 -21.77 -7.63
160947 -54.1041 -21.77 -7.63
152849 -58.422 -21.77 -7.63
154386 -60.9589 -21.77 -7.63
153689 -59.8864 -21.77 -7.63
157066 -61.2292 -21.77 -7.63
147416 -68.4422 -21.77 -7.63
159413 -59.6208 -21.77 -7.63
151604 -58.5065 -21.77 -7.63
155819 -67.9657 -21.77 -7.63
154744 -57.7879 -21.77 -7.63
152366 -54.7274 -21.77 -7.63
149193 -62.7452 -21.77 -7.63
153509 -60.8136 -21.77 -7.63
152798 -53.821 -21.77 -7.63
155415 -55.2369 -21.77 -7.63
154097 -54.3365 -21.77 -7.63
158514 -56.5161 -21.77 -7.63
160925 -60.406 -21.77 -7.63
159417 -62.1935 -21.77 -7.63
152526 -54.5457 -21.77 -7.63
155578 -61.7099 -21.77 -7.63
161750 -61.4634 -21.77 -7.63
158308 -57.1026 -21.77 -7.63
159314 -60.2654 -21.77 -7.63
165115 -56.9869 -21.77 -7.63
151575 -63.3802 -21.77 -7.63
