#rtt sig_str x y
144367 -59.4804 -17.5 12.12
139932 -60.531 -17.5 12.12
143658 -55.0634 -17.5 12.12
146035 -54.5785 -17.5 12.12
137316 -58.7384 -17.5 12.12
143025 -55.7441 -17.5 12.12
144231 -59.4341 -17.5 12.12
129545 -58.783 -17.5 12.12
143481 -60.8966 -17.5 12.12
145431 -60.8467 -17.5 12.12
147716 -58.9611 -17.5 12.12
141121 -57.119 -17.5 12.12
141890 -58.2871 -17.5 12.12
145751 -61.169 -17.5 12.12
146928 -66.2487 -17.5 12.12
142079 -59.4214 -17.5 12.12
130369 -63.6815 -17.5 12.12
139448 -63.1821 -17.5 12.12
141077 -56.7132 -17.5 12.12
142130 -55.7379 -17.5 12.12
142486 -57.9812 -17.5 12.12
158890 -73.8236 -17.5 12.12
143171 -62.1167 -17.5 12.12
133948 -66.3772 -17.5 12.12
138818 -60.902 -17.5 12.12
139838 -60.255 -17.5 12.12
140718 -57.3524 -17.5 12.12
145023 -57.1983 -17.5 12.12
137184 -54.5937 -17.5 12.12
138261 -51.7815 -17.5 12.12
140131 -60.1467 -17.5 12.12
139339 -57.7191 -17.5 12.12
157400 -71.9099 -17.5 12.12
140257 -58.5845 -17.5 12.12
143977 -54.2031 -17.5 12.12
147188 -77.5312 -17.5 12.12
141326 -58.2977 -17.5 12.12
136209 -56.7491 -17.5 12.12
146633 -62.2039 -17.5 12.12
92389 -53.4921 -1.1 13.83
87790 -51.7988 -1.1 13.83
84747 -55.8727 -1.1 13.83
93730 -53.8779 -1.1 13.83
97107 -49.4483 -1.1 13.83
90333 -54.0764 -1.1 13.83
90612 -54.6394 -1.1 13.83
86856 -61.6899 -1.1 13.83
92617 -57.286 -1.1 13.83
93488 -54.6545 -1.1 13.83
94524 -53.9237 -1.1 13.83
90145 -57.2113 -1.1 13.83
84382 -62.7261 -1.1 13.83
93813 -56.8371 -1.1 13.83
92157 -56.0812 -1.1 13.83
86470 -53.2126 -1.1 13.83
90908 -54.4702 -1.1 13.83
90297 -55.6271 -1.1 13.83
95077 -51.8117 -1.1 13.83
94170 -54.6283 -1.1 13.83
90308 -51.1305 -1.1 13.83
89063 -60.0407 -1.1 13.83
88303 -56.4283 -1.1 13.83
88260 -54.487 -1.1 13.83
87124 -55.2826 -1.1 13.83
94108 -56.7607 -1.1 13.83
89911 -50.8424 -1.1 13.83
86118 -57.6751 -1.1 13.83
87117 -51.7201 -1.1 13.83
90194 -54.5616 -1.1 13.83
89570 -54.1328 -1.1 13.83
92820 -55.503 -1.1 13.83
93053 -52.8772 -1.1 13.83
88378 -59.8871 -1.1 13.83
92022 -54.3584 -1.1 13.83
92498 -58.0967 -1.1 13.83
94915 -57.302 -1.1 13.83
89995 -54.8716 -1.1 13.83
92827 -53.616 -1.1 13.83
76805 -54.5473 -4.77 8.25
80051 -47.9319 -4.77 8.25
77359 -47.8366 -4.77 8.25
76562 -66.7696 -4.77 8.25
77303 -72.2038 -4.77 8.25
78424 -50.7754 -4.77 8.25
75591 -56.8527 -4.77 8.25
80970 -52.4907 -4.77 8.25
71261 -58.2686 -4.77 8.25
79304 -50.4037 -4.77 8.25
75996 -53.9414 -4.77 8.25
80570 -50.587 -4.77 8.25
78466 -50.0645 -4.77 8.25
75723 -52.7731 -4.77 8.25
79647 -57.7066 -4.77 8.25
80900 -58.1304 -4.77 8.25
76398 -56.3125 -4.77 8.25
82355 -50.2045 -4.77 8.25
80470 -56.6527 -4.77 8.25
74912 -45.1937 -4.77 8.25
76435 -53.1886 -4.77 8.25
83476 -55.2355 -4.77 8.25
82561 -48.4902 -4.77 8.25
79657 -54.7435 -4.77 8.25
84870 -52.7566 -4.77 8.25
75806 -61.8529 -4.77 8.25
74757 -47.0861 -4.77 8.25
77000 -49.0584 -4.77 8.25
81628 -56.016 -4.77 8.25
85972 -54.1344 -4.77 8.25
76026 -46.4124 -4.77 8.25
70116 -60.1852 -4.77 8.25
77510 -56.9674 -4.77 8.25
75986 -56.0636 -4.77 8.25
79404 -51.1345 -4.77 8.25
82628 -53.88 -4.77 8.25
79117 -51.4316 -4.77 8.25
81707 -51.3798 -4.77 8.25
82145 -59.2819 -4.77 8.25
182813 -60.0586 21.55 16.8
182671 -63.8921 21.55 16.8
187020 -62.7079 21.55 16.8
177631 -62.6067 21.55 16.8
182801 -57.6231 21.55 16.8
177381 -63.6035 21.55 16.8
187471 -61.1707 21.55 16.8
186036 -63.9744 21.55 16.8
184583 -60.7496 21.55 16.8
178532 -61.5234 21.55 16.8
179650 -58.3906 21.55 16.8
184878 -60.4743 21.55 16.8
178154 -62.1627 21.55 16.8
177756 -65.2754 21.55 16.8
190402 -58.9483 21.55 16.8
170688 -65.5234 21.55 16.8
180009 -68.264 21.55 16.8
187653 -61.5302 21.55 16.8
172278 -62.562 21.55 16.8
161541 -73.5447 21.55 16.8
185350 -75.0015 21.55 16.8
186038 -62.1348 21.55 16.8
177599 -62.9455 21.55 16.8
180578 -65.1254 21.55 16.8
179609 -58.0279 21.55 16.8
179262 -61.1243 21.55 16.8
186659 -62.6775 21.55 16.8
177777 -65.5941 21.55 16.8
186926 -60.1626 21.55 16.8
179172 -59.6579 21.55 16.8
177354 -60.6023 21.55 16.8
185185 -62.8317 21.55 16.8
174279 -61.9766 21.55 16.8
181382 -60.2568 21.55 16.8
186940 -63.5266 21.55 16.8
159115 -66.2115 21.55 16.8
180521 -65.7941 21.55 16.8
184233 -57.2166 21.55 16.8
175581 -61.8227 21.55 16.8
207879 -60.1384 -19.73 20.81
205047 -58.0611 -19.73 20.81
207730 -59.889 -19.73 20.81
207639 -59.249 -19.73 20.81
202228 -57.8811 -19.73 20.81
192911 -55.4032 -19.73 20.81
208433 -66.5143 -19.73 20.81
181889 -69.266 -19.73 20.81
200003 -61.7222 -19.73 20.81
206535 -60.9718 -19.73 20.81
209937 -61.154 -19.73 20.81
203719 -55.5828 -19.73 20.81
198276 -61.1234 -19.73 20.81
199690 -58.0142 -19.73 20.81
211396 -56.4011 -19.73 20.81
204928 -62.0839 -19.73 20.81
200235 -58.2053 -19.73 20.81
206088 -61.7903 -19.73 20.81
203903 -59.2629 -19.73 20.81
206586 -69.737 -19.73 20.81
209004 -55.6859 -19.73 20.81
209701 -58.7889 -19.73 20.81
203148 -57.1378 -19.73 20.81
204112 -57.7216 -19.73 20.81
198581 -61.9993 -19.73 20.81
210468 -71.9914 -19.73 20.81
207608 -69.9812 -19.73 20.81
210845 -61.0232 -19.73 20.81
206773 -61.9053 -19.73 20.81
206333 -58.2297 -19.73 20.81
203502 -62.4585 -19.73 20.81
204262 -63.0651 -19.73 20.81
209392 -59.3802 -19.73 20.81
206397 -61.1796 -19.73 20.81
205303 -60.4785 -19.73 20.81
208189 -60.8057 -19.73 20.81
201293 -56.8496 -19.73 20.81
204227 -56.0025 -19.73 20.81
210406 -69.8064 -19.73 20.81
177071 -55.5249 -9.67 23.6
174020 -56.4639 -9.67 23.6
177664 -65.4447 -9.67 23.6
173128 -61.3902 -9.67 23.6
174421 -61.3421 -9.67 23.6
176016 -57.207 -9.67 23.6
171668 -59.2238 -9.67 23.6
174769 -58.533 -9.67 23.6
165658 -58.8656 -9.67 23.6
170810 -59.843 -9.67 23.6
176797 -63.381 -9.67 23.6
169889 -62.877 -9.67 23.6
176031 -55.745 -9.67 23.6
171925 -61.5693 -9.67 23.6
171739 -58.3844 -9.67 23.6
169995 -64.2293 -9.67 23.6
173696 -59.1237 -9.67 23.6
178720 -57.4562 -9.67 23.6
167189 -64.4462 -9.67 23.6
170490 -60.7881 -9.67 23.6
180814 -58.622 -9.67 23.6
168857 -59.3202 -9.67 23.6
169347 -60.7336 -9.67 23.6
173892 -60.4043 -9.67 23.6
182993 -66.2394 -9.67 23.6
171458 -56.0053 -9.67 23.6
177588 -64.1131 -9.67 23.6
170560 -61.6823 -9.67 23.6
178811 -63.6631 -9.67 23.6
165481 -63.3432 -9.67 23.6
174494 -55.4495 -9.67 23.6
172238 -59.9404 -9.67 23.6
176612 -52.9696 -9.67 23.6
176953 -57.7361 -9.67 23.6
166226 -56.7612 -9.67 23.6
176031 -69.096 -9.67 23.6
169584 -62.991 -9.67 23.6
177060 -65.1801 -9.67 23.6
172549 -58.7638 -9.67 23.6
136240 -59.741 -13.77 -15.92
139652 -56.359 -13.77 -15.92
132883 -61.385 -13.77 -15.92
145608 -49.976 -13.77 -15.92
135727 -62.2807 -13.77 -15.92
132873 -63.8129 -13.77 -15.92
141534 -61.405 -13.77 -15.92
139433 -58.0428 -13.77 -15.92
141628 -60.0786 -13.77 -15.92
134668 -61.2035 -13.77 -15.92
146482 -60.2053 -13.77 -15.92
138925 -58.06 -13.77 -15.92
134281 -70.2925 -13.77 -15.92
140728 -63.7626 -13.77 -15.92
139156 -56.5296 -13.77 -15.92
147550 -73.9072 -13.77 -15.92
130809 -67.7749 -13.77 -15.92
142709 -57.7581 -13.77 -15.92
145269 -62.7871 -13.77 -15.92
143119 -60.7383 -13.77 -15.92
137895 -58.5809 -13.77 -15.92
134985 -59.339 -13.77 -15.92
136013 -57.7033 -13.77 -15.92
136851 -58.5707 -13.77 -15.92
141377 -60.0395 -13.77 -15.92
136632 -62.9052 -13.77 -15.92
152354 -63.3775 -13.77 -15.92
137887 -59.5957 -13.77 -15.92
137710 -57.249 -13.77 -15.92
143825 -66.8939 -13.77 -15.92
137761 -61.5169 -13.77 -15.92
143619 -60.3089 -13.77 -15.92
144220 -59.6465 -13.77 -15.92
135333 -55.8092 -13.77 -15.92
138108 -55.6522 -13.77 -15.92
139546 -57.9874 -13.77 -15.92
140513 -60.8201 -13.77 -15.92
140880 -59.6045 -13.77 -15.92
140930 -52.0462 -13.77 -15.92
212030 -60.1898 11.46 -29.32
203689 -60.9561 11.46 -29.32
200069 -65.1196 11.46 -29.32
203510 -57.4724 11.46 -29.32
199017 -63.5934 11.46 -29.32
205355 -61.1247 11.46 -29.32
208497 -64.1354 11.46 -29.32
196916 -62.5374 11.46 -29.32
203120 -62.9449 11.46 -29.32
205701 -60.0118 11.46 -29.32
211605 -59.8411 11.46 -29.32
202483 -59.166 11.46 -29.32
209410 -58.1016 11.46 -29.32
205478 -58.2053 11.46 -29.32
202965 -61.1512 11.46 -29.32
194414 -66.5351 11.46 -29.32
202147 -56.643 11.46 -29.32
199148 -60.7478 11.46 -29.32
209147 -65.2422 11.46 -29.32
201765 -61.0421 11.46 -29.32
214566 -70.5469 11.46 -29.32
207833 -62.2634 11.46 -29.32
207787 -62.8845 11.46 -29.32
189940 -65.9227 11.46 -29.32
207784 -66.7178 11.46 -29.32
209309 -60.9664 11.46 -29.32
198979 -76.1406 11.46 -29.32
201297 -60.7487 11.46 -29.32
204330 -59.5789 11.46 -29.32
204969 -69.1532 11.46 -29.32
201362 -63.6634 11.46 -29.32
202308 -65.6851 11.46 -29.32
207967 -63.7738 11.46 -29.32
195818 -68.6334 11.46 -29.32
197245 -65.1555 11.46 -29.32
174559 -67.7221 11.46 -29.32
207714 -59.0613 11.46 -29.32
198639 -65.4783 11.46 -29.32
195049 -61.2953 11.46 -29.32
99905 -61.8447 -16.78 -2.16
107334 -54.2964 -16.78 -2.16
111971 -53.0888 -16.78 -2.16
102439 -60.8072 -16.78 -2.16
106888 -60.6718 -16.78 -2.16
109450 -55.7915 -16.78 -2.16
111856 -56.9498 -16.78 -2.16
107766 -54.6333 -16.78 -2.16
120108 -70.5917 -16.78 -2.16
111262 -54.9379 -16.78 -2.16
103916 -59.1891 -16.78 -2.16
111857 -53.8999 -16.78 -2.16
104630 -61.1299 -16.78 -2.16
108223 -61.9475 -16.78 -2.16
112114 -53.8792 -16.78 -2.16
106301 -57.938 -16.78 -2.16
108512 -60.6216 -16.78 -2.16
110522 -56.0273 -16.78 -2.16
112340 -62.5221 -16.78 -2.16
112714 -55.7827 -16.78 -2.16
113109 -67.155 -16.78 -2.16
112006 -61.7825 -16.78 -2.16
109832 -60.2342 -16.78 -2.16
113619 -63.2315 -16.78 -2.16
105397 -62.8441 -16.78 -2.16
107957 -59.8388 -16.78 -2.16
107536 -57.7697 -16.78 -2.16
112906 -58.2926 -16.78 -2.16
111156 -52.0949 -16.78 -2.16
116334 -53.5584 -16.78 -2.16
106592 -59.9148 -16.78 -2.16
106833 -60.9221 -16.78 -2.16
107913 -63.6759 -16.78 -2.16
114621 -73.8866 -16.78 -2.16
108118 -53.0682 -16.78 -2.16
109065 -54.8043 -16.78 -2.16
111053 -60.9768 -16.78 -2.16
110810 -58.8841 -16.78 -2.16
106523 -53.5733 -16.78 -2.16
173309 -65.1509 18.72 18.14
172665 -57.3296 18.72 18.14
174093 -64.2253 18.72 18.14
177442 -64.1375 18.72 18.14
179261 -58.0048 18.72 18.14
180594 -60.3835 18.72 18.14
79466 -81.092 18.72 18.14
171248 -65.289 18.72 18.14
172198 -60.4733 18.72 18.14
165262 -65.9456 18.72 18.14
171159 -58.0386 18.72 18.14
170641 -60.2082 18.72 18.14
171457 -60.0892 18.72 18.14
173157 -55.1126 18.72 18.14
175527 -59.4305 18.72 18.14
168393 -61.9674 18.72 18.14
165477 -60.8948 18.72 18.14
169555 -62.2376 18.72 18.14
170532 -69.4506 18.72 18.14
173842 -60.6292 18.72 18.14
168790 -59.5149 18.72 18.14
187931 -68.9742 18.72 18.14
162201 -58.7964 18.72 18.14
167826 -55.7359 18.72 18.14
174961 -63.7536 18.72 18.14
179630 -61.822 18.72 18.14
176519 -54.8294 18.72 18.14
165641 -56.2454 18.72 18.14
170805 -55.345 18.72 18.14
172341 -57.5246 18.72 18.14
164825 -61.4145 18.72 18.14
174220 -63.202 18.72 18.14
169488 -55.5541 18.72 18.14
173875 -62.7183 18.72 18.14
173291 -62.4719 18.72 18.14
169746 -58.1111 18.72 18.14
179583 -61.2739 18.72 18.14
179432 -57.9954 18.72 18.14
159702 -64.3887 18.72 18.14
