#rtt sig_str x y
67955 -53.4121 1.04 10.15
67395 -54.4627 1.04 10.15
66826 -48.9951 1.04 10.15
64769 -48.5102 1.04 10.15
67602 -52.6701 1.04 10.15
76777 -49.6757 1.04 10.15
64799 -53.3658 1.04 10.15
68428 -52.7147 1.04 10.15
66572 -54.8283 1.04 10.15
67647 -54.7784 1.04 10.15
71357 -52.8928 1.04 10.15
60392 -51.0507 1.04 10.15
69000 -52.2188 1.04 10.15
69799 -55.1007 1.04 10.15
70605 -60.1804 1.04 10.15
69393 -53.3531 1.04 10.15
67889 -57.6132 1.04 10.15
70625 -57.1138 1.04 10.15
66341 -50.6449 1.04 10.15
67939 -49.6696 1.04 10.15
72360 -51.9129 1.04 10.15
75833 -67.7553 1.04 10.15
72744 -56.0484 1.04 10.15
70418 -60.3089 1.04 10.15
72149 -54.8337 1.04 10.15
62891 -54.1867 1.04 10.15
65648 -51.2841 1.04 10.15
64719 -51.13 1.04 10.15
68327 -48.5254 1.04 10.15
77215 -45.7131 1.04 10.15
65735 -54.0784 1.04 10.15
68395 -51.6508 1.04 10.15
74598 -65.8416 1.04 10.15
70764 -52.5162 1.04 10.15
64908 -48.1348 1.04 10.15
69141 -71.4629 1.04 10.15
71707 -52.2294 1.04 10.15
62388 -50.6808 1.04 10.15
67602 -56.1356 1.04 10.15
211242 -60.5947 26.82 -18.9
221912 -58.9014 26.82 -18.9
215728 -62.9753 26.82 -18.9
220047 -60.9805 26.82 -18.9
213843 -56.5509 26.82 -18.9
225523 -61.1789 26.82 -18.9
225933 -61.742 26.82 -18.9
205564 -68.7925 26.82 -18.9
218411 -64.3886 26.82 -18.9
224468 -61.7571 26.82 -18.9
217478 -61.0263 26.82 -18.9
218503 -64.3139 26.82 -18.9
222356 -69.8287 26.82 -18.9
221022 -63.9397 26.82 -18.9
213922 -63.1837 26.82 -18.9
220493 -60.3152 26.82 -18.9
229173 -61.5728 26.82 -18.9
211757 -62.7297 26.82 -18.9
212164 -58.9143 26.82 -18.9
219637 -61.7309 26.82 -18.9
214493 -58.2331 26.82 -18.9
220161 -67.1433 26.82 -18.9
221626 -63.5309 26.82 -18.9
226984 -61.5896 26.82 -18.9
216078 -62.3852 26.82 -18.9
217195 -63.8633 26.82 -18.9
215573 -57.945 26.82 -18.9
206373 -64.7777 26.82 -18.9
216716 -58.8227 26.82 -18.9
214662 -61.6642 26.82 -18.9
220040 -61.2354 26.82 -18.9
221150 -62.6055 26.82 -18.9
210399 -59.9797 26.82 -18.9
211907 -66.9897 26.82 -18.9
217112 -61.461 26.82 -18.9
227192 -65.1993 26.82 -18.9
212160 -64.4046 26.82 -18.9
217682 -61.9742 26.82 -18.9
212691 -60.7186 26.82 -18.9
157034 -61.8978 15.93 16.9
161793 -55.2823 15.93 16.9
153641 -55.1871 15.93 16.9
139442 -74.12 15.93 16.9
122441 -79.5542 15.93 16.9
160890 -58.1258 15.93 16.9
158192 -64.2032 15.93 16.9
160639 -59.8411 15.93 16.9
152475 -65.6191 15.93 16.9
156952 -57.7541 15.93 16.9
156785 -61.2918 15.93 16.9
153084 -57.9375 15.93 16.9
154057 -57.4149 15.93 16.9
151729 -60.1235 15.93 16.9
154925 -65.0571 15.93 16.9
155046 -65.4809 15.93 16.9
165517 -63.663 15.93 16.9
157238 -57.5549 15.93 16.9
156009 -64.0031 15.93 16.9
145317 -52.5441 15.93 16.9
148616 -60.539 15.93 16.9
161153 -62.5859 15.93 16.9
155553 -55.8406 15.93 16.9
151523 -62.094 15.93 16.9
157495 -60.1071 15.93 16.9
149966 -69.2034 15.93 16.9
159242 -54.4366 15.93 16.9
153256 -56.4088 15.93 16.9
162313 -63.3664 15.93 16.9
156966 -61.4848 15.93 16.9
157130 -53.7628 15.93 16.9
143514 -67.5357 15.93 16.9
162563 -64.3179 15.93 16.9
156329 -63.414 15.93 16.9
157315 -58.4849 15.93 16.9
155001 -61.2304 15.93 16.9
160114 -58.782 15.93 16.9
155859 -58.7302 15.93 16.9
151563 -66.6323 15.93 16.9
89386 -54.4182 -13.06 4.44
92198 -58.2517 -13.06 4.44
90170 -57.0675 -13.06 4.44
93416 -56.9663 -13.06 4.44
82343 -51.9827 -13.06 4.44
89872 -57.9631 -13.06 4.44
91499 -55.5303 -13.06 4.44
91008 -58.334 -13.06 4.44
87714 -55.1092 -13.06 4.44
88485 -55.883 -13.06 4.44
91379 -52.7503 -13.06 4.44
86327 -54.8339 -13.06 4.44
85079 -56.5223 -13.06 4.44
76445 -59.635 -13.06 4.44
90223 -53.3079 -13.06 4.44
92483 -59.883 -13.06 4.44
88914 -62.6236 -13.06 4.44
84644 -55.8898 -13.06 4.44
88341 -56.9216 -13.06 4.44
86515 -67.9043 -13.06 4.44
78626 -69.3611 -13.06 4.44
90251 -56.4945 -13.06 4.44
89346 -57.3051 -13.06 4.44
94505 -59.485 -13.06 4.44
92330 -52.3875 -13.06 4.44
81374 -55.4839 -13.06 4.44
88400 -57.0371 -13.06 4.44
83857 -59.9537 -13.06 4.44
91222 -54.5222 -13.06 4.44
92259 -54.0175 -13.06 4.44
88149 -54.9619 -13.06 4.44
87112 -57.1913 -13.06 4.44
85800 -56.3362 -13.06 4.44
85550 -54.6164 -13.06 4.44
93574 -57.8862 -13.06 4.44
92946 -60.5711 -13.06 4.44
90001 -60.1537 -13.06 4.44
82627 -51.5763 -13.06 4.44
80850 -56.1823 -13.06 4.44
107388 -55.8724 -16.74 -3.49
109901 -53.795 -16.74 -3.49
112140 -55.623 -16.74 -3.49
119088 -54.9829 -16.74 -3.49
110244 -53.615 -16.74 -3.49
104093 -51.1371 -16.74 -3.49
105259 -62.2483 -16.74 -3.49
108856 -65 -16.74 -3.49
109707 -57.4562 -16.74 -3.49
110094 -56.7058 -16.74 -3.49
109526 -56.888 -16.74 -3.49
113408 -51.3168 -16.74 -3.49
105535 -56.8574 -16.74 -3.49
107846 -53.7482 -16.74 -3.49
112997 -52.1351 -16.74 -3.49
118268 -57.8178 -16.74 -3.49
110231 -53.9392 -16.74 -3.49
103903 -57.5243 -16.74 -3.49
110130 -54.9968 -16.74 -3.49
112226 -65.471 -16.74 -3.49
116355 -51.4198 -16.74 -3.49
117807 -54.5229 -16.74 -3.49
116283 -52.8718 -16.74 -3.49
116070 -53.4556 -16.74 -3.49
114076 -57.7332 -16.74 -3.49
114946 -67.7254 -16.74 -3.49
111348 -65.7152 -16.74 -3.49
105624 -56.7572 -16.74 -3.49
108028 -57.6393 -16.74 -3.49
111696 -53.9637 -16.74 -3.49
109898 -58.1924 -16.74 -3.49
106514 -58.7991 -16.74 -3.49
113590 -55.1141 -16.74 -3.49
102983 -56.9136 -16.74 -3.49
111814 -56.2124 -16.74 -3.49
108699 -56.5397 -16.74 -3.49
108445 -52.5836 -16.74 -3.49
109158 -51.7364 -16.74 -3.49
107098 -65.5404 -16.74 -3.49
136939 -54.3093 11.18 -18.96
137423 -55.2484 11.18 -18.96
136839 -64.2292 11.18 -18.96
140262 -60.1746 11.18 -18.96
141199 -60.1265 11.18 -18.96
145336 -55.9915 11.18 -18.96
135966 -58.0082 11.18 -18.96
133530 -57.3174 11.18 -18.96
139223 -57.65 11.18 -18.96
143078 -58.6274 11.18 -18.96
140271 -62.1654 11.18 -18.96
133077 -61.6614 11.18 -18.96
144376 -54.5294 11.18 -18.96
142055 -60.3537 11.18 -18.96
142826 -57.1688 11.18 -18.96
142333 -63.0137 11.18 -18.96
140500 -57.9081 11.18 -18.96
133481 -56.2406 11.18 -18.96
141095 -63.2306 11.18 -18.96
144127 -59.5725 11.18 -18.96
142169 -57.4064 11.18 -18.96
141595 -58.1046 11.18 -18.96
135583 -59.518 11.18 -18.96
138504 -59.1887 11.18 -18.96
142676 -65.0238 11.18 -18.96
137014 -54.7897 11.18 -18.96
142010 -62.8976 11.18 -18.96
138107 -60.4668 11.18 -18.96
133489 -62.4475 11.18 -18.96
127521 -62.1276 11.18 -18.96
133488 -54.2339 11.18 -18.96
130034 -58.7248 11.18 -18.96
138930 -51.754 11.18 -18.96
139729 -56.5205 11.18 -18.96
134993 -55.5457 11.18 -18.96
142771 -67.8804 11.18 -18.96
132469 -61.7754 11.18 -18.96
141386 -63.9645 11.18 -18.96
135983 -57.5482 11.18 -18.96
204218 -62.9964 -19.97 -24.01
206239 -59.6143 -19.97 -24.01
206103 -64.6403 -19.97 -24.01
207618 -53.2314 -19.97 -24.01
209618 -65.536 -19.97 -24.01
206943 -67.0683 -19.97 -24.01
207646 -64.6604 -19.97 -24.01
208043 -61.2981 -19.97 -24.01
206182 -63.3339 -19.97 -24.01
206812 -64.4589 -19.97 -24.01
213950 -63.4606 -19.97 -24.01
212371 -61.3153 -19.97 -24.01
208224 -73.5478 -19.97 -24.01
215599 -67.0179 -19.97 -24.01
211420 -59.785 -19.97 -24.01
122085 -77.1626 -19.97 -24.01
208868 -71.0302 -19.97 -24.01
205183 -61.0134 -19.97 -24.01
214198 -66.0424 -19.97 -24.01
213944 -63.9937 -19.97 -24.01
207105 -61.8362 -19.97 -24.01
203074 -62.5944 -19.97 -24.01
212542 -60.9586 -19.97 -24.01
205112 -61.826 -19.97 -24.01
202698 -63.2949 -19.97 -24.01
206267 -66.1605 -19.97 -24.01
207909 -66.6329 -19.97 -24.01
205698 -62.8511 -19.97 -24.01
209851 -60.5043 -19.97 -24.01
210418 -70.1492 -19.97 -24.01
205498 -64.7722 -19.97 -24.01
208733 -63.5642 -19.97 -24.01
208263 -62.9018 -19.97 -24.01
207666 -59.0645 -19.97 -24.01
211545 -58.9075 -19.97 -24.01
203804 -61.2427 -19.97 -24.01
196588 -64.0754 -19.97 -24.01
208828 -62.8599 -19.97 -24.01
198442 -55.3016 -19.97 -24.01
115304 -55.5838 -6.45 -16.82
110927 -56.3502 -6.45 -16.82
104641 -60.5137 -6.45 -16.82
110013 -52.8665 -6.45 -16.82
113495 -58.9874 -6.45 -16.82
115515 -56.5188 -6.45 -16.82
116961 -59.5295 -6.45 -16.82
117732 -57.9314 -6.45 -16.82
116025 -58.3389 -6.45 -16.82
116316 -55.4059 -6.45 -16.82
111810 -55.2352 -6.45 -16.82
108154 -54.5601 -6.45 -16.82
116793 -53.4957 -6.45 -16.82
109291 -53.5993 -6.45 -16.82
112361 -56.5452 -6.45 -16.82
113217 -61.9291 -6.45 -16.82
116654 -52.0371 -6.45 -16.82
119492 -56.1419 -6.45 -16.82
112469 -60.6363 -6.45 -16.82
115418 -56.4362 -6.45 -16.82
118821 -65.9409 -6.45 -16.82
114725 -57.6575 -6.45 -16.82
111340 -58.2786 -6.45 -16.82
110800 -61.3167 -6.45 -16.82
109544 -62.1119 -6.45 -16.82
111785 -56.3604 -6.45 -16.82
54485 -71.5346 -6.45 -16.82
110244 -56.1427 -6.45 -16.82
113159 -54.9729 -6.45 -16.82
100296 -64.5472 -6.45 -16.82
111477 -59.0575 -6.45 -16.82
110752 -61.0792 -6.45 -16.82
118390 -59.1679 -6.45 -16.82
119219 -64.0274 -6.45 -16.82
117483 -60.5496 -6.45 -16.82
119399 -63.1161 -6.45 -16.82
113752 -54.4554 -6.45 -16.82
117144 -60.8724 -6.45 -16.82
112016 -56.6894 -6.45 -16.82
131299 -63.7126 7.08 20
140761 -56.1642 7.08 20
140392 -54.9567 7.08 20
133172 -62.675 7.08 20
128049 -62.5396 7.08 20
134599 -57.6594 7.08 20
133174 -58.8176 7.08 20
130742 -56.5012 7.08 20
127561 -72.4596 7.08 20
142017 -56.8058 7.08 20
132323 -61.0569 7.08 20
139217 -55.7677 7.08 20
138937 -62.9978 7.08 20
131769 -63.8153 7.08 20
137334 -55.747 7.08 20
132858 -59.8058 7.08 20
140826 -62.4894 7.08 20
140506 -57.8951 7.08 20
129310 -64.3899 7.08 20
134772 -57.6505 7.08 20
127935 -69.0228 7.08 20
136949 -63.6503 7.08 20
132664 -62.102 7.08 20
142526 -65.0994 7.08 20
132813 -64.7119 7.08 20
133738 -61.7066 7.08 20
143490 -59.6375 7.08 20
132648 -60.1604 7.08 20
137999 -53.9628 7.08 20
135699 -55.4262 7.08 20
128847 -61.7826 7.08 20
136239 -62.79 7.08 20
132192 -65.5437 7.08 20
110873 -75.7545 7.08 20
136322 -54.9361 7.08 20
139287 -56.6721 7.08 20
139001 -62.8446 7.08 20
127255 -60.7519 7.08 20
135477 -55.4411 7.08 20
41626 -54.1525 -5.29 -4.39
54803 -46.3311 -5.29 -4.39
44247 -53.2269 -5.29 -4.39
49721 -53.139 -5.29 -4.39
48262 -47.0064 -5.29 -4.39
49441 -49.3851 -5.29 -4.39
48612 -70.0935 -5.29 -4.39
36518 -54.2906 -5.29 -4.39
40564 -49.4748 -5.29 -4.39
46022 -54.9471 -5.29 -4.39
39457 -47.0402 -5.29 -4.39
46416 -49.2098 -5.29 -4.39
41000 -49.0908 -5.29 -4.39
46090 -44.1141 -5.29 -4.39
41345 -48.432 -5.29 -4.39
41153 -50.969 -5.29 -4.39
49266 -49.8964 -5.29 -4.39
48685 -51.2392 -5.29 -4.39
44648 -58.4522 -5.29 -4.39
39934 -49.6308 -5.29 -4.39
39415 -48.5165 -5.29 -4.39
51778 -57.9757 -5.29 -4.39
48079 -47.798 -5.29 -4.39
40729 -44.7375 -5.29 -4.39
48392 -52.7552 -5.29 -4.39
39695 -50.8236 -5.29 -4.39
41721 -43.831 -5.29 -4.39
40869 -45.247 -5.29 -4.39
44226 -44.3466 -5.29 -4.39
48764 -46.5262 -5.29 -4.39
43583 -50.4161 -5.29 -4.39
38431 -52.2036 -5.29 -4.39
40759 -44.5557 -5.29 -4.39
44742 -51.7199 -5.29 -4.39
40513 -51.4735 -5.29 -4.39
42932 -47.1127 -5.29 -4.39
40690 -50.2754 -5.29 -4.39
45790 -46.997 -5.29 -4.39
45542 -53.3902 -5.29 -4.39
