#rtt sig_str x y
194670 -62.3778 27.61 -12.34
196129 -63.4284 27.61 -12.34
189406 -57.9608 27.61 -12.34
197045 -57.4759 27.61 -12.34
181413 -61.6358 27.61 -12.34
194343 -58.6414 27.61 -12.34
195322 -62.3315 27.61 -12.34
191110 -61.6804 27.61 -12.34
195023 -63.794 27.61 -12.34
200222 -63.7441 27.61 -12.34
197835 -61.8585 27.61 -12.34
193522 -60.0164 27.61 -12.34
197230 -61.1845 27.61 -12.34
187465 -64.0664 27.61 -12.34
174259 -69.1461 27.61 -12.34
195743 -62.3187 27.61 -12.34
198612 -66.5789 27.61 -12.34
186788 -66.0795 27.61 -12.34
192196 -59.6106 27.61 -12.34
190921 -58.6353 27.61 -12.34
189340 -60.8786 27.61 -12.34
182066 -76.721 27.61 -12.34
184695 -65.0141 27.61 -12.34
194796 -69.2746 27.61 -12.34
194409 -63.7994 27.61 -12.34
190176 -63.1524 27.61 -12.34
189311 -60.2498 27.61 -12.34
194521 -60.0956 27.61 -12.34
188825 -57.4911 27.61 -12.34
190880 -54.6788 27.61 -12.34
186960 -63.0441 27.61 -12.34
195056 -60.6165 27.61 -12.34
159640 -74.8072 27.61 -12.34
200801 -61.4819 27.61 -12.34
195123 -57.1005 27.61 -12.34
136424 -80.4286 27.61 -12.34
189079 -61.1951 27.61 -12.34
194096 -59.6465 27.61 -12.34
183742 -65.1013 27.61 -12.34
187016 -59.6832 11.97 -26.83
197376 -57.9899 11.97 -26.83
191352 -62.0638 11.97 -26.83
195689 -60.069 11.97 -26.83
194367 -55.6394 11.97 -26.83
194693 -60.2674 11.97 -26.83
190412 -60.8305 11.97 -26.83
185064 -67.881 11.97 -26.83
191784 -63.4771 11.97 -26.83
194855 -60.8456 11.97 -26.83
191793 -60.1148 11.97 -26.83
193513 -63.4024 11.97 -26.83
195189 -68.9172 11.97 -26.83
192483 -63.0282 11.97 -26.83
193678 -62.2723 11.97 -26.83
197847 -59.4037 11.97 -26.83
197097 -60.6613 11.97 -26.83
184391 -61.8182 11.97 -26.83
196729 -58.0028 11.97 -26.83
190225 -60.8194 11.97 -26.83
193641 -57.3216 11.97 -26.83
191007 -66.2318 11.97 -26.83
201566 -62.6194 11.97 -26.83
191088 -60.6781 11.97 -26.83
192487 -61.4737 11.97 -26.83
196396 -62.9518 11.97 -26.83
187127 -57.0335 11.97 -26.83
184026 -63.8662 11.97 -26.83
188847 -57.9112 11.97 -26.83
188364 -60.7527 11.97 -26.83
186779 -60.3239 11.97 -26.83
187803 -61.694 11.97 -26.83
180305 -59.0682 11.97 -26.83
197581 -66.0782 11.97 -26.83
189652 -60.5495 11.97 -26.83
191439 -64.2878 11.97 -26.83
195991 -63.4931 11.97 -26.83
189260 -61.0627 11.97 -26.83
185100 -59.8071 11.97 -26.83
211244 -64.5261 30 -10.95
206304 -57.9107 30 -10.95
209814 -57.8154 30 -10.95
191344 -76.7484 30 -10.95
206106 -60.8867 30 -10.95
205618 -58.9667 30 -10.95
207953 -57.1929 30 -10.95
207464 -64.0576 30 -10.95
201036 -63.2089 30 -10.95
205275 -60.2392 30 -10.95
207811 -62.8066 30 -10.95
200805 -70.0077 30 -10.95
202877 -60.3616 30 -10.95
223630 -77.1919 30 -10.95
205783 -66.0813 30 -10.95
215787 -66.6815 30 -10.95
208710 -60.3927 30 -10.95
207907 -67.6286 30 -10.95
207795 -64.7086 30 -10.95
204861 -62.861 30 -10.95
203439 -60.3051 30 -10.95
193657 -69.261 30 -10.95
203192 -60.3985 30 -10.95
211333 -61.2494 30 -10.95
211117 -60.0502 30 -10.95
199106 -63.9501 30 -10.95
206053 -58.0172 30 -10.95
213816 -60.1305 30 -10.95
208704 -66.3102 30 -10.95
203017 -73.2918 30 -10.95
206132 -65.1384 30 -10.95
199127 -67.4851 30 -10.95
201262 -57.9607 30 -10.95
205198 -64.4623 30 -10.95
205267 -61.0513 30 -10.95
215800 -64.9288 30 -10.95
206605 -68.601 30 -10.95
206855 -57.8452 30 -10.95
210040 -60.1633 30 -10.95
234945 -61.5808 -16.8 29.04
233465 -61.3174 -16.8 29.04
227222 -65.2027 -16.8 29.04
234715 -62.7284 -16.8 29.04
228255 -60.3538 -16.8 29.04
208998 -70.5829 -16.8 29.04
226111 -68.0271 -16.8 29.04
232005 -65.1106 -16.8 29.04
231080 -59.0319 -16.8 29.04
226291 -65.723 -16.8 29.04
241107 -66.9509 -16.8 29.04
226074 -60.0042 -16.8 29.04
235663 -64.2521 -16.8 29.04
226231 -60.7302 -16.8 29.04
233209 -68.9387 -16.8 29.04
228230 -63.304 -16.8 29.04
234457 -57.7545 -16.8 29.04
233532 -60.3647 -16.8 29.04
243739 -66.8379 -16.8 29.04
230839 -60.9099 -16.8 29.04
222695 -63.998 -16.8 29.04
225078 -64.3773 -16.8 29.04
219325 -63.4572 -16.8 29.04
230297 -63.4742 -16.8 29.04
230786 -67.1832 -16.8 29.04
233401 -62.7806 -16.8 29.04
233417 -62.5167 -16.8 29.04
235283 -69.1595 -16.8 29.04
244564 -73.569 -16.8 29.04
230329 -63.9126 -16.8 29.04
229521 -67.7457 -16.8 29.04
231561 -66.771 -16.8 29.04
234195 -66.8373 -16.8 29.04
230981 -63.556 -16.8 29.04
235524 -62.7335 -16.8 29.04
230529 -63.4749 -16.8 29.04
234358 -62.7104 -16.8 29.04
227314 -69.206 -16.8 29.04
225166 -78.1909 -16.8 29.04
49869 -64.3951 -8.34 0.54
56228 -49.4444 -8.34 0.54
57676 -50.3709 -8.34 0.54
56223 -49.5241 -8.34 0.54
59935 -53.5417 -8.34 0.54
52498 -42.615 -8.34 0.54
48046 -54.7275 -8.34 0.54
56125 -52.3742 -8.34 0.54
51806 -52.6611 -8.34 0.54
55273 -48.9074 -8.34 0.54
53555 -51.7687 -8.34 0.54
50973 -48.1804 -8.34 0.54
49100 -49.4721 -8.34 0.54
55965 -50.2362 -8.34 0.54
56684 -56.5458 -8.34 0.54
51928 -50.1791 -8.34 0.54
50918 -48.4704 -8.34 0.54
53364 -52.8125 -8.34 0.54
52681 -45.8596 -8.34 0.54
46924 -48.429 -8.34 0.54
57746 -52.24 -8.34 0.54
55884 -51.8292 -8.34 0.54
55308 -48.5579 -8.34 0.54
54014 -56.1549 -8.34 0.54
53319 -48.4893 -8.34 0.54
65238 -48.4781 -8.34 0.54
56393 -51.2824 -8.34 0.54
54772 -56.6265 -8.34 0.54
57868 -50.5313 -8.34 0.54
57990 -48.4254 -8.34 0.54
54169 -47.5646 -8.34 0.54
53084 -50.0014 -8.34 0.54
53220 -53.2696 -8.34 0.54
52173 -46.558 -8.34 0.54
53884 -52.0007 -8.34 0.54
54623 -46.0555 -8.34 0.54
54906 -50.0118 -8.34 0.54
50123 -49.2312 -8.34 0.54
64425 -47.4223 -8.34 0.54
145454 -57.9407 14.39 17.23
150624 -59.8019 14.39 17.23
152349 -64.8676 14.39 17.23
139862 -63.3595 14.39 17.23
151561 -65.9026 14.39 17.23
140819 -61.9615 14.39 17.23
148742 -57.3317 14.39 17.23
144438 -61.603 14.39 17.23
151215 -58.3643 14.39 17.23
148122 -56.3386 14.39 17.23
139352 -64.8107 14.39 17.23
146441 -62.3364 14.39 17.23
152309 -61.3463 14.39 17.23
148297 -60.173 14.39 17.23
146668 -61.3245 14.39 17.23
144305 -57.035 14.39 17.23
146977 -63.4531 14.39 17.23
152044 -57.4658 14.39 17.23
127240 -66.5571 14.39 17.23
145063 -59.9356 14.39 17.23
141978 -57.9251 14.39 17.23
136128 -65.0337 14.39 17.23
147452 -55.1836 14.39 17.23
145207 -57.766 14.39 17.23
148634 -60.6655 14.39 17.23
151759 -53.5075 14.39 17.23
154880 -57.6885 14.39 17.23
146196 -57.4311 14.39 17.23
147400 -65.8685 14.39 17.23
140334 -52.9611 14.39 17.23
142789 -55.1753 14.39 17.23
149613 -65.2813 14.39 17.23
156834 -61.9434 14.39 17.23
146696 -54.4422 14.39 17.23
145038 -58.9016 14.39 17.23
134580 -64.7229 14.39 17.23
150167 -60.0741 14.39 17.23
143774 -65.8068 14.39 17.23
142081 -57.956 14.39 17.23
201299 -58.7134 29.79 -1.56
203282 -69.948 29.79 -1.56
206563 -67.8314 29.79 -1.56
198061 -53.984 29.79 -1.56
201734 -69.0364 29.79 -1.56
205600 -60.0679 29.79 -1.56
197247 -59.2514 29.79 -1.56
204880 -62.6458 29.79 -1.56
205466 -62.4061 29.79 -1.56
199437 -66.0149 29.79 -1.56
202688 -62.8652 29.79 -1.56
200698 -70.4489 29.79 -1.56
200866 -64.4477 29.79 -1.56
206493 -60.9058 29.79 -1.56
203923 -57.2495 29.79 -1.56
201169 -64.5372 29.79 -1.56
204889 -54.4062 29.79 -1.56
199870 -68.2256 29.79 -1.56
196961 -62.5527 29.79 -1.56
200630 -64.3447 29.79 -1.56
204276 -66.895 29.79 -1.56
200727 -61.687 29.79 -1.56
210972 -63.6844 29.79 -1.56
204360 -58.0663 29.79 -1.56
199083 -61.2398 29.79 -1.56
211411 -59.9477 29.79 -1.56
205956 -59.1068 29.79 -1.56
202614 -57.6422 29.79 -1.56
206151 -62.6802 29.79 -1.56
202366 -63.0861 29.79 -1.56
184049 -69.472 29.79 -1.56
206392 -65.9108 29.79 -1.56
219199 -68.7838 29.79 -1.56
202023 -62.7342 29.79 -1.56
203452 -61.3063 29.79 -1.56
211857 -60.7464 29.79 -1.56
205312 -55.5349 29.79 -1.56
207895 -65.6666 29.79 -1.56
202452 -61.3654 29.79 -1.56
86604 -53.6415 -11.02 7.12
84425 -51.128 -11.02 7.12
86344 -60.0657 -11.02 7.12
84866 -58.6312 -11.02 7.12
81507 -60.5216 -11.02 7.12
76825 -55.5053 -11.02 7.12
90471 -61.8731 -11.02 7.12
82167 -56.72 -11.02 7.12
88385 -49.7033 -11.02 7.12
86902 -60.0238 -11.02 7.12
80717 -56.9415 -11.02 7.12
83786 -55.382 -11.02 7.12
88057 -51.7218 -11.02 7.12
83747 -52.3537 -11.02 7.12
82597 -54.3498 -11.02 7.12
86352 -53.9322 -11.02 7.12
93094 -52.7423 -11.02 7.12
81367 -54.552 -11.02 7.12
88064 -53.9506 -11.02 7.12
84239 -54.2007 -11.02 7.12
87381 -54.8946 -11.02 7.12
89969 -51.5877 -11.02 7.12
82793 -60.0236 -11.02 7.12
88195 -51.565 -11.02 7.12
84329 -54.0111 -11.02 7.12
85495 -50.5827 -11.02 7.12
85791 -50.8358 -11.02 7.12
77252 -61.0258 -11.02 7.12
81480 -61.3998 -11.02 7.12
86738 -54.3485 -11.02 7.12
86319 -55.0442 -11.02 7.12
88332 -51.976 -11.02 7.12
87379 -54.38 -11.02 7.12
85544 -58.2245 -11.02 7.12
86548 -54.9463 -11.02 7.12
83151 -49.5543 -11.02 7.12
87192 -51.8631 -11.02 7.12
86560 -53.8219 -11.02 7.12
86679 -49.3096 -11.02 7.12
170635 -60.1691 -21.81 -13.52
166197 -57.8969 -21.81 -13.52
174774 -63.1181 -21.81 -13.52
165971 -57.9017 -21.81 -13.52
171454 -60.8687 -21.81 -13.52
168892 -60.3144 -21.81 -13.52
159721 -63.0262 -21.81 -13.52
164136 -57.6494 -21.81 -13.52
168169 -62.5265 -21.81 -13.52
167275 -56.5923 -21.81 -13.52
143760 -75.639 -21.81 -13.52
170654 -58.1542 -21.81 -13.52
162724 -65.9191 -21.81 -13.52
166774 -58.413 -21.81 -13.52
168311 -61.9759 -21.81 -13.52
159141 -63.4793 -21.81 -13.52
167237 -58.4312 -21.81 -13.52
168461 -54.9268 -21.81 -13.52
160280 -64.4423 -21.81 -13.52
166218 -57.8019 -21.81 -13.52
168657 -65.2059 -21.81 -13.52
161187 -57.2877 -21.81 -13.52
163802 -56.7289 -21.81 -13.52
160710 -55.2257 -21.81 -13.52
163531 -64.9249 -21.81 -13.52
166637 -59.747 -21.81 -13.52
169784 -58.9072 -21.81 -13.52
172599 -59.166 -21.81 -13.52
163936 -57.555 -21.81 -13.52
168600 -62.9971 -21.81 -13.52
161310 -64.1058 -21.81 -13.52
166228 -59.2519 -21.81 -13.52
173366 -61.6919 -21.81 -13.52
168380 -57.5581 -21.81 -13.52
168388 -58.6278 -21.81 -13.52
168106 -57.6707 -21.81 -13.52
161313 -56.1206 -21.81 -13.52
172617 -56.2677 -21.81 -13.52
160862 -60.0736 -21.81 -13.52
69276 -52.9187 -6.96 3.6
66345 -49.4701 -6.96 3.6
66560 -49.6227 -6.96 3.6
60268 -48.1537 -6.96 3.6
61547 -51.7843 -6.96 3.6
63076 -43.8221 -6.96 3.6
62928 -47.3076 -6.96 3.6
62454 -43.5072 -6.96 3.6
60986 -47.3847 -6.96 3.6
63088 -48.2672 -6.96 3.6
71192 -48.2682 -6.96 3.6
67098 -59.3348 -6.96 3.6
68370 -50.2173 -6.96 3.6
63706 -49.1002 -6.96 3.6
66998 -50.0166 -6.96 3.6
65231 -46.4424 -6.96 3.6
70403 -50.0126 -6.96 3.6
62496 -50.9653 -6.96 3.6
65746 -53.0079 -6.96 3.6
65503 -44.8074 -6.96 3.6
62167 -54.5042 -6.96 3.6
69246 -51.9625 -6.96 3.6
67716 -55.4044 -6.96 3.6
62078 -47.4716 -6.96 3.6
72060 -53.4468 -6.96 3.6
61701 -49.1451 -6.96 3.6
63556 -50.0885 -6.96 3.6
70541 -50.1564 -6.96 3.6
62616 -52.5947 -6.96 3.6
69200 -53.8348 -6.96 3.6
61115 -60.7749 -6.96 3.6
64283 -48.3602 -6.96 3.6
61012 -49.7664 -6.96 3.6
68048 -57.8427 -6.96 3.6
66022 -46.3216 -6.96 3.6
69557 -46.7081 -6.96 3.6
69087 -55.6171 -6.96 3.6
64430 -56.3044 -6.96 3.6
66701 -50.4038 -6.96 3.6
