#rtt sig_str x y
116971 -57.7307 -11.53 12.79
111898 -58.7814 -11.53 12.79
116116 -53.3138 -11.53 12.79
108973 -52.8289 -11.53 12.79
111276 -56.9887 -11.53 12.79
113247 -53.9944 -11.53 12.79
112660 -57.6844 -11.53 12.79
115334 -57.0333 -11.53 12.79
118255 -59.147 -11.53 12.79
109626 -59.097 -11.53 12.79
113780 -57.2114 -11.53 12.79
116137 -55.3694 -11.53 12.79
113538 -56.5374 -11.53 12.79
115628 -59.4194 -11.53 12.79
113119 -64.4991 -11.53 12.79
112574 -57.6717 -11.53 12.79
109197 -61.9318 -11.53 12.79
116586 -61.4325 -11.53 12.79
115306 -54.9636 -11.53 12.79
121287 -53.9883 -11.53 12.79
113757 -56.2315 -11.53 12.79
97352 -72.0739 -11.53 12.79
121350 -60.367 -11.53 12.79
116349 -64.6276 -11.53 12.79
107909 -59.1523 -11.53 12.79
112105 -58.5054 -11.53 12.79
110021 -55.6027 -11.53 12.79
112244 -55.4486 -11.53 12.79
119418 -52.844 -11.53 12.79
111740 -50.0318 -11.53 12.79
115983 -58.397 -11.53 12.79
120153 -55.9694 -11.53 12.79
116661 -70.1602 -11.53 12.79
116089 -56.8349 -11.53 12.79
113220 -52.4535 -11.53 12.79
111385 -75.7816 -11.53 12.79
119487 -56.548 -11.53 12.79
111652 -54.9994 -11.53 12.79
109967 -60.4542 -11.53 12.79
88099 -52.5418 1.16 -12.31
87211 -50.8486 1.16 -12.31
87159 -54.9224 1.16 -12.31
99647 -52.9277 1.16 -12.31
90586 -48.498 1.16 -12.31
89815 -53.1261 1.16 -12.31
90596 -53.6891 1.16 -12.31
90824 -60.7397 1.16 -12.31
86811 -56.3358 1.16 -12.31
86606 -53.7042 1.16 -12.31
91134 -52.9735 1.16 -12.31
88723 -56.261 1.16 -12.31
92694 -61.7759 1.16 -12.31
90555 -55.8868 1.16 -12.31
86829 -55.1309 1.16 -12.31
93214 -52.2623 1.16 -12.31
95168 -53.5199 1.16 -12.31
87967 -54.6769 1.16 -12.31
95654 -50.8614 1.16 -12.31
86508 -53.6781 1.16 -12.31
88367 -50.1802 1.16 -12.31
91266 -59.0904 1.16 -12.31
96338 -55.4781 1.16 -12.31
93820 -53.5367 1.16 -12.31
91135 -54.3324 1.16 -12.31
89658 -55.8104 1.16 -12.31
90138 -49.8921 1.16 -12.31
95009 -56.7248 1.16 -12.31
94072 -50.7698 1.16 -12.31
90760 -53.6114 1.16 -12.31
85878 -53.1825 1.16 -12.31
90557 -54.5527 1.16 -12.31
90446 -51.9269 1.16 -12.31
89887 -58.9369 1.16 -12.31
87602 -53.4081 1.16 -12.31
95374 -57.1464 1.16 -12.31
94317 -56.3518 1.16 -12.31
86518 -53.9213 1.16 -12.31
90549 -52.6657 1.16 -12.31
117965 -59.0715 16.1 3.56
115887 -52.456 16.1 3.56
114070 -52.3608 16.1 3.56
129075 -71.2937 16.1 3.56
100291 -76.7279 16.1 3.56
122240 -55.2995 16.1 3.56
114452 -61.3768 16.1 3.56
121256 -57.0148 16.1 3.56
115554 -62.7928 16.1 3.56
116789 -54.9278 16.1 3.56
117679 -58.4655 16.1 3.56
117949 -55.1111 16.1 3.56
115232 -54.5886 16.1 3.56
117177 -57.2972 16.1 3.56
117404 -62.2307 16.1 3.56
119126 -62.6546 16.1 3.56
116401 -60.8367 16.1 3.56
119407 -54.7286 16.1 3.56
117991 -61.1768 16.1 3.56
114737 -49.7178 16.1 3.56
120454 -57.7127 16.1 3.56
117508 -59.7596 16.1 3.56
114942 -53.0143 16.1 3.56
121398 -59.2676 16.1 3.56
111900 -57.2807 16.1 3.56
115496 -66.377 16.1 3.56
115756 -51.6103 16.1 3.56
121442 -53.5825 16.1 3.56
119318 -60.5401 16.1 3.56
122331 -58.6585 16.1 3.56
118661 -50.9365 16.1 3.56
111936 -64.7094 16.1 3.56
116623 -61.4916 16.1 3.56
113568 -60.5877 16.1 3.56
118735 -55.6586 16.1 3.56
121043 -58.4041 16.1 3.56
118567 -55.9557 16.1 3.56
116703 -55.9039 16.1 3.56
125525 -63.806 16.1 3.56
188442 -60.7333 17.36 -24.04
190330 -64.5668 17.36 -24.04
194775 -63.3826 17.36 -24.04
200167 -63.2814 17.36 -24.04
193029 -58.2978 17.36 -24.04
191279 -64.2781 17.36 -24.04
201474 -61.8454 17.36 -24.04
191886 -64.6491 17.36 -24.04
188559 -61.4243 17.36 -24.04
198824 -62.1981 17.36 -24.04
195440 -59.0653 17.36 -24.04
194049 -61.149 17.36 -24.04
187287 -62.8374 17.36 -24.04
197337 -65.9501 17.36 -24.04
196425 -59.623 17.36 -24.04
186247 -66.1981 17.36 -24.04
198585 -68.9387 17.36 -24.04
203168 -62.2049 17.36 -24.04
187530 -63.2367 17.36 -24.04
201363 -74.2194 17.36 -24.04
220955 -75.6762 17.36 -24.04
183986 -62.8095 17.36 -24.04
195258 -63.6202 17.36 -24.04
199376 -65.8001 17.36 -24.04
188286 -58.7026 17.36 -24.04
187676 -61.799 17.36 -24.04
196612 -63.3522 17.36 -24.04
186739 -66.2687 17.36 -24.04
194793 -60.8373 17.36 -24.04
184107 -60.3326 17.36 -24.04
194274 -61.277 17.36 -24.04
199564 -63.5063 17.36 -24.04
193037 -62.6513 17.36 -24.04
190291 -60.9314 17.36 -24.04
190249 -64.2013 17.36 -24.04
194048 -66.8862 17.36 -24.04
192606 -66.4688 17.36 -24.04
189263 -57.8913 17.36 -24.04
188925 -62.4974 17.36 -24.04
219072 -61.1326 22.24 -23.49
216597 -59.0553 22.24 -23.49
217063 -60.8832 22.24 -23.49
205999 -60.2432 22.24 -23.49
215550 -58.8753 22.24 -23.49
217691 -56.3974 22.24 -23.49
216156 -67.5085 22.24 -23.49
215451 -70.2602 22.24 -23.49
216652 -62.7164 22.24 -23.49
208232 -61.966 22.24 -23.49
214839 -62.1482 22.24 -23.49
212620 -56.577 22.24 -23.49
219492 -62.1176 22.24 -23.49
212676 -59.0084 22.24 -23.49
220007 -57.3953 22.24 -23.49
214533 -63.0781 22.24 -23.49
221626 -59.1995 22.24 -23.49
203608 -62.7845 22.24 -23.49
209388 -60.2571 22.24 -23.49
223686 -70.7312 22.24 -23.49
211452 -56.6801 22.24 -23.49
214303 -59.7831 22.24 -23.49
208843 -58.132 22.24 -23.49
214682 -58.7158 22.24 -23.49
216093 -62.9935 22.24 -23.49
220407 -72.9856 22.24 -23.49
216019 -70.9754 22.24 -23.49
220169 -62.0174 22.24 -23.49
216150 -62.8995 22.24 -23.49
215674 -59.2239 22.24 -23.49
219953 -63.4527 22.24 -23.49
224758 -64.0593 22.24 -23.49
213270 -60.3744 22.24 -23.49
217320 -62.1738 22.24 -23.49
209362 -61.4726 22.24 -23.49
213317 -61.7999 22.24 -23.49
206630 -57.8438 22.24 -23.49
218270 -56.9966 22.24 -23.49
214719 -70.8006 22.24 -23.49
161593 -55.3342 -18.73 -16.44
168848 -56.2732 -18.73 -16.44
169951 -65.254 -18.73 -16.44
164040 -61.1995 -18.73 -16.44
169070 -61.1513 -18.73 -16.44
173638 -57.0163 -18.73 -16.44
167592 -59.0331 -18.73 -16.44
170942 -58.3423 -18.73 -16.44
167662 -58.6748 -18.73 -16.44
163537 -59.6523 -18.73 -16.44
151595 -63.1903 -18.73 -16.44
167902 -62.6863 -18.73 -16.44
162266 -55.5543 -18.73 -16.44
173259 -61.3786 -18.73 -16.44
162447 -58.1937 -18.73 -16.44
166546 -64.0386 -18.73 -16.44
162405 -58.933 -18.73 -16.44
167581 -57.2655 -18.73 -16.44
166834 -64.2555 -18.73 -16.44
166758 -60.5974 -18.73 -16.44
166928 -58.4313 -18.73 -16.44
166405 -59.1294 -18.73 -16.44
166409 -60.5429 -18.73 -16.44
161934 -60.2135 -18.73 -16.44
172451 -66.0487 -18.73 -16.44
161435 -55.8146 -18.73 -16.44
169364 -63.9224 -18.73 -16.44
162938 -61.4916 -18.73 -16.44
160757 -63.4724 -18.73 -16.44
165201 -63.1525 -18.73 -16.44
166944 -55.2588 -18.73 -16.44
171957 -59.7497 -18.73 -16.44
164949 -52.7788 -18.73 -16.44
167963 -57.5454 -18.73 -16.44
158262 -56.5705 -18.73 -16.44
170262 -68.9052 -18.73 -16.44
167709 -62.8003 -18.73 -16.44
162130 -64.9894 -18.73 -16.44
163398 -58.5731 -18.73 -16.44
126215 -59.4986 -13.83 15.05
135777 -56.1165 -13.83 15.05
137298 -61.1425 -13.83 15.05
130225 -49.7335 -13.83 15.05
135568 -62.0382 -13.83 15.05
140133 -63.5705 -13.83 15.05
136316 -61.1626 -13.83 15.05
134999 -57.8003 -13.83 15.05
131400 -59.8361 -13.83 15.05
138259 -60.9611 -13.83 15.05
130929 -59.9628 -13.83 15.05
133675 -57.8175 -13.83 15.05
124243 -70.05 -13.83 15.05
130491 -63.5201 -13.83 15.05
134471 -56.2871 -13.83 15.05
136964 -73.6648 -13.83 15.05
132194 -67.5324 -13.83 15.05
135306 -57.5156 -13.83 15.05
143950 -62.5446 -13.83 15.05
130364 -60.4959 -13.83 15.05
134752 -58.3384 -13.83 15.05
133866 -59.0966 -13.83 15.05
127609 -57.4608 -13.83 15.05
138446 -58.3282 -13.83 15.05
137513 -59.7971 -13.83 15.05
131565 -62.6627 -13.83 15.05
135143 -63.1351 -13.83 15.05
135693 -59.3533 -13.83 15.05
137207 -57.0065 -13.83 15.05
141781 -66.6514 -13.83 15.05
134394 -61.2744 -13.83 15.05
137575 -60.0664 -13.83 15.05
135579 -59.404 -13.83 15.05
135547 -55.5667 -13.83 15.05
134372 -55.4097 -13.83 15.05
142235 -57.7449 -13.83 15.05
135567 -60.5776 -13.83 15.05
135379 -59.3621 -13.83 15.05
140307 -51.8037 -13.83 15.05
129430 -55.9761 -0.23 18.89
123966 -56.7425 -0.23 18.89
126473 -60.906 -0.23 18.89
128812 -53.2588 -0.23 18.89
126173 -59.3797 -0.23 18.89
127138 -56.9111 -0.23 18.89
130405 -59.9218 -0.23 18.89
125750 -58.3237 -0.23 18.89
130231 -58.7312 -0.23 18.89
126060 -55.7982 -0.23 18.89
129818 -55.6275 -0.23 18.89
133807 -54.9524 -0.23 18.89
129399 -53.8879 -0.23 18.89
134107 -53.9916 -0.23 18.89
131880 -56.9375 -0.23 18.89
125496 -62.3214 -0.23 18.89
130657 -52.4294 -0.23 18.89
128361 -56.5342 -0.23 18.89
125629 -61.0286 -0.23 18.89
124912 -56.8285 -0.23 18.89
128622 -66.3332 -0.23 18.89
134977 -58.0498 -0.23 18.89
127985 -58.6709 -0.23 18.89
126289 -61.709 -0.23 18.89
138853 -62.5042 -0.23 18.89
120065 -56.7527 -0.23 18.89
136273 -71.9269 -0.23 18.89
129767 -56.535 -0.23 18.89
130750 -55.3652 -0.23 18.89
126835 -64.9395 -0.23 18.89
120132 -59.4498 -0.23 18.89
125589 -61.4715 -0.23 18.89
128881 -59.5602 -0.23 18.89
130812 -64.4197 -0.23 18.89
136794 -60.9419 -0.23 18.89
129939 -63.5084 -0.23 18.89
129469 -54.8476 -0.23 18.89
130291 -61.2647 -0.23 18.89
123845 -57.0816 -0.23 18.89
112576 -61.3174 14.35 6.78
110172 -53.7691 14.35 6.78
110599 -52.5615 14.35 6.78
109145 -60.2799 14.35 6.78
107059 -60.1445 14.35 6.78
107065 -55.2642 14.35 6.78
108461 -56.4224 14.35 6.78
111962 -54.106 14.35 6.78
109951 -70.0644 14.35 6.78
107662 -54.4106 14.35 6.78
111756 -58.6617 14.35 6.78
105600 -53.3725 14.35 6.78
109903 -60.6026 14.35 6.78
115099 -61.4201 14.35 6.78
108800 -53.3519 14.35 6.78
110432 -57.4106 14.35 6.78
109876 -60.0942 14.35 6.78
111916 -55.4999 14.35 6.78
118291 -61.9948 14.35 6.78
115171 -55.2553 14.35 6.78
109225 -66.6277 14.35 6.78
107242 -61.2552 14.35 6.78
110351 -59.7068 14.35 6.78
111612 -62.7042 14.35 6.78
107319 -62.3167 14.35 6.78
107412 -59.3114 14.35 6.78
105254 -57.2424 14.35 6.78
109875 -57.7653 14.35 6.78
118801 -51.5676 14.35 6.78
109954 -53.031 14.35 6.78
109062 -59.3875 14.35 6.78
118469 -60.3948 14.35 6.78
104511 -63.1485 14.35 6.78
110602 -73.3593 14.35 6.78
107923 -52.5409 14.35 6.78
109545 -54.277 14.35 6.78
110353 -60.4495 14.35 6.78
110545 -58.3568 14.35 6.78
114267 -53.046 14.35 6.78
116049 -62.7649 -18.31 -6.77
126558 -54.9435 -18.31 -6.77
125953 -61.8393 -18.31 -6.77
126051 -61.7514 -18.31 -6.77
114280 -55.6188 -18.31 -6.77
121482 -57.9974 -18.31 -6.77
108316 -78.7059 -18.31 -6.77
121107 -62.903 -18.31 -6.77
127621 -58.0872 -18.31 -6.77
126391 -63.5595 -18.31 -6.77
124440 -55.6526 -18.31 -6.77
123706 -57.8222 -18.31 -6.77
127832 -57.7032 -18.31 -6.77
128017 -52.7265 -18.31 -6.77
126851 -57.0444 -18.31 -6.77
126174 -59.5813 -18.31 -6.77
125185 -58.5088 -18.31 -6.77
128575 -59.8516 -18.31 -6.77
139480 -67.0646 -18.31 -6.77
130014 -58.2432 -18.31 -6.77
119407 -57.1289 -18.31 -6.77
127676 -66.5881 -18.31 -6.77
133637 -56.4104 -18.31 -6.77
125480 -53.3499 -18.31 -6.77
129305 -61.3676 -18.31 -6.77
124259 -59.436 -18.31 -6.77
122320 -52.4434 -18.31 -6.77
128507 -53.8594 -18.31 -6.77
126522 -52.959 -18.31 -6.77
128371 -55.1386 -18.31 -6.77
123289 -59.0285 -18.31 -6.77
126998 -60.816 -18.31 -6.77
125616 -53.1681 -18.31 -6.77
127954 -60.3323 -18.31 -6.77
128777 -60.0859 -18.31 -6.77
129727 -55.7251 -18.31 -6.77
127555 -58.8878 -18.31 -6.77
132558 -55.6094 -18.31 -6.77
125073 -62.0026 -18.31 -6.77
