#rtt sig_str x y
224325 -63.3674 21.54 -26.43
220645 -64.4181 21.54 -26.43
224093 -58.9505 21.54 -26.43
226365 -58.4656 21.54 -26.43
228360 -62.6255 21.54 -26.43
212933 -59.6311 21.54 -26.43
223543 -63.3211 21.54 -26.43
225061 -62.67 21.54 -26.43
225695 -64.7837 21.54 -26.43
221756 -64.7337 21.54 -26.43
219636 -62.8482 21.54 -26.43
226909 -61.0061 21.54 -26.43
224253 -62.1741 21.54 -26.43
230682 -65.0561 21.54 -26.43
212282 -70.1358 21.54 -26.43
217078 -63.3084 21.54 -26.43
226721 -67.5685 21.54 -26.43
218295 -67.0692 21.54 -26.43
223953 -60.6003 21.54 -26.43
215836 -59.625 21.54 -26.43
221871 -61.8682 21.54 -26.43
229835 -77.7106 21.54 -26.43
226852 -66.0037 21.54 -26.43
223375 -70.2643 21.54 -26.43
225378 -64.789 21.54 -26.43
224166 -64.1421 21.54 -26.43
221717 -61.2394 21.54 -26.43
217480 -61.0853 21.54 -26.43
218332 -58.4807 21.54 -26.43
219349 -55.6685 21.54 -26.43
220356 -64.0337 21.54 -26.43
223977 -61.6061 21.54 -26.43
235745 -75.7969 21.54 -26.43
219075 -62.4716 21.54 -26.43
220680 -58.0902 21.54 -26.43
135819 -81.4183 21.54 -26.43
219397 -62.1847 21.54 -26.43
218341 -60.6361 21.54 -26.43
213068 -66.0909 21.54 -26.43
60300 -49.9128 -7.64 -4.74
64381 -48.2195 -7.64 -4.74
64271 -52.2934 -7.64 -4.74
56229 -50.2986 -7.64 -4.74
59341 -45.869 -7.64 -4.74
54001 -50.497 -7.64 -4.74
63176 -51.06 -7.64 -4.74
62549 -58.1106 -7.64 -4.74
51505 -53.7067 -7.64 -4.74
59982 -51.0752 -7.64 -4.74
52099 -50.3444 -7.64 -4.74
57235 -53.6319 -7.64 -4.74
54427 -59.1468 -7.64 -4.74
50155 -53.2577 -7.64 -4.74
52943 -52.5018 -7.64 -4.74
57764 -49.6333 -7.64 -4.74
55579 -50.8909 -7.64 -4.74
55134 -52.0478 -7.64 -4.74
60117 -48.2324 -7.64 -4.74
56755 -51.049 -7.64 -4.74
56861 -47.5512 -7.64 -4.74
55802 -56.4613 -7.64 -4.74
56751 -52.849 -7.64 -4.74
62665 -50.9077 -7.64 -4.74
59724 -51.7033 -7.64 -4.74
53587 -53.1814 -7.64 -4.74
67635 -47.2631 -7.64 -4.74
54428 -54.0958 -7.64 -4.74
57939 -48.1408 -7.64 -4.74
62023 -50.9823 -7.64 -4.74
60732 -50.5534 -7.64 -4.74
56338 -51.9236 -7.64 -4.74
56629 -49.2978 -7.64 -4.74
58354 -56.3078 -7.64 -4.74
61911 -50.7791 -7.64 -4.74
62862 -54.5173 -7.64 -4.74
56739 -53.7227 -7.64 -4.74
54277 -51.2923 -7.64 -4.74
59591 -50.0367 -7.64 -4.74
66233 -55.5067 3.31 -10.18
67212 -48.8912 3.31 -10.18
60910 -48.796 3.31 -10.18
67293 -67.7289 3.31 -10.18
59707 -73.1631 3.31 -10.18
63030 -51.7347 3.31 -10.18
64198 -57.812 3.31 -10.18
64717 -53.45 3.31 -10.18
65775 -59.228 3.31 -10.18
70911 -51.363 3.31 -10.18
66245 -54.9007 3.31 -10.18
67801 -51.5463 3.31 -10.18
61590 -51.0238 3.31 -10.18
63773 -53.7324 3.31 -10.18
64716 -58.6659 3.31 -10.18
50915 -59.0898 3.31 -10.18
63940 -57.2719 3.31 -10.18
64207 -51.1638 3.31 -10.18
60628 -57.612 3.31 -10.18
61881 -46.153 3.31 -10.18
68344 -54.1479 3.31 -10.18
66887 -56.1948 3.31 -10.18
69217 -49.4495 3.31 -10.18
57290 -55.7028 3.31 -10.18
62413 -53.7159 3.31 -10.18
63547 -62.8122 3.31 -10.18
62756 -48.0455 3.31 -10.18
60334 -50.0177 3.31 -10.18
72235 -56.9753 3.31 -10.18
67128 -55.0937 3.31 -10.18
58697 -47.3717 3.31 -10.18
56833 -61.1446 3.31 -10.18
68585 -57.9268 3.31 -10.18
67003 -57.0229 3.31 -10.18
67607 -52.0938 3.31 -10.18
57395 -54.8393 3.31 -10.18
67851 -52.3909 3.31 -10.18
65871 -52.3391 3.31 -10.18
60879 -60.2412 3.31 -10.18
204751 -61.1796 27.34 15.24
197130 -65.013 27.34 15.24
203969 -63.8288 27.34 15.24
202924 -63.7277 27.34 15.24
204614 -58.744 27.34 15.24
193284 -64.7244 27.34 15.24
202117 -62.2916 27.34 15.24
182311 -65.0954 27.34 15.24
197519 -61.8706 27.34 15.24
201344 -62.6444 27.34 15.24
206658 -59.5116 27.34 15.24
201077 -61.5952 27.34 15.24
195563 -63.2837 27.34 15.24
197551 -66.3963 27.34 15.24
204210 -60.0692 27.34 15.24
198272 -66.6444 27.34 15.24
207734 -69.3849 27.34 15.24
199382 -62.6512 27.34 15.24
198131 -63.683 27.34 15.24
182992 -74.6656 27.34 15.24
215793 -76.1225 27.34 15.24
195086 -63.2558 27.34 15.24
203999 -64.0665 27.34 15.24
207881 -66.2463 27.34 15.24
199203 -59.1488 27.34 15.24
201679 -62.2453 27.34 15.24
196616 -63.7985 27.34 15.24
204919 -66.715 27.34 15.24
195631 -61.2836 27.34 15.24
201635 -60.7789 27.34 15.24
208470 -61.7232 27.34 15.24
197478 -63.9526 27.34 15.24
198243 -63.0976 27.34 15.24
205431 -61.3777 27.34 15.24
206186 -64.6476 27.34 15.24
207989 -67.3325 27.34 15.24
201105 -66.915 27.34 15.24
211582 -58.3376 27.34 15.24
202413 -62.9437 27.34 15.24
150939 -57.1145 14.2 13.91
133166 -55.0372 14.2 13.91
135165 -56.8651 14.2 13.91
143463 -56.225 14.2 13.91
142620 -54.8572 14.2 13.91
146024 -52.3793 14.2 13.91
138317 -63.4904 14.2 13.91
149689 -66.2421 14.2 13.91
136818 -58.6983 14.2 13.91
145451 -57.9479 14.2 13.91
139160 -58.1301 14.2 13.91
141021 -52.5589 14.2 13.91
147053 -58.0995 14.2 13.91
143548 -54.9903 14.2 13.91
142550 -53.3772 14.2 13.91
137796 -59.06 14.2 13.91
141633 -55.1814 14.2 13.91
144902 -58.7664 14.2 13.91
139544 -56.239 14.2 13.91
142109 -66.7131 14.2 13.91
140469 -52.6619 14.2 13.91
143454 -55.765 14.2 13.91
145220 -54.1139 14.2 13.91
138481 -54.6977 14.2 13.91
146061 -58.9754 14.2 13.91
132478 -68.9675 14.2 13.91
137977 -66.9573 14.2 13.91
139568 -57.9993 14.2 13.91
142713 -58.8814 14.2 13.91
139613 -55.2058 14.2 13.91
142186 -59.4346 14.2 13.91
149108 -60.0412 14.2 13.91
142485 -56.3563 14.2 13.91
142271 -58.1557 14.2 13.91
140220 -57.4545 14.2 13.91
138037 -57.7818 14.2 13.91
144844 -53.8257 14.2 13.91
135165 -52.9785 14.2 13.91
150998 -66.7825 14.2 13.91
149386 -53.8886 18.98 -8.79
146892 -54.8276 18.98 -8.79
158474 -63.8084 18.98 -8.79
147769 -59.7539 18.98 -8.79
154308 -59.7057 18.98 -8.79
147210 -55.5707 18.98 -8.79
144738 -57.5875 18.98 -8.79
149413 -56.8967 18.98 -8.79
143498 -57.2292 18.98 -8.79
145423 -58.2067 18.98 -8.79
146183 -61.7447 18.98 -8.79
147285 -61.2407 18.98 -8.79
149019 -54.1087 18.98 -8.79
149176 -59.933 18.98 -8.79
148353 -56.7481 18.98 -8.79
140841 -62.593 18.98 -8.79
144234 -57.4874 18.98 -8.79
146782 -55.8199 18.98 -8.79
151738 -62.8099 18.98 -8.79
140179 -59.1518 18.98 -8.79
147368 -56.9857 18.98 -8.79
148715 -57.6838 18.98 -8.79
136551 -59.0973 18.98 -8.79
143885 -58.7679 18.98 -8.79
146192 -64.603 18.98 -8.79
144168 -54.369 18.98 -8.79
155309 -62.4768 18.98 -8.79
149820 -60.046 18.98 -8.79
149205 -62.0268 18.98 -8.79
133389 -61.7068 18.98 -8.79
147798 -53.8132 18.98 -8.79
144280 -58.3041 18.98 -8.79
146453 -51.3332 18.98 -8.79
141724 -56.0998 18.98 -8.79
142745 -55.1249 18.98 -8.79
149991 -67.4596 18.98 -8.79
137796 -61.3547 18.98 -8.79
150221 -63.5437 18.98 -8.79
149515 -57.1275 18.98 -8.79
156252 -60.8529 -23.94 -2.64
146666 -57.4708 -23.94 -2.64
154724 -62.4968 -23.94 -2.64
155928 -51.0879 -23.94 -2.64
157307 -63.3925 -23.94 -2.64
166948 -64.9248 -23.94 -2.64
152932 -62.5169 -23.94 -2.64
151422 -59.1546 -23.94 -2.64
155597 -61.1904 -23.94 -2.64
164428 -62.3154 -23.94 -2.64
154784 -61.3171 -23.94 -2.64
159631 -59.1718 -23.94 -2.64
140272 -71.4043 -23.94 -2.64
148912 -64.8744 -23.94 -2.64
160959 -57.6415 -23.94 -2.64
139654 -75.0191 -23.94 -2.64
157542 -68.8867 -23.94 -2.64
157833 -58.8699 -23.94 -2.64
155622 -63.8989 -23.94 -2.64
151063 -61.8502 -23.94 -2.64
155374 -59.6927 -23.94 -2.64
156387 -60.4509 -23.94 -2.64
147935 -58.8151 -23.94 -2.64
157418 -59.6825 -23.94 -2.64
155884 -61.1514 -23.94 -2.64
161621 -64.017 -23.94 -2.64
159244 -64.4894 -23.94 -2.64
154596 -60.7076 -23.94 -2.64
158019 -58.3608 -23.94 -2.64
156730 -68.0057 -23.94 -2.64
148790 -62.6287 -23.94 -2.64
157394 -61.4207 -23.94 -2.64
158295 -60.7583 -23.94 -2.64
155034 -56.921 -23.94 -2.64
158639 -56.764 -23.94 -2.64
158970 -59.0992 -23.94 -2.64
159682 -61.9319 -23.94 -2.64
156752 -60.7164 -23.94 -2.64
153220 -53.158 -23.94 -2.64
182004 -59.4442 25.71 -12.89
184407 -60.2105 25.71 -12.89
178395 -64.374 25.71 -12.89
182128 -56.7268 25.71 -12.89
182205 -62.8478 25.71 -12.89
182513 -60.3791 25.71 -12.89
183438 -63.3898 25.71 -12.89
180605 -61.7918 25.71 -12.89
179619 -62.1993 25.71 -12.89
189016 -59.2662 25.71 -12.89
187092 -59.0956 25.71 -12.89
183326 -58.4204 25.71 -12.89
187593 -57.356 25.71 -12.89
184083 -57.4597 25.71 -12.89
182551 -60.4056 25.71 -12.89
191367 -65.7895 25.71 -12.89
187607 -55.8974 25.71 -12.89
184504 -60.0023 25.71 -12.89
184075 -64.4966 25.71 -12.89
188555 -60.2966 25.71 -12.89
191240 -69.8013 25.71 -12.89
182096 -61.5178 25.71 -12.89
185331 -62.1389 25.71 -12.89
189429 -65.1771 25.71 -12.89
179484 -65.9723 25.71 -12.89
179100 -60.2208 25.71 -12.89
199449 -75.395 25.71 -12.89
178148 -60.0031 25.71 -12.89
189882 -58.8333 25.71 -12.89
180136 -68.4076 25.71 -12.89
182552 -62.9178 25.71 -12.89
182268 -64.9395 25.71 -12.89
177482 -63.0283 25.71 -12.89
191202 -67.8878 25.71 -12.89
184390 -64.4099 25.71 -12.89
187853 -66.9765 25.71 -12.89
185857 -58.3157 25.71 -12.89
183336 -64.7327 25.71 -12.89
187435 -60.5497 25.71 -12.89
111451 -62.0057 6.55 15.96
106527 -54.4574 6.55 15.96
112100 -53.2498 6.55 15.96
114679 -60.9682 6.55 15.96
110214 -60.8328 6.55 15.96
113482 -55.9525 6.55 15.96
108025 -57.1108 6.55 15.96
113393 -54.7943 6.55 15.96
106999 -70.7527 6.55 15.96
114895 -55.0989 6.55 15.96
119901 -59.3501 6.55 15.96
112838 -54.0609 6.55 15.96
108395 -61.2909 6.55 15.96
105160 -62.1085 6.55 15.96
111244 -54.0402 6.55 15.96
114501 -58.099 6.55 15.96
116639 -60.7826 6.55 15.96
112978 -56.1883 6.55 15.96
106343 -62.6831 6.55 15.96
111833 -55.9437 6.55 15.96
114501 -67.316 6.55 15.96
105769 -61.9435 6.55 15.96
113966 -60.3952 6.55 15.96
112242 -63.3925 6.55 15.96
108366 -63.0051 6.55 15.96
114036 -59.9998 6.55 15.96
111770 -57.9307 6.55 15.96
114605 -58.4536 6.55 15.96
117630 -52.2559 6.55 15.96
115960 -53.7194 6.55 15.96
116462 -60.0758 6.55 15.96
111976 -61.0831 6.55 15.96
111417 -63.8369 6.55 15.96
72930 -74.0476 6.55 15.96
114739 -53.2292 6.55 15.96
113588 -54.9653 6.55 15.96
112162 -61.1378 6.55 15.96
111528 -59.0451 6.55 15.96
108242 -53.7343 6.55 15.96
133558 -63.1548 5.79 19.63
135065 -55.3334 5.79 19.63
142010 -62.2292 5.79 19.63
129725 -62.1413 5.79 19.63
133363 -56.0087 5.79 19.63
132583 -58.3874 5.79 19.63
103593 -79.0958 5.79 19.63
130589 -63.2929 5.79 19.63
133289 -58.4771 5.79 19.63
137918 -63.9494 5.79 19.63
133349 -56.0425 5.79 19.63
137367 -58.2121 5.79 19.63
137514 -58.0931 5.79 19.63
127515 -53.1165 5.79 19.63
132893 -57.4343 5.79 19.63
133792 -59.9713 5.79 19.63
129188 -58.8987 5.79 19.63
134738 -60.2415 5.79 19.63
136309 -67.4545 5.79 19.63
127528 -58.6331 5.79 19.63
130967 -57.5188 5.79 19.63
135384 -66.978 5.79 19.63
136229 -56.8003 5.79 19.63
128793 -53.7398 5.79 19.63
125006 -61.7575 5.79 19.63
134337 -59.8259 5.79 19.63
132436 -52.8333 5.79 19.63
136197 -54.2493 5.79 19.63
132546 -53.3489 5.79 19.63
128990 -55.5285 5.79 19.63
134589 -59.4184 5.79 19.63
134988 -61.2059 5.79 19.63
127794 -53.558 5.79 19.63
130211 -60.7222 5.79 19.63
137016 -60.4758 5.79 19.63
127563 -56.115 5.79 19.63
127889 -59.2777 5.79 19.63
134917 -55.9993 5.79 19.63
128727 -62.3925 5.79 19.63
