#rtt sig_str x y
121490 -58.4989 -15.09 11.38
124933 -59.5496 -15.09 11.38
123287 -54.082 -15.09 11.38
118866 -53.5971 -15.09 11.38
123580 -57.757 -15.09 11.38
122018 -54.7626 -15.09 11.38
128676 -58.4526 -15.09 11.38
115644 -57.8015 -15.09 11.38
118090 -59.9152 -15.09 11.38
127388 -59.8652 -15.09 11.38
125513 -57.9797 -15.09 11.38
122180 -56.1376 -15.09 11.38
121152 -57.3057 -15.09 11.38
123814 -60.1876 -15.09 11.38
126586 -65.2673 -15.09 11.38
123443 -58.4399 -15.09 11.38
122170 -62.7 -15.09 11.38
128910 -62.2007 -15.09 11.38
128891 -55.7318 -15.09 11.38
115995 -54.7565 -15.09 11.38
127843 -56.9997 -15.09 11.38
97545 -72.8421 -15.09 11.38
123763 -61.1352 -15.09 11.38
119418 -65.3958 -15.09 11.38
127584 -59.9205 -15.09 11.38
125475 -59.2736 -15.09 11.38
121575 -56.3709 -15.09 11.38
119942 -56.2168 -15.09 11.38
122204 -53.6122 -15.09 11.38
124570 -50.8 -15.09 11.38
118531 -59.1652 -15.09 11.38
119220 -56.7376 -15.09 11.38
114437 -70.9284 -15.09 11.38
120292 -57.6031 -15.09 11.38
126042 -53.2217 -15.09 11.38
85194 -76.5498 -15.09 11.38
124005 -57.3162 -15.09 11.38
125288 -55.7677 -15.09 11.38
119132 -61.2225 -15.09 11.38
67337 -51.2663 -3 10.16
66173 -49.5731 -3 10.16
65721 -53.6469 -3 10.16
63799 -51.6522 -3 10.16
58101 -47.2225 -3 10.16
62018 -51.8506 -3 10.16
61627 -52.4136 -3 10.16
62906 -59.4642 -3 10.16
58703 -55.0603 -3 10.16
62047 -52.4287 -3 10.16
65558 -51.698 -3 10.16
63506 -54.9855 -3 10.16
60613 -60.5004 -3 10.16
60520 -54.6113 -3 10.16
61097 -53.8554 -3 10.16
65297 -50.9868 -3 10.16
70031 -52.2444 -3 10.16
66005 -53.4014 -3 10.16
68733 -49.5859 -3 10.16
63894 -52.4026 -3 10.16
63877 -48.9047 -3 10.16
67686 -57.8149 -3 10.16
72068 -54.2026 -3 10.16
62879 -52.2612 -3 10.16
65103 -53.0569 -3 10.16
61928 -54.5349 -3 10.16
66651 -48.6166 -3 10.16
72432 -55.4493 -3 10.16
67112 -49.4943 -3 10.16
69679 -52.3359 -3 10.16
65318 -51.907 -3 10.16
61069 -53.2772 -3 10.16
69276 -50.6514 -3 10.16
63792 -57.6614 -3 10.16
68170 -52.1326 -3 10.16
67531 -55.8709 -3 10.16
58720 -55.0763 -3 10.16
65854 -52.6458 -3 10.16
65833 -51.3902 -3 10.16
164097 -62.7683 -5.34 25.25
175853 -56.1529 -5.34 25.25
164014 -56.0576 -5.34 25.25
151792 -74.9906 -5.34 25.25
77290 -80.4247 -5.34 25.25
169429 -58.9964 -5.34 25.25
166906 -65.0737 -5.34 25.25
172105 -60.7117 -5.34 25.25
163911 -66.4896 -5.34 25.25
160290 -58.6246 -5.34 25.25
160827 -62.1623 -5.34 25.25
166418 -58.808 -5.34 25.25
160385 -58.2854 -5.34 25.25
170130 -60.994 -5.34 25.25
171750 -65.9276 -5.34 25.25
173335 -66.3514 -5.34 25.25
170782 -64.5335 -5.34 25.25
168641 -58.4255 -5.34 25.25
173786 -64.8736 -5.34 25.25
163598 -53.4146 -5.34 25.25
176451 -61.4096 -5.34 25.25
160793 -63.4564 -5.34 25.25
161300 -56.7111 -5.34 25.25
158355 -62.9645 -5.34 25.25
162938 -60.9776 -5.34 25.25
159102 -70.0739 -5.34 25.25
168538 -55.3071 -5.34 25.25
165853 -57.2793 -5.34 25.25
171429 -64.2369 -5.34 25.25
160172 -62.3554 -5.34 25.25
167610 -54.6334 -5.34 25.25
159780 -68.4062 -5.34 25.25
169897 -65.1884 -5.34 25.25
161743 -64.2846 -5.34 25.25
162444 -59.3555 -5.34 25.25
157518 -62.101 -5.34 25.25
168576 -59.6526 -5.34 25.25
167877 -59.6008 -5.34 25.25
150227 -67.5029 -5.34 25.25
180327 -60.1035 -14.38 -23.41
189637 -63.937 -14.38 -23.41
189274 -62.7528 -14.38 -23.41
190156 -62.6516 -14.38 -23.41
185327 -57.668 -14.38 -23.41
183694 -63.6484 -14.38 -23.41
182174 -61.2156 -14.38 -23.41
184708 -64.0193 -14.38 -23.41
183025 -60.7945 -14.38 -23.41
178215 -61.5683 -14.38 -23.41
186234 -58.4356 -14.38 -23.41
183447 -60.5192 -14.38 -23.41
178271 -62.2076 -14.38 -23.41
181964 -65.3203 -14.38 -23.41
179201 -58.9932 -14.38 -23.41
190178 -65.5683 -14.38 -23.41
174453 -68.3089 -14.38 -23.41
188712 -61.5751 -14.38 -23.41
177628 -62.6069 -14.38 -23.41
103386 -73.5896 -14.38 -23.41
188623 -75.0464 -14.38 -23.41
187194 -62.1797 -14.38 -23.41
180728 -62.9904 -14.38 -23.41
182774 -65.1703 -14.38 -23.41
185327 -58.0728 -14.38 -23.41
178450 -61.1692 -14.38 -23.41
184168 -62.7224 -14.38 -23.41
183080 -65.639 -14.38 -23.41
177113 -60.2075 -14.38 -23.41
183239 -59.7028 -14.38 -23.41
182954 -60.6472 -14.38 -23.41
174511 -62.8766 -14.38 -23.41
180994 -62.0215 -14.38 -23.41
189533 -60.3017 -14.38 -23.41
183494 -63.5715 -14.38 -23.41
180387 -66.2564 -14.38 -23.41
188321 -65.839 -14.38 -23.41
187648 -57.2615 -14.38 -23.41
168366 -61.8676 -14.38 -23.41
170768 -59.5957 22.23 15.06
177772 -57.5184 22.23 15.06
177159 -59.3464 22.23 15.06
176726 -58.7063 22.23 15.06
173521 -57.3384 22.23 15.06
177109 -54.8605 22.23 15.06
176154 -65.9716 22.23 15.06
177392 -68.7234 22.23 15.06
177923 -61.1795 22.23 15.06
172884 -60.4291 22.23 15.06
177644 -60.6113 22.23 15.06
175571 -55.0401 22.23 15.06
172076 -60.5808 22.23 15.06
175175 -57.4715 22.23 15.06
176473 -55.8585 22.23 15.06
173144 -61.5412 22.23 15.06
178635 -57.6626 22.23 15.06
177554 -61.2476 22.23 15.06
178399 -58.7202 22.23 15.06
166523 -69.1943 22.23 15.06
182338 -55.1432 22.23 15.06
176383 -58.2462 22.23 15.06
173668 -56.5951 22.23 15.06
180312 -57.1789 22.23 15.06
181139 -61.4566 22.23 15.06
175989 -71.4487 22.23 15.06
177844 -69.4385 22.23 15.06
170676 -60.4805 22.23 15.06
169514 -61.3626 22.23 15.06
174307 -57.687 22.23 15.06
182537 -61.9158 22.23 15.06
181980 -62.5225 22.23 15.06
174062 -58.8375 22.23 15.06
173220 -60.6369 22.23 15.06
177843 -59.9358 22.23 15.06
174353 -60.263 22.23 15.06
170446 -56.3069 22.23 15.06
170861 -55.4598 22.23 15.06
191415 -69.2638 22.23 15.06
127732 -53.5515 -18.9 6.78
131934 -54.4905 -18.9 6.78
131080 -63.4713 -18.9 6.78
121891 -59.4168 -18.9 6.78
130633 -59.3686 -18.9 6.78
128274 -55.2336 -18.9 6.78
128746 -57.2504 -18.9 6.78
133076 -56.5596 -18.9 6.78
129773 -56.8921 -18.9 6.78
136190 -57.8696 -18.9 6.78
135026 -61.4076 -18.9 6.78
134121 -60.9035 -18.9 6.78
131649 -53.7715 -18.9 6.78
131091 -59.5958 -18.9 6.78
127050 -56.4109 -18.9 6.78
128696 -62.2559 -18.9 6.78
137060 -57.1503 -18.9 6.78
130514 -55.4828 -18.9 6.78
130252 -62.4728 -18.9 6.78
134722 -58.8146 -18.9 6.78
129380 -56.6486 -18.9 6.78
127033 -57.3467 -18.9 6.78
128394 -58.7602 -18.9 6.78
139204 -58.4308 -18.9 6.78
138293 -64.2659 -18.9 6.78
126001 -54.0319 -18.9 6.78
127503 -62.1397 -18.9 6.78
134760 -59.7089 -18.9 6.78
121789 -61.6897 -18.9 6.78
126716 -61.3697 -18.9 6.78
137728 -53.4761 -18.9 6.78
130154 -57.967 -18.9 6.78
134607 -50.9961 -18.9 6.78
131684 -55.7627 -18.9 6.78
127685 -54.7878 -18.9 6.78
126642 -67.1225 -18.9 6.78
130636 -61.0176 -18.9 6.78
131571 -63.2066 -18.9 6.78
133838 -56.7904 -18.9 6.78
233959 -64.0969 -28.83 21.03
236320 -60.7149 -28.83 21.03
239308 -65.7408 -28.83 21.03
229435 -54.3319 -28.83 21.03
238390 -66.6366 -28.83 21.03
238077 -68.1688 -28.83 21.03
234400 -65.7609 -28.83 21.03
235842 -62.3986 -28.83 21.03
235070 -64.4345 -28.83 21.03
246574 -65.5594 -28.83 21.03
229167 -64.5611 -28.83 21.03
237151 -62.4159 -28.83 21.03
236579 -74.6483 -28.83 21.03
223183 -68.1185 -28.83 21.03
234390 -60.8855 -28.83 21.03
70693 -78.2631 -28.83 21.03
213848 -72.1307 -28.83 21.03
231549 -62.1139 -28.83 21.03
235683 -67.1429 -28.83 21.03
228320 -65.0942 -28.83 21.03
230434 -62.9367 -28.83 21.03
237663 -63.6949 -28.83 21.03
227838 -62.0591 -28.83 21.03
231273 -62.9265 -28.83 21.03
231486 -64.3954 -28.83 21.03
229169 -67.261 -28.83 21.03
233587 -67.7334 -28.83 21.03
238107 -63.9516 -28.83 21.03
229218 -61.6048 -28.83 21.03
241930 -71.2498 -28.83 21.03
234679 -65.8728 -28.83 21.03
238744 -64.6648 -28.83 21.03
231511 -64.0023 -28.83 21.03
233996 -60.1651 -28.83 21.03
233151 -60.008 -28.83 21.03
231389 -62.3433 -28.83 21.03
231739 -65.176 -28.83 21.03
235160 -63.9604 -28.83 21.03
235659 -56.4021 -28.83 21.03
224370 -61.1781 27.2 22.79
231409 -61.9444 27.2 22.79
233052 -66.1079 27.2 22.79
230739 -58.4607 27.2 22.79
224429 -64.5817 27.2 22.79
232226 -62.113 27.2 22.79
233215 -65.1237 27.2 22.79
235545 -63.5257 27.2 22.79
232316 -63.9332 27.2 22.79
235241 -61.0001 27.2 22.79
235170 -60.8295 27.2 22.79
231622 -60.1543 27.2 22.79
227149 -59.0899 27.2 22.79
227324 -59.1936 27.2 22.79
229338 -62.1395 27.2 22.79
238437 -67.5234 27.2 22.79
233801 -57.6313 27.2 22.79
225776 -61.7361 27.2 22.79
226224 -66.2305 27.2 22.79
233219 -62.0304 27.2 22.79
228199 -71.5352 27.2 22.79
236697 -63.2517 27.2 22.79
232442 -63.8728 27.2 22.79
239096 -66.911 27.2 22.79
226782 -67.7061 27.2 22.79
235145 -61.9547 27.2 22.79
240460 -77.1289 27.2 22.79
228292 -61.737 27.2 22.79
228062 -60.5672 27.2 22.79
205117 -70.1415 27.2 22.79
228184 -64.6517 27.2 22.79
233130 -66.6734 27.2 22.79
232231 -64.7621 27.2 22.79
232485 -69.6217 27.2 22.79
235244 -66.1438 27.2 22.79
229543 -68.7104 27.2 22.79
235254 -60.0496 27.2 22.79
234886 -66.4666 27.2 22.79
229646 -62.2836 27.2 22.79
214292 -66.6791 10.83 -28.4
196976 -59.1308 10.83 -28.4
199654 -57.9232 10.83 -28.4
200937 -65.6416 10.83 -28.4
196248 -65.5062 10.83 -28.4
199593 -60.6259 10.83 -28.4
193800 -61.7841 10.83 -28.4
200652 -59.4677 10.83 -28.4
193384 -75.4261 10.83 -28.4
201263 -59.7723 10.83 -28.4
199541 -64.0234 10.83 -28.4
203974 -58.7342 10.83 -28.4
199004 -65.9643 10.83 -28.4
204919 -66.7818 10.83 -28.4
189408 -58.7136 10.83 -28.4
202604 -62.7723 10.83 -28.4
198223 -65.4559 10.83 -28.4
198665 -60.8616 10.83 -28.4
202721 -67.3565 10.83 -28.4
204612 -60.617 10.83 -28.4
194730 -71.9894 10.83 -28.4
193872 -66.6169 10.83 -28.4
204418 -65.0685 10.83 -28.4
195057 -68.0659 10.83 -28.4
191056 -67.6784 10.83 -28.4
198944 -64.6731 10.83 -28.4
201357 -62.6041 10.83 -28.4
198445 -63.127 10.83 -28.4
197717 -56.9293 10.83 -28.4
193752 -58.3927 10.83 -28.4
197703 -64.7492 10.83 -28.4
203639 -65.7565 10.83 -28.4
206636 -68.5102 10.83 -28.4
191082 -78.721 10.83 -28.4
198813 -57.9026 10.83 -28.4
199775 -59.6387 10.83 -28.4
204343 -65.8111 10.83 -28.4
202104 -63.7184 10.83 -28.4
200473 -58.4077 10.83 -28.4
123770 -62.5704 -0.8 19.05
123367 -54.749 -0.8 19.05
116507 -61.6448 -0.8 19.05
118900 -61.5569 -0.8 19.05
122513 -55.4243 -0.8 19.05
118373 -57.803 -0.8 19.05
88406 -78.5115 -0.8 19.05
120275 -62.7085 -0.8 19.05
124264 -57.8928 -0.8 19.05
115027 -63.365 -0.8 19.05
122082 -55.4581 -0.8 19.05
121284 -57.6277 -0.8 19.05
122444 -57.5087 -0.8 19.05
118159 -52.5321 -0.8 19.05
117360 -56.8499 -0.8 19.05
123355 -59.3869 -0.8 19.05
124433 -58.3143 -0.8 19.05
121542 -59.6571 -0.8 19.05
108418 -66.8701 -0.8 19.05
121697 -58.0487 -0.8 19.05
119665 -56.9344 -0.8 19.05
121153 -66.3936 -0.8 19.05
124372 -56.2159 -0.8 19.05
116671 -53.1554 -0.8 19.05
122436 -61.1731 -0.8 19.05
122847 -59.2415 -0.8 19.05
118147 -52.2489 -0.8 19.05
113110 -53.6649 -0.8 19.05
123560 -52.7645 -0.8 19.05
118089 -54.9441 -0.8 19.05
125296 -58.834 -0.8 19.05
118758 -60.6215 -0.8 19.05
118622 -52.9736 -0.8 19.05
125713 -60.1378 -0.8 19.05
114996 -59.8914 -0.8 19.05
116740 -55.5306 -0.8 19.05
122123 -58.6933 -0.8 19.05
122537 -55.4149 -0.8 19.05
119170 -61.8081 -0.8 19.05
