#rtt sig_str x y
227805 -63.14 -27.69 -18.26
226987 -64.1906 -27.69 -18.26
230643 -58.723 -27.69 -18.26
225993 -58.2381 -27.69 -18.26
223402 -62.398 -27.69 -18.26
223041 -59.4036 -27.69 -18.26
229482 -63.0937 -27.69 -18.26
219941 -62.4426 -27.69 -18.26
229222 -64.5562 -27.69 -18.26
217062 -64.5063 -27.69 -18.26
227869 -62.6207 -27.69 -18.26
222845 -60.7786 -27.69 -18.26
220140 -61.9467 -27.69 -18.26
225763 -64.8286 -27.69 -18.26
219606 -69.9083 -27.69 -18.26
218140 -63.081 -27.69 -18.26
229835 -67.3411 -27.69 -18.26
227684 -66.8417 -27.69 -18.26
229104 -60.3728 -27.69 -18.26
219110 -59.3975 -27.69 -18.26
226930 -61.6408 -27.69 -18.26
244503 -77.4832 -27.69 -18.26
223432 -65.7763 -27.69 -18.26
231394 -70.0368 -27.69 -18.26
237051 -64.5616 -27.69 -18.26
221128 -63.9146 -27.69 -18.26
228856 -61.012 -27.69 -18.26
226170 -60.8579 -27.69 -18.26
225272 -58.2533 -27.69 -18.26
221837 -55.441 -27.69 -18.26
227421 -63.8063 -27.69 -18.26
222276 -61.3787 -27.69 -18.26
246502 -75.5695 -27.69 -18.26
221939 -62.2441 -27.69 -18.26
232668 -57.8627 -27.69 -18.26
217356 -81.1908 -27.69 -18.26
224200 -61.9573 -27.69 -18.26
230317 -60.4087 -27.69 -18.26
220805 -65.8635 -27.69 -18.26
116226 -55.3742 16.81 -4.6
111358 -53.6809 16.81 -4.6
113892 -57.7548 16.81 -4.6
110302 -55.76 16.81 -4.6
112182 -51.3304 16.81 -4.6
107383 -55.9584 16.81 -4.6
109291 -56.5214 16.81 -4.6
113964 -63.572 16.81 -4.6
109865 -59.1681 16.81 -4.6
111942 -56.5366 16.81 -4.6
114447 -55.8058 16.81 -4.6
107987 -59.0933 16.81 -4.6
113772 -64.6082 16.81 -4.6
113132 -58.7192 16.81 -4.6
115266 -57.9632 16.81 -4.6
111321 -55.0947 16.81 -4.6
115393 -56.3523 16.81 -4.6
109321 -57.5092 16.81 -4.6
113125 -53.6938 16.81 -4.6
115512 -56.5104 16.81 -4.6
117224 -53.0126 16.81 -4.6
115387 -61.9227 16.81 -4.6
116305 -58.3104 16.81 -4.6
105729 -56.3691 16.81 -4.6
115309 -57.1647 16.81 -4.6
109373 -58.6428 16.81 -4.6
107359 -52.7245 16.81 -4.6
112172 -59.5572 16.81 -4.6
111861 -53.6022 16.81 -4.6
108754 -56.4437 16.81 -4.6
111265 -56.0149 16.81 -4.6
113623 -57.385 16.81 -4.6
111561 -54.7592 16.81 -4.6
117723 -61.7692 16.81 -4.6
110771 -56.2405 16.81 -4.6
107737 -59.9787 16.81 -4.6
106787 -59.1841 16.81 -4.6
109255 -56.7537 16.81 -4.6
117618 -55.4981 16.81 -4.6
153548 -62.4826 -24.44 -4.92
155915 -55.8672 -24.44 -4.92
164782 -55.772 -24.44 -4.92
158995 -74.7049 -24.44 -4.92
217041 -80.1391 -24.44 -4.92
156889 -58.7107 -24.44 -4.92
160573 -64.788 -24.44 -4.92
157756 -60.426 -24.44 -4.92
158088 -66.204 -24.44 -4.92
152304 -58.339 -24.44 -4.92
159005 -61.8767 -24.44 -4.92
156103 -58.5223 -24.44 -4.92
157992 -57.9998 -24.44 -4.92
158506 -60.7084 -24.44 -4.92
145358 -65.6419 -24.44 -4.92
153674 -66.0657 -24.44 -4.92
150090 -64.2479 -24.44 -4.92
155528 -58.1398 -24.44 -4.92
155669 -64.588 -24.44 -4.92
156810 -53.129 -24.44 -4.92
151931 -61.1239 -24.44 -4.92
160396 -63.1708 -24.44 -4.92
153367 -56.4255 -24.44 -4.92
162062 -62.6788 -24.44 -4.92
156388 -60.6919 -24.44 -4.92
153262 -69.7882 -24.44 -4.92
156322 -55.0214 -24.44 -4.92
155795 -56.9937 -24.44 -4.92
159322 -63.9513 -24.44 -4.92
166143 -62.0697 -24.44 -4.92
152065 -54.3477 -24.44 -4.92
162784 -68.1205 -24.44 -4.92
148907 -64.9027 -24.44 -4.92
150694 -63.9989 -24.44 -4.92
155997 -59.0698 -24.44 -4.92
158604 -61.8153 -24.44 -4.92
154115 -59.3669 -24.44 -4.92
152201 -59.3151 -24.44 -4.92
146267 -67.2172 -24.44 -4.92
66293 -50.4835 7.97 -3.13
59979 -54.317 7.97 -3.13
58139 -53.1328 7.97 -3.13
55043 -53.0316 7.97 -3.13
66241 -48.048 7.97 -3.13
62866 -54.0284 7.97 -3.13
61907 -51.5956 7.97 -3.13
66651 -54.3993 7.97 -3.13
64157 -51.1745 7.97 -3.13
62241 -51.9483 7.97 -3.13
58138 -48.8156 7.97 -3.13
58053 -50.8992 7.97 -3.13
58542 -52.5876 7.97 -3.13
55621 -55.7003 7.97 -3.13
62490 -49.3732 7.97 -3.13
57520 -55.9483 7.97 -3.13
59602 -58.6889 7.97 -3.13
63162 -51.9551 7.97 -3.13
53975 -52.9869 7.97 -3.13
61296 -63.9696 7.97 -3.13
30066 -65.4264 7.97 -3.13
63681 -52.5598 7.97 -3.13
61633 -53.3705 7.97 -3.13
46745 -55.5503 7.97 -3.13
59684 -48.4528 7.97 -3.13
55514 -51.5492 7.97 -3.13
57147 -53.1024 7.97 -3.13
66236 -56.019 7.97 -3.13
63127 -50.5875 7.97 -3.13
62138 -50.0828 7.97 -3.13
62708 -51.0272 7.97 -3.13
60166 -53.2566 7.97 -3.13
58649 -52.4015 7.97 -3.13
62976 -50.6817 7.97 -3.13
59628 -53.9515 7.97 -3.13
62025 -56.6364 7.97 -3.13
61067 -56.219 7.97 -3.13
57634 -47.6416 7.97 -3.13
61153 -52.2476 7.97 -3.13
252073 -62.3997 -29.17 -23.91
257890 -60.3224 -29.17 -23.91
255417 -62.1503 -29.17 -23.91
254656 -61.5103 -29.17 -23.91
261438 -60.1424 -29.17 -23.91
258094 -57.6645 -29.17 -23.91
249851 -68.7756 -29.17 -23.91
256244 -71.5273 -29.17 -23.91
260250 -63.9835 -29.17 -23.91
257121 -63.2331 -29.17 -23.91
248730 -63.4153 -29.17 -23.91
254327 -57.8441 -29.17 -23.91
261598 -63.3847 -29.17 -23.91
253501 -60.2755 -29.17 -23.91
246739 -58.6624 -29.17 -23.91
261888 -64.3452 -29.17 -23.91
260837 -60.4666 -29.17 -23.91
252843 -64.0516 -29.17 -23.91
253605 -61.5242 -29.17 -23.91
233530 -71.9983 -29.17 -23.91
258939 -57.9472 -29.17 -23.91
256556 -61.0502 -29.17 -23.91
256508 -59.3991 -29.17 -23.91
258348 -59.9829 -29.17 -23.91
256493 -64.2606 -29.17 -23.91
217414 -74.2527 -29.17 -23.91
254041 -72.2425 -29.17 -23.91
247914 -63.2845 -29.17 -23.91
251695 -64.1666 -29.17 -23.91
258931 -60.491 -29.17 -23.91
245709 -64.7198 -29.17 -23.91
246568 -65.3264 -29.17 -23.91
254730 -61.6415 -29.17 -23.91
254376 -63.4409 -29.17 -23.91
257865 -62.7397 -29.17 -23.91
263620 -63.067 -29.17 -23.91
259236 -59.1109 -29.17 -23.91
258929 -58.2637 -29.17 -23.91
249615 -72.0677 -29.17 -23.91
209759 -57.0017 26.17 15.67
206017 -57.9407 26.17 15.67
193465 -66.9215 26.17 15.67
208851 -62.867 26.17 15.67
209807 -62.8188 26.17 15.67
197361 -58.6838 26.17 15.67
202585 -60.7006 26.17 15.67
207364 -60.0098 26.17 15.67
212846 -60.3423 26.17 15.67
207534 -61.3198 26.17 15.67
200620 -64.8578 26.17 15.67
203289 -64.3538 26.17 15.67
203527 -57.2218 26.17 15.67
207779 -63.0461 26.17 15.67
204694 -59.8612 26.17 15.67
202124 -65.7061 26.17 15.67
201234 -60.6005 26.17 15.67
202521 -58.933 26.17 15.67
205073 -65.923 26.17 15.67
193566 -62.2649 26.17 15.67
203979 -60.0988 26.17 15.67
199420 -60.7969 26.17 15.67
202946 -62.2104 26.17 15.67
201647 -61.881 26.17 15.67
205994 -67.7161 26.17 15.67
197087 -57.4821 26.17 15.67
205933 -65.5899 26.17 15.67
207612 -63.1591 26.17 15.67
208201 -65.1399 26.17 15.67
208912 -64.82 26.17 15.67
201840 -56.9263 26.17 15.67
199589 -61.4172 26.17 15.67
201894 -54.4463 26.17 15.67
202928 -59.2129 26.17 15.67
207790 -58.238 26.17 15.67
197486 -70.5727 26.17 15.67
199538 -64.4678 26.17 15.67
201887 -66.6569 26.17 15.67
207924 -60.2406 26.17 15.67
75113 -54.074 -4.41 -9.63
72234 -50.692 -4.41 -9.63
69815 -55.718 -4.41 -9.63
72518 -44.309 -4.41 -9.63
73910 -56.6137 -4.41 -9.63
73856 -58.1459 -4.41 -9.63
73860 -55.738 -4.41 -9.63
70192 -52.3758 -4.41 -9.63
64523 -54.4116 -4.41 -9.63
65758 -55.5365 -4.41 -9.63
73637 -54.5383 -4.41 -9.63
74257 -52.393 -4.41 -9.63
64583 -64.6255 -4.41 -9.63
72341 -58.0956 -4.41 -9.63
71002 -50.8626 -4.41 -9.63
61306 -68.2402 -4.41 -9.63
75092 -62.1079 -4.41 -9.63
64936 -52.091 -4.41 -9.63
68000 -57.12 -4.41 -9.63
68738 -55.0713 -4.41 -9.63
70839 -52.9139 -4.41 -9.63
69281 -53.672 -4.41 -9.63
72048 -52.0363 -4.41 -9.63
67510 -52.9037 -4.41 -9.63
76085 -54.3725 -4.41 -9.63
65526 -57.2382 -4.41 -9.63
73497 -57.7105 -4.41 -9.63
76139 -53.9287 -4.41 -9.63
71178 -51.582 -4.41 -9.63
57719 -61.2269 -4.41 -9.63
65233 -55.8499 -4.41 -9.63
74724 -54.6419 -4.41 -9.63
66238 -53.9795 -4.41 -9.63
69356 -50.1422 -4.41 -9.63
63608 -49.9851 -4.41 -9.63
74158 -52.3204 -4.41 -9.63
70171 -55.1531 -4.41 -9.63
68157 -53.9375 -4.41 -9.63
69250 -46.3792 -4.41 -9.63
98705 -54.5056 -14.82 -5.5
98185 -55.2719 -14.82 -5.5
106002 -59.4354 -14.82 -5.5
101438 -51.7883 -14.82 -5.5
97268 -57.9092 -14.82 -5.5
102662 -55.4405 -14.82 -5.5
100857 -58.4512 -14.82 -5.5
103515 -56.8532 -14.82 -5.5
102618 -57.2607 -14.82 -5.5
99622 -54.3276 -14.82 -5.5
99317 -54.157 -14.82 -5.5
96596 -53.4818 -14.82 -5.5
105778 -52.4174 -14.82 -5.5
101523 -52.5211 -14.82 -5.5
97750 -55.467 -14.82 -5.5
97103 -60.8509 -14.82 -5.5
98598 -50.9588 -14.82 -5.5
104868 -55.0637 -14.82 -5.5
104722 -59.558 -14.82 -5.5
94295 -55.358 -14.82 -5.5
98686 -64.8627 -14.82 -5.5
102611 -56.5792 -14.82 -5.5
99517 -57.2004 -14.82 -5.5
95707 -60.2385 -14.82 -5.5
108927 -61.0337 -14.82 -5.5
98929 -55.2822 -14.82 -5.5
85897 -70.4564 -14.82 -5.5
100564 -55.0645 -14.82 -5.5
98866 -53.8947 -14.82 -5.5
93116 -63.469 -14.82 -5.5
105510 -57.9793 -14.82 -5.5
98200 -60.0009 -14.82 -5.5
99620 -58.0897 -14.82 -5.5
100915 -62.9492 -14.82 -5.5
99159 -59.4713 -14.82 -5.5
96978 -62.0379 -14.82 -5.5
101594 -53.3771 -14.82 -5.5
101545 -59.7941 -14.82 -5.5
104619 -55.6111 -14.82 -5.5
166722 -65.4842 -18.61 18.58
179504 -57.9359 -18.61 18.58
173140 -56.7283 -18.61 18.58
170371 -64.4467 -18.61 18.58
176825 -64.3113 -18.61 18.58
177308 -59.431 -18.61 18.58
168461 -60.5892 -18.61 18.58
173763 -58.2728 -18.61 18.58
124076 -74.2312 -18.61 18.58
172407 -58.5774 -18.61 18.58
174350 -62.8285 -18.61 18.58
169345 -57.5393 -18.61 18.58
179756 -64.7694 -18.61 18.58
176554 -65.5869 -18.61 18.58
180559 -57.5187 -18.61 18.58
172815 -61.5774 -18.61 18.58
177484 -64.261 -18.61 18.58
172206 -59.6667 -18.61 18.58
174990 -66.1616 -18.61 18.58
179047 -59.4221 -18.61 18.58
184383 -70.7945 -18.61 18.58
176928 -65.422 -18.61 18.58
169450 -63.8736 -18.61 18.58
169815 -66.871 -18.61 18.58
159415 -66.4835 -18.61 18.58
162807 -63.4782 -18.61 18.58
165491 -61.4092 -18.61 18.58
173417 -61.9321 -18.61 18.58
169509 -55.7344 -18.61 18.58
161907 -57.1978 -18.61 18.58
177712 -63.5543 -18.61 18.58
172257 -64.5616 -18.61 18.58
174383 -67.3153 -18.61 18.58
138013 -77.5261 -18.61 18.58
173597 -56.7077 -18.61 18.58
173611 -58.4438 -18.61 18.58
173816 -64.6162 -18.61 18.58
166070 -62.5235 -18.61 18.58
173871 -57.2128 -18.61 18.58
107408 -61.0783 -5.11 15.07
104509 -53.257 -5.11 15.07
111090 -60.1527 -5.11 15.07
102080 -60.0648 -5.11 15.07
97380 -53.9322 -5.11 15.07
104396 -56.3109 -5.11 15.07
-58480 -77.0194 -5.11 15.07
104925 -61.2164 -5.11 15.07
104076 -56.4007 -5.11 15.07
108776 -61.8729 -5.11 15.07
106050 -53.966 -5.11 15.07
107661 -56.1356 -5.11 15.07
107091 -56.0166 -5.11 15.07
105514 -51.04 -5.11 15.07
99804 -55.3578 -5.11 15.07
100892 -57.8948 -5.11 15.07
106778 -56.8222 -5.11 15.07
105485 -58.165 -5.11 15.07
111516 -65.378 -5.11 15.07
108531 -56.5566 -5.11 15.07
108379 -55.4423 -5.11 15.07
108313 -64.9015 -5.11 15.07
100372 -54.7238 -5.11 15.07
100609 -51.6633 -5.11 15.07
105290 -59.681 -5.11 15.07
100001 -57.7494 -5.11 15.07
104804 -50.7568 -5.11 15.07
105850 -52.1728 -5.11 15.07
98923 -51.2724 -5.11 15.07
97557 -53.452 -5.11 15.07
110170 -57.3419 -5.11 15.07
103991 -59.1294 -5.11 15.07
94541 -51.4815 -5.11 15.07
108048 -58.6457 -5.11 15.07
105493 -58.3993 -5.11 15.07
106321 -54.0385 -5.11 15.07
100026 -57.2013 -5.11 15.07
99964 -53.9228 -5.11 15.07
106161 -60.3161 -5.11 15.07
