#rtt sig_str x y
22168 -45.5304 -2.52 -3.01
33755 -46.581 -2.52 -3.01
27099 -41.1134 -2.52 -3.01
23549 -40.6285 -2.52 -3.01
29276 -44.7884 -2.52 -3.01
29200 -41.7941 -2.52 -3.01
34200 -45.4841 -2.52 -3.01
30661 -44.833 -2.52 -3.01
29088 -46.9467 -2.52 -3.01
28039 -46.8967 -2.52 -3.01
30730 -45.0111 -2.52 -3.01
38421 -43.1691 -2.52 -3.01
25944 -44.3371 -2.52 -3.01
22033 -47.2191 -2.52 -3.01
32678 -52.2988 -2.52 -3.01
28977 -45.4714 -2.52 -3.01
29037 -49.7315 -2.52 -3.01
29553 -49.2321 -2.52 -3.01
32670 -42.7632 -2.52 -3.01
34734 -41.7879 -2.52 -3.01
26948 -44.0312 -2.52 -3.01
28224 -59.8736 -2.52 -3.01
24613 -48.1667 -2.52 -3.01
37308 -52.4272 -2.52 -3.01
20613 -46.952 -2.52 -3.01
22798 -46.305 -2.52 -3.01
34834 -43.4024 -2.52 -3.01
35056 -43.2483 -2.52 -3.01
26656 -40.6437 -2.52 -3.01
31677 -37.8315 -2.52 -3.01
32352 -46.1967 -2.52 -3.01
34038 -43.7691 -2.52 -3.01
21663 -57.9599 -2.52 -3.01
26853 -44.6345 -2.52 -3.01
27096 -40.2531 -2.52 -3.01
34549 -63.5812 -2.52 -3.01
30817 -44.3477 -2.52 -3.01
30080 -42.7991 -2.52 -3.01
28950 -48.2539 -2.52 -3.01
102859 -54.4774 -11.5 10.59
106463 -52.7841 -11.5 10.59
107111 -56.858 -11.5 10.59
107001 -54.8632 -11.5 10.59
106271 -50.4336 -11.5 10.59
110774 -55.0617 -11.5 10.59
103907 -55.6247 -11.5 10.59
103852 -62.6752 -11.5 10.59
107051 -58.2713 -11.5 10.59
103689 -55.6398 -11.5 10.59
112260 -54.909 -11.5 10.59
100485 -58.1966 -11.5 10.59
107430 -63.7114 -11.5 10.59
105382 -57.8224 -11.5 10.59
110878 -57.0665 -11.5 10.59
104874 -54.1979 -11.5 10.59
105124 -55.4555 -11.5 10.59
104610 -56.6124 -11.5 10.59
105853 -52.797 -11.5 10.59
102025 -55.6136 -11.5 10.59
103921 -52.1158 -11.5 10.59
106010 -61.026 -11.5 10.59
105155 -57.4136 -11.5 10.59
101750 -55.4723 -11.5 10.59
103853 -56.2679 -11.5 10.59
102634 -57.746 -11.5 10.59
110203 -51.8277 -11.5 10.59
102688 -58.6604 -11.5 10.59
106040 -52.7054 -11.5 10.59
104478 -55.5469 -11.5 10.59
107830 -55.1181 -11.5 10.59
116280 -56.4883 -11.5 10.59
99341 -53.8625 -11.5 10.59
114067 -60.8724 -11.5 10.59
105112 -55.3437 -11.5 10.59
105720 -59.082 -11.5 10.59
102290 -58.2873 -11.5 10.59
100065 -55.8569 -11.5 10.59
105387 -54.6013 -11.5 10.59
131343 -61.5167 -16.11 -15.24
134371 -54.9013 -16.11 -15.24
136251 -54.806 -16.11 -15.24
144791 -73.739 -16.11 -15.24
130363 -79.1732 -16.11 -15.24
137479 -57.7448 -16.11 -15.24
134071 -63.8221 -16.11 -15.24
145859 -59.4601 -16.11 -15.24
143854 -65.238 -16.11 -15.24
140613 -57.373 -16.11 -15.24
137978 -60.9107 -16.11 -15.24
144587 -57.5564 -16.11 -15.24
137101 -57.0338 -16.11 -15.24
141564 -59.7424 -16.11 -15.24
138647 -64.676 -16.11 -15.24
147090 -65.0998 -16.11 -15.24
142859 -63.2819 -16.11 -15.24
141473 -57.1739 -16.11 -15.24
142342 -63.622 -16.11 -15.24
136122 -52.1631 -16.11 -15.24
134812 -60.158 -16.11 -15.24
141733 -62.2048 -16.11 -15.24
135410 -55.4595 -16.11 -15.24
127636 -61.7129 -16.11 -15.24
143238 -59.726 -16.11 -15.24
146830 -68.8223 -16.11 -15.24
136519 -54.0555 -16.11 -15.24
139142 -56.0278 -16.11 -15.24
142617 -62.9854 -16.11 -15.24
144032 -61.1038 -16.11 -15.24
142119 -53.3818 -16.11 -15.24
134181 -67.1546 -16.11 -15.24
135108 -63.9368 -16.11 -15.24
143081 -63.033 -16.11 -15.24
135636 -58.1039 -16.11 -15.24
131509 -60.8494 -16.11 -15.24
142179 -58.401 -16.11 -15.24
141529 -58.3492 -16.11 -15.24
140050 -66.2513 -16.11 -15.24
210038 -61.1828 -13.36 -28.32
211535 -65.0163 -13.36 -28.32
206266 -63.8321 -13.36 -28.32
214192 -63.7309 -13.36 -28.32
211249 -58.7473 -13.36 -28.32
207640 -64.7277 -13.36 -28.32
209000 -62.2949 -13.36 -28.32
207339 -65.0986 -13.36 -28.32
207303 -61.8739 -13.36 -28.32
209676 -62.6476 -13.36 -28.32
213714 -59.5149 -13.36 -28.32
212631 -61.5985 -13.36 -28.32
218910 -63.2869 -13.36 -28.32
207346 -66.3996 -13.36 -28.32
206037 -60.0725 -13.36 -28.32
210908 -66.6477 -13.36 -28.32
220550 -69.3882 -13.36 -28.32
203905 -62.6544 -13.36 -28.32
210463 -63.6862 -13.36 -28.32
182353 -74.6689 -13.36 -28.32
189613 -76.1257 -13.36 -28.32
212000 -63.2591 -13.36 -28.32
209635 -64.0698 -13.36 -28.32
219604 -66.2496 -13.36 -28.32
204908 -59.1521 -13.36 -28.32
211377 -62.2486 -13.36 -28.32
214958 -63.8017 -13.36 -28.32
210989 -66.7183 -13.36 -28.32
216170 -61.2868 -13.36 -28.32
211243 -60.7821 -13.36 -28.32
220048 -61.7265 -13.36 -28.32
213205 -63.9559 -13.36 -28.32
213776 -63.1009 -13.36 -28.32
207299 -61.381 -13.36 -28.32
209081 -64.6508 -13.36 -28.32
219466 -67.3358 -13.36 -28.32
210964 -66.9183 -13.36 -28.32
210535 -58.3409 -13.36 -28.32
216955 -62.9469 -13.36 -28.32
151025 -58.0944 19.04 11.77
150293 -56.0171 19.04 11.77
153970 -57.845 19.04 11.77
154161 -57.2049 19.04 11.77
149657 -55.8371 19.04 11.77
154844 -53.3592 19.04 11.77
151489 -64.4703 19.04 11.77
151515 -67.222 19.04 11.77
141312 -59.6782 19.04 11.77
150601 -58.9278 19.04 11.77
151943 -59.11 19.04 11.77
149103 -53.5388 19.04 11.77
151100 -59.0794 19.04 11.77
159388 -55.9702 19.04 11.77
152844 -54.3571 19.04 11.77
148189 -60.0399 19.04 11.77
144586 -56.1612 19.04 11.77
150998 -59.7463 19.04 11.77
150878 -57.2189 19.04 11.77
157501 -67.693 19.04 11.77
147270 -53.6418 19.04 11.77
151361 -56.7449 19.04 11.77
157795 -55.0938 19.04 11.77
146183 -55.6776 19.04 11.77
157174 -59.9553 19.04 11.77
155807 -69.9474 19.04 11.77
141199 -67.9372 19.04 11.77
149482 -58.9792 19.04 11.77
158384 -59.8613 19.04 11.77
147964 -56.1857 19.04 11.77
154286 -60.4145 19.04 11.77
153187 -61.0211 19.04 11.77
153287 -57.3362 19.04 11.77
155919 -59.1356 19.04 11.77
151667 -58.4344 19.04 11.77
140947 -58.7617 19.04 11.77
152290 -54.8056 19.04 11.77
158209 -53.9584 19.04 11.77
146735 -67.7624 19.04 11.77
159754 -54.7938 -23.32 1.01
156358 -55.7329 -23.32 1.01
165043 -64.7137 -23.32 1.01
152173 -60.6591 -23.32 1.01
158701 -60.611 -23.32 1.01
158229 -56.476 -23.32 1.01
159729 -58.4927 -23.32 1.01
159034 -57.8019 -23.32 1.01
159228 -58.1345 -23.32 1.01
153486 -59.1119 -23.32 1.01
156780 -62.6499 -23.32 1.01
161038 -62.1459 -23.32 1.01
160369 -55.0139 -23.32 1.01
156570 -60.8382 -23.32 1.01
155025 -57.6533 -23.32 1.01
158776 -63.4982 -23.32 1.01
162808 -58.3926 -23.32 1.01
161150 -56.7251 -23.32 1.01
147584 -63.7151 -23.32 1.01
161255 -60.057 -23.32 1.01
160958 -57.8909 -23.32 1.01
163269 -58.5891 -23.32 1.01
154915 -60.0025 -23.32 1.01
153797 -59.6732 -23.32 1.01
166859 -65.5083 -23.32 1.01
163562 -55.2742 -23.32 1.01
163762 -63.3821 -23.32 1.01
153649 -60.9513 -23.32 1.01
153147 -62.932 -23.32 1.01
158025 -62.6121 -23.32 1.01
151970 -54.7184 -23.32 1.01
162791 -59.2093 -23.32 1.01
160005 -52.2385 -23.32 1.01
159570 -57.005 -23.32 1.01
160410 -56.0302 -23.32 1.01
158570 -68.3649 -23.32 1.01
156119 -62.2599 -23.32 1.01
158924 -64.449 -23.32 1.01
165565 -58.0327 -23.32 1.01
81023 -53.4813 7.59 6.29
76854 -50.0992 7.59 6.29
77658 -55.1252 7.59 6.29
70698 -43.7163 7.59 6.29
66509 -56.021 7.59 6.29
73972 -57.5532 7.59 6.29
78007 -55.1453 7.59 6.29
79257 -51.783 7.59 6.29
77336 -53.8189 7.59 6.29
68920 -54.9438 7.59 6.29
77869 -53.9455 7.59 6.29
74602 -51.8002 7.59 6.29
70087 -64.0327 7.59 6.29
69663 -57.5029 7.59 6.29
75488 -50.2699 7.59 6.29
76581 -67.6475 7.59 6.29
70196 -61.5151 7.59 6.29
71559 -51.4983 7.59 6.29
73086 -56.5273 7.59 6.29
77081 -54.4786 7.59 6.29
73949 -52.3211 7.59 6.29
72276 -53.0793 7.59 6.29
79970 -51.4435 7.59 6.29
69166 -52.3109 7.59 6.29
72774 -53.7798 7.59 6.29
70839 -56.6454 7.59 6.29
74586 -57.1178 7.59 6.29
73919 -53.336 7.59 6.29
74603 -50.9892 7.59 6.29
73965 -60.6341 7.59 6.29
73085 -55.2572 7.59 6.29
79792 -54.0492 7.59 6.29
68131 -53.3867 7.59 6.29
69104 -49.5494 7.59 6.29
67542 -49.3924 7.59 6.29
75963 -51.7277 7.59 6.29
71025 -54.5604 7.59 6.29
74227 -53.3448 7.59 6.29
68430 -45.7865 7.59 6.29
115805 -55.8971 -13.39 -13.07
117033 -56.6635 -13.39 -13.07
123721 -60.827 -13.39 -13.07
118435 -53.1798 -13.39 -13.07
120352 -59.3007 -13.39 -13.07
120275 -56.8321 -13.39 -13.07
126874 -59.8428 -13.39 -13.07
119415 -58.2447 -13.39 -13.07
119680 -58.6522 -13.39 -13.07
123469 -55.7192 -13.39 -13.07
116188 -55.5485 -13.39 -13.07
118470 -54.8734 -13.39 -13.07
120077 -53.809 -13.39 -13.07
120335 -53.9126 -13.39 -13.07
119382 -56.8585 -13.39 -13.07
124596 -62.2424 -13.39 -13.07
122881 -52.3504 -13.39 -13.07
123112 -56.4552 -13.39 -13.07
114022 -60.9496 -13.39 -13.07
118949 -56.7495 -13.39 -13.07
119030 -66.2542 -13.39 -13.07
118936 -57.9708 -13.39 -13.07
114698 -58.5919 -13.39 -13.07
113985 -61.63 -13.39 -13.07
118580 -62.4252 -13.39 -13.07
122887 -56.6737 -13.39 -13.07
123985 -71.8479 -13.39 -13.07
121989 -56.456 -13.39 -13.07
110143 -55.2862 -13.39 -13.07
114186 -64.8605 -13.39 -13.07
122193 -59.3708 -13.39 -13.07
126734 -61.3925 -13.39 -13.07
130156 -59.4812 -13.39 -13.07
117281 -64.3407 -13.39 -13.07
122015 -60.8629 -13.39 -13.07
122296 -63.4294 -13.39 -13.07
120590 -54.7686 -13.39 -13.07
123428 -61.1857 -13.39 -13.07
119445 -57.0026 -13.39 -13.07
166867 -64.9611 10.93 22.13
165027 -57.4128 10.93 22.13
168474 -56.2052 10.93 22.13
162044 -63.9236 10.93 22.13
175968 -63.7882 10.93 22.13
166415 -58.9079 10.93 22.13
170221 -60.0662 10.93 22.13
164656 -57.7497 10.93 22.13
171776 -73.7081 10.93 22.13
161410 -58.0543 10.93 22.13
162724 -62.3054 10.93 22.13
164889 -57.0163 10.93 22.13
171773 -64.2463 10.93 22.13
165102 -65.0639 10.93 22.13
167811 -56.9956 10.93 22.13
170818 -61.0544 10.93 22.13
169443 -63.7379 10.93 22.13
166786 -59.1436 10.93 22.13
149474 -65.6385 10.93 22.13
166338 -58.899 10.93 22.13
164454 -70.2714 10.93 22.13
161526 -64.8989 10.93 22.13
161774 -63.3505 10.93 22.13
174843 -66.3479 10.93 22.13
167415 -65.9604 10.93 22.13
162114 -62.9552 10.93 22.13
172885 -60.8861 10.93 22.13
163647 -61.409 10.93 22.13
166028 -55.2113 10.93 22.13
159273 -56.6747 10.93 22.13
168016 -63.0312 10.93 22.13
170469 -64.0385 10.93 22.13
160742 -66.7922 10.93 22.13
143986 -77.003 10.93 22.13
168708 -56.1846 10.93 22.13
166531 -57.9207 10.93 22.13
157697 -64.0932 10.93 22.13
175002 -62.0005 10.93 22.13
167735 -56.6897 10.93 22.13
208108 -66.7346 10.74 29.7
212500 -58.9132 10.74 29.7
207626 -65.809 10.74 29.7
216571 -65.7211 10.74 29.7
211391 -59.5885 10.74 29.7
208641 -61.9671 10.74 29.7
205444 -58.8093 10.74 29.7
214416 -55.0089 10.74 29.7
216891 -58.8864 10.74 29.7
216801 -59.769 10.74 29.7
216062 -59.7699 10.74 29.7
214769 -70.8365 10.74 29.7
214674 -61.719 10.74 29.7
216452 -60.6019 10.74 29.7
205970 -61.5183 10.74 29.7
210177 -57.9441 10.74 29.7
209916 -61.5143 10.74 29.7
205100 -62.467 10.74 29.7
217024 -64.5096 10.74 29.7
215829 -56.3091 10.74 29.7
215405 -66.0059 10.74 29.7
216018 -63.4643 10.74 29.7
205248 -66.9061 10.74 29.7
206222 -58.9734 10.74 29.7
207928 -64.9485 10.74 29.7
212621 -60.6468 10.74 29.7
200283 -61.5902 10.74 29.7
210732 -61.6581 10.74 29.7
213582 -64.0964 10.74 29.7
213044 -65.3366 10.74 29.7
215872 -72.2766 10.74 29.7
213622 -59.8619 10.74 29.7
203331 -61.2681 10.74 29.7
193072 -69.3444 10.74 29.7
216030 -57.8233 10.74 29.7
215701 -58.2098 10.74 29.7
205249 -67.1188 10.74 29.7
203804 -67.8061 10.74 29.7
210645 -61.9055 10.74 29.7
