#rtt sig_str x y
188514 -61.8282 13.71 -24.75
188530 -62.8788 13.71 -24.75
184570 -57.4113 13.71 -24.75
195297 -56.9264 13.71 -24.75
187176 -61.0862 13.71 -24.75
189694 -58.0919 13.71 -24.75
190664 -61.7819 13.71 -24.75
186497 -61.1308 13.71 -24.75
190115 -63.2445 13.71 -24.75
185835 -63.1945 13.71 -24.75
188131 -61.3089 13.71 -24.75
181850 -59.4669 13.71 -24.75
187466 -60.6349 13.71 -24.75
195535 -63.5169 13.71 -24.75
196244 -68.5966 13.71 -24.75
189002 -61.7692 13.71 -24.75
170197 -66.0293 13.71 -24.75
192460 -65.53 13.71 -24.75
192805 -59.0611 13.71 -24.75
194379 -58.0858 13.71 -24.75
188891 -60.329 13.71 -24.75
182895 -76.1714 13.71 -24.75
185051 -64.4645 13.71 -24.75
179113 -68.7251 13.71 -24.75
187402 -63.2498 13.71 -24.75
183582 -62.6028 13.71 -24.75
188148 -59.7002 13.71 -24.75
186123 -59.5461 13.71 -24.75
181123 -56.9415 13.71 -24.75
187823 -54.1293 13.71 -24.75
187872 -62.4945 13.71 -24.75
184829 -60.0669 13.71 -24.75
199621 -74.2577 13.71 -24.75
191619 -60.9324 13.71 -24.75
187607 -56.551 13.71 -24.75
122111 -79.879 13.71 -24.75
192561 -60.6455 13.71 -24.75
181396 -59.0969 13.71 -24.75
189101 -64.5517 13.71 -24.75
96179 -53.7816 6.1 13.01
101418 -52.0884 6.1 13.01
103601 -56.1622 6.1 13.01
105493 -54.1675 6.1 13.01
103131 -49.7378 6.1 13.01
99236 -54.3659 6.1 13.01
97679 -54.9289 6.1 13.01
106004 -61.9794 6.1 13.01
106075 -57.5755 6.1 13.01
102997 -54.944 6.1 13.01
97895 -54.2132 6.1 13.01
93073 -57.5008 6.1 13.01
103018 -63.0156 6.1 13.01
103929 -57.1266 6.1 13.01
100082 -56.3707 6.1 13.01
101544 -53.5021 6.1 13.01
104169 -54.7597 6.1 13.01
107829 -55.9166 6.1 13.01
98409 -52.1012 6.1 13.01
107164 -54.9178 6.1 13.01
103316 -51.42 6.1 13.01
97958 -60.3302 6.1 13.01
100959 -56.7178 6.1 13.01
103424 -54.7765 6.1 13.01
92012 -55.5721 6.1 13.01
101053 -57.0502 6.1 13.01
101434 -51.1319 6.1 13.01
96947 -57.9646 6.1 13.01
102484 -52.0096 6.1 13.01
98918 -54.8511 6.1 13.01
98808 -54.4223 6.1 13.01
104595 -55.7925 6.1 13.01
102378 -53.1667 6.1 13.01
109608 -60.1766 6.1 13.01
103956 -54.6479 6.1 13.01
98463 -58.3862 6.1 13.01
108299 -57.5915 6.1 13.01
104817 -55.1611 6.1 13.01
105295 -53.9055 6.1 13.01
217802 -64.8993 27.14 19.49
222984 -58.2838 27.14 19.49
224995 -58.1886 27.14 19.49
217633 -77.1215 27.14 19.49
215980 -61.2598 27.14 19.49
212304 -59.3398 27.14 19.49
215326 -57.566 27.14 19.49
224261 -64.4307 27.14 19.49
215430 -63.582 27.14 19.49
216960 -60.6123 27.14 19.49
213729 -63.1797 27.14 19.49
219375 -70.3809 27.14 19.49
219807 -60.7347 27.14 19.49
217017 -77.5651 27.14 19.49
220672 -66.4545 27.14 19.49
225902 -67.0546 27.14 19.49
216367 -60.7658 27.14 19.49
229617 -68.0018 27.14 19.49
220811 -65.0817 27.14 19.49
216810 -63.2341 27.14 19.49
213316 -60.6782 27.14 19.49
219692 -69.6341 27.14 19.49
218915 -60.7716 27.14 19.49
215011 -61.6225 27.14 19.49
215440 -60.4233 27.14 19.49
220277 -64.3232 27.14 19.49
214877 -58.3904 27.14 19.49
222435 -60.5036 27.14 19.49
225961 -66.6833 27.14 19.49
233736 -73.6649 27.14 19.49
226816 -65.5115 27.14 19.49
222845 -67.8582 27.14 19.49
221046 -58.3339 27.14 19.49
220508 -64.8355 27.14 19.49
217737 -61.4244 27.14 19.49
217416 -65.3019 27.14 19.49
218263 -68.9742 27.14 19.49
213523 -58.2183 27.14 19.49
213461 -60.5364 27.14 19.49
200268 -60.8075 -21.41 21.79
200690 -60.5441 -21.41 21.79
206548 -64.4295 -21.41 21.79
198607 -61.9552 -21.41 21.79
200330 -59.5806 -21.41 21.79
207866 -69.8096 -21.41 21.79
195086 -67.2538 -21.41 21.79
204951 -64.3373 -21.41 21.79
199114 -58.2586 -21.41 21.79
207592 -64.9497 -21.41 21.79
206790 -66.1776 -21.41 21.79
207863 -59.2309 -21.41 21.79
204032 -63.4788 -21.41 21.79
198565 -59.957 -21.41 21.79
194737 -68.1654 -21.41 21.79
202791 -62.5308 -21.41 21.79
205681 -56.9812 -21.41 21.79
194793 -59.5914 -21.41 21.79
201808 -66.0647 -21.41 21.79
199615 -60.1367 -21.41 21.79
198677 -63.2247 -21.41 21.79
200203 -63.6041 -21.41 21.79
200312 -62.684 -21.41 21.79
196708 -62.7009 -21.41 21.79
199662 -66.4099 -21.41 21.79
201757 -62.0073 -21.41 21.79
193235 -61.7434 -21.41 21.79
194142 -68.3862 -21.41 21.79
197221 -72.7957 -21.41 21.79
193938 -63.1393 -21.41 21.79
194603 -66.9724 -21.41 21.79
208236 -65.9978 -21.41 21.79
200558 -66.064 -21.41 21.79
193026 -62.7827 -21.41 21.79
197597 -61.9602 -21.41 21.79
197808 -62.7016 -21.41 21.79
204297 -61.9371 -21.41 21.79
203453 -68.4327 -21.41 21.79
183369 -77.4177 -21.41 21.79
203910 -75.1281 18.44 -24.53
210368 -60.1774 18.44 -24.53
206474 -61.1039 18.44 -24.53
207211 -60.2571 18.44 -24.53
209124 -64.2747 18.44 -24.53
208569 -53.3479 18.44 -24.53
213907 -65.4605 18.44 -24.53
205415 -63.1072 18.44 -24.53
198629 -63.3941 18.44 -24.53
206913 -59.6404 18.44 -24.53
208139 -62.5017 18.44 -24.53
202686 -58.9134 18.44 -24.53
208024 -60.2051 18.44 -24.53
208963 -60.9692 18.44 -24.53
202638 -67.2788 18.44 -24.53
206729 -60.9121 18.44 -24.53
204056 -59.2034 18.44 -24.53
205506 -63.5455 18.44 -24.53
211850 -56.5926 18.44 -24.53
212072 -59.162 18.44 -24.53
209814 -62.973 18.44 -24.53
202771 -62.5622 18.44 -24.53
211706 -59.2909 18.44 -24.53
203257 -66.8879 18.44 -24.53
208904 -59.2223 18.44 -24.53
205846 -59.2111 18.44 -24.53
196667 -62.0154 18.44 -24.53
204583 -67.3595 18.44 -24.53
197024 -61.2642 18.44 -24.53
204230 -59.1584 18.44 -24.53
206805 -58.2976 18.44 -24.53
205905 -60.7344 18.44 -24.53
193697 -64.0025 18.44 -24.53
202722 -57.291 18.44 -24.53
212817 -62.7337 18.44 -24.53
196737 -56.7884 18.44 -24.53
209821 -60.7448 18.44 -24.53
203108 -59.9642 18.44 -24.53
205663 -58.1553 18.44 -24.53
181496 -59.3374 -8.21 25.29
179714 -61.1987 -8.21 25.29
191735 -66.2644 -8.21 25.29
185547 -64.7562 -8.21 25.29
175915 -67.2994 -8.21 25.29
189495 -63.3583 -8.21 25.29
184028 -58.7285 -8.21 25.29
180479 -62.9997 -8.21 25.29
183687 -59.761 -8.21 25.29
186547 -57.7354 -8.21 25.29
186650 -66.2074 -8.21 25.29
180130 -63.7332 -8.21 25.29
179654 -62.7431 -8.21 25.29
180285 -61.5698 -8.21 25.29
177842 -62.7213 -8.21 25.29
183978 -58.4318 -8.21 25.29
179235 -64.8499 -8.21 25.29
174101 -58.8626 -8.21 25.29
190506 -67.9539 -8.21 25.29
184038 -61.3323 -8.21 25.29
176928 -59.3219 -8.21 25.29
189823 -66.4304 -8.21 25.29
187401 -56.5804 -8.21 25.29
173443 -59.1628 -8.21 25.29
183141 -62.0623 -8.21 25.29
173657 -54.9043 -8.21 25.29
188746 -59.0853 -8.21 25.29
186508 -58.8279 -8.21 25.29
186476 -67.2653 -8.21 25.29
182049 -54.3579 -8.21 25.29
184063 -56.5721 -8.21 25.29
180765 -66.6781 -8.21 25.29
186901 -63.3401 -8.21 25.29
177310 -55.839 -8.21 25.29
182214 -60.2984 -8.21 25.29
188634 -66.1196 -8.21 25.29
180936 -61.4708 -8.21 25.29
174942 -67.2036 -8.21 25.29
181140 -59.3528 -8.21 25.29
120231 -54.9138 -18.81 -0.7
118520 -66.1484 -18.81 -0.7
121325 -64.0318 -18.81 -0.7
120112 -50.1844 -18.81 -0.7
121018 -65.2368 -18.81 -0.7
126319 -56.2684 -18.81 -0.7
116712 -55.4519 -18.81 -0.7
122143 -58.8462 -18.81 -0.7
121135 -58.6065 -18.81 -0.7
122170 -62.2154 -18.81 -0.7
118658 -59.0657 -18.81 -0.7
131225 -66.6494 -18.81 -0.7
118623 -60.6482 -18.81 -0.7
122155 -57.1063 -18.81 -0.7
116074 -53.45 -18.81 -0.7
114182 -60.7377 -18.81 -0.7
124066 -50.6066 -18.81 -0.7
124707 -64.4261 -18.81 -0.7
113698 -58.7532 -18.81 -0.7
119622 -60.5452 -18.81 -0.7
120258 -63.0955 -18.81 -0.7
122131 -57.8874 -18.81 -0.7
114115 -59.8849 -18.81 -0.7
123002 -54.2668 -18.81 -0.7
122939 -57.4403 -18.81 -0.7
120932 -56.1482 -18.81 -0.7
112227 -55.3073 -18.81 -0.7
119202 -53.8427 -18.81 -0.7
117502 -58.8806 -18.81 -0.7
117807 -59.2866 -18.81 -0.7
124679 -65.6725 -18.81 -0.7
112596 -62.1113 -18.81 -0.7
119696 -64.9843 -18.81 -0.7
113200 -58.9347 -18.81 -0.7
116172 -57.5068 -18.81 -0.7
121453 -56.9468 -18.81 -0.7
124216 -51.7354 -18.81 -0.7
115362 -61.867 -18.81 -0.7
120765 -57.5659 -18.81 -0.7
104039 -54.9626 -14.45 -5.32
102295 -52.4492 -14.45 -5.32
103109 -61.3869 -14.45 -5.32
99049 -59.9524 -14.45 -5.32
102992 -61.8428 -14.45 -5.32
101220 -56.8265 -14.45 -5.32
105059 -63.1943 -14.45 -5.32
100603 -58.0412 -14.45 -5.32
105119 -51.0244 -14.45 -5.32
91265 -61.345 -14.45 -5.32
101646 -58.2627 -14.45 -5.32
98774 -56.7032 -14.45 -5.32
100567 -53.043 -14.45 -5.32
105074 -53.6749 -14.45 -5.32
99324 -55.671 -14.45 -5.32
101122 -55.2534 -14.45 -5.32
101301 -54.0634 -14.45 -5.32
100225 -55.8732 -14.45 -5.32
99856 -55.2718 -14.45 -5.32
103107 -55.5219 -14.45 -5.32
102076 -56.2158 -14.45 -5.32
106675 -52.9089 -14.45 -5.32
104112 -61.3448 -14.45 -5.32
105036 -52.8861 -14.45 -5.32
100382 -55.3323 -14.45 -5.32
99020 -51.9039 -14.45 -5.32
105602 -52.1569 -14.45 -5.32
103926 -62.347 -14.45 -5.32
97593 -62.721 -14.45 -5.32
107013 -55.6697 -14.45 -5.32
103952 -56.3654 -14.45 -5.32
103734 -53.2972 -14.45 -5.32
108122 -55.7012 -14.45 -5.32
102345 -59.5457 -14.45 -5.32
101607 -56.2675 -14.45 -5.32
102419 -50.8755 -14.45 -5.32
98731 -53.1843 -14.45 -5.32
99057 -55.143 -14.45 -5.32
97545 -50.6308 -14.45 -5.32
123555 -58.0743 7.79 18.32
133051 -55.8022 7.79 18.32
126695 -61.0233 7.79 18.32
130989 -55.807 7.79 18.32
130949 -58.7739 7.79 18.32
133128 -58.2196 7.79 18.32
128290 -60.9314 7.79 18.32
129944 -55.5546 7.79 18.32
133134 -60.4317 7.79 18.32
131042 -54.4975 7.79 18.32
87703 -73.5443 7.79 18.32
130167 -56.0595 7.79 18.32
132719 -63.8243 7.79 18.32
131341 -56.3182 7.79 18.32
125271 -59.8811 7.79 18.32
132676 -61.3845 7.79 18.32
130346 -56.3364 7.79 18.32
128938 -52.832 7.79 18.32
123976 -62.3475 7.79 18.32
128826 -55.7071 7.79 18.32
131685 -63.1111 7.79 18.32
124520 -55.193 7.79 18.32
130093 -54.6342 7.79 18.32
128813 -53.1309 7.79 18.32
122000 -62.8301 7.79 18.32
133526 -57.6522 7.79 18.32
124050 -56.8124 7.79 18.32
124400 -57.0712 7.79 18.32
130596 -55.4603 7.79 18.32
137407 -60.9023 7.79 18.32
128602 -62.011 7.79 18.32
130882 -57.1571 7.79 18.32
126317 -59.5972 7.79 18.32
121807 -55.4633 7.79 18.32
129593 -56.533 7.79 18.32
129373 -55.5759 7.79 18.32
125345 -54.0258 7.79 18.32
130942 -54.1729 7.79 18.32
129606 -57.9788 7.79 18.32
248553 -65.8013 -28.05 24.64
252294 -62.3527 -28.05 24.64
246159 -62.5053 -28.05 24.64
244729 -61.0363 -28.05 24.64
239628 -64.6669 -28.05 24.64
249608 -60.1902 -28.05 24.64
243583 -56.3898 -28.05 24.64
242158 -60.2673 -28.05 24.64
238923 -61.1498 -28.05 24.64
244538 -61.1508 -28.05 24.64
242505 -72.2174 -28.05 24.64
249788 -63.0999 -28.05 24.64
242809 -61.9828 -28.05 24.64
241607 -62.8992 -28.05 24.64
245092 -59.325 -28.05 24.64
240345 -62.8952 -28.05 24.64
244427 -63.8479 -28.05 24.64
248145 -65.8904 -28.05 24.64
236828 -57.69 -28.05 24.64
246165 -67.2276 -28.05 24.64
233836 -64.8451 -28.05 24.64
239674 -68.2869 -28.05 24.64
243833 -60.3542 -28.05 24.64
245695 -66.3294 -28.05 24.64
246475 -62.0277 -28.05 24.64
251979 -62.9711 -28.05 24.64
240307 -63.039 -28.05 24.64
247802 -65.4773 -28.05 24.64
247473 -66.7174 -28.05 24.64
249296 -73.6575 -28.05 24.64
243238 -61.2428 -28.05 24.64
250220 -62.649 -28.05 24.64
244847 -70.7253 -28.05 24.64
244597 -59.2042 -28.05 24.64
242915 -59.5907 -28.05 24.64
247673 -68.4997 -28.05 24.64
253789 -69.187 -28.05 24.64
240072 -63.2864 -28.05 24.64
249589 -59.3778 -28.05 24.64
