#rtt sig_str x y
222227 -63.429 26.67 -21.65
233886 -64.4797 26.67 -21.65
219545 -59.0121 26.67 -21.65
233872 -58.5272 26.67 -21.65
226545 -62.6871 26.67 -21.65
215136 -59.6927 26.67 -21.65
224433 -63.3828 26.67 -21.65
230342 -62.7317 26.67 -21.65
225287 -64.8453 26.67 -21.65
225645 -64.7954 26.67 -21.65
219447 -62.9098 26.67 -21.65
230207 -61.0677 26.67 -21.65
224590 -62.2358 26.67 -21.65
216096 -65.1177 26.67 -21.65
213498 -70.1974 26.67 -21.65
227221 -63.37 26.67 -21.65
219583 -67.6302 26.67 -21.65
224763 -67.1308 26.67 -21.65
220335 -60.6619 26.67 -21.65
223436 -59.6866 26.67 -21.65
228305 -61.9299 26.67 -21.65
209251 -77.7723 26.67 -21.65
227686 -66.0653 26.67 -21.65
229842 -70.3259 26.67 -21.65
222808 -64.8506 26.67 -21.65
229512 -64.2037 26.67 -21.65
232253 -61.301 26.67 -21.65
224186 -61.1469 26.67 -21.65
228124 -58.5423 26.67 -21.65
225323 -55.7301 26.67 -21.65
218329 -64.0953 26.67 -21.65
229195 -61.6678 26.67 -21.65
214959 -75.8585 26.67 -21.65
227687 -62.5332 26.67 -21.65
222925 -58.1518 26.67 -21.65
156627 -81.4799 26.67 -21.65
229551 -62.2463 26.67 -21.65
217907 -60.6978 26.67 -21.65
223352 -66.1526 26.67 -21.65
17443 -39.6535 -2.15 1.45
21740 -37.9603 -2.15 1.45
20752 -42.0341 -2.15 1.45
28485 -40.0394 -2.15 1.45
16798 -35.6097 -2.15 1.45
21570 -40.2378 -2.15 1.45
27441 -40.8008 -2.15 1.45
25284 -47.8514 -2.15 1.45
25363 -43.4475 -2.15 1.45
15831 -40.8159 -2.15 1.45
24288 -40.0852 -2.15 1.45
17841 -43.3727 -2.15 1.45
19847 -48.8876 -2.15 1.45
20086 -42.9985 -2.15 1.45
23834 -42.2426 -2.15 1.45
22276 -39.374 -2.15 1.45
13807 -40.6316 -2.15 1.45
20866 -41.7886 -2.15 1.45
13630 -37.9731 -2.15 1.45
17013 -40.7898 -2.15 1.45
22383 -37.2919 -2.15 1.45
28056 -46.2021 -2.15 1.45
21615 -42.5898 -2.15 1.45
21316 -40.6484 -2.15 1.45
17923 -41.4441 -2.15 1.45
25049 -42.9221 -2.15 1.45
26812 -37.0038 -2.15 1.45
23630 -43.8365 -2.15 1.45
20003 -37.8815 -2.15 1.45
25109 -40.7231 -2.15 1.45
21323 -40.2942 -2.15 1.45
25802 -41.6644 -2.15 1.45
22516 -39.0386 -2.15 1.45
23899 -46.0486 -2.15 1.45
30031 -40.5198 -2.15 1.45
16772 -44.2581 -2.15 1.45
24498 -43.4635 -2.15 1.45
21550 -41.033 -2.15 1.45
15605 -39.7774 -2.15 1.45
160900 -62.173 -18.44 15.38
164906 -55.5575 -18.44 15.38
165754 -55.4623 -18.44 15.38
179583 -74.3952 -18.44 15.38
121517 -79.8294 -18.44 15.38
166691 -58.401 -18.44 15.38
169028 -64.4783 -18.44 15.38
165993 -60.1163 -18.44 15.38
162775 -65.8943 -18.44 15.38
159031 -58.0293 -18.44 15.38
168167 -61.567 -18.44 15.38
156856 -58.2127 -18.44 15.38
161862 -57.6901 -18.44 15.38
159927 -60.3987 -18.44 15.38
161821 -65.3323 -18.44 15.38
155005 -65.7561 -18.44 15.38
162417 -63.9382 -18.44 15.38
162690 -57.8301 -18.44 15.38
159959 -64.2783 -18.44 15.38
166503 -52.8193 -18.44 15.38
164714 -60.8142 -18.44 15.38
160095 -62.8611 -18.44 15.38
164581 -56.1158 -18.44 15.38
160067 -62.3692 -18.44 15.38
163446 -60.3822 -18.44 15.38
160740 -69.4785 -18.44 15.38
156000 -54.7118 -18.44 15.38
166698 -56.684 -18.44 15.38
161107 -63.6416 -18.44 15.38
167830 -61.76 -18.44 15.38
163855 -54.038 -18.44 15.38
153698 -67.8109 -18.44 15.38
164273 -64.5931 -18.44 15.38
147821 -63.6892 -18.44 15.38
158641 -58.7601 -18.44 15.38
152691 -61.5056 -18.44 15.38
162045 -59.0572 -18.44 15.38
160390 -59.0054 -18.44 15.38
164928 -66.9075 -18.44 15.38
72041 -53.5595 4.91 -11.42
81362 -57.393 4.91 -11.42
85792 -56.2088 4.91 -11.42
82297 -56.1076 4.91 -11.42
79208 -51.124 4.91 -11.42
77099 -57.1044 4.91 -11.42
79577 -54.6716 4.91 -11.42
79494 -57.4753 4.91 -11.42
82065 -54.2505 4.91 -11.42
85115 -55.0243 4.91 -11.42
74993 -51.8916 4.91 -11.42
76704 -53.9752 4.91 -11.42
77763 -55.6636 4.91 -11.42
76211 -58.7763 4.91 -11.42
83665 -52.4492 4.91 -11.42
75618 -59.0243 4.91 -11.42
86080 -61.7649 4.91 -11.42
78854 -55.0311 4.91 -11.42
85525 -56.0629 4.91 -11.42
76238 -67.0456 4.91 -11.42
74646 -68.5024 4.91 -11.42
81878 -55.6358 4.91 -11.42
83199 -56.4464 4.91 -11.42
84992 -58.6263 4.91 -11.42
77899 -51.5288 4.91 -11.42
81025 -54.6252 4.91 -11.42
83531 -56.1784 4.91 -11.42
75045 -59.095 4.91 -11.42
82473 -53.6635 4.91 -11.42
85574 -53.1588 4.91 -11.42
82278 -54.1032 4.91 -11.42
85824 -56.3326 4.91 -11.42
77845 -55.4775 4.91 -11.42
80135 -53.7577 4.91 -11.42
83861 -57.0275 4.91 -11.42
76628 -59.7124 4.91 -11.42
83499 -59.295 4.91 -11.42
80082 -50.7176 4.91 -11.42
83024 -55.3236 4.91 -11.42
148860 -58.1981 7.21 21.49
144570 -56.1207 7.21 21.49
144494 -57.9487 7.21 21.49
142119 -57.3086 7.21 21.49
137995 -55.9407 7.21 21.49
149176 -53.4628 7.21 21.49
146509 -64.574 7.21 21.49
142016 -67.3257 7.21 21.49
145472 -59.7819 7.21 21.49
145513 -59.0314 7.21 21.49
143511 -59.2137 7.21 21.49
144393 -53.6425 7.21 21.49
143765 -59.1831 7.21 21.49
149909 -56.0739 7.21 21.49
147320 -54.4608 7.21 21.49
142761 -60.1435 7.21 21.49
151743 -56.2649 7.21 21.49
145781 -59.8499 7.21 21.49
145685 -57.3225 7.21 21.49
149799 -67.7967 7.21 21.49
145685 -53.7455 7.21 21.49
148938 -56.8485 7.21 21.49
145704 -55.1975 7.21 21.49
145903 -55.7813 7.21 21.49
147052 -60.0589 7.21 21.49
148699 -70.0511 7.21 21.49
144388 -68.0409 7.21 21.49
146758 -59.0829 7.21 21.49
139197 -59.965 7.21 21.49
141117 -56.2893 7.21 21.49
146343 -60.5181 7.21 21.49
145316 -61.1248 7.21 21.49
153480 -57.4398 7.21 21.49
141835 -59.2393 7.21 21.49
142056 -58.5381 7.21 21.49
141778 -58.8653 7.21 21.49
146806 -54.9093 7.21 21.49
143106 -54.0621 7.21 21.49
141241 -67.8661 7.21 21.49
184105 -56.3673 11.06 -25.99
180439 -57.3063 11.06 -25.99
186122 -66.2871 11.06 -25.99
180349 -62.2326 11.06 -25.99
187324 -62.1844 11.06 -25.99
175904 -58.0494 11.06 -25.99
187684 -60.0661 11.06 -25.99
173878 -59.3754 11.06 -25.99
175669 -59.7079 11.06 -25.99
181456 -60.6854 11.06 -25.99
189153 -64.2234 11.06 -25.99
184560 -63.7193 11.06 -25.99
178457 -56.5873 11.06 -25.99
182030 -62.4116 11.06 -25.99
179812 -59.2267 11.06 -25.99
172662 -65.0717 11.06 -25.99
186128 -59.9661 11.06 -25.99
182793 -58.2985 11.06 -25.99
185223 -65.2885 11.06 -25.99
183513 -61.6304 11.06 -25.99
184203 -59.4644 11.06 -25.99
181396 -60.1625 11.06 -25.99
182495 -61.576 11.06 -25.99
185236 -61.2466 11.06 -25.99
180870 -67.0817 11.06 -25.99
173426 -56.8477 11.06 -25.99
176292 -64.9555 11.06 -25.99
176624 -62.5247 11.06 -25.99
179086 -64.5055 11.06 -25.99
176096 -64.1855 11.06 -25.99
185965 -56.2918 11.06 -25.99
180137 -60.7828 11.06 -25.99
181467 -53.8119 11.06 -25.99
182264 -58.5785 11.06 -25.99
185748 -57.6036 11.06 -25.99
174459 -69.9383 11.06 -25.99
176914 -63.8334 11.06 -25.99
178882 -66.0224 11.06 -25.99
184535 -59.6062 11.06 -25.99
157488 -61.1432 -23.8 7.48
148204 -57.7612 -23.8 7.48
155750 -62.7872 -23.8 7.48
162632 -51.3782 -23.8 7.48
159064 -63.6829 -23.8 7.48
163819 -65.2152 -23.8 7.48
157091 -62.8073 -23.8 7.48
160304 -59.445 -23.8 7.48
155559 -61.4808 -23.8 7.48
153282 -62.6057 -23.8 7.48
161061 -61.6075 -23.8 7.48
157368 -59.4622 -23.8 7.48
140526 -71.6947 -23.8 7.48
142122 -65.1648 -23.8 7.48
157627 -57.9318 -23.8 7.48
135431 -75.3095 -23.8 7.48
160634 -69.1771 -23.8 7.48
156560 -59.1603 -23.8 7.48
154384 -64.1893 -23.8 7.48
156377 -62.1405 -23.8 7.48
154321 -59.9831 -23.8 7.48
160067 -60.7413 -23.8 7.48
159464 -59.1055 -23.8 7.48
150600 -59.9729 -23.8 7.48
158583 -61.4417 -23.8 7.48
159965 -64.3074 -23.8 7.48
160068 -64.7797 -23.8 7.48
162144 -60.998 -23.8 7.48
155905 -58.6512 -23.8 7.48
161427 -68.2961 -23.8 7.48
158923 -62.9191 -23.8 7.48
156444 -61.7111 -23.8 7.48
161909 -61.0487 -23.8 7.48
162868 -57.2114 -23.8 7.48
163016 -57.0544 -23.8 7.48
157613 -59.3896 -23.8 7.48
160034 -62.2223 -23.8 7.48
157324 -61.0067 -23.8 7.48
158894 -53.4484 -23.8 7.48
105104 -54.9404 14.73 7.79
104936 -55.7068 14.73 7.79
102442 -59.8703 14.73 7.79
110513 -52.2231 14.73 7.79
104238 -58.344 14.73 7.79
100169 -55.8754 14.73 7.79
102219 -58.8861 14.73 7.79
102355 -57.288 14.73 7.79
105122 -57.6955 14.73 7.79
108912 -54.7625 14.73 7.79
106752 -54.5918 14.73 7.79
100795 -53.9167 14.73 7.79
109983 -52.8523 14.73 7.79
98298 -52.9559 14.73 7.79
101939 -55.9018 14.73 7.79
113867 -61.2857 14.73 7.79
107152 -51.3937 14.73 7.79
103729 -55.4985 14.73 7.79
101943 -59.9929 14.73 7.79
98720 -55.7928 14.73 7.79
90764 -65.2975 14.73 7.79
111526 -57.0141 14.73 7.79
108361 -57.6352 14.73 7.79
106865 -60.6733 14.73 7.79
105291 -61.4685 14.73 7.79
103495 -55.717 14.73 7.79
80891 -70.8912 14.73 7.79
103757 -55.4993 14.73 7.79
108520 -54.3295 14.73 7.79
101903 -63.9038 14.73 7.79
110728 -58.4141 14.73 7.79
106330 -60.4358 14.73 7.79
103681 -58.5245 14.73 7.79
109267 -63.384 14.73 7.79
107626 -59.9062 14.73 7.79
105223 -62.4727 14.73 7.79
106903 -53.812 14.73 7.79
101697 -60.229 14.73 7.79
99409 -56.046 14.73 7.79
156715 -65.3353 -13.08 -22.27
164125 -57.787 -13.08 -22.27
172986 -56.5794 -13.08 -22.27
164868 -64.2978 -13.08 -22.27
170800 -64.1624 -13.08 -22.27
167477 -59.2821 -13.08 -22.27
164062 -60.4404 -13.08 -22.27
170403 -58.1239 -13.08 -22.27
161608 -74.0823 -13.08 -22.27
165956 -58.4285 -13.08 -22.27
169129 -62.6797 -13.08 -22.27
171672 -57.3905 -13.08 -22.27
160140 -64.6205 -13.08 -22.27
173046 -65.4381 -13.08 -22.27
162391 -57.3698 -13.08 -22.27
168339 -61.4286 -13.08 -22.27
173989 -64.1121 -13.08 -22.27
166723 -59.5178 -13.08 -22.27
163033 -66.0127 -13.08 -22.27
171731 -59.2732 -13.08 -22.27
162219 -70.6456 -13.08 -22.27
168515 -65.2731 -13.08 -22.27
165024 -63.7248 -13.08 -22.27
168317 -66.7221 -13.08 -22.27
167973 -66.3346 -13.08 -22.27
167549 -63.3294 -13.08 -22.27
164537 -61.2603 -13.08 -22.27
170585 -61.7832 -13.08 -22.27
171781 -55.5855 -13.08 -22.27
165317 -57.049 -13.08 -22.27
163801 -63.4054 -13.08 -22.27
164556 -64.4127 -13.08 -22.27
170763 -67.1664 -13.08 -22.27
137358 -77.3772 -13.08 -22.27
166431 -56.5588 -13.08 -22.27
170155 -58.2949 -13.08 -22.27
162230 -64.4674 -13.08 -22.27
166669 -62.3747 -13.08 -22.27
159947 -57.0639 -13.08 -22.27
119099 -62.6102 15.21 -11.65
122179 -54.7888 15.21 -11.65
115818 -61.6846 15.21 -11.65
119907 -61.5967 15.21 -11.65
122972 -55.4641 15.21 -11.65
124594 -57.8428 15.21 -11.65
30973 -78.5513 15.21 -11.65
120957 -62.7483 15.21 -11.65
119697 -57.9326 15.21 -11.65
124402 -63.4048 15.21 -11.65
116040 -55.4979 15.21 -11.65
112390 -57.6675 15.21 -11.65
113598 -57.5485 15.21 -11.65
122951 -52.5719 15.21 -11.65
123262 -56.8897 15.21 -11.65
117444 -59.4267 15.21 -11.65
120205 -58.3541 15.21 -11.65
120645 -59.6969 15.21 -11.65
113194 -66.9099 15.21 -11.65
122568 -58.0885 15.21 -11.65
117639 -56.9742 15.21 -11.65
106193 -66.4334 15.21 -11.65
117525 -56.2557 15.21 -11.65
119821 -53.1952 15.21 -11.65
131715 -61.2129 15.21 -11.65
122871 -59.2813 15.21 -11.65
121203 -52.2887 15.21 -11.65
123281 -53.7047 15.21 -11.65
119547 -52.8043 15.21 -11.65
121144 -54.9839 15.21 -11.65
113938 -58.8738 15.21 -11.65
117611 -60.6613 15.21 -11.65
117022 -53.0134 15.21 -11.65
122659 -60.1776 15.21 -11.65
116176 -59.9312 15.21 -11.65
125037 -55.5704 15.21 -11.65
119699 -58.7331 15.21 -11.65
125816 -55.4547 15.21 -11.65
119242 -61.848 15.21 -11.65
