#rtt sig_str x y
163002 -60.7414 -6.91 23.82
159980 -61.792 -6.91 23.82
158809 -56.3244 -6.91 23.82
163315 -55.8395 -6.91 23.82
154646 -59.9994 -6.91 23.82
157379 -57.0051 -6.91 23.82
163225 -60.6951 -6.91 23.82
158854 -60.044 -6.91 23.82
156680 -62.1577 -6.91 23.82
157579 -62.1077 -6.91 23.82
159169 -60.2221 -6.91 23.82
161322 -58.3801 -6.91 23.82
161352 -59.5481 -6.91 23.82
164931 -62.4301 -6.91 23.82
159785 -67.5098 -6.91 23.82
155668 -60.6824 -6.91 23.82
161956 -64.9425 -6.91 23.82
162389 -64.4431 -6.91 23.82
160351 -57.9742 -6.91 23.82
158917 -56.9989 -6.91 23.82
159833 -59.2422 -6.91 23.82
140613 -75.0846 -6.91 23.82
158241 -63.3777 -6.91 23.82
152037 -67.6382 -6.91 23.82
160869 -62.163 -6.91 23.82
158365 -61.516 -6.91 23.82
160998 -58.6134 -6.91 23.82
167139 -58.4593 -6.91 23.82
156055 -55.8547 -6.91 23.82
158733 -53.0425 -6.91 23.82
154213 -61.4077 -6.91 23.82
158787 -58.9801 -6.91 23.82
137546 -73.1709 -6.91 23.82
152927 -59.8455 -6.91 23.82
166425 -55.4641 -6.91 23.82
111074 -78.7922 -6.91 23.82
163393 -59.5587 -6.91 23.82
163504 -58.0101 -6.91 23.82
157459 -63.4649 -6.91 23.82
215854 -60.6105 21.59 24.79
212524 -58.9173 21.59 24.79
223576 -62.9912 21.59 24.79
218988 -60.9964 21.59 24.79
216595 -56.5668 21.59 24.79
215631 -61.1948 21.59 24.79
221076 -61.7578 21.59 24.79
228749 -68.8084 21.59 24.79
219684 -64.4045 21.59 24.79
226036 -61.773 21.59 24.79
213302 -61.0422 21.59 24.79
217950 -64.3297 21.59 24.79
212163 -69.8446 21.59 24.79
215421 -63.9555 21.59 24.79
217541 -63.1996 21.59 24.79
219955 -60.331 21.59 24.79
214258 -61.5887 21.59 24.79
218401 -62.7456 21.59 24.79
217991 -58.9302 21.59 24.79
212319 -61.7468 21.59 24.79
215696 -58.249 21.59 24.79
223385 -67.1591 21.59 24.79
219374 -63.5468 21.59 24.79
218629 -61.6054 21.59 24.79
219255 -62.4011 21.59 24.79
221442 -63.8791 21.59 24.79
225423 -57.9608 21.59 24.79
226761 -64.7936 21.59 24.79
221207 -58.8386 21.59 24.79
214896 -61.6801 21.59 24.79
222571 -61.2512 21.59 24.79
217621 -62.6214 21.59 24.79
220090 -59.9956 21.59 24.79
226505 -67.0056 21.59 24.79
215088 -61.4769 21.59 24.79
228971 -65.2151 21.59 24.79
213409 -64.4205 21.59 24.79
212888 -61.9901 21.59 24.79
225585 -60.7344 21.59 24.79
240993 -65.4527 26.66 23.79
235508 -58.8373 26.66 23.79
243778 -58.742 26.66 23.79
211276 -77.675 26.66 23.79
242739 -61.8133 26.66 23.79
243557 -59.8933 26.66 23.79
239254 -58.1195 26.66 23.79
239824 -64.9842 26.66 23.79
241490 -64.1355 26.66 23.79
242176 -61.1658 26.66 23.79
242351 -63.7332 26.66 23.79
240540 -70.9343 26.66 23.79
234807 -61.2882 26.66 23.79
247910 -78.1185 26.66 23.79
237209 -67.0079 26.66 23.79
238093 -67.6081 26.66 23.79
239117 -61.3193 26.66 23.79
238127 -68.5552 26.66 23.79
238175 -65.6352 26.66 23.79
239571 -63.7876 26.66 23.79
236828 -61.2317 26.66 23.79
229183 -70.1876 26.66 23.79
243049 -61.3251 26.66 23.79
243185 -62.176 26.66 23.79
230570 -60.9768 26.66 23.79
241212 -64.8767 26.66 23.79
241359 -58.9438 26.66 23.79
240128 -61.0571 26.66 23.79
240511 -67.2368 26.66 23.79
239282 -74.2184 26.66 23.79
234320 -66.065 26.66 23.79
234499 -68.4117 26.66 23.79
243039 -58.8873 26.66 23.79
230755 -65.3889 26.66 23.79
245055 -61.9779 26.66 23.79
241921 -65.8554 26.66 23.79
240913 -69.5276 26.66 23.79
238648 -58.7718 26.66 23.79
234941 -61.0899 26.66 23.79
98596 -54.0736 12.17 -5.86
92873 -53.8102 12.17 -5.86
98669 -57.6956 12.17 -5.86
96205 -55.2213 12.17 -5.86
90176 -52.8467 12.17 -5.86
93256 -63.0757 12.17 -5.86
91504 -60.5199 12.17 -5.86
97881 -57.6034 12.17 -5.86
100856 -51.5247 12.17 -5.86
95889 -58.2158 12.17 -5.86
105596 -59.4438 12.17 -5.86
98954 -52.497 12.17 -5.86
100994 -56.7449 12.17 -5.86
98348 -53.2231 12.17 -5.86
99543 -61.4315 12.17 -5.86
96208 -55.7969 12.17 -5.86
93592 -50.2473 12.17 -5.86
104691 -52.8575 12.17 -5.86
92073 -59.3308 12.17 -5.86
100371 -53.4028 12.17 -5.86
98861 -56.4908 12.17 -5.86
98734 -56.8702 12.17 -5.86
99314 -55.9501 12.17 -5.86
98294 -55.967 12.17 -5.86
96969 -59.6761 12.17 -5.86
108508 -55.2734 12.17 -5.86
95797 -55.0095 12.17 -5.86
105523 -61.6523 12.17 -5.86
90954 -66.0618 12.17 -5.86
89455 -56.4054 12.17 -5.86
100890 -60.2385 12.17 -5.86
93095 -59.2639 12.17 -5.86
95109 -59.3301 12.17 -5.86
97390 -56.0488 12.17 -5.86
93203 -55.2263 12.17 -5.86
97351 -55.9678 12.17 -5.86
99517 -55.2032 12.17 -5.86
96979 -61.6988 12.17 -5.86
90356 -70.6838 12.17 -5.86
157646 -73.641 8.02 24.34
170795 -58.6903 8.02 24.34
171913 -59.6168 8.02 24.34
159519 -58.7701 8.02 24.34
167764 -62.7876 8.02 24.34
175411 -51.8609 8.02 24.34
170461 -63.9734 8.02 24.34
163234 -61.6201 8.02 24.34
164845 -61.907 8.02 24.34
175383 -58.1534 8.02 24.34
162175 -61.0147 8.02 24.34
170694 -57.4263 8.02 24.34
163213 -58.718 8.02 24.34
173990 -59.4821 8.02 24.34
181368 -65.7918 8.02 24.34
167347 -59.4251 8.02 24.34
170898 -57.7163 8.02 24.34
169414 -62.0584 8.02 24.34
166487 -55.1055 8.02 24.34
176782 -57.675 8.02 24.34
169093 -61.4859 8.02 24.34
169792 -61.0751 8.02 24.34
172907 -57.8038 8.02 24.34
183782 -65.4008 8.02 24.34
174295 -57.7352 8.02 24.34
177581 -57.724 8.02 24.34
172050 -60.5283 8.02 24.34
171283 -65.8725 8.02 24.34
170353 -59.7772 8.02 24.34
175967 -57.6714 8.02 24.34
172299 -56.8106 8.02 24.34
174714 -59.2473 8.02 24.34
163112 -62.5155 8.02 24.34
169018 -55.8039 8.02 24.34
166944 -61.2466 8.02 24.34
175557 -55.3014 8.02 24.34
166820 -59.2577 8.02 24.34
171610 -58.4771 8.02 24.34
172359 -56.6682 8.02 24.34
48262 -47.7513 6.36 1.48
47708 -49.6126 6.36 1.48
38867 -54.6782 6.36 1.48
38208 -53.1701 6.36 1.48
45031 -55.7133 6.36 1.48
44995 -51.7721 6.36 1.48
43130 -47.1424 6.36 1.48
42214 -51.4136 6.36 1.48
52442 -48.1749 6.36 1.48
43257 -46.1492 6.36 1.48
44574 -54.6213 6.36 1.48
41107 -52.147 6.36 1.48
50801 -51.157 6.36 1.48
45617 -49.9837 6.36 1.48
40517 -51.1351 6.36 1.48
46038 -46.8456 6.36 1.48
48536 -53.2637 6.36 1.48
37953 -47.2765 6.36 1.48
45096 -56.3678 6.36 1.48
47242 -49.7462 6.36 1.48
46595 -47.7357 6.36 1.48
44004 -54.8443 6.36 1.48
46891 -44.9943 6.36 1.48
50028 -47.5766 6.36 1.48
43693 -50.4761 6.36 1.48
47882 -43.3181 6.36 1.48
45063 -47.4991 6.36 1.48
43044 -47.2417 6.36 1.48
43100 -55.6792 6.36 1.48
50744 -42.7717 6.36 1.48
47432 -44.986 6.36 1.48
38913 -55.0919 6.36 1.48
41879 -51.754 6.36 1.48
47408 -44.2529 6.36 1.48
46373 -48.7122 6.36 1.48
43530 -54.5335 6.36 1.48
43773 -49.8847 6.36 1.48
46414 -55.6175 6.36 1.48
44624 -47.7667 6.36 1.48
179675 -57.9488 -18 -20.38
178174 -69.1834 -18 -20.38
171690 -67.0668 -18 -20.38
180991 -53.2194 -18 -20.38
183968 -68.2718 -18 -20.38
177118 -59.3033 -18 -20.38
182010 -58.4868 -18 -20.38
173653 -61.8812 -18 -20.38
179366 -61.6415 -18 -20.38
179399 -65.2503 -18 -20.38
176589 -62.1006 -18 -20.38
181308 -69.6843 -18 -20.38
174881 -63.6831 -18 -20.38
176314 -60.1412 -18 -20.38
180167 -56.4849 -18 -20.38
184284 -63.7726 -18 -20.38
183389 -53.6416 -18 -20.38
179241 -67.461 -18 -20.38
177528 -61.7881 -18 -20.38
186057 -63.5801 -18 -20.38
181933 -66.1304 -18 -20.38
180137 -60.9224 -18 -20.38
182750 -62.9198 -18 -20.38
178367 -57.3017 -18 -20.38
177972 -60.4752 -18 -20.38
180976 -59.1831 -18 -20.38
170819 -58.3423 -18 -20.38
176768 -56.8776 -18 -20.38
180739 -61.9156 -18 -20.38
182289 -62.3215 -18 -20.38
178323 -68.7074 -18 -20.38
180629 -65.1462 -18 -20.38
173315 -68.0192 -18 -20.38
182573 -61.9696 -18 -20.38
175707 -60.5417 -18 -20.38
178559 -59.9818 -18 -20.38
177068 -54.7703 -18 -20.38
178381 -64.902 -18 -20.38
181623 -60.6008 -18 -20.38
154677 -58.1964 -6.76 -21.76
155634 -55.6829 -6.76 -21.76
152496 -64.6206 -6.76 -21.76
150090 -63.1861 -6.76 -21.76
142976 -65.0765 -6.76 -21.76
149642 -60.0602 -6.76 -21.76
144652 -66.428 -6.76 -21.76
148158 -61.2749 -6.76 -21.76
146343 -54.2582 -6.76 -21.76
155612 -64.5787 -6.76 -21.76
147870 -61.4964 -6.76 -21.76
149770 -59.9369 -6.76 -21.76
150894 -56.2767 -6.76 -21.76
149133 -56.9086 -6.76 -21.76
152551 -58.9047 -6.76 -21.76
154623 -58.4871 -6.76 -21.76
151272 -57.2971 -6.76 -21.76
147993 -59.1069 -6.76 -21.76
146871 -58.5055 -6.76 -21.76
155259 -58.7556 -6.76 -21.76
149143 -59.4495 -6.76 -21.76
145342 -56.1426 -6.76 -21.76
147355 -64.5785 -6.76 -21.76
153847 -56.1199 -6.76 -21.76
149803 -58.566 -6.76 -21.76
148135 -55.1376 -6.76 -21.76
147356 -55.3906 -6.76 -21.76
149184 -65.5807 -6.76 -21.76
141029 -65.9547 -6.76 -21.76
141640 -58.9034 -6.76 -21.76
154741 -59.5991 -6.76 -21.76
146910 -56.5309 -6.76 -21.76
148196 -58.9349 -6.76 -21.76
142772 -62.7794 -6.76 -21.76
152960 -59.5012 -6.76 -21.76
153421 -54.1092 -6.76 -21.76
154161 -56.418 -6.76 -21.76
154635 -58.3767 -6.76 -21.76
146458 -53.8645 -6.76 -21.76
171054 -59.7769 -14.46 19.74
158329 -57.5048 -14.46 19.74
164384 -62.7259 -14.46 19.74
168746 -57.5096 -14.46 19.74
165200 -60.4765 -14.46 19.74
167030 -59.9222 -14.46 19.74
163801 -62.634 -14.46 19.74
167698 -57.2572 -14.46 19.74
157597 -62.1343 -14.46 19.74
163356 -56.2001 -14.46 19.74
106080 -75.2469 -14.46 19.74
168153 -57.7621 -14.46 19.74
172628 -65.5269 -14.46 19.74
165118 -58.0208 -14.46 19.74
165966 -61.5837 -14.46 19.74
159600 -63.0871 -14.46 19.74
162650 -58.039 -14.46 19.74
163838 -54.5346 -14.46 19.74
166937 -64.0501 -14.46 19.74
157228 -57.4097 -14.46 19.74
161147 -64.8137 -14.46 19.74
162225 -56.8956 -14.46 19.74
170376 -56.3368 -14.46 19.74
170259 -54.8335 -14.46 19.74
155108 -64.5327 -14.46 19.74
165712 -59.3548 -14.46 19.74
171972 -58.515 -14.46 19.74
163936 -58.7738 -14.46 19.74
171150 -57.1629 -14.46 19.74
165200 -62.6049 -14.46 19.74
166172 -63.7136 -14.46 19.74
170664 -58.8597 -14.46 19.74
162374 -61.2998 -14.46 19.74
165230 -57.1659 -14.46 19.74
163310 -58.2356 -14.46 19.74
168331 -57.2785 -14.46 19.74
167358 -55.7284 -14.46 19.74
163115 -55.8755 -14.46 19.74
159478 -59.6814 -14.46 19.74
215889 -64.371 -25.53 18.27
218300 -60.9225 -25.53 18.27
214676 -61.075 -25.53 18.27
220550 -59.6061 -25.53 18.27
214374 -63.2366 -25.53 18.27
222969 -58.76 -25.53 18.27
216213 -54.9596 -25.53 18.27
214014 -58.837 -25.53 18.27
209556 -59.7196 -25.53 18.27
216861 -59.7206 -25.53 18.27
218339 -70.7872 -25.53 18.27
210570 -61.6696 -25.53 18.27
222489 -60.5526 -25.53 18.27
215164 -61.4689 -25.53 18.27
213079 -57.8947 -25.53 18.27
209968 -61.4649 -25.53 18.27
216040 -62.4176 -25.53 18.27
217581 -64.4602 -25.53 18.27
213707 -56.2598 -25.53 18.27
214296 -65.7973 -25.53 18.27
214831 -63.4149 -25.53 18.27
201277 -66.8567 -25.53 18.27
207391 -58.924 -25.53 18.27
215084 -64.8992 -25.53 18.27
218441 -60.5974 -25.53 18.27
211803 -61.5408 -25.53 18.27
213803 -61.6088 -25.53 18.27
215341 -64.047 -25.53 18.27
210688 -65.2872 -25.53 18.27
218095 -72.2272 -25.53 18.27
214064 -59.8126 -25.53 18.27
218266 -61.2188 -25.53 18.27
208901 -69.2951 -25.53 18.27
217361 -57.7739 -25.53 18.27
222741 -58.1604 -25.53 18.27
213698 -67.0694 -25.53 18.27
204251 -67.7567 -25.53 18.27
212816 -61.8561 -25.53 18.27
217945 -57.9476 -25.53 18.27
