#rtt sig_str x y
189014 -62.2542 2.81 -29.66
196260 -63.3049 2.81 -29.66
185000 -57.8373 2.81 -29.66
198283 -57.3524 2.81 -29.66
192107 -61.5123 2.81 -29.66
193785 -58.5179 2.81 -29.66
194725 -62.208 2.81 -29.66
184896 -61.5569 2.81 -29.66
199051 -63.6705 2.81 -29.66
189417 -63.6206 2.81 -29.66
195630 -61.735 2.81 -29.66
186450 -59.8929 2.81 -29.66
190926 -61.061 2.81 -29.66
198652 -63.9429 2.81 -29.66
189264 -69.0226 2.81 -29.66
190750 -62.1952 2.81 -29.66
196000 -66.4554 2.81 -29.66
188407 -65.956 2.81 -29.66
193566 -59.4871 2.81 -29.66
197556 -58.5118 2.81 -29.66
197925 -60.7551 2.81 -29.66
182163 -76.5975 2.81 -29.66
194892 -64.8905 2.81 -29.66
194002 -69.1511 2.81 -29.66
189582 -63.6758 2.81 -29.66
197719 -63.0289 2.81 -29.66
191185 -60.1262 2.81 -29.66
189506 -59.9721 2.81 -29.66
189453 -57.3675 2.81 -29.66
190428 -54.5553 2.81 -29.66
177750 -62.9205 2.81 -29.66
193096 -60.493 2.81 -29.66
199764 -74.6837 2.81 -29.66
196820 -61.3584 2.81 -29.66
196873 -56.977 2.81 -29.66
151951 -80.3051 2.81 -29.66
189478 -61.0715 2.81 -29.66
194861 -59.523 2.81 -29.66
208402 -64.9778 2.81 -29.66
185235 -58.6113 17.88 18.6
176622 -56.9181 17.88 18.6
175751 -60.9919 17.88 18.6
178202 -58.9972 17.88 18.6
184273 -54.5675 17.88 18.6
186935 -59.1956 17.88 18.6
181126 -59.7586 17.88 18.6
156792 -66.8092 17.88 18.6
181252 -62.4052 17.88 18.6
181562 -59.7737 17.88 18.6
179522 -59.0429 17.88 18.6
179557 -62.3305 17.88 18.6
172196 -67.8454 17.88 18.6
170188 -61.9563 17.88 18.6
181420 -61.2004 17.88 18.6
179880 -58.3318 17.88 18.6
175890 -59.5894 17.88 18.6
182380 -60.7463 17.88 18.6
181554 -56.9309 17.88 18.6
179063 -59.7475 17.88 18.6
179285 -56.2497 17.88 18.6
179251 -65.1599 17.88 18.6
176437 -61.5476 17.88 18.6
169559 -59.6062 17.88 18.6
169161 -60.4019 17.88 18.6
184982 -61.8799 17.88 18.6
178074 -55.9616 17.88 18.6
183792 -62.7943 17.88 18.6
178514 -56.8393 17.88 18.6
184021 -59.6809 17.88 18.6
185357 -59.252 17.88 18.6
175033 -60.6222 17.88 18.6
179524 -57.9964 17.88 18.6
173708 -65.0064 17.88 18.6
183030 -59.4776 17.88 18.6
170219 -63.2159 17.88 18.6
188254 -62.4213 17.88 18.6
179901 -59.9908 17.88 18.6
182191 -58.7352 17.88 18.6
132831 -60.9975 19.23 -7.99
135368 -54.382 19.23 -7.99
140850 -54.2868 19.23 -7.99
141703 -73.2197 19.23 -7.99
131693 -78.6539 19.23 -7.99
138189 -57.2255 19.23 -7.99
134891 -63.3029 19.23 -7.99
143584 -58.9408 19.23 -7.99
133994 -64.7188 19.23 -7.99
143742 -56.8538 19.23 -7.99
135277 -60.3915 19.23 -7.99
131665 -57.0372 19.23 -7.99
131699 -56.5146 19.23 -7.99
139534 -59.2232 19.23 -7.99
130563 -64.1568 19.23 -7.99
137211 -64.5806 19.23 -7.99
131282 -62.7627 19.23 -7.99
131183 -56.6546 19.23 -7.99
136337 -63.1028 19.23 -7.99
124932 -51.6438 19.23 -7.99
129948 -59.6387 19.23 -7.99
141855 -61.6856 19.23 -7.99
137414 -54.9403 19.23 -7.99
133765 -61.1937 19.23 -7.99
133235 -59.2068 19.23 -7.99
123802 -68.3031 19.23 -7.99
134934 -53.5363 19.23 -7.99
137297 -55.5085 19.23 -7.99
123805 -62.4661 19.23 -7.99
136845 -60.5845 19.23 -7.99
137341 -52.8625 19.23 -7.99
143597 -66.6354 19.23 -7.99
130447 -63.4176 19.23 -7.99
137091 -62.5137 19.23 -7.99
134056 -57.5846 19.23 -7.99
129811 -60.3301 19.23 -7.99
134314 -57.8817 19.23 -7.99
130914 -57.8299 19.23 -7.99
130559 -65.732 19.23 -7.99
197657 -60.8443 -22.68 19.72
200620 -64.6777 -22.68 19.72
205064 -63.4935 -22.68 19.72
195055 -63.3924 -22.68 19.72
198880 -58.4087 -22.68 19.72
203174 -64.3891 -22.68 19.72
201002 -61.9563 -22.68 19.72
195221 -64.7601 -22.68 19.72
196986 -61.5353 -22.68 19.72
200237 -62.3091 -22.68 19.72
200882 -59.1763 -22.68 19.72
199956 -61.2599 -22.68 19.72
201143 -62.9484 -22.68 19.72
212682 -66.061 -22.68 19.72
200843 -59.7339 -22.68 19.72
198927 -66.3091 -22.68 19.72
194665 -69.0496 -22.68 19.72
202980 -62.3159 -22.68 19.72
200031 -63.3477 -22.68 19.72
186161 -74.3303 -22.68 19.72
189335 -75.7872 -22.68 19.72
186290 -62.9205 -22.68 19.72
200564 -63.7312 -22.68 19.72
198469 -65.911 -22.68 19.72
193573 -58.8135 -22.68 19.72
207103 -61.91 -22.68 19.72
203674 -63.4632 -22.68 19.72
196727 -66.3797 -22.68 19.72
198622 -60.9483 -22.68 19.72
208440 -60.4436 -22.68 19.72
197578 -61.3879 -22.68 19.72
200659 -63.6173 -22.68 19.72
201901 -62.7623 -22.68 19.72
202681 -61.0424 -22.68 19.72
201119 -64.3123 -22.68 19.72
196701 -66.9972 -22.68 19.72
200739 -66.5797 -22.68 19.72
197064 -58.0023 -22.68 19.72
204582 -62.6084 -22.68 19.72
50786 -50.294 6.12 6.18
48495 -48.2167 6.12 6.18
58717 -50.0446 6.12 6.18
48974 -49.4045 6.12 6.18
55560 -48.0367 6.12 6.18
55586 -45.5588 6.12 6.18
53490 -56.6699 6.12 6.18
54524 -59.4216 6.12 6.18
47470 -51.8778 6.12 6.18
54170 -51.1274 6.12 6.18
49536 -51.3096 6.12 6.18
56278 -45.7384 6.12 6.18
53919 -51.279 6.12 6.18
54736 -48.1698 6.12 6.18
53562 -46.5567 6.12 6.18
53932 -52.2395 6.12 6.18
51585 -48.3609 6.12 6.18
54255 -51.9459 6.12 6.18
49799 -49.4185 6.12 6.18
52942 -59.8926 6.12 6.18
53137 -45.8414 6.12 6.18
51995 -48.9445 6.12 6.18
49553 -47.2934 6.12 6.18
46621 -47.8772 6.12 6.18
50523 -52.1549 6.12 6.18
48669 -62.147 6.12 6.18
40367 -60.1368 6.12 6.18
55350 -51.1788 6.12 6.18
48082 -52.0609 6.12 6.18
48853 -48.3853 6.12 6.18
50412 -52.6141 6.12 6.18
52290 -53.2207 6.12 6.18
51839 -49.5358 6.12 6.18
49630 -51.3352 6.12 6.18
50728 -50.634 6.12 6.18
49542 -50.9613 6.12 6.18
51806 -47.0052 6.12 6.18
51130 -46.158 6.12 6.18
56273 -59.962 6.12 6.18
38483 -43.0333 1.53 -5.4
36735 -43.9724 1.53 -5.4
32955 -52.9532 1.53 -5.4
35067 -48.8986 1.53 -5.4
41480 -48.8505 1.53 -5.4
43209 -44.7155 1.53 -5.4
40365 -46.7322 1.53 -5.4
35767 -46.0414 1.53 -5.4
34867 -46.374 1.53 -5.4
34336 -47.3514 1.53 -5.4
34009 -50.8894 1.53 -5.4
41911 -50.3854 1.53 -5.4
40685 -43.2534 1.53 -5.4
36587 -49.0777 1.53 -5.4
37191 -45.8928 1.53 -5.4
34751 -51.7377 1.53 -5.4
36806 -46.6321 1.53 -5.4
37059 -44.9646 1.53 -5.4
33088 -51.9546 1.53 -5.4
34725 -48.2965 1.53 -5.4
34603 -46.1304 1.53 -5.4
39776 -46.8286 1.53 -5.4
32658 -48.242 1.53 -5.4
37272 -47.9127 1.53 -5.4
38052 -53.7478 1.53 -5.4
40220 -43.5137 1.53 -5.4
33006 -51.6215 1.53 -5.4
39458 -49.1908 1.53 -5.4
37658 -51.1715 1.53 -5.4
34470 -50.8516 1.53 -5.4
40451 -42.9579 1.53 -5.4
37016 -47.4488 1.53 -5.4
38460 -40.478 1.53 -5.4
41666 -45.2445 1.53 -5.4
41541 -44.2697 1.53 -5.4
38984 -56.6044 1.53 -5.4
34999 -50.4994 1.53 -5.4
39392 -52.6885 1.53 -5.4
37989 -46.2722 1.53 -5.4
106824 -57.7186 -2.17 -16.33
109425 -54.3366 -2.17 -16.33
105279 -59.3625 -2.17 -16.33
109484 -47.9536 -2.17 -16.33
110201 -60.2583 -2.17 -16.33
109765 -61.7905 -2.17 -16.33
106033 -59.3826 -2.17 -16.33
106730 -56.0203 -2.17 -16.33
112453 -58.0562 -2.17 -16.33
102235 -59.1811 -2.17 -16.33
109153 -58.1828 -2.17 -16.33
110258 -56.0376 -2.17 -16.33
108030 -68.27 -2.17 -16.33
110321 -61.7402 -2.17 -16.33
113013 -54.5072 -2.17 -16.33
78086 -71.8848 -2.17 -16.33
108970 -65.7524 -2.17 -16.33
116886 -55.7356 -2.17 -16.33
114639 -60.7646 -2.17 -16.33
112082 -58.7159 -2.17 -16.33
104409 -56.5584 -2.17 -16.33
107675 -57.3166 -2.17 -16.33
109823 -55.6808 -2.17 -16.33
108867 -56.5482 -2.17 -16.33
105404 -58.0171 -2.17 -16.33
111603 -60.8827 -2.17 -16.33
101931 -61.3551 -2.17 -16.33
110861 -57.5733 -2.17 -16.33
104899 -55.2265 -2.17 -16.33
115574 -64.8714 -2.17 -16.33
108032 -59.4945 -2.17 -16.33
107647 -58.2865 -2.17 -16.33
110570 -57.624 -2.17 -16.33
102392 -53.7867 -2.17 -16.33
114842 -53.6297 -2.17 -16.33
115252 -55.965 -2.17 -16.33
110050 -58.7977 -2.17 -16.33
111621 -57.5821 -2.17 -16.33
111975 -50.0238 -2.17 -16.33
79646 -51.9846 -1.71 11.52
78873 -52.751 -1.71 11.52
77910 -56.9144 -1.71 11.52
83103 -49.2673 -1.71 11.52
75204 -55.3882 -1.71 11.52
73120 -52.9196 -1.71 11.52
81551 -55.9303 -1.71 11.52
70234 -54.3322 -1.71 11.52
78244 -54.7397 -1.71 11.52
76064 -51.8067 -1.71 11.52
77169 -51.636 -1.71 11.52
72797 -50.9609 -1.71 11.52
69030 -49.8964 -1.71 11.52
69116 -50.0001 -1.71 11.52
75316 -52.946 -1.71 11.52
75370 -58.3299 -1.71 11.52
84362 -48.4379 -1.71 11.52
77165 -52.5427 -1.71 11.52
77274 -57.0371 -1.71 11.52
80084 -52.837 -1.71 11.52
70472 -62.3417 -1.71 11.52
77695 -54.0583 -1.71 11.52
73431 -54.6794 -1.71 11.52
79860 -57.7175 -1.71 11.52
69500 -58.5127 -1.71 11.52
78470 -52.7612 -1.71 11.52
81620 -67.9354 -1.71 11.52
73465 -52.5435 -1.71 11.52
72592 -51.3737 -1.71 11.52
77254 -60.948 -1.71 11.52
75514 -55.4583 -1.71 11.52
72349 -57.4799 -1.71 11.52
83863 -55.5687 -1.71 11.52
76212 -60.4282 -1.71 11.52
74056 -56.9504 -1.71 11.52
79193 -59.5169 -1.71 11.52
74663 -50.8561 -1.71 11.52
78767 -57.2732 -1.71 11.52
74574 -53.0901 -1.71 11.52
106188 -61.9438 7.96 -15.16
110421 -54.3954 7.96 -15.16
119350 -53.1879 7.96 -15.16
113216 -60.9062 7.96 -15.16
111536 -60.7708 7.96 -15.16
118379 -55.8906 7.96 -15.16
107944 -57.0488 7.96 -15.16
109193 -54.7324 7.96 -15.16
117192 -70.6908 7.96 -15.16
110188 -55.037 7.96 -15.16
111234 -59.2881 7.96 -15.16
112525 -53.9989 7.96 -15.16
112117 -61.229 7.96 -15.16
119560 -62.0465 7.96 -15.16
116469 -53.9782 7.96 -15.16
106243 -58.037 7.96 -15.16
108490 -60.7206 7.96 -15.16
111534 -56.1263 7.96 -15.16
117952 -62.6211 7.96 -15.16
108271 -55.8817 7.96 -15.16
113026 -67.254 7.96 -15.16
108257 -61.8815 7.96 -15.16
111605 -60.3332 7.96 -15.16
115990 -63.3306 7.96 -15.16
109677 -62.9431 7.96 -15.16
105725 -59.9378 7.96 -15.16
107689 -57.8687 7.96 -15.16
120365 -58.3916 7.96 -15.16
111505 -52.194 7.96 -15.16
110077 -53.6574 7.96 -15.16
112344 -60.0138 7.96 -15.16
99646 -61.0212 7.96 -15.16
102023 -63.7749 7.96 -15.16
61769 -73.9857 7.96 -15.16
115806 -53.1673 7.96 -15.16
114910 -54.9033 7.96 -15.16
109609 -61.0758 7.96 -15.16
112526 -58.9831 7.96 -15.16
116809 -53.6723 7.96 -15.16
252549 -67.8728 25.54 25.73
235599 -60.0514 25.54 25.73
245081 -66.9472 25.54 25.73
252325 -66.8593 25.54 25.73
236446 -60.7267 25.54 25.73
239096 -63.1054 25.54 25.73
249715 -59.9476 25.54 25.73
239601 -56.1472 25.54 25.73
237191 -60.0247 25.54 25.73
239144 -60.9072 25.54 25.73
242239 -60.9082 25.54 25.73
234863 -71.9748 25.54 25.73
236460 -62.8573 25.54 25.73
240583 -61.7402 25.54 25.73
240468 -62.6566 25.54 25.73
238697 -59.0823 25.54 25.73
238060 -62.6526 25.54 25.73
246420 -63.6053 25.54 25.73
249203 -65.6478 25.54 25.73
235873 -57.4474 25.54 25.73
228030 -67.1442 25.54 25.73
247145 -64.6025 25.54 25.73
253033 -68.0443 25.54 25.73
241661 -60.1116 25.54 25.73
237571 -66.0868 25.54 25.73
238500 -61.7851 25.54 25.73
234402 -62.7285 25.54 25.73
242784 -62.7964 25.54 25.73
229670 -65.2346 25.54 25.73
238308 -66.4748 25.54 25.73
253980 -73.4148 25.54 25.73
244397 -61.0002 25.54 25.73
251083 -62.4064 25.54 25.73
240679 -70.4827 25.54 25.73
244853 -58.9616 25.54 25.73
243352 -59.348 25.54 25.73
239911 -68.257 25.54 25.73
244319 -68.9444 25.54 25.73
250162 -63.0438 25.54 25.73
