#rtt sig_str x y
68893 -53.4608 -5.54 8.64
78099 -54.5115 -5.54 8.64
75059 -49.0439 -5.54 8.64
76766 -48.559 -5.54 8.64
75332 -52.7188 -5.54 8.64
73899 -49.7245 -5.54 8.64
73927 -53.4145 -5.54 8.64
71121 -52.7634 -5.54 8.64
79527 -54.8771 -5.54 8.64
74890 -54.8271 -5.54 8.64
72529 -52.9415 -5.54 8.64
76626 -51.0995 -5.54 8.64
79020 -52.2675 -5.54 8.64
77158 -55.1495 -5.54 8.64
66735 -60.2292 -5.54 8.64
75772 -53.4018 -5.54 8.64
66580 -57.6619 -5.54 8.64
72767 -57.1626 -5.54 8.64
79447 -50.6937 -5.54 8.64
80046 -49.7184 -5.54 8.64
74639 -51.9616 -5.54 8.64
58818 -67.804 -5.54 8.64
71764 -56.0971 -5.54 8.64
74280 -60.3577 -5.54 8.64
77063 -54.8824 -5.54 8.64
79373 -54.2355 -5.54 8.64
71147 -51.3328 -5.54 8.64
75668 -51.1787 -5.54 8.64
74661 -48.5741 -5.54 8.64
79056 -45.7619 -5.54 8.64
74575 -54.1271 -5.54 8.64
73812 -51.6995 -5.54 8.64
82023 -65.8903 -5.54 8.64
70244 -52.565 -5.54 8.64
77592 -48.1836 -5.54 8.64
78690 -71.5117 -5.54 8.64
77698 -52.2781 -5.54 8.64
75400 -50.7295 -5.54 8.64
75898 -56.1843 -5.54 8.64
240093 -61.222 -26.68 -23.27
230771 -59.5288 -26.68 -23.27
237882 -63.6026 -26.68 -23.27
238371 -61.6079 -26.68 -23.27
235313 -57.1782 -26.68 -23.27
237009 -61.8063 -26.68 -23.27
240295 -62.3693 -26.68 -23.27
238507 -69.4199 -26.68 -23.27
237568 -65.016 -26.68 -23.27
231479 -62.3844 -26.68 -23.27
236240 -61.6537 -26.68 -23.27
227938 -64.9412 -26.68 -23.27
240058 -70.4561 -26.68 -23.27
228823 -64.567 -26.68 -23.27
227832 -63.8111 -26.68 -23.27
239517 -60.9425 -26.68 -23.27
240058 -62.2001 -26.68 -23.27
237263 -63.3571 -26.68 -23.27
237270 -59.5416 -26.68 -23.27
229765 -62.3583 -26.68 -23.27
234586 -58.8604 -26.68 -23.27
242990 -67.7706 -26.68 -23.27
231829 -64.1583 -26.68 -23.27
237248 -62.2169 -26.68 -23.27
241201 -63.0126 -26.68 -23.27
236478 -64.4906 -26.68 -23.27
239883 -58.5723 -26.68 -23.27
237595 -65.405 -26.68 -23.27
235535 -59.45 -26.68 -23.27
241044 -62.2916 -26.68 -23.27
236433 -61.8627 -26.68 -23.27
235492 -63.2329 -26.68 -23.27
229862 -60.6071 -26.68 -23.27
221907 -67.6171 -26.68 -23.27
236697 -62.0883 -26.68 -23.27
234439 -65.8266 -26.68 -23.27
217127 -65.032 -26.68 -23.27
232608 -62.6015 -26.68 -23.27
242491 -61.3459 -26.68 -23.27
154185 -61.162 17.32 12.3
150106 -54.5465 17.32 12.3
152062 -54.4513 17.32 12.3
155755 -73.3843 17.32 12.3
79658 -78.8184 17.32 12.3
157344 -57.39 17.32 12.3
150764 -63.4674 17.32 12.3
151773 -59.1053 17.32 12.3
152896 -64.8833 17.32 12.3
148521 -57.0183 17.32 12.3
155152 -60.556 17.32 12.3
149987 -57.2017 17.32 12.3
156889 -56.6791 17.32 12.3
147559 -59.3877 17.32 12.3
151780 -64.3213 17.32 12.3
163260 -64.7451 17.32 12.3
155736 -62.9272 17.32 12.3
153357 -56.8191 17.32 12.3
151752 -63.2673 17.32 12.3
153184 -51.8083 17.32 12.3
152659 -59.8032 17.32 12.3
142644 -61.8501 17.32 12.3
153641 -55.1048 17.32 12.3
154660 -61.3582 17.32 12.3
154298 -59.3713 17.32 12.3
153990 -68.4676 17.32 12.3
149084 -53.7008 17.32 12.3
154279 -55.673 17.32 12.3
152327 -62.6306 17.32 12.3
158316 -60.749 17.32 12.3
155839 -53.027 17.32 12.3
149559 -66.7999 17.32 12.3
154405 -63.5821 17.32 12.3
158224 -62.6783 17.32 12.3
154461 -57.7491 17.32 12.3
154457 -60.4946 17.32 12.3
152888 -58.0463 17.32 12.3
152341 -57.9944 17.32 12.3
142334 -65.8965 17.32 12.3
163696 -59.2685 -12.76 -21.3
156731 -63.1019 -12.76 -21.3
159980 -61.9177 -12.76 -21.3
153353 -61.8166 -12.76 -21.3
162146 -56.8329 -12.76 -21.3
158414 -62.8133 -12.76 -21.3
160360 -60.3805 -12.76 -21.3
156921 -63.1843 -12.76 -21.3
157194 -59.9595 -12.76 -21.3
154375 -60.7333 -12.76 -21.3
154166 -57.6005 -12.76 -21.3
157128 -59.6841 -12.76 -21.3
160434 -61.3725 -12.76 -21.3
156056 -64.4852 -12.76 -21.3
154939 -58.1581 -12.76 -21.3
161694 -64.7333 -12.76 -21.3
160603 -67.4738 -12.76 -21.3
153995 -60.7401 -12.76 -21.3
167067 -61.7718 -12.76 -21.3
134861 -72.7545 -12.76 -21.3
166563 -74.2114 -12.76 -21.3
152666 -61.3447 -12.76 -21.3
158320 -62.1554 -12.76 -21.3
157627 -64.3352 -12.76 -21.3
151592 -57.2377 -12.76 -21.3
159695 -60.3342 -12.76 -21.3
157928 -61.8873 -12.76 -21.3
153473 -64.8039 -12.76 -21.3
158569 -59.3724 -12.76 -21.3
156492 -58.8678 -12.76 -21.3
159500 -59.8121 -12.76 -21.3
154518 -62.0415 -12.76 -21.3
164158 -61.1865 -12.76 -21.3
163764 -59.4666 -12.76 -21.3
148876 -62.7364 -12.76 -21.3
164922 -65.4214 -12.76 -21.3
162796 -65.0039 -12.76 -21.3
167306 -56.4265 -12.76 -21.3
151223 -61.0326 -12.76 -21.3
36199 -47.1853 -2.98 5.17
36702 -45.108 -2.98 5.17
41123 -46.936 -2.98 5.17
42542 -46.2959 -2.98 5.17
36932 -44.928 -2.98 5.17
42090 -42.4501 -2.98 5.17
31892 -53.5612 -2.98 5.17
33239 -56.313 -2.98 5.17
30642 -48.7692 -2.98 5.17
35503 -48.0187 -2.98 5.17
37923 -48.2009 -2.98 5.17
40790 -42.6297 -2.98 5.17
33494 -48.1704 -2.98 5.17
38980 -45.0611 -2.98 5.17
36883 -43.4481 -2.98 5.17
36889 -49.1308 -2.98 5.17
32740 -45.2522 -2.98 5.17
42115 -48.8372 -2.98 5.17
36907 -46.3098 -2.98 5.17
38450 -56.7839 -2.98 5.17
31273 -42.7328 -2.98 5.17
39113 -45.8358 -2.98 5.17
40206 -44.1847 -2.98 5.17
38620 -44.7685 -2.98 5.17
35406 -49.0462 -2.98 5.17
33301 -59.0383 -2.98 5.17
39370 -57.0281 -2.98 5.17
34692 -48.0702 -2.98 5.17
40504 -48.9523 -2.98 5.17
38353 -45.2766 -2.98 5.17
33898 -49.5054 -2.98 5.17
39696 -50.1121 -2.98 5.17
40242 -46.4271 -2.98 5.17
36817 -48.2265 -2.98 5.17
34629 -47.5254 -2.98 5.17
38175 -47.8526 -2.98 5.17
39503 -43.8965 -2.98 5.17
35466 -43.0494 -2.98 5.17
40284 -56.8534 -2.98 5.17
177213 -55.3321 -11.77 -21.96
179610 -56.2712 -11.77 -21.96
178378 -65.252 -11.77 -21.96
180985 -61.1974 -11.77 -21.96
173736 -61.1493 -11.77 -21.96
178841 -57.0143 -11.77 -21.96
181683 -59.031 -11.77 -21.96
180760 -58.3402 -11.77 -21.96
171882 -58.6728 -11.77 -21.96
177725 -59.6502 -11.77 -21.96
178898 -63.1882 -11.77 -21.96
181019 -62.6842 -11.77 -21.96
187443 -55.5522 -11.77 -21.96
177852 -61.3765 -11.77 -21.96
177455 -58.1916 -11.77 -21.96
171217 -64.0365 -11.77 -21.96
176418 -58.9309 -11.77 -21.96
176920 -57.2634 -11.77 -21.96
162081 -64.2534 -11.77 -21.96
175403 -60.5953 -11.77 -21.96
176151 -58.4292 -11.77 -21.96
182879 -59.1274 -11.77 -21.96
176506 -60.5408 -11.77 -21.96
178370 -60.2115 -11.77 -21.96
171289 -66.0466 -11.77 -21.96
180990 -55.8125 -11.77 -21.96
173677 -63.9204 -11.77 -21.96
177831 -61.4896 -11.77 -21.96
180127 -63.4703 -11.77 -21.96
174841 -63.1504 -11.77 -21.96
182234 -55.2567 -11.77 -21.96
176372 -59.7476 -11.77 -21.96
185644 -52.7768 -11.77 -21.96
180604 -57.5433 -11.77 -21.96
181091 -56.5685 -11.77 -21.96
178224 -68.9032 -11.77 -21.96
184601 -62.7982 -11.77 -21.96
169899 -64.9873 -11.77 -21.96
181255 -58.571 -11.77 -21.96
125034 -59.2293 1.58 -19.72
129173 -55.8472 1.58 -19.72
124805 -60.8732 1.58 -19.72
134599 -49.4643 1.58 -19.72
132447 -61.7689 1.58 -19.72
128946 -63.3012 1.58 -19.72
130725 -60.8933 1.58 -19.72
131432 -57.531 1.58 -19.72
128399 -59.5668 1.58 -19.72
131889 -60.6918 1.58 -19.72
130316 -59.6935 1.58 -19.72
124449 -57.5482 1.58 -19.72
121075 -69.7807 1.58 -19.72
131923 -63.2508 1.58 -19.72
127585 -56.0179 1.58 -19.72
122857 -73.3955 1.58 -19.72
134136 -67.2631 1.58 -19.72
125760 -57.2463 1.58 -19.72
120374 -62.2753 1.58 -19.72
129147 -60.2266 1.58 -19.72
126058 -58.0691 1.58 -19.72
131572 -58.8273 1.58 -19.72
131874 -57.1915 1.58 -19.72
127984 -58.0589 1.58 -19.72
124649 -59.5278 1.58 -19.72
123992 -62.3934 1.58 -19.72
118667 -62.8658 1.58 -19.72
128091 -59.084 1.58 -19.72
126226 -56.7372 1.58 -19.72
130499 -66.3821 1.58 -19.72
124661 -61.0051 1.58 -19.72
127616 -59.7971 1.58 -19.72
121930 -59.1347 1.58 -19.72
127380 -55.2974 1.58 -19.72
124757 -55.1404 1.58 -19.72
127626 -57.4756 1.58 -19.72
126497 -60.3083 1.58 -19.72
124671 -59.0928 1.58 -19.72
124969 -51.5345 1.58 -19.72
170177 -58.5549 7.43 24.73
163547 -59.3213 7.43 24.73
164291 -63.4848 7.43 24.73
166727 -55.8376 7.43 24.73
160836 -61.9585 7.43 24.73
159056 -59.4899 7.43 24.73
164896 -62.5006 7.43 24.73
172335 -60.9025 7.43 24.73
172109 -61.31 7.43 24.73
167286 -58.377 7.43 24.73
164983 -58.2063 7.43 24.73
169649 -57.5312 7.43 24.73
174278 -56.4667 7.43 24.73
168070 -56.5704 7.43 24.73
167398 -59.5163 7.43 24.73
174056 -64.9002 7.43 24.73
166099 -55.0082 7.43 24.73
164955 -59.113 7.43 24.73
162607 -63.6074 7.43 24.73
173346 -59.4073 7.43 24.73
172732 -68.912 7.43 24.73
172118 -60.6286 7.43 24.73
171453 -61.2497 7.43 24.73
160635 -64.2878 7.43 24.73
171992 -65.083 7.43 24.73
172080 -59.3315 7.43 24.73
109435 -74.5057 7.43 24.73
168882 -59.1138 7.43 24.73
167125 -57.944 7.43 24.73
175858 -67.5183 7.43 24.73
166355 -62.0286 7.43 24.73
168360 -64.0503 7.43 24.73
165471 -62.139 7.43 24.73
166895 -66.9985 7.43 24.73
175382 -63.5207 7.43 24.73
177790 -66.0872 7.43 24.73
170133 -57.4264 7.43 24.73
167697 -63.8435 7.43 24.73
169107 -59.6604 7.43 24.73
193204 -66.3166 16.61 -23.88
191150 -58.7683 16.61 -23.88
196603 -57.5607 16.61 -23.88
197598 -65.2791 16.61 -23.88
194640 -65.1437 16.61 -23.88
194819 -60.2634 16.61 -23.88
192407 -61.4217 16.61 -23.88
195476 -59.1052 16.61 -23.88
152006 -75.0636 16.61 -23.88
195588 -59.4098 16.61 -23.88
191980 -63.6609 16.61 -23.88
188410 -58.3718 16.61 -23.88
175392 -65.6018 16.61 -23.88
182340 -66.4194 16.61 -23.88
185878 -58.3511 16.61 -23.88
191762 -62.4099 16.61 -23.88
198284 -65.0934 16.61 -23.88
201251 -60.4991 16.61 -23.88
191776 -66.994 16.61 -23.88
189080 -60.2545 16.61 -23.88
196253 -71.6269 16.61 -23.88
195862 -66.2544 16.61 -23.88
202342 -64.706 16.61 -23.88
195482 -67.7034 16.61 -23.88
193353 -67.3159 16.61 -23.88
190461 -64.3107 16.61 -23.88
193481 -62.2416 16.61 -23.88
195989 -62.7645 16.61 -23.88
188094 -56.5668 16.61 -23.88
196914 -58.0303 16.61 -23.88
195646 -64.3867 16.61 -23.88
194266 -65.394 16.61 -23.88
183170 -68.1477 16.61 -23.88
189637 -78.3585 16.61 -23.88
196372 -57.5401 16.61 -23.88
190183 -59.2762 16.61 -23.88
196714 -65.4487 16.61 -23.88
192490 -63.356 16.61 -23.88
193444 -58.0452 16.61 -23.88
77609 -58.1655 11.18 0
74488 -50.3442 11.18 0
67702 -57.2399 11.18 0
79675 -57.1521 11.18 0
75777 -51.0194 11.18 0
75247 -53.3981 11.18 0
63515 -74.1066 11.18 0
74020 -58.3036 11.18 0
68350 -53.4879 11.18 0
69755 -58.9602 11.18 0
77602 -51.0532 11.18 0
71147 -53.2229 11.18 0
70765 -53.1038 11.18 0
76367 -48.1272 11.18 0
80492 -52.4451 11.18 0
70057 -54.982 11.18 0
73062 -53.9095 11.18 0
70954 -55.2522 11.18 0
67849 -62.4652 11.18 0
70121 -53.6438 11.18 0
70108 -52.5296 11.18 0
69342 -61.9888 11.18 0
72625 -51.811 11.18 0
75214 -48.7505 11.18 0
68624 -56.7683 11.18 0
76011 -54.8367 11.18 0
70529 -47.844 11.18 0
77798 -49.26 11.18 0
71989 -48.3596 11.18 0
76014 -50.5392 11.18 0
73080 -54.4291 11.18 0
73526 -56.2166 11.18 0
73718 -48.5688 11.18 0
80504 -55.7329 11.18 0
72658 -55.4865 11.18 0
70270 -51.1257 11.18 0
73790 -54.2885 11.18 0
72641 -51.01 11.18 0
74494 -57.4033 11.18 0
