#rtt sig_str x y
120835 -58.3074 -14.95 10.84
123085 -59.358 -14.95 10.84
120785 -53.8905 -14.95 10.84
124497 -53.4056 -14.95 10.84
123547 -57.5654 -14.95 10.84
118828 -54.5711 -14.95 10.84
125552 -58.2611 -14.95 10.84
125499 -57.61 -14.95 10.84
129501 -59.7237 -14.95 10.84
121774 -59.6737 -14.95 10.84
125435 -57.7881 -14.95 10.84
123609 -55.9461 -14.95 10.84
127544 -57.1141 -14.95 10.84
115082 -59.9961 -14.95 10.84
116317 -65.0758 -14.95 10.84
121810 -58.2484 -14.95 10.84
120030 -62.5085 -14.95 10.84
115257 -62.0091 -14.95 10.84
119658 -55.5402 -14.95 10.84
122225 -54.5649 -14.95 10.84
121016 -56.8082 -14.95 10.84
132904 -72.6506 -14.95 10.84
123042 -60.9437 -14.95 10.84
130038 -65.2042 -14.95 10.84
121616 -59.729 -14.95 10.84
116001 -59.082 -14.95 10.84
117374 -56.1794 -14.95 10.84
123293 -56.0253 -14.95 10.84
122565 -53.4207 -14.95 10.84
125002 -50.6085 -14.95 10.84
121471 -58.9737 -14.95 10.84
118612 -56.5461 -14.95 10.84
118903 -70.7369 -14.95 10.84
114667 -57.4116 -14.95 10.84
122063 -53.0302 -14.95 10.84
80531 -76.3582 -14.95 10.84
120061 -57.1247 -14.95 10.84
119782 -55.5761 -14.95 10.84
112650 -61.0309 -14.95 10.84
193626 -59.6555 -27.24 -10.74
209524 -57.9623 -27.24 -10.74
204188 -62.0361 -27.24 -10.74
199024 -60.0414 -27.24 -10.74
201295 -55.6117 -27.24 -10.74
201392 -60.2398 -27.24 -10.74
201965 -60.8028 -27.24 -10.74
209034 -67.8534 -27.24 -10.74
203009 -63.4495 -27.24 -10.74
198653 -60.8179 -27.24 -10.74
209163 -60.0872 -27.24 -10.74
209291 -63.3747 -27.24 -10.74
215142 -68.8896 -27.24 -10.74
203604 -63.0005 -27.24 -10.74
202870 -62.2446 -27.24 -10.74
209048 -59.376 -27.24 -10.74
205786 -60.6336 -27.24 -10.74
209133 -61.7906 -27.24 -10.74
200521 -57.9751 -27.24 -10.74
208692 -60.7918 -27.24 -10.74
203565 -57.2939 -27.24 -10.74
204010 -66.2041 -27.24 -10.74
206777 -62.5918 -27.24 -10.74
205161 -60.6504 -27.24 -10.74
209848 -61.4461 -27.24 -10.74
200155 -62.9241 -27.24 -10.74
203050 -57.0058 -27.24 -10.74
200750 -63.8385 -27.24 -10.74
208968 -57.8835 -27.24 -10.74
203626 -60.7251 -27.24 -10.74
202679 -60.2962 -27.24 -10.74
208375 -61.6664 -27.24 -10.74
207248 -59.0406 -27.24 -10.74
203345 -66.0506 -27.24 -10.74
208293 -60.5218 -27.24 -10.74
205217 -64.2601 -27.24 -10.74
209897 -63.4655 -27.24 -10.74
202237 -61.035 -27.24 -10.74
208194 -59.7794 -27.24 -10.74
161749 -61.9043 10.61 -20.68
155701 -55.2889 10.61 -20.68
147838 -55.1937 10.61 -20.68
169225 -74.1266 10.61 -20.68
104311 -79.5608 10.61 -20.68
154594 -58.1324 10.61 -20.68
162034 -64.2097 10.61 -20.68
153514 -59.8477 10.61 -20.68
150321 -65.6257 10.61 -20.68
142927 -57.7607 10.61 -20.68
150751 -61.2984 10.61 -20.68
150287 -57.944 10.61 -20.68
151511 -57.4215 10.61 -20.68
152686 -60.1301 10.61 -20.68
151771 -65.0636 10.61 -20.68
147319 -65.4875 10.61 -20.68
153921 -63.6696 10.61 -20.68
157749 -57.5615 10.61 -20.68
146937 -64.0097 10.61 -20.68
160131 -52.5507 10.61 -20.68
152388 -60.5456 10.61 -20.68
150973 -62.5925 10.61 -20.68
160271 -55.8472 10.61 -20.68
152763 -62.1005 10.61 -20.68
154263 -60.1136 10.61 -20.68
148967 -69.2099 10.61 -20.68
157253 -54.4432 10.61 -20.68
159301 -56.4154 10.61 -20.68
152672 -63.373 10.61 -20.68
152922 -61.4914 10.61 -20.68
156688 -53.7694 10.61 -20.68
151647 -67.5423 10.61 -20.68
154181 -64.3245 10.61 -20.68
150994 -63.4206 10.61 -20.68
156740 -58.4915 10.61 -20.68
142761 -61.237 10.61 -20.68
154932 -58.7886 10.61 -20.68
146361 -58.7368 10.61 -20.68
153068 -66.6389 10.61 -20.68
179114 -60.2771 -27.4 6.04
190310 -64.1105 -27.4 6.04
182470 -62.9263 -27.4 6.04
186365 -62.8252 -27.4 6.04
185137 -57.8415 -27.4 6.04
190293 -63.8219 -27.4 6.04
177829 -61.3891 -27.4 6.04
189956 -64.1929 -27.4 6.04
193489 -60.9681 -27.4 6.04
180864 -61.7419 -27.4 6.04
185865 -58.6091 -27.4 6.04
190595 -60.6927 -27.4 6.04
193073 -62.3812 -27.4 6.04
189979 -65.4938 -27.4 6.04
189310 -59.1667 -27.4 6.04
183781 -65.7419 -27.4 6.04
192354 -68.4824 -27.4 6.04
177691 -61.7487 -27.4 6.04
189741 -62.7805 -27.4 6.04
194094 -73.7631 -27.4 6.04
98340 -75.22 -27.4 6.04
187661 -62.3533 -27.4 6.04
185305 -63.164 -27.4 6.04
190996 -65.3438 -27.4 6.04
192805 -58.2463 -27.4 6.04
179711 -61.3428 -27.4 6.04
181280 -62.896 -27.4 6.04
188618 -65.8125 -27.4 6.04
185466 -60.3811 -27.4 6.04
188306 -59.8764 -27.4 6.04
189622 -60.8207 -27.4 6.04
178338 -63.0501 -27.4 6.04
186860 -62.1951 -27.4 6.04
188421 -60.4752 -27.4 6.04
189874 -63.7451 -27.4 6.04
176273 -66.43 -27.4 6.04
185756 -66.0125 -27.4 6.04
181817 -57.4351 -27.4 6.04
177185 -62.0412 -27.4 6.04
241957 -61.6236 -23.02 25.47
226781 -59.5463 -23.02 25.47
228379 -61.3742 -23.02 25.47
236293 -60.7342 -23.02 25.47
236443 -59.3663 -23.02 25.47
238947 -56.8884 -23.02 25.47
219161 -67.9995 -23.02 25.47
237624 -70.7512 -23.02 25.47
238494 -63.2074 -23.02 25.47
235486 -62.457 -23.02 25.47
244717 -62.6392 -23.02 25.47
229379 -57.068 -23.02 25.47
235462 -62.6086 -23.02 25.47
235745 -59.4994 -23.02 25.47
240357 -57.8863 -23.02 25.47
234756 -63.5691 -23.02 25.47
234066 -59.6905 -23.02 25.47
233024 -63.2755 -23.02 25.47
230965 -60.7481 -23.02 25.47
224787 -71.2222 -23.02 25.47
235281 -57.1711 -23.02 25.47
240998 -60.2741 -23.02 25.47
234185 -58.623 -23.02 25.47
239980 -59.2068 -23.02 25.47
231211 -63.4845 -23.02 25.47
217388 -73.4766 -23.02 25.47
244761 -71.4664 -23.02 25.47
238930 -62.5084 -23.02 25.47
240540 -63.3905 -23.02 25.47
230858 -59.7149 -23.02 25.47
234504 -63.9437 -23.02 25.47
234489 -64.5503 -23.02 25.47
239605 -60.8654 -23.02 25.47
234253 -62.6648 -23.02 25.47
239440 -61.9637 -23.02 25.47
233829 -62.2909 -23.02 25.47
231368 -58.3348 -23.02 25.47
232247 -57.4876 -23.02 25.47
242191 -71.2916 -23.02 25.47
119105 -52.8126 6.23 17.27
123487 -53.7516 6.23 17.27
116108 -62.7324 6.23 17.27
122814 -58.6778 6.23 17.27
125002 -58.6297 6.23 17.27
119404 -54.4947 6.23 17.27
121314 -56.5114 6.23 17.27
121806 -55.8206 6.23 17.27
118956 -56.1532 6.23 17.27
110278 -57.1306 6.23 17.27
118616 -60.6687 6.23 17.27
121610 -60.1646 6.23 17.27
120682 -53.0326 6.23 17.27
120090 -58.8569 6.23 17.27
124087 -55.672 6.23 17.27
120129 -61.5169 6.23 17.27
124465 -56.4113 6.23 17.27
118553 -54.7438 6.23 17.27
117110 -61.7338 6.23 17.27
124157 -58.0757 6.23 17.27
117478 -55.9096 6.23 17.27
118019 -56.6078 6.23 17.27
119047 -58.0212 6.23 17.27
116779 -57.6919 6.23 17.27
115184 -63.527 6.23 17.27
118880 -53.2929 6.23 17.27
123364 -61.4008 6.23 17.27
118170 -58.97 6.23 17.27
115414 -60.9507 6.23 17.27
118406 -60.6308 6.23 17.27
118737 -52.7371 6.23 17.27
113053 -57.228 6.23 17.27
122450 -50.2572 6.23 17.27
114882 -55.0237 6.23 17.27
121686 -54.0489 6.23 17.27
119187 -66.3836 6.23 17.27
129443 -60.2787 6.23 17.27
110803 -62.4677 6.23 17.27
119021 -56.0514 6.23 17.27
165961 -60.9554 -18.55 15.83
162740 -57.5734 -18.55 15.83
159563 -62.5993 -18.55 15.83
163089 -51.1904 -18.55 15.83
153758 -63.4951 -18.55 15.83
149404 -65.0273 -18.55 15.83
166421 -62.6194 -18.55 15.83
160263 -59.2571 -18.55 15.83
161737 -61.293 -18.55 15.83
163387 -62.4179 -18.55 15.83
162721 -61.4196 -18.55 15.83
167924 -59.2744 -18.55 15.83
165827 -71.5069 -18.55 15.83
166854 -64.977 -18.55 15.83
164543 -57.744 -18.55 15.83
162853 -75.1216 -18.55 15.83
165909 -68.9892 -18.55 15.83
164780 -58.9724 -18.55 15.83
169393 -64.0014 -18.55 15.83
154014 -61.9527 -18.55 15.83
165310 -59.7952 -18.55 15.83
157426 -60.5534 -18.55 15.83
158822 -58.9177 -18.55 15.83
163481 -59.785 -18.55 15.83
155941 -61.2539 -18.55 15.83
168809 -64.1195 -18.55 15.83
161811 -64.5919 -18.55 15.83
166418 -60.8101 -18.55 15.83
166270 -58.4633 -18.55 15.83
156212 -68.1083 -18.55 15.83
169106 -62.7313 -18.55 15.83
162637 -61.5233 -18.55 15.83
158321 -60.8609 -18.55 15.83
162607 -57.0236 -18.55 15.83
169355 -56.8665 -18.55 15.83
170551 -59.2018 -18.55 15.83
161875 -62.0345 -18.55 15.83
165889 -60.8189 -18.55 15.83
164630 -53.2606 -18.55 15.83
99196 -54.5168 10.11 12.18
105363 -55.2832 10.11 12.18
103233 -59.4467 10.11 12.18
100597 -51.7995 10.11 12.18
109280 -57.9204 10.11 12.18
102153 -55.4518 10.11 12.18
101203 -58.4625 10.11 12.18
96819 -56.8644 10.11 12.18
103603 -57.2719 10.11 12.18
91998 -54.3389 10.11 12.18
101886 -54.1682 10.11 12.18
98300 -53.4931 10.11 12.18
111337 -52.4287 10.11 12.18
105542 -52.5324 10.11 12.18
106406 -55.4783 10.11 12.18
103508 -60.8621 10.11 12.18
105345 -50.9701 10.11 12.18
100211 -55.0749 10.11 12.18
100275 -59.5693 10.11 12.18
101156 -55.3692 10.11 12.18
105865 -64.8739 10.11 12.18
102160 -56.5905 10.11 12.18
108599 -57.2116 10.11 12.18
102793 -60.2497 10.11 12.18
103753 -61.0449 10.11 12.18
103752 -55.2934 10.11 12.18
109177 -70.4676 10.11 12.18
98411 -55.0757 10.11 12.18
95233 -53.9059 10.11 12.18
105078 -63.4802 10.11 12.18
97244 -57.9905 10.11 12.18
101247 -60.0122 10.11 12.18
100876 -58.1009 10.11 12.18
103331 -62.9604 10.11 12.18
104941 -59.4826 10.11 12.18
106596 -62.0491 10.11 12.18
97181 -53.3884 10.11 12.18
96378 -59.8054 10.11 12.18
110459 -55.6224 10.11 12.18
223636 -67.1242 25.05 20.04
214585 -59.5759 25.05 20.04
226088 -58.3683 25.05 20.04
223331 -66.0867 25.05 20.04
223316 -65.9513 25.05 20.04
226136 -61.071 25.05 20.04
223092 -62.2293 25.05 20.04
227245 -59.9128 25.05 20.04
187818 -75.8713 25.05 20.04
225093 -60.2174 25.05 20.04
217414 -64.4686 25.05 20.04
220458 -59.1794 25.05 20.04
224167 -66.4095 25.05 20.04
226865 -67.227 25.05 20.04
224823 -59.1587 25.05 20.04
219965 -63.2175 25.05 20.04
217979 -65.9011 25.05 20.04
223088 -61.3068 25.05 20.04
205995 -67.8016 25.05 20.04
218578 -61.0622 25.05 20.04
209290 -72.4345 25.05 20.04
198775 -67.062 25.05 20.04
221153 -65.5137 25.05 20.04
223659 -68.511 25.05 20.04
228059 -68.1236 25.05 20.04
221489 -65.1183 25.05 20.04
219931 -63.0492 25.05 20.04
234157 -63.5721 25.05 20.04
224417 -57.3744 25.05 20.04
224127 -58.8379 25.05 20.04
232266 -65.1943 25.05 20.04
218401 -66.2017 25.05 20.04
221003 -68.9554 25.05 20.04
124046 -79.1662 25.05 20.04
218947 -58.3477 25.05 20.04
224762 -60.0838 25.05 20.04
236460 -66.2563 25.05 20.04
221784 -64.1636 25.05 20.04
223456 -58.8528 25.05 20.04
120441 -62.4379 -4.87 18.12
115716 -54.6165 -4.87 18.12
109879 -61.5123 -4.87 18.12
118267 -61.4244 -4.87 18.12
108810 -55.2918 -4.87 18.12
118568 -57.6705 -4.87 18.12
149150 -78.3789 -4.87 18.12
118425 -62.576 -4.87 18.12
117588 -57.7602 -4.87 18.12
120201 -63.2325 -4.87 18.12
116367 -55.3256 -4.87 18.12
120750 -57.4952 -4.87 18.12
118455 -57.3762 -4.87 18.12
122527 -52.3995 -4.87 18.12
112725 -56.7174 -4.87 18.12
116830 -59.2544 -4.87 18.12
113356 -58.1818 -4.87 18.12
120008 -59.5246 -4.87 18.12
116343 -66.7376 -4.87 18.12
118093 -57.9162 -4.87 18.12
116156 -56.8019 -4.87 18.12
123614 -66.2611 -4.87 18.12
121473 -56.0834 -4.87 18.12
125141 -53.0229 -4.87 18.12
120330 -61.0406 -4.87 18.12
118239 -59.109 -4.87 18.12
118012 -52.1164 -4.87 18.12
116984 -53.5324 -4.87 18.12
123541 -52.632 -4.87 18.12
117866 -54.8116 -4.87 18.12
113644 -58.7015 -4.87 18.12
119255 -60.489 -4.87 18.12
118483 -52.8411 -4.87 18.12
121484 -60.0053 -4.87 18.12
114202 -59.7589 -4.87 18.12
120047 -55.3981 -4.87 18.12
123229 -58.5608 -4.87 18.12
119116 -55.2824 -4.87 18.12
114315 -61.6756 -4.87 18.12
