#rtt sig_str x y
125691 -58.6833 -7.53 17.8
128643 -59.734 -7.53 17.8
117071 -54.2664 -7.53 17.8
128112 -53.7815 -7.53 17.8
129902 -57.9414 -7.53 17.8
122708 -54.947 -7.53 17.8
124288 -58.6371 -7.53 17.8
131479 -57.9859 -7.53 17.8
128475 -60.0996 -7.53 17.8
130610 -60.0497 -7.53 17.8
125571 -58.1641 -7.53 17.8
130445 -56.322 -7.53 17.8
125786 -57.4901 -7.53 17.8
129481 -60.372 -7.53 17.8
113838 -65.4517 -7.53 17.8
127100 -58.6243 -7.53 17.8
122516 -62.8844 -7.53 17.8
127087 -62.3851 -7.53 17.8
129090 -55.9162 -7.53 17.8
129201 -54.9409 -7.53 17.8
127176 -57.1842 -7.53 17.8
129241 -73.0265 -7.53 17.8
125984 -61.3196 -7.53 17.8
127569 -65.5802 -7.53 17.8
132517 -60.1049 -7.53 17.8
126102 -59.458 -7.53 17.8
130056 -56.5553 -7.53 17.8
124697 -56.4012 -7.53 17.8
126808 -53.7966 -7.53 17.8
127393 -50.9844 -7.53 17.8
119893 -59.3496 -7.53 17.8
124983 -56.9221 -7.53 17.8
106796 -71.1128 -7.53 17.8
133208 -57.7875 -7.53 17.8
129878 -53.4061 -7.53 17.8
69708 -76.7342 -7.53 17.8
124427 -57.5006 -7.53 17.8
124983 -55.9521 -7.53 17.8
124877 -61.4069 -7.53 17.8
224148 -60.6562 27.05 -19
215787 -58.963 27.05 -19
219862 -63.0368 27.05 -19
227203 -61.0421 27.05 -19
220453 -56.6124 27.05 -19
217693 -61.2405 27.05 -19
223273 -61.8035 27.05 -19
228047 -68.8541 27.05 -19
225524 -64.4502 27.05 -19
223907 -61.8186 27.05 -19
224533 -61.0879 27.05 -19
215655 -64.3754 27.05 -19
224581 -69.8903 27.05 -19
221286 -64.0012 27.05 -19
224663 -63.2453 27.05 -19
222581 -60.3767 27.05 -19
229197 -61.6343 27.05 -19
222363 -62.7913 27.05 -19
221321 -58.9758 27.05 -19
220037 -61.7924 27.05 -19
228030 -58.2946 27.05 -19
218470 -67.2048 27.05 -19
227523 -63.5925 27.05 -19
226952 -61.6511 27.05 -19
219315 -62.4468 27.05 -19
220597 -63.9248 27.05 -19
224504 -58.0065 27.05 -19
218022 -64.8392 27.05 -19
224304 -58.8842 27.05 -19
226832 -61.7258 27.05 -19
213793 -61.2969 27.05 -19
217573 -62.6671 27.05 -19
224398 -60.0413 27.05 -19
221965 -67.0513 27.05 -19
220403 -61.5225 27.05 -19
228823 -65.2608 27.05 -19
222958 -64.4662 27.05 -19
219977 -62.0357 27.05 -19
232547 -60.7801 27.05 -19
147787 -61.3763 13.92 16.78
157543 -54.7609 13.92 16.78
148891 -54.6656 13.92 16.78
166279 -73.5986 13.92 16.78
160350 -79.0327 13.92 16.78
155774 -57.6044 13.92 16.78
154857 -63.6817 13.92 16.78
147780 -59.3197 13.92 16.78
150812 -65.0976 13.92 16.78
158894 -57.2326 13.92 16.78
145454 -60.7703 13.92 16.78
149852 -57.416 13.92 16.78
150659 -56.8934 13.92 16.78
150271 -59.602 13.92 16.78
158896 -64.5356 13.92 16.78
146429 -64.9594 13.92 16.78
152490 -63.1415 13.92 16.78
155090 -57.0335 13.92 16.78
153186 -63.4816 13.92 16.78
153346 -52.0227 13.92 16.78
150963 -60.0176 13.92 16.78
148261 -62.0644 13.92 16.78
156652 -55.3191 13.92 16.78
139629 -61.5725 13.92 16.78
159234 -59.5856 13.92 16.78
159685 -68.6819 13.92 16.78
159128 -53.9151 13.92 16.78
156184 -55.8873 13.92 16.78
156690 -62.8449 13.92 16.78
152320 -60.9634 13.92 16.78
152033 -53.2414 13.92 16.78
154526 -67.0142 13.92 16.78
147365 -63.7964 13.92 16.78
158727 -62.8926 13.92 16.78
158277 -57.9635 13.92 16.78
149064 -60.709 13.92 16.78
146222 -58.2606 13.92 16.78
151060 -58.2088 13.92 16.78
152297 -66.1109 13.92 16.78
64307 -50.2213 5.92 5.81
54500 -54.0547 5.92 5.81
48992 -52.8705 5.92 5.81
55177 -52.7694 5.92 5.81
61367 -47.7858 5.92 5.81
56221 -53.7661 5.92 5.81
57074 -51.3333 5.92 5.81
61334 -54.1371 5.92 5.81
54418 -50.9123 5.92 5.81
61163 -51.6861 5.92 5.81
59386 -48.5533 5.92 5.81
57111 -50.6369 5.92 5.81
58666 -52.3254 5.92 5.81
61738 -55.4381 5.92 5.81
60393 -49.1109 5.92 5.81
58247 -55.6861 5.92 5.81
62026 -58.4266 5.92 5.81
60805 -51.6929 5.92 5.81
61137 -52.7247 5.92 5.81
56365 -63.7073 5.92 5.81
65468 -65.1642 5.92 5.81
58807 -52.2975 5.92 5.81
56154 -53.1082 5.92 5.81
66802 -55.288 5.92 5.81
51932 -48.1905 5.92 5.81
60978 -51.287 5.92 5.81
58188 -52.8402 5.92 5.81
55911 -55.7567 5.92 5.81
59651 -50.3253 5.92 5.81
64786 -49.8206 5.92 5.81
52760 -50.7649 5.92 5.81
60686 -52.9943 5.92 5.81
58120 -52.1393 5.92 5.81
62198 -50.4194 5.92 5.81
63129 -53.6893 5.92 5.81
53676 -56.3742 5.92 5.81
52609 -55.9568 5.92 5.81
61967 -47.3793 5.92 5.81
58971 -51.9854 5.92 5.81
132766 -57.526 -20.64 -3.25
138832 -55.4487 -20.64 -3.25
138787 -57.2766 -20.64 -3.25
129519 -56.6366 -20.64 -3.25
130349 -55.2687 -20.64 -3.25
136801 -52.7908 -20.64 -3.25
128655 -63.9019 -20.64 -3.25
134118 -66.6536 -20.64 -3.25
140634 -59.1098 -20.64 -3.25
133783 -58.3594 -20.64 -3.25
138312 -58.5416 -20.64 -3.25
139687 -52.9704 -20.64 -3.25
130306 -58.511 -20.64 -3.25
139152 -55.4018 -20.64 -3.25
132075 -53.7887 -20.64 -3.25
132094 -59.4715 -20.64 -3.25
136461 -55.5929 -20.64 -3.25
135832 -59.1779 -20.64 -3.25
133958 -56.6505 -20.64 -3.25
117966 -67.1246 -20.64 -3.25
131101 -53.0735 -20.64 -3.25
136153 -56.1765 -20.64 -3.25
134824 -54.5254 -20.64 -3.25
139492 -55.1092 -20.64 -3.25
134976 -59.3869 -20.64 -3.25
134135 -69.379 -20.64 -3.25
130063 -67.3688 -20.64 -3.25
138075 -58.4108 -20.64 -3.25
142334 -59.2929 -20.64 -3.25
135982 -55.6173 -20.64 -3.25
132582 -59.8461 -20.64 -3.25
128984 -60.4527 -20.64 -3.25
133496 -56.7678 -20.64 -3.25
136195 -58.5672 -20.64 -3.25
138393 -57.8661 -20.64 -3.25
141147 -58.1933 -20.64 -3.25
135323 -54.2372 -20.64 -3.25
133571 -53.3901 -20.64 -3.25
122531 -67.194 -20.64 -3.25
210813 -57.3095 -20.64 -24.01
204104 -58.2486 -20.64 -24.01
211396 -67.2294 -20.64 -24.01
215453 -63.1748 -20.64 -24.01
208562 -63.1267 -20.64 -24.01
219046 -58.9916 -20.64 -24.01
209642 -61.0084 -20.64 -24.01
208705 -60.3176 -20.64 -24.01
209093 -60.6502 -20.64 -24.01
212676 -61.6276 -20.64 -24.01
209306 -65.1656 -20.64 -24.01
208055 -64.6616 -20.64 -24.01
215394 -57.5296 -20.64 -24.01
208937 -63.3539 -20.64 -24.01
209439 -60.169 -20.64 -24.01
213461 -66.0139 -20.64 -24.01
209804 -60.9083 -20.64 -24.01
213846 -59.2408 -20.64 -24.01
214763 -66.2308 -20.64 -24.01
202340 -62.5727 -20.64 -24.01
205630 -60.4066 -20.64 -24.01
206680 -61.1048 -20.64 -24.01
215603 -62.5182 -20.64 -24.01
206476 -62.1889 -20.64 -24.01
196176 -68.024 -20.64 -24.01
207610 -57.7899 -20.64 -24.01
204108 -65.8977 -20.64 -24.01
209568 -63.467 -20.64 -24.01
208507 -65.4477 -20.64 -24.01
198711 -65.1278 -20.64 -24.01
214107 -57.2341 -20.64 -24.01
214507 -61.725 -20.64 -24.01
213084 -54.7542 -20.64 -24.01
212041 -59.5207 -20.64 -24.01
207012 -58.5458 -20.64 -24.01
217788 -70.8806 -20.64 -24.01
206008 -64.7756 -20.64 -24.01
213750 -66.9647 -20.64 -24.01
216361 -60.5484 -20.64 -24.01
173921 -61.6826 -26.52 -2.45
170047 -58.3006 -26.52 -2.45
175246 -63.3265 -26.52 -2.45
171322 -51.9176 -26.52 -2.45
171380 -64.2223 -26.52 -2.45
175584 -65.7545 -26.52 -2.45
171944 -63.3466 -26.52 -2.45
171954 -59.9843 -26.52 -2.45
173413 -62.0202 -26.52 -2.45
170532 -63.1451 -26.52 -2.45
180197 -62.1468 -26.52 -2.45
168420 -60.0016 -26.52 -2.45
162529 -72.234 -26.52 -2.45
173223 -65.7042 -26.52 -2.45
168462 -58.4712 -26.52 -2.45
158130 -75.8488 -26.52 -2.45
161565 -69.7164 -26.52 -2.45
169333 -59.6996 -26.52 -2.45
173411 -64.7286 -26.52 -2.45
169647 -62.6799 -26.52 -2.45
166988 -60.5224 -26.52 -2.45
165782 -61.2806 -26.52 -2.45
166186 -59.6448 -26.52 -2.45
168309 -60.5122 -26.52 -2.45
160510 -61.9811 -26.52 -2.45
174486 -64.8467 -26.52 -2.45
164418 -65.3191 -26.52 -2.45
171227 -61.5373 -26.52 -2.45
170157 -59.1905 -26.52 -2.45
166588 -68.8355 -26.52 -2.45
166771 -63.4585 -26.52 -2.45
180448 -62.2505 -26.52 -2.45
165809 -61.588 -26.52 -2.45
165130 -57.7507 -26.52 -2.45
172478 -57.5937 -26.52 -2.45
170570 -59.929 -26.52 -2.45
174983 -62.7617 -26.52 -2.45
173890 -61.5461 -26.52 -2.45
173286 -53.9878 -26.52 -2.45
160067 -57.9959 21.97 -9.98
165299 -58.7622 21.97 -9.98
161440 -62.9257 21.97 -9.98
162997 -55.2785 21.97 -9.98
162486 -61.3995 21.97 -9.98
153751 -58.9308 21.97 -9.98
166570 -61.9415 21.97 -9.98
165434 -60.3434 21.97 -9.98
156240 -60.751 21.97 -9.98
164809 -57.8179 21.97 -9.98
167409 -57.6472 21.97 -9.98
170893 -56.9721 21.97 -9.98
159487 -55.9077 21.97 -9.98
162804 -56.0114 21.97 -9.98
158420 -58.9573 21.97 -9.98
166672 -64.3412 21.97 -9.98
160520 -54.4491 21.97 -9.98
165860 -58.5539 21.97 -9.98
161419 -63.0483 21.97 -9.98
159693 -58.8482 21.97 -9.98
157770 -68.353 21.97 -9.98
163479 -60.0695 21.97 -9.98
163362 -60.6906 21.97 -9.98
172682 -63.7287 21.97 -9.98
166688 -64.5239 21.97 -9.98
167921 -58.7725 21.97 -9.98
142513 -73.9467 21.97 -9.98
160752 -58.5548 21.97 -9.98
168614 -57.385 21.97 -9.98
158086 -66.9593 21.97 -9.98
164063 -61.4695 21.97 -9.98
158836 -63.4912 21.97 -9.98
169162 -61.5799 21.97 -9.98
173025 -66.4395 21.97 -9.98
163360 -62.9616 21.97 -9.98
164573 -65.5282 21.97 -9.98
164988 -56.8674 21.97 -9.98
163485 -63.2844 21.97 -9.98
164339 -59.1014 21.97 -9.98
147474 -64.1137 6.07 -21.43
148029 -56.5654 6.07 -21.43
150565 -55.3578 6.07 -21.43
159202 -63.0762 6.07 -21.43
149020 -62.9408 6.07 -21.43
152545 -58.0605 6.07 -21.43
154011 -59.2187 6.07 -21.43
157464 -56.9023 6.07 -21.43
139849 -72.8607 6.07 -21.43
154445 -57.2069 6.07 -21.43
155437 -61.458 6.07 -21.43
149096 -56.1688 6.07 -21.43
152153 -63.3989 6.07 -21.43
154826 -64.2164 6.07 -21.43
159139 -56.1482 6.07 -21.43
151483 -60.2069 6.07 -21.43
151628 -62.8905 6.07 -21.43
151994 -58.2962 6.07 -21.43
153562 -64.7911 6.07 -21.43
152733 -58.0516 6.07 -21.43
134685 -69.424 6.07 -21.43
149504 -64.0515 6.07 -21.43
158136 -62.5031 6.07 -21.43
152872 -65.5005 6.07 -21.43
154281 -65.113 6.07 -21.43
152569 -62.1078 6.07 -21.43
156692 -60.0387 6.07 -21.43
147188 -60.5616 6.07 -21.43
154215 -54.3639 6.07 -21.43
157182 -55.8273 6.07 -21.43
149064 -62.1838 6.07 -21.43
152741 -63.1911 6.07 -21.43
152620 -65.9448 6.07 -21.43
153303 -76.1556 6.07 -21.43
159672 -55.3372 6.07 -21.43
159180 -57.0733 6.07 -21.43
148559 -63.2458 6.07 -21.43
155793 -61.1531 6.07 -21.43
154815 -55.8423 6.07 -21.43
90680 -60.8209 12.49 9.05
96506 -52.9996 12.49 9.05
101703 -59.8953 12.49 9.05
92169 -59.8075 12.49 9.05
94175 -53.6748 12.49 9.05
97794 -56.0535 12.49 9.05
86490 -76.762 12.49 9.05
95828 -60.959 12.49 9.05
97073 -56.1433 12.49 9.05
99047 -61.6156 12.49 9.05
96126 -53.7086 12.49 9.05
96070 -55.8783 12.49 9.05
102666 -55.7592 12.49 9.05
98939 -50.7826 12.49 9.05
95674 -55.1005 12.49 9.05
91898 -57.6374 12.49 9.05
96742 -56.5649 12.49 9.05
99748 -57.9076 12.49 9.05
92371 -65.1206 12.49 9.05
98319 -56.2992 12.49 9.05
102571 -55.185 12.49 9.05
98116 -64.6442 12.49 9.05
101762 -54.4664 12.49 9.05
101846 -51.4059 12.49 9.05
100093 -59.4236 12.49 9.05
98669 -57.492 12.49 9.05
98226 -50.4994 12.49 9.05
91060 -51.9154 12.49 9.05
94324 -51.015 12.49 9.05
91638 -53.1946 12.49 9.05
101045 -57.0845 12.49 9.05
100464 -58.872 12.49 9.05
93521 -51.2242 12.49 9.05
95489 -58.3883 12.49 9.05
95465 -58.1419 12.49 9.05
93047 -53.7811 12.49 9.05
95385 -56.9439 12.49 9.05
96343 -53.6654 12.49 9.05
94284 -60.0587 12.49 9.05
