#rtt sig_str x y
139742 -59.1671 20.09 -4.05
143477 -60.2177 20.09 -4.05
135807 -54.7502 20.09 -4.05
148194 -54.2653 20.09 -4.05
141769 -58.4251 20.09 -4.05
144145 -55.4308 20.09 -4.05
142470 -59.1208 20.09 -4.05
142283 -58.4697 20.09 -4.05
141264 -60.5834 20.09 -4.05
141712 -60.5334 20.09 -4.05
136271 -58.6478 20.09 -4.05
142278 -56.8058 20.09 -4.05
149509 -57.9738 20.09 -4.05
135349 -60.8558 20.09 -4.05
152857 -65.9355 20.09 -4.05
141013 -59.1081 20.09 -4.05
150328 -63.3682 20.09 -4.05
143438 -62.8689 20.09 -4.05
147771 -56.4 20.09 -4.05
147568 -55.4247 20.09 -4.05
145430 -57.6679 20.09 -4.05
154535 -73.5103 20.09 -4.05
139173 -61.8034 20.09 -4.05
142325 -66.064 20.09 -4.05
138114 -60.5887 20.09 -4.05
139562 -59.9417 20.09 -4.05
143606 -57.0391 20.09 -4.05
139121 -56.885 20.09 -4.05
140124 -54.2804 20.09 -4.05
140930 -51.4682 20.09 -4.05
144881 -59.8334 20.09 -4.05
147322 -57.4058 20.09 -4.05
150873 -71.5966 20.09 -4.05
141409 -58.2713 20.09 -4.05
143579 -53.8899 20.09 -4.05
139306 -77.2179 20.09 -4.05
150399 -57.9844 20.09 -4.05
146571 -56.4358 20.09 -4.05
139629 -61.8906 20.09 -4.05
242329 -61.5355 -23.72 -28.1
242648 -59.8422 -23.72 -28.1
245564 -63.9161 -23.72 -28.1
241168 -61.9213 -23.72 -28.1
243674 -57.4917 -23.72 -28.1
238252 -62.1198 -23.72 -28.1
231175 -62.6828 -23.72 -28.1
244894 -69.7333 -23.72 -28.1
235596 -65.3294 -23.72 -28.1
238137 -62.6979 -23.72 -28.1
239847 -61.9671 -23.72 -28.1
240934 -65.2547 -23.72 -28.1
247343 -70.7695 -23.72 -28.1
240684 -64.8805 -23.72 -28.1
232789 -64.1246 -23.72 -28.1
238417 -61.256 -23.72 -28.1
241313 -62.5136 -23.72 -28.1
231557 -63.6705 -23.72 -28.1
235823 -59.8551 -23.72 -28.1
235539 -62.6717 -23.72 -28.1
240842 -59.1739 -23.72 -28.1
250381 -68.0841 -23.72 -28.1
239359 -64.4717 -23.72 -28.1
238325 -62.5304 -23.72 -28.1
235241 -63.326 -23.72 -28.1
233888 -64.8041 -23.72 -28.1
242483 -58.8858 -23.72 -28.1
236776 -65.7185 -23.72 -28.1
235531 -59.7635 -23.72 -28.1
231640 -62.605 -23.72 -28.1
240617 -62.1762 -23.72 -28.1
244863 -63.5464 -23.72 -28.1
239760 -60.9206 -23.72 -28.1
239993 -67.9305 -23.72 -28.1
241492 -62.4018 -23.72 -28.1
242173 -66.1401 -23.72 -28.1
240038 -65.3454 -23.72 -28.1
239569 -62.915 -23.72 -28.1
242566 -61.6594 -23.72 -28.1
104174 -59.1084 14.68 7.67
98010 -52.493 14.68 7.67
101924 -52.3977 14.68 7.67
92078 -71.3307 14.68 7.67
58889 -76.7649 14.68 7.67
113123 -55.3365 14.68 7.67
111909 -61.4138 14.68 7.67
104124 -57.0518 14.68 7.67
105344 -62.8297 14.68 7.67
105463 -54.9648 14.68 7.67
108947 -58.5025 14.68 7.67
101618 -55.1481 14.68 7.67
101874 -54.6256 14.68 7.67
102291 -57.3342 14.68 7.67
101650 -62.2677 14.68 7.67
100575 -62.6915 14.68 7.67
114007 -60.8736 14.68 7.67
105896 -54.7656 14.68 7.67
102666 -61.2138 14.68 7.67
105607 -49.7548 14.68 7.67
105982 -57.7497 14.68 7.67
97262 -59.7966 14.68 7.67
107713 -53.0513 14.68 7.67
104330 -59.3046 14.68 7.67
105898 -57.3177 14.68 7.67
107542 -66.414 14.68 7.67
100562 -51.6472 14.68 7.67
110239 -53.6195 14.68 7.67
103222 -60.5771 14.68 7.67
108822 -58.6955 14.68 7.67
100833 -50.9735 14.68 7.67
104596 -64.7463 14.68 7.67
107625 -61.5285 14.68 7.67
108226 -60.6247 14.68 7.67
102659 -55.6956 14.68 7.67
100035 -58.4411 14.68 7.67
104268 -55.9927 14.68 7.67
101036 -55.9409 14.68 7.67
108377 -63.843 14.68 7.67
136153 -57.7703 -8.37 -18.94
145631 -61.6037 -8.37 -18.94
140504 -60.4195 -8.37 -18.94
138349 -60.3184 -8.37 -18.94
141673 -55.3348 -8.37 -18.94
127584 -61.3151 -8.37 -18.94
139882 -58.8823 -8.37 -18.94
134974 -61.6861 -8.37 -18.94
142605 -58.4613 -8.37 -18.94
143755 -59.2351 -8.37 -18.94
139037 -56.1023 -8.37 -18.94
142415 -58.1859 -8.37 -18.94
141993 -59.8744 -8.37 -18.94
136906 -62.9871 -8.37 -18.94
139896 -56.6599 -8.37 -18.94
132097 -63.2351 -8.37 -18.94
131138 -65.9756 -8.37 -18.94
139079 -59.2419 -8.37 -18.94
135802 -60.2737 -8.37 -18.94
131719 -71.2563 -8.37 -18.94
136524 -72.7132 -8.37 -18.94
138899 -59.8465 -8.37 -18.94
137833 -60.6572 -8.37 -18.94
138094 -62.837 -8.37 -18.94
130491 -55.7395 -8.37 -18.94
140073 -58.836 -8.37 -18.94
140126 -60.3892 -8.37 -18.94
132676 -63.3057 -8.37 -18.94
141885 -57.8743 -8.37 -18.94
142399 -57.3696 -8.37 -18.94
137751 -58.3139 -8.37 -18.94
138193 -60.5433 -8.37 -18.94
139903 -59.6883 -8.37 -18.94
138921 -57.9684 -8.37 -18.94
138136 -61.2383 -8.37 -18.94
141519 -63.9232 -8.37 -18.94
145091 -63.5057 -8.37 -18.94
133642 -54.9283 -8.37 -18.94
137034 -59.5344 -8.37 -18.94
107413 -54.709 -8.44 -12.22
105888 -52.6317 -8.44 -12.22
103260 -54.4597 -8.44 -12.22
107532 -53.8196 -8.44 -12.22
102345 -52.4517 -8.44 -12.22
106846 -49.9738 -8.44 -12.22
108824 -61.0849 -8.44 -12.22
100971 -63.8367 -8.44 -12.22
109866 -56.2928 -8.44 -12.22
100831 -55.5424 -8.44 -12.22
108655 -55.7246 -8.44 -12.22
109046 -50.1534 -8.44 -12.22
103319 -55.694 -8.44 -12.22
102719 -52.5848 -8.44 -12.22
109293 -50.9717 -8.44 -12.22
104069 -56.6545 -8.44 -12.22
108019 -52.7759 -8.44 -12.22
106378 -56.3609 -8.44 -12.22
108620 -53.8335 -8.44 -12.22
109936 -64.3076 -8.44 -12.22
102633 -50.2565 -8.44 -12.22
109557 -53.3595 -8.44 -12.22
104465 -51.7084 -8.44 -12.22
102393 -52.2922 -8.44 -12.22
106236 -56.5699 -8.44 -12.22
96565 -66.562 -8.44 -12.22
110700 -64.5518 -8.44 -12.22
109170 -55.5938 -8.44 -12.22
114645 -56.4759 -8.44 -12.22
107543 -52.8003 -8.44 -12.22
107719 -57.0291 -8.44 -12.22
103734 -57.6358 -8.44 -12.22
106232 -53.9508 -8.44 -12.22
103931 -55.7502 -8.44 -12.22
108193 -55.0491 -8.44 -12.22
101639 -55.3763 -8.44 -12.22
103250 -51.4202 -8.44 -12.22
116754 -50.5731 -8.44 -12.22
107598 -64.377 -8.44 -12.22
107986 -51.6713 6.56 -14.58
110415 -52.6103 6.56 -14.58
114005 -61.5911 6.56 -14.58
111293 -57.5365 6.56 -14.58
109175 -57.4884 6.56 -14.58
108712 -53.3534 6.56 -14.58
116479 -55.3701 6.56 -14.58
112353 -54.6793 6.56 -14.58
118354 -55.0119 6.56 -14.58
102275 -55.9893 6.56 -14.58
113827 -59.5274 6.56 -14.58
114782 -59.0233 6.56 -14.58
111866 -51.8913 6.56 -14.58
108720 -57.7156 6.56 -14.58
114923 -54.5307 6.56 -14.58
111971 -60.3756 6.56 -14.58
107143 -55.27 6.56 -14.58
119134 -53.6025 6.56 -14.58
112688 -60.5925 6.56 -14.58
114080 -56.9344 6.56 -14.58
109968 -54.7683 6.56 -14.58
110655 -55.4665 6.56 -14.58
109715 -56.8799 6.56 -14.58
112106 -56.5506 6.56 -14.58
112881 -62.3857 6.56 -14.58
119271 -52.1516 6.56 -14.58
112861 -60.2595 6.56 -14.58
112264 -57.8287 6.56 -14.58
115210 -59.8094 6.56 -14.58
110518 -59.4895 6.56 -14.58
111904 -51.5958 6.56 -14.58
108873 -56.0867 6.56 -14.58
108957 -49.1159 6.56 -14.58
116311 -53.8824 6.56 -14.58
107807 -52.9076 6.56 -14.58
112493 -65.2423 6.56 -14.58
101648 -59.1374 6.56 -14.58
119617 -61.3264 6.56 -14.58
111154 -54.9101 6.56 -14.58
85345 -55.4664 -6.37 10.8
80055 -52.0843 -6.37 10.8
83260 -57.1103 -6.37 10.8
88225 -45.7014 -6.37 10.8
85906 -58.0061 -6.37 10.8
87753 -59.5383 -6.37 10.8
91849 -57.1304 -6.37 10.8
87293 -53.7681 -6.37 10.8
93361 -55.804 -6.37 10.8
82248 -56.9289 -6.37 10.8
91555 -55.9306 -6.37 10.8
86543 -53.7853 -6.37 10.8
92587 -66.0178 -6.37 10.8
88323 -59.488 -6.37 10.8
89562 -52.255 -6.37 10.8
79484 -69.6326 -6.37 10.8
78390 -63.5002 -6.37 10.8
84795 -53.4834 -6.37 10.8
87597 -58.5124 -6.37 10.8
80601 -56.4637 -6.37 10.8
88747 -54.3062 -6.37 10.8
89562 -55.0644 -6.37 10.8
91833 -53.4286 -6.37 10.8
89810 -54.296 -6.37 10.8
89683 -55.7649 -6.37 10.8
89164 -58.6305 -6.37 10.8
92915 -59.1029 -6.37 10.8
88815 -55.3211 -6.37 10.8
92644 -52.9743 -6.37 10.8
86319 -62.6192 -6.37 10.8
83650 -57.2423 -6.37 10.8
87391 -56.0342 -6.37 10.8
87887 -55.3718 -6.37 10.8
85814 -51.5345 -6.37 10.8
90755 -51.3775 -6.37 10.8
87678 -53.7128 -6.37 10.8
90268 -56.5454 -6.37 10.8
83473 -55.3299 -6.37 10.8
84982 -47.7716 -6.37 10.8
92883 -53.5892 -5.46 -13.05
92161 -54.3556 -5.46 -13.05
87830 -58.5191 -5.46 -13.05
98694 -50.8719 -5.46 -13.05
91130 -56.9929 -5.46 -13.05
92518 -54.5242 -5.46 -13.05
93195 -57.5349 -5.46 -13.05
88404 -55.9368 -5.46 -13.05
88310 -56.3443 -5.46 -13.05
97581 -53.4113 -5.46 -13.05
89537 -53.2406 -5.46 -13.05
90956 -52.5655 -5.46 -13.05
92384 -51.5011 -5.46 -13.05
92305 -51.6048 -5.46 -13.05
100250 -54.5507 -5.46 -13.05
94465 -59.9345 -5.46 -13.05
85819 -50.0425 -5.46 -13.05
93942 -54.1473 -5.46 -13.05
89148 -58.6417 -5.46 -13.05
96564 -54.4416 -5.46 -13.05
85516 -63.9463 -5.46 -13.05
92886 -55.6629 -5.46 -13.05
88543 -56.284 -5.46 -13.05
91201 -59.3221 -5.46 -13.05
82554 -60.1173 -5.46 -13.05
92128 -54.3658 -5.46 -13.05
86594 -69.54 -5.46 -13.05
90444 -54.1481 -5.46 -13.05
94411 -52.9783 -5.46 -13.05
90487 -62.5526 -5.46 -13.05
96917 -57.0629 -5.46 -13.05
90028 -59.0846 -5.46 -13.05
94664 -57.1733 -5.46 -13.05
89570 -62.0328 -5.46 -13.05
91246 -58.555 -5.46 -13.05
86522 -61.1215 -5.46 -13.05
93094 -52.4608 -5.46 -13.05
97933 -58.8778 -5.46 -13.05
90280 -54.6948 -5.46 -13.05
167316 -65.0723 0.59 25.01
169876 -57.524 0.59 25.01
163562 -56.3164 0.59 25.01
169761 -64.0348 0.59 25.01
166348 -63.8994 0.59 25.01
164674 -59.0191 0.59 25.01
164717 -60.1774 0.59 25.01
173178 -57.8609 0.59 25.01
146165 -73.8194 0.59 25.01
173012 -58.1655 0.59 25.01
176625 -62.4167 0.59 25.01
159736 -57.1275 0.59 25.01
161576 -64.3576 0.59 25.01
159474 -65.1751 0.59 25.01
172193 -57.1068 0.59 25.01
165480 -61.1656 0.59 25.01
166139 -63.8492 0.59 25.01
168865 -59.2549 0.59 25.01
171630 -65.7497 0.59 25.01
171199 -59.0103 0.59 25.01
164311 -70.3826 0.59 25.01
167318 -65.0101 0.59 25.01
163756 -63.4618 0.59 25.01
161395 -66.4591 0.59 25.01
159918 -66.0717 0.59 25.01
175070 -63.0664 0.59 25.01
166510 -60.9973 0.59 25.01
169623 -61.5202 0.59 25.01
176779 -55.3225 0.59 25.01
160223 -56.786 0.59 25.01
166044 -63.1424 0.59 25.01
166874 -64.1498 0.59 25.01
160543 -66.9035 0.59 25.01
165221 -77.1142 0.59 25.01
165339 -56.2958 0.59 25.01
165223 -58.0319 0.59 25.01
164310 -64.2044 0.59 25.01
169365 -62.1117 0.59 25.01
163926 -56.8009 0.59 25.01
146798 -63.5945 12.61 -17.52
151204 -55.7731 12.61 -17.52
154846 -62.6689 12.61 -17.52
142246 -62.581 12.61 -17.52
157958 -56.4484 12.61 -17.52
146693 -58.827 12.61 -17.52
146598 -79.5355 12.61 -17.52
149748 -63.7326 12.61 -17.52
149248 -58.9168 12.61 -17.52
155397 -64.3891 12.61 -17.52
153418 -56.4821 12.61 -17.52
149032 -58.6518 12.61 -17.52
147085 -58.5327 12.61 -17.52
154999 -53.5561 12.61 -17.52
144868 -57.874 12.61 -17.52
148776 -60.4109 12.61 -17.52
145884 -59.3384 12.61 -17.52
142899 -60.6812 12.61 -17.52
147809 -67.8942 12.61 -17.52
148404 -59.0728 12.61 -17.52
143701 -57.9585 12.61 -17.52
143718 -67.4177 12.61 -17.52
152271 -57.2399 12.61 -17.52
151603 -54.1795 12.61 -17.52
145600 -62.1972 12.61 -17.52
149933 -60.2656 12.61 -17.52
150467 -53.273 12.61 -17.52
135977 -54.6889 12.61 -17.52
146915 -53.7885 12.61 -17.52
146876 -55.9681 12.61 -17.52
149992 -59.8581 12.61 -17.52
152170 -61.6456 12.61 -17.52
146137 -53.9977 12.61 -17.52
152331 -61.1619 12.61 -17.52
144969 -60.9154 12.61 -17.52
149172 -56.5546 12.61 -17.52
143976 -59.7174 12.61 -17.52
142449 -56.439 12.61 -17.52
151135 -62.8322 12.61 -17.52
