#rtt sig_str x y
220366 -62.7421 29.35 -11.73
212282 -63.7927 29.35 -11.73
210942 -58.3251 29.35 -11.73
218294 -57.8402 29.35 -11.73
214209 -62.0001 29.35 -11.73
211302 -59.0057 29.35 -11.73
211491 -62.6958 29.35 -11.73
217062 -62.0447 29.35 -11.73
216260 -64.1583 29.35 -11.73
219485 -64.1084 29.35 -11.73
213601 -62.2228 29.35 -11.73
216377 -60.3807 29.35 -11.73
217046 -61.5488 29.35 -11.73
218310 -64.4307 29.35 -11.73
215450 -69.5104 29.35 -11.73
223218 -62.683 29.35 -11.73
219466 -66.9432 29.35 -11.73
216799 -66.4438 29.35 -11.73
214141 -59.9749 29.35 -11.73
210151 -58.9996 29.35 -11.73
216761 -61.2429 29.35 -11.73
211295 -77.0853 29.35 -11.73
226671 -65.3783 29.35 -11.73
220334 -69.6389 29.35 -11.73
215050 -64.1636 29.35 -11.73
226013 -63.5167 29.35 -11.73
219761 -60.6141 29.35 -11.73
218941 -60.4599 29.35 -11.73
217145 -57.8554 29.35 -11.73
217810 -55.0431 29.35 -11.73
212433 -63.4083 29.35 -11.73
218852 -60.9808 29.35 -11.73
181962 -75.1715 29.35 -11.73
215981 -61.8462 29.35 -11.73
218273 -57.4648 29.35 -11.73
183758 -80.7929 29.35 -11.73
216070 -61.5594 29.35 -11.73
225553 -60.0108 29.35 -11.73
212899 -65.4656 29.35 -11.73
80747 -51.3565 2.97 10.29
83367 -49.6632 2.97 10.29
85937 -53.7371 2.97 10.29
80636 -51.7423 2.97 10.29
84856 -47.3127 2.97 10.29
77898 -51.9408 2.97 10.29
75729 -52.5038 2.97 10.29
78648 -59.5543 2.97 10.29
82708 -55.1504 2.97 10.29
91457 -52.5189 2.97 10.29
88087 -51.7881 2.97 10.29
79262 -55.0757 2.97 10.29
77249 -60.5905 2.97 10.29
81198 -54.7015 2.97 10.29
81086 -53.9456 2.97 10.29
82772 -51.077 2.97 10.29
82417 -52.3346 2.97 10.29
88743 -53.4915 2.97 10.29
80256 -49.6761 2.97 10.29
80183 -52.4927 2.97 10.29
83429 -48.9949 2.97 10.29
85616 -57.9051 2.97 10.29
85725 -54.2927 2.97 10.29
88676 -52.3514 2.97 10.29
82940 -53.147 2.97 10.29
82855 -54.6251 2.97 10.29
82849 -48.7068 2.97 10.29
82607 -55.5395 2.97 10.29
83671 -49.5845 2.97 10.29
84559 -52.426 2.97 10.29
88381 -51.9972 2.97 10.29
87614 -53.3674 2.97 10.29
82700 -50.7416 2.97 10.29
93831 -57.7515 2.97 10.29
86886 -52.2228 2.97 10.29
85625 -55.9611 2.97 10.29
82983 -55.1664 2.97 10.29
85133 -52.736 2.97 10.29
82664 -51.4804 2.97 10.29
90950 -57.7018 -13.12 -4.79
91717 -51.0864 -13.12 -4.79
89246 -50.9911 -13.12 -4.79
77934 -69.9241 -13.12 -4.79
68236 -75.3582 -13.12 -4.79
92107 -53.9299 -13.12 -4.79
91097 -60.0072 -13.12 -4.79
93302 -55.6452 -13.12 -4.79
88829 -61.4231 -13.12 -4.79
95882 -53.5581 -13.12 -4.79
92549 -57.0958 -13.12 -4.79
94017 -53.7415 -13.12 -4.79
93919 -53.2189 -13.12 -4.79
93192 -55.9275 -13.12 -4.79
92573 -60.8611 -13.12 -4.79
90053 -61.2849 -13.12 -4.79
98098 -59.467 -13.12 -4.79
92697 -53.359 -13.12 -4.79
92653 -59.8071 -13.12 -4.79
94018 -48.3481 -13.12 -4.79
96300 -56.3431 -13.12 -4.79
98443 -58.3899 -13.12 -4.79
90804 -51.6446 -13.12 -4.79
91909 -57.898 -13.12 -4.79
88863 -55.9111 -13.12 -4.79
85517 -65.0074 -13.12 -4.79
87323 -50.2406 -13.12 -4.79
97602 -52.2128 -13.12 -4.79
97785 -59.1704 -13.12 -4.79
97244 -57.2889 -13.12 -4.79
93483 -49.5669 -13.12 -4.79
95463 -63.3397 -13.12 -4.79
86988 -60.1219 -13.12 -4.79
94895 -59.2181 -13.12 -4.79
91367 -54.289 -13.12 -4.79
89212 -57.0345 -13.12 -4.79
90197 -54.5861 -13.12 -4.79
94395 -54.5343 -13.12 -4.79
88162 -62.4364 -13.12 -4.79
258110 -62.6422 -25.37 27.44
250965 -66.4756 -25.37 27.44
250259 -65.2914 -25.37 27.44
253682 -65.1903 -25.37 27.44
250191 -60.2067 -25.37 27.44
250589 -66.187 -25.37 27.44
254226 -63.7542 -25.37 27.44
252309 -66.558 -25.37 27.44
248616 -63.3332 -25.37 27.44
250517 -64.107 -25.37 27.44
248943 -60.9742 -25.37 27.44
239449 -63.0578 -25.37 27.44
250363 -64.7463 -25.37 27.44
262478 -67.859 -25.37 27.44
252917 -61.5319 -25.37 27.44
257724 -68.107 -25.37 27.44
232327 -70.8476 -25.37 27.44
253452 -64.1138 -25.37 27.44
253611 -65.1456 -25.37 27.44
257108 -76.1282 -25.37 27.44
178304 -77.5851 -25.37 27.44
247146 -64.7184 -25.37 27.44
248220 -65.5291 -25.37 27.44
240360 -67.709 -25.37 27.44
252255 -60.6114 -25.37 27.44
252048 -63.7079 -25.37 27.44
245875 -65.2611 -25.37 27.44
233402 -68.1776 -25.37 27.44
249524 -62.7462 -25.37 27.44
256442 -62.2415 -25.37 27.44
250671 -63.1859 -25.37 27.44
246729 -65.4152 -25.37 27.44
249279 -64.5602 -25.37 27.44
253425 -62.8403 -25.37 27.44
252593 -66.1102 -25.37 27.44
256268 -68.7951 -25.37 27.44
249841 -68.3777 -25.37 27.44
247494 -59.8002 -25.37 27.44
247785 -64.4063 -25.37 27.44
168084 -59.0399 -3.33 24.88
166316 -56.9626 -3.33 24.88
165905 -58.7905 -3.33 24.88
174766 -58.1505 -3.33 24.88
168849 -56.7826 -3.33 24.88
164987 -54.3047 -3.33 24.88
170023 -65.4158 -3.33 24.88
171713 -68.1675 -3.33 24.88
162284 -60.6237 -3.33 24.88
176037 -59.8733 -3.33 24.88
170073 -60.0555 -3.33 24.88
172230 -54.4843 -3.33 24.88
172204 -60.0249 -3.33 24.88
177300 -56.9157 -3.33 24.88
165974 -55.3026 -3.33 24.88
166202 -60.9854 -3.33 24.88
171109 -57.1068 -3.33 24.88
174666 -60.6918 -3.33 24.88
175313 -58.1644 -3.33 24.88
168114 -68.6385 -3.33 24.88
162579 -54.5873 -3.33 24.88
173186 -57.6904 -3.33 24.88
166439 -56.0393 -3.33 24.88
166461 -56.6231 -3.33 24.88
175278 -60.9008 -3.33 24.88
150002 -70.8929 -3.33 24.88
155944 -68.8827 -3.33 24.88
169276 -59.9247 -3.33 24.88
168909 -60.8068 -3.33 24.88
169945 -57.1312 -3.33 24.88
170106 -61.36 -3.33 24.88
177873 -61.9666 -3.33 24.88
172089 -58.2817 -3.33 24.88
172197 -60.0811 -3.33 24.88
171903 -59.3799 -3.33 24.88
174349 -59.7072 -3.33 24.88
167740 -55.7511 -3.33 24.88
168816 -54.9039 -3.33 24.88
179947 -68.7079 -3.33 24.88
12900 -34.4975 -1.63 -1.15
12740 -35.4366 -1.63 -1.15
19907 -44.4174 -1.63 -1.15
11224 -40.3628 -1.63 -1.15
9162 -40.3147 -1.63 -1.15
12568 -36.1796 -1.63 -1.15
14135 -38.1964 -1.63 -1.15
15624 -37.5056 -1.63 -1.15
16219 -37.8382 -1.63 -1.15
15975 -38.8156 -1.63 -1.15
14916 -42.3536 -1.63 -1.15
17644 -41.8496 -1.63 -1.15
15201 -34.7176 -1.63 -1.15
9382 -40.5419 -1.63 -1.15
6599 -37.357 -1.63 -1.15
16161 -43.2019 -1.63 -1.15
11737 -38.0963 -1.63 -1.15
15452 -36.4288 -1.63 -1.15
16433 -43.4188 -1.63 -1.15
11141 -39.7607 -1.63 -1.15
17592 -37.5946 -1.63 -1.15
20429 -38.2928 -1.63 -1.15
11847 -39.7062 -1.63 -1.15
9035 -39.3769 -1.63 -1.15
15853 -45.212 -1.63 -1.15
13960 -34.9779 -1.63 -1.15
15858 -43.0857 -1.63 -1.15
19541 -40.655 -1.63 -1.15
17340 -42.6357 -1.63 -1.15
9704 -42.3158 -1.63 -1.15
15294 -34.4221 -1.63 -1.15
17111 -38.913 -1.63 -1.15
8940 -31.9422 -1.63 -1.15
17053 -36.7087 -1.63 -1.15
19172 -35.7339 -1.63 -1.15
10579 -48.0686 -1.63 -1.15
12434 -41.9636 -1.63 -1.15
12396 -44.1527 -1.63 -1.15
9035 -37.7364 -1.63 -1.15
196370 -62.6995 -27.09 13.18
190974 -59.3175 -27.09 13.18
202001 -64.3435 -27.09 13.18
187151 -52.9345 -27.09 13.18
194607 -65.2392 -27.09 13.18
199451 -66.7715 -27.09 13.18
196296 -64.3636 -27.09 13.18
193346 -61.0013 -27.09 13.18
186515 -63.0371 -27.09 13.18
194890 -64.1621 -27.09 13.18
188983 -63.1638 -27.09 13.18
190940 -61.0185 -27.09 13.18
204478 -73.251 -27.09 13.18
201647 -66.7211 -27.09 13.18
193748 -59.4881 -27.09 13.18
195441 -76.8658 -27.09 13.18
178378 -70.7334 -27.09 13.18
194931 -60.7166 -27.09 13.18
183709 -65.7456 -27.09 13.18
200113 -63.6969 -27.09 13.18
195994 -61.5394 -27.09 13.18
196633 -62.2976 -27.09 13.18
193051 -60.6618 -27.09 13.18
187739 -61.5292 -27.09 13.18
186611 -62.998 -27.09 13.18
201252 -65.8637 -27.09 13.18
200584 -66.3361 -27.09 13.18
190128 -62.5543 -27.09 13.18
199571 -60.2075 -27.09 13.18
189962 -69.8524 -27.09 13.18
200624 -64.4754 -27.09 13.18
193526 -63.2674 -27.09 13.18
193837 -62.605 -27.09 13.18
196504 -58.7677 -27.09 13.18
187809 -58.6107 -27.09 13.18
193975 -60.9459 -27.09 13.18
191792 -63.7786 -27.09 13.18
193820 -62.5631 -27.09 13.18
191599 -55.0047 -27.09 13.18
138707 -57.1411 -20.2 -8.08
145252 -57.9075 -20.2 -8.08
141771 -62.071 -20.2 -8.08
141864 -54.4238 -20.2 -8.08
138032 -60.5447 -20.2 -8.08
137918 -58.0761 -20.2 -8.08
143130 -61.0868 -20.2 -8.08
140036 -59.4887 -20.2 -8.08
139257 -59.8962 -20.2 -8.08
144949 -56.9632 -20.2 -8.08
152189 -56.7925 -20.2 -8.08
146602 -56.1174 -20.2 -8.08
147516 -55.053 -20.2 -8.08
148910 -55.1566 -20.2 -8.08
149747 -58.1025 -20.2 -8.08
147395 -63.4864 -20.2 -8.08
147526 -53.5944 -20.2 -8.08
152507 -57.6992 -20.2 -8.08
147826 -62.1936 -20.2 -8.08
140702 -57.9935 -20.2 -8.08
146237 -67.4982 -20.2 -8.08
140382 -59.2148 -20.2 -8.08
150788 -59.8359 -20.2 -8.08
137716 -62.874 -20.2 -8.08
147449 -63.6692 -20.2 -8.08
148030 -57.9177 -20.2 -8.08
144871 -73.0919 -20.2 -8.08
142859 -57.7 -20.2 -8.08
143720 -56.5302 -20.2 -8.08
148899 -66.1045 -20.2 -8.08
145519 -60.6148 -20.2 -8.08
149571 -62.6365 -20.2 -8.08
147697 -60.7252 -20.2 -8.08
151093 -65.5847 -20.2 -8.08
144477 -62.1069 -20.2 -8.08
146724 -64.6734 -20.2 -8.08
147863 -56.0127 -20.2 -8.08
142889 -62.4297 -20.2 -8.08
140187 -58.2466 -20.2 -8.08
233668 -67.8843 -23.05 -26.57
234245 -60.336 -23.05 -26.57
230477 -59.1284 -23.05 -26.57
235010 -66.8468 -23.05 -26.57
228329 -66.7113 -23.05 -26.57
236843 -61.8311 -23.05 -26.57
235179 -62.9893 -23.05 -26.57
234991 -60.6729 -23.05 -26.57
162916 -76.6313 -23.05 -26.57
231828 -60.9775 -23.05 -26.57
238691 -65.2286 -23.05 -26.57
233143 -59.9394 -23.05 -26.57
224350 -67.1695 -23.05 -26.57
227174 -67.987 -23.05 -26.57
237534 -59.9188 -23.05 -26.57
234436 -63.9775 -23.05 -26.57
230833 -66.6611 -23.05 -26.57
216719 -62.0668 -23.05 -26.57
238385 -68.5617 -23.05 -26.57
228768 -61.8222 -23.05 -26.57
232908 -73.1946 -23.05 -26.57
238513 -67.8221 -23.05 -26.57
231380 -66.2737 -23.05 -26.57
226491 -69.2711 -23.05 -26.57
217820 -68.8836 -23.05 -26.57
232171 -65.8783 -23.05 -26.57
236285 -63.8093 -23.05 -26.57
240476 -64.3322 -23.05 -26.57
241492 -58.1345 -23.05 -26.57
236736 -59.5979 -23.05 -26.57
230009 -65.9544 -23.05 -26.57
227665 -66.9617 -23.05 -26.57
232530 -69.7154 -23.05 -26.57
153479 -79.9262 -23.05 -26.57
232757 -59.1078 -23.05 -26.57
225837 -60.8439 -23.05 -26.57
235574 -67.0163 -23.05 -26.57
230475 -64.9236 -23.05 -26.57
219416 -59.6129 -23.05 -26.57
114986 -62.3341 7.64 -16.88
120895 -54.5127 7.64 -16.88
115281 -61.4085 7.64 -16.88
126121 -61.3206 7.64 -16.88
122478 -55.188 7.64 -16.88
114922 -57.5666 7.64 -16.88
129664 -78.2751 7.64 -16.88
120778 -62.4722 7.64 -16.88
116215 -57.6564 7.64 -16.88
123171 -63.1287 7.64 -16.88
125359 -55.2218 7.64 -16.88
123200 -57.3914 7.64 -16.88
121323 -57.2723 7.64 -16.88
121916 -52.2957 7.64 -16.88
122629 -56.6136 7.64 -16.88
125656 -59.1505 7.64 -16.88
119683 -58.078 7.64 -16.88
125428 -59.4208 7.64 -16.88
126401 -66.6338 7.64 -16.88
120056 -57.8124 7.64 -16.88
118600 -56.6981 7.64 -16.88
120584 -66.1573 7.64 -16.88
123766 -55.9796 7.64 -16.88
129202 -52.9191 7.64 -16.88
120410 -60.9368 7.64 -16.88
124076 -59.0052 7.64 -16.88
124494 -52.0126 7.64 -16.88
120998 -53.4286 7.64 -16.88
121046 -52.5282 7.64 -16.88
123895 -54.7077 7.64 -16.88
121511 -58.5977 7.64 -16.88
121503 -60.3852 7.64 -16.88
121415 -52.7373 7.64 -16.88
117848 -59.9015 7.64 -16.88
118244 -59.6551 7.64 -16.88
109577 -55.2943 7.64 -16.88
125023 -58.457 7.64 -16.88
115399 -55.1786 7.64 -16.88
128031 -61.5718 7.64 -16.88
