#rtt sig_str x y
146706 -59.8462 -0.32 -22.25
149486 -60.8969 -0.32 -22.25
152524 -55.4293 -0.32 -22.25
153111 -54.9444 -0.32 -22.25
150017 -59.1043 -0.32 -22.25
150054 -56.1099 -0.32 -22.25
150588 -59.8 -0.32 -22.25
145071 -59.1489 -0.32 -22.25
156446 -61.2625 -0.32 -22.25
145553 -61.2126 -0.32 -22.25
148670 -59.327 -0.32 -22.25
153785 -57.4849 -0.32 -22.25
146417 -58.653 -0.32 -22.25
145068 -61.5349 -0.32 -22.25
155299 -66.6146 -0.32 -22.25
152416 -59.7872 -0.32 -22.25
152212 -64.0474 -0.32 -22.25
140899 -63.548 -0.32 -22.25
153820 -57.0791 -0.32 -22.25
148743 -56.1038 -0.32 -22.25
151142 -58.3471 -0.32 -22.25
125081 -74.1895 -0.32 -22.25
148611 -62.4825 -0.32 -22.25
149923 -66.7431 -0.32 -22.25
149767 -61.2678 -0.32 -22.25
148185 -60.6209 -0.32 -22.25
158447 -57.7182 -0.32 -22.25
156033 -57.5641 -0.32 -22.25
142508 -54.9596 -0.32 -22.25
151081 -52.1473 -0.32 -22.25
142398 -60.5125 -0.32 -22.25
154338 -58.085 -0.32 -22.25
147708 -72.2757 -0.32 -22.25
150028 -58.9504 -0.32 -22.25
151064 -54.569 -0.32 -22.25
88670 -77.8971 -0.32 -22.25
150968 -58.6635 -0.32 -22.25
151603 -57.115 -0.32 -22.25
148914 -62.5698 -0.32 -22.25
196967 -59.9403 -16.32 -25.54
198690 -58.2471 -16.32 -25.54
190613 -62.3209 -16.32 -25.54
191192 -60.3262 -16.32 -25.54
196366 -55.8965 -16.32 -25.54
196342 -60.5246 -16.32 -25.54
195519 -61.0876 -16.32 -25.54
188063 -68.1382 -16.32 -25.54
188917 -63.7342 -16.32 -25.54
199449 -61.1027 -16.32 -25.54
195933 -60.3719 -16.32 -25.54
192687 -63.6595 -16.32 -25.54
190890 -69.1743 -16.32 -25.54
182575 -63.2853 -16.32 -25.54
187859 -62.5294 -16.32 -25.54
198477 -59.6608 -16.32 -25.54
199180 -60.9184 -16.32 -25.54
196927 -62.0753 -16.32 -25.54
194847 -58.2599 -16.32 -25.54
192577 -61.0765 -16.32 -25.54
191782 -57.5787 -16.32 -25.54
188367 -66.4889 -16.32 -25.54
189394 -62.8765 -16.32 -25.54
192753 -60.9352 -16.32 -25.54
198120 -61.7309 -16.32 -25.54
195563 -63.2089 -16.32 -25.54
184583 -57.2906 -16.32 -25.54
199264 -64.1233 -16.32 -25.54
198116 -58.1683 -16.32 -25.54
198544 -61.0098 -16.32 -25.54
186909 -60.581 -16.32 -25.54
188072 -61.9512 -16.32 -25.54
199567 -59.3254 -16.32 -25.54
185293 -66.3354 -16.32 -25.54
194635 -60.8066 -16.32 -25.54
196155 -64.5449 -16.32 -25.54
201326 -63.7502 -16.32 -25.54
196330 -61.3198 -16.32 -25.54
191504 -60.0642 -16.32 -25.54
108836 -58.8675 -14.67 6.6
106503 -52.252 -14.67 6.6
109570 -52.1568 -14.67 6.6
108181 -71.0897 -14.67 6.6
59697 -76.5239 -14.67 6.6
102479 -55.0955 -14.67 6.6
105261 -61.1729 -14.67 6.6
100531 -56.8108 -14.67 6.6
100792 -62.5888 -14.67 6.6
101708 -54.7238 -14.67 6.6
114078 -58.2615 -14.67 6.6
105019 -54.9072 -14.67 6.6
115028 -54.3846 -14.67 6.6
109250 -57.0932 -14.67 6.6
101675 -62.0268 -14.67 6.6
104777 -62.4506 -14.67 6.6
113529 -60.6327 -14.67 6.6
98729 -54.5246 -14.67 6.6
102784 -60.9728 -14.67 6.6
102498 -49.5138 -14.67 6.6
106315 -57.5087 -14.67 6.6
104265 -59.5556 -14.67 6.6
110339 -52.8103 -14.67 6.6
103661 -59.0637 -14.67 6.6
113242 -57.0768 -14.67 6.6
98707 -66.1731 -14.67 6.6
106097 -51.4063 -14.67 6.6
109099 -53.3785 -14.67 6.6
106443 -60.3361 -14.67 6.6
103890 -58.4545 -14.67 6.6
102704 -50.7325 -14.67 6.6
92764 -64.5054 -14.67 6.6
106067 -61.2876 -14.67 6.6
107011 -60.3837 -14.67 6.6
107788 -55.4546 -14.67 6.6
110747 -58.2001 -14.67 6.6
101792 -55.7518 -14.67 6.6
110778 -55.6999 -14.67 6.6
104466 -63.602 -14.67 6.6
189832 -60.6587 -6.22 -28.72
192893 -64.4921 -6.22 -28.72
182783 -63.3079 -6.22 -28.72
190211 -63.2068 -6.22 -28.72
191438 -58.2231 -6.22 -28.72
195235 -64.2035 -6.22 -28.72
182079 -61.7707 -6.22 -28.72
199913 -64.5745 -6.22 -28.72
190595 -61.3497 -6.22 -28.72
190880 -62.1235 -6.22 -28.72
191685 -58.9907 -6.22 -28.72
185195 -61.0743 -6.22 -28.72
197595 -62.7627 -6.22 -28.72
190017 -65.8754 -6.22 -28.72
194273 -59.5483 -6.22 -28.72
187625 -66.1235 -6.22 -28.72
183019 -68.864 -6.22 -28.72
191104 -62.1303 -6.22 -28.72
195686 -63.162 -6.22 -28.72
163441 -74.1447 -6.22 -28.72
193001 -75.6016 -6.22 -28.72
187835 -62.7349 -6.22 -28.72
195784 -63.5456 -6.22 -28.72
198941 -65.7254 -6.22 -28.72
193249 -58.6279 -6.22 -28.72
187602 -61.7244 -6.22 -28.72
192417 -63.2776 -6.22 -28.72
186472 -66.1941 -6.22 -28.72
192022 -60.7627 -6.22 -28.72
198865 -60.258 -6.22 -28.72
192571 -61.2023 -6.22 -28.72
194179 -63.4317 -6.22 -28.72
184049 -62.5767 -6.22 -28.72
191614 -60.8568 -6.22 -28.72
190474 -64.1266 -6.22 -28.72
199143 -66.8116 -6.22 -28.72
193745 -66.3941 -6.22 -28.72
193726 -57.8167 -6.22 -28.72
190477 -62.4228 -6.22 -28.72
139794 -58 -7.36 -20.87
136033 -55.9227 -7.36 -20.87
135444 -57.7507 -7.36 -20.87
139062 -57.1106 -7.36 -20.87
137915 -55.7427 -7.36 -20.87
142323 -53.2648 -7.36 -20.87
133066 -64.3759 -7.36 -20.87
138486 -67.1277 -7.36 -20.87
139001 -59.5839 -7.36 -20.87
144190 -58.8334 -7.36 -20.87
144830 -59.0156 -7.36 -20.87
146388 -53.4444 -7.36 -20.87
140196 -58.9851 -7.36 -20.87
142403 -55.8759 -7.36 -20.87
144421 -54.2628 -7.36 -20.87
139356 -59.9455 -7.36 -20.87
138829 -56.0669 -7.36 -20.87
140571 -59.6519 -7.36 -20.87
143831 -57.1245 -7.36 -20.87
146738 -67.5986 -7.36 -20.87
138258 -53.5475 -7.36 -20.87
146107 -56.6505 -7.36 -20.87
145632 -54.9994 -7.36 -20.87
138256 -55.5832 -7.36 -20.87
135455 -59.8609 -7.36 -20.87
153625 -69.853 -7.36 -20.87
135343 -67.8428 -7.36 -20.87
132006 -58.8849 -7.36 -20.87
145791 -59.767 -7.36 -20.87
136780 -56.0913 -7.36 -20.87
142798 -60.3201 -7.36 -20.87
146136 -60.9268 -7.36 -20.87
150203 -57.2418 -7.36 -20.87
146094 -59.0412 -7.36 -20.87
141881 -58.3401 -7.36 -20.87
133961 -58.6673 -7.36 -20.87
136423 -54.7112 -7.36 -20.87
139873 -53.8641 -7.36 -20.87
144261 -67.6681 -7.36 -20.87
263169 -59.3221 29.8 27.29
269985 -60.2611 29.8 27.29
271256 -69.2419 29.8 27.29
276088 -65.1874 29.8 27.29
263716 -65.1392 29.8 27.29
268421 -61.0042 29.8 27.29
265977 -63.021 29.8 27.29
267187 -62.3302 29.8 27.29
274247 -62.6627 29.8 27.29
268071 -63.6402 29.8 27.29
264654 -67.1782 29.8 27.29
260920 -66.6741 29.8 27.29
261648 -59.5421 29.8 27.29
268474 -65.3664 29.8 27.29
265828 -62.1815 29.8 27.29
254538 -68.0265 29.8 27.29
269532 -62.9209 29.8 27.29
271865 -61.2534 29.8 27.29
258452 -68.2434 29.8 27.29
278121 -64.5852 29.8 27.29
274234 -62.4192 29.8 27.29
266655 -63.1173 29.8 27.29
273074 -64.5308 29.8 27.29
268927 -64.2014 29.8 27.29
265453 -70.0365 29.8 27.29
274304 -59.8025 29.8 27.29
264614 -67.9103 29.8 27.29
278886 -65.4795 29.8 27.29
270849 -67.4603 29.8 27.29
271861 -67.1403 29.8 27.29
265758 -59.2466 29.8 27.29
272245 -63.7376 29.8 27.29
263754 -56.7667 29.8 27.29
270910 -61.5333 29.8 27.29
270353 -60.5584 29.8 27.29
279004 -72.8931 29.8 27.29
263346 -66.7882 29.8 27.29
268678 -68.9772 29.8 27.29
266364 -62.561 29.8 27.29
133755 -58.936 -5.51 18.28
124867 -55.5539 -5.51 18.28
125695 -60.5799 -5.51 18.28
133026 -49.171 -5.51 18.28
132008 -61.4757 -5.51 18.28
131642 -63.0079 -5.51 18.28
123732 -60.6 -5.51 18.28
126193 -57.2377 -5.51 18.28
127013 -59.2735 -5.51 18.28
132629 -60.3985 -5.51 18.28
120318 -59.4002 -5.51 18.28
122388 -57.2549 -5.51 18.28
115691 -69.4874 -5.51 18.28
125831 -62.9575 -5.51 18.28
126054 -55.7246 -5.51 18.28
131701 -73.1022 -5.51 18.28
136864 -66.9698 -5.51 18.28
126738 -56.953 -5.51 18.28
127640 -61.982 -5.51 18.28
126110 -59.9333 -5.51 18.28
125919 -57.7758 -5.51 18.28
126826 -58.534 -5.51 18.28
126855 -56.8982 -5.51 18.28
126810 -57.7656 -5.51 18.28
125987 -59.2345 -5.51 18.28
124191 -62.1001 -5.51 18.28
124491 -62.5725 -5.51 18.28
131189 -58.7907 -5.51 18.28
125390 -56.4439 -5.51 18.28
129094 -66.0888 -5.51 18.28
132866 -60.7118 -5.51 18.28
121566 -59.5038 -5.51 18.28
129722 -58.8414 -5.51 18.28
132301 -55.0041 -5.51 18.28
123448 -54.8471 -5.51 18.28
122246 -57.1824 -5.51 18.28
123979 -60.015 -5.51 18.28
123168 -58.7995 -5.51 18.28
124542 -51.2412 -5.51 18.28
154204 -57.3835 16.32 -15.35
146973 -58.1498 16.32 -15.35
152012 -62.3133 16.32 -15.35
150188 -54.6662 16.32 -15.35
144874 -60.7871 16.32 -15.35
149028 -58.3185 16.32 -15.35
142676 -61.3291 16.32 -15.35
147231 -59.7311 16.32 -15.35
144897 -60.1386 16.32 -15.35
148762 -57.2055 16.32 -15.35
150471 -57.0349 16.32 -15.35
153298 -56.3597 16.32 -15.35
148497 -55.2953 16.32 -15.35
146548 -55.399 16.32 -15.35
148796 -58.3449 16.32 -15.35
150026 -63.7288 16.32 -15.35
151812 -53.8367 16.32 -15.35
145923 -57.9416 16.32 -15.35
151644 -62.4359 16.32 -15.35
146458 -58.2359 16.32 -15.35
138653 -67.7406 16.32 -15.35
151196 -59.4572 16.32 -15.35
154009 -60.0783 16.32 -15.35
146572 -63.1164 16.32 -15.35
151403 -63.9116 16.32 -15.35
144063 -58.1601 16.32 -15.35
100234 -73.3343 16.32 -15.35
146742 -57.9424 16.32 -15.35
153798 -56.7726 16.32 -15.35
148086 -66.3469 16.32 -15.35
142252 -60.8572 16.32 -15.35
148096 -62.8788 16.32 -15.35
148633 -60.9676 16.32 -15.35
152834 -65.8271 16.32 -15.35
152120 -62.3493 16.32 -15.35
146830 -64.9158 16.32 -15.35
154551 -56.255 16.32 -15.35
143412 -62.672 16.32 -15.35
144535 -58.489 16.32 -15.35
133554 -62.7253 15.63 -10.49
126971 -55.177 15.63 -10.49
126989 -53.9694 15.63 -10.49
126448 -61.6878 15.63 -10.49
126423 -61.5524 15.63 -10.49
120050 -56.6721 15.63 -10.49
123146 -57.8304 15.63 -10.49
129175 -55.5139 15.63 -10.49
126300 -71.4724 15.63 -10.49
123748 -55.8185 15.63 -10.49
121771 -60.0697 15.63 -10.49
130610 -54.7805 15.63 -10.49
121132 -62.0106 15.63 -10.49
128406 -62.8281 15.63 -10.49
124443 -54.7598 15.63 -10.49
132372 -58.8186 15.63 -10.49
122292 -61.5022 15.63 -10.49
125871 -56.9079 15.63 -10.49
121618 -63.4027 15.63 -10.49
131399 -56.6633 15.63 -10.49
134827 -68.0356 15.63 -10.49
124745 -62.6631 15.63 -10.49
127032 -61.1148 15.63 -10.49
128298 -64.1121 15.63 -10.49
129459 -63.7247 15.63 -10.49
122385 -60.7194 15.63 -10.49
127956 -58.6503 15.63 -10.49
126429 -59.1732 15.63 -10.49
126321 -52.9755 15.63 -10.49
128572 -54.439 15.63 -10.49
133827 -60.7954 15.63 -10.49
126788 -61.8028 15.63 -10.49
109299 -64.5565 15.63 -10.49
78044 -74.7672 15.63 -10.49
122085 -53.9488 15.63 -10.49
134655 -55.6849 15.63 -10.49
121060 -61.8574 15.63 -10.49
125193 -59.7647 15.63 -10.49
129807 -54.4539 15.63 -10.49
67805 -58.7269 -11.4 -3.64
81020 -50.9055 -11.4 -3.64
80365 -57.8013 -11.4 -3.64
73215 -57.7134 -11.4 -3.64
73484 -51.5808 -11.4 -3.64
72219 -53.9594 -11.4 -3.64
20976 -74.6679 -11.4 -3.64
68978 -58.865 -11.4 -3.64
78673 -54.0492 -11.4 -3.64
71610 -59.5215 -11.4 -3.64
72478 -51.6145 -11.4 -3.64
65745 -53.7842 -11.4 -3.64
74703 -53.6651 -11.4 -3.64
79910 -48.6885 -11.4 -3.64
78036 -53.0064 -11.4 -3.64
71614 -55.5433 -11.4 -3.64
78190 -54.4708 -11.4 -3.64
71954 -55.8136 -11.4 -3.64
72530 -63.0266 -11.4 -3.64
78302 -54.2052 -11.4 -3.64
72334 -53.0909 -11.4 -3.64
75963 -62.5501 -11.4 -3.64
77650 -52.3723 -11.4 -3.64
76209 -49.3119 -11.4 -3.64
71892 -57.3296 -11.4 -3.64
73334 -55.398 -11.4 -3.64
78387 -48.4054 -11.4 -3.64
74238 -49.8213 -11.4 -3.64
75118 -48.9209 -11.4 -3.64
74002 -51.1005 -11.4 -3.64
74052 -54.9905 -11.4 -3.64
75978 -56.778 -11.4 -3.64
68389 -49.1301 -11.4 -3.64
73168 -56.2943 -11.4 -3.64
80410 -56.0479 -11.4 -3.64
72534 -51.687 -11.4 -3.64
70905 -54.8498 -11.4 -3.64
74325 -51.5714 -11.4 -3.64
81434 -57.9646 -11.4 -3.64
