#rtt sig_str x y
191619 -61.5741 19.39 19.41
184907 -62.6248 19.39 19.41
192904 -57.1572 19.39 19.41
186915 -56.6723 19.39 19.41
189047 -60.8322 19.39 19.41
191417 -57.8378 19.39 19.41
186967 -61.5279 19.39 19.41
187123 -60.8768 19.39 19.41
187800 -62.9904 19.39 19.41
191082 -62.9405 19.39 19.41
187853 -61.0549 19.39 19.41
188009 -59.2128 19.39 19.41
192546 -60.3809 19.39 19.41
181859 -63.2628 19.39 19.41
183525 -68.3425 19.39 19.41
186445 -61.5151 19.39 19.41
193015 -65.7753 19.39 19.41
176797 -65.2759 19.39 19.41
190122 -58.807 19.39 19.41
191168 -57.8317 19.39 19.41
193000 -60.075 19.39 19.41
183246 -75.9174 19.39 19.41
196037 -64.2104 19.39 19.41
191826 -68.471 19.39 19.41
197669 -62.9957 19.39 19.41
181171 -62.3488 19.39 19.41
191466 -59.4461 19.39 19.41
187434 -59.292 19.39 19.41
184425 -56.6874 19.39 19.41
182365 -53.8752 19.39 19.41
185046 -62.2404 19.39 19.41
189801 -59.8129 19.39 19.41
170041 -74.0036 19.39 19.41
190157 -60.6783 19.39 19.41
185169 -56.2969 19.39 19.41
30202 -79.625 19.39 19.41
183773 -60.3914 19.39 19.41
187459 -58.8429 19.39 19.41
185974 -64.2977 19.39 19.41
237254 -61.2425 -28.44 -21.23
237721 -59.5492 -28.44 -21.23
233681 -63.6231 -28.44 -21.23
241182 -61.6283 -28.44 -21.23
239676 -57.1987 -28.44 -21.23
234419 -61.8268 -28.44 -21.23
232517 -62.3898 -28.44 -21.23
246721 -69.4403 -28.44 -21.23
229979 -65.0364 -28.44 -21.23
240391 -62.4049 -28.44 -21.23
239356 -61.6741 -28.44 -21.23
238264 -64.9617 -28.44 -21.23
234176 -70.4765 -28.44 -21.23
245373 -64.5875 -28.44 -21.23
238037 -63.8316 -28.44 -21.23
237389 -60.963 -28.44 -21.23
234408 -62.2206 -28.44 -21.23
238448 -63.3775 -28.44 -21.23
238023 -59.5621 -28.44 -21.23
236825 -62.3787 -28.44 -21.23
240579 -58.8809 -28.44 -21.23
241308 -67.7911 -28.44 -21.23
229534 -64.1787 -28.44 -21.23
236414 -62.2374 -28.44 -21.23
234564 -63.033 -28.44 -21.23
244646 -64.5111 -28.44 -21.23
239192 -58.5928 -28.44 -21.23
236994 -65.4255 -28.44 -21.23
236471 -59.4705 -28.44 -21.23
235689 -62.312 -28.44 -21.23
240790 -61.8832 -28.44 -21.23
238258 -63.2534 -28.44 -21.23
230378 -60.6276 -28.44 -21.23
224332 -67.6375 -28.44 -21.23
239824 -62.1088 -28.44 -21.23
232350 -65.8471 -28.44 -21.23
234163 -65.0524 -28.44 -21.23
239812 -62.622 -28.44 -21.23
236711 -61.3664 -28.44 -21.23
113728 -59.7953 -17.36 -4.76
111427 -53.1799 -17.36 -4.76
124482 -53.0847 -17.36 -4.76
113911 -72.0176 -17.36 -4.76
120533 -77.4518 -17.36 -4.76
113201 -56.0234 -17.36 -4.76
120586 -62.1007 -17.36 -4.76
117353 -57.7387 -17.36 -4.76
119217 -63.5167 -17.36 -4.76
122126 -55.6517 -17.36 -4.76
124720 -59.1894 -17.36 -4.76
121934 -55.835 -17.36 -4.76
118875 -55.3125 -17.36 -4.76
116380 -58.0211 -17.36 -4.76
118307 -62.9546 -17.36 -4.76
111347 -63.3784 -17.36 -4.76
118924 -61.5606 -17.36 -4.76
125895 -55.4525 -17.36 -4.76
119541 -61.9007 -17.36 -4.76
118546 -50.4417 -17.36 -4.76
125665 -58.4366 -17.36 -4.76
115859 -60.4835 -17.36 -4.76
123115 -53.7382 -17.36 -4.76
116710 -59.9915 -17.36 -4.76
112254 -58.0046 -17.36 -4.76
127260 -67.1009 -17.36 -4.76
119943 -52.3341 -17.36 -4.76
122243 -54.3064 -17.36 -4.76
123545 -61.264 -17.36 -4.76
119406 -59.3824 -17.36 -4.76
120123 -51.6604 -17.36 -4.76
118744 -65.4332 -17.36 -4.76
119814 -62.2154 -17.36 -4.76
113470 -61.3116 -17.36 -4.76
118483 -56.3825 -17.36 -4.76
121301 -59.128 -17.36 -4.76
120623 -56.6796 -17.36 -4.76
124431 -56.6278 -17.36 -4.76
119111 -64.5299 -17.36 -4.76
137445 -57.853 7.11 19.67
136471 -61.6864 7.11 19.67
136531 -60.5022 7.11 19.67
141182 -60.4011 7.11 19.67
139219 -55.4174 7.11 19.67
139135 -61.3978 7.11 19.67
135216 -58.965 7.11 19.67
134208 -61.7688 7.11 19.67
136880 -58.544 7.11 19.67
141477 -59.3178 7.11 19.67
143061 -56.185 7.11 19.67
138941 -58.2686 7.11 19.67
142389 -59.9571 7.11 19.67
142909 -63.0697 7.11 19.67
146756 -56.7426 7.11 19.67
142155 -63.3178 7.11 19.67
130022 -66.0583 7.11 19.67
137793 -59.3246 7.11 19.67
135036 -60.3564 7.11 19.67
92301 -71.339 7.11 19.67
139703 -72.7959 7.11 19.67
140672 -59.9292 7.11 19.67
139232 -60.7399 7.11 19.67
135923 -62.9197 7.11 19.67
137207 -55.8222 7.11 19.67
141397 -58.9187 7.11 19.67
144178 -60.4719 7.11 19.67
137084 -63.3884 7.11 19.67
138741 -57.957 7.11 19.67
144144 -57.4523 7.11 19.67
141429 -58.3966 7.11 19.67
144626 -60.626 7.11 19.67
132561 -59.771 7.11 19.67
137060 -58.0511 7.11 19.67
137319 -61.321 7.11 19.67
143009 -64.0059 7.11 19.67
143682 -63.5884 7.11 19.67
136767 -55.011 7.11 19.67
133974 -59.6171 7.11 19.67
170821 -59.1495 -24.11 8.11
165648 -57.0721 -24.11 8.11
164103 -58.9001 -24.11 8.11
181264 -58.26 -24.11 8.11
174277 -56.8922 -24.11 8.11
174247 -54.4142 -24.11 8.11
179134 -65.5254 -24.11 8.11
168086 -68.2771 -24.11 8.11
174895 -60.7333 -24.11 8.11
172761 -59.9829 -24.11 8.11
175587 -60.1651 -24.11 8.11
170867 -54.5939 -24.11 8.11
168098 -60.1345 -24.11 8.11
175528 -57.0253 -24.11 8.11
172169 -55.4122 -24.11 8.11
170957 -61.0949 -24.11 8.11
176608 -57.2163 -24.11 8.11
171417 -60.8014 -24.11 8.11
169622 -58.2739 -24.11 8.11
159725 -68.7481 -24.11 8.11
166461 -54.6969 -24.11 8.11
173782 -57.8 -24.11 8.11
170871 -56.1489 -24.11 8.11
175722 -56.7327 -24.11 8.11
169937 -61.0104 -24.11 8.11
168249 -71.0025 -24.11 8.11
179882 -68.9923 -24.11 8.11
166697 -60.0343 -24.11 8.11
178219 -60.9164 -24.11 8.11
169401 -57.2408 -24.11 8.11
165182 -61.4695 -24.11 8.11
171142 -62.0762 -24.11 8.11
171689 -58.3913 -24.11 8.11
171071 -60.1907 -24.11 8.11
174274 -59.4895 -24.11 8.11
176781 -59.8168 -24.11 8.11
169036 -55.8607 -24.11 8.11
174724 -55.0135 -24.11 8.11
177247 -68.8175 -24.11 8.11
48928 -45.2984 7.21 -1.6
42270 -46.2374 7.21 -1.6
33948 -55.2182 7.21 -1.6
43948 -51.1637 7.21 -1.6
42190 -51.1155 7.21 -1.6
38748 -46.9805 7.21 -1.6
41605 -48.9972 7.21 -1.6
42392 -48.3065 7.21 -1.6
39453 -48.639 7.21 -1.6
38746 -49.6165 7.21 -1.6
41921 -53.1545 7.21 -1.6
47621 -52.6504 7.21 -1.6
36919 -45.5184 7.21 -1.6
40551 -51.3427 7.21 -1.6
45347 -48.1578 7.21 -1.6
39135 -54.0027 7.21 -1.6
44603 -48.8971 7.21 -1.6
40243 -47.2296 7.21 -1.6
37480 -54.2196 7.21 -1.6
43947 -50.5615 7.21 -1.6
38855 -48.3955 7.21 -1.6
39006 -49.0936 7.21 -1.6
40061 -50.5071 7.21 -1.6
41307 -50.1777 7.21 -1.6
38626 -56.0128 7.21 -1.6
39870 -45.7787 7.21 -1.6
41568 -53.8866 7.21 -1.6
41756 -51.4558 7.21 -1.6
37855 -53.4366 7.21 -1.6
38479 -53.1166 7.21 -1.6
40105 -45.2229 7.21 -1.6
41659 -49.7138 7.21 -1.6
42832 -42.743 7.21 -1.6
39012 -47.5095 7.21 -1.6
39763 -46.5347 7.21 -1.6
38219 -58.8694 7.21 -1.6
41380 -52.7645 7.21 -1.6
44524 -54.9535 7.21 -1.6
42027 -48.5373 7.21 -1.6
213348 -63.5785 -26.77 20.16
212557 -60.1964 -26.77 20.16
218095 -65.2224 -26.77 20.16
217206 -53.8134 -26.77 20.16
217840 -66.1181 -26.77 20.16
209498 -67.6504 -26.77 20.16
213573 -65.2425 -26.77 20.16
222465 -61.8802 -26.77 20.16
220825 -63.916 -26.77 20.16
202270 -65.041 -26.77 20.16
213758 -64.0427 -26.77 20.16
218072 -61.8974 -26.77 20.16
219860 -74.1299 -26.77 20.16
215420 -67.6 -26.77 20.16
212481 -60.3671 -26.77 20.16
212086 -77.7447 -26.77 20.16
216951 -71.6123 -26.77 20.16
217453 -61.5955 -26.77 20.16
216191 -66.6245 -26.77 20.16
218897 -64.5758 -26.77 20.16
220586 -62.4183 -26.77 20.16
220694 -63.1765 -26.77 20.16
212149 -61.5407 -26.77 20.16
215824 -62.4081 -26.77 20.16
205041 -63.877 -26.77 20.16
221302 -66.7426 -26.77 20.16
206999 -67.215 -26.77 20.16
220806 -63.4332 -26.77 20.16
213106 -61.0864 -26.77 20.16
206246 -70.7313 -26.77 20.16
207995 -65.3543 -26.77 20.16
213818 -64.1463 -26.77 20.16
219507 -63.4839 -26.77 20.16
216055 -59.6466 -26.77 20.16
215535 -59.4896 -26.77 20.16
217550 -61.8248 -26.77 20.16
220507 -64.6575 -26.77 20.16
214156 -63.442 -26.77 20.16
221981 -55.8836 -26.77 20.16
267671 -62.0388 27.64 -28.06
269164 -62.8052 27.64 -28.06
264304 -66.9686 27.64 -28.06
263931 -59.3215 27.64 -28.06
258646 -65.4424 27.64 -28.06
257540 -62.9738 27.64 -28.06
273701 -65.9844 27.64 -28.06
267076 -64.3864 27.64 -28.06
272042 -64.7939 27.64 -28.06
260584 -61.8608 27.64 -28.06
265051 -61.6902 27.64 -28.06
265255 -61.015 27.64 -28.06
259682 -59.9506 27.64 -28.06
264704 -60.0543 27.64 -28.06
265640 -63.0002 27.64 -28.06
259757 -68.3841 27.64 -28.06
273687 -58.492 27.64 -28.06
263429 -62.5969 27.64 -28.06
266248 -67.0912 27.64 -28.06
265436 -62.8912 27.64 -28.06
242351 -72.3959 27.64 -28.06
274771 -64.1125 27.64 -28.06
266199 -64.7336 27.64 -28.06
265867 -67.7717 27.64 -28.06
265315 -68.5669 27.64 -28.06
266598 -62.8154 27.64 -28.06
250919 -77.9896 27.64 -28.06
263205 -62.5977 27.64 -28.06
264731 -61.4279 27.64 -28.06
283621 -71.0022 27.64 -28.06
267890 -65.5125 27.64 -28.06
265878 -67.5341 27.64 -28.06
272021 -65.6229 27.64 -28.06
269308 -70.4824 27.64 -28.06
268046 -67.0046 27.64 -28.06
265269 -69.5711 27.64 -28.06
273013 -60.9103 27.64 -28.06
270238 -67.3274 27.64 -28.06
265177 -63.1443 27.64 -28.06
260980 -68.6572 28.83 -25.71
263933 -61.1088 28.83 -25.71
261730 -59.9013 28.83 -25.71
246422 -67.6196 28.83 -25.71
260973 -67.4842 28.83 -25.71
265103 -62.604 28.83 -25.71
261317 -63.7622 28.83 -25.71
253115 -61.4458 28.83 -25.71
264743 -77.4042 28.83 -25.71
247115 -61.7504 28.83 -25.71
265683 -66.0015 28.83 -25.71
256623 -60.7123 28.83 -25.71
239750 -67.9424 28.83 -25.71
271037 -68.7599 28.83 -25.71
258950 -60.6916 28.83 -25.71
265500 -64.7504 28.83 -25.71
260461 -67.434 28.83 -25.71
258416 -62.8397 28.83 -25.71
250505 -69.3345 28.83 -25.71
259179 -62.5951 28.83 -25.71
259701 -73.9675 28.83 -25.71
253134 -68.5949 28.83 -25.71
272642 -67.0466 28.83 -25.71
254645 -70.044 28.83 -25.71
259162 -69.6565 28.83 -25.71
258565 -66.6512 28.83 -25.71
250710 -64.5821 28.83 -25.71
261794 -65.1051 28.83 -25.71
258276 -58.9074 28.83 -25.71
260619 -60.3708 28.83 -25.71
260955 -66.7273 28.83 -25.71
249038 -67.7346 28.83 -25.71
261219 -70.4883 28.83 -25.71
315628 -80.6991 28.83 -25.71
254931 -59.8807 28.83 -25.71
267060 -61.6168 28.83 -25.71
264488 -67.7892 28.83 -25.71
263016 -65.6965 28.83 -25.71
259280 -60.3857 28.83 -25.71
126036 -61.6273 1.27 -16.96
120643 -53.8059 1.27 -16.96
113454 -60.7017 1.27 -16.96
122793 -60.6138 1.27 -16.96
121700 -54.4812 1.27 -16.96
122528 -56.8599 1.27 -16.96
71137 -77.5683 1.27 -16.96
112806 -61.7654 1.27 -16.96
124470 -56.9496 1.27 -16.96
116687 -62.4219 1.27 -16.96
116874 -54.515 1.27 -16.96
112015 -56.6846 1.27 -16.96
115741 -56.5656 1.27 -16.96
119466 -51.589 1.27 -16.96
119065 -55.9068 1.27 -16.96
117222 -58.4438 1.27 -16.96
120147 -57.3712 1.27 -16.96
109085 -58.714 1.27 -16.96
121986 -65.927 1.27 -16.96
116762 -57.1056 1.27 -16.96
112394 -55.9913 1.27 -16.96
119841 -65.4505 1.27 -16.96
118539 -55.2728 1.27 -16.96
120316 -52.2123 1.27 -16.96
123326 -60.23 1.27 -16.96
120527 -58.2984 1.27 -16.96
111350 -51.3058 1.27 -16.96
127746 -52.7218 1.27 -16.96
120966 -51.8214 1.27 -16.96
125683 -54.001 1.27 -16.96
120172 -57.8909 1.27 -16.96
119034 -59.6784 1.27 -16.96
116938 -52.0305 1.27 -16.96
107041 -59.1947 1.27 -16.96
114346 -58.9483 1.27 -16.96
120367 -54.5875 1.27 -16.96
114364 -57.7502 1.27 -16.96
116973 -54.4718 1.27 -16.96
112077 -60.865 1.27 -16.96
