#rtt sig_str x y
123559 -58.5356 -4.79 -18.37
121041 -59.5862 -4.79 -18.37
123009 -54.1187 -4.79 -18.37
118423 -53.6338 -4.79 -18.37
120317 -57.7936 -4.79 -18.37
116855 -54.7993 -4.79 -18.37
119773 -58.4893 -4.79 -18.37
121915 -57.8382 -4.79 -18.37
127106 -59.9519 -4.79 -18.37
118791 -59.9019 -4.79 -18.37
128451 -58.0163 -4.79 -18.37
127640 -56.1743 -4.79 -18.37
122979 -57.3423 -4.79 -18.37
130287 -60.2243 -4.79 -18.37
123944 -65.304 -4.79 -18.37
120584 -58.4766 -4.79 -18.37
122642 -62.7367 -4.79 -18.37
124010 -62.2373 -4.79 -18.37
121298 -55.7685 -4.79 -18.37
124321 -54.7932 -4.79 -18.37
123185 -57.0364 -4.79 -18.37
137492 -72.8788 -4.79 -18.37
118799 -61.1719 -4.79 -18.37
119317 -65.4324 -4.79 -18.37
126237 -59.9572 -4.79 -18.37
119675 -59.3102 -4.79 -18.37
126030 -56.4076 -4.79 -18.37
119993 -56.2535 -4.79 -18.37
125468 -53.6489 -4.79 -18.37
121287 -50.8367 -4.79 -18.37
125603 -59.2019 -4.79 -18.37
121701 -56.7743 -4.79 -18.37
133492 -70.9651 -4.79 -18.37
118894 -57.6398 -4.79 -18.37
128643 -53.2584 -4.79 -18.37
80946 -76.5864 -4.79 -18.37
127330 -57.3529 -4.79 -18.37
128381 -55.8043 -4.79 -18.37
124073 -61.2591 -4.79 -18.37
212333 -60.1153 -8.21 -29.85
203999 -58.422 -8.21 -29.85
197153 -62.4959 -8.21 -29.85
205583 -60.5011 -8.21 -29.85
205702 -56.0715 -8.21 -29.85
204413 -60.6995 -8.21 -29.85
209235 -61.2625 -8.21 -29.85
208308 -68.3131 -8.21 -29.85
200994 -63.9092 -8.21 -29.85
203985 -61.2777 -8.21 -29.85
212728 -60.5469 -8.21 -29.85
207872 -63.8344 -8.21 -29.85
199367 -69.3493 -8.21 -29.85
208891 -63.4603 -8.21 -29.85
206420 -62.7043 -8.21 -29.85
212017 -59.8358 -8.21 -29.85
201935 -61.0934 -8.21 -29.85
206312 -62.2503 -8.21 -29.85
203365 -58.4349 -8.21 -29.85
206498 -61.2515 -8.21 -29.85
206955 -57.7537 -8.21 -29.85
206345 -66.6638 -8.21 -29.85
199796 -63.0515 -8.21 -29.85
208207 -61.1102 -8.21 -29.85
204209 -61.9058 -8.21 -29.85
208324 -63.3839 -8.21 -29.85
210809 -57.4656 -8.21 -29.85
210831 -64.2983 -8.21 -29.85
212997 -58.3433 -8.21 -29.85
208399 -61.1848 -8.21 -29.85
207423 -60.7559 -8.21 -29.85
213031 -62.1261 -8.21 -29.85
198765 -59.5003 -8.21 -29.85
207827 -66.5103 -8.21 -29.85
203767 -60.9816 -8.21 -29.85
198192 -64.7198 -8.21 -29.85
204496 -63.9252 -8.21 -29.85
204220 -61.4948 -8.21 -29.85
209305 -60.2392 -8.21 -29.85
226881 -65.2917 -18.91 29.5
224158 -58.6762 -18.91 29.5
228374 -58.581 -18.91 29.5
225081 -77.5139 -18.91 29.5
218124 -61.6522 -18.91 29.5
229363 -59.7322 -18.91 29.5
226982 -57.9584 -18.91 29.5
226389 -64.8231 -18.91 29.5
233154 -63.9744 -18.91 29.5
225114 -61.0047 -18.91 29.5
226664 -63.5721 -18.91 29.5
231293 -70.7733 -18.91 29.5
226734 -61.1271 -18.91 29.5
233142 -77.9575 -18.91 29.5
222362 -66.8469 -18.91 29.5
230183 -67.447 -18.91 29.5
219118 -61.1582 -18.91 29.5
231470 -68.3942 -18.91 29.5
230951 -65.4741 -18.91 29.5
217525 -63.6265 -18.91 29.5
226733 -61.0706 -18.91 29.5
228873 -70.0265 -18.91 29.5
232688 -61.164 -18.91 29.5
231608 -62.0149 -18.91 29.5
222125 -60.8157 -18.91 29.5
223339 -64.7156 -18.91 29.5
228471 -58.7828 -18.91 29.5
223371 -60.896 -18.91 29.5
225492 -67.0757 -18.91 29.5
225796 -74.0573 -18.91 29.5
231477 -65.9039 -18.91 29.5
231552 -68.2507 -18.91 29.5
226428 -58.7263 -18.91 29.5
217143 -65.2279 -18.91 29.5
232400 -61.8168 -18.91 29.5
234739 -65.6943 -18.91 29.5
218024 -69.3666 -18.91 29.5
224613 -58.6107 -18.91 29.5
226134 -60.9288 -18.91 29.5
106097 -55.4028 1.1 -15.83
106936 -55.1394 1.1 -15.83
100458 -59.0247 1.1 -15.83
113869 -56.5504 1.1 -15.83
108615 -54.1758 1.1 -15.83
110039 -64.4049 1.1 -15.83
100792 -61.8491 1.1 -15.83
99502 -58.9326 1.1 -15.83
101412 -52.8539 1.1 -15.83
101939 -59.545 1.1 -15.83
108325 -60.7729 1.1 -15.83
105984 -53.8262 1.1 -15.83
102310 -58.0741 1.1 -15.83
102781 -54.5523 1.1 -15.83
106077 -62.7607 1.1 -15.83
103922 -57.126 1.1 -15.83
107058 -51.5765 1.1 -15.83
116413 -54.1867 1.1 -15.83
105743 -60.6599 1.1 -15.83
106317 -54.7319 1.1 -15.83
103242 -57.82 1.1 -15.83
101271 -58.1993 1.1 -15.83
105448 -57.2792 1.1 -15.83
102412 -57.2962 1.1 -15.83
107262 -61.0052 1.1 -15.83
106834 -56.6026 1.1 -15.83
99824 -56.3387 1.1 -15.83
103459 -62.9815 1.1 -15.83
112373 -67.391 1.1 -15.83
105237 -57.7346 1.1 -15.83
102235 -61.5677 1.1 -15.83
104428 -60.593 1.1 -15.83
107608 -60.6593 1.1 -15.83
106333 -57.378 1.1 -15.83
104400 -56.5555 1.1 -15.83
105504 -57.2969 1.1 -15.83
107879 -56.5324 1.1 -15.83
102274 -63.028 1.1 -15.83
103790 -72.0129 1.1 -15.83
238340 -75.9808 -29.49 -16.98
225884 -61.0301 -29.49 -16.98
224592 -61.9566 -29.49 -16.98
216110 -61.1099 -29.49 -16.98
229903 -65.1274 -29.49 -16.98
224877 -54.2007 -29.49 -16.98
223207 -66.3133 -29.49 -16.98
220973 -63.9599 -29.49 -16.98
223673 -64.2468 -29.49 -16.98
224834 -60.4932 -29.49 -16.98
221321 -63.3545 -29.49 -16.98
225304 -59.7661 -29.49 -16.98
228320 -61.0578 -29.49 -16.98
225901 -61.8219 -29.49 -16.98
225240 -68.1316 -29.49 -16.98
224852 -61.7649 -29.49 -16.98
218902 -60.0562 -29.49 -16.98
220645 -64.3982 -29.49 -16.98
223223 -57.4454 -29.49 -16.98
219707 -60.0148 -29.49 -16.98
222037 -63.8257 -29.49 -16.98
219737 -63.4149 -29.49 -16.98
229668 -60.1436 -29.49 -16.98
216513 -67.7407 -29.49 -16.98
217091 -60.075 -29.49 -16.98
222877 -60.0638 -29.49 -16.98
220546 -62.8682 -29.49 -16.98
197500 -68.2123 -29.49 -16.98
222518 -62.117 -29.49 -16.98
222064 -60.0112 -29.49 -16.98
224823 -59.1504 -29.49 -16.98
221937 -61.5871 -29.49 -16.98
231912 -64.8553 -29.49 -16.98
217865 -58.1437 -29.49 -16.98
230482 -63.5864 -29.49 -16.98
214083 -57.6412 -29.49 -16.98
220768 -61.5976 -29.49 -16.98
222240 -60.8169 -29.49 -16.98
225704 -59.0081 -29.49 -16.98
206376 -60.8898 28.14 -15.43
203606 -62.751 28.14 -15.43
203549 -67.8167 28.14 -15.43
202810 -66.3086 28.14 -15.43
207089 -68.8517 28.14 -15.43
205953 -64.9106 28.14 -15.43
204916 -60.2808 28.14 -15.43
201830 -64.552 28.14 -15.43
202662 -61.3134 28.14 -15.43
196725 -59.2877 28.14 -15.43
203069 -67.7598 28.14 -15.43
200124 -65.2855 28.14 -15.43
201859 -64.2954 28.14 -15.43
204693 -63.1221 28.14 -15.43
207053 -64.2736 28.14 -15.43
204765 -59.9841 28.14 -15.43
206562 -66.4022 28.14 -15.43
204006 -60.4149 28.14 -15.43
206312 -69.5062 28.14 -15.43
204534 -62.8847 28.14 -15.43
198148 -60.8742 28.14 -15.43
213042 -67.9827 28.14 -15.43
203986 -58.1327 28.14 -15.43
203782 -60.7151 28.14 -15.43
207837 -63.6146 28.14 -15.43
211869 -56.4566 28.14 -15.43
202522 -60.6376 28.14 -15.43
209613 -60.3802 28.14 -15.43
200364 -68.8176 28.14 -15.43
205088 -55.9102 28.14 -15.43
204469 -58.1244 28.14 -15.43
205025 -68.2304 28.14 -15.43
208748 -64.8925 28.14 -15.43
206102 -57.3913 28.14 -15.43
203523 -61.8507 28.14 -15.43
193772 -67.672 28.14 -15.43
207124 -63.0232 28.14 -15.43
194707 -68.7559 28.14 -15.43
204646 -60.9051 28.14 -15.43
122269 -54.7243 18.09 -3.34
118612 -65.959 18.09 -3.34
121999 -63.8424 18.09 -3.34
115109 -49.995 18.09 -3.34
113992 -65.0474 18.09 -3.34
120404 -56.0789 18.09 -3.34
126278 -55.2624 18.09 -3.34
122647 -58.6568 18.09 -3.34
117173 -58.4171 18.09 -3.34
110041 -62.0259 18.09 -3.34
128162 -58.8762 18.09 -3.34
121073 -66.4599 18.09 -3.34
118785 -60.4587 18.09 -3.34
117296 -56.9168 18.09 -3.34
122465 -53.2605 18.09 -3.34
118619 -60.5482 18.09 -3.34
117379 -50.4172 18.09 -3.34
120442 -64.2366 18.09 -3.34
117718 -58.5637 18.09 -3.34
123552 -60.3557 18.09 -3.34
116611 -62.906 18.09 -3.34
122270 -57.698 18.09 -3.34
124920 -59.6954 18.09 -3.34
117855 -54.0773 18.09 -3.34
125350 -57.2508 18.09 -3.34
124589 -55.9587 18.09 -3.34
119380 -55.1178 18.09 -3.34
109601 -53.6532 18.09 -3.34
117413 -58.6912 18.09 -3.34
115757 -59.0971 18.09 -3.34
123710 -65.483 18.09 -3.34
116383 -61.9218 18.09 -3.34
122644 -64.7948 18.09 -3.34
126651 -58.7452 18.09 -3.34
117806 -57.3173 18.09 -3.34
117414 -56.7574 18.09 -3.34
119266 -51.5459 18.09 -3.34
123091 -61.6776 18.09 -3.34
122044 -57.3764 18.09 -3.34
99414 -54.9852 15.44 -0.11
104440 -52.4718 15.44 -0.11
95452 -61.4094 15.44 -0.11
102780 -59.9749 15.44 -0.11
108835 -61.8654 15.44 -0.11
95770 -56.8491 15.44 -0.11
104527 -63.2169 15.44 -0.11
108281 -58.0638 15.44 -0.11
114070 -51.047 15.44 -0.11
97376 -61.3676 15.44 -0.11
99207 -58.2853 15.44 -0.11
101101 -56.7258 15.44 -0.11
102961 -53.0655 15.44 -0.11
107766 -53.6974 15.44 -0.11
104372 -55.6936 15.44 -0.11
101900 -55.276 15.44 -0.11
97053 -54.086 15.44 -0.11
96316 -55.8958 15.44 -0.11
102220 -55.2944 15.44 -0.11
96592 -55.5444 15.44 -0.11
100603 -56.2383 15.44 -0.11
103372 -52.9314 15.44 -0.11
102967 -61.3674 15.44 -0.11
98319 -52.9087 15.44 -0.11
105808 -55.3549 15.44 -0.11
101400 -51.9265 15.44 -0.11
100613 -52.1795 15.44 -0.11
105497 -62.3696 15.44 -0.11
104609 -62.7436 15.44 -0.11
94755 -55.6923 15.44 -0.11
95769 -56.388 15.44 -0.11
103388 -53.3197 15.44 -0.11
101056 -55.7237 15.44 -0.11
110808 -59.5683 15.44 -0.11
100996 -56.29 15.44 -0.11
105029 -50.898 15.44 -0.11
101426 -53.2069 15.44 -0.11
106938 -55.1656 15.44 -0.11
106174 -50.6534 15.44 -0.11
87783 -54.2542 10.29 -7.15
86760 -51.9821 10.29 -7.15
88965 -57.2033 10.29 -7.15
84685 -51.9869 10.29 -7.15
92523 -54.9538 10.29 -7.15
91144 -54.3995 10.29 -7.15
82664 -57.1114 10.29 -7.15
85629 -51.7345 10.29 -7.15
85613 -56.6116 10.29 -7.15
91594 -50.6774 10.29 -7.15
92196 -69.7242 10.29 -7.15
87534 -52.2394 10.29 -7.15
88420 -60.0042 10.29 -7.15
83999 -52.4981 10.29 -7.15
81309 -56.061 10.29 -7.15
92069 -57.5644 10.29 -7.15
86311 -52.5163 10.29 -7.15
84074 -49.0119 10.29 -7.15
92317 -58.5275 10.29 -7.15
93482 -51.8871 10.29 -7.15
88992 -59.2911 10.29 -7.15
87524 -51.3729 10.29 -7.15
91903 -50.8141 10.29 -7.15
91309 -49.3108 10.29 -7.15
87395 -59.01 10.29 -7.15
94384 -53.8322 10.29 -7.15
88764 -52.9923 10.29 -7.15
81816 -53.2512 10.29 -7.15
90454 -51.6402 10.29 -7.15
87115 -57.0822 10.29 -7.15
85984 -58.1909 10.29 -7.15
92378 -53.337 10.29 -7.15
92878 -55.7771 10.29 -7.15
88562 -51.6432 10.29 -7.15
87010 -52.713 10.29 -7.15
87689 -51.7558 10.29 -7.15
89164 -50.2057 10.29 -7.15
91369 -50.3528 10.29 -7.15
91812 -54.1588 10.29 -7.15
194859 -63.9266 -28.23 -9.38
198331 -60.478 -28.23 -9.38
201775 -60.6305 -28.23 -9.38
199326 -59.1616 -28.23 -9.38
198876 -62.7922 -28.23 -9.38
195186 -58.3155 -28.23 -9.38
201296 -54.5151 -28.23 -9.38
195895 -58.3926 -28.23 -9.38
201540 -59.2751 -28.23 -9.38
191021 -59.2761 -28.23 -9.38
201347 -70.3427 -28.23 -9.38
196667 -61.2252 -28.23 -9.38
202583 -60.1081 -28.23 -9.38
199430 -61.0245 -28.23 -9.38
201865 -57.4502 -28.23 -9.38
194919 -61.0205 -28.23 -9.38
205030 -61.9732 -28.23 -9.38
193254 -64.0157 -28.23 -9.38
203787 -55.8153 -28.23 -9.38
199886 -65.3528 -28.23 -9.38
198902 -62.9704 -28.23 -9.38
202109 -66.4122 -28.23 -9.38
196861 -58.4795 -28.23 -9.38
201250 -64.4547 -28.23 -9.38
196034 -60.153 -28.23 -9.38
199376 -61.0964 -28.23 -9.38
202050 -61.1643 -28.23 -9.38
195043 -63.6025 -28.23 -9.38
203340 -64.8427 -28.23 -9.38
178134 -71.7827 -28.23 -9.38
198310 -59.3681 -28.23 -9.38
194242 -60.7743 -28.23 -9.38
201459 -68.8506 -28.23 -9.38
201962 -57.3295 -28.23 -9.38
203220 -57.7159 -28.23 -9.38
194088 -66.6249 -28.23 -9.38
207696 -67.3123 -28.23 -9.38
206293 -61.4117 -28.23 -9.38
196341 -57.5031 -28.23 -9.38
