#rtt sig_str x y
174795 -61.4672 -24.42 11.71
182263 -62.5179 -24.42 11.71
180114 -57.0503 -24.42 11.71
180629 -56.5654 -24.42 11.71
176986 -60.7252 -24.42 11.71
181641 -57.7309 -24.42 11.71
173303 -61.4209 -24.42 11.71
182154 -60.7698 -24.42 11.71
181063 -62.8835 -24.42 11.71
183637 -62.8335 -24.42 11.71
172602 -60.9479 -24.42 11.71
176515 -59.1059 -24.42 11.71
176172 -60.2739 -24.42 11.71
177901 -63.1559 -24.42 11.71
177537 -68.2356 -24.42 11.71
177808 -61.4082 -24.42 11.71
173450 -65.6683 -24.42 11.71
178841 -65.169 -24.42 11.71
174718 -58.7001 -24.42 11.71
178816 -57.7248 -24.42 11.71
178775 -59.968 -24.42 11.71
146817 -75.8104 -24.42 11.71
177295 -64.1035 -24.42 11.71
170566 -68.3641 -24.42 11.71
177422 -62.8888 -24.42 11.71
180388 -62.2419 -24.42 11.71
178759 -59.3392 -24.42 11.71
173386 -59.1851 -24.42 11.71
180519 -56.5805 -24.42 11.71
177001 -53.7683 -24.42 11.71
175495 -62.1335 -24.42 11.71
173871 -59.7059 -24.42 11.71
138034 -73.8967 -24.42 11.71
182166 -60.5714 -24.42 11.71
174607 -56.19 -24.42 11.71
117460 -79.5181 -24.42 11.71
173174 -60.2845 -24.42 11.71
173483 -58.7359 -24.42 11.71
175892 -64.1907 -24.42 11.71
272084 -62.2969 28.3 28.73
267513 -60.6036 28.3 28.73
258069 -64.6775 28.3 28.73
272132 -62.6827 28.3 28.73
266996 -58.2531 28.3 28.73
272057 -62.8811 28.3 28.73
261474 -63.4441 28.3 28.73
279053 -70.4947 28.3 28.73
263560 -66.0908 28.3 28.73
263364 -63.4593 28.3 28.73
267650 -62.7285 28.3 28.73
257767 -66.016 28.3 28.73
272345 -71.5309 28.3 28.73
271480 -65.6419 28.3 28.73
271434 -64.8859 28.3 28.73
261219 -62.0174 28.3 28.73
258165 -63.275 28.3 28.73
272840 -64.4319 28.3 28.73
269851 -60.6165 28.3 28.73
256282 -63.4331 28.3 28.73
267728 -59.9353 28.3 28.73
258578 -68.8454 28.3 28.73
272228 -65.2331 28.3 28.73
270587 -63.2918 28.3 28.73
269810 -64.0874 28.3 28.73
273877 -65.5655 28.3 28.73
267334 -59.6472 28.3 28.73
263691 -66.4799 28.3 28.73
265015 -60.5249 28.3 28.73
276595 -63.3664 28.3 28.73
263651 -62.9375 28.3 28.73
263918 -64.3077 28.3 28.73
266421 -61.6819 28.3 28.73
257911 -68.6919 28.3 28.73
259824 -63.1632 28.3 28.73
273996 -66.9014 28.3 28.73
263135 -66.1068 28.3 28.73
262034 -63.6764 28.3 28.73
270317 -62.4208 28.3 28.73
101932 -58.3787 -0.97 -15.13
97319 -51.7632 -0.97 -15.13
110390 -51.668 -0.97 -15.13
99314 -70.6009 -0.97 -15.13
77341 -76.0351 -0.97 -15.13
96254 -54.6067 -0.97 -15.13
94525 -60.6841 -0.97 -15.13
100488 -56.322 -0.97 -15.13
91807 -62.1 -0.97 -15.13
95276 -54.235 -0.97 -15.13
97097 -57.7727 -0.97 -15.13
103795 -54.4184 -0.97 -15.13
98077 -53.8958 -0.97 -15.13
100711 -56.6044 -0.97 -15.13
96951 -61.538 -0.97 -15.13
102931 -61.9618 -0.97 -15.13
93873 -60.1439 -0.97 -15.13
102244 -54.0358 -0.97 -15.13
100120 -60.484 -0.97 -15.13
100613 -49.025 -0.97 -15.13
95613 -57.0199 -0.97 -15.13
98310 -59.0668 -0.97 -15.13
94056 -52.3215 -0.97 -15.13
99556 -58.5749 -0.97 -15.13
107843 -56.588 -0.97 -15.13
96136 -65.6843 -0.97 -15.13
93054 -50.9175 -0.97 -15.13
100211 -52.8897 -0.97 -15.13
96436 -59.8473 -0.97 -15.13
96060 -57.9657 -0.97 -15.13
97154 -50.2437 -0.97 -15.13
96483 -64.0166 -0.97 -15.13
102162 -60.7988 -0.97 -15.13
106318 -59.8949 -0.97 -15.13
105482 -54.9658 -0.97 -15.13
92384 -57.7113 -0.97 -15.13
99752 -55.263 -0.97 -15.13
99210 -55.2111 -0.97 -15.13
96833 -63.1132 -0.97 -15.13
220665 -61.5826 -15.45 29.01
217180 -65.4161 -15.45 29.01
216446 -64.2319 -15.45 29.01
219165 -64.1308 -15.45 29.01
208507 -59.1471 -15.45 29.01
213604 -65.1275 -15.45 29.01
217685 -62.6947 -15.45 29.01
214554 -65.4984 -15.45 29.01
222921 -62.2737 -15.45 29.01
209745 -63.0475 -15.45 29.01
215511 -59.9147 -15.45 29.01
219800 -61.9983 -15.45 29.01
210808 -63.6867 -15.45 29.01
224653 -66.7994 -15.45 29.01
218917 -60.4723 -15.45 29.01
209514 -67.0475 -15.45 29.01
227397 -69.788 -15.45 29.01
209869 -63.0542 -15.45 29.01
214754 -64.086 -15.45 29.01
179982 -75.0687 -15.45 29.01
229704 -76.5255 -15.45 29.01
217625 -63.6589 -15.45 29.01
210620 -64.4696 -15.45 29.01
215825 -66.6494 -15.45 29.01
212298 -59.5519 -15.45 29.01
216102 -62.6484 -15.45 29.01
217913 -64.2015 -15.45 29.01
213771 -67.1181 -15.45 29.01
215548 -61.6866 -15.45 29.01
221838 -61.1819 -15.45 29.01
213779 -62.1263 -15.45 29.01
207925 -64.3557 -15.45 29.01
212972 -63.5007 -15.45 29.01
212323 -61.7808 -15.45 29.01
212900 -65.0506 -15.45 29.01
224030 -67.7356 -15.45 29.01
209949 -67.3181 -15.45 29.01
216551 -58.7407 -15.45 29.01
220631 -63.3468 -15.45 29.01
87575 -53.9461 1.87 13.41
84492 -51.8688 1.87 13.41
89946 -53.6967 1.87 13.41
89514 -53.0566 1.87 13.41
85753 -51.6888 1.87 13.41
90536 -49.2109 1.87 13.41
82933 -60.322 1.87 13.41
89287 -63.0737 1.87 13.41
85156 -55.5299 1.87 13.41
88032 -54.7795 1.87 13.41
93695 -54.9617 1.87 13.41
87476 -49.3905 1.87 13.41
94669 -54.9311 1.87 13.41
92399 -51.8219 1.87 13.41
83884 -50.2088 1.87 13.41
90762 -55.8916 1.87 13.41
85730 -52.0129 1.87 13.41
89339 -55.598 1.87 13.41
85397 -53.0706 1.87 13.41
90214 -63.5447 1.87 13.41
92487 -49.4935 1.87 13.41
83843 -52.5966 1.87 13.41
86655 -50.9455 1.87 13.41
88417 -51.5293 1.87 13.41
87832 -55.807 1.87 13.41
90605 -65.7991 1.87 13.41
84871 -63.7889 1.87 13.41
85824 -54.8309 1.87 13.41
89007 -55.713 1.87 13.41
85401 -52.0374 1.87 13.41
80569 -56.2662 1.87 13.41
89552 -56.8728 1.87 13.41
90036 -53.1879 1.87 13.41
91486 -54.9873 1.87 13.41
89397 -54.2861 1.87 13.41
88480 -54.6134 1.87 13.41
87885 -50.6573 1.87 13.41
84138 -49.8101 1.87 13.41
91479 -63.6141 1.87 13.41
97873 -49.9493 -12.87 1.66
93559 -50.8884 -12.87 1.66
85093 -59.8692 -12.87 1.66
90521 -55.8146 -12.87 1.66
92601 -55.7665 -12.87 1.66
93684 -51.6314 -12.87 1.66
96495 -53.6482 -12.87 1.66
92530 -52.9574 -12.87 1.66
95529 -53.29 -12.87 1.66
95716 -54.2674 -12.87 1.66
91647 -57.8054 -12.87 1.66
95913 -57.3014 -12.87 1.66
98295 -50.1694 -12.87 1.66
92671 -55.9937 -12.87 1.66
99204 -52.8088 -12.87 1.66
98041 -58.6537 -12.87 1.66
90740 -53.5481 -12.87 1.66
95077 -51.8806 -12.87 1.66
96158 -58.8706 -12.87 1.66
87345 -55.2125 -12.87 1.66
90483 -53.0464 -12.87 1.66
92293 -53.7446 -12.87 1.66
91293 -55.158 -12.87 1.66
94876 -54.8287 -12.87 1.66
97533 -60.6638 -12.87 1.66
99162 -50.4297 -12.87 1.66
91832 -58.5375 -12.87 1.66
97262 -56.1068 -12.87 1.66
97154 -58.0875 -12.87 1.66
96036 -57.7676 -12.87 1.66
91272 -49.8739 -12.87 1.66
98398 -54.3648 -12.87 1.66
90526 -47.394 -12.87 1.66
92978 -52.1605 -12.87 1.66
98298 -51.1857 -12.87 1.66
86895 -63.5204 -12.87 1.66
95508 -57.4154 -12.87 1.66
93531 -59.6045 -12.87 1.66
100639 -53.1882 -12.87 1.66
159527 -61.0002 21.76 -11.3
161906 -57.6182 21.76 -11.3
153258 -62.6442 21.76 -11.3
164233 -51.2352 21.76 -11.3
157473 -63.5399 21.76 -11.3
162806 -65.0722 21.76 -11.3
158707 -62.6643 21.76 -11.3
157486 -59.302 21.76 -11.3
162511 -61.3378 21.76 -11.3
161831 -62.4627 21.76 -11.3
159532 -61.4645 21.76 -11.3
164710 -59.3192 21.76 -11.3
154314 -71.5517 21.76 -11.3
161817 -65.0218 21.76 -11.3
156854 -57.7888 21.76 -11.3
157003 -75.1664 21.76 -11.3
143541 -69.0341 21.76 -11.3
157814 -59.0173 21.76 -11.3
169115 -64.0463 21.76 -11.3
155416 -61.9975 21.76 -11.3
159471 -59.8401 21.76 -11.3
161522 -60.5983 21.76 -11.3
169801 -58.9625 21.76 -11.3
163942 -59.8299 21.76 -11.3
159613 -61.2987 21.76 -11.3
166061 -64.1644 21.76 -11.3
158128 -64.6367 21.76 -11.3
161931 -60.855 21.76 -11.3
159105 -58.5082 21.76 -11.3
164534 -68.1531 21.76 -11.3
159222 -62.7761 21.76 -11.3
159065 -61.5681 21.76 -11.3
157772 -60.9057 21.76 -11.3
161348 -57.0684 21.76 -11.3
162315 -56.9114 21.76 -11.3
163987 -59.2466 21.76 -11.3
161450 -62.0793 21.76 -11.3
157067 -60.8637 21.76 -11.3
164334 -53.3054 21.76 -11.3
204475 -60.4077 -27.54 -16.92
203538 -61.174 -27.54 -16.92
195394 -65.3375 -27.54 -16.92
203603 -57.6903 -27.54 -16.92
206676 -63.8113 -27.54 -16.92
206906 -61.3426 -27.54 -16.92
204610 -64.3533 -27.54 -16.92
202623 -62.7553 -27.54 -16.92
207232 -63.1628 -27.54 -16.92
205356 -60.2297 -27.54 -16.92
208003 -60.059 -27.54 -16.92
205193 -59.3839 -27.54 -16.92
209695 -58.3195 -27.54 -16.92
202630 -58.4232 -27.54 -16.92
209222 -61.3691 -27.54 -16.92
201914 -66.753 -27.54 -16.92
207247 -56.8609 -27.54 -16.92
211718 -60.9657 -27.54 -16.92
209890 -65.4601 -27.54 -16.92
206424 -61.26 -27.54 -16.92
188850 -70.7648 -27.54 -16.92
210868 -62.4813 -27.54 -16.92
201023 -63.1024 -27.54 -16.92
221392 -66.1406 -27.54 -16.92
209362 -66.9357 -27.54 -16.92
211103 -61.1843 -27.54 -16.92
133589 -76.3585 -27.54 -16.92
201062 -60.9666 -27.54 -16.92
202845 -59.7968 -27.54 -16.92
198471 -69.3711 -27.54 -16.92
206092 -63.8813 -27.54 -16.92
208011 -65.903 -27.54 -16.92
206976 -63.9917 -27.54 -16.92
195186 -68.8513 -27.54 -16.92
211957 -65.3734 -27.54 -16.92
212545 -67.94 -27.54 -16.92
216215 -59.2792 -27.54 -16.92
196517 -65.6962 -27.54 -16.92
206380 -61.5132 -27.54 -16.92
174559 -65.3857 -23.5 11.09
165154 -57.8374 -23.5 11.09
171550 -56.6298 -23.5 11.09
167380 -64.3482 -23.5 11.09
166955 -64.2128 -23.5 11.09
166261 -59.3325 -23.5 11.09
169765 -60.4908 -23.5 11.09
168644 -58.1743 -23.5 11.09
169145 -74.1327 -23.5 11.09
165208 -58.4789 -23.5 11.09
167250 -62.7301 -23.5 11.09
166529 -57.4409 -23.5 11.09
164976 -64.6709 -23.5 11.09
168401 -65.4885 -23.5 11.09
164556 -57.4202 -23.5 11.09
161540 -61.479 -23.5 11.09
168532 -64.1625 -23.5 11.09
162454 -59.5683 -23.5 11.09
162713 -66.0631 -23.5 11.09
166857 -59.3236 -23.5 11.09
159738 -70.696 -23.5 11.09
160790 -65.3235 -23.5 11.09
163316 -63.7752 -23.5 11.09
170460 -66.7725 -23.5 11.09
169022 -66.385 -23.5 11.09
165042 -63.3798 -23.5 11.09
163669 -61.3107 -23.5 11.09
160465 -61.8336 -23.5 11.09
163824 -55.6359 -23.5 11.09
167938 -57.0994 -23.5 11.09
173483 -63.4558 -23.5 11.09
166446 -64.4631 -23.5 11.09
168546 -67.2169 -23.5 11.09
174805 -77.4276 -23.5 11.09
171499 -56.6092 -23.5 11.09
170203 -58.3453 -23.5 11.09
159404 -64.5178 -23.5 11.09
167128 -62.4251 -23.5 11.09
164506 -57.1143 -23.5 11.09
127578 -62.83 16.03 -11.41
128611 -55.0086 16.03 -11.41
133878 -61.9044 16.03 -11.41
122722 -61.8165 16.03 -11.41
131901 -55.6839 16.03 -11.41
130346 -58.0625 16.03 -11.41
85088 -78.771 16.03 -11.41
135253 -62.9681 16.03 -11.41
135066 -58.1523 16.03 -11.41
130780 -63.6246 16.03 -11.41
132883 -55.7177 16.03 -11.41
136998 -57.8873 16.03 -11.41
129390 -57.7682 16.03 -11.41
128013 -52.7916 16.03 -11.41
127067 -57.1095 16.03 -11.41
133353 -59.6464 16.03 -11.41
122783 -58.5739 16.03 -11.41
126998 -59.9167 16.03 -11.41
119265 -67.1297 16.03 -11.41
127398 -58.3083 16.03 -11.41
128470 -57.194 16.03 -11.41
128857 -66.6532 16.03 -11.41
124138 -56.4755 16.03 -11.41
128493 -53.415 16.03 -11.41
131359 -61.4327 16.03 -11.41
123526 -59.5011 16.03 -11.41
129525 -52.5085 16.03 -11.41
128636 -53.9244 16.03 -11.41
128190 -53.0241 16.03 -11.41
127691 -55.2036 16.03 -11.41
128281 -59.0936 16.03 -11.41
124618 -60.8811 16.03 -11.41
128726 -53.2332 16.03 -11.41
125154 -60.3974 16.03 -11.41
128539 -60.151 16.03 -11.41
126550 -55.7901 16.03 -11.41
135353 -58.9529 16.03 -11.41
133642 -55.6745 16.03 -11.41
130906 -62.0677 16.03 -11.41
