#rtt sig_str x y
143398 -59.5944 -8.09 20.01
140539 -60.6451 -8.09 20.01
132480 -55.1775 -8.09 20.01
134978 -54.6926 -8.09 20.01
139933 -58.8525 -8.09 20.01
134646 -55.8581 -8.09 20.01
135208 -59.5482 -8.09 20.01
143349 -58.8971 -8.09 20.01
139692 -61.0107 -8.09 20.01
140659 -60.9608 -8.09 20.01
140919 -59.0752 -8.09 20.01
133628 -57.2331 -8.09 20.01
135282 -58.4012 -8.09 20.01
139183 -61.2831 -8.09 20.01
144834 -66.3628 -8.09 20.01
140033 -59.5354 -8.09 20.01
135016 -63.7956 -8.09 20.01
130810 -63.2962 -8.09 20.01
134197 -56.8273 -8.09 20.01
140125 -55.852 -8.09 20.01
137763 -58.0953 -8.09 20.01
122866 -73.9377 -8.09 20.01
128591 -62.2307 -8.09 20.01
141477 -66.4913 -8.09 20.01
140258 -61.016 -8.09 20.01
140390 -60.3691 -8.09 20.01
135055 -57.4664 -8.09 20.01
134867 -57.3123 -8.09 20.01
143665 -54.7078 -8.09 20.01
141564 -51.8955 -8.09 20.01
137842 -60.2607 -8.09 20.01
138778 -57.8332 -8.09 20.01
129800 -72.0239 -8.09 20.01
138130 -58.6986 -8.09 20.01
135505 -54.3172 -8.09 20.01
132892 -77.6453 -8.09 20.01
135825 -58.4117 -8.09 20.01
145227 -56.8632 -8.09 20.01
136793 -62.318 -8.09 20.01
147100 -57.9009 -2.93 23.49
144189 -56.2077 -2.93 23.49
149002 -60.2815 -2.93 23.49
150855 -58.2868 -2.93 23.49
148532 -53.8571 -2.93 23.49
154775 -58.4852 -2.93 23.49
151431 -59.0482 -2.93 23.49
150817 -66.0988 -2.93 23.49
150735 -61.6949 -2.93 23.49
149883 -59.0633 -2.93 23.49
153530 -58.3326 -2.93 23.49
154450 -61.6201 -2.93 23.49
151950 -67.135 -2.93 23.49
148417 -61.2459 -2.93 23.49
151945 -60.49 -2.93 23.49
151599 -57.6214 -2.93 23.49
152954 -58.879 -2.93 23.49
157818 -60.036 -2.93 23.49
159208 -56.2205 -2.93 23.49
161118 -59.0372 -2.93 23.49
156639 -55.5393 -2.93 23.49
158331 -64.4495 -2.93 23.49
156987 -60.8372 -2.93 23.49
155155 -58.8958 -2.93 23.49
154432 -59.6915 -2.93 23.49
158499 -61.1695 -2.93 23.49
152565 -55.2512 -2.93 23.49
150713 -62.0839 -2.93 23.49
158695 -56.1289 -2.93 23.49
152220 -58.9705 -2.93 23.49
154314 -58.5416 -2.93 23.49
148131 -59.9118 -2.93 23.49
154166 -57.286 -2.93 23.49
153700 -64.296 -2.93 23.49
145842 -58.7672 -2.93 23.49
148571 -62.5055 -2.93 23.49
154196 -61.7109 -2.93 23.49
149357 -59.2804 -2.93 23.49
152660 -58.0248 -2.93 23.49
185952 -63.3671 -0.24 27.75
173361 -56.7517 -0.24 27.75
175769 -56.6564 -0.24 27.75
181244 -75.5894 -0.24 27.75
22994 -81.0236 -0.24 27.75
171797 -59.5952 -0.24 27.75
178620 -65.6725 -0.24 27.75
178552 -61.3105 -0.24 27.75
191623 -67.0884 -0.24 27.75
180453 -59.2234 -0.24 27.75
188267 -62.7611 -0.24 27.75
181905 -59.4068 -0.24 27.75
174592 -58.8842 -0.24 27.75
174948 -61.5928 -0.24 27.75
180230 -66.5264 -0.24 27.75
181149 -66.9502 -0.24 27.75
175064 -65.1323 -0.24 27.75
178095 -59.0243 -0.24 27.75
187216 -65.4724 -0.24 27.75
185164 -54.0135 -0.24 27.75
178974 -62.0084 -0.24 27.75
183431 -64.0552 -0.24 27.75
183970 -57.3099 -0.24 27.75
174876 -63.5633 -0.24 27.75
184490 -61.5764 -0.24 27.75
181649 -70.6727 -0.24 27.75
180619 -55.9059 -0.24 27.75
183080 -57.8782 -0.24 27.75
179218 -64.8358 -0.24 27.75
174789 -62.9542 -0.24 27.75
182132 -55.2322 -0.24 27.75
177448 -69.005 -0.24 27.75
186438 -65.7872 -0.24 27.75
180757 -64.8834 -0.24 27.75
182129 -59.9543 -0.24 27.75
178023 -62.6998 -0.24 27.75
183127 -60.2514 -0.24 27.75
182812 -60.1996 -0.24 27.75
180939 -68.1017 -0.24 27.75
245390 -62.7331 -25.47 27.91
253960 -66.5665 -25.47 27.91
243710 -65.3823 -25.47 27.91
252483 -65.2812 -25.47 27.91
244219 -60.2975 -25.47 27.91
258110 -66.2779 -25.47 27.91
252715 -63.8451 -25.47 27.91
252051 -66.6489 -25.47 27.91
252980 -63.4241 -25.47 27.91
253380 -64.1979 -25.47 27.91
252647 -61.0651 -25.47 27.91
248391 -63.1487 -25.47 27.91
235323 -64.8371 -25.47 27.91
258525 -67.9498 -25.47 27.91
245925 -61.6227 -25.47 27.91
250310 -68.1979 -25.47 27.91
242703 -70.9384 -25.47 27.91
253173 -64.2047 -25.47 27.91
247893 -65.2364 -25.47 27.91
236284 -76.2191 -25.47 27.91
171306 -77.676 -25.47 27.91
256421 -64.8093 -25.47 27.91
256071 -65.62 -25.47 27.91
249959 -67.7998 -25.47 27.91
248422 -60.7023 -25.47 27.91
251379 -63.7988 -25.47 27.91
250174 -65.352 -25.47 27.91
238655 -68.2685 -25.47 27.91
253075 -62.8371 -25.47 27.91
250588 -62.3324 -25.47 27.91
254741 -63.2767 -25.47 27.91
257998 -65.5061 -25.47 27.91
260278 -64.6511 -25.47 27.91
254160 -62.9312 -25.47 27.91
259152 -66.201 -25.47 27.91
247290 -68.886 -25.47 27.91
262946 -68.4685 -25.47 27.91
254957 -59.8911 -25.47 27.91
246330 -64.4972 -25.47 27.91
32286 -45.5028 4.31 2.26
40764 -43.4254 4.31 2.26
39528 -45.2534 4.31 2.26
35937 -44.6133 4.31 2.26
40530 -43.2454 4.31 2.26
39322 -40.7675 4.31 2.26
37494 -51.8786 4.31 2.26
34646 -54.6304 4.31 2.26
39574 -47.0866 4.31 2.26
35129 -46.3361 4.31 2.26
38431 -46.5184 4.31 2.26
35357 -40.9471 4.31 2.26
39306 -46.4878 4.31 2.26
35985 -43.3786 4.31 2.26
36850 -41.7655 4.31 2.26
34183 -47.4482 4.31 2.26
36714 -43.5696 4.31 2.26
35631 -47.1546 4.31 2.26
37340 -44.6272 4.31 2.26
41164 -55.1013 4.31 2.26
37006 -41.0502 4.31 2.26
36272 -44.1532 4.31 2.26
31702 -42.5021 4.31 2.26
34165 -43.086 4.31 2.26
37706 -47.3636 4.31 2.26
29221 -57.3558 4.31 2.26
45986 -55.3456 4.31 2.26
42297 -46.3876 4.31 2.26
37861 -47.2697 4.31 2.26
32925 -43.594 4.31 2.26
35323 -47.8228 4.31 2.26
34865 -48.4295 4.31 2.26
36947 -44.7445 4.31 2.26
42716 -46.544 4.31 2.26
37504 -45.8428 4.31 2.26
38754 -46.17 4.31 2.26
41204 -42.214 4.31 2.26
37364 -41.3668 4.31 2.26
37930 -55.1708 4.31 2.26
161518 -54.1787 -12.62 -17.61
152927 -55.1178 -12.62 -17.61
156407 -64.0985 -12.62 -17.61
157253 -60.044 -12.62 -17.61
153734 -59.9959 -12.62 -17.61
148059 -55.8608 -12.62 -17.61
155985 -57.8776 -12.62 -17.61
155942 -57.1868 -12.62 -17.61
160016 -57.5194 -12.62 -17.61
156261 -58.4968 -12.62 -17.61
156589 -62.0348 -12.62 -17.61
155701 -61.5308 -12.62 -17.61
153658 -54.3988 -12.62 -17.61
156685 -60.2231 -12.62 -17.61
155399 -57.0382 -12.62 -17.61
153158 -62.8831 -12.62 -17.61
159183 -57.7775 -12.62 -17.61
159932 -56.11 -12.62 -17.61
151788 -63.1 -12.62 -17.61
152730 -59.4419 -12.62 -17.61
150746 -57.2758 -12.62 -17.61
151707 -57.974 -12.62 -17.61
148472 -59.3874 -12.62 -17.61
157529 -59.0581 -12.62 -17.61
160304 -64.8932 -12.62 -17.61
156426 -54.6591 -12.62 -17.61
150502 -62.7669 -12.62 -17.61
152056 -60.3361 -12.62 -17.61
154110 -62.3169 -12.62 -17.61
159416 -61.997 -12.62 -17.61
156339 -54.1033 -12.62 -17.61
150880 -58.5942 -12.62 -17.61
155921 -51.6234 -12.62 -17.61
149309 -56.3899 -12.62 -17.61
160950 -55.415 -12.62 -17.61
147792 -67.7498 -12.62 -17.61
148417 -61.6448 -12.62 -17.61
155529 -63.8339 -12.62 -17.61
157075 -57.4176 -12.62 -17.61
146922 -60.8864 -11.47 21.29
158271 -57.5043 -11.47 21.29
154621 -62.5303 -11.47 21.29
151359 -51.1214 -11.47 21.29
153794 -63.4261 -11.47 21.29
149766 -64.9583 -11.47 21.29
147373 -62.5504 -11.47 21.29
157018 -59.1881 -11.47 21.29
150044 -61.224 -11.47 21.29
155646 -62.3489 -11.47 21.29
151219 -61.3506 -11.47 21.29
160070 -59.2053 -11.47 21.29
142237 -71.4378 -11.47 21.29
153571 -64.908 -11.47 21.29
158894 -57.675 -11.47 21.29
162603 -75.0526 -11.47 21.29
161422 -68.9202 -11.47 21.29
157019 -58.9034 -11.47 21.29
155751 -63.9324 -11.47 21.29
144711 -61.8837 -11.47 21.29
150450 -59.7262 -11.47 21.29
158836 -60.4844 -11.47 21.29
154990 -58.8486 -11.47 21.29
145757 -59.716 -11.47 21.29
153271 -61.1849 -11.47 21.29
155985 -64.0505 -11.47 21.29
158458 -64.5229 -11.47 21.29
146308 -60.7411 -11.47 21.29
150107 -58.3943 -11.47 21.29
146555 -68.0392 -11.47 21.29
150952 -62.6623 -11.47 21.29
155669 -61.4543 -11.47 21.29
147675 -60.7918 -11.47 21.29
154749 -56.9545 -11.47 21.29
154500 -56.7975 -11.47 21.29
151053 -59.1328 -11.47 21.29
150438 -61.9654 -11.47 21.29
154995 -60.7499 -11.47 21.29
153981 -53.1916 -11.47 21.29
74703 -52.0488 -7.51 -9.02
71374 -52.8151 -7.51 -9.02
76902 -56.9786 -7.51 -9.02
68117 -49.3315 -7.51 -9.02
78233 -55.4524 -7.51 -9.02
74190 -52.9837 -7.51 -9.02
69350 -55.9944 -7.51 -9.02
74410 -54.3964 -7.51 -9.02
77304 -54.8039 -7.51 -9.02
65957 -51.8708 -7.51 -9.02
71447 -51.7002 -7.51 -9.02
69448 -51.025 -7.51 -9.02
74490 -49.9606 -7.51 -9.02
76820 -50.0643 -7.51 -9.02
57484 -53.0102 -7.51 -9.02
71106 -58.3941 -7.51 -9.02
71066 -48.502 -7.51 -9.02
71466 -52.6069 -7.51 -9.02
70106 -57.1012 -7.51 -9.02
71310 -52.9012 -7.51 -9.02
76995 -62.4059 -7.51 -9.02
69168 -54.1224 -7.51 -9.02
76970 -54.7436 -7.51 -9.02
71882 -57.7817 -7.51 -9.02
72875 -58.5769 -7.51 -9.02
70850 -52.8254 -7.51 -9.02
74894 -67.9996 -7.51 -9.02
64063 -52.6077 -7.51 -9.02
75035 -51.4379 -7.51 -9.02
75109 -61.0122 -7.51 -9.02
66790 -55.5224 -7.51 -9.02
74894 -57.5441 -7.51 -9.02
67532 -55.6329 -7.51 -9.02
74467 -60.4924 -7.51 -9.02
72275 -57.0145 -7.51 -9.02
72294 -59.5811 -7.51 -9.02
65736 -50.9203 -7.51 -9.02
66662 -57.3373 -7.51 -9.02
77397 -53.1543 -7.51 -9.02
150650 -65.2295 18.95 -17.06
166410 -57.6812 18.95 -17.06
167560 -56.4736 18.95 -17.06
170881 -64.192 18.95 -17.06
164000 -64.0565 18.95 -17.06
171962 -59.1763 18.95 -17.06
166692 -60.3345 18.95 -17.06
171330 -58.0181 18.95 -17.06
122603 -73.9765 18.95 -17.06
164893 -58.3227 18.95 -17.06
162938 -62.5738 18.95 -17.06
163882 -57.2846 18.95 -17.06
169960 -64.5147 18.95 -17.06
160200 -65.3322 18.95 -17.06
161996 -57.264 18.95 -17.06
166655 -61.3227 18.95 -17.06
162225 -64.0063 18.95 -17.06
170047 -59.412 18.95 -17.06
160586 -65.9069 18.95 -17.06
173156 -59.1674 18.95 -17.06
166550 -70.5398 18.95 -17.06
163711 -65.1673 18.95 -17.06
160103 -63.6189 18.95 -17.06
169330 -66.6163 18.95 -17.06
168487 -66.2288 18.95 -17.06
167473 -63.2235 18.95 -17.06
165711 -61.1545 18.95 -17.06
168781 -61.6774 18.95 -17.06
163923 -55.4797 18.95 -17.06
167047 -56.9431 18.95 -17.06
174416 -63.2996 18.95 -17.06
162081 -64.3069 18.95 -17.06
164649 -67.0606 18.95 -17.06
183394 -77.2714 18.95 -17.06
165251 -56.453 18.95 -17.06
168406 -58.1891 18.95 -17.06
174736 -64.3615 18.95 -17.06
165957 -62.2688 18.95 -17.06
169678 -56.9581 18.95 -17.06
202675 -65.9738 28.13 -6.18
187342 -58.1525 28.13 -6.18
201688 -65.0482 28.13 -6.18
192207 -64.9604 28.13 -6.18
190637 -58.8278 28.13 -6.18
187310 -61.2064 28.13 -6.18
89837 -81.9149 28.13 -6.18
195287 -66.1119 28.13 -6.18
194727 -61.2962 28.13 -6.18
187041 -66.7685 28.13 -6.18
187602 -58.8615 28.13 -6.18
189990 -61.0312 28.13 -6.18
189636 -60.9121 28.13 -6.18
192030 -55.9355 28.13 -6.18
192311 -60.2534 28.13 -6.18
197277 -62.7903 28.13 -6.18
197898 -61.7178 28.13 -6.18
194678 -63.0606 28.13 -6.18
187694 -70.2735 28.13 -6.18
190020 -61.4522 28.13 -6.18
187629 -60.3379 28.13 -6.18
200398 -69.7971 28.13 -6.18
191560 -59.6193 28.13 -6.18
190355 -56.5588 28.13 -6.18
194953 -64.5766 28.13 -6.18
185918 -62.645 28.13 -6.18
192655 -55.6523 28.13 -6.18
191771 -57.0683 28.13 -6.18
194248 -56.1679 28.13 -6.18
191908 -58.3475 28.13 -6.18
192697 -62.2374 28.13 -6.18
198085 -64.0249 28.13 -6.18
195793 -56.3771 28.13 -6.18
193717 -63.5412 28.13 -6.18
190761 -63.2948 28.13 -6.18
197888 -58.934 28.13 -6.18
191378 -62.0968 28.13 -6.18
197537 -58.8183 28.13 -6.18
195842 -65.2116 28.13 -6.18
