#rtt sig_str x y
187395 -61.7701 -27.98 2.54
183764 -62.8207 -27.98 2.54
189184 -57.3532 -27.98 2.54
191067 -56.8683 -27.98 2.54
181702 -61.0281 -27.98 2.54
184552 -58.0338 -27.98 2.54
186443 -61.7238 -27.98 2.54
186537 -61.0727 -27.98 2.54
184210 -63.1864 -27.98 2.54
190164 -63.1364 -27.98 2.54
185763 -61.2508 -27.98 2.54
185841 -59.4088 -27.98 2.54
177437 -60.5768 -27.98 2.54
174670 -63.4588 -27.98 2.54
190833 -68.5385 -27.98 2.54
188175 -61.7111 -27.98 2.54
182971 -65.9712 -27.98 2.54
179198 -65.4718 -27.98 2.54
183559 -59.003 -27.98 2.54
177848 -58.0277 -27.98 2.54
178850 -60.2709 -27.98 2.54
146792 -76.1133 -27.98 2.54
175496 -64.4064 -27.98 2.54
178385 -68.6669 -27.98 2.54
180637 -63.1917 -27.98 2.54
178135 -62.5447 -27.98 2.54
181853 -59.6421 -27.98 2.54
183136 -59.488 -27.98 2.54
186522 -56.8834 -27.98 2.54
188310 -54.0712 -27.98 2.54
182371 -62.4364 -27.98 2.54
177500 -60.0088 -27.98 2.54
183825 -74.1996 -27.98 2.54
178661 -60.8743 -27.98 2.54
185530 -56.4929 -27.98 2.54
105251 -79.8209 -27.98 2.54
186672 -60.5874 -27.98 2.54
182513 -59.0388 -27.98 2.54
188408 -64.4936 -27.98 2.54
14645 -37.8869 -0.65 -1.99
12564 -36.1937 -0.65 -1.99
10926 -40.2675 -0.65 -1.99
11915 -38.2728 -0.65 -1.99
11555 -33.8431 -0.65 -1.99
10544 -38.4712 -0.65 -1.99
6951 -39.0342 -0.65 -1.99
15356 -46.0848 -0.65 -1.99
10454 -41.6808 -0.65 -1.99
21352 -39.0493 -0.65 -1.99
6664 -38.3185 -0.65 -1.99
14295 -41.6061 -0.65 -1.99
10745 -47.1209 -0.65 -1.99
7014 -41.2319 -0.65 -1.99
14956 -40.476 -0.65 -1.99
16497 -37.6074 -0.65 -1.99
15225 -38.865 -0.65 -1.99
16516 -40.0219 -0.65 -1.99
9322 -36.2065 -0.65 -1.99
6678 -39.0231 -0.65 -1.99
12343 -35.5253 -0.65 -1.99
12505 -44.4355 -0.65 -1.99
13285 -40.8231 -0.65 -1.99
5836 -38.8818 -0.65 -1.99
14255 -39.6775 -0.65 -1.99
9988 -41.1555 -0.65 -1.99
7360 -35.2372 -0.65 -1.99
10032 -42.0699 -0.65 -1.99
13861 -36.1149 -0.65 -1.99
11686 -38.9564 -0.65 -1.99
13831 -38.5276 -0.65 -1.99
9285 -39.8978 -0.65 -1.99
16673 -37.272 -0.65 -1.99
18707 -44.282 -0.65 -1.99
16962 -38.7532 -0.65 -1.99
15439 -42.4915 -0.65 -1.99
8904 -41.6968 -0.65 -1.99
7836 -39.2664 -0.65 -1.99
12134 -38.0108 -0.65 -1.99
150033 -61.0558 20.77 -2.9
145424 -54.4403 20.77 -2.9
133958 -54.3451 20.77 -2.9
130924 -73.278 20.77 -2.9
123087 -78.7122 20.77 -2.9
139589 -57.2838 20.77 -2.9
133804 -63.3611 20.77 -2.9
138724 -58.9991 20.77 -2.9
136552 -64.7771 20.77 -2.9
139705 -56.9121 20.77 -2.9
136526 -60.4498 20.77 -2.9
143713 -57.0955 20.77 -2.9
143201 -56.5729 20.77 -2.9
142632 -59.2815 20.77 -2.9
139907 -64.2151 20.77 -2.9
132844 -64.6389 20.77 -2.9
142609 -62.821 20.77 -2.9
141886 -56.7129 20.77 -2.9
145702 -63.1611 20.77 -2.9
149489 -51.7021 20.77 -2.9
143811 -59.697 20.77 -2.9
141047 -61.7439 20.77 -2.9
135360 -54.9986 20.77 -2.9
141401 -61.252 20.77 -2.9
140711 -59.265 20.77 -2.9
135272 -68.3613 20.77 -2.9
131814 -53.5946 20.77 -2.9
137495 -55.5668 20.77 -2.9
136994 -62.5244 20.77 -2.9
133198 -60.6428 20.77 -2.9
145919 -52.9208 20.77 -2.9
136931 -66.6937 20.77 -2.9
131130 -63.4759 20.77 -2.9
141346 -62.572 20.77 -2.9
147448 -57.6429 20.77 -2.9
138843 -60.3884 20.77 -2.9
138678 -57.94 20.77 -2.9
139893 -57.8882 20.77 -2.9
130373 -65.7903 20.77 -2.9
107000 -54.3201 -5.32 12.55
115340 -58.1535 -5.32 12.55
107367 -56.9693 -5.32 12.55
116662 -56.8682 -5.32 12.55
111853 -51.8846 -5.32 12.55
114090 -57.8649 -5.32 12.55
106639 -55.4321 -5.32 12.55
114410 -58.2359 -5.32 12.55
118468 -55.0111 -5.32 12.55
108188 -55.7849 -5.32 12.55
109707 -52.6521 -5.32 12.55
115028 -54.7357 -5.32 12.55
113502 -56.4242 -5.32 12.55
111396 -59.5369 -5.32 12.55
115776 -53.2097 -5.32 12.55
106785 -59.7849 -5.32 12.55
104740 -62.5254 -5.32 12.55
112027 -55.7917 -5.32 12.55
114846 -56.8235 -5.32 12.55
119541 -67.8061 -5.32 12.55
117734 -69.263 -5.32 12.55
103687 -56.3963 -5.32 12.55
108689 -57.207 -5.32 12.55
110146 -59.3868 -5.32 12.55
108351 -52.2893 -5.32 12.55
116824 -55.3858 -5.32 12.55
112402 -56.939 -5.32 12.55
105958 -59.8555 -5.32 12.55
109176 -54.4241 -5.32 12.55
107650 -53.9194 -5.32 12.55
115747 -54.8637 -5.32 12.55
109504 -57.0931 -5.32 12.55
109598 -56.2381 -5.32 12.55
108911 -54.5182 -5.32 12.55
113789 -57.7881 -5.32 12.55
112691 -60.473 -5.32 12.55
105146 -60.0556 -5.32 12.55
107993 -51.4781 -5.32 12.55
110677 -56.0842 -5.32 12.55
157690 -58.8381 7.89 23.19
159098 -56.7608 7.89 23.19
159893 -58.5887 7.89 23.19
157950 -57.9487 7.89 23.19
163171 -56.5808 7.89 23.19
160955 -54.1029 7.89 23.19
157629 -65.214 7.89 23.19
147425 -67.9657 7.89 23.19
167597 -60.4219 7.89 23.19
166895 -59.6715 7.89 23.19
163450 -59.8537 7.89 23.19
160824 -54.2825 7.89 23.19
158066 -59.8231 7.89 23.19
154950 -56.7139 7.89 23.19
157013 -55.1008 7.89 23.19
155341 -60.7836 7.89 23.19
156868 -56.905 7.89 23.19
159225 -60.49 7.89 23.19
161143 -57.9626 7.89 23.19
159087 -68.4367 7.89 23.19
160796 -54.3856 7.89 23.19
162828 -57.4886 7.89 23.19
165005 -55.8375 7.89 23.19
161729 -56.4213 7.89 23.19
161747 -60.699 7.89 23.19
157496 -70.6911 7.89 23.19
160510 -68.6809 7.89 23.19
155485 -59.7229 7.89 23.19
164334 -60.605 7.89 23.19
160985 -56.9294 7.89 23.19
159727 -61.1582 7.89 23.19
155759 -61.7648 7.89 23.19
152640 -58.0799 7.89 23.19
157727 -59.8793 7.89 23.19
164760 -59.1782 7.89 23.19
164675 -59.5054 7.89 23.19
158805 -55.5493 7.89 23.19
163243 -54.7022 7.89 23.19
155546 -68.5061 7.89 23.19
125349 -52.691 -12.55 -13.03
130408 -53.6301 -12.55 -13.03
139899 -62.6109 -12.55 -13.03
130438 -58.5563 -12.55 -13.03
127277 -58.5082 -12.55 -13.03
130066 -54.3732 -12.55 -13.03
130387 -56.3899 -12.55 -13.03
127873 -55.6991 -12.55 -13.03
124347 -56.0317 -12.55 -13.03
125448 -57.0091 -12.55 -13.03
127093 -60.5472 -12.55 -13.03
124371 -60.0431 -12.55 -13.03
129187 -52.9111 -12.55 -13.03
126077 -58.7354 -12.55 -13.03
123252 -55.5505 -12.55 -13.03
123521 -61.3954 -12.55 -13.03
129078 -56.2898 -12.55 -13.03
127483 -54.6223 -12.55 -13.03
121622 -61.6123 -12.55 -13.03
117454 -57.9542 -12.55 -13.03
129706 -55.7881 -12.55 -13.03
122595 -56.4863 -12.55 -13.03
124285 -57.8997 -12.55 -13.03
127455 -57.5704 -12.55 -13.03
126929 -63.4055 -12.55 -13.03
118734 -53.1714 -12.55 -13.03
123361 -61.2793 -12.55 -13.03
123457 -58.8485 -12.55 -13.03
121436 -60.8292 -12.55 -13.03
124922 -60.5093 -12.55 -13.03
127393 -52.6156 -12.55 -13.03
125551 -57.1065 -12.55 -13.03
129200 -50.1357 -12.55 -13.03
132927 -54.9022 -12.55 -13.03
126345 -53.9274 -12.55 -13.03
121282 -66.2621 -12.55 -13.03
127948 -60.1571 -12.55 -13.03
129381 -62.3462 -12.55 -13.03
122598 -55.9299 -12.55 -13.03
27670 -44.7837 2.57 2.28
26891 -41.4016 2.57 2.28
25966 -46.4276 2.57 2.28
22505 -35.0187 2.57 2.28
26261 -47.3233 2.57 2.28
27806 -48.8556 2.57 2.28
24163 -46.4477 2.57 2.28
21313 -43.0854 2.57 2.28
19245 -45.1212 2.57 2.28
21414 -46.2462 2.57 2.28
27111 -45.2479 2.57 2.28
17407 -43.1026 2.57 2.28
22543 -55.3351 2.57 2.28
23476 -48.8052 2.57 2.28
23115 -41.5723 2.57 2.28
27933 -58.9499 2.57 2.28
29483 -52.8175 2.57 2.28
19017 -42.8007 2.57 2.28
28236 -47.8297 2.57 2.28
21965 -45.781 2.57 2.28
27829 -43.6235 2.57 2.28
17192 -44.3817 2.57 2.28
34466 -42.7459 2.57 2.28
22686 -43.6133 2.57 2.28
23168 -45.0822 2.57 2.28
23300 -47.9478 2.57 2.28
22759 -48.4202 2.57 2.28
19882 -44.6384 2.57 2.28
30405 -42.2916 2.57 2.28
29876 -51.9365 2.57 2.28
26389 -46.5595 2.57 2.28
22016 -45.3515 2.57 2.28
17010 -44.6891 2.57 2.28
20321 -40.8518 2.57 2.28
24219 -40.6948 2.57 2.28
28061 -43.03 2.57 2.28
26436 -45.8627 2.57 2.28
19670 -44.6472 2.57 2.28
21772 -37.0889 2.57 2.28
125911 -55.4704 -16.31 -7.05
126613 -56.2368 -16.31 -7.05
127023 -60.4003 -16.31 -7.05
114032 -52.7531 -16.31 -7.05
126319 -58.8741 -16.31 -7.05
117606 -56.4054 -16.31 -7.05
120017 -59.4161 -16.31 -7.05
120266 -57.818 -16.31 -7.05
123318 -58.2256 -16.31 -7.05
122838 -55.2925 -16.31 -7.05
117918 -55.1218 -16.31 -7.05
118491 -54.4467 -16.31 -7.05
124040 -53.3823 -16.31 -7.05
118590 -53.486 -16.31 -7.05
117798 -56.4319 -16.31 -7.05
117550 -61.8158 -16.31 -7.05
118423 -51.9237 -16.31 -7.05
115006 -56.0285 -16.31 -7.05
118053 -60.5229 -16.31 -7.05
116191 -56.3228 -16.31 -7.05
117669 -65.8275 -16.31 -7.05
121487 -57.5441 -16.31 -7.05
118039 -58.1652 -16.31 -7.05
114813 -61.2033 -16.31 -7.05
120920 -61.9985 -16.31 -7.05
123845 -56.2471 -16.31 -7.05
82976 -71.4212 -16.31 -7.05
118084 -56.0293 -16.31 -7.05
119884 -54.8595 -16.31 -7.05
119433 -64.4339 -16.31 -7.05
125446 -58.9441 -16.31 -7.05
127267 -60.9658 -16.31 -7.05
128759 -59.0545 -16.31 -7.05
122012 -63.9141 -16.31 -7.05
123600 -60.4362 -16.31 -7.05
123123 -63.0028 -16.31 -7.05
120256 -54.342 -16.31 -7.05
121082 -60.759 -16.31 -7.05
113996 -56.576 -16.31 -7.05
217948 -67.2034 -15.59 -28.39
210885 -59.6551 -15.59 -28.39
211830 -58.4475 -15.59 -28.39
216160 -66.1659 -15.59 -28.39
204348 -66.0305 -15.59 -28.39
213937 -61.1502 -15.59 -28.39
208316 -62.3085 -15.59 -28.39
220343 -59.992 -15.59 -28.39
193743 -75.9504 -15.59 -28.39
218749 -60.2966 -15.59 -28.39
217261 -64.5477 -15.59 -28.39
204733 -59.2585 -15.59 -28.39
216302 -66.4886 -15.59 -28.39
218063 -67.3061 -15.59 -28.39
212712 -59.2379 -15.59 -28.39
216885 -63.2966 -15.59 -28.39
207932 -65.9802 -15.59 -28.39
220518 -61.3859 -15.59 -28.39
211676 -67.8808 -15.59 -28.39
219565 -61.1413 -15.59 -28.39
202055 -72.5137 -15.59 -28.39
218172 -67.1412 -15.59 -28.39
216354 -65.5928 -15.59 -28.39
203727 -68.5902 -15.59 -28.39
212359 -68.2027 -15.59 -28.39
212045 -65.1975 -15.59 -28.39
211969 -63.1284 -15.59 -28.39
223006 -63.6513 -15.59 -28.39
212402 -57.4536 -15.59 -28.39
213380 -58.917 -15.59 -28.39
217412 -65.2735 -15.59 -28.39
215261 -66.2808 -15.59 -28.39
212188 -69.0345 -15.59 -28.39
178336 -79.2453 -15.59 -28.39
215751 -58.4269 -15.59 -28.39
216436 -60.163 -15.59 -28.39
212385 -66.3355 -15.59 -28.39
221099 -64.2428 -15.59 -28.39
218402 -58.932 -15.59 -28.39
253110 -68.5421 27.21 -28.38
255466 -60.7207 27.21 -28.38
272117 -67.6165 27.21 -28.38
282295 -67.5286 27.21 -28.38
259864 -61.396 27.21 -28.38
265278 -63.7747 27.21 -28.38
265077 -60.6169 27.21 -28.38
258546 -56.8165 27.21 -28.38
259035 -60.694 27.21 -28.38
252438 -61.5765 27.21 -28.38
272735 -61.5775 27.21 -28.38
263682 -72.6441 27.21 -28.38
258231 -63.5266 27.21 -28.38
255729 -62.4095 27.21 -28.38
262068 -63.3259 27.21 -28.38
263076 -59.7516 27.21 -28.38
258750 -63.3219 27.21 -28.38
263892 -64.2746 27.21 -28.38
258380 -66.3171 27.21 -28.38
262794 -58.1167 27.21 -28.38
258008 -67.8135 27.21 -28.38
264037 -65.2718 27.21 -28.38
265513 -68.7136 27.21 -28.38
256398 -60.7809 27.21 -28.38
262968 -66.7561 27.21 -28.38
264228 -62.4544 27.21 -28.38
256816 -63.3978 27.21 -28.38
260951 -63.4657 27.21 -28.38
257681 -65.9039 27.21 -28.38
258311 -67.1441 27.21 -28.38
271090 -74.0841 27.21 -28.38
254315 -61.6695 27.21 -28.38
261290 -63.0757 27.21 -28.38
274011 -71.152 27.21 -28.38
263826 -59.6309 27.21 -28.38
265562 -60.0174 27.21 -28.38
262213 -68.9263 27.21 -28.38
268838 -69.6137 27.21 -28.38
253794 -63.7131 27.21 -28.38
