#rtt sig_str x y
20175 -44.2149 3.24 -0.84
18774 -45.2655 3.24 -0.84
15172 -39.7979 3.24 -0.84
14338 -39.313 3.24 -0.84
22552 -43.4729 3.24 -0.84
19579 -40.4786 3.24 -0.84
18938 -44.1686 3.24 -0.84
18158 -43.5175 3.24 -0.84
14508 -45.6311 3.24 -0.84
19977 -45.5812 3.24 -0.84
18019 -43.6956 3.24 -0.84
15154 -41.8536 3.24 -0.84
16917 -43.0216 3.24 -0.84
14612 -45.9036 3.24 -0.84
19320 -50.9833 3.24 -0.84
16610 -44.1559 3.24 -0.84
14841 -48.416 3.24 -0.84
22157 -47.9166 3.24 -0.84
16161 -41.4477 3.24 -0.84
20864 -40.4724 3.24 -0.84
18111 -42.7157 3.24 -0.84
9697 -58.5581 3.24 -0.84
19025 -46.8512 3.24 -0.84
23678 -51.1117 3.24 -0.84
21044 -45.6365 3.24 -0.84
19879 -44.9895 3.24 -0.84
18866 -42.0869 3.24 -0.84
19665 -41.9328 3.24 -0.84
19088 -39.3282 3.24 -0.84
19481 -36.516 3.24 -0.84
18046 -44.8812 3.24 -0.84
17624 -42.4536 3.24 -0.84
17408 -56.6444 3.24 -0.84
15243 -43.319 3.24 -0.84
12753 -38.9376 3.24 -0.84
28863 -62.2657 3.24 -0.84
16306 -43.0322 3.24 -0.84
17365 -41.4836 3.24 -0.84
21546 -46.9384 3.24 -0.84
193391 -59.7431 -6.23 -28.93
192471 -58.0499 -6.23 -28.93
183673 -62.1237 -6.23 -28.93
201486 -60.129 -6.23 -28.93
195772 -55.6993 -6.23 -28.93
190516 -60.3274 -6.23 -28.93
198125 -60.8904 -6.23 -28.93
193565 -67.9409 -6.23 -28.93
197754 -63.537 -6.23 -28.93
191479 -60.9055 -6.23 -28.93
193044 -60.1747 -6.23 -28.93
194934 -63.4623 -6.23 -28.93
192960 -68.9771 -6.23 -28.93
195264 -63.0881 -6.23 -28.93
202431 -62.3322 -6.23 -28.93
196087 -59.4636 -6.23 -28.93
191001 -60.7212 -6.23 -28.93
187946 -61.8781 -6.23 -28.93
191604 -58.0627 -6.23 -28.93
192652 -60.8793 -6.23 -28.93
193361 -57.3815 -6.23 -28.93
189491 -66.2917 -6.23 -28.93
188238 -62.6793 -6.23 -28.93
198242 -60.738 -6.23 -28.93
188156 -61.5336 -6.23 -28.93
186793 -63.0117 -6.23 -28.93
192244 -57.0934 -6.23 -28.93
191834 -63.9261 -6.23 -28.93
197776 -57.9711 -6.23 -28.93
196377 -60.8126 -6.23 -28.93
191110 -60.3838 -6.23 -28.93
193697 -61.754 -6.23 -28.93
192834 -59.1282 -6.23 -28.93
194784 -66.1382 -6.23 -28.93
195474 -60.6094 -6.23 -28.93
188120 -64.3477 -6.23 -28.93
191422 -63.553 -6.23 -28.93
188138 -61.1226 -6.23 -28.93
197672 -59.867 -6.23 -28.93
235797 -65.8212 -27.12 -25.7
243993 -59.2057 -27.12 -25.7
247599 -59.1105 -27.12 -25.7
247834 -78.0434 -27.12 -25.7
241552 -62.1817 -27.12 -25.7
245087 -60.2617 -27.12 -25.7
238733 -58.4879 -27.12 -25.7
245083 -65.3526 -27.12 -25.7
250867 -64.504 -27.12 -25.7
242931 -61.5342 -27.12 -25.7
244466 -64.1016 -27.12 -25.7
255666 -71.3028 -27.12 -25.7
246241 -61.6567 -27.12 -25.7
251626 -78.487 -27.12 -25.7
236431 -67.3764 -27.12 -25.7
237989 -67.9765 -27.12 -25.7
245387 -61.6877 -27.12 -25.7
238818 -68.9237 -27.12 -25.7
253379 -66.0036 -27.12 -25.7
236493 -64.156 -27.12 -25.7
237900 -61.6001 -27.12 -25.7
250943 -70.556 -27.12 -25.7
241935 -61.6935 -27.12 -25.7
253060 -62.5444 -27.12 -25.7
241174 -61.3452 -27.12 -25.7
238699 -65.2452 -27.12 -25.7
242462 -59.3123 -27.12 -25.7
239590 -61.4255 -27.12 -25.7
237942 -67.6052 -27.12 -25.7
247389 -74.5868 -27.12 -25.7
242396 -66.4335 -27.12 -25.7
239691 -68.7802 -27.12 -25.7
243632 -59.2558 -27.12 -25.7
250994 -65.7574 -27.12 -25.7
248745 -62.3464 -27.12 -25.7
234495 -66.2238 -27.12 -25.7
244726 -69.8961 -27.12 -25.7
241744 -59.1402 -27.12 -25.7
245695 -61.4583 -27.12 -25.7
129351 -57.0488 1.54 19.31
136157 -56.7854 1.54 19.31
129501 -60.6707 1.54 19.31
131217 -58.1965 1.54 19.31
130888 -55.8218 1.54 19.31
134655 -66.0509 1.54 19.31
130862 -63.4951 1.54 19.31
134516 -60.5786 1.54 19.31
139257 -54.4999 1.54 19.31
135600 -61.191 1.54 19.31
134318 -62.4189 1.54 19.31
137264 -55.4722 1.54 19.31
129124 -59.7201 1.54 19.31
138794 -56.1983 1.54 19.31
135007 -64.4067 1.54 19.31
131183 -58.7721 1.54 19.31
136956 -53.2225 1.54 19.31
144873 -55.8327 1.54 19.31
140344 -62.306 1.54 19.31
136174 -56.378 1.54 19.31
129905 -59.466 1.54 19.31
138106 -59.8454 1.54 19.31
136959 -58.9253 1.54 19.31
138136 -58.9422 1.54 19.31
139091 -62.6512 1.54 19.31
139031 -58.2486 1.54 19.31
133996 -57.9847 1.54 19.31
126313 -64.6275 1.54 19.31
137019 -69.037 1.54 19.31
129770 -59.3806 1.54 19.31
131299 -63.2137 1.54 19.31
134901 -62.2391 1.54 19.31
126295 -62.3053 1.54 19.31
143945 -59.024 1.54 19.31
134259 -58.2015 1.54 19.31
138244 -58.9429 1.54 19.31
140977 -58.1784 1.54 19.31
138134 -64.674 1.54 19.31
119330 -73.659 1.54 19.31
185875 -73.6199 -20.82 14.83
173019 -58.6692 -20.82 14.83
168142 -59.5957 -20.82 14.83
170215 -58.7489 -20.82 14.83
168933 -62.7665 -20.82 14.83
175010 -51.8398 -20.82 14.83
168775 -63.9523 -20.82 14.83
168213 -61.599 -20.82 14.83
164570 -61.8859 -20.82 14.83
168369 -58.1322 -20.82 14.83
172703 -60.9935 -20.82 14.83
175118 -57.4052 -20.82 14.83
167994 -58.6969 -20.82 14.83
171802 -59.461 -20.82 14.83
171437 -65.7706 -20.82 14.83
174001 -59.4039 -20.82 14.83
174521 -57.6952 -20.82 14.83
175543 -62.0373 -20.82 14.83
165979 -55.0844 -20.82 14.83
164983 -57.6538 -20.82 14.83
172408 -61.4648 -20.82 14.83
170261 -61.054 -20.82 14.83
166255 -57.7827 -20.82 14.83
168308 -65.3797 -20.82 14.83
178892 -57.7141 -20.82 14.83
171429 -57.7029 -20.82 14.83
171519 -60.5072 -20.82 14.83
181364 -65.8513 -20.82 14.83
175694 -59.756 -20.82 14.83
175140 -57.6502 -20.82 14.83
177445 -56.7894 -20.82 14.83
180002 -59.2262 -20.82 14.83
163371 -62.4944 -20.82 14.83
168326 -55.7828 -20.82 14.83
171471 -61.2255 -20.82 14.83
181444 -55.2802 -20.82 14.83
170870 -59.2366 -20.82 14.83
169279 -58.456 -20.82 14.83
168656 -56.6471 -20.82 14.83
106731 -55.7142 0 17.14
99978 -57.5755 0 17.14
99723 -62.6412 0 17.14
104042 -61.133 0 17.14
100999 -63.6762 0 17.14
102535 -59.7351 0 17.14
99129 -55.1053 0 17.14
108415 -59.3765 0 17.14
106889 -56.1378 0 17.14
107918 -54.1122 0 17.14
103812 -62.5842 0 17.14
100422 -60.1099 0 17.14
103424 -59.1199 0 17.14
102300 -57.9466 0 17.14
102271 -59.0981 0 17.14
112433 -54.8085 0 17.14
104114 -61.2267 0 17.14
107508 -55.2394 0 17.14
106070 -64.3307 0 17.14
113503 -57.7091 0 17.14
103017 -55.6987 0 17.14
98292 -62.8072 0 17.14
101425 -52.9572 0 17.14
105635 -55.5396 0 17.14
107314 -58.4391 0 17.14
103190 -51.2811 0 17.14
106671 -55.4621 0 17.14
98941 -55.2047 0 17.14
107216 -63.6421 0 17.14
106797 -50.7347 0 17.14
106131 -52.9489 0 17.14
107929 -63.0549 0 17.14
103027 -59.7169 0 17.14
111021 -52.2158 0 17.14
105718 -56.6752 0 17.14
106227 -62.4964 0 17.14
105549 -57.8476 0 17.14
106718 -63.5804 0 17.14
102737 -55.7296 0 17.14
132798 -55.7054 -14.64 14.66
138847 -66.94 -14.64 14.66
133481 -64.8234 -14.64 14.66
137606 -50.976 -14.64 14.66
149126 -66.0284 -14.64 14.66
126380 -57.06 -14.64 14.66
141241 -56.2435 -14.64 14.66
135724 -59.6378 -14.64 14.66
138025 -59.3981 -14.64 14.66
135861 -63.007 -14.64 14.66
134594 -59.8573 -14.64 14.66
134987 -67.441 -14.64 14.66
131124 -61.4398 -14.64 14.66
137718 -57.8979 -14.64 14.66
132732 -54.2416 -14.64 14.66
137470 -61.5293 -14.64 14.66
134150 -51.3982 -14.64 14.66
136553 -65.2177 -14.64 14.66
138755 -59.5448 -14.64 14.66
131029 -61.3368 -14.64 14.66
136424 -63.8871 -14.64 14.66
141164 -58.6791 -14.64 14.66
127714 -60.6765 -14.64 14.66
136533 -55.0584 -14.64 14.66
133480 -58.2319 -14.64 14.66
135080 -56.9398 -14.64 14.66
138030 -56.0989 -14.64 14.66
141554 -54.6343 -14.64 14.66
138455 -59.6722 -14.64 14.66
130465 -60.0782 -14.64 14.66
138345 -66.4641 -14.64 14.66
139996 -62.9029 -14.64 14.66
143133 -65.7759 -14.64 14.66
140222 -59.7263 -14.64 14.66
141342 -58.2984 -14.64 14.66
132024 -57.7384 -14.64 14.66
137234 -52.527 -14.64 14.66
132771 -62.6586 -14.64 14.66
130466 -58.3575 -14.64 14.66
99128 -54.5963 2.59 14.5
97661 -52.0829 2.59 14.5
95925 -61.0205 2.59 14.5
108495 -59.586 2.59 14.5
94408 -61.4764 2.59 14.5
100346 -56.4602 2.59 14.5
98289 -62.8279 2.59 14.5
99713 -57.6748 2.59 14.5
103787 -50.6581 2.59 14.5
100339 -60.9786 2.59 14.5
105024 -57.8963 2.59 14.5
100763 -56.3368 2.59 14.5
98703 -52.6766 2.59 14.5
103405 -53.3085 2.59 14.5
96460 -55.3046 2.59 14.5
102068 -54.887 2.59 14.5
97824 -53.6971 2.59 14.5
99827 -55.5068 2.59 14.5
101102 -54.9054 2.59 14.5
92345 -55.1555 2.59 14.5
100230 -55.8494 2.59 14.5
100059 -52.5425 2.59 14.5
105884 -60.9785 2.59 14.5
98562 -52.5198 2.59 14.5
99677 -54.9659 2.59 14.5
93317 -51.5375 2.59 14.5
95049 -51.7906 2.59 14.5
94886 -61.9806 2.59 14.5
96469 -62.3546 2.59 14.5
102612 -55.3033 2.59 14.5
100684 -55.999 2.59 14.5
95843 -52.9308 2.59 14.5
97119 -55.3348 2.59 14.5
105294 -59.1793 2.59 14.5
98754 -55.9011 2.59 14.5
95190 -50.5091 2.59 14.5
98234 -52.818 2.59 14.5
96629 -54.7767 2.59 14.5
100851 -50.2644 2.59 14.5
152633 -59.7005 2.9 24.07
161351 -57.4284 2.9 24.07
155257 -62.6496 2.9 24.07
161131 -57.4332 2.9 24.07
155143 -60.4001 2.9 24.07
163583 -59.8458 2.9 24.07
164813 -62.5576 2.9 24.07
161437 -57.1808 2.9 24.07
161333 -62.0579 2.9 24.07
154295 -56.1237 2.9 24.07
149433 -75.1705 2.9 24.07
156092 -57.6857 2.9 24.07
157251 -65.4505 2.9 24.07
154424 -57.9444 2.9 24.07
159508 -61.5073 2.9 24.07
157445 -63.0107 2.9 24.07
157330 -57.9626 2.9 24.07
162397 -54.4582 2.9 24.07
167653 -63.9738 2.9 24.07
157510 -57.3333 2.9 24.07
162399 -64.7374 2.9 24.07
162786 -56.8192 2.9 24.07
160768 -56.2604 2.9 24.07
160546 -54.7571 2.9 24.07
156436 -64.4563 2.9 24.07
166747 -59.2784 2.9 24.07
153553 -58.4386 2.9 24.07
163461 -58.6974 2.9 24.07
162426 -57.0865 2.9 24.07
149665 -62.5285 2.9 24.07
156146 -63.6372 2.9 24.07
161160 -58.7833 2.9 24.07
162897 -61.2234 2.9 24.07
157112 -57.0895 2.9 24.07
159943 -58.1592 2.9 24.07
163810 -57.2021 2.9 24.07
159039 -55.652 2.9 24.07
162545 -55.7991 2.9 24.07
157820 -59.605 2.9 24.07
168083 -62.5597 -16.46 -19.09
162162 -59.1111 -16.46 -19.09
167418 -59.2637 -16.46 -19.09
161626 -57.7947 -16.46 -19.09
167111 -61.4253 -16.46 -19.09
162533 -53.463 -16.46 -19.09
162748 -56.9486 -16.46 -19.09
158491 -53.1482 -16.46 -19.09
169458 -57.0257 -16.46 -19.09
164251 -57.9082 -16.46 -19.09
170811 -57.9092 -16.46 -19.09
145333 -68.9758 -16.46 -19.09
166520 -59.8583 -16.46 -19.09
164905 -58.7412 -16.46 -19.09
163793 -59.6576 -16.46 -19.09
167103 -56.0834 -16.46 -19.09
165085 -59.6536 -16.46 -19.09
169157 -60.6063 -16.46 -19.09
168013 -62.6488 -16.46 -19.09
165292 -54.4484 -16.46 -19.09
164540 -64.1452 -16.46 -19.09
157618 -61.6035 -16.46 -19.09
168426 -65.0453 -16.46 -19.09
166439 -57.1126 -16.46 -19.09
169310 -63.0878 -16.46 -19.09
166887 -58.7861 -16.46 -19.09
158206 -59.7295 -16.46 -19.09
156352 -59.7974 -16.46 -19.09
168415 -62.2357 -16.46 -19.09
157503 -63.4758 -16.46 -19.09
172907 -70.4158 -16.46 -19.09
169672 -58.0012 -16.46 -19.09
170296 -59.4074 -16.46 -19.09
163187 -67.4837 -16.46 -19.09
168369 -55.9626 -16.46 -19.09
167098 -56.3491 -16.46 -19.09
158916 -65.2581 -16.46 -19.09
162316 -65.9454 -16.46 -19.09
160510 -60.0448 -16.46 -19.09
