#rtt sig_str x y
110773 -58.0328 -7.26 16.32
106835 -59.0834 -7.26 16.32
122298 -53.6158 -7.26 16.32
115601 -53.1309 -7.26 16.32
115009 -57.2908 -7.26 16.32
113763 -54.2965 -7.26 16.32
114433 -57.9865 -7.26 16.32
115386 -57.3354 -7.26 16.32
120800 -59.4491 -7.26 16.32
107925 -59.3991 -7.26 16.32
116396 -57.5135 -7.26 16.32
117778 -55.6715 -7.26 16.32
116731 -56.8395 -7.26 16.32
105693 -59.7215 -7.26 16.32
124511 -64.8012 -7.26 16.32
119350 -57.9738 -7.26 16.32
120447 -62.2339 -7.26 16.32
114954 -61.7345 -7.26 16.32
113299 -55.2656 -7.26 16.32
110449 -54.2903 -7.26 16.32
113970 -56.5336 -7.26 16.32
129653 -72.376 -7.26 16.32
117682 -60.6691 -7.26 16.32
115539 -64.9296 -7.26 16.32
118546 -59.4544 -7.26 16.32
111474 -58.8074 -7.26 16.32
118665 -55.9048 -7.26 16.32
121308 -55.7507 -7.26 16.32
114695 -53.1461 -7.26 16.32
118287 -50.3339 -7.26 16.32
116774 -58.6991 -7.26 16.32
112585 -56.2715 -7.26 16.32
108988 -70.4623 -7.26 16.32
117727 -57.1369 -7.26 16.32
120852 -52.7555 -7.26 16.32
90767 -76.0836 -7.26 16.32
113974 -56.8501 -7.26 16.32
117103 -55.3015 -7.26 16.32
118029 -60.7563 -7.26 16.32
29592 -45.2189 4.03 3.11
32645 -43.5256 4.03 3.11
29682 -47.5995 4.03 3.11
31770 -45.6047 4.03 3.11
28174 -41.1751 4.03 3.11
28073 -45.8031 4.03 3.11
28993 -46.3661 4.03 3.11
34313 -53.4167 4.03 3.11
36313 -49.0128 4.03 3.11
31913 -46.3813 4.03 3.11
30746 -45.6505 4.03 3.11
33699 -48.9381 4.03 3.11
39308 -54.4529 4.03 3.11
35623 -48.5639 4.03 3.11
31714 -47.8079 4.03 3.11
30164 -44.9394 4.03 3.11
36621 -46.197 4.03 3.11
32424 -47.3539 4.03 3.11
39738 -43.5385 4.03 3.11
33426 -46.3551 4.03 3.11
27951 -42.8573 4.03 3.11
33927 -51.7674 4.03 3.11
30508 -48.1551 4.03 3.11
33536 -46.2138 4.03 3.11
33414 -47.0094 4.03 3.11
36990 -48.4875 4.03 3.11
42285 -42.5692 4.03 3.11
33740 -49.4019 4.03 3.11
33484 -43.4469 4.03 3.11
32680 -46.2884 4.03 3.11
41517 -45.8596 4.03 3.11
30260 -47.2297 4.03 3.11
34862 -44.6039 4.03 3.11
37359 -51.6139 4.03 3.11
34911 -46.0852 4.03 3.11
33704 -49.8235 4.03 3.11
32558 -49.0288 4.03 3.11
34212 -46.5984 4.03 3.11
30769 -45.3428 4.03 3.11
155355 -61.6379 5.74 21.76
149517 -55.0224 5.74 21.76
146137 -54.9272 5.74 21.76
157665 -73.8601 5.74 21.76
129627 -79.2943 5.74 21.76
139913 -57.8659 5.74 21.76
151580 -63.9432 5.74 21.76
150712 -59.5812 5.74 21.76
146461 -65.3592 5.74 21.76
148533 -57.4942 5.74 21.76
154717 -61.0319 5.74 21.76
148556 -57.6776 5.74 21.76
155058 -57.155 5.74 21.76
145540 -59.8636 5.74 21.76
154233 -64.7972 5.74 21.76
143933 -65.221 5.74 21.76
144925 -63.4031 5.74 21.76
148070 -57.295 5.74 21.76
146434 -63.7432 5.74 21.76
151435 -52.2842 5.74 21.76
148684 -60.2791 5.74 21.76
149560 -62.326 5.74 21.76
146593 -55.5807 5.74 21.76
148047 -61.8341 5.74 21.76
160020 -59.8471 5.74 21.76
161655 -68.9435 5.74 21.76
151636 -54.1767 5.74 21.76
149541 -56.1489 5.74 21.76
143948 -63.1065 5.74 21.76
147595 -61.2249 5.74 21.76
147198 -53.5029 5.74 21.76
148902 -67.2758 5.74 21.76
148952 -64.058 5.74 21.76
148340 -63.1541 5.74 21.76
154373 -58.225 5.74 21.76
143770 -60.9705 5.74 21.76
147494 -58.5221 5.74 21.76
147665 -58.4703 5.74 21.76
158813 -66.3724 5.74 21.76
74940 -52.4925 -3.01 -10.5
77515 -56.3259 -3.01 -10.5
77687 -55.1417 -3.01 -10.5
72878 -55.0406 -3.01 -10.5
69635 -50.057 -3.01 -10.5
66801 -56.0373 -3.01 -10.5
75632 -53.6045 -3.01 -10.5
63439 -56.4083 -3.01 -10.5
67980 -53.1835 -3.01 -10.5
77893 -53.9573 -3.01 -10.5
70087 -50.8245 -3.01 -10.5
69983 -52.9081 -3.01 -10.5
71452 -54.5966 -3.01 -10.5
66199 -57.7093 -3.01 -10.5
64640 -51.3821 -3.01 -10.5
70206 -57.9573 -3.01 -10.5
66633 -60.6978 -3.01 -10.5
70691 -53.9641 -3.01 -10.5
69573 -54.9959 -3.01 -10.5
77417 -65.9785 -3.01 -10.5
72154 -67.4354 -3.01 -10.5
70642 -54.5687 -3.01 -10.5
72375 -55.3794 -3.01 -10.5
70000 -57.5592 -3.01 -10.5
70962 -50.4617 -3.01 -10.5
71786 -53.5582 -3.01 -10.5
75316 -55.1114 -3.01 -10.5
76935 -58.0279 -3.01 -10.5
70758 -52.5965 -3.01 -10.5
69134 -52.0918 -3.01 -10.5
75076 -53.0361 -3.01 -10.5
73537 -55.2655 -3.01 -10.5
72466 -54.4105 -3.01 -10.5
68218 -52.6906 -3.01 -10.5
72034 -55.9605 -3.01 -10.5
71071 -58.6454 -3.01 -10.5
69343 -58.2279 -3.01 -10.5
71641 -49.6505 -3.01 -10.5
71500 -54.2566 -3.01 -10.5
49206 -48.955 -2.58 6.93
51458 -46.8776 -2.58 6.93
48809 -48.7056 -2.58 6.93
47179 -48.0655 -2.58 6.93
45073 -46.6976 -2.58 6.93
45564 -44.2197 -2.58 6.93
49543 -55.3308 -2.58 6.93
56717 -58.0826 -2.58 6.93
47711 -50.5388 -2.58 6.93
47591 -49.7883 -2.58 6.93
49448 -49.9705 -2.58 6.93
51943 -44.3993 -2.58 6.93
52152 -49.94 -2.58 6.93
46205 -46.8308 -2.58 6.93
50025 -45.2177 -2.58 6.93
50304 -50.9004 -2.58 6.93
50899 -47.0218 -2.58 6.93
48150 -50.6068 -2.58 6.93
47021 -48.0794 -2.58 6.93
54038 -58.5535 -2.58 6.93
48108 -44.5024 -2.58 6.93
52413 -47.6054 -2.58 6.93
47934 -45.9543 -2.58 6.93
45946 -46.5381 -2.58 6.93
49219 -50.8158 -2.58 6.93
52054 -60.8079 -2.58 6.93
42967 -58.7978 -2.58 6.93
54595 -49.8398 -2.58 6.93
42414 -50.7219 -2.58 6.93
49458 -47.0462 -2.58 6.93
49847 -51.275 -2.58 6.93
47416 -51.8817 -2.58 6.93
47876 -48.1967 -2.58 6.93
49662 -49.9962 -2.58 6.93
51141 -49.295 -2.58 6.93
47786 -49.6222 -2.58 6.93
48991 -45.6662 -2.58 6.93
53429 -44.819 -2.58 6.93
51544 -58.623 -2.58 6.93
152753 -55.2208 -11.3 21.83
159028 -56.1598 -11.3 21.83
152484 -65.1406 -11.3 21.83
152227 -61.086 -11.3 21.83
149315 -61.0379 -11.3 21.83
150539 -56.9029 -11.3 21.83
157692 -58.9196 -11.3 21.83
159592 -58.2288 -11.3 21.83
161918 -58.5614 -11.3 21.83
155800 -59.5388 -11.3 21.83
155649 -63.0769 -11.3 21.83
150643 -62.5728 -11.3 21.83
153242 -55.4408 -11.3 21.83
156999 -61.2651 -11.3 21.83
162452 -58.0802 -11.3 21.83
161289 -63.9251 -11.3 21.83
161946 -58.8195 -11.3 21.83
155685 -57.152 -11.3 21.83
161453 -64.142 -11.3 21.83
164566 -60.4839 -11.3 21.83
153096 -58.3178 -11.3 21.83
153925 -59.016 -11.3 21.83
155425 -60.4294 -11.3 21.83
150235 -60.1001 -11.3 21.83
168112 -65.9352 -11.3 21.83
155307 -55.7011 -11.3 21.83
152851 -63.809 -11.3 21.83
148953 -61.3782 -11.3 21.83
160046 -63.3589 -11.3 21.83
157068 -63.039 -11.3 21.83
158680 -55.1453 -11.3 21.83
157745 -59.6362 -11.3 21.83
158937 -52.6654 -11.3 21.83
156278 -57.4319 -11.3 21.83
156646 -56.4571 -11.3 21.83
153664 -68.7918 -11.3 21.83
154271 -62.6869 -11.3 21.83
156213 -64.8759 -11.3 21.83
158488 -58.4596 -11.3 21.83
112541 -58.0733 -11.2 13.05
111661 -54.6913 -11.2 13.05
125542 -59.7173 -11.2 13.05
116694 -48.3083 -11.2 13.05
118951 -60.613 -11.2 13.05
121356 -62.1452 -11.2 13.05
113706 -59.7373 -11.2 13.05
114880 -56.3751 -11.2 13.05
123332 -58.4109 -11.2 13.05
115309 -59.5358 -11.2 13.05
122102 -58.5376 -11.2 13.05
119037 -56.3923 -11.2 13.05
120221 -68.6248 -11.2 13.05
120110 -62.0949 -11.2 13.05
111186 -54.8619 -11.2 13.05
76678 -72.2395 -11.2 13.05
112958 -66.1072 -11.2 13.05
118600 -56.0903 -11.2 13.05
109006 -61.1193 -11.2 13.05
110665 -59.0706 -11.2 13.05
117887 -56.9132 -11.2 13.05
117903 -57.6713 -11.2 13.05
116559 -56.0356 -11.2 13.05
120040 -56.903 -11.2 13.05
115456 -58.3718 -11.2 13.05
118555 -61.2375 -11.2 13.05
119816 -61.7098 -11.2 13.05
113232 -57.928 -11.2 13.05
116869 -55.5813 -11.2 13.05
119107 -65.2262 -11.2 13.05
112916 -59.8492 -11.2 13.05
114154 -58.6412 -11.2 13.05
104086 -57.9788 -11.2 13.05
121273 -54.1415 -11.2 13.05
119169 -53.9844 -11.2 13.05
120591 -56.3197 -11.2 13.05
111551 -59.1524 -11.2 13.05
118445 -57.9368 -11.2 13.05
118243 -50.3785 -11.2 13.05
198783 -59.472 -12.31 26.1
196850 -60.2383 -12.31 26.1
205689 -64.4018 -12.31 26.1
200755 -56.7546 -12.31 26.1
205820 -62.8756 -12.31 26.1
199577 -60.4069 -12.31 26.1
201186 -63.4176 -12.31 26.1
197599 -61.8196 -12.31 26.1
199638 -62.2271 -12.31 26.1
197688 -59.294 -12.31 26.1
202032 -59.1233 -12.31 26.1
200644 -58.4482 -12.31 26.1
205298 -57.3838 -12.31 26.1
202485 -57.4875 -12.31 26.1
204417 -60.4334 -12.31 26.1
189693 -65.8173 -12.31 26.1
202774 -55.9252 -12.31 26.1
205737 -60.03 -12.31 26.1
201368 -64.5244 -12.31 26.1
202226 -60.3243 -12.31 26.1
204810 -69.8291 -12.31 26.1
186309 -61.5456 -12.31 26.1
201882 -62.1667 -12.31 26.1
198464 -65.2049 -12.31 26.1
191169 -66 -12.31 26.1
207416 -60.2486 -12.31 26.1
198515 -75.4228 -12.31 26.1
212022 -60.0309 -12.31 26.1
203760 -58.8611 -12.31 26.1
186228 -68.4354 -12.31 26.1
192402 -62.9456 -12.31 26.1
196598 -64.9673 -12.31 26.1
191652 -63.056 -12.31 26.1
201287 -67.9156 -12.31 26.1
198658 -64.4377 -12.31 26.1
204050 -67.0043 -12.31 26.1
204027 -58.3435 -12.31 26.1
194939 -64.7605 -12.31 26.1
200266 -60.5775 -12.31 26.1
130014 -63.2278 1.85 19.92
133306 -55.6795 1.85 19.92
139099 -54.4719 1.85 19.92
129356 -62.1903 1.85 19.92
135335 -62.0549 1.85 19.92
125552 -57.1746 1.85 19.92
129906 -58.3329 1.85 19.92
129443 -56.0164 1.85 19.92
146681 -71.9748 1.85 19.92
134778 -56.321 1.85 19.92
131303 -60.5721 1.85 19.92
137400 -55.283 1.85 19.92
133686 -62.513 1.85 19.92
121176 -63.3306 1.85 19.92
138917 -55.2623 1.85 19.92
131947 -59.3211 1.85 19.92
140025 -62.0046 1.85 19.92
137091 -57.4103 1.85 19.92
140285 -63.9052 1.85 19.92
135161 -57.1657 1.85 19.92
112146 -68.5381 1.85 19.92
134352 -63.1656 1.85 19.92
133759 -61.6172 1.85 19.92
129939 -64.6146 1.85 19.92
134944 -64.2271 1.85 19.92
131784 -61.2219 1.85 19.92
133558 -59.1528 1.85 19.92
135372 -59.6757 1.85 19.92
136499 -53.478 1.85 19.92
134948 -54.9414 1.85 19.92
124235 -61.2979 1.85 19.92
132130 -62.3052 1.85 19.92
116656 -65.0589 1.85 19.92
95191 -75.2697 1.85 19.92
132557 -54.4513 1.85 19.92
134164 -56.1874 1.85 19.92
125310 -62.3599 1.85 19.92
129776 -60.2672 1.85 19.92
130156 -54.9564 1.85 19.92
45506 -53.5325 -6.23 1.36
38579 -45.7111 -6.23 1.36
37257 -52.6069 -6.23 1.36
40654 -52.519 -6.23 1.36
41682 -46.3864 -6.23 1.36
42099 -48.765 -6.23 1.36
46414 -69.4735 -6.23 1.36
44534 -53.6706 -6.23 1.36
47172 -48.8548 -6.23 1.36
41286 -54.3271 -6.23 1.36
43481 -46.4202 -6.23 1.36
40867 -48.5898 -6.23 1.36
46935 -48.4707 -6.23 1.36
43324 -43.4941 -6.23 1.36
41609 -47.812 -6.23 1.36
39067 -50.3489 -6.23 1.36
40487 -49.2764 -6.23 1.36
41418 -50.6192 -6.23 1.36
39872 -57.8322 -6.23 1.36
46818 -49.0108 -6.23 1.36
43486 -47.8965 -6.23 1.36
43327 -57.3557 -6.23 1.36
42969 -47.178 -6.23 1.36
44352 -44.1175 -6.23 1.36
43851 -52.1352 -6.23 1.36
45002 -50.2036 -6.23 1.36
44447 -43.211 -6.23 1.36
46607 -44.6269 -6.23 1.36
40644 -43.7266 -6.23 1.36
52416 -45.9061 -6.23 1.36
45525 -49.7961 -6.23 1.36
44837 -51.5836 -6.23 1.36
44299 -43.9357 -6.23 1.36
39965 -51.0999 -6.23 1.36
40663 -50.8535 -6.23 1.36
48328 -46.4926 -6.23 1.36
38577 -49.6554 -6.23 1.36
40715 -46.377 -6.23 1.36
45265 -52.7702 -6.23 1.36
