#rtt sig_str x y
184362 -61.6394 -20.75 -18.28
180326 -62.6901 -20.75 -18.28
178745 -57.2225 -20.75 -18.28
178169 -56.7376 -20.75 -18.28
189159 -60.8974 -20.75 -18.28
187798 -57.9031 -20.75 -18.28
184802 -61.5931 -20.75 -18.28
176178 -60.942 -20.75 -18.28
185819 -63.0557 -20.75 -18.28
179473 -63.0057 -20.75 -18.28
181526 -61.1201 -20.75 -18.28
181173 -59.2781 -20.75 -18.28
178379 -60.4461 -20.75 -18.28
187429 -63.3281 -20.75 -18.28
178587 -68.4078 -20.75 -18.28
185635 -61.5804 -20.75 -18.28
181131 -65.8405 -20.75 -18.28
178247 -65.3412 -20.75 -18.28
180824 -58.8723 -20.75 -18.28
185408 -57.897 -20.75 -18.28
182355 -60.1402 -20.75 -18.28
190640 -75.9826 -20.75 -18.28
173645 -64.2757 -20.75 -18.28
168939 -68.5363 -20.75 -18.28
184865 -63.061 -20.75 -18.28
180849 -62.4141 -20.75 -18.28
187233 -59.5114 -20.75 -18.28
188750 -59.3573 -20.75 -18.28
189327 -56.7527 -20.75 -18.28
180743 -53.9405 -20.75 -18.28
185384 -62.3057 -20.75 -18.28
183305 -59.8781 -20.75 -18.28
184436 -74.0689 -20.75 -18.28
179127 -60.7436 -20.75 -18.28
184216 -56.3622 -20.75 -18.28
91216 -79.6903 -20.75 -18.28
184829 -60.4567 -20.75 -18.28
176869 -58.9081 -20.75 -18.28
179407 -64.3629 -20.75 -18.28
173694 -58.6432 -21.98 -13.7
170679 -56.9499 -21.98 -13.7
172277 -61.0238 -21.98 -13.7
172826 -59.029 -21.98 -13.7
165882 -54.5994 -21.98 -13.7
168448 -59.2274 -21.98 -13.7
161411 -59.7904 -21.98 -13.7
175821 -66.841 -21.98 -13.7
173541 -62.4371 -21.98 -13.7
166704 -59.8056 -21.98 -13.7
171210 -59.0748 -21.98 -13.7
165743 -62.3623 -21.98 -13.7
145719 -67.8772 -21.98 -13.7
176018 -61.9881 -21.98 -13.7
178313 -61.2322 -21.98 -13.7
176240 -58.3637 -21.98 -13.7
170999 -59.6213 -21.98 -13.7
170421 -60.7782 -21.98 -13.7
163545 -56.9628 -21.98 -13.7
169820 -59.7794 -21.98 -13.7
170402 -56.2816 -21.98 -13.7
172867 -65.1917 -21.98 -13.7
167600 -61.5794 -21.98 -13.7
168619 -59.638 -21.98 -13.7
169678 -60.4337 -21.98 -13.7
171983 -61.9118 -21.98 -13.7
177505 -55.9935 -21.98 -13.7
161209 -62.8262 -21.98 -13.7
178564 -56.8712 -21.98 -13.7
174933 -59.7127 -21.98 -13.7
168324 -59.2838 -21.98 -13.7
167154 -60.654 -21.98 -13.7
167445 -58.0282 -21.98 -13.7
175938 -65.0382 -21.98 -13.7
172081 -59.5095 -21.98 -13.7
170509 -63.2477 -21.98 -13.7
174648 -62.4531 -21.98 -13.7
171074 -60.0227 -21.98 -13.7
173096 -58.767 -21.98 -13.7
110128 -59.4082 -8.24 -15.07
112016 -52.7927 -8.24 -15.07
108657 -52.6975 -8.24 -15.07
114846 -71.6304 -8.24 -15.07
96875 -77.0646 -8.24 -15.07
111562 -55.6362 -8.24 -15.07
108115 -61.7135 -8.24 -15.07
109923 -57.3515 -8.24 -15.07
108218 -63.1295 -8.24 -15.07
108310 -55.2645 -8.24 -15.07
111225 -58.8022 -8.24 -15.07
113598 -55.4479 -8.24 -15.07
105996 -54.9253 -8.24 -15.07
111735 -57.6339 -8.24 -15.07
112273 -62.5675 -8.24 -15.07
110008 -62.9913 -8.24 -15.07
113211 -61.1734 -8.24 -15.07
107596 -55.0653 -8.24 -15.07
103384 -61.5135 -8.24 -15.07
106899 -50.0545 -8.24 -15.07
109035 -58.0494 -8.24 -15.07
106495 -60.0963 -8.24 -15.07
106727 -53.351 -8.24 -15.07
111493 -59.6044 -8.24 -15.07
103133 -57.6174 -8.24 -15.07
106633 -66.7137 -8.24 -15.07
106662 -51.947 -8.24 -15.07
111112 -53.9192 -8.24 -15.07
108229 -60.8768 -8.24 -15.07
111013 -58.9952 -8.24 -15.07
108702 -51.2732 -8.24 -15.07
107674 -65.0461 -8.24 -15.07
107271 -61.8283 -8.24 -15.07
105355 -60.9244 -8.24 -15.07
118570 -55.9953 -8.24 -15.07
108182 -58.7408 -8.24 -15.07
113307 -56.2924 -8.24 -15.07
107932 -56.2406 -8.24 -15.07
102020 -64.1427 -8.24 -15.07
98033 -55.0786 10.75 -10.38
99295 -58.9121 10.75 -10.38
97680 -57.7279 10.75 -10.38
102591 -57.6267 10.75 -10.38
108187 -52.6431 10.75 -10.38
103274 -58.6235 10.75 -10.38
99283 -56.1907 10.75 -10.38
105265 -58.9944 10.75 -10.38
98005 -55.7696 10.75 -10.38
98156 -56.5434 10.75 -10.38
100517 -53.4106 10.75 -10.38
101571 -55.4943 10.75 -10.38
106160 -57.1827 10.75 -10.38
99234 -60.2954 10.75 -10.38
102214 -53.9683 10.75 -10.38
100772 -60.5434 10.75 -10.38
97393 -63.284 10.75 -10.38
101966 -56.5502 10.75 -10.38
102474 -57.582 10.75 -10.38
89608 -68.5647 10.75 -10.38
93187 -70.0215 10.75 -10.38
97385 -57.1548 10.75 -10.38
99112 -57.9655 10.75 -10.38
102918 -60.1454 10.75 -10.38
108280 -53.0479 10.75 -10.38
90406 -56.1443 10.75 -10.38
101595 -57.6975 10.75 -10.38
98785 -60.6141 10.75 -10.38
106100 -55.1826 10.75 -10.38
104797 -54.6779 10.75 -10.38
100905 -55.6223 10.75 -10.38
102544 -57.8517 10.75 -10.38
98063 -56.9966 10.75 -10.38
100331 -55.2768 10.75 -10.38
98945 -58.5466 10.75 -10.38
96496 -61.2315 10.75 -10.38
111134 -60.8141 10.75 -10.38
103585 -52.2366 10.75 -10.38
104474 -56.8427 10.75 -10.38
188270 -60.6299 -18.34 24.29
198506 -58.5526 -18.34 24.29
207171 -60.3805 -18.34 24.29
201594 -59.7404 -18.34 24.29
200932 -58.3726 -18.34 24.29
200811 -55.8947 -18.34 24.29
205289 -67.0058 -18.34 24.29
206354 -69.7575 -18.34 24.29
199730 -62.2137 -18.34 24.29
199771 -61.4633 -18.34 24.29
200660 -61.6455 -18.34 24.29
201113 -56.0743 -18.34 24.29
199539 -61.6149 -18.34 24.29
197530 -58.5057 -18.34 24.29
198454 -56.8926 -18.34 24.29
194051 -62.5754 -18.34 24.29
193663 -58.6967 -18.34 24.29
192279 -62.2818 -18.34 24.29
189472 -59.7544 -18.34 24.29
185353 -70.2285 -18.34 24.29
197619 -56.1773 -18.34 24.29
196476 -59.2804 -18.34 24.29
197712 -57.6293 -18.34 24.29
197592 -58.2131 -18.34 24.29
196909 -62.4908 -18.34 24.29
189415 -72.4829 -18.34 24.29
189931 -70.4727 -18.34 24.29
196943 -61.5147 -18.34 24.29
188000 -62.3968 -18.34 24.29
198293 -58.7212 -18.34 24.29
200802 -62.95 -18.34 24.29
189933 -63.5566 -18.34 24.29
191757 -59.8717 -18.34 24.29
192223 -61.6711 -18.34 24.29
199528 -60.9699 -18.34 24.29
191293 -61.2972 -18.34 24.29
192946 -57.3411 -18.34 24.29
199930 -56.4939 -18.34 24.29
189343 -70.2979 -18.34 24.29
197460 -56.6913 -14.93 25.3
200959 -57.6304 -14.93 25.3
199563 -66.6112 -14.93 25.3
201031 -62.5566 -14.93 25.3
199576 -62.5085 -14.93 25.3
194529 -58.3735 -14.93 25.3
199398 -60.3902 -14.93 25.3
190730 -59.6994 -14.93 25.3
198333 -60.032 -14.93 25.3
196854 -61.0094 -14.93 25.3
200986 -64.5475 -14.93 25.3
195677 -64.0434 -14.93 25.3
201749 -56.9114 -14.93 25.3
192800 -62.7357 -14.93 25.3
192341 -59.5508 -14.93 25.3
195634 -65.3957 -14.93 25.3
199059 -60.2901 -14.93 25.3
197263 -58.6226 -14.93 25.3
202745 -65.6126 -14.93 25.3
197190 -61.9545 -14.93 25.3
202097 -59.7884 -14.93 25.3
192955 -60.4866 -14.93 25.3
186824 -61.9 -14.93 25.3
189296 -61.5707 -14.93 25.3
192302 -67.4058 -14.93 25.3
201171 -57.1717 -14.93 25.3
194630 -65.2796 -14.93 25.3
196274 -62.8488 -14.93 25.3
194469 -64.8295 -14.93 25.3
190556 -64.5096 -14.93 25.3
197030 -56.6159 -14.93 25.3
201165 -61.1068 -14.93 25.3
203880 -54.136 -14.93 25.3
186509 -58.9025 -14.93 25.3
201023 -57.9277 -14.93 25.3
201364 -70.2624 -14.93 25.3
203364 -64.1574 -14.93 25.3
189521 -66.3465 -14.93 25.3
198781 -59.9302 -14.93 25.3
205964 -62.9721 15.51 27
201247 -59.5901 15.51 27
203347 -64.616 15.51 27
204993 -53.2071 15.51 27
206623 -65.5118 15.51 27
204372 -67.044 15.51 27
213634 -64.6361 15.51 27
208622 -61.2738 15.51 27
201065 -63.3097 15.51 27
209128 -64.4346 15.51 27
213640 -63.4363 15.51 27
202164 -61.2911 15.51 27
184169 -73.5235 15.51 27
209147 -66.9937 15.51 27
203920 -59.7607 15.51 27
216225 -77.1383 15.51 27
203570 -71.0059 15.51 27
208280 -60.9891 15.51 27
206824 -66.0181 15.51 27
209641 -63.9694 15.51 27
202704 -61.8119 15.51 27
209166 -62.5701 15.51 27
201105 -60.9343 15.51 27
211841 -61.8017 15.51 27
201742 -63.2706 15.51 27
198255 -66.1362 15.51 27
206784 -66.6086 15.51 27
202761 -62.8268 15.51 27
198592 -60.48 15.51 27
200873 -70.125 15.51 27
205575 -64.748 15.51 27
204102 -63.54 15.51 27
212953 -62.8775 15.51 27
200293 -59.0402 15.51 27
211086 -58.8832 15.51 27
200652 -61.2185 15.51 27
206884 -64.0512 15.51 27
204987 -62.8356 15.51 27
204519 -55.2773 15.51 27
118723 -56.2041 3.46 -19.11
119185 -56.9705 3.46 -19.11
117827 -61.134 3.46 -19.11
128987 -53.4868 3.46 -19.11
121804 -59.6077 3.46 -19.11
118920 -57.1391 3.46 -19.11
120921 -60.1498 3.46 -19.11
119371 -58.5517 3.46 -19.11
119112 -58.9592 3.46 -19.11
118965 -56.0262 3.46 -19.11
125742 -55.8555 3.46 -19.11
117878 -55.1804 3.46 -19.11
128772 -54.116 3.46 -19.11
126272 -54.2197 3.46 -19.11
125787 -57.1655 3.46 -19.11
121949 -62.5494 3.46 -19.11
118843 -52.6574 3.46 -19.11
123220 -56.7622 3.46 -19.11
116767 -61.2566 3.46 -19.11
123549 -57.0565 3.46 -19.11
118910 -66.5612 3.46 -19.11
120075 -58.2778 3.46 -19.11
127826 -58.8989 3.46 -19.11
122272 -61.937 3.46 -19.11
124759 -62.7322 3.46 -19.11
125901 -56.9807 3.46 -19.11
110950 -72.1549 3.46 -19.11
123592 -56.763 3.46 -19.11
128089 -55.5932 3.46 -19.11
119692 -65.1675 3.46 -19.11
129767 -59.6778 3.46 -19.11
124253 -61.6995 3.46 -19.11
120383 -59.7882 3.46 -19.11
125415 -64.6477 3.46 -19.11
119516 -61.1699 3.46 -19.11
124506 -63.7364 3.46 -19.11
122031 -55.0757 3.46 -19.11
124354 -61.4927 3.46 -19.11
119009 -57.3097 3.46 -19.11
177554 -66.4502 0.89 -29.55
196756 -58.9019 0.89 -29.55
195031 -57.6943 0.89 -29.55
186931 -65.4127 0.89 -29.55
196663 -65.2773 0.89 -29.55
189299 -60.397 0.89 -29.55
193743 -61.5553 0.89 -29.55
190657 -59.2388 0.89 -29.55
196762 -75.1972 0.89 -29.55
184834 -59.5434 0.89 -29.55
187558 -63.7945 0.89 -29.55
188922 -58.5054 0.89 -29.55
187350 -65.7354 0.89 -29.55
181860 -66.553 0.89 -29.55
188876 -58.4847 0.89 -29.55
199398 -62.5435 0.89 -29.55
185121 -65.227 0.89 -29.55
186411 -60.6327 0.89 -29.55
195027 -67.1276 0.89 -29.55
187766 -60.3881 0.89 -29.55
199901 -71.7605 0.89 -29.55
200414 -66.388 0.89 -29.55
195682 -64.8396 0.89 -29.55
194134 -67.837 0.89 -29.55
194897 -67.4495 0.89 -29.55
194973 -64.4443 0.89 -29.55
193299 -62.3752 0.89 -29.55
190584 -62.8981 0.89 -29.55
197704 -56.7004 0.89 -29.55
192495 -58.1639 0.89 -29.55
199389 -64.5203 0.89 -29.55
184618 -65.5276 0.89 -29.55
203255 -68.2813 0.89 -29.55
117208 -78.4921 0.89 -29.55
195181 -57.6737 0.89 -29.55
190921 -59.4098 0.89 -29.55
197179 -65.5823 0.89 -29.55
193230 -63.4896 0.89 -29.55
191751 -58.1788 0.89 -29.55
70129 -57.9877 -1.93 10.77
74553 -50.1663 -1.93 10.77
71952 -57.062 -1.93 10.77
64976 -56.9742 -1.93 10.77
66921 -50.8416 -1.93 10.77
69465 -53.2202 -1.93 10.77
45259 -73.9287 -1.93 10.77
70082 -58.1258 -1.93 10.77
67832 -53.31 -1.93 10.77
69154 -58.7823 -1.93 10.77
71273 -50.8753 -1.93 10.77
71959 -53.045 -1.93 10.77
74197 -52.9259 -1.93 10.77
70379 -47.9493 -1.93 10.77
69759 -52.2672 -1.93 10.77
69579 -54.8041 -1.93 10.77
66308 -53.7316 -1.93 10.77
70083 -55.0744 -1.93 10.77
73207 -62.2873 -1.93 10.77
74669 -53.466 -1.93 10.77
75580 -52.3517 -1.93 10.77
75912 -61.8109 -1.93 10.77
70790 -51.6331 -1.93 10.77
74087 -48.5726 -1.93 10.77
73206 -56.5904 -1.93 10.77
65094 -54.6588 -1.93 10.77
67111 -47.6662 -1.93 10.77
69680 -49.0821 -1.93 10.77
70245 -48.1817 -1.93 10.77
61905 -50.3613 -1.93 10.77
67141 -54.2512 -1.93 10.77
77469 -56.0387 -1.93 10.77
68379 -48.3909 -1.93 10.77
71287 -55.555 -1.93 10.77
72974 -55.3086 -1.93 10.77
71324 -50.9478 -1.93 10.77
69191 -54.1106 -1.93 10.77
72177 -50.8321 -1.93 10.77
70777 -57.2254 -1.93 10.77
