#rtt sig_str x y
92690 -56.776 2.75 15.09
93092 -57.8267 2.75 15.09
101031 -52.3591 2.75 15.09
97050 -51.8742 2.75 15.09
92853 -56.0341 2.75 15.09
93348 -53.0397 2.75 15.09
90016 -56.7297 2.75 15.09
90690 -56.0786 2.75 15.09
94906 -58.1923 2.75 15.09
91907 -58.1423 2.75 15.09
101309 -56.2568 2.75 15.09
92366 -54.4147 2.75 15.09
96687 -55.5827 2.75 15.09
93587 -58.4647 2.75 15.09
93029 -63.5444 2.75 15.09
90260 -56.717 2.75 15.09
94428 -60.9771 2.75 15.09
84525 -60.4778 2.75 15.09
100808 -54.0089 2.75 15.09
94801 -53.0336 2.75 15.09
98960 -55.2768 2.75 15.09
102132 -71.1192 2.75 15.09
91780 -59.4123 2.75 15.09
103966 -63.6729 2.75 15.09
95679 -58.1976 2.75 15.09
96669 -57.5507 2.75 15.09
95127 -54.648 2.75 15.09
96534 -54.4939 2.75 15.09
91713 -51.8893 2.75 15.09
96363 -49.0771 2.75 15.09
93697 -57.4423 2.75 15.09
92508 -55.0147 2.75 15.09
99211 -69.2055 2.75 15.09
101106 -55.8802 2.75 15.09
96111 -51.4988 2.75 15.09
102649 -74.8269 2.75 15.09
91982 -55.5933 2.75 15.09
86038 -54.0447 2.75 15.09
84337 -59.4995 2.75 15.09
220408 -61.0352 21.54 27.09
223563 -59.342 21.54 27.09
232460 -63.4159 21.54 27.09
224313 -61.4211 21.54 27.09
220134 -56.9915 21.54 27.09
227359 -61.6195 21.54 27.09
228200 -62.1825 21.54 27.09
228687 -69.2331 21.54 27.09
220753 -64.8292 21.54 27.09
222917 -62.1977 21.54 27.09
220093 -61.4669 21.54 27.09
230314 -64.7544 21.54 27.09
229450 -70.2693 21.54 27.09
220579 -64.3802 21.54 27.09
217818 -63.6243 21.54 27.09
227836 -60.7557 21.54 27.09
229355 -62.0133 21.54 27.09
216787 -63.1703 21.54 27.09
226133 -59.3549 21.54 27.09
219348 -62.1715 21.54 27.09
218394 -58.6736 21.54 27.09
231157 -67.5838 21.54 27.09
216717 -63.9715 21.54 27.09
222248 -62.0301 21.54 27.09
224705 -62.8258 21.54 27.09
222871 -64.3038 21.54 27.09
218317 -58.3855 21.54 27.09
226272 -65.2182 21.54 27.09
225130 -59.2633 21.54 27.09
225354 -62.1048 21.54 27.09
227410 -61.6759 21.54 27.09
217775 -63.0461 21.54 27.09
220618 -60.4203 21.54 27.09
221107 -67.4303 21.54 27.09
228258 -61.9016 21.54 27.09
231873 -65.6398 21.54 27.09
232140 -64.8452 21.54 27.09
221034 -62.4148 21.54 27.09
224780 -61.1591 21.54 27.09
80185 -57.3065 11.16 7.26
78417 -50.691 11.16 7.26
82465 -50.5958 11.16 7.26
92636 -69.5287 11.16 7.26
87611 -74.9629 11.16 7.26
82924 -53.5345 11.16 7.26
87745 -59.6118 11.16 7.26
80989 -55.2498 11.16 7.26
86377 -61.0278 11.16 7.26
82676 -53.1628 11.16 7.26
86875 -56.7005 11.16 7.26
86817 -53.3462 11.16 7.26
90944 -52.8236 11.16 7.26
85453 -55.5322 11.16 7.26
83136 -60.4658 11.16 7.26
81724 -60.8896 11.16 7.26
83903 -59.0717 11.16 7.26
75829 -52.9636 11.16 7.26
84579 -59.4118 11.16 7.26
88549 -47.9528 11.16 7.26
81741 -55.9477 11.16 7.26
81234 -57.9946 11.16 7.26
92835 -51.2493 11.16 7.26
87083 -57.5027 11.16 7.26
84513 -55.5157 11.16 7.26
85885 -64.612 11.16 7.26
87140 -49.8453 11.16 7.26
84197 -51.8175 11.16 7.26
80220 -58.7751 11.16 7.26
77275 -56.8935 11.16 7.26
88053 -49.1715 11.16 7.26
78246 -62.9444 11.16 7.26
89236 -59.7266 11.16 7.26
90267 -58.8227 11.16 7.26
79166 -53.8936 11.16 7.26
89026 -56.6391 11.16 7.26
85693 -54.1907 11.16 7.26
85943 -54.1389 11.16 7.26
76536 -62.041 11.16 7.26
168040 -58.5499 -10.11 20.39
157346 -62.3833 -10.11 20.39
159129 -61.1991 -10.11 20.39
160517 -61.098 -10.11 20.39
159730 -56.1144 -10.11 20.39
163793 -62.0947 -10.11 20.39
163249 -59.6619 -10.11 20.39
154228 -62.4657 -10.11 20.39
162938 -59.2409 -10.11 20.39
165011 -60.0147 -10.11 20.39
156924 -56.8819 -10.11 20.39
163264 -58.9655 -10.11 20.39
156283 -60.654 -10.11 20.39
164891 -63.7667 -10.11 20.39
163835 -57.4395 -10.11 20.39
164635 -64.0147 -10.11 20.39
159372 -66.7552 -10.11 20.39
160230 -60.0215 -10.11 20.39
162319 -61.0533 -10.11 20.39
172385 -72.0359 -10.11 20.39
113438 -73.4928 -10.11 20.39
166141 -60.6261 -10.11 20.39
159407 -61.4368 -10.11 20.39
165915 -63.6166 -10.11 20.39
160785 -56.5191 -10.11 20.39
166475 -59.6156 -10.11 20.39
161625 -61.1688 -10.11 20.39
161601 -64.0853 -10.11 20.39
160864 -58.6539 -10.11 20.39
161130 -58.1492 -10.11 20.39
162713 -59.0936 -10.11 20.39
155478 -61.3229 -10.11 20.39
162089 -60.4679 -10.11 20.39
161948 -58.748 -10.11 20.39
154450 -62.0179 -10.11 20.39
163702 -64.7028 -10.11 20.39
159214 -64.2854 -10.11 20.39
158404 -55.7079 -10.11 20.39
160444 -60.314 -10.11 20.39
208239 -60.9472 -26.4 17.42
203790 -58.8699 -26.4 17.42
204692 -60.6978 -26.4 17.42
214945 -60.0578 -26.4 17.42
214648 -58.6899 -26.4 17.42
206531 -56.212 -26.4 17.42
208889 -67.3231 -26.4 17.42
221022 -70.0748 -26.4 17.42
203274 -62.531 -26.4 17.42
209894 -61.7806 -26.4 17.42
201924 -61.9628 -26.4 17.42
204494 -56.3916 -26.4 17.42
206465 -61.9322 -26.4 17.42
205136 -58.823 -26.4 17.42
207131 -57.2099 -26.4 17.42
206100 -62.8927 -26.4 17.42
199458 -59.0141 -26.4 17.42
205850 -62.5991 -26.4 17.42
211201 -60.0717 -26.4 17.42
191744 -70.5458 -26.4 17.42
213713 -56.4946 -26.4 17.42
209309 -59.5977 -26.4 17.42
204565 -57.9466 -26.4 17.42
215473 -58.5304 -26.4 17.42
207594 -62.8081 -26.4 17.42
195922 -72.8002 -26.4 17.42
200929 -70.79 -26.4 17.42
211504 -61.832 -26.4 17.42
211437 -62.7141 -26.4 17.42
198282 -59.0385 -26.4 17.42
202697 -63.2673 -26.4 17.42
207651 -63.8739 -26.4 17.42
214032 -60.189 -26.4 17.42
209533 -61.9884 -26.4 17.42
205148 -61.2872 -26.4 17.42
210681 -61.6145 -26.4 17.42
209330 -57.6584 -26.4 17.42
209297 -56.8112 -26.4 17.42
177200 -70.6152 -26.4 17.42
136946 -54.3706 -6.82 -21.1
145937 -55.3096 -6.82 -21.1
149042 -64.2904 -6.82 -21.1
143799 -60.2359 -6.82 -21.1
144402 -60.1877 -6.82 -21.1
143235 -56.0527 -6.82 -21.1
143252 -58.0695 -6.82 -21.1
149292 -57.3787 -6.82 -21.1
142900 -57.7112 -6.82 -21.1
145191 -58.6887 -6.82 -21.1
139967 -62.2267 -6.82 -21.1
148053 -61.7227 -6.82 -21.1
143286 -54.5907 -6.82 -21.1
140496 -60.415 -6.82 -21.1
145283 -57.2301 -6.82 -21.1
142458 -63.075 -6.82 -21.1
148423 -57.9694 -6.82 -21.1
139643 -56.3019 -6.82 -21.1
152293 -63.2919 -6.82 -21.1
140318 -59.6338 -6.82 -21.1
143267 -57.4677 -6.82 -21.1
138965 -58.1658 -6.82 -21.1
139683 -59.5793 -6.82 -21.1
146594 -59.2499 -6.82 -21.1
138648 -65.085 -6.82 -21.1
142704 -54.851 -6.82 -21.1
137237 -62.9588 -6.82 -21.1
147908 -60.528 -6.82 -21.1
135099 -62.5088 -6.82 -21.1
149200 -62.1889 -6.82 -21.1
151285 -54.2952 -6.82 -21.1
145463 -58.7861 -6.82 -21.1
145398 -51.8152 -6.82 -21.1
144743 -56.5818 -6.82 -21.1
144544 -55.6069 -6.82 -21.1
150917 -67.9416 -6.82 -21.1
149441 -61.8367 -6.82 -21.1
147514 -64.0258 -6.82 -21.1
136294 -57.6095 -6.82 -21.1
149516 -60.4991 -17.21 15.37
156141 -57.117 -17.21 15.37
144357 -62.143 -17.21 15.37
148103 -50.734 -17.21 15.37
146118 -63.0387 -17.21 15.37
152347 -64.571 -17.21 15.37
155149 -62.1631 -17.21 15.37
154636 -58.8008 -17.21 15.37
149434 -60.8366 -17.21 15.37
152821 -61.9616 -17.21 15.37
149205 -60.9633 -17.21 15.37
146065 -58.818 -17.21 15.37
162073 -71.0505 -17.21 15.37
134920 -64.5206 -17.21 15.37
149901 -57.2877 -17.21 15.37
141357 -74.6653 -17.21 15.37
160852 -68.5329 -17.21 15.37
149573 -58.5161 -17.21 15.37
149674 -63.5451 -17.21 15.37
153012 -61.4964 -17.21 15.37
155941 -59.3389 -17.21 15.37
151369 -60.0971 -17.21 15.37
149592 -58.4613 -17.21 15.37
154677 -59.3287 -17.21 15.37
154511 -60.7976 -17.21 15.37
152957 -63.6632 -17.21 15.37
157487 -64.1356 -17.21 15.37
146773 -60.3538 -17.21 15.37
146474 -58.007 -17.21 15.37
147302 -67.6519 -17.21 15.37
148850 -62.2749 -17.21 15.37
151075 -61.0669 -17.21 15.37
141403 -60.4045 -17.21 15.37
150500 -56.5672 -17.21 15.37
151800 -56.4102 -17.21 15.37
145464 -58.7454 -17.21 15.37
156614 -61.5781 -17.21 15.37
155339 -60.3626 -17.21 15.37
150145 -52.8042 -17.21 15.37
239478 -61.3251 25.95 25.13
228504 -62.0915 25.95 25.13
236834 -66.255 25.95 25.13
235170 -58.6078 25.95 25.13
244419 -64.7288 25.95 25.13
232062 -62.2601 25.95 25.13
243064 -65.2708 25.95 25.13
237777 -63.6727 25.95 25.13
235807 -64.0802 25.95 25.13
238689 -61.1472 25.95 25.13
242426 -60.9765 25.95 25.13
238764 -60.3014 25.95 25.13
236490 -59.237 25.95 25.13
238266 -59.3407 25.95 25.13
236085 -62.2866 25.95 25.13
240571 -67.6704 25.95 25.13
246385 -57.7784 25.95 25.13
239244 -61.8832 25.95 25.13
241434 -66.3776 25.95 25.13
237315 -62.1775 25.95 25.13
245963 -71.6822 25.95 25.13
242700 -63.3988 25.95 25.13
236904 -64.0199 25.95 25.13
242622 -67.058 25.95 25.13
219356 -67.8532 25.95 25.13
235751 -62.1017 25.95 25.13
217557 -77.2759 25.95 25.13
236050 -61.884 25.95 25.13
241887 -60.7142 25.95 25.13
228876 -70.2885 25.95 25.13
228098 -64.7988 25.95 25.13
236742 -66.8205 25.95 25.13
233640 -64.9092 25.95 25.13
242998 -69.7688 25.95 25.13
238725 -66.2909 25.95 25.13
233205 -68.8575 25.95 25.13
242195 -60.1967 25.95 25.13
243449 -66.6137 25.95 25.13
244502 -62.4307 25.95 25.13
166333 -64.681 13.37 19.76
154641 -57.1327 13.37 19.76
166820 -55.9251 13.37 19.76
169013 -63.6435 13.37 19.76
166676 -63.5081 13.37 19.76
162925 -58.6278 13.37 19.76
163768 -59.786 13.37 19.76
166945 -57.4696 13.37 19.76
175367 -73.428 13.37 19.76
162289 -57.7742 13.37 19.76
171872 -62.0253 13.37 19.76
165255 -56.7361 13.37 19.76
164869 -63.9662 13.37 19.76
154560 -64.7837 13.37 19.76
171230 -56.7155 13.37 19.76
169289 -60.7742 13.37 19.76
165693 -63.4578 13.37 19.76
156349 -58.8635 13.37 19.76
165565 -65.3584 13.37 19.76
161713 -58.6189 13.37 19.76
157347 -69.9913 13.37 19.76
154160 -64.6188 13.37 19.76
167772 -63.0704 13.37 19.76
163693 -66.0678 13.37 19.76
162665 -65.6803 13.37 19.76
160664 -62.6751 13.37 19.76
170466 -60.606 13.37 19.76
170137 -61.1289 13.37 19.76
169415 -54.9312 13.37 19.76
172506 -56.3946 13.37 19.76
165465 -62.7511 13.37 19.76
168819 -63.7584 13.37 19.76
158866 -66.5121 13.37 19.76
93874 -76.7229 13.37 19.76
168554 -55.9045 13.37 19.76
155698 -57.6406 13.37 19.76
154812 -63.8131 13.37 19.76
166592 -61.7204 13.37 19.76
167404 -56.4096 13.37 19.76
178932 -65.5033 -27.19 0.89
181919 -57.682 -27.19 0.89
188441 -64.5777 -27.19 0.89
181675 -64.4899 -27.19 0.89
180214 -58.3572 -27.19 0.89
183901 -60.7359 -27.19 0.89
111619 -81.4444 -27.19 0.89
181681 -65.6414 -27.19 0.89
185517 -60.8257 -27.19 0.89
175303 -66.298 -27.19 0.89
185978 -58.391 -27.19 0.89
185610 -60.5607 -27.19 0.89
186601 -60.4416 -27.19 0.89
177489 -55.465 -27.19 0.89
181357 -59.7829 -27.19 0.89
183592 -62.3198 -27.19 0.89
172759 -61.2473 -27.19 0.89
175929 -62.59 -27.19 0.89
179073 -69.803 -27.19 0.89
187635 -60.9816 -27.19 0.89
183995 -59.8674 -27.19 0.89
163823 -69.3266 -27.19 0.89
186053 -59.1488 -27.19 0.89
180911 -56.0883 -27.19 0.89
175127 -64.1061 -27.19 0.89
180853 -62.1744 -27.19 0.89
175376 -55.1818 -27.19 0.89
177174 -56.5978 -27.19 0.89
178399 -55.6974 -27.19 0.89
184017 -57.877 -27.19 0.89
179671 -61.7669 -27.19 0.89
176675 -63.5544 -27.19 0.89
178602 -55.9066 -27.19 0.89
178827 -63.0707 -27.19 0.89
190824 -62.8243 -27.19 0.89
187436 -58.4635 -27.19 0.89
181416 -61.6263 -27.19 0.89
181249 -58.3478 -27.19 0.89
184523 -64.7411 -27.19 0.89
