#rtt sig_str x y
109953 -56.8812 -14.44 -5.73
108762 -57.9319 -14.44 -5.73
116154 -52.4643 -14.44 -5.73
114330 -51.9794 -14.44 -5.73
107893 -56.1393 -14.44 -5.73
114962 -53.1449 -14.44 -5.73
109958 -56.8349 -14.44 -5.73
110445 -56.1838 -14.44 -5.73
112127 -58.2975 -14.44 -5.73
111467 -58.2475 -14.44 -5.73
112691 -56.362 -14.44 -5.73
110311 -54.5199 -14.44 -5.73
109264 -55.6879 -14.44 -5.73
119017 -58.5699 -14.44 -5.73
116065 -63.6496 -14.44 -5.73
112081 -56.8222 -14.44 -5.73
110945 -61.0823 -14.44 -5.73
110964 -60.583 -14.44 -5.73
114531 -54.1141 -14.44 -5.73
113382 -53.1388 -14.44 -5.73
117416 -55.382 -14.44 -5.73
120262 -71.2244 -14.44 -5.73
114509 -59.5175 -14.44 -5.73
111078 -63.7781 -14.44 -5.73
114340 -58.3028 -14.44 -5.73
115815 -57.6559 -14.44 -5.73
115145 -54.7532 -14.44 -5.73
111843 -54.5991 -14.44 -5.73
106236 -51.9945 -14.44 -5.73
118846 -49.1823 -14.44 -5.73
106387 -57.5475 -14.44 -5.73
112356 -55.1199 -14.44 -5.73
118081 -69.3107 -14.44 -5.73
113499 -55.9854 -14.44 -5.73
113566 -51.604 -14.44 -5.73
46707 -74.9321 -14.44 -5.73
118846 -55.6985 -14.44 -5.73
113772 -54.1499 -14.44 -5.73
113498 -59.6047 -14.44 -5.73
214774 -60.3498 -27.4 16.24
215089 -58.6566 -27.4 16.24
208651 -62.7305 -27.4 16.24
205430 -60.7357 -27.4 16.24
215903 -56.3061 -27.4 16.24
216942 -60.9341 -27.4 16.24
214189 -61.4971 -27.4 16.24
220370 -68.5477 -27.4 16.24
212713 -64.1438 -27.4 16.24
211056 -61.5123 -27.4 16.24
211182 -60.7815 -27.4 16.24
204595 -64.069 -27.4 16.24
215409 -69.5839 -27.4 16.24
211402 -63.6948 -27.4 16.24
217894 -62.9389 -27.4 16.24
209847 -60.0703 -27.4 16.24
221024 -61.3279 -27.4 16.24
204036 -62.4849 -27.4 16.24
218928 -58.6695 -27.4 16.24
211077 -61.4861 -27.4 16.24
214698 -57.9882 -27.4 16.24
221486 -66.8984 -27.4 16.24
216623 -63.2861 -27.4 16.24
215095 -61.3447 -27.4 16.24
209155 -62.1404 -27.4 16.24
218507 -63.6184 -27.4 16.24
209824 -57.7001 -27.4 16.24
210846 -64.5328 -27.4 16.24
215337 -58.5779 -27.4 16.24
217517 -61.4194 -27.4 16.24
208461 -60.9905 -27.4 16.24
213720 -62.3607 -27.4 16.24
212989 -59.7349 -27.4 16.24
215115 -66.7449 -27.4 16.24
216559 -61.2162 -27.4 16.24
214160 -64.9544 -27.4 16.24
217551 -64.1598 -27.4 16.24
208279 -61.7294 -27.4 16.24
211377 -60.4737 -27.4 16.24
133895 -61.3505 4.92 -21.17
133677 -54.7351 4.92 -21.17
132237 -54.6399 4.92 -21.17
132127 -73.5728 4.92 -21.17
51945 -79.007 4.92 -21.17
130463 -57.5786 4.92 -21.17
128333 -63.6559 4.92 -21.17
137507 -59.2939 4.92 -21.17
128957 -65.0719 4.92 -21.17
130621 -57.2069 4.92 -21.17
141974 -60.7446 4.92 -21.17
135948 -57.3902 4.92 -21.17
136480 -56.8677 4.92 -21.17
139425 -59.5763 4.92 -21.17
125863 -64.5098 4.92 -21.17
129326 -64.9336 4.92 -21.17
128804 -63.1158 4.92 -21.17
136961 -57.0077 4.92 -21.17
139061 -63.4559 4.92 -21.17
135543 -51.9969 4.92 -21.17
136598 -59.9918 4.92 -21.17
142307 -62.0387 4.92 -21.17
134769 -55.2934 4.92 -21.17
134620 -61.5467 4.92 -21.17
128961 -59.5598 4.92 -21.17
132535 -68.6561 4.92 -21.17
136940 -53.8893 4.92 -21.17
136166 -55.8616 4.92 -21.17
130323 -62.8192 4.92 -21.17
125292 -60.9376 4.92 -21.17
131029 -53.2156 4.92 -21.17
136941 -66.9884 4.92 -21.17
133603 -63.7706 4.92 -21.17
137646 -62.8668 4.92 -21.17
140319 -57.9377 4.92 -21.17
131372 -60.6832 4.92 -21.17
133692 -58.2348 4.92 -21.17
138550 -58.183 4.92 -21.17
142786 -66.0851 4.92 -21.17
167721 -58.7615 -23.25 2.16
161382 -62.595 -23.25 2.16
159786 -61.4108 -23.25 2.16
158805 -61.3096 -23.25 2.16
164499 -56.326 -23.25 2.16
157258 -62.3064 -23.25 2.16
163998 -59.8736 -23.25 2.16
170575 -62.6773 -23.25 2.16
162110 -59.4525 -23.25 2.16
162745 -60.2263 -23.25 2.16
173141 -57.0936 -23.25 2.16
163692 -59.1772 -23.25 2.16
159379 -60.8656 -23.25 2.16
163216 -63.9783 -23.25 2.16
162681 -57.6512 -23.25 2.16
161245 -64.2263 -23.25 2.16
161341 -66.9669 -23.25 2.16
169520 -60.2331 -23.25 2.16
157814 -61.2649 -23.25 2.16
163767 -72.2476 -23.25 2.16
151313 -73.7044 -23.25 2.16
167847 -60.8378 -23.25 2.16
167648 -61.6485 -23.25 2.16
155888 -63.8283 -23.25 2.16
164620 -56.7308 -23.25 2.16
160195 -59.8272 -23.25 2.16
159972 -61.3804 -23.25 2.16
167952 -64.297 -23.25 2.16
160395 -58.8655 -23.25 2.16
169547 -58.3608 -23.25 2.16
167190 -59.3052 -23.25 2.16
160161 -61.5346 -23.25 2.16
166717 -60.6796 -23.25 2.16
165065 -58.9597 -23.25 2.16
158920 -62.2295 -23.25 2.16
160517 -64.9144 -23.25 2.16
162886 -64.497 -23.25 2.16
162039 -55.9196 -23.25 2.16
155266 -60.5256 -23.25 2.16
191303 -59.6774 6.65 -26.29
183545 -57.6 6.65 -26.29
187877 -59.428 6.65 -26.29
193100 -58.7879 6.65 -26.29
190881 -57.4201 6.65 -26.29
187923 -54.9421 6.65 -26.29
193390 -66.0533 6.65 -26.29
194939 -68.805 6.65 -26.29
192072 -61.2612 6.65 -26.29
191830 -60.5108 6.65 -26.29
191761 -60.693 6.65 -26.29
190963 -55.1218 6.65 -26.29
185603 -60.6624 6.65 -26.29
190933 -57.5532 6.65 -26.29
193787 -55.9401 6.65 -26.29
192949 -61.6228 6.65 -26.29
191761 -57.7442 6.65 -26.29
186177 -61.3293 6.65 -26.29
192176 -58.8018 6.65 -26.29
193049 -69.276 6.65 -26.29
186585 -55.2248 6.65 -26.29
196424 -58.3279 6.65 -26.29
189060 -56.6768 6.65 -26.29
187910 -57.2606 6.65 -26.29
195307 -61.5383 6.65 -26.29
196869 -71.5304 6.65 -26.29
189928 -69.5202 6.65 -26.29
191178 -60.5622 6.65 -26.29
191181 -61.4443 6.65 -26.29
192819 -57.7687 6.65 -26.29
184849 -61.9974 6.65 -26.29
187558 -62.6041 6.65 -26.29
190771 -58.9192 6.65 -26.29
188123 -60.7186 6.65 -26.29
190082 -60.0174 6.65 -26.29
184897 -60.3447 6.65 -26.29
194309 -56.3886 6.65 -26.29
190511 -55.5414 6.65 -26.29
188981 -69.3454 6.65 -26.29
110626 -50.8821 -12.22 -7.86
109571 -51.8211 -12.22 -7.86
98907 -60.8019 -12.22 -7.86
102105 -56.7473 -12.22 -7.86
111038 -56.6992 -12.22 -7.86
105593 -52.5642 -12.22 -7.86
104500 -54.5809 -12.22 -7.86
109299 -53.8902 -12.22 -7.86
110053 -54.2227 -12.22 -7.86
108033 -55.2001 -12.22 -7.86
103545 -58.7382 -12.22 -7.86
108476 -58.2341 -12.22 -7.86
101898 -51.1021 -12.22 -7.86
104018 -56.9264 -12.22 -7.86
111120 -53.7415 -12.22 -7.86
110536 -59.5864 -12.22 -7.86
108429 -54.4808 -12.22 -7.86
101740 -52.8133 -12.22 -7.86
105868 -59.8033 -12.22 -7.86
107418 -56.1452 -12.22 -7.86
106043 -53.9792 -12.22 -7.86
107795 -54.6773 -12.22 -7.86
110227 -56.0907 -12.22 -7.86
106016 -55.7614 -12.22 -7.86
112318 -61.5965 -12.22 -7.86
108550 -51.3624 -12.22 -7.86
97708 -59.4703 -12.22 -7.86
102665 -57.0395 -12.22 -7.86
108566 -59.0203 -12.22 -7.86
107465 -58.7003 -12.22 -7.86
106083 -50.8066 -12.22 -7.86
108531 -55.2975 -12.22 -7.86
106873 -48.3267 -12.22 -7.86
101738 -53.0932 -12.22 -7.86
103466 -52.1184 -12.22 -7.86
114590 -64.4531 -12.22 -7.86
104121 -58.3482 -12.22 -7.86
103181 -60.5372 -12.22 -7.86
108243 -54.1209 -12.22 -7.86
139413 -59.8348 18.44 -10.64
135597 -56.4527 18.44 -10.64
135516 -61.4787 18.44 -10.64
132004 -50.0698 18.44 -10.64
126730 -62.3745 18.44 -10.64
129911 -63.9067 18.44 -10.64
131971 -61.4988 18.44 -10.64
132801 -58.1365 18.44 -10.64
136138 -60.1724 18.44 -10.64
133418 -61.2973 18.44 -10.64
134492 -60.299 18.44 -10.64
134051 -58.1537 18.44 -10.64
128509 -70.3862 18.44 -10.64
127823 -63.8564 18.44 -10.64
130748 -56.6234 18.44 -10.64
133004 -74.001 18.44 -10.64
129647 -67.8686 18.44 -10.64
135037 -57.8518 18.44 -10.64
128487 -62.8808 18.44 -10.64
130542 -60.8321 18.44 -10.64
129570 -58.6746 18.44 -10.64
129197 -59.4328 18.44 -10.64
136230 -57.797 18.44 -10.64
131532 -58.6644 18.44 -10.64
133338 -60.1333 18.44 -10.64
131730 -62.9989 18.44 -10.64
130249 -63.4713 18.44 -10.64
133978 -59.6895 18.44 -10.64
129733 -57.3427 18.44 -10.64
121219 -66.9876 18.44 -10.64
134262 -61.6107 18.44 -10.64
127670 -60.4027 18.44 -10.64
131103 -59.7402 18.44 -10.64
131363 -55.9029 18.44 -10.64
131534 -55.7459 18.44 -10.64
138180 -58.0812 18.44 -10.64
137567 -60.9138 18.44 -10.64
133580 -59.6983 18.44 -10.64
130186 -52.14 18.44 -10.64
210942 -58.8836 -24.31 -11.45
212108 -59.65 -24.31 -11.45
207431 -63.8135 -24.31 -11.45
215434 -56.1663 -24.31 -11.45
210191 -62.2873 -24.31 -11.45
211003 -59.8186 -24.31 -11.45
216369 -62.8293 -24.31 -11.45
203582 -61.2312 -24.31 -11.45
207656 -61.6388 -24.31 -11.45
216313 -58.7057 -24.31 -11.45
214626 -58.535 -24.31 -11.45
214799 -57.8599 -24.31 -11.45
214974 -56.7955 -24.31 -11.45
218226 -56.8992 -24.31 -11.45
205828 -59.8451 -24.31 -11.45
217735 -65.229 -24.31 -11.45
212209 -55.3369 -24.31 -11.45
208538 -59.4417 -24.31 -11.45
215682 -63.9361 -24.31 -11.45
205695 -59.736 -24.31 -11.45
197393 -69.2407 -24.31 -11.45
201880 -60.9573 -24.31 -11.45
202762 -61.5784 -24.31 -11.45
217291 -64.6165 -24.31 -11.45
205848 -65.4117 -24.31 -11.45
212825 -59.6603 -24.31 -11.45
190830 -74.8344 -24.31 -11.45
211250 -59.4425 -24.31 -11.45
208606 -58.2727 -24.31 -11.45
213154 -67.8471 -24.31 -11.45
203337 -62.3573 -24.31 -11.45
216592 -64.379 -24.31 -11.45
212419 -62.4677 -24.31 -11.45
205928 -67.3273 -24.31 -11.45
217146 -63.8494 -24.31 -11.45
196766 -66.416 -24.31 -11.45
213468 -57.7552 -24.31 -11.45
209810 -64.1722 -24.31 -11.45
207505 -59.9892 -24.31 -11.45
86509 -59.2019 12.01 2.57
89291 -51.6536 12.01 2.57
87722 -50.446 12.01 2.57
84777 -58.1644 12.01 2.57
84291 -58.029 12.01 2.57
88516 -53.1487 12.01 2.57
90764 -54.307 12.01 2.57
90329 -51.9905 12.01 2.57
95145 -67.9489 12.01 2.57
83820 -52.2951 12.01 2.57
85520 -56.5463 12.01 2.57
86470 -51.2571 12.01 2.57
86801 -58.4871 12.01 2.57
87534 -59.3047 12.01 2.57
79091 -51.2364 12.01 2.57
87920 -55.2952 12.01 2.57
89088 -57.9787 12.01 2.57
91700 -53.3845 12.01 2.57
87385 -59.8793 12.01 2.57
89407 -53.1398 12.01 2.57
88781 -64.5122 12.01 2.57
82109 -59.1397 12.01 2.57
86335 -57.5914 12.01 2.57
90559 -60.5887 12.01 2.57
86133 -60.2013 12.01 2.57
78543 -57.196 12.01 2.57
95437 -55.1269 12.01 2.57
82223 -55.6498 12.01 2.57
87636 -49.4521 12.01 2.57
85739 -50.9156 12.01 2.57
86522 -57.272 12.01 2.57
84345 -58.2793 12.01 2.57
91145 -61.0331 12.01 2.57
98076 -71.2438 12.01 2.57
80547 -50.4254 12.01 2.57
93155 -52.1615 12.01 2.57
85511 -58.334 12.01 2.57
83918 -56.2413 12.01 2.57
90866 -50.9305 12.01 2.57
168482 -65.7564 25.98 10.58
178443 -57.935 25.98 10.58
172200 -64.8308 25.98 10.58
168617 -64.7429 25.98 10.58
177427 -58.6103 25.98 10.58
178170 -60.9889 25.98 10.58
93595 -81.6974 25.98 10.58
165107 -65.8945 25.98 10.58
182055 -61.0787 25.98 10.58
185079 -66.551 25.98 10.58
184542 -58.644 25.98 10.58
187443 -60.8137 25.98 10.58
179674 -60.6946 25.98 10.58
187926 -55.718 25.98 10.58
180913 -60.0359 25.98 10.58
180841 -62.5728 25.98 10.58
183259 -61.5003 25.98 10.58
182855 -62.8431 25.98 10.58
160629 -70.0561 25.98 10.58
177747 -61.2347 25.98 10.58
178621 -60.1204 25.98 10.58
153694 -69.5796 25.98 10.58
179179 -59.4018 25.98 10.58
180802 -56.3413 25.98 10.58
175067 -64.3591 25.98 10.58
172912 -62.4275 25.98 10.58
185664 -55.4349 25.98 10.58
177051 -56.8508 25.98 10.58
177802 -55.9504 25.98 10.58
179640 -58.13 25.98 10.58
181541 -62.0199 25.98 10.58
187932 -63.8074 25.98 10.58
175287 -56.1596 25.98 10.58
187190 -63.3238 25.98 10.58
184218 -63.0773 25.98 10.58
180516 -58.7165 25.98 10.58
179904 -61.8793 25.98 10.58
180399 -58.6008 25.98 10.58
175524 -64.9941 25.98 10.58
