#rtt sig_str x y
158725 -60.624 -18.87 15.55
162970 -61.6746 -18.87 15.55
157634 -56.207 -18.87 15.55
161433 -55.7221 -18.87 15.55
158957 -59.882 -18.87 15.55
158210 -56.8876 -18.87 15.55
156116 -60.5777 -18.87 15.55
160025 -59.9266 -18.87 15.55
158350 -62.0402 -18.87 15.55
167194 -61.9903 -18.87 15.55
163281 -60.1047 -18.87 15.55
160219 -58.2626 -18.87 15.55
155411 -59.4307 -18.87 15.55
162653 -62.3126 -18.87 15.55
149329 -67.3923 -18.87 15.55
161916 -60.5649 -18.87 15.55
167865 -64.8251 -18.87 15.55
169955 -64.3257 -18.87 15.55
167108 -57.8568 -18.87 15.55
162825 -56.8815 -18.87 15.55
160469 -59.1248 -18.87 15.55
134137 -74.9672 -18.87 15.55
154470 -63.2602 -18.87 15.55
158658 -67.5208 -18.87 15.55
159583 -62.0455 -18.87 15.55
165654 -61.3986 -18.87 15.55
162154 -58.496 -18.87 15.55
158075 -58.3418 -18.87 15.55
165498 -55.7373 -18.87 15.55
165175 -52.925 -18.87 15.55
166161 -61.2902 -18.87 15.55
163970 -58.8627 -18.87 15.55
156201 -73.0534 -18.87 15.55
161192 -59.7281 -18.87 15.55
164623 -55.3467 -18.87 15.55
147645 -78.6748 -18.87 15.55
160473 -59.4412 -18.87 15.55
163760 -57.8927 -18.87 15.55
160642 -63.3475 -18.87 15.55
166477 -58.3212 -6.81 -23.96
164380 -56.628 -6.81 -23.96
156898 -60.7018 -6.81 -23.96
158078 -58.7071 -6.81 -23.96
161178 -54.2774 -6.81 -23.96
167279 -58.9055 -6.81 -23.96
164288 -59.4685 -6.81 -23.96
145986 -66.5191 -6.81 -23.96
159822 -62.1151 -6.81 -23.96
165486 -59.4836 -6.81 -23.96
160156 -58.7528 -6.81 -23.96
160937 -62.0404 -6.81 -23.96
161617 -67.5553 -6.81 -23.96
162925 -61.6662 -6.81 -23.96
159782 -60.9103 -6.81 -23.96
159854 -58.0417 -6.81 -23.96
162230 -59.2993 -6.81 -23.96
158164 -60.4562 -6.81 -23.96
160842 -56.6408 -6.81 -23.96
162007 -59.4574 -6.81 -23.96
159851 -55.9596 -6.81 -23.96
164688 -64.8698 -6.81 -23.96
157812 -61.2575 -6.81 -23.96
163171 -59.3161 -6.81 -23.96
156845 -60.1118 -6.81 -23.96
161528 -61.5898 -6.81 -23.96
168806 -55.6715 -6.81 -23.96
156522 -62.5042 -6.81 -23.96
169150 -56.5492 -6.81 -23.96
160237 -59.3908 -6.81 -23.96
162381 -58.9619 -6.81 -23.96
161056 -60.3321 -6.81 -23.96
165852 -57.7063 -6.81 -23.96
157190 -64.7163 -6.81 -23.96
160269 -59.1875 -6.81 -23.96
161485 -62.9258 -6.81 -23.96
166536 -62.1312 -6.81 -23.96
167315 -59.7007 -6.81 -23.96
165218 -58.4451 -6.81 -23.96
153463 -62.0536 19.92 12.78
154139 -55.4381 19.92 12.78
161182 -55.3429 19.92 12.78
164113 -74.2759 19.92 12.78
157737 -79.71 19.92 12.78
154401 -58.2817 19.92 12.78
161856 -64.359 19.92 12.78
154468 -59.997 19.92 12.78
154209 -65.7749 19.92 12.78
155107 -57.9099 19.92 12.78
163548 -61.4476 19.92 12.78
157531 -58.0933 19.92 12.78
157106 -57.5707 19.92 12.78
154460 -60.2793 19.92 12.78
165402 -65.2129 19.92 12.78
156668 -65.6367 19.92 12.78
154857 -63.8188 19.92 12.78
158786 -57.7107 19.92 12.78
165405 -64.1589 19.92 12.78
149654 -52.6999 19.92 12.78
151176 -60.6949 19.92 12.78
156965 -62.7417 19.92 12.78
148741 -55.9964 19.92 12.78
160316 -62.2498 19.92 12.78
154507 -60.2629 19.92 12.78
162069 -69.3592 19.92 12.78
155723 -54.5924 19.92 12.78
165980 -56.5646 19.92 12.78
160095 -63.5222 19.92 12.78
154324 -61.6407 19.92 12.78
160050 -53.9186 19.92 12.78
163060 -67.6915 19.92 12.78
160644 -64.4737 19.92 12.78
150943 -63.5699 19.92 12.78
157997 -58.6408 19.92 12.78
158186 -61.3863 19.92 12.78
144815 -58.9379 19.92 12.78
156227 -58.886 19.92 12.78
161458 -66.7882 19.92 12.78
180013 -59.9094 -18.08 -19.83
188422 -63.7428 -18.08 -19.83
173743 -62.5586 -18.08 -19.83
184837 -62.4575 -18.08 -19.83
178353 -57.4738 -18.08 -19.83
184901 -63.4542 -18.08 -19.83
180797 -61.0214 -18.08 -19.83
180769 -63.8252 -18.08 -19.83
181913 -60.6004 -18.08 -19.83
180141 -61.3742 -18.08 -19.83
183927 -58.2414 -18.08 -19.83
176761 -60.325 -18.08 -19.83
186565 -62.0134 -18.08 -19.83
174053 -65.1261 -18.08 -19.83
188260 -58.799 -18.08 -19.83
175701 -65.3742 -18.08 -19.83
178053 -68.1147 -18.08 -19.83
185066 -61.381 -18.08 -19.83
183091 -62.4127 -18.08 -19.83
188424 -73.3954 -18.08 -19.83
192852 -74.8523 -18.08 -19.83
181333 -61.9856 -18.08 -19.83
172133 -62.7963 -18.08 -19.83
177313 -64.9761 -18.08 -19.83
176251 -57.8786 -18.08 -19.83
176890 -60.9751 -18.08 -19.83
187787 -62.5283 -18.08 -19.83
188187 -65.4448 -18.08 -19.83
179783 -60.0134 -18.08 -19.83
175014 -59.5087 -18.08 -19.83
178445 -60.453 -18.08 -19.83
177414 -62.6824 -18.08 -19.83
186143 -61.8274 -18.08 -19.83
179655 -60.1075 -18.08 -19.83
183729 -63.3773 -18.08 -19.83
177850 -66.0623 -18.08 -19.83
185641 -65.6448 -18.08 -19.83
184789 -57.0674 -18.08 -19.83
183444 -61.6735 -18.08 -19.83
200020 -60.3929 25 15.8
206431 -58.3155 25 15.8
199728 -60.1435 25 15.8
197998 -59.5034 25 15.8
199649 -58.1355 25 15.8
191952 -55.6576 25 15.8
199427 -66.7688 25 15.8
201536 -69.5205 25 15.8
202742 -61.9767 25 15.8
201718 -61.2262 25 15.8
203888 -61.4085 25 15.8
200648 -55.8373 25 15.8
204335 -61.3779 25 15.8
204447 -58.2687 25 15.8
198125 -56.6556 25 15.8
203440 -62.3383 25 15.8
200296 -58.4597 25 15.8
202987 -62.0448 25 15.8
203514 -59.5173 25 15.8
198782 -69.9915 25 15.8
199868 -55.9403 25 15.8
196833 -59.0433 25 15.8
201721 -57.3923 25 15.8
200906 -57.9761 25 15.8
199549 -62.2537 25 15.8
188770 -72.2459 25 15.8
198368 -70.2357 25 15.8
205794 -61.2777 25 15.8
206703 -62.1598 25 15.8
197086 -58.4841 25 15.8
202589 -62.7129 25 15.8
203024 -63.3196 25 15.8
202894 -59.6346 25 15.8
204134 -61.4341 25 15.8
198761 -60.7329 25 15.8
199292 -61.0601 25 15.8
199111 -57.1041 25 15.8
204176 -56.2569 25 15.8
193224 -70.0609 25 15.8
178207 -55.3822 17.3 -18.14
176702 -56.3212 17.3 -18.14
171386 -65.302 17.3 -18.14
174137 -61.2475 17.3 -18.14
169769 -61.1993 17.3 -18.14
172182 -57.0643 17.3 -18.14
168505 -59.081 17.3 -18.14
173302 -58.3903 17.3 -18.14
164732 -58.7228 17.3 -18.14
172150 -59.7003 17.3 -18.14
165821 -63.2383 17.3 -18.14
169966 -62.7342 17.3 -18.14
170341 -55.6022 17.3 -18.14
176914 -61.4265 17.3 -18.14
169605 -58.2416 17.3 -18.14
171028 -64.0866 17.3 -18.14
168090 -58.981 17.3 -18.14
169626 -57.3134 17.3 -18.14
170442 -64.3034 17.3 -18.14
164085 -60.6453 17.3 -18.14
171613 -58.4793 17.3 -18.14
173681 -59.1774 17.3 -18.14
173111 -60.5909 17.3 -18.14
179563 -60.2615 17.3 -18.14
169156 -66.0966 17.3 -18.14
170942 -55.8626 17.3 -18.14
174312 -63.9704 17.3 -18.14
168452 -61.5396 17.3 -18.14
169022 -63.5204 17.3 -18.14
163627 -63.2004 17.3 -18.14
171686 -55.3067 17.3 -18.14
172406 -59.7977 17.3 -18.14
174831 -52.8268 17.3 -18.14
162335 -57.5934 17.3 -18.14
171535 -56.6185 17.3 -18.14
170227 -68.9532 17.3 -18.14
172193 -62.8483 17.3 -18.14
172424 -65.0373 17.3 -18.14
172038 -58.6211 17.3 -18.14
128209 -58.569 13.36 -12.45
133193 -55.1869 13.36 -12.45
133007 -60.2129 13.36 -12.45
127735 -48.8039 13.36 -12.45
116886 -61.1086 13.36 -12.45
126625 -62.6409 13.36 -12.45
123869 -60.233 13.36 -12.45
129112 -56.8707 13.36 -12.45
128943 -58.9065 13.36 -12.45
117281 -60.0315 13.36 -12.45
128044 -59.0332 13.36 -12.45
132215 -56.8879 13.36 -12.45
120574 -69.1204 13.36 -12.45
129932 -62.5905 13.36 -12.45
122577 -55.3575 13.36 -12.45
133098 -72.7352 13.36 -12.45
134132 -66.6028 13.36 -12.45
126732 -56.586 13.36 -12.45
129817 -61.615 13.36 -12.45
126830 -59.5663 13.36 -12.45
123543 -57.4088 13.36 -12.45
119316 -58.167 13.36 -12.45
127025 -56.5312 13.36 -12.45
120910 -57.3986 13.36 -12.45
122471 -58.8675 13.36 -12.45
124858 -61.7331 13.36 -12.45
126778 -62.2055 13.36 -12.45
119740 -58.4237 13.36 -12.45
123768 -56.0769 13.36 -12.45
111111 -65.7218 13.36 -12.45
129838 -60.3448 13.36 -12.45
128443 -59.1368 13.36 -12.45
128312 -58.4744 13.36 -12.45
119123 -54.6371 13.36 -12.45
127465 -54.4801 13.36 -12.45
127746 -56.8153 13.36 -12.45
120272 -59.648 13.36 -12.45
121980 -58.4325 13.36 -12.45
125566 -50.8741 13.36 -12.45
216722 -59.9875 29.75 -7.65
215954 -60.7539 29.75 -7.65
211980 -64.9174 29.75 -7.65
218443 -57.2702 29.75 -7.65
209266 -63.3911 29.75 -7.65
208330 -60.9225 29.75 -7.65
217218 -63.9332 29.75 -7.65
222375 -62.3351 29.75 -7.65
217178 -62.7426 29.75 -7.65
207430 -59.8096 29.75 -7.65
214672 -59.6389 29.75 -7.65
218418 -58.9638 29.75 -7.65
218852 -57.8993 29.75 -7.65
212136 -58.003 29.75 -7.65
218963 -60.9489 29.75 -7.65
215874 -66.3328 29.75 -7.65
211118 -56.4408 29.75 -7.65
219592 -60.5456 29.75 -7.65
212517 -65.04 29.75 -7.65
220463 -60.8399 29.75 -7.65
201712 -70.3446 29.75 -7.65
206908 -62.0612 29.75 -7.65
215608 -62.6823 29.75 -7.65
222085 -65.7204 29.75 -7.65
215273 -66.5156 29.75 -7.65
209011 -60.7641 29.75 -7.65
137006 -75.9383 29.75 -7.65
214827 -60.5464 29.75 -7.65
215837 -59.3766 29.75 -7.65
217004 -68.9509 29.75 -7.65
214289 -63.4612 29.75 -7.65
210086 -65.4829 29.75 -7.65
217864 -63.5716 29.75 -7.65
215601 -68.4311 29.75 -7.65
211111 -64.9533 29.75 -7.65
199721 -67.5198 29.75 -7.65
213177 -58.859 29.75 -7.65
222780 -65.2761 29.75 -7.65
217942 -61.093 29.75 -7.65
154050 -64.792 20.73 -12.45
156832 -57.2437 20.73 -12.45
155990 -56.0361 20.73 -12.45
158583 -63.7545 20.73 -12.45
167688 -63.6191 20.73 -12.45
167036 -58.7388 20.73 -12.45
161468 -59.897 20.73 -12.45
162816 -57.5806 20.73 -12.45
175733 -73.539 20.73 -12.45
159069 -57.8852 20.73 -12.45
160503 -62.1363 20.73 -12.45
154217 -56.8471 20.73 -12.45
157771 -64.0772 20.73 -12.45
164614 -64.8947 20.73 -12.45
161261 -56.8265 20.73 -12.45
161442 -60.8852 20.73 -12.45
156668 -63.5688 20.73 -12.45
163417 -58.9745 20.73 -12.45
156358 -65.4694 20.73 -12.45
158847 -58.7299 20.73 -12.45
154458 -70.1023 20.73 -12.45
168101 -64.7298 20.73 -12.45
155403 -63.1814 20.73 -12.45
158819 -66.1788 20.73 -12.45
159850 -65.7913 20.73 -12.45
144131 -62.786 20.73 -12.45
161394 -60.717 20.73 -12.45
155207 -61.2399 20.73 -12.45
163803 -55.0422 20.73 -12.45
162254 -56.5056 20.73 -12.45
167558 -62.8621 20.73 -12.45
159455 -63.8694 20.73 -12.45
162657 -66.6231 20.73 -12.45
155840 -76.8339 20.73 -12.45
157453 -56.0155 20.73 -12.45
160108 -57.7516 20.73 -12.45
157557 -63.924 20.73 -12.45
157823 -61.8313 20.73 -12.45
157894 -56.5206 20.73 -12.45
202801 -66.1654 -15.98 24.77
202723 -58.344 -15.98 24.77
194041 -65.2398 -15.98 24.77
192380 -65.1519 -15.98 24.77
198188 -59.0193 -15.98 24.77
199067 -61.398 -15.98 24.77
203758 -58.2402 -15.98 24.77
197823 -54.4398 -15.98 24.77
202123 -58.3173 -15.98 24.77
198279 -59.1998 -15.98 24.77
199574 -59.2008 -15.98 24.77
156373 -70.2674 -15.98 24.77
197884 -61.1499 -15.98 24.77
191319 -60.0328 -15.98 24.77
201733 -60.9492 -15.98 24.77
196365 -57.3749 -15.98 24.77
195292 -60.9452 -15.98 24.77
196963 -61.8979 -15.98 24.77
191183 -63.9404 -15.98 24.77
191111 -55.74 -15.98 24.77
190232 -65.4368 -15.98 24.77
199083 -62.8951 -15.98 24.77
197263 -66.3369 -15.98 24.77
190634 -58.4042 -15.98 24.77
199894 -64.3794 -15.98 24.77
200305 -60.0777 -15.98 24.77
197856 -61.0211 -15.98 24.77
190070 -61.089 -15.98 24.77
203133 -63.5272 -15.98 24.77
195802 -64.7674 -15.98 24.77
186264 -71.7074 -15.98 24.77
201151 -59.2928 -15.98 24.77
190469 -60.699 -15.98 24.77
186362 -68.7753 -15.98 24.77
200559 -57.2542 -15.98 24.77
196607 -57.6406 -15.98 24.77
192490 -66.5496 -15.98 24.77
198289 -67.237 -15.98 24.77
203722 -61.3364 -15.98 24.77
