#rtt sig_str x y
97795 -56.3012 8.56 -11.68
93422 -57.3519 8.56 -11.68
95720 -51.8843 8.56 -11.68
102819 -51.3994 8.56 -11.68
101114 -55.5593 8.56 -11.68
104488 -52.5649 8.56 -11.68
101200 -56.2549 8.56 -11.68
99325 -55.6038 8.56 -11.68
106769 -57.7175 8.56 -11.68
96991 -57.6675 8.56 -11.68
102284 -55.782 8.56 -11.68
99540 -53.9399 8.56 -11.68
91848 -55.108 8.56 -11.68
97169 -57.9899 8.56 -11.68
100238 -63.0696 8.56 -11.68
98309 -56.2422 8.56 -11.68
101865 -60.5023 8.56 -11.68
104143 -60.003 8.56 -11.68
99026 -53.5341 8.56 -11.68
98214 -52.5588 8.56 -11.68
104000 -54.802 8.56 -11.68
100811 -70.6444 8.56 -11.68
97418 -58.9375 8.56 -11.68
95248 -63.1981 8.56 -11.68
93915 -57.7228 8.56 -11.68
97679 -57.0759 8.56 -11.68
101326 -54.1732 8.56 -11.68
98550 -54.0191 8.56 -11.68
92327 -51.4145 8.56 -11.68
96235 -48.6023 8.56 -11.68
97099 -56.9675 8.56 -11.68
100820 -54.5399 8.56 -11.68
110194 -68.7307 8.56 -11.68
90707 -55.4054 8.56 -11.68
97854 -51.024 8.56 -11.68
94394 -74.3521 8.56 -11.68
95865 -55.1185 8.56 -11.68
97060 -53.57 8.56 -11.68
93804 -59.0248 8.56 -11.68
35131 -47.6967 2.32 6.47
45977 -46.0034 2.32 6.47
41353 -50.0773 2.32 6.47
44928 -48.0825 2.32 6.47
38735 -43.6529 2.32 6.47
41876 -48.281 2.32 6.47
44849 -48.844 2.32 6.47
41956 -55.8945 2.32 6.47
42612 -51.4906 2.32 6.47
44515 -48.8591 2.32 6.47
39141 -48.1283 2.32 6.47
38941 -51.4159 2.32 6.47
41632 -56.9307 2.32 6.47
39759 -51.0417 2.32 6.47
41539 -50.2858 2.32 6.47
43154 -47.4172 2.32 6.47
46648 -48.6748 2.32 6.47
45523 -49.8317 2.32 6.47
47759 -46.0163 2.32 6.47
35207 -48.8329 2.32 6.47
45996 -45.3351 2.32 6.47
34264 -54.2453 2.32 6.47
41022 -50.6329 2.32 6.47
38162 -48.6916 2.32 6.47
43041 -49.4872 2.32 6.47
37638 -50.9653 2.32 6.47
46625 -45.047 2.32 6.47
40955 -51.8797 2.32 6.47
42633 -45.9247 2.32 6.47
37199 -48.7662 2.32 6.47
35346 -48.3374 2.32 6.47
45155 -49.7076 2.32 6.47
39687 -47.0818 2.32 6.47
40781 -54.0917 2.32 6.47
43118 -48.563 2.32 6.47
39948 -52.3013 2.32 6.47
37806 -51.5066 2.32 6.47
32855 -49.0762 2.32 6.47
46449 -47.8206 2.32 6.47
123623 -60.5031 0.71 -19.6
116497 -53.8876 0.71 -19.6
122635 -53.7924 0.71 -19.6
126522 -72.7254 0.71 -19.6
110417 -78.1595 0.71 -19.6
118730 -56.7311 0.71 -19.6
126344 -62.8085 0.71 -19.6
129936 -58.4465 0.71 -19.6
120986 -64.2244 0.71 -19.6
123554 -56.3594 0.71 -19.6
115012 -59.8971 0.71 -19.6
127554 -56.5428 0.71 -19.6
119361 -56.0202 0.71 -19.6
122979 -58.7288 0.71 -19.6
120435 -63.6624 0.71 -19.6
130064 -64.0862 0.71 -19.6
120014 -62.2683 0.71 -19.6
124310 -56.1602 0.71 -19.6
119258 -62.6084 0.71 -19.6
129930 -51.1494 0.71 -19.6
123582 -59.1444 0.71 -19.6
127589 -61.1912 0.71 -19.6
123312 -54.4459 0.71 -19.6
127730 -60.6993 0.71 -19.6
114127 -58.7124 0.71 -19.6
120325 -67.8087 0.71 -19.6
125338 -53.0419 0.71 -19.6
128487 -55.0141 0.71 -19.6
121078 -61.9717 0.71 -19.6
121473 -60.0902 0.71 -19.6
121029 -52.3681 0.71 -19.6
120722 -66.141 0.71 -19.6
115026 -62.9232 0.71 -19.6
116627 -62.0194 0.71 -19.6
116807 -57.0903 0.71 -19.6
126625 -59.8357 0.71 -19.6
127546 -57.3874 0.71 -19.6
126496 -57.3355 0.71 -19.6
122531 -65.2377 0.71 -19.6
54567 -48.4768 6.62 1.12
43691 -52.3102 6.62 1.12
45518 -51.126 6.62 1.12
46507 -51.0249 6.62 1.12
47736 -46.0413 6.62 1.12
51821 -52.0216 6.62 1.12
46540 -49.5888 6.62 1.12
44246 -52.3926 6.62 1.12
39620 -49.1678 6.62 1.12
45143 -49.9416 6.62 1.12
42446 -46.8088 6.62 1.12
44810 -48.8924 6.62 1.12
45884 -50.5809 6.62 1.12
44253 -53.6936 6.62 1.12
43629 -47.3664 6.62 1.12
41037 -53.9416 6.62 1.12
36420 -56.6821 6.62 1.12
50461 -49.9484 6.62 1.12
44820 -50.9802 6.62 1.12
46729 -61.9628 6.62 1.12
48297 -63.4197 6.62 1.12
47942 -50.553 6.62 1.12
45855 -51.3637 6.62 1.12
47371 -53.5435 6.62 1.12
42504 -46.446 6.62 1.12
50670 -49.5425 6.62 1.12
51909 -51.0957 6.62 1.12
46394 -54.0122 6.62 1.12
47523 -48.5808 6.62 1.12
45505 -48.0761 6.62 1.12
46849 -49.0204 6.62 1.12
46640 -51.2498 6.62 1.12
45049 -50.3948 6.62 1.12
44683 -48.6749 6.62 1.12
37952 -51.9448 6.62 1.12
43164 -54.6297 6.62 1.12
51992 -54.2123 6.62 1.12
46041 -45.6348 6.62 1.12
47112 -50.2409 6.62 1.12
77713 -52.5611 -0.42 -11.44
79162 -50.4838 -0.42 -11.44
70547 -52.3118 -0.42 -11.44
75391 -51.6717 -0.42 -11.44
75940 -50.3038 -0.42 -11.44
74676 -47.8259 -0.42 -11.44
76916 -58.937 -0.42 -11.44
74926 -61.6888 -0.42 -11.44
66534 -54.145 -0.42 -11.44
70274 -53.3945 -0.42 -11.44
76663 -53.5767 -0.42 -11.44
71538 -48.0055 -0.42 -11.44
69511 -53.5462 -0.42 -11.44
74734 -50.4369 -0.42 -11.44
71991 -48.8239 -0.42 -11.44
69653 -54.5066 -0.42 -11.44
73535 -50.628 -0.42 -11.44
80435 -54.213 -0.42 -11.44
74682 -51.6856 -0.42 -11.44
77912 -62.1597 -0.42 -11.44
73218 -48.1086 -0.42 -11.44
82518 -51.2116 -0.42 -11.44
77608 -49.5605 -0.42 -11.44
72509 -50.1443 -0.42 -11.44
72039 -54.422 -0.42 -11.44
72749 -64.4141 -0.42 -11.44
70173 -62.4039 -0.42 -11.44
72660 -53.4459 -0.42 -11.44
69339 -54.3281 -0.42 -11.44
72351 -50.6524 -0.42 -11.44
75485 -54.8812 -0.42 -11.44
73754 -55.4879 -0.42 -11.44
77779 -51.8029 -0.42 -11.44
73116 -53.6023 -0.42 -11.44
69021 -52.9012 -0.42 -11.44
66415 -53.2284 -0.42 -11.44
68425 -49.2723 -0.42 -11.44
77843 -48.4252 -0.42 -11.44
74637 -62.2292 -0.42 -11.44
197876 -56.9161 -17.14 -24.85
197724 -57.8551 -17.14 -24.85
201138 -66.8359 -17.14 -24.85
194810 -62.7813 -17.14 -24.85
196937 -62.7332 -17.14 -24.85
202414 -58.5982 -17.14 -24.85
197632 -60.6149 -17.14 -24.85
191909 -59.9242 -17.14 -24.85
201677 -60.2567 -17.14 -24.85
195938 -61.2341 -17.14 -24.85
213858 -64.7722 -17.14 -24.85
201153 -64.2681 -17.14 -24.85
202130 -57.1361 -17.14 -24.85
205543 -62.9604 -17.14 -24.85
194888 -59.7755 -17.14 -24.85
197458 -65.6204 -17.14 -24.85
200560 -60.5148 -17.14 -24.85
201083 -58.8473 -17.14 -24.85
199247 -65.8373 -17.14 -24.85
194592 -62.1792 -17.14 -24.85
197866 -60.0131 -17.14 -24.85
197176 -60.7113 -17.14 -24.85
197066 -62.1247 -17.14 -24.85
191685 -61.7954 -17.14 -24.85
202890 -67.6305 -17.14 -24.85
206266 -57.3964 -17.14 -24.85
197887 -65.5043 -17.14 -24.85
197899 -63.0735 -17.14 -24.85
203412 -65.0543 -17.14 -24.85
196237 -64.7343 -17.14 -24.85
198919 -56.8406 -17.14 -24.85
203150 -61.3315 -17.14 -24.85
197797 -54.3607 -17.14 -24.85
202938 -59.1272 -17.14 -24.85
199831 -58.1524 -17.14 -24.85
200475 -70.4871 -17.14 -24.85
198851 -64.3822 -17.14 -24.85
198423 -66.5712 -17.14 -24.85
207342 -60.1549 -17.14 -24.85
168025 -61.7363 -15.36 21.97
169649 -58.3543 -15.36 21.97
170383 -63.3803 -15.36 21.97
170094 -51.9713 -15.36 21.97
161068 -64.276 -15.36 21.97
171771 -65.8082 -15.36 21.97
175018 -63.4003 -15.36 21.97
169342 -60.0381 -15.36 21.97
168205 -62.0739 -15.36 21.97
176434 -63.1988 -15.36 21.97
168709 -62.2006 -15.36 21.97
163131 -60.0553 -15.36 21.97
170410 -72.2878 -15.36 21.97
173046 -65.7579 -15.36 21.97
168429 -58.5249 -15.36 21.97
147535 -75.9025 -15.36 21.97
167193 -69.7702 -15.36 21.97
169291 -59.7534 -15.36 21.97
158694 -64.7824 -15.36 21.97
172440 -62.7336 -15.36 21.97
177472 -60.5762 -15.36 21.97
173123 -61.3343 -15.36 21.97
173271 -59.6986 -15.36 21.97
171186 -60.566 -15.36 21.97
169837 -62.0348 -15.36 21.97
162866 -64.9005 -15.36 21.97
182722 -65.3728 -15.36 21.97
164965 -61.591 -15.36 21.97
171530 -59.2443 -15.36 21.97
149192 -68.8892 -15.36 21.97
164274 -63.5122 -15.36 21.97
176270 -62.3042 -15.36 21.97
159102 -61.6418 -15.36 21.97
167203 -57.8045 -15.36 21.97
167638 -57.6475 -15.36 21.97
162070 -59.9827 -15.36 21.97
177738 -62.8154 -15.36 21.97
171756 -61.5998 -15.36 21.97
171825 -54.0415 -15.36 21.97
34079 -44.187 4.33 -1.32
37911 -44.9534 4.33 -1.32
34544 -49.1168 4.33 -1.32
34943 -41.4697 4.33 -1.32
24899 -47.5906 4.33 -1.32
37480 -45.122 4.33 -1.32
34481 -48.1326 4.33 -1.32
35109 -46.5346 4.33 -1.32
31411 -46.9421 4.33 -1.32
30698 -44.0091 4.33 -1.32
30126 -43.8384 4.33 -1.32
30245 -43.1632 4.33 -1.32
35663 -42.0988 4.33 -1.32
36200 -42.2025 4.33 -1.32
32316 -45.1484 4.33 -1.32
31217 -50.5323 4.33 -1.32
26306 -40.6403 4.33 -1.32
30000 -44.7451 4.33 -1.32
30634 -49.2394 4.33 -1.32
31404 -45.0394 4.33 -1.32
32449 -54.5441 4.33 -1.32
32085 -46.2607 4.33 -1.32
29296 -46.8818 4.33 -1.32
34292 -49.9199 4.33 -1.32
34090 -50.7151 4.33 -1.32
31791 -44.9636 4.33 -1.32
30114 -60.1378 4.33 -1.32
32482 -44.7459 4.33 -1.32
33337 -43.5761 4.33 -1.32
30115 -53.1504 4.33 -1.32
31661 -47.6607 4.33 -1.32
32548 -49.6823 4.33 -1.32
35574 -47.7711 4.33 -1.32
30398 -52.6306 4.33 -1.32
32711 -49.1528 4.33 -1.32
29427 -51.7193 4.33 -1.32
33497 -43.0585 4.33 -1.32
34293 -49.4756 4.33 -1.32
33097 -45.2925 4.33 -1.32
170922 -65.3317 16.36 19.97
162294 -57.7834 16.36 19.97
167807 -56.5758 16.36 19.97
165352 -64.2942 16.36 19.97
163418 -64.1587 16.36 19.97
161385 -59.2785 16.36 19.97
165388 -60.4367 16.36 19.97
158912 -58.1203 16.36 19.97
162279 -74.0787 16.36 19.97
162960 -58.4249 16.36 19.97
161170 -62.676 16.36 19.97
168536 -57.3868 16.36 19.97
162204 -64.6169 16.36 19.97
167957 -65.4344 16.36 19.97
164595 -57.3662 16.36 19.97
170753 -61.4249 16.36 19.97
166358 -64.1085 16.36 19.97
176222 -59.5142 16.36 19.97
167308 -66.009 16.36 19.97
156590 -59.2696 16.36 19.97
144250 -70.642 16.36 19.97
164484 -65.2694 16.36 19.97
164911 -63.7211 16.36 19.97
177421 -66.7185 16.36 19.97
152567 -66.331 16.36 19.97
166053 -63.3257 16.36 19.97
166644 -61.2567 16.36 19.97
164272 -61.7796 16.36 19.97
168327 -55.5819 16.36 19.97
168229 -57.0453 16.36 19.97
167053 -63.4018 16.36 19.97
168559 -64.4091 16.36 19.97
159691 -67.1628 16.36 19.97
148957 -77.3736 16.36 19.97
171772 -56.5552 16.36 19.97
164203 -58.2913 16.36 19.97
169487 -64.4637 16.36 19.97
160332 -62.371 16.36 19.97
164476 -57.0603 16.36 19.97
197873 -66.2245 -11.36 27.43
199664 -58.4032 -11.36 27.43
197007 -65.2989 -11.36 27.43
203754 -65.2111 -11.36 27.43
190003 -59.0785 -11.36 27.43
200024 -61.4571 -11.36 27.43
197296 -58.2993 -11.36 27.43
201501 -54.4989 -11.36 27.43
195765 -58.3764 -11.36 27.43
188081 -59.2589 -11.36 27.43
197735 -59.2599 -11.36 27.43
184105 -70.3265 -11.36 27.43
197227 -61.209 -11.36 27.43
192599 -60.0919 -11.36 27.43
198186 -61.0083 -11.36 27.43
197450 -57.4341 -11.36 27.43
194580 -61.0043 -11.36 27.43
194506 -61.957 -11.36 27.43
201269 -63.9996 -11.36 27.43
201066 -55.7991 -11.36 27.43
195774 -65.4959 -11.36 27.43
195093 -62.9542 -11.36 27.43
187744 -66.396 -11.36 27.43
200816 -58.4633 -11.36 27.43
199791 -64.4385 -11.36 27.43
195171 -60.1368 -11.36 27.43
198828 -61.0802 -11.36 27.43
192898 -61.1481 -11.36 27.43
195972 -63.5864 -11.36 27.43
192281 -64.8265 -11.36 27.43
194577 -71.7666 -11.36 27.43
197272 -59.3519 -11.36 27.43
200979 -60.7581 -11.36 27.43
206852 -68.8344 -11.36 27.43
201961 -57.3133 -11.36 27.43
198702 -57.6998 -11.36 27.43
200758 -66.6088 -11.36 27.43
198206 -67.2961 -11.36 27.43
196378 -61.3955 -11.36 27.43
