#rtt sig_str x y
85825 -55.6585 4.14 12.74
84861 -56.7092 4.14 12.74
88812 -51.2416 4.14 12.74
90230 -50.7567 4.14 12.74
86634 -54.9166 4.14 12.74
81566 -51.9222 4.14 12.74
81163 -55.6122 4.14 12.74
80185 -54.9611 4.14 12.74
84246 -57.0748 4.14 12.74
87531 -57.0248 4.14 12.74
92631 -55.1393 4.14 12.74
83650 -53.2972 4.14 12.74
87779 -54.4653 4.14 12.74
83485 -57.3472 4.14 12.74
82897 -62.4269 4.14 12.74
87479 -55.5995 4.14 12.74
86061 -59.8596 4.14 12.74
75920 -59.3603 4.14 12.74
75316 -52.8914 4.14 12.74
88083 -51.9161 4.14 12.74
86557 -54.1593 4.14 12.74
88268 -70.0017 4.14 12.74
85308 -58.2948 4.14 12.74
83207 -62.5554 4.14 12.74
84623 -57.0801 4.14 12.74
82677 -56.4332 4.14 12.74
88243 -53.5305 4.14 12.74
84376 -53.3764 4.14 12.74
76780 -50.7718 4.14 12.74
75281 -47.9596 4.14 12.74
78636 -56.3248 4.14 12.74
80996 -53.8972 4.14 12.74
83114 -68.088 4.14 12.74
83959 -54.7627 4.14 12.74
81311 -50.3813 4.14 12.74
72258 -73.7094 4.14 12.74
81102 -54.4758 4.14 12.74
77211 -52.9273 4.14 12.74
86876 -58.382 4.14 12.74
199747 -59.9246 -26.05 15.38
196729 -58.2314 -26.05 15.38
201767 -62.3052 -26.05 15.38
200775 -60.3105 -26.05 15.38
194624 -55.8808 -26.05 15.38
200901 -60.5089 -26.05 15.38
206441 -61.0719 -26.05 15.38
210737 -68.1225 -26.05 15.38
194459 -63.7185 -26.05 15.38
208246 -61.087 -26.05 15.38
198841 -60.3562 -26.05 15.38
193769 -63.6438 -26.05 15.38
202946 -69.1587 -26.05 15.38
201615 -63.2696 -26.05 15.38
201329 -62.5137 -26.05 15.38
200711 -59.6451 -26.05 15.38
199490 -60.9027 -26.05 15.38
203184 -62.0596 -26.05 15.38
205057 -58.2442 -26.05 15.38
201346 -61.0608 -26.05 15.38
201145 -57.563 -26.05 15.38
203360 -66.4732 -26.05 15.38
197285 -62.8609 -26.05 15.38
201398 -60.9195 -26.05 15.38
198450 -61.7152 -26.05 15.38
202004 -63.1932 -26.05 15.38
203600 -57.2749 -26.05 15.38
193676 -64.1076 -26.05 15.38
199129 -58.1526 -26.05 15.38
199282 -60.9942 -26.05 15.38
202216 -60.5653 -26.05 15.38
202853 -61.9355 -26.05 15.38
206160 -59.3097 -26.05 15.38
203367 -66.3197 -26.05 15.38
205496 -60.7909 -26.05 15.38
202563 -64.5292 -26.05 15.38
199610 -63.7346 -26.05 15.38
199633 -61.3041 -26.05 15.38
194533 -60.0485 -26.05 15.38
175370 -62.6725 23.29 -10.41
175651 -56.0571 23.29 -10.41
170120 -55.9618 23.29 -10.41
173371 -74.8948 23.29 -10.41
162117 -80.329 23.29 -10.41
171395 -58.9006 23.29 -10.41
166912 -64.9779 23.29 -10.41
169442 -60.6159 23.29 -10.41
165260 -66.3938 23.29 -10.41
167918 -58.5288 23.29 -10.41
174539 -62.0665 23.29 -10.41
166898 -58.7122 23.29 -10.41
170198 -58.1896 23.29 -10.41
176220 -60.8982 23.29 -10.41
174194 -65.8318 23.29 -10.41
168932 -66.2556 23.29 -10.41
168974 -64.4377 23.29 -10.41
170617 -58.3297 23.29 -10.41
168967 -64.7778 23.29 -10.41
171917 -53.3189 23.29 -10.41
162546 -61.3138 23.29 -10.41
173434 -63.3606 23.29 -10.41
167975 -56.6153 23.29 -10.41
167805 -62.8687 23.29 -10.41
167146 -60.8818 23.29 -10.41
162553 -69.9781 23.29 -10.41
171956 -55.2113 23.29 -10.41
167725 -57.1836 23.29 -10.41
168932 -64.1412 23.29 -10.41
171235 -62.2596 23.29 -10.41
168736 -54.5376 23.29 -10.41
170747 -68.3104 23.29 -10.41
157859 -65.0926 23.29 -10.41
174516 -64.1888 23.29 -10.41
167646 -59.2597 23.29 -10.41
161436 -62.0052 23.29 -10.41
173997 -59.5568 23.29 -10.41
173015 -59.505 23.29 -10.41
166212 -67.4071 23.29 -10.41
191544 -60.0128 25.78 -8.59
189621 -63.8462 25.78 -8.59
185095 -62.662 25.78 -8.59
192849 -62.5609 25.78 -8.59
186107 -57.5773 25.78 -8.59
189070 -63.5576 25.78 -8.59
196381 -61.1248 25.78 -8.59
198824 -63.9286 25.78 -8.59
189372 -60.7038 25.78 -8.59
197115 -61.4776 25.78 -8.59
187710 -58.3448 25.78 -8.59
185209 -60.4284 25.78 -8.59
188100 -62.1169 25.78 -8.59
181049 -65.2296 25.78 -8.59
187536 -58.9025 25.78 -8.59
183651 -65.4776 25.78 -8.59
177817 -68.2182 25.78 -8.59
191652 -61.4844 25.78 -8.59
195254 -62.5162 25.78 -8.59
195278 -73.4988 25.78 -8.59
131585 -74.9557 25.78 -8.59
193774 -62.089 25.78 -8.59
195948 -62.8997 25.78 -8.59
181974 -65.0795 25.78 -8.59
183190 -57.982 25.78 -8.59
188405 -61.0785 25.78 -8.59
182887 -62.6317 25.78 -8.59
194708 -65.5482 25.78 -8.59
185572 -60.1168 25.78 -8.59
183378 -59.6121 25.78 -8.59
180912 -60.5565 25.78 -8.59
188965 -62.7858 25.78 -8.59
193904 -61.9308 25.78 -8.59
195053 -60.2109 25.78 -8.59
188085 -63.4808 25.78 -8.59
198224 -66.1657 25.78 -8.59
193334 -65.7483 25.78 -8.59
190904 -57.1708 25.78 -8.59
183809 -61.7769 25.78 -8.59
86458 -52.2035 10.78 1.99
85528 -50.1262 10.78 1.99
81979 -51.9541 10.78 1.99
89942 -51.3141 10.78 1.99
86178 -49.9462 10.78 1.99
77362 -47.4683 10.78 1.99
91049 -58.5794 10.78 1.99
83257 -61.3311 10.78 1.99
81194 -53.7873 10.78 1.99
87024 -53.0369 10.78 1.99
90438 -53.2191 10.78 1.99
80997 -47.6479 10.78 1.99
85519 -53.1885 10.78 1.99
91444 -50.0793 10.78 1.99
87572 -48.4662 10.78 1.99
88588 -54.149 10.78 1.99
84113 -50.2704 10.78 1.99
86297 -53.8554 10.78 1.99
88241 -51.328 10.78 1.99
86348 -61.8021 10.78 1.99
86320 -47.7509 10.78 1.99
86038 -50.854 10.78 1.99
86637 -49.2029 10.78 1.99
89930 -49.7867 10.78 1.99
91521 -54.0644 10.78 1.99
90015 -64.0565 10.78 1.99
93603 -62.0463 10.78 1.99
84955 -53.0883 10.78 1.99
85867 -53.9704 10.78 1.99
83133 -50.2948 10.78 1.99
88249 -54.5236 10.78 1.99
90598 -55.1302 10.78 1.99
90502 -51.4453 10.78 1.99
84231 -53.2447 10.78 1.99
83239 -52.5435 10.78 1.99
82881 -52.8708 10.78 1.99
93777 -48.9147 10.78 1.99
81015 -48.0675 10.78 1.99
88737 -61.8715 10.78 1.99
16638 -37.2732 2.66 -0.85
20113 -38.2122 2.66 -0.85
18230 -47.193 2.66 -0.85
19005 -43.1384 2.66 -0.85
15002 -43.0903 2.66 -0.85
17438 -38.9553 2.66 -0.85
21464 -40.972 2.66 -0.85
21591 -40.2813 2.66 -0.85
26657 -40.6138 2.66 -0.85
16156 -41.5912 2.66 -0.85
14271 -45.1293 2.66 -0.85
18927 -44.6252 2.66 -0.85
19847 -37.4932 2.66 -0.85
14798 -43.3175 2.66 -0.85
20765 -40.1326 2.66 -0.85
24137 -45.9775 2.66 -0.85
19250 -40.8719 2.66 -0.85
27473 -39.2044 2.66 -0.85
23772 -46.1944 2.66 -0.85
16232 -42.5363 2.66 -0.85
15993 -40.3703 2.66 -0.85
13677 -41.0684 2.66 -0.85
23374 -42.4818 2.66 -0.85
19509 -42.1525 2.66 -0.85
18028 -47.9876 2.66 -0.85
16452 -37.7535 2.66 -0.85
17511 -45.8614 2.66 -0.85
14269 -43.4306 2.66 -0.85
22506 -45.4114 2.66 -0.85
18250 -45.0914 2.66 -0.85
15025 -37.1977 2.66 -0.85
20212 -41.6886 2.66 -0.85
23878 -34.7178 2.66 -0.85
15720 -39.4843 2.66 -0.85
21135 -38.5095 2.66 -0.85
22318 -50.8442 2.66 -0.85
19969 -44.7393 2.66 -0.85
22501 -46.9283 2.66 -0.85
15782 -40.512 2.66 -0.85
208039 -62.9245 -18.73 24.65
201172 -59.5424 -18.73 24.65
202844 -64.5684 -18.73 24.65
200212 -53.1595 -18.73 24.65
201575 -65.4642 -18.73 24.65
198554 -66.9964 -18.73 24.65
204797 -64.5885 -18.73 24.65
198279 -61.2262 -18.73 24.65
202915 -63.2621 -18.73 24.65
203354 -64.387 -18.73 24.65
196535 -63.3887 -18.73 24.65
195952 -61.2434 -18.73 24.65
203244 -73.4759 -18.73 24.65
202027 -66.9461 -18.73 24.65
199981 -59.7131 -18.73 24.65
182289 -77.0907 -18.73 24.65
175974 -70.9583 -18.73 24.65
199674 -60.9415 -18.73 24.65
192430 -65.9705 -18.73 24.65
197690 -63.9218 -18.73 24.65
199640 -61.7643 -18.73 24.65
200572 -62.5225 -18.73 24.65
205404 -60.8867 -18.73 24.65
195757 -61.7541 -18.73 24.65
217810 -63.223 -18.73 24.65
205169 -66.0886 -18.73 24.65
202720 -66.561 -18.73 24.65
206210 -62.7792 -18.73 24.65
198536 -60.4324 -18.73 24.65
198033 -70.0773 -18.73 24.65
200105 -64.7004 -18.73 24.65
206263 -63.4924 -18.73 24.65
205967 -62.8299 -18.73 24.65
202401 -58.9926 -18.73 24.65
198278 -58.8356 -18.73 24.65
207200 -61.1709 -18.73 24.65
187594 -64.0035 -18.73 24.65
205926 -62.788 -18.73 24.65
207641 -55.2297 -18.73 24.65
130999 -56.1779 7.1 -18.01
127169 -56.9442 7.1 -18.01
133676 -61.1077 7.1 -18.01
132824 -53.4605 7.1 -18.01
130212 -59.5815 7.1 -18.01
132566 -57.1128 7.1 -18.01
125462 -60.1235 7.1 -18.01
140080 -58.5255 7.1 -18.01
131911 -58.933 7.1 -18.01
123803 -55.9999 7.1 -18.01
122174 -55.8292 7.1 -18.01
130221 -55.1541 7.1 -18.01
129370 -54.0897 7.1 -18.01
129789 -54.1934 7.1 -18.01
131029 -57.1393 7.1 -18.01
137291 -62.5232 7.1 -18.01
130657 -52.6311 7.1 -18.01
132922 -56.7359 7.1 -18.01
125948 -61.2303 7.1 -18.01
124688 -57.0302 7.1 -18.01
134064 -66.535 7.1 -18.01
126561 -58.2515 7.1 -18.01
128649 -58.8726 7.1 -18.01
125394 -61.9108 7.1 -18.01
135488 -62.7059 7.1 -18.01
123860 -56.9545 7.1 -18.01
127975 -72.1287 7.1 -18.01
130672 -56.7368 7.1 -18.01
132153 -55.567 7.1 -18.01
130876 -65.1413 7.1 -18.01
130049 -59.6515 7.1 -18.01
127934 -61.6732 7.1 -18.01
132563 -59.7619 7.1 -18.01
120108 -64.6215 7.1 -18.01
130990 -61.1436 7.1 -18.01
129818 -63.7102 7.1 -18.01
129785 -55.0494 7.1 -18.01
130598 -61.4664 7.1 -18.01
132558 -57.2834 7.1 -18.01
171024 -65.9384 -7.55 -26.74
188076 -58.3901 -7.55 -26.74
185710 -57.1825 -7.55 -26.74
186768 -64.9009 -7.55 -26.74
173766 -64.7655 -7.55 -26.74
186687 -59.8852 -7.55 -26.74
189850 -61.0435 -7.55 -26.74
186773 -58.727 -7.55 -26.74
200039 -74.6854 -7.55 -26.74
179137 -59.0316 -7.55 -26.74
182797 -63.2827 -7.55 -26.74
179002 -57.9935 -7.55 -26.74
194405 -65.2236 -7.55 -26.74
191161 -66.0411 -7.55 -26.74
178060 -57.9729 -7.55 -26.74
191141 -62.0316 -7.55 -26.74
174943 -64.7152 -7.55 -26.74
178787 -60.1209 -7.55 -26.74
180854 -66.6158 -7.55 -26.74
187678 -59.8763 -7.55 -26.74
184943 -71.2487 -7.55 -26.74
182078 -65.8762 -7.55 -26.74
183303 -64.3278 -7.55 -26.74
168655 -67.3252 -7.55 -26.74
166665 -66.9377 -7.55 -26.74
181516 -63.9325 -7.55 -26.74
186001 -61.8634 -7.55 -26.74
183690 -62.3863 -7.55 -26.74
182253 -56.1886 -7.55 -26.74
180656 -57.652 -7.55 -26.74
187516 -64.0085 -7.55 -26.74
191557 -65.0158 -7.55 -26.74
195540 -67.7695 -7.55 -26.74
53443 -77.9803 -7.55 -26.74
183451 -57.1619 -7.55 -26.74
180476 -58.898 -7.55 -26.74
188307 -65.0705 -7.55 -26.74
179015 -62.9778 -7.55 -26.74
182179 -57.667 -7.55 -26.74
164889 -65.1518 26.02 1.61
165408 -57.3304 26.02 1.61
164127 -64.2261 26.02 1.61
167551 -64.1383 26.02 1.61
167750 -58.0057 26.02 1.61
174758 -60.3843 26.02 1.61
147436 -81.0928 26.02 1.61
165819 -65.2899 26.02 1.61
165153 -60.4741 26.02 1.61
159963 -65.9464 26.02 1.61
165413 -58.0394 26.02 1.61
171608 -60.2091 26.02 1.61
163708 -60.09 26.02 1.61
168273 -55.1134 26.02 1.61
169545 -59.4313 26.02 1.61
164699 -61.9682 26.02 1.61
170283 -60.8957 26.02 1.61
169051 -62.2385 26.02 1.61
147893 -69.4514 26.02 1.61
170162 -60.6301 26.02 1.61
165662 -59.5158 26.02 1.61
167868 -68.975 26.02 1.61
172075 -58.7972 26.02 1.61
171790 -55.7367 26.02 1.61
163342 -63.7545 26.02 1.61
162432 -61.8229 26.02 1.61
165693 -54.8302 26.02 1.61
163790 -56.2462 26.02 1.61
167791 -55.3458 26.02 1.61
165331 -57.5254 26.02 1.61
165190 -61.4153 26.02 1.61
167320 -63.2028 26.02 1.61
163309 -55.555 26.02 1.61
164994 -62.7191 26.02 1.61
172991 -62.4727 26.02 1.61
169447 -58.1119 26.02 1.61
167159 -61.2747 26.02 1.61
158544 -57.9962 26.02 1.61
168309 -64.3895 26.02 1.61
