#rtt sig_str x y
82290 -53.7674 1.32 10.57
79425 -54.818 1.32 10.57
75777 -49.3505 1.32 10.57
75208 -48.8656 1.32 10.57
85992 -53.0254 1.32 10.57
83225 -50.0311 1.32 10.57
69374 -53.7211 1.32 10.57
78196 -53.07 1.32 10.57
74124 -55.1837 1.32 10.57
71902 -55.1337 1.32 10.57
74497 -53.2481 1.32 10.57
76217 -51.4061 1.32 10.57
72423 -52.5741 1.32 10.57
79443 -55.4561 1.32 10.57
75969 -60.5358 1.32 10.57
78655 -53.7084 1.32 10.57
78729 -57.9685 1.32 10.57
74965 -57.4692 1.32 10.57
84682 -51.0003 1.32 10.57
75667 -50.025 1.32 10.57
82292 -52.2682 1.32 10.57
86443 -68.1106 1.32 10.57
82033 -56.4037 1.32 10.57
79939 -60.6643 1.32 10.57
74644 -55.189 1.32 10.57
73522 -54.542 1.32 10.57
76052 -51.6394 1.32 10.57
83646 -51.4853 1.32 10.57
75423 -48.8807 1.32 10.57
78905 -46.0685 1.32 10.57
75905 -54.4337 1.32 10.57
73900 -52.0061 1.32 10.57
83195 -66.1969 1.32 10.57
75924 -52.8716 1.32 10.57
75733 -48.4902 1.32 10.57
51990 -71.8182 1.32 10.57
83773 -52.5847 1.32 10.57
78103 -51.0361 1.32 10.57
71238 -56.4909 1.32 10.57
91118 -52.3635 11.97 1.77
81355 -50.6702 11.97 1.77
80547 -54.7441 11.97 1.77
83572 -52.7493 11.97 1.77
89192 -48.3197 11.97 1.77
78237 -52.9478 11.97 1.77
85757 -53.5108 11.97 1.77
80862 -60.5613 11.97 1.77
88512 -56.1574 11.97 1.77
83798 -53.5259 11.97 1.77
84113 -52.7951 11.97 1.77
82018 -56.0827 11.97 1.77
88042 -61.5975 11.97 1.77
88498 -55.7085 11.97 1.77
86107 -54.9526 11.97 1.77
92905 -52.084 11.97 1.77
85004 -53.3416 11.97 1.77
85221 -54.4985 11.97 1.77
87325 -50.6831 11.97 1.77
87016 -53.4997 11.97 1.77
81574 -50.0019 11.97 1.77
83455 -58.9121 11.97 1.77
82265 -55.2997 11.97 1.77
85687 -53.3584 11.97 1.77
82814 -54.154 11.97 1.77
83534 -55.6321 11.97 1.77
79949 -49.7138 11.97 1.77
84375 -56.5465 11.97 1.77
81715 -50.5915 11.97 1.77
91617 -53.433 11.97 1.77
84614 -53.0042 11.97 1.77
83551 -54.3744 11.97 1.77
85010 -51.7486 11.97 1.77
78242 -58.7585 11.97 1.77
83759 -53.2298 11.97 1.77
77250 -56.9681 11.97 1.77
87586 -56.1734 11.97 1.77
86406 -53.743 11.97 1.77
88016 -52.4874 11.97 1.77
165706 -62.4673 -13.81 -20.7
170760 -55.8518 -13.81 -20.7
170113 -55.7566 -13.81 -20.7
153207 -74.6895 -13.81 -20.7
-18648 -80.1237 -13.81 -20.7
170642 -58.6953 -13.81 -20.7
170840 -64.7726 -13.81 -20.7
162847 -60.4106 -13.81 -20.7
156883 -66.1886 -13.81 -20.7
163199 -58.3236 -13.81 -20.7
170945 -61.8613 -13.81 -20.7
167772 -58.5069 -13.81 -20.7
166236 -57.9844 -13.81 -20.7
164785 -60.693 -13.81 -20.7
162522 -65.6265 -13.81 -20.7
166581 -66.0504 -13.81 -20.7
162121 -64.2325 -13.81 -20.7
166818 -58.1244 -13.81 -20.7
156307 -64.5726 -13.81 -20.7
171970 -53.1136 -13.81 -20.7
172120 -61.1085 -13.81 -20.7
164351 -63.1554 -13.81 -20.7
168710 -56.4101 -13.81 -20.7
165435 -62.6634 -13.81 -20.7
160883 -60.6765 -13.81 -20.7
158720 -69.7728 -13.81 -20.7
162893 -55.0061 -13.81 -20.7
169994 -56.9783 -13.81 -20.7
162678 -63.9359 -13.81 -20.7
169726 -62.0543 -13.81 -20.7
163975 -54.3323 -13.81 -20.7
168914 -68.1052 -13.81 -20.7
166223 -64.8874 -13.81 -20.7
168691 -63.9835 -13.81 -20.7
160467 -59.0544 -13.81 -20.7
165267 -61.7999 -13.81 -20.7
167185 -59.3515 -13.81 -20.7
167294 -59.2997 -13.81 -20.7
156384 -67.2018 -13.81 -20.7
139781 -57.7754 10.47 17.88
147665 -61.6089 10.47 17.88
137742 -60.4247 10.47 17.88
139132 -60.3235 10.47 17.88
141686 -55.3399 10.47 17.88
145928 -61.3203 10.47 17.88
143539 -58.8875 10.47 17.88
135062 -61.6912 10.47 17.88
133004 -58.4664 10.47 17.88
142853 -59.2402 10.47 17.88
134833 -56.1075 10.47 17.88
136988 -58.1911 10.47 17.88
140472 -59.8795 10.47 17.88
138443 -62.9922 10.47 17.88
132756 -56.6651 10.47 17.88
143516 -63.2402 10.47 17.88
139850 -65.9808 10.47 17.88
143818 -59.247 10.47 17.88
144338 -60.2788 10.47 17.88
144677 -71.2615 10.47 17.88
140159 -72.7183 10.47 17.88
137237 -59.8517 10.47 17.88
129403 -60.6623 10.47 17.88
124691 -62.8422 10.47 17.88
134215 -55.7447 10.47 17.88
136131 -58.8411 10.47 17.88
131900 -60.3943 10.47 17.88
138016 -63.3109 10.47 17.88
139906 -57.8794 10.47 17.88
137302 -57.3747 10.47 17.88
143942 -58.3191 10.47 17.88
138138 -60.5485 10.47 17.88
138015 -59.6934 10.47 17.88
137313 -57.9736 10.47 17.88
134128 -61.2434 10.47 17.88
145728 -63.9283 10.47 17.88
138676 -63.5109 10.47 17.88
138745 -54.9335 10.47 17.88
141854 -59.5395 10.47 17.88
227124 -61.4385 24.49 22.96
220592 -59.3611 24.49 22.96
225348 -61.1891 24.49 22.96
225095 -60.549 24.49 22.96
221711 -59.1811 24.49 22.96
226812 -56.7032 24.49 22.96
217927 -67.8144 24.49 22.96
230625 -70.5661 24.49 22.96
218445 -63.0223 24.49 22.96
219088 -62.2719 24.49 22.96
225775 -62.4541 24.49 22.96
235608 -56.8829 24.49 22.96
221400 -62.4235 24.49 22.96
222663 -59.3143 24.49 22.96
231086 -57.7012 24.49 22.96
222181 -63.3839 24.49 22.96
223468 -59.5053 24.49 22.96
220837 -63.0904 24.49 22.96
227954 -60.5629 24.49 22.96
224048 -71.0371 24.49 22.96
227957 -56.9859 24.49 22.96
220704 -60.089 24.49 22.96
226016 -58.4379 24.49 22.96
224689 -59.0217 24.49 22.96
219147 -63.2993 24.49 22.96
219137 -73.2915 24.49 22.96
187395 -71.2813 24.49 22.96
226149 -62.3233 24.49 22.96
228037 -63.2054 24.49 22.96
218879 -59.5298 24.49 22.96
220907 -63.7585 24.49 22.96
223493 -64.3652 24.49 22.96
210628 -60.6802 24.49 22.96
226075 -62.4797 24.49 22.96
229008 -61.7785 24.49 22.96
223233 -62.1058 24.49 22.96
223825 -58.1497 24.49 22.96
228319 -57.3025 24.49 22.96
213936 -71.1065 24.49 22.96
127042 -52.7566 11.11 14.46
129769 -53.6956 11.11 14.46
134790 -62.6764 11.11 14.46
134274 -58.6219 11.11 14.46
141564 -58.5737 11.11 14.46
136169 -54.4387 11.11 14.46
129684 -56.4554 11.11 14.46
134311 -55.7647 11.11 14.46
138798 -56.0972 11.11 14.46
135692 -57.0747 11.11 14.46
131253 -60.6127 11.11 14.46
131858 -60.1086 11.11 14.46
127168 -52.9766 11.11 14.46
130802 -58.8009 11.11 14.46
130533 -55.616 11.11 14.46
139991 -61.461 11.11 14.46
127984 -56.3554 11.11 14.46
137866 -54.6878 11.11 14.46
132350 -61.6779 11.11 14.46
127311 -58.0197 11.11 14.46
127633 -55.8537 11.11 14.46
129671 -56.5518 11.11 14.46
125043 -57.9653 11.11 14.46
137496 -57.6359 11.11 14.46
128405 -63.471 11.11 14.46
134680 -53.237 11.11 14.46
135474 -61.3448 11.11 14.46
139208 -58.914 11.11 14.46
131748 -60.8948 11.11 14.46
133577 -60.5748 11.11 14.46
131990 -52.6811 11.11 14.46
132945 -57.1721 11.11 14.46
132641 -50.2012 11.11 14.46
130535 -54.9678 11.11 14.46
137427 -53.9929 11.11 14.46
135559 -66.3276 11.11 14.46
127388 -60.2227 11.11 14.46
127510 -62.4117 11.11 14.46
136700 -55.9955 11.11 14.46
204929 -63.2731 -17.3 27.27
208966 -59.8911 -17.3 27.27
214749 -64.917 -17.3 27.27
214189 -53.5081 -17.3 27.27
209272 -65.8128 -17.3 27.27
216020 -67.345 -17.3 27.27
214383 -64.9371 -17.3 27.27
208222 -61.5749 -17.3 27.27
208979 -63.6107 -17.3 27.27
215665 -64.7356 -17.3 27.27
207757 -63.7374 -17.3 27.27
210495 -61.5921 -17.3 27.27
200273 -73.8246 -17.3 27.27
209591 -67.2947 -17.3 27.27
207681 -60.0617 -17.3 27.27
218894 -77.4393 -17.3 27.27
204206 -71.307 -17.3 27.27
210586 -61.2901 -17.3 27.27
213161 -66.3191 -17.3 27.27
209784 -64.2704 -17.3 27.27
211032 -62.113 -17.3 27.27
212375 -62.8711 -17.3 27.27
206368 -61.2354 -17.3 27.27
207237 -62.1027 -17.3 27.27
195928 -63.5716 -17.3 27.27
210070 -66.4372 -17.3 27.27
219104 -66.9096 -17.3 27.27
217582 -63.1278 -17.3 27.27
206831 -60.781 -17.3 27.27
206495 -70.426 -17.3 27.27
218100 -65.049 -17.3 27.27
212023 -63.841 -17.3 27.27
200635 -63.1786 -17.3 27.27
206445 -59.3413 -17.3 27.27
206140 -59.1842 -17.3 27.27
211812 -61.5195 -17.3 27.27
200170 -64.3522 -17.3 27.27
209094 -63.1366 -17.3 27.27
214501 -55.5783 -17.3 27.27
92246 -53.4093 -10.97 8.44
88345 -54.1757 -10.97 8.44
88791 -58.3391 -10.97 8.44
87443 -50.692 -10.97 8.44
86965 -56.8129 -10.97 8.44
86685 -54.3443 -10.97 8.44
86028 -57.3549 -10.97 8.44
85396 -55.7569 -10.97 8.44
92158 -56.1644 -10.97 8.44
91043 -53.2314 -10.97 8.44
83118 -53.0607 -10.97 8.44
88514 -52.3855 -10.97 8.44
92232 -51.3211 -10.97 8.44
88930 -51.4248 -10.97 8.44
95309 -54.3707 -10.97 8.44
90256 -59.7546 -10.97 8.44
80974 -49.8626 -10.97 8.44
88846 -53.9674 -10.97 8.44
89317 -58.4617 -10.97 8.44
95908 -54.2617 -10.97 8.44
90148 -63.7664 -10.97 8.44
87584 -55.483 -10.97 8.44
87865 -56.1041 -10.97 8.44
92244 -59.1422 -10.97 8.44
90988 -59.9374 -10.97 8.44
89418 -54.1859 -10.97 8.44
87136 -69.3601 -10.97 8.44
97704 -53.9682 -10.97 8.44
86511 -52.7984 -10.97 8.44
84103 -62.3727 -10.97 8.44
91979 -56.883 -10.97 8.44
89304 -58.9046 -10.97 8.44
92113 -56.9934 -10.97 8.44
93990 -61.8529 -10.97 8.44
90814 -58.3751 -10.97 8.44
87361 -60.9416 -10.97 8.44
89981 -52.2808 -10.97 8.44
91251 -58.6979 -10.97 8.44
85042 -54.5148 -10.97 8.44
158187 -64.8074 -13.96 19.8
159184 -57.2591 -13.96 19.8
155186 -56.0515 -13.96 19.8
147920 -63.7699 -13.96 19.8
153887 -63.6345 -13.96 19.8
159542 -58.7542 -13.96 19.8
158773 -59.9124 -13.96 19.8
153168 -57.596 -13.96 19.8
139655 -73.5544 -13.96 19.8
159823 -57.9006 -13.96 19.8
154965 -62.1517 -13.96 19.8
163785 -56.8625 -13.96 19.8
161584 -64.0926 -13.96 19.8
143687 -64.9101 -13.96 19.8
152390 -56.8419 -13.96 19.8
155865 -60.9006 -13.96 19.8
155272 -63.5842 -13.96 19.8
161823 -58.9899 -13.96 19.8
148095 -65.4848 -13.96 19.8
154287 -58.7453 -13.96 19.8
157944 -70.1177 -13.96 19.8
154267 -64.7452 -13.96 19.8
156918 -63.1968 -13.96 19.8
156133 -66.1942 -13.96 19.8
155372 -65.8067 -13.96 19.8
149334 -62.8014 -13.96 19.8
151836 -60.7324 -13.96 19.8
158446 -61.2553 -13.96 19.8
155449 -55.0576 -13.96 19.8
154539 -56.521 -13.96 19.8
159115 -62.8775 -13.96 19.8
151806 -63.8848 -13.96 19.8
152662 -66.6385 -13.96 19.8
163841 -76.8493 -13.96 19.8
148396 -56.0309 -13.96 19.8
160613 -57.767 -13.96 19.8
155744 -63.9394 -13.96 19.8
153518 -61.8467 -13.96 19.8
160861 -56.536 -13.96 19.8
172864 -65.0047 -22.77 -11.72
164533 -57.1833 -22.77 -11.72
166426 -64.0791 -22.77 -11.72
172847 -63.9912 -22.77 -11.72
158193 -57.8586 -22.77 -11.72
170881 -60.2372 -22.77 -11.72
96521 -80.9457 -22.77 -11.72
164761 -65.1428 -22.77 -11.72
163859 -60.327 -22.77 -11.72
163845 -65.7993 -22.77 -11.72
169987 -57.8923 -22.77 -11.72
165072 -60.062 -22.77 -11.72
169693 -59.9429 -22.77 -11.72
162970 -54.9663 -22.77 -11.72
166913 -59.2842 -22.77 -11.72
168082 -61.8211 -22.77 -11.72
157020 -60.7486 -22.77 -11.72
164203 -62.0914 -22.77 -11.72
155748 -69.3044 -22.77 -11.72
161774 -60.483 -22.77 -11.72
163458 -59.3687 -22.77 -11.72
164163 -68.8279 -22.77 -11.72
161997 -58.6501 -22.77 -11.72
162087 -55.5896 -22.77 -11.72
164516 -63.6074 -22.77 -11.72
168390 -61.6758 -22.77 -11.72
160552 -54.6832 -22.77 -11.72
157705 -56.0991 -22.77 -11.72
162330 -55.1987 -22.77 -11.72
164622 -57.3783 -22.77 -11.72
163574 -61.2682 -22.77 -11.72
159479 -63.0557 -22.77 -11.72
161012 -55.4079 -22.77 -11.72
160311 -62.5721 -22.77 -11.72
155396 -62.3256 -22.77 -11.72
165608 -57.9648 -22.77 -11.72
165792 -61.1276 -22.77 -11.72
166513 -57.8492 -22.77 -11.72
156830 -64.2424 -22.77 -11.72
