#rtt sig_str x y
50668 -52.16 -8.68 -1.23
61280 -53.2107 -8.68 -1.23
58563 -47.7431 -8.68 -1.23
61117 -47.2582 -8.68 -1.23
52408 -51.4181 -8.68 -1.23
55104 -48.4237 -8.68 -1.23
53334 -52.1137 -8.68 -1.23
58894 -51.4626 -8.68 -1.23
54219 -53.5763 -8.68 -1.23
56268 -53.5263 -8.68 -1.23
57574 -51.6408 -8.68 -1.23
50792 -49.7987 -8.68 -1.23
56254 -50.9668 -8.68 -1.23
54099 -53.8487 -8.68 -1.23
58264 -58.9284 -8.68 -1.23
57723 -52.101 -8.68 -1.23
53591 -56.3611 -8.68 -1.23
55151 -55.8618 -8.68 -1.23
53112 -49.3929 -8.68 -1.23
50479 -48.4176 -8.68 -1.23
52745 -50.6608 -8.68 -1.23
51954 -66.5032 -8.68 -1.23
58327 -54.7963 -8.68 -1.23
53387 -59.0569 -8.68 -1.23
54691 -53.5816 -8.68 -1.23
57409 -52.9347 -8.68 -1.23
57297 -50.032 -8.68 -1.23
61459 -49.8779 -8.68 -1.23
50296 -47.2733 -8.68 -1.23
58750 -44.4611 -8.68 -1.23
60765 -52.8263 -8.68 -1.23
50298 -50.3987 -8.68 -1.23
59175 -64.5895 -8.68 -1.23
52712 -51.2642 -8.68 -1.23
57968 -46.8828 -8.68 -1.23
57955 -70.2109 -8.68 -1.23
63135 -50.9773 -8.68 -1.23
61753 -49.4288 -8.68 -1.23
54825 -54.8836 -8.68 -1.23
145583 -57.099 -9.55 19.24
150181 -55.4058 -9.55 19.24
148753 -59.4796 -9.55 19.24
145031 -57.4849 -9.55 19.24
148607 -53.0552 -9.55 19.24
146665 -57.6833 -9.55 19.24
158159 -58.2463 -9.55 19.24
144277 -65.2969 -9.55 19.24
140591 -60.8929 -9.55 19.24
139963 -58.2614 -9.55 19.24
141952 -57.5306 -9.55 19.24
148894 -60.8182 -9.55 19.24
144924 -66.3331 -9.55 19.24
137207 -60.444 -9.55 19.24
142833 -59.6881 -9.55 19.24
145108 -56.8195 -9.55 19.24
148685 -58.0771 -9.55 19.24
145718 -59.234 -9.55 19.24
144197 -55.4186 -9.55 19.24
136628 -58.2352 -9.55 19.24
150542 -54.7374 -9.55 19.24
144340 -63.6476 -9.55 19.24
145628 -60.0353 -9.55 19.24
145205 -58.0939 -9.55 19.24
140450 -58.8896 -9.55 19.24
149112 -60.3676 -9.55 19.24
147400 -54.4493 -9.55 19.24
144443 -61.282 -9.55 19.24
147727 -55.327 -9.55 19.24
150534 -58.1686 -9.55 19.24
145685 -57.7397 -9.55 19.24
144067 -59.1099 -9.55 19.24
154311 -56.4841 -9.55 19.24
144154 -63.4941 -9.55 19.24
145448 -57.9653 -9.55 19.24
137737 -61.7036 -9.55 19.24
152882 -60.909 -9.55 19.24
140819 -58.4785 -9.55 19.24
134523 -57.2229 -9.55 19.24
191865 -63.3862 25.99 9.91
183919 -56.7707 25.99 9.91
188586 -56.6755 25.99 9.91
149676 -75.6085 25.99 9.91
150946 -81.0426 25.99 9.91
186487 -59.6142 25.99 9.91
188943 -65.6916 25.99 9.91
184046 -61.3296 25.99 9.91
191157 -67.1075 25.99 9.91
184619 -59.2425 25.99 9.91
184206 -62.7802 25.99 9.91
186342 -59.4259 25.99 9.91
183387 -58.9033 25.99 9.91
193531 -61.6119 25.99 9.91
187699 -66.5455 25.99 9.91
193609 -66.9693 25.99 9.91
186614 -65.1514 25.99 9.91
197268 -59.0433 25.99 9.91
185824 -65.4915 25.99 9.91
190527 -54.0325 25.99 9.91
182536 -62.0275 25.99 9.91
182946 -64.0743 25.99 9.91
187974 -57.329 25.99 9.91
189549 -63.5824 25.99 9.91
182281 -61.5955 25.99 9.91
184721 -70.6918 25.99 9.91
181972 -55.925 25.99 9.91
184875 -57.8972 25.99 9.91
189861 -64.8548 25.99 9.91
190910 -62.9733 25.99 9.91
186095 -55.2512 25.99 9.91
191278 -69.0241 25.99 9.91
187423 -65.8063 25.99 9.91
186896 -64.9025 25.99 9.91
186091 -59.9734 25.99 9.91
189802 -62.7188 25.99 9.91
191586 -60.2705 25.99 9.91
179939 -60.2186 25.99 9.91
189909 -68.1208 25.99 9.91
233086 -61.9922 24.83 24.01
233210 -65.8256 24.83 24.01
239004 -64.6414 24.83 24.01
229071 -64.5403 24.83 24.01
235256 -59.5566 24.83 24.01
227250 -65.537 24.83 24.01
226081 -63.1042 24.83 24.01
232430 -65.908 24.83 24.01
219535 -62.6832 24.83 24.01
233956 -63.457 24.83 24.01
232333 -60.3242 24.83 24.01
236230 -62.4078 24.83 24.01
231554 -64.0962 24.83 24.01
235994 -67.2089 24.83 24.01
227408 -60.8818 24.83 24.01
226213 -67.457 24.83 24.01
226641 -70.1975 24.83 24.01
232214 -63.4638 24.83 24.01
231276 -64.4955 24.83 24.01
178144 -75.4782 24.83 24.01
228297 -76.9351 24.83 24.01
229109 -64.0684 24.83 24.01
237378 -64.8791 24.83 24.01
214130 -67.0589 24.83 24.01
234984 -59.9614 24.83 24.01
225442 -63.0579 24.83 24.01
229405 -64.611 24.83 24.01
217345 -67.5276 24.83 24.01
222961 -62.0961 24.83 24.01
232798 -61.5915 24.83 24.01
231885 -62.5358 24.83 24.01
227205 -64.7652 24.83 24.01
230590 -63.9102 24.83 24.01
232979 -62.1903 24.83 24.01
228415 -65.4601 24.83 24.01
237503 -68.1451 24.83 24.01
232797 -67.7276 24.83 24.01
232841 -59.1502 24.83 24.01
225162 -63.7563 24.83 24.01
199701 -60.6112 20.25 -22.63
204058 -58.5339 20.25 -22.63
203216 -60.3619 20.25 -22.63
207277 -59.7218 20.25 -22.63
203064 -58.3539 20.25 -22.63
203626 -55.876 20.25 -22.63
200173 -66.9871 20.25 -22.63
204156 -69.7389 20.25 -22.63
207825 -62.195 20.25 -22.63
204174 -61.4446 20.25 -22.63
208750 -61.6268 20.25 -22.63
208806 -56.0556 20.25 -22.63
200634 -61.5962 20.25 -22.63
205295 -58.487 20.25 -22.63
209590 -56.8739 20.25 -22.63
205965 -62.5567 20.25 -22.63
208720 -58.6781 20.25 -22.63
209292 -62.2631 20.25 -22.63
198828 -59.7357 20.25 -22.63
202546 -70.2098 20.25 -22.63
198976 -56.1587 20.25 -22.63
208067 -59.2617 20.25 -22.63
207366 -57.6106 20.25 -22.63
201971 -58.1944 20.25 -22.63
206711 -62.4721 20.25 -22.63
204675 -72.4642 20.25 -22.63
203101 -70.454 20.25 -22.63
198001 -61.496 20.25 -22.63
202064 -62.3781 20.25 -22.63
205585 -58.7025 20.25 -22.63
194087 -62.9313 20.25 -22.63
205536 -63.538 20.25 -22.63
205273 -59.853 20.25 -22.63
206250 -61.6524 20.25 -22.63
213906 -60.9513 20.25 -22.63
206865 -61.2785 20.25 -22.63
204946 -57.3224 20.25 -22.63
209418 -56.4753 20.25 -22.63
204134 -70.2793 20.25 -22.63
256988 -59.0063 -26.44 -28.52
262074 -59.9453 -26.44 -28.52
250886 -68.9261 -26.44 -28.52
263553 -64.8716 -26.44 -28.52
261995 -64.8234 -26.44 -28.52
246560 -60.6884 -26.44 -28.52
251833 -62.7051 -26.44 -28.52
249627 -62.0144 -26.44 -28.52
255827 -62.3469 -26.44 -28.52
253610 -63.3244 -26.44 -28.52
254431 -66.8624 -26.44 -28.52
254831 -66.3583 -26.44 -28.52
255884 -59.2263 -26.44 -28.52
251903 -65.0506 -26.44 -28.52
258978 -61.8657 -26.44 -28.52
258026 -67.7107 -26.44 -28.52
258172 -62.6051 -26.44 -28.52
259262 -60.9375 -26.44 -28.52
255954 -67.9275 -26.44 -28.52
260546 -64.2694 -26.44 -28.52
262146 -62.1034 -26.44 -28.52
257901 -62.8015 -26.44 -28.52
247599 -64.215 -26.44 -28.52
260792 -63.8856 -26.44 -28.52
255075 -69.7207 -26.44 -28.52
256085 -59.4866 -26.44 -28.52
259990 -67.5945 -26.44 -28.52
247225 -65.1637 -26.44 -28.52
255539 -67.1445 -26.44 -28.52
254722 -66.8245 -26.44 -28.52
253065 -58.9308 -26.44 -28.52
248621 -63.4218 -26.44 -28.52
258556 -56.4509 -26.44 -28.52
255201 -61.2175 -26.44 -28.52
257044 -60.2426 -26.44 -28.52
256065 -72.5773 -26.44 -28.52
258814 -66.4724 -26.44 -28.52
252837 -68.6614 -26.44 -28.52
251202 -62.2452 -26.44 -28.52
102286 -57.0263 -15.11 -1.07
103190 -53.6443 -15.11 -1.07
103415 -58.6702 -15.11 -1.07
103458 -47.2613 -15.11 -1.07
108105 -59.566 -15.11 -1.07
102097 -61.0982 -15.11 -1.07
97340 -58.6903 -15.11 -1.07
111343 -55.328 -15.11 -1.07
103267 -57.3639 -15.11 -1.07
96538 -58.4888 -15.11 -1.07
112412 -57.4905 -15.11 -1.07
103328 -55.3453 -15.11 -1.07
125865 -67.5777 -15.11 -1.07
103330 -61.0479 -15.11 -1.07
103155 -53.8149 -15.11 -1.07
90049 -71.1925 -15.11 -1.07
94232 -65.0601 -15.11 -1.07
109366 -55.0433 -15.11 -1.07
109424 -60.0723 -15.11 -1.07
100690 -58.0236 -15.11 -1.07
96770 -55.8661 -15.11 -1.07
106902 -56.6243 -15.11 -1.07
100735 -54.9885 -15.11 -1.07
101761 -55.8559 -15.11 -1.07
106357 -57.3248 -15.11 -1.07
112690 -60.1904 -15.11 -1.07
106656 -60.6628 -15.11 -1.07
101216 -56.881 -15.11 -1.07
110142 -54.5342 -15.11 -1.07
110392 -64.1792 -15.11 -1.07
96479 -58.8022 -15.11 -1.07
107827 -57.5942 -15.11 -1.07
102025 -56.9317 -15.11 -1.07
107520 -53.0945 -15.11 -1.07
112970 -52.9374 -15.11 -1.07
106807 -55.2727 -15.11 -1.07
103053 -58.1054 -15.11 -1.07
104458 -56.8898 -15.11 -1.07
104552 -49.3315 -15.11 -1.07
150998 -57.7621 0.55 -23.45
153995 -58.5284 0.55 -23.45
152880 -62.6919 0.55 -23.45
157888 -55.0447 0.55 -23.45
152815 -61.1657 0.55 -23.45
162416 -58.697 0.55 -23.45
166609 -61.7077 0.55 -23.45
147517 -60.1097 0.55 -23.45
152911 -60.5172 0.55 -23.45
164802 -57.5841 0.55 -23.45
157109 -57.4135 0.55 -23.45
159556 -56.7383 0.55 -23.45
155633 -55.6739 0.55 -23.45
159028 -55.7776 0.55 -23.45
165665 -58.7235 0.55 -23.45
147812 -64.1074 0.55 -23.45
160829 -54.2153 0.55 -23.45
155414 -58.3202 0.55 -23.45
156443 -62.8145 0.55 -23.45
156978 -58.6145 0.55 -23.45
154074 -68.1192 0.55 -23.45
157820 -59.8357 0.55 -23.45
156613 -60.4569 0.55 -23.45
159971 -63.495 0.55 -23.45
162557 -64.2902 0.55 -23.45
165905 -58.5387 0.55 -23.45
127437 -73.7129 0.55 -23.45
155768 -58.321 0.55 -23.45
157440 -57.1512 0.55 -23.45
157581 -66.7255 0.55 -23.45
153243 -61.2357 0.55 -23.45
152931 -63.2574 0.55 -23.45
149765 -61.3462 0.55 -23.45
163661 -66.2057 0.55 -23.45
161099 -62.7278 0.55 -23.45
148232 -65.2944 0.55 -23.45
156169 -56.6336 0.55 -23.45
160104 -63.0506 0.55 -23.45
152531 -58.8676 0.55 -23.45
232046 -67.7432 -24.63 24.27
228516 -60.1949 -24.63 24.27
235570 -58.9873 -24.63 24.27
239080 -66.7057 -24.63 24.27
233225 -66.5703 -24.63 24.27
223928 -61.69 -24.63 24.27
234151 -62.8482 -24.63 24.27
223012 -60.5318 -24.63 24.27
152074 -76.4902 -24.63 24.27
227784 -60.8364 -24.63 24.27
231089 -65.0875 -24.63 24.27
228187 -59.7983 -24.63 24.27
235403 -67.0284 -24.63 24.27
235888 -67.8459 -24.63 24.27
236724 -59.7777 -24.63 24.27
233181 -63.8364 -24.63 24.27
234114 -66.52 -24.63 24.27
233272 -61.9257 -24.63 24.27
238479 -68.4206 -24.63 24.27
235500 -61.6811 -24.63 24.27
233692 -73.0535 -24.63 24.27
226661 -67.681 -24.63 24.27
216786 -66.1326 -24.63 24.27
247653 -69.13 -24.63 24.27
232528 -68.7425 -24.63 24.27
227252 -65.7372 -24.63 24.27
229141 -63.6682 -24.63 24.27
234874 -64.1911 -24.63 24.27
234183 -57.9934 -24.63 24.27
234784 -59.4568 -24.63 24.27
231709 -65.8133 -24.63 24.27
231489 -66.8206 -24.63 24.27
206582 -69.5743 -24.63 24.27
177448 -79.7851 -24.63 24.27
227605 -58.9667 -24.63 24.27
230088 -60.7028 -24.63 24.27
232818 -66.8752 -24.63 24.27
245354 -64.7825 -24.63 24.27
225455 -59.4718 -24.63 24.27
167898 -64.4812 17.11 -16.88
160095 -56.6598 17.11 -16.88
156628 -63.5556 17.11 -16.88
163877 -63.4677 17.11 -16.88
161716 -57.3351 17.11 -16.88
163900 -59.7138 17.11 -16.88
88585 -80.4223 17.11 -16.88
163903 -64.6193 17.11 -16.88
160710 -59.8036 17.11 -16.88
154403 -65.2758 17.11 -16.88
157665 -57.3689 17.11 -16.88
166726 -59.5385 17.11 -16.88
158408 -59.4195 17.11 -16.88
165926 -54.4429 17.11 -16.88
153165 -58.7607 17.11 -16.88
170535 -61.2977 17.11 -16.88
161411 -60.2251 17.11 -16.88
161280 -61.5679 17.11 -16.88
149872 -68.7809 17.11 -16.88
167884 -59.9595 17.11 -16.88
161444 -58.8452 17.11 -16.88
169677 -68.3044 17.11 -16.88
157961 -58.1267 17.11 -16.88
166976 -55.0662 17.11 -16.88
163224 -63.0839 17.11 -16.88
160272 -61.1523 17.11 -16.88
166287 -54.1597 17.11 -16.88
162580 -55.5757 17.11 -16.88
159072 -54.6753 17.11 -16.88
164190 -56.8549 17.11 -16.88
157530 -60.7448 17.11 -16.88
165051 -62.5323 17.11 -16.88
157027 -54.8844 17.11 -16.88
163017 -62.0486 17.11 -16.88
166246 -61.8022 17.11 -16.88
161847 -57.4414 17.11 -16.88
161657 -60.6041 17.11 -16.88
159233 -57.3257 17.11 -16.88
167239 -63.719 17.11 -16.88
