#rtt sig_str x y
181674 -61.7895 -13.49 -24.72
183892 -62.8402 -13.49 -24.72
189677 -57.3726 -13.49 -24.72
179985 -56.8877 -13.49 -24.72
191161 -61.0476 -13.49 -24.72
189722 -58.0532 -13.49 -24.72
192301 -61.7432 -13.49 -24.72
181476 -61.0921 -13.49 -24.72
184077 -63.2058 -13.49 -24.72
188856 -63.1558 -13.49 -24.72
193593 -61.2703 -13.49 -24.72
188544 -59.4282 -13.49 -24.72
190026 -60.5963 -13.49 -24.72
190811 -63.4782 -13.49 -24.72
191410 -68.5579 -13.49 -24.72
187854 -61.7305 -13.49 -24.72
182627 -65.9906 -13.49 -24.72
167810 -65.4913 -13.49 -24.72
190461 -59.0224 -13.49 -24.72
190124 -58.0471 -13.49 -24.72
201494 -60.2903 -13.49 -24.72
142686 -76.1327 -13.49 -24.72
184513 -64.4258 -13.49 -24.72
191781 -68.6864 -13.49 -24.72
188391 -63.2111 -13.49 -24.72
188459 -62.5642 -13.49 -24.72
187401 -59.6615 -13.49 -24.72
186860 -59.5074 -13.49 -24.72
188162 -56.9028 -13.49 -24.72
187907 -54.0906 -13.49 -24.72
191861 -62.4558 -13.49 -24.72
190756 -60.0282 -13.49 -24.72
192014 -74.219 -13.49 -24.72
185609 -60.8937 -13.49 -24.72
186614 -56.5123 -13.49 -24.72
84062 -79.8404 -13.49 -24.72
186128 -60.6068 -13.49 -24.72
183134 -59.0583 -13.49 -24.72
200073 -64.513 -13.49 -24.72
60618 -51.05 8.36 -6.05
57943 -49.3567 8.36 -6.05
61356 -53.4306 8.36 -6.05
58386 -51.4358 8.36 -6.05
61309 -47.0062 8.36 -6.05
67273 -51.6342 8.36 -6.05
60993 -52.1972 8.36 -6.05
49451 -59.2478 8.36 -6.05
60299 -54.8439 8.36 -6.05
64405 -52.2124 8.36 -6.05
58753 -51.4816 8.36 -6.05
61257 -54.7691 8.36 -6.05
57495 -60.284 8.36 -6.05
58857 -54.395 8.36 -6.05
58033 -53.639 8.36 -6.05
68008 -50.7705 8.36 -6.05
61547 -52.0281 8.36 -6.05
60939 -53.185 8.36 -6.05
59162 -49.3696 8.36 -6.05
67205 -52.1862 8.36 -6.05
60963 -48.6884 8.36 -6.05
68020 -57.5985 8.36 -6.05
59560 -53.9862 8.36 -6.05
57477 -52.0449 8.36 -6.05
59789 -52.8405 8.36 -6.05
63072 -54.3186 8.36 -6.05
58619 -48.4003 8.36 -6.05
62050 -55.233 8.36 -6.05
62155 -49.278 8.36 -6.05
56415 -52.1195 8.36 -6.05
56489 -51.6906 8.36 -6.05
58185 -53.0608 8.36 -6.05
63534 -50.435 8.36 -6.05
59389 -57.445 8.36 -6.05
63600 -51.9163 8.36 -6.05
58966 -55.6545 8.36 -6.05
61935 -54.8599 8.36 -6.05
59183 -52.4295 8.36 -6.05
63153 -51.1739 8.36 -6.05
126522 -59.981 7.44 16.84
114178 -53.3655 7.44 16.84
127225 -53.2703 7.44 16.84
115695 -72.2032 7.44 16.84
76656 -77.6374 7.44 16.84
120918 -56.209 7.44 16.84
117855 -62.2863 7.44 16.84
120681 -57.9243 7.44 16.84
121581 -63.7023 7.44 16.84
125402 -55.8373 7.44 16.84
123827 -59.375 7.44 16.84
116674 -56.0207 7.44 16.84
124179 -55.4981 7.44 16.84
123680 -58.2067 7.44 16.84
124827 -63.1403 7.44 16.84
129587 -63.5641 7.44 16.84
122555 -61.7462 7.44 16.84
123269 -55.6381 7.44 16.84
116646 -62.0863 7.44 16.84
122387 -50.6273 7.44 16.84
123279 -58.6222 7.44 16.84
124612 -60.6691 7.44 16.84
125387 -53.9238 7.44 16.84
124569 -60.1772 7.44 16.84
114689 -58.1902 7.44 16.84
126940 -67.2866 7.44 16.84
127130 -52.5198 7.44 16.84
129834 -54.492 7.44 16.84
126999 -61.4496 7.44 16.84
122154 -59.568 7.44 16.84
124549 -51.846 7.44 16.84
116057 -65.6189 7.44 16.84
118834 -62.4011 7.44 16.84
125117 -61.4972 7.44 16.84
120572 -56.5681 7.44 16.84
118734 -59.3136 7.44 16.84
121755 -56.8652 7.44 16.84
116287 -56.8134 7.44 16.84
117409 -64.7155 7.44 16.84
159366 -58.8159 16.69 16.55
158007 -62.6493 16.69 16.55
157353 -61.4651 16.69 16.55
160302 -61.364 16.69 16.55
156073 -56.3804 16.69 16.55
157193 -62.3607 16.69 16.55
151423 -59.9279 16.69 16.55
156544 -62.7317 16.69 16.55
159740 -59.5069 16.69 16.55
162271 -60.2807 16.69 16.55
160534 -57.1479 16.69 16.55
156490 -59.2315 16.69 16.55
161504 -60.92 16.69 16.55
163692 -64.0327 16.69 16.55
165217 -57.7055 16.69 16.55
162601 -64.2807 16.69 16.55
163035 -67.0212 16.69 16.55
155112 -60.2875 16.69 16.55
161479 -61.3193 16.69 16.55
172035 -72.3019 16.69 16.55
144876 -73.7588 16.69 16.55
163391 -60.8921 16.69 16.55
153650 -61.7028 16.69 16.55
159587 -63.8826 16.69 16.55
154670 -56.7851 16.69 16.55
154207 -59.8816 16.69 16.55
158047 -61.4348 16.69 16.55
150280 -64.3513 16.69 16.55
160846 -58.9199 16.69 16.55
157124 -58.4152 16.69 16.55
158276 -59.3596 16.69 16.55
153424 -61.5889 16.69 16.55
163499 -60.7339 16.69 16.55
164699 -59.014 16.69 16.55
161614 -62.2839 16.69 16.55
161051 -64.9688 16.69 16.55
155885 -64.5514 16.69 16.55
158861 -55.9739 16.69 16.55
157481 -60.58 16.69 16.55
64434 -50.9625 -1.31 9.34
77646 -48.8851 -1.31 9.34
75787 -50.7131 -1.31 9.34
71644 -50.073 -1.31 9.34
71051 -48.7051 -1.31 9.34
74021 -46.2272 -1.31 9.34
65049 -57.3383 -1.31 9.34
74499 -60.0901 -1.31 9.34
71808 -52.5463 -1.31 9.34
72279 -51.7958 -1.31 9.34
73148 -51.978 -1.31 9.34
66433 -46.4068 -1.31 9.34
67943 -51.9475 -1.31 9.34
70769 -48.8383 -1.31 9.34
74454 -47.2252 -1.31 9.34
68905 -52.9079 -1.31 9.34
78252 -49.0293 -1.31 9.34
72538 -52.6143 -1.31 9.34
69916 -50.0869 -1.31 9.34
65702 -60.561 -1.31 9.34
74230 -46.5099 -1.31 9.34
76608 -49.6129 -1.31 9.34
77726 -47.9618 -1.31 9.34
74361 -48.5456 -1.31 9.34
74781 -52.8233 -1.31 9.34
81537 -62.8154 -1.31 9.34
69802 -60.8053 -1.31 9.34
67154 -51.8473 -1.31 9.34
66526 -52.7294 -1.31 9.34
69705 -49.0537 -1.31 9.34
71697 -53.2825 -1.31 9.34
73080 -53.8892 -1.31 9.34
73737 -50.2042 -1.31 9.34
71986 -52.0036 -1.31 9.34
74019 -51.3025 -1.31 9.34
74984 -51.6297 -1.31 9.34
76243 -47.6737 -1.31 9.34
71676 -46.8265 -1.31 9.34
71784 -60.6305 -1.31 9.34
238615 -59.0124 27.55 27.49
251936 -59.9514 27.55 27.49
244187 -68.9322 27.55 27.49
248491 -64.8777 27.55 27.49
247156 -64.8295 27.55 27.49
255176 -60.6945 27.55 27.49
248457 -62.7112 27.55 27.49
254400 -62.0205 27.55 27.49
253235 -62.353 27.55 27.49
251323 -63.3305 27.55 27.49
252435 -66.8685 27.55 27.49
256905 -66.3644 27.55 27.49
250329 -59.2324 27.55 27.49
252315 -65.0567 27.55 27.49
262664 -61.8718 27.55 27.49
251992 -67.7168 27.55 27.49
253833 -62.6112 27.55 27.49
252674 -60.9436 27.55 27.49
250663 -67.9336 27.55 27.49
256660 -64.2755 27.55 27.49
247374 -62.1095 27.55 27.49
244843 -62.8076 27.55 27.49
246626 -64.2211 27.55 27.49
256074 -63.8917 27.55 27.49
250857 -69.7268 27.55 27.49
249994 -59.4928 27.55 27.49
258705 -67.6006 27.55 27.49
249969 -65.1698 27.55 27.49
238229 -67.1506 27.55 27.49
252821 -66.8306 27.55 27.49
254934 -58.9369 27.55 27.49
246960 -63.4279 27.55 27.49
250978 -56.457 27.55 27.49
246202 -61.2236 27.55 27.49
248949 -60.2487 27.55 27.49
246700 -72.5834 27.55 27.49
247210 -66.4785 27.55 27.49
253590 -68.6675 27.55 27.49
251011 -62.2513 27.55 27.49
264656 -65.0571 29.85 -26.76
259240 -61.6751 29.85 -26.76
268008 -66.701 29.85 -26.76
265668 -55.2921 29.85 -26.76
262298 -67.5968 29.85 -26.76
271803 -69.129 29.85 -26.76
277000 -66.7211 29.85 -26.76
264653 -63.3588 29.85 -26.76
264191 -65.3947 29.85 -26.76
265206 -66.5196 29.85 -26.76
260978 -65.5213 29.85 -26.76
265083 -63.3761 29.85 -26.76
269932 -75.6085 29.85 -26.76
269806 -69.0787 29.85 -26.76
262850 -61.8457 29.85 -26.76
143169 -79.2233 29.85 -26.76
253715 -73.0909 29.85 -26.76
272374 -63.0741 29.85 -26.76
266334 -68.1031 29.85 -26.76
264427 -66.0544 29.85 -26.76
259506 -63.8969 29.85 -26.76
267215 -64.6551 29.85 -26.76
269945 -63.0193 29.85 -26.76
262975 -63.8867 29.85 -26.76
263502 -65.3556 29.85 -26.76
266821 -68.2212 29.85 -26.76
264800 -68.6936 29.85 -26.76
267560 -64.9118 29.85 -26.76
260257 -62.565 29.85 -26.76
200251 -72.21 29.85 -26.76
270462 -66.833 29.85 -26.76
264369 -65.625 29.85 -26.76
251048 -64.9625 29.85 -26.76
264383 -61.1252 29.85 -26.76
267010 -60.9682 29.85 -26.76
259466 -63.3035 29.85 -26.76
263316 -66.1362 29.85 -26.76
267879 -64.9206 29.85 -26.76
271074 -57.3623 29.85 -26.76
128123 -56.4264 19.95 -0.19
128048 -57.1927 19.95 -0.19
130319 -61.3562 19.95 -0.19
125736 -53.7091 19.95 -0.19
131997 -59.83 19.95 -0.19
133837 -57.3613 19.95 -0.19
130146 -60.372 19.95 -0.19
129101 -58.774 19.95 -0.19
132905 -59.1815 19.95 -0.19
127540 -56.2484 19.95 -0.19
123225 -56.0778 19.95 -0.19
127063 -55.4026 19.95 -0.19
131682 -54.3382 19.95 -0.19
121601 -54.4419 19.95 -0.19
126442 -57.3878 19.95 -0.19
122707 -62.7717 19.95 -0.19
129732 -52.8796 19.95 -0.19
133831 -56.9845 19.95 -0.19
126342 -61.4788 19.95 -0.19
129245 -57.2788 19.95 -0.19
131884 -66.7835 19.95 -0.19
126844 -58.5001 19.95 -0.19
126785 -59.1212 19.95 -0.19
129040 -62.1593 19.95 -0.19
123501 -62.9545 19.95 -0.19
119241 -57.203 19.95 -0.19
121602 -72.3772 19.95 -0.19
131827 -56.9853 19.95 -0.19
129851 -55.8155 19.95 -0.19
132159 -65.3898 19.95 -0.19
124242 -59.9001 19.95 -0.19
121733 -61.9217 19.95 -0.19
126923 -60.0105 19.95 -0.19
121675 -64.87 19.95 -0.19
124145 -61.3921 19.95 -0.19
130111 -63.9587 19.95 -0.19
122174 -55.2979 19.95 -0.19
127645 -61.7149 19.95 -0.19
134198 -57.5319 19.95 -0.19
138729 -64.3531 -17.77 14.49
154391 -56.8048 -17.77 14.49
145251 -55.5972 -17.77 14.49
145589 -63.3156 -17.77 14.49
149361 -63.1802 -17.77 14.49
154231 -58.3 -17.77 14.49
144632 -59.4582 -17.77 14.49
146294 -57.1417 -17.77 14.49
152936 -73.1002 -17.77 14.49
152399 -57.4464 -17.77 14.49
143649 -61.6975 -17.77 14.49
148537 -56.4083 -17.77 14.49
151387 -63.6384 -17.77 14.49
149083 -64.4559 -17.77 14.49
143900 -56.3876 -17.77 14.49
150336 -60.4464 -17.77 14.49
143282 -63.13 -17.77 14.49
160847 -58.5357 -17.77 14.49
137008 -65.0305 -17.77 14.49
149136 -58.2911 -17.77 14.49
138709 -69.6634 -17.77 14.49
146047 -64.2909 -17.77 14.49
144923 -62.7426 -17.77 14.49
153105 -65.7399 -17.77 14.49
135000 -65.3525 -17.77 14.49
145730 -62.3472 -17.77 14.49
148025 -60.2781 -17.77 14.49
147944 -60.801 -17.77 14.49
148510 -54.6033 -17.77 14.49
145418 -56.0668 -17.77 14.49
147375 -62.4232 -17.77 14.49
149533 -63.4306 -17.77 14.49
141545 -66.1843 -17.77 14.49
160037 -76.3951 -17.77 14.49
144944 -55.5766 -17.77 14.49
135291 -57.3127 -17.77 14.49
146992 -63.4852 -17.77 14.49
158037 -61.3925 -17.77 14.49
151629 -56.0817 -17.77 14.49
154063 -64.2747 -21.96 8.2
157328 -56.4533 -21.96 8.2
155890 -63.3491 -21.96 8.2
160214 -63.2612 -21.96 8.2
151538 -57.1286 -21.96 8.2
149008 -59.5073 -21.96 8.2
134736 -80.2157 -21.96 8.2
151144 -64.4128 -21.96 8.2
159325 -59.597 -21.96 8.2
157872 -65.0693 -21.96 8.2
154962 -57.1624 -21.96 8.2
153972 -59.332 -21.96 8.2
157994 -59.213 -21.96 8.2
151909 -54.2363 -21.96 8.2
156735 -58.5542 -21.96 8.2
152218 -61.0911 -21.96 8.2
160478 -60.0186 -21.96 8.2
157862 -61.3614 -21.96 8.2
149432 -68.5744 -21.96 8.2
146747 -59.753 -21.96 8.2
149474 -58.6387 -21.96 8.2
165110 -68.0979 -21.96 8.2
153912 -57.9202 -21.96 8.2
155720 -54.8597 -21.96 8.2
157057 -62.8774 -21.96 8.2
153625 -60.9458 -21.96 8.2
161380 -53.9532 -21.96 8.2
158780 -55.3692 -21.96 8.2
153692 -54.4688 -21.96 8.2
149687 -56.6484 -21.96 8.2
157776 -60.5383 -21.96 8.2
147023 -62.3258 -21.96 8.2
157425 -54.6779 -21.96 8.2
155957 -61.8421 -21.96 8.2
157721 -61.5957 -21.96 8.2
160871 -57.2349 -21.96 8.2
156751 -60.3976 -21.96 8.2
153954 -57.1192 -21.96 8.2
154769 -63.5124 -21.96 8.2
