#rtt sig_str x y
100326 -56.6483 -14.58 3.94
101990 -57.699 -14.58 3.94
94346 -52.2314 -14.58 3.94
98630 -51.7465 -14.58 3.94
93688 -55.9064 -14.58 3.94
102933 -52.912 -14.58 3.94
93387 -56.602 -14.58 3.94
99237 -55.9509 -14.58 3.94
94317 -58.0646 -14.58 3.94
101912 -58.0146 -14.58 3.94
98768 -56.1291 -14.58 3.94
96700 -54.287 -14.58 3.94
98884 -55.455 -14.58 3.94
97920 -58.337 -14.58 3.94
94398 -63.4167 -14.58 3.94
95459 -56.5893 -14.58 3.94
94062 -60.8494 -14.58 3.94
103902 -60.3501 -14.58 3.94
100706 -53.8812 -14.58 3.94
95805 -52.9059 -14.58 3.94
94160 -55.1491 -14.58 3.94
85577 -70.9915 -14.58 3.94
100031 -59.2846 -14.58 3.94
94227 -63.5452 -14.58 3.94
99690 -58.0699 -14.58 3.94
95031 -57.423 -14.58 3.94
93742 -54.5203 -14.58 3.94
98420 -54.3662 -14.58 3.94
101130 -51.7616 -14.58 3.94
100200 -48.9494 -14.58 3.94
100711 -57.3146 -14.58 3.94
99098 -54.887 -14.58 3.94
98608 -69.0778 -14.58 3.94
101551 -55.7525 -14.58 3.94
98434 -51.3711 -14.58 3.94
90281 -74.6992 -14.58 3.94
96010 -55.4656 -14.58 3.94
105151 -53.917 -14.58 3.94
107695 -59.3718 -14.58 3.94
149293 -57.6278 11.03 20.07
154736 -55.9345 11.03 20.07
147871 -60.0084 11.03 20.07
147091 -58.0136 11.03 20.07
151953 -53.584 11.03 20.07
149710 -58.212 11.03 20.07
147488 -58.775 11.03 20.07
145695 -65.8256 11.03 20.07
149202 -61.4217 11.03 20.07
144733 -58.7902 11.03 20.07
149079 -58.0594 11.03 20.07
139532 -61.3469 11.03 20.07
142756 -66.8618 11.03 20.07
149768 -60.9728 11.03 20.07
145282 -60.2168 11.03 20.07
151203 -57.3483 11.03 20.07
142791 -58.6059 11.03 20.07
153018 -59.7628 11.03 20.07
150132 -55.9474 11.03 20.07
140661 -58.764 11.03 20.07
143038 -55.2662 11.03 20.07
150643 -64.1763 11.03 20.07
152115 -60.564 11.03 20.07
150003 -58.6227 11.03 20.07
147532 -59.4183 11.03 20.07
144264 -60.8964 11.03 20.07
146573 -54.9781 11.03 20.07
149348 -61.8108 11.03 20.07
144252 -55.8558 11.03 20.07
157112 -58.6973 11.03 20.07
152377 -58.2684 11.03 20.07
148307 -59.6386 11.03 20.07
142705 -57.0128 11.03 20.07
144503 -64.0228 11.03 20.07
144251 -58.4941 11.03 20.07
153464 -62.2323 11.03 20.07
146704 -61.4377 11.03 20.07
144459 -59.0073 11.03 20.07
153511 -57.7517 11.03 20.07
174684 -62.9304 9.82 24.42
177585 -56.315 9.82 24.42
176679 -56.2197 9.82 24.42
173316 -75.1527 9.82 24.42
159641 -80.5868 9.82 24.42
171161 -59.1585 9.82 24.42
178343 -65.2358 9.82 24.42
169711 -60.8738 9.82 24.42
163869 -66.6517 9.82 24.42
175271 -58.7867 9.82 24.42
170991 -62.3244 9.82 24.42
173734 -58.9701 9.82 24.42
170875 -58.4475 9.82 24.42
176266 -61.1561 9.82 24.42
183705 -66.0897 9.82 24.42
167978 -66.5135 9.82 24.42
168141 -64.6956 9.82 24.42
176844 -58.5876 9.82 24.42
173810 -65.0357 9.82 24.42
177572 -53.5767 9.82 24.42
176356 -61.5717 9.82 24.42
180276 -63.6185 9.82 24.42
180838 -56.8732 9.82 24.42
188462 -63.1266 9.82 24.42
180860 -61.1397 9.82 24.42
183097 -70.236 9.82 24.42
174604 -55.4692 9.82 24.42
177831 -57.4414 9.82 24.42
172957 -64.399 9.82 24.42
183683 -62.5175 9.82 24.42
175213 -54.7955 9.82 24.42
165646 -68.5683 9.82 24.42
182979 -65.3505 9.82 24.42
172818 -64.4467 9.82 24.42
171849 -59.5176 9.82 24.42
179537 -62.2631 9.82 24.42
183310 -59.8147 9.82 24.42
175315 -59.7629 9.82 24.42
174493 -67.665 9.82 24.42
136578 -58.069 16.63 -13.58
139479 -61.9024 16.63 -13.58
138423 -60.7182 16.63 -13.58
137087 -60.6171 16.63 -13.58
144957 -55.6334 16.63 -13.58
141372 -61.6138 16.63 -13.58
143090 -59.181 16.63 -13.58
142107 -61.9848 16.63 -13.58
148709 -58.76 16.63 -13.58
136132 -59.5338 16.63 -13.58
138579 -56.401 16.63 -13.58
147298 -58.4846 16.63 -13.58
134636 -60.173 16.63 -13.58
143711 -63.2857 16.63 -13.58
146727 -56.9586 16.63 -13.58
138392 -63.5338 16.63 -13.58
140495 -66.2743 16.63 -13.58
137689 -59.5406 16.63 -13.58
144631 -60.5723 16.63 -13.58
119434 -71.555 16.63 -13.58
134395 -73.0119 16.63 -13.58
139583 -60.1452 16.63 -13.58
138365 -60.9559 16.63 -13.58
140438 -63.1357 16.63 -13.58
139325 -56.0382 16.63 -13.58
144956 -59.1347 16.63 -13.58
145466 -60.6879 16.63 -13.58
136681 -63.6044 16.63 -13.58
136414 -58.173 16.63 -13.58
137797 -57.6683 16.63 -13.58
136371 -58.6126 16.63 -13.58
132796 -60.842 16.63 -13.58
140226 -59.987 16.63 -13.58
145744 -58.2671 16.63 -13.58
136668 -61.5369 16.63 -13.58
135172 -64.2219 16.63 -13.58
139894 -63.8044 16.63 -13.58
144100 -55.227 16.63 -13.58
142719 -59.8331 16.63 -13.58
208777 -61.0543 19.65 -25.31
209717 -58.9769 19.65 -25.31
209002 -60.8049 19.65 -25.31
213997 -60.1648 19.65 -25.31
204232 -58.7969 19.65 -25.31
208810 -56.319 19.65 -25.31
210818 -67.4302 19.65 -25.31
202140 -70.1819 19.65 -25.31
202287 -62.6381 19.65 -25.31
207775 -61.8876 19.65 -25.31
206400 -62.0699 19.65 -25.31
201056 -56.4987 19.65 -25.31
211037 -62.0393 19.65 -25.31
199957 -58.9301 19.65 -25.31
206675 -57.317 19.65 -25.31
201113 -62.9997 19.65 -25.31
205001 -59.1211 19.65 -25.31
209827 -62.7062 19.65 -25.31
214762 -60.1787 19.65 -25.31
183011 -70.6529 19.65 -25.31
210275 -56.6017 19.65 -25.31
205867 -59.7048 19.65 -25.31
205901 -58.0537 19.65 -25.31
201980 -58.6375 19.65 -25.31
206576 -62.9151 19.65 -25.31
206011 -72.9073 19.65 -25.31
205725 -70.8971 19.65 -25.31
208119 -61.9391 19.65 -25.31
203292 -62.8212 19.65 -25.31
214217 -59.1456 19.65 -25.31
202132 -63.3743 19.65 -25.31
211477 -63.981 19.65 -25.31
210383 -60.296 19.65 -25.31
209540 -62.0955 19.65 -25.31
206336 -61.3943 19.65 -25.31
201113 -61.7215 19.65 -25.31
208121 -57.7655 19.65 -25.31
201889 -56.9183 19.65 -25.31
187948 -70.7223 19.65 -25.31
72575 -48.5864 -8.6 -6.86
66005 -49.5254 -8.6 -6.86
71897 -58.5062 -8.6 -6.86
65891 -54.4517 -8.6 -6.86
67376 -54.4035 -8.6 -6.86
71712 -50.2685 -8.6 -6.86
72145 -52.2853 -8.6 -6.86
68033 -51.5945 -8.6 -6.86
68728 -51.927 -8.6 -6.86
73662 -52.9045 -8.6 -6.86
67050 -56.4425 -8.6 -6.86
71828 -55.9384 -8.6 -6.86
66369 -48.8064 -8.6 -6.86
66365 -54.6307 -8.6 -6.86
73247 -51.4459 -8.6 -6.86
71037 -57.2908 -8.6 -6.86
75796 -52.1852 -8.6 -6.86
71308 -50.5177 -8.6 -6.86
70510 -57.5077 -8.6 -6.86
76925 -53.8496 -8.6 -6.86
71245 -51.6835 -8.6 -6.86
70695 -52.3816 -8.6 -6.86
73204 -53.7951 -8.6 -6.86
69265 -53.4657 -8.6 -6.86
70766 -59.3008 -8.6 -6.86
73485 -49.0668 -8.6 -6.86
70728 -57.1746 -8.6 -6.86
73449 -54.7438 -8.6 -6.86
65516 -56.7246 -8.6 -6.86
63512 -56.4046 -8.6 -6.86
69998 -48.511 -8.6 -6.86
65797 -53.0019 -8.6 -6.86
72028 -46.031 -8.6 -6.86
72264 -50.7976 -8.6 -6.86
70990 -49.8227 -8.6 -6.86
67514 -62.1574 -8.6 -6.86
73445 -56.0525 -8.6 -6.86
68899 -58.2415 -8.6 -6.86
68480 -51.8253 -8.6 -6.86
114783 -58.6448 -6.8 -17.13
122587 -55.2627 -6.8 -17.13
116968 -60.2887 -6.8 -17.13
123848 -48.8798 -6.8 -17.13
116254 -61.1844 -6.8 -17.13
124236 -62.7167 -6.8 -17.13
121508 -60.3088 -6.8 -17.13
117743 -56.9465 -6.8 -17.13
116850 -58.9823 -6.8 -17.13
112673 -60.1073 -6.8 -17.13
121656 -59.109 -6.8 -17.13
121743 -56.9637 -6.8 -17.13
120498 -69.1962 -6.8 -17.13
114204 -62.6663 -6.8 -17.13
116882 -55.4334 -6.8 -17.13
120511 -72.811 -6.8 -17.13
116866 -66.6786 -6.8 -17.13
117912 -56.6618 -6.8 -17.13
124622 -61.6908 -6.8 -17.13
120381 -59.6421 -6.8 -17.13
123559 -57.4846 -6.8 -17.13
116867 -58.2428 -6.8 -17.13
119419 -56.607 -6.8 -17.13
114337 -57.4744 -6.8 -17.13
118775 -58.9433 -6.8 -17.13
125468 -61.8089 -6.8 -17.13
115360 -62.2813 -6.8 -17.13
122051 -58.4995 -6.8 -17.13
119601 -56.1527 -6.8 -17.13
118363 -65.7976 -6.8 -17.13
119823 -60.4206 -6.8 -17.13
120442 -59.2126 -6.8 -17.13
126573 -58.5502 -6.8 -17.13
114335 -54.7129 -6.8 -17.13
124184 -54.5559 -6.8 -17.13
120862 -56.8911 -6.8 -17.13
118443 -59.7238 -6.8 -17.13
126897 -58.5083 -6.8 -17.13
122260 -50.9499 -6.8 -17.13
107585 -54.5468 14.61 6.24
102610 -55.3131 14.61 6.24
104510 -59.4766 14.61 6.24
105705 -51.8294 14.61 6.24
99330 -57.9504 14.61 6.24
106747 -55.4817 14.61 6.24
105717 -58.4924 14.61 6.24
105952 -56.8944 14.61 6.24
106839 -57.3019 14.61 6.24
107932 -54.3688 14.61 6.24
109581 -54.1982 14.61 6.24
105844 -53.523 14.61 6.24
99542 -52.4586 14.61 6.24
100494 -52.5623 14.61 6.24
110553 -55.5082 14.61 6.24
104678 -60.8921 14.61 6.24
104214 -51 14.61 6.24
106622 -55.1049 14.61 6.24
107406 -59.5992 14.61 6.24
101039 -55.3991 14.61 6.24
103604 -64.9039 14.61 6.24
104039 -56.6204 14.61 6.24
105787 -57.2415 14.61 6.24
103422 -60.2797 14.61 6.24
101273 -61.0748 14.61 6.24
109047 -55.3234 14.61 6.24
93932 -70.4976 14.61 6.24
101515 -55.1057 14.61 6.24
104308 -53.9359 14.61 6.24
99442 -63.5102 14.61 6.24
108751 -58.0204 14.61 6.24
104952 -60.0421 14.61 6.24
108416 -58.1309 14.61 6.24
97751 -62.9904 14.61 6.24
102678 -59.5125 14.61 6.24
106373 -62.0791 14.61 6.24
104939 -53.4183 14.61 6.24
99106 -59.8353 14.61 6.24
103817 -55.6523 14.61 6.24
201480 -67.2305 -13.05 -29.76
214296 -59.6822 -13.05 -29.76
212336 -58.4746 -13.05 -29.76
214192 -66.193 -13.05 -29.76
210663 -66.0576 -13.05 -29.76
210833 -61.1773 -13.05 -29.76
200700 -62.3356 -13.05 -29.76
212669 -60.0191 -13.05 -29.76
223476 -75.9775 -13.05 -29.76
205233 -60.3237 -13.05 -29.76
217257 -64.5749 -13.05 -29.76
210412 -59.2857 -13.05 -29.76
213899 -66.5157 -13.05 -29.76
212721 -67.3333 -13.05 -29.76
218018 -59.265 -13.05 -29.76
206275 -63.3238 -13.05 -29.76
217807 -66.0074 -13.05 -29.76
219314 -61.4131 -13.05 -29.76
231287 -67.9079 -13.05 -29.76
213454 -61.1685 -13.05 -29.76
216405 -72.5408 -13.05 -29.76
213147 -67.1683 -13.05 -29.76
213217 -65.62 -13.05 -29.76
223429 -68.6173 -13.05 -29.76
214198 -68.2299 -13.05 -29.76
216107 -65.2246 -13.05 -29.76
206346 -63.1555 -13.05 -29.76
212132 -63.6784 -13.05 -29.76
209166 -57.4807 -13.05 -29.76
210774 -58.9442 -13.05 -29.76
215345 -65.3006 -13.05 -29.76
219180 -66.3079 -13.05 -29.76
219697 -69.0617 -13.05 -29.76
178090 -79.2724 -13.05 -29.76
213627 -58.454 -13.05 -29.76
213507 -60.1901 -13.05 -29.76
221089 -66.3626 -13.05 -29.76
215259 -64.2699 -13.05 -29.76
220222 -58.9591 -13.05 -29.76
221439 -66.6687 -12.36 -28.79
211838 -58.8473 -12.36 -28.79
211106 -65.7431 -12.36 -28.79
224513 -65.6552 -12.36 -28.79
213744 -59.5226 -12.36 -28.79
214322 -61.9012 -12.36 -28.79
216966 -58.7434 -12.36 -28.79
215585 -54.943 -12.36 -28.79
217703 -58.8205 -12.36 -28.79
219997 -59.7031 -12.36 -28.79
214787 -59.7041 -12.36 -28.79
208492 -70.7706 -12.36 -28.79
207327 -61.6531 -12.36 -28.79
211786 -60.536 -12.36 -28.79
216132 -61.4524 -12.36 -28.79
211112 -57.8782 -12.36 -28.79
209411 -61.4484 -12.36 -28.79
204823 -62.4011 -12.36 -28.79
213707 -64.4437 -12.36 -28.79
214089 -56.2432 -12.36 -28.79
201851 -65.94 -12.36 -28.79
212996 -63.3984 -12.36 -28.79
210089 -66.8402 -12.36 -28.79
210614 -58.9075 -12.36 -28.79
211321 -64.8826 -12.36 -28.79
213423 -60.5809 -12.36 -28.79
215811 -61.5243 -12.36 -28.79
205032 -61.5922 -12.36 -28.79
217422 -64.0305 -12.36 -28.79
207469 -65.2707 -12.36 -28.79
233123 -72.2107 -12.36 -28.79
211529 -59.796 -12.36 -28.79
212391 -61.2022 -12.36 -28.79
208785 -69.2785 -12.36 -28.79
215546 -57.7574 -12.36 -28.79
210600 -58.1439 -12.36 -28.79
211684 -67.0529 -12.36 -28.79
204973 -67.7402 -12.36 -28.79
213977 -61.8396 -12.36 -28.79
