#rtt sig_str x y
155548 -60.8307 7.22 24.01
156536 -61.8814 7.22 24.01
160548 -56.4138 7.22 24.01
158075 -55.9289 7.22 24.01
159469 -60.0888 7.22 24.01
158682 -57.0944 7.22 24.01
157548 -60.7845 7.22 24.01
156346 -60.1333 7.22 24.01
162814 -62.247 7.22 24.01
169253 -62.1971 7.22 24.01
154962 -60.3115 7.22 24.01
162911 -58.4694 7.22 24.01
165659 -59.6375 7.22 24.01
157271 -62.5194 7.22 24.01
166446 -67.5991 7.22 24.01
162080 -60.7717 7.22 24.01
160201 -65.0318 7.22 24.01
149963 -64.5325 7.22 24.01
164737 -58.0636 7.22 24.01
151086 -57.0883 7.22 24.01
157983 -59.3316 7.22 24.01
153523 -75.1739 7.22 24.01
159357 -63.467 7.22 24.01
154499 -67.7276 7.22 24.01
154479 -62.2523 7.22 24.01
148334 -61.6054 7.22 24.01
159441 -58.7027 7.22 24.01
159414 -58.5486 7.22 24.01
161091 -55.944 7.22 24.01
160308 -53.1318 7.22 24.01
162497 -61.497 7.22 24.01
153956 -59.0695 7.22 24.01
151183 -73.2602 7.22 24.01
168344 -59.9349 7.22 24.01
157801 -55.5535 7.22 24.01
140298 -78.8816 7.22 24.01
160709 -59.648 7.22 24.01
161778 -58.0995 7.22 24.01
167751 -63.5543 7.22 24.01
9773 -37.527 0.54 1.93
3888 -35.8338 0.54 1.93
8561 -39.9076 0.54 1.93
5070 -37.9129 0.54 1.93
10582 -33.4832 0.54 1.93
6073 -38.1113 0.54 1.93
4020 -38.6743 0.54 1.93
7392 -45.7249 0.54 1.93
3188 -41.3209 0.54 1.93
6020 -38.6894 0.54 1.93
8232 -37.9586 0.54 1.93
7186 -41.2462 0.54 1.93
6566 -46.761 0.54 1.93
6729 -40.872 0.54 1.93
10021 -40.1161 0.54 1.93
10641 -37.2475 0.54 1.93
7634 -38.5051 0.54 1.93
10729 -39.662 0.54 1.93
10233 -35.8466 0.54 1.93
10249 -38.6632 0.54 1.93
9003 -35.1654 0.54 1.93
11603 -44.0756 0.54 1.93
11297 -40.4632 0.54 1.93
16088 -38.5219 0.54 1.93
9199 -39.3176 0.54 1.93
9914 -40.7956 0.54 1.93
9236 -34.8773 0.54 1.93
7610 -41.71 0.54 1.93
9391 -35.755 0.54 1.93
16696 -38.5965 0.54 1.93
9932 -38.1677 0.54 1.93
5776 -39.5379 0.54 1.93
6943 -36.9121 0.54 1.93
7955 -43.9221 0.54 1.93
13720 -38.3933 0.54 1.93
5147 -42.1316 0.54 1.93
12086 -41.3369 0.54 1.93
9985 -38.9065 0.54 1.93
2068 -37.6509 0.54 1.93
187204 -63.9198 -12.11 -27.09
190218 -57.3044 -12.11 -27.09
184199 -57.2092 -12.11 -27.09
133081 -76.1421 -12.11 -27.09
103385 -81.5763 -12.11 -27.09
184067 -60.1479 -12.11 -27.09
183609 -66.2252 -12.11 -27.09
195817 -61.8632 -12.11 -27.09
182326 -67.6412 -12.11 -27.09
184261 -59.7762 -12.11 -27.09
192044 -63.3139 -12.11 -27.09
185903 -59.9595 -12.11 -27.09
182120 -59.437 -12.11 -27.09
189963 -62.1456 -12.11 -27.09
195767 -67.0791 -12.11 -27.09
195929 -67.5029 -12.11 -27.09
178751 -65.6851 -12.11 -27.09
184417 -59.577 -12.11 -27.09
182937 -66.0252 -12.11 -27.09
188668 -54.5662 -12.11 -27.09
194176 -62.5611 -12.11 -27.09
191858 -64.608 -12.11 -27.09
189926 -57.8627 -12.11 -27.09
184709 -64.116 -12.11 -27.09
179468 -62.1291 -12.11 -27.09
181553 -71.2254 -12.11 -27.09
183438 -56.4586 -12.11 -27.09
191752 -58.4309 -12.11 -27.09
185880 -65.3885 -12.11 -27.09
190285 -63.5069 -12.11 -27.09
195437 -55.7849 -12.11 -27.09
190230 -69.5577 -12.11 -27.09
193391 -66.3399 -12.11 -27.09
187462 -65.4361 -12.11 -27.09
192440 -60.507 -12.11 -27.09
187428 -63.2525 -12.11 -27.09
183824 -60.8041 -12.11 -27.09
183528 -60.7523 -12.11 -27.09
180747 -68.6544 -12.11 -27.09
108462 -56.3545 9.23 14.8
118520 -60.188 9.23 14.8
114912 -59.0037 9.23 14.8
113254 -58.9026 9.23 14.8
113516 -53.919 9.23 14.8
111964 -59.8993 9.23 14.8
120683 -57.4666 9.23 14.8
111594 -60.2703 9.23 14.8
110780 -57.0455 9.23 14.8
114323 -57.8193 9.23 14.8
121459 -54.6865 9.23 14.8
115196 -56.7701 9.23 14.8
112867 -58.4586 9.23 14.8
116544 -61.5713 9.23 14.8
113218 -55.2442 9.23 14.8
120677 -61.8193 9.23 14.8
120212 -64.5599 9.23 14.8
111115 -57.8261 9.23 14.8
115839 -58.8579 9.23 14.8
123083 -69.8406 9.23 14.8
118582 -71.2974 9.23 14.8
120093 -58.4307 9.23 14.8
112892 -59.2414 9.23 14.8
113923 -61.4213 9.23 14.8
115732 -54.3238 9.23 14.8
116715 -57.4202 9.23 14.8
117339 -58.9734 9.23 14.8
119884 -61.8899 9.23 14.8
117251 -56.4585 9.23 14.8
122052 -55.9538 9.23 14.8
115860 -56.8982 9.23 14.8
111547 -59.1275 9.23 14.8
118564 -58.2725 9.23 14.8
114489 -56.5526 9.23 14.8
113121 -59.8225 9.23 14.8
115488 -62.5074 9.23 14.8
118320 -62.09 9.23 14.8
116419 -53.5125 9.23 14.8
116265 -58.1186 9.23 14.8
108833 -55.2148 -13.59 8.04
99972 -53.1375 -13.59 8.04
110700 -54.9655 -13.59 8.04
100099 -54.3254 -13.59 8.04
108274 -52.9575 -13.59 8.04
118169 -50.4796 -13.59 8.04
106010 -61.5907 -13.59 8.04
105708 -64.3425 -13.59 8.04
108813 -56.7987 -13.59 8.04
104431 -56.0482 -13.59 8.04
103058 -56.2304 -13.59 8.04
117115 -50.6592 -13.59 8.04
107194 -56.1999 -13.59 8.04
98753 -53.0907 -13.59 8.04
101602 -51.4776 -13.59 8.04
104348 -57.1603 -13.59 8.04
102914 -53.2817 -13.59 8.04
108662 -56.8667 -13.59 8.04
115156 -54.3393 -13.59 8.04
99519 -64.8134 -13.59 8.04
112697 -50.7623 -13.59 8.04
111349 -53.8653 -13.59 8.04
109043 -52.2142 -13.59 8.04
112580 -52.798 -13.59 8.04
106371 -57.0757 -13.59 8.04
110922 -67.0678 -13.59 8.04
98245 -65.0576 -13.59 8.04
109336 -56.0997 -13.59 8.04
110628 -56.9818 -13.59 8.04
107386 -53.3061 -13.59 8.04
114054 -57.5349 -13.59 8.04
106320 -58.1416 -13.59 8.04
106156 -54.4566 -13.59 8.04
108032 -56.256 -13.59 8.04
105825 -55.5549 -13.59 8.04
107746 -55.8821 -13.59 8.04
105445 -51.926 -13.59 8.04
101806 -51.0789 -13.59 8.04
102800 -64.8829 -13.59 8.04
77560 -49.0968 1.39 11.62
80395 -50.0358 1.39 11.62
81993 -59.0166 1.39 11.62
74836 -54.9621 1.39 11.62
77327 -54.9139 1.39 11.62
71001 -50.7789 1.39 11.62
72065 -52.7957 1.39 11.62
77463 -52.1049 1.39 11.62
76995 -52.4374 1.39 11.62
82275 -53.4149 1.39 11.62
76635 -56.9529 1.39 11.62
77095 -56.4489 1.39 11.62
77412 -49.3169 1.39 11.62
73365 -55.1412 1.39 11.62
73317 -51.9563 1.39 11.62
77921 -57.8012 1.39 11.62
70785 -52.6956 1.39 11.62
80872 -51.0281 1.39 11.62
85070 -58.0181 1.39 11.62
72376 -54.36 1.39 11.62
80648 -52.1939 1.39 11.62
77116 -52.892 1.39 11.62
73655 -54.3055 1.39 11.62
78277 -53.9761 1.39 11.62
83655 -59.8112 1.39 11.62
84162 -49.5772 1.39 11.62
79064 -57.685 1.39 11.62
76386 -55.2542 1.39 11.62
74961 -57.235 1.39 11.62
77308 -56.915 1.39 11.62
72136 -49.0214 1.39 11.62
79958 -53.5123 1.39 11.62
75485 -46.5414 1.39 11.62
81472 -51.308 1.39 11.62
80313 -50.3331 1.39 11.62
79972 -62.6678 1.39 11.62
77890 -56.5629 1.39 11.62
68583 -58.7519 1.39 11.62
79772 -52.3357 1.39 11.62
70013 -54.5955 -7.61 -8.33
69862 -51.2135 -7.61 -8.33
70921 -56.2395 -7.61 -8.33
74530 -44.8305 -7.61 -8.33
70861 -57.1352 -7.61 -8.33
70874 -58.6675 -7.61 -8.33
71136 -56.2596 -7.61 -8.33
73645 -52.8973 -7.61 -8.33
68548 -54.9331 -7.61 -8.33
71945 -56.0581 -7.61 -8.33
77538 -55.0598 -7.61 -8.33
79005 -52.9145 -7.61 -8.33
68473 -65.147 -7.61 -8.33
75907 -58.6171 -7.61 -8.33
76305 -51.3841 -7.61 -8.33
64708 -68.7618 -7.61 -8.33
71149 -62.6294 -7.61 -8.33
76570 -52.6126 -7.61 -8.33
70753 -57.6416 -7.61 -8.33
73742 -55.5928 -7.61 -8.33
73500 -53.4354 -7.61 -8.33
79435 -54.1936 -7.61 -8.33
79103 -52.5578 -7.61 -8.33
68281 -53.4252 -7.61 -8.33
67464 -54.894 -7.61 -8.33
77309 -57.7597 -7.61 -8.33
71263 -58.232 -7.61 -8.33
70363 -54.4503 -7.61 -8.33
78766 -52.1035 -7.61 -8.33
74360 -61.7484 -7.61 -8.33
73368 -56.3714 -7.61 -8.33
75413 -55.1634 -7.61 -8.33
78252 -54.501 -7.61 -8.33
75257 -50.6637 -7.61 -8.33
73737 -50.5067 -7.61 -8.33
77018 -52.8419 -7.61 -8.33
76496 -55.6746 -7.61 -8.33
81847 -54.4591 -7.61 -8.33
73070 -46.9007 -7.61 -8.33
134053 -56.9322 -7.84 19.71
135601 -57.6985 -7.84 19.71
135432 -61.862 -7.84 19.71
145492 -54.2148 -7.84 19.71
138391 -60.3358 -7.84 19.71
136954 -57.8671 -7.84 19.71
130298 -60.8778 -7.84 19.71
134769 -59.2797 -7.84 19.71
131860 -59.6873 -7.84 19.71
135305 -56.7542 -7.84 19.71
133792 -56.5835 -7.84 19.71
128722 -55.9084 -7.84 19.71
139113 -54.844 -7.84 19.71
139292 -54.9477 -7.84 19.71
137563 -57.8936 -7.84 19.71
130698 -63.2775 -7.84 19.71
143235 -53.3854 -7.84 19.71
144107 -57.4902 -7.84 19.71
145868 -61.9846 -7.84 19.71
141814 -57.7845 -7.84 19.71
137994 -67.2893 -7.84 19.71
137662 -59.0058 -7.84 19.71
136628 -59.6269 -7.84 19.71
135237 -62.665 -7.84 19.71
146151 -63.4602 -7.84 19.71
139264 -57.7088 -7.84 19.71
133368 -72.883 -7.84 19.71
141734 -57.491 -7.84 19.71
139884 -56.3213 -7.84 19.71
134848 -65.8956 -7.84 19.71
137917 -60.4058 -7.84 19.71
138214 -62.4275 -7.84 19.71
134044 -60.5162 -7.84 19.71
141250 -65.3758 -7.84 19.71
145410 -61.8979 -7.84 19.71
148253 -64.4645 -7.84 19.71
140682 -55.8037 -7.84 19.71
138954 -62.2207 -7.84 19.71
148103 -58.0377 -7.84 19.71
202859 -66.7995 14.08 27.44
203111 -59.2511 14.08 27.44
201351 -58.0436 14.08 27.44
193525 -65.7619 14.08 27.44
198041 -65.6265 14.08 27.44
207077 -60.7463 14.08 27.44
207027 -61.9045 14.08 27.44
205526 -59.5881 14.08 27.44
180224 -75.5465 14.08 27.44
204119 -59.8927 14.08 27.44
193909 -64.1438 14.08 27.44
198281 -58.8546 14.08 27.44
202380 -66.0847 14.08 27.44
197397 -66.9022 14.08 27.44
201889 -58.8339 14.08 27.44
211441 -62.8927 14.08 27.44
210054 -65.5763 14.08 27.44
209610 -60.982 14.08 27.44
200233 -67.4768 14.08 27.44
206844 -60.7374 14.08 27.44
203026 -72.1098 14.08 27.44
215440 -66.7372 14.08 27.44
197484 -65.1889 14.08 27.44
207891 -68.1863 14.08 27.44
201587 -67.7988 14.08 27.44
197508 -64.7935 14.08 27.44
212752 -62.7244 14.08 27.44
209005 -63.2474 14.08 27.44
200662 -57.0497 14.08 27.44
205259 -58.5131 14.08 27.44
206712 -64.8696 14.08 27.44
205542 -65.8769 14.08 27.44
203972 -68.6306 14.08 27.44
193950 -78.8414 14.08 27.44
203120 -58.023 14.08 27.44
202371 -59.7591 14.08 27.44
209882 -65.9315 14.08 27.44
207316 -63.8388 14.08 27.44
205114 -58.528 14.08 27.44
138377 -63.4023 8.92 -19.11
134634 -55.5809 8.92 -19.11
128962 -62.4767 8.92 -19.11
124509 -62.3888 8.92 -19.11
135530 -56.2562 8.92 -19.11
141846 -58.6349 8.92 -19.11
122860 -79.3434 8.92 -19.11
135052 -63.5404 8.92 -19.11
136876 -58.7247 8.92 -19.11
128819 -64.1969 8.92 -19.11
132836 -56.29 8.92 -19.11
132379 -58.4596 8.92 -19.11
138980 -58.3406 8.92 -19.11
138072 -53.364 8.92 -19.11
132361 -57.6818 8.92 -19.11
129334 -60.2188 8.92 -19.11
136056 -59.1462 8.92 -19.11
133646 -60.489 8.92 -19.11
133472 -67.702 8.92 -19.11
132378 -58.8806 8.92 -19.11
140032 -57.7663 8.92 -19.11
139465 -67.2255 8.92 -19.11
130089 -57.0478 8.92 -19.11
141317 -53.9873 8.92 -19.11
135514 -62.005 8.92 -19.11
129978 -60.0734 8.92 -19.11
129101 -53.0808 8.92 -19.11
136028 -54.4968 8.92 -19.11
131849 -53.5964 8.92 -19.11
130166 -55.776 8.92 -19.11
131242 -59.6659 8.92 -19.11
134289 -61.4534 8.92 -19.11
137314 -53.8055 8.92 -19.11
137458 -60.9697 8.92 -19.11
136606 -60.7233 8.92 -19.11
131723 -56.3625 8.92 -19.11
139112 -59.5253 8.92 -19.11
131328 -56.2468 8.92 -19.11
138580 -62.6401 8.92 -19.11
