#rtt sig_str x y
219999 -63.4783 -17.85 29.59
227809 -64.529 -17.85 29.59
226178 -59.0614 -17.85 29.59
227471 -58.5765 -17.85 29.59
222420 -62.7364 -17.85 29.59
219335 -59.742 -17.85 29.59
227478 -63.432 -17.85 29.59
222085 -62.7809 -17.85 29.59
218424 -64.8946 -17.85 29.59
230076 -64.8446 -17.85 29.59
223958 -62.9591 -17.85 29.59
220944 -61.117 -17.85 29.59
221806 -62.2851 -17.85 29.59
214540 -65.167 -17.85 29.59
214789 -70.2467 -17.85 29.59
227451 -63.4193 -17.85 29.59
225695 -67.6794 -17.85 29.59
218004 -67.1801 -17.85 29.59
233200 -60.7112 -17.85 29.59
220573 -59.7359 -17.85 29.59
229164 -61.9791 -17.85 29.59
254879 -77.8215 -17.85 29.59
240261 -66.1146 -17.85 29.59
230530 -70.3752 -17.85 29.59
229767 -64.8999 -17.85 29.59
217801 -64.253 -17.85 29.59
222385 -61.3503 -17.85 29.59
230654 -61.1962 -17.85 29.59
229202 -58.5916 -17.85 29.59
229051 -55.7794 -17.85 29.59
228427 -64.1446 -17.85 29.59
232705 -61.717 -17.85 29.59
208131 -75.9078 -17.85 29.59
220498 -62.5825 -17.85 29.59
221416 -58.2011 -17.85 29.59
177742 -81.5292 -17.85 29.59
226621 -62.2956 -17.85 29.59
230502 -60.7471 -17.85 29.59
224958 -66.2018 -17.85 29.59
201705 -59.9426 -17.58 24.7
197397 -58.2494 -17.58 24.7
203669 -62.3232 -17.58 24.7
194407 -60.3285 -17.58 24.7
196118 -55.8988 -17.58 24.7
207970 -60.5269 -17.58 24.7
204153 -61.0899 -17.58 24.7
196038 -68.1405 -17.58 24.7
207453 -63.7365 -17.58 24.7
205267 -61.105 -17.58 24.7
206944 -60.3742 -17.58 24.7
205511 -63.6618 -17.58 24.7
202126 -69.1767 -17.58 24.7
199628 -63.2876 -17.58 24.7
202438 -62.5317 -17.58 24.7
204770 -59.6631 -17.58 24.7
208010 -60.9207 -17.58 24.7
201584 -62.0776 -17.58 24.7
207217 -58.2622 -17.58 24.7
205225 -61.0788 -17.58 24.7
202342 -57.581 -17.58 24.7
198936 -66.4912 -17.58 24.7
202085 -62.8788 -17.58 24.7
205568 -60.9375 -17.58 24.7
199951 -61.7332 -17.58 24.7
207099 -63.2112 -17.58 24.7
208116 -57.2929 -17.58 24.7
205522 -64.1256 -17.58 24.7
202130 -58.1706 -17.58 24.7
206599 -61.0121 -17.58 24.7
196079 -60.5833 -17.58 24.7
191603 -61.9535 -17.58 24.7
208928 -59.3277 -17.58 24.7
209013 -66.3377 -17.58 24.7
202501 -60.8089 -17.58 24.7
203679 -64.5472 -17.58 24.7
204105 -63.7525 -17.58 24.7
201912 -61.3221 -17.58 24.7
204931 -60.0665 -17.58 24.7
212571 -64.3396 -20.85 -23.24
210618 -57.7241 -20.85 -23.24
208499 -57.6289 -20.85 -23.24
140591 -76.5619 -20.85 -23.24
111000 -81.996 -20.85 -23.24
197511 -60.5677 -20.85 -23.24
210339 -66.645 -20.85 -23.24
206172 -62.283 -20.85 -23.24
207287 -68.0609 -20.85 -23.24
203570 -60.1959 -20.85 -23.24
202792 -63.7336 -20.85 -23.24
201393 -60.3793 -20.85 -23.24
204803 -59.8567 -20.85 -23.24
208204 -62.5653 -20.85 -23.24
214052 -67.4989 -20.85 -23.24
215015 -67.9227 -20.85 -23.24
203180 -66.1048 -20.85 -23.24
203448 -59.9967 -20.85 -23.24
203371 -66.4449 -20.85 -23.24
208988 -54.9859 -20.85 -23.24
199740 -62.9809 -20.85 -23.24
206136 -65.0277 -20.85 -23.24
205257 -58.2824 -20.85 -23.24
196792 -64.5358 -20.85 -23.24
210573 -62.5489 -20.85 -23.24
185716 -71.6452 -20.85 -23.24
208373 -56.8784 -20.85 -23.24
207963 -58.8506 -20.85 -23.24
208955 -65.8082 -20.85 -23.24
208312 -63.9267 -20.85 -23.24
205894 -56.2047 -20.85 -23.24
190864 -69.9775 -20.85 -23.24
207395 -66.7597 -20.85 -23.24
202846 -65.8559 -20.85 -23.24
203837 -60.9268 -20.85 -23.24
197926 -63.6723 -20.85 -23.24
207197 -61.2239 -20.85 -23.24
207875 -61.172 -20.85 -23.24
207044 -69.0742 -20.85 -23.24
138316 -57.6937 15.28 13.69
126979 -61.5271 15.28 13.69
135583 -60.3429 15.28 13.69
140734 -60.2418 15.28 13.69
136084 -55.2582 15.28 13.69
140919 -61.2385 15.28 13.69
135246 -58.8057 15.28 13.69
138681 -61.6095 15.28 13.69
130787 -58.3847 15.28 13.69
128488 -59.1585 15.28 13.69
136892 -56.0257 15.28 13.69
136634 -58.1093 15.28 13.69
133926 -59.7978 15.28 13.69
136438 -62.9105 15.28 13.69
134314 -56.5833 15.28 13.69
130881 -63.1585 15.28 13.69
138654 -65.899 15.28 13.69
133573 -59.1653 15.28 13.69
138400 -60.1971 15.28 13.69
130339 -71.1797 15.28 13.69
149855 -72.6366 15.28 13.69
126222 -59.7699 15.28 13.69
131940 -60.5806 15.28 13.69
129510 -62.7604 15.28 13.69
132045 -55.6629 15.28 13.69
136361 -58.7594 15.28 13.69
124277 -60.3126 15.28 13.69
129867 -63.2291 15.28 13.69
137970 -57.7977 15.28 13.69
139758 -57.293 15.28 13.69
139003 -58.2373 15.28 13.69
138814 -60.4667 15.28 13.69
145034 -59.6117 15.28 13.69
135580 -57.8918 15.28 13.69
135155 -61.1617 15.28 13.69
137399 -63.8466 15.28 13.69
133626 -63.4292 15.28 13.69
129392 -54.8517 15.28 13.69
140052 -59.4578 15.28 13.69
155871 -58.531 -16.36 17.01
158843 -56.4537 -16.36 17.01
155946 -58.2817 -16.36 17.01
158667 -57.6416 -16.36 17.01
155499 -56.2737 -16.36 17.01
160949 -53.7958 -16.36 17.01
161254 -64.9069 -16.36 17.01
162932 -67.6587 -16.36 17.01
156584 -60.1148 -16.36 17.01
157006 -59.3644 -16.36 17.01
165035 -59.5466 -16.36 17.01
154897 -53.9754 -16.36 17.01
155235 -59.5161 -16.36 17.01
157851 -56.4068 -16.36 17.01
154736 -54.7937 -16.36 17.01
154544 -60.4765 -16.36 17.01
155582 -56.5979 -16.36 17.01
165030 -60.1829 -16.36 17.01
158195 -57.6555 -16.36 17.01
149065 -68.1296 -16.36 17.01
159730 -54.0785 -16.36 17.01
161631 -57.1815 -16.36 17.01
164098 -55.5304 -16.36 17.01
160318 -56.1142 -16.36 17.01
153976 -60.3919 -16.36 17.01
151001 -70.384 -16.36 17.01
152593 -68.3738 -16.36 17.01
157534 -59.4158 -16.36 17.01
160930 -60.2979 -16.36 17.01
156719 -56.6223 -16.36 17.01
155509 -60.8511 -16.36 17.01
156242 -61.4578 -16.36 17.01
154116 -57.7728 -16.36 17.01
163500 -59.5722 -16.36 17.01
161663 -58.8711 -16.36 17.01
155524 -59.1983 -16.36 17.01
156341 -55.2422 -16.36 17.01
164612 -54.3951 -16.36 17.01
149219 -68.1991 -16.36 17.01
71844 -48.5835 9.85 -4.89
69087 -49.5225 9.85 -4.89
72004 -58.5033 9.85 -4.89
70779 -54.4488 9.85 -4.89
66122 -54.4006 9.85 -4.89
64863 -50.2656 9.85 -4.89
67835 -52.2824 9.85 -4.89
63506 -51.5916 9.85 -4.89
66142 -51.9241 9.85 -4.89
62233 -52.9016 9.85 -4.89
67435 -56.4396 9.85 -4.89
66960 -55.9356 9.85 -4.89
66150 -48.8035 9.85 -4.89
72076 -54.6278 9.85 -4.89
61927 -51.443 9.85 -4.89
72432 -57.2879 9.85 -4.89
63657 -52.1823 9.85 -4.89
74903 -50.5148 9.85 -4.89
59024 -57.5048 9.85 -4.89
65007 -53.8467 9.85 -4.89
73312 -51.6806 9.85 -4.89
66117 -52.3787 9.85 -4.89
68726 -53.7922 9.85 -4.89
71643 -53.4628 9.85 -4.89
70687 -59.2979 9.85 -4.89
68686 -49.0639 9.85 -4.89
72207 -57.1717 9.85 -4.89
71108 -54.7409 9.85 -4.89
69450 -56.7217 9.85 -4.89
66866 -56.4017 9.85 -4.89
68515 -48.5081 9.85 -4.89
67114 -52.999 9.85 -4.89
65373 -46.0281 9.85 -4.89
66577 -50.7947 9.85 -4.89
55408 -49.8198 9.85 -4.89
59754 -62.1545 9.85 -4.89
61368 -56.0496 9.85 -4.89
69390 -58.2386 9.85 -4.89
68260 -51.8224 9.85 -4.89
107863 -57.1972 5.35 14.51
106590 -53.8152 5.35 14.51
103288 -58.8412 5.35 14.51
99192 -47.4322 5.35 14.51
99721 -59.7369 5.35 14.51
106022 -61.2691 5.35 14.51
101205 -58.8612 5.35 14.51
107037 -55.499 5.35 14.51
100586 -57.5348 5.35 14.51
107441 -58.6597 5.35 14.51
102987 -57.6615 5.35 14.51
111306 -55.5162 5.35 14.51
103363 -67.7487 5.35 14.51
103268 -61.2188 5.35 14.51
110173 -53.9858 5.35 14.51
115816 -71.3634 5.35 14.51
98337 -65.2311 5.35 14.51
102809 -55.2142 5.35 14.51
96371 -60.2432 5.35 14.51
98919 -58.1945 5.35 14.51
110061 -56.0371 5.35 14.51
103784 -56.7952 5.35 14.51
106668 -55.1595 5.35 14.51
105384 -56.0269 5.35 14.51
110512 -57.4957 5.35 14.51
101815 -60.3614 5.35 14.51
100209 -60.8337 5.35 14.51
106201 -57.0519 5.35 14.51
107043 -54.7052 5.35 14.51
111113 -64.3501 5.35 14.51
104285 -58.9731 5.35 14.51
96658 -57.7651 5.35 14.51
109015 -57.1027 5.35 14.51
109227 -53.2654 5.35 14.51
101164 -53.1084 5.35 14.51
105807 -55.4436 5.35 14.51
107274 -58.2763 5.35 14.51
103781 -57.0607 5.35 14.51
105820 -49.5024 5.35 14.51
195213 -59.7626 -4.7 29.52
195489 -60.5289 -4.7 29.52
192024 -64.6924 -4.7 29.52
198037 -57.0453 -4.7 29.52
203572 -63.1662 -4.7 29.52
195120 -60.6975 -4.7 29.52
197392 -63.7082 -4.7 29.52
202023 -62.1102 -4.7 29.52
192404 -62.5177 -4.7 29.52
201882 -59.5846 -4.7 29.52
195347 -59.414 -4.7 29.52
198637 -58.7388 -4.7 29.52
203254 -57.6744 -4.7 29.52
188440 -57.7781 -4.7 29.52
197102 -60.724 -4.7 29.52
207448 -66.1079 -4.7 29.52
191228 -56.2158 -4.7 29.52
201416 -60.3207 -4.7 29.52
199396 -64.815 -4.7 29.52
199364 -60.615 -4.7 29.52
200773 -70.1197 -4.7 29.52
206022 -61.8363 -4.7 29.52
203971 -62.4574 -4.7 29.52
203052 -65.4955 -4.7 29.52
189381 -66.2907 -4.7 29.52
192705 -60.5392 -4.7 29.52
149121 -75.7134 -4.7 29.52
206858 -60.3215 -4.7 29.52
194915 -59.1517 -4.7 29.52
185381 -68.726 -4.7 29.52
196516 -63.2363 -4.7 29.52
192371 -65.2579 -4.7 29.52
190287 -63.3467 -4.7 29.52
203662 -68.2062 -4.7 29.52
205709 -64.7284 -4.7 29.52
191396 -67.2949 -4.7 29.52
204133 -58.6341 -4.7 29.52
197734 -65.0511 -4.7 29.52
202710 -60.8681 -4.7 29.52
172123 -65.5603 21.37 15.74
167243 -58.012 21.37 15.74
164575 -56.8044 21.37 15.74
160630 -64.5228 21.37 15.74
158406 -64.3874 21.37 15.74
163639 -59.5071 21.37 15.74
170488 -60.6654 21.37 15.74
166475 -58.3489 21.37 15.74
161184 -74.3073 21.37 15.74
169166 -58.6535 21.37 15.74
161641 -62.9046 21.37 15.74
168378 -57.6154 21.37 15.74
157618 -64.8455 21.37 15.74
163901 -65.663 21.37 15.74
162648 -57.5948 21.37 15.74
168289 -61.6536 21.37 15.74
169444 -64.3371 21.37 15.74
160828 -59.7428 21.37 15.74
168456 -66.2377 21.37 15.74
167633 -59.4982 21.37 15.74
138554 -70.8706 21.37 15.74
169081 -65.4981 21.37 15.74
155290 -63.9497 21.37 15.74
169465 -66.9471 21.37 15.74
157670 -66.5596 21.37 15.74
168217 -63.5544 21.37 15.74
166460 -61.4853 21.37 15.74
167838 -62.0082 21.37 15.74
169334 -55.8105 21.37 15.74
169107 -57.2739 21.37 15.74
172811 -63.6304 21.37 15.74
161009 -64.6377 21.37 15.74
170247 -67.3914 21.37 15.74
141553 -77.6022 21.37 15.74
167494 -56.7838 21.37 15.74
170781 -58.5199 21.37 15.74
159469 -64.6924 21.37 15.74
166026 -62.5997 21.37 15.74
168949 -57.2889 21.37 15.74
98303 -60.904 -0.79 -15.56
98941 -53.0826 -0.79 -15.56
99392 -59.9783 -0.79 -15.56
100303 -59.8905 -0.79 -15.56
99096 -53.7579 -0.79 -15.56
103999 -56.1365 -0.79 -15.56
46526 -76.845 -0.79 -15.56
98282 -61.042 -0.79 -15.56
99463 -56.2263 -0.79 -15.56
108192 -61.6986 -0.79 -15.56
103592 -53.7916 -0.79 -15.56
96976 -55.9613 -0.79 -15.56
93671 -55.8422 -0.79 -15.56
101182 -50.8656 -0.79 -15.56
95565 -55.1835 -0.79 -15.56
104739 -57.7204 -0.79 -15.56
92137 -56.6479 -0.79 -15.56
104892 -57.9907 -0.79 -15.56
89799 -65.2036 -0.79 -15.56
97643 -56.3823 -0.79 -15.56
101722 -55.268 -0.79 -15.56
109196 -64.7272 -0.79 -15.56
98868 -54.5494 -0.79 -15.56
99506 -51.4889 -0.79 -15.56
106126 -59.5067 -0.79 -15.56
98906 -57.5751 -0.79 -15.56
99964 -50.5824 -0.79 -15.56
104568 -51.9984 -0.79 -15.56
99883 -51.098 -0.79 -15.56
97319 -53.2776 -0.79 -15.56
101858 -57.1675 -0.79 -15.56
100100 -58.955 -0.79 -15.56
101735 -51.3072 -0.79 -15.56
91492 -58.4713 -0.79 -15.56
96520 -58.2249 -0.79 -15.56
109259 -53.8641 -0.79 -15.56
99803 -57.0269 -0.79 -15.56
104834 -53.7484 -0.79 -15.56
90883 -60.1417 -0.79 -15.56
