#rtt sig_str x y
177754 -61.231 9.38 24.59
179462 -62.2817 9.38 24.59
178851 -56.8141 9.38 24.59
178967 -56.3292 9.38 24.59
180980 -60.4891 9.38 24.59
181893 -57.4947 9.38 24.59
183079 -61.1847 9.38 24.59
175455 -60.5336 9.38 24.59
178626 -62.6473 9.38 24.59
182897 -62.5973 9.38 24.59
175229 -60.7118 9.38 24.59
180476 -58.8697 9.38 24.59
179649 -60.0378 9.38 24.59
191549 -62.9197 9.38 24.59
185735 -67.9994 9.38 24.59
176561 -61.172 9.38 24.59
176472 -65.4321 9.38 24.59
177017 -64.9328 9.38 24.59
177974 -58.4639 9.38 24.59
175809 -57.4886 9.38 24.59
185715 -59.7318 9.38 24.59
185194 -75.5742 9.38 24.59
179734 -63.8673 9.38 24.59
185073 -68.1279 9.38 24.59
180222 -62.6526 9.38 24.59
185445 -62.0057 9.38 24.59
177323 -59.103 9.38 24.59
179551 -58.9489 9.38 24.59
177934 -56.3443 9.38 24.59
178143 -53.5321 9.38 24.59
175192 -61.8973 9.38 24.59
181115 -59.4697 9.38 24.59
176541 -73.6605 9.38 24.59
185771 -60.3352 9.38 24.59
181262 -55.9538 9.38 24.59
167150 -79.2819 9.38 24.59
174747 -60.0483 9.38 24.59
188636 -58.4998 9.38 24.59
182286 -63.9545 9.38 24.59
198738 -59.9922 27.3 -13.6
190243 -58.2989 27.3 -13.6
188224 -62.3728 27.3 -13.6
196685 -60.378 27.3 -13.6
198906 -55.9484 27.3 -13.6
199036 -60.5764 27.3 -13.6
195537 -61.1394 27.3 -13.6
198035 -68.19 27.3 -13.6
192911 -63.7861 27.3 -13.6
204374 -61.1546 27.3 -13.6
198212 -60.4238 27.3 -13.6
191555 -63.7113 27.3 -13.6
177518 -69.2262 27.3 -13.6
192482 -63.3371 27.3 -13.6
193113 -62.5812 27.3 -13.6
203453 -59.7126 27.3 -13.6
194090 -60.9703 27.3 -13.6
196807 -62.1272 27.3 -13.6
198420 -58.3118 27.3 -13.6
195230 -61.1284 27.3 -13.6
200468 -57.6306 27.3 -13.6
201740 -66.5407 27.3 -13.6
201676 -62.9284 27.3 -13.6
196193 -60.987 27.3 -13.6
199050 -61.7827 27.3 -13.6
200775 -63.2608 27.3 -13.6
196277 -57.3424 27.3 -13.6
196910 -64.1752 27.3 -13.6
205522 -58.2202 27.3 -13.6
192171 -61.0617 27.3 -13.6
194430 -60.6328 27.3 -13.6
199242 -62.003 27.3 -13.6
201942 -59.3772 27.3 -13.6
191306 -66.3872 27.3 -13.6
203534 -60.8585 27.3 -13.6
197398 -64.5967 27.3 -13.6
183935 -63.8021 27.3 -13.6
196122 -61.3717 27.3 -13.6
193930 -60.116 27.3 -13.6
182715 -63.6539 28.26 5.19
182492 -57.0385 28.26 5.19
183780 -56.9433 28.26 5.19
192445 -75.8762 28.26 5.19
150857 -81.3104 28.26 5.19
178108 -59.882 28.26 5.19
179866 -65.9593 28.26 5.19
179065 -61.5973 28.26 5.19
188867 -67.3753 28.26 5.19
184415 -59.5103 28.26 5.19
191266 -63.048 28.26 5.19
186547 -59.6936 28.26 5.19
177508 -59.1711 28.26 5.19
180218 -61.8797 28.26 5.19
185611 -66.8132 28.26 5.19
172423 -67.237 28.26 5.19
176449 -65.4192 28.26 5.19
184848 -59.3111 28.26 5.19
183954 -65.7593 28.26 5.19
190477 -54.3003 28.26 5.19
176721 -62.2952 28.26 5.19
182487 -64.3421 28.26 5.19
181275 -57.5968 28.26 5.19
178305 -63.8501 28.26 5.19
186046 -61.8632 28.26 5.19
193227 -70.9595 28.26 5.19
184132 -56.1928 28.26 5.19
181946 -58.165 28.26 5.19
188356 -65.1226 28.26 5.19
177908 -63.241 28.26 5.19
178505 -55.519 28.26 5.19
178882 -69.2918 28.26 5.19
184391 -66.0741 28.26 5.19
178450 -65.1702 28.26 5.19
180375 -60.2411 28.26 5.19
185563 -62.9866 28.26 5.19
176784 -60.5382 28.26 5.19
182176 -60.4864 28.26 5.19
183988 -68.3885 28.26 5.19
157013 -59.1374 -24.13 3.87
155206 -62.9709 -24.13 3.87
155721 -61.7867 -24.13 3.87
154389 -61.6855 -24.13 3.87
166310 -56.7019 -24.13 3.87
164559 -62.6823 -24.13 3.87
152938 -60.2495 -24.13 3.87
155866 -63.0532 -24.13 3.87
162460 -59.8284 -24.13 3.87
157963 -60.6022 -24.13 3.87
151833 -57.4695 -24.13 3.87
154030 -59.5531 -24.13 3.87
159491 -61.2415 -24.13 3.87
153374 -64.3542 -24.13 3.87
159334 -58.0271 -24.13 3.87
152696 -64.6022 -24.13 3.87
156231 -67.3428 -24.13 3.87
152439 -60.609 -24.13 3.87
158733 -61.6408 -24.13 3.87
165401 -72.6235 -24.13 3.87
143109 -74.0803 -24.13 3.87
160701 -61.2136 -24.13 3.87
166866 -62.0243 -24.13 3.87
157621 -64.2042 -24.13 3.87
155297 -57.1067 -24.13 3.87
163838 -60.2031 -24.13 3.87
149733 -61.7563 -24.13 3.87
158276 -64.6729 -24.13 3.87
161660 -59.2414 -24.13 3.87
158653 -58.7367 -24.13 3.87
160695 -59.6811 -24.13 3.87
162096 -61.9105 -24.13 3.87
156245 -61.0554 -24.13 3.87
161759 -59.3356 -24.13 3.87
157795 -62.6054 -24.13 3.87
156962 -65.2903 -24.13 3.87
160109 -64.8729 -24.13 3.87
159009 -56.2954 -24.13 3.87
158357 -60.9015 -24.13 3.87
115396 -55.939 -15.56 7.42
118888 -53.8617 -15.56 7.42
113194 -55.6897 -15.56 7.42
116485 -55.0496 -15.56 7.42
122769 -53.6817 -15.56 7.42
122592 -51.2038 -15.56 7.42
114289 -62.3149 -15.56 7.42
112631 -65.0667 -15.56 7.42
117186 -57.5228 -15.56 7.42
114436 -56.7724 -15.56 7.42
120102 -56.9546 -15.56 7.42
120905 -51.3834 -15.56 7.42
109965 -56.924 -15.56 7.42
120711 -53.8148 -15.56 7.42
119395 -52.2017 -15.56 7.42
114457 -57.8845 -15.56 7.42
123674 -54.0059 -15.56 7.42
115927 -57.5909 -15.56 7.42
120182 -55.0635 -15.56 7.42
125574 -65.5376 -15.56 7.42
125597 -51.4865 -15.56 7.42
117096 -54.5895 -15.56 7.42
116446 -52.9384 -15.56 7.42
118828 -53.5222 -15.56 7.42
116033 -57.7999 -15.56 7.42
126591 -67.792 -15.56 7.42
121617 -65.7818 -15.56 7.42
120950 -56.8238 -15.56 7.42
120806 -57.7059 -15.56 7.42
115545 -54.0303 -15.56 7.42
112785 -58.2591 -15.56 7.42
117746 -58.8658 -15.56 7.42
113757 -55.1808 -15.56 7.42
121467 -56.9802 -15.56 7.42
117980 -56.2791 -15.56 7.42
120102 -56.6063 -15.56 7.42
125640 -52.6502 -15.56 7.42
120433 -51.8031 -15.56 7.42
118519 -65.6071 -15.56 7.42
218898 -57.8825 22.12 25.74
222719 -58.8215 22.12 25.74
224427 -67.8023 22.12 25.74
223028 -63.7478 22.12 25.74
223033 -63.6996 22.12 25.74
221196 -59.5646 22.12 25.74
220497 -61.5814 22.12 25.74
227700 -60.8906 22.12 25.74
219536 -61.2231 22.12 25.74
224511 -62.2006 22.12 25.74
211098 -65.7386 22.12 25.74
225393 -65.2346 22.12 25.74
223174 -58.1025 22.12 25.74
218199 -63.9269 22.12 25.74
214776 -60.742 22.12 25.74
215072 -66.5869 22.12 25.74
223026 -61.4813 22.12 25.74
218336 -59.8138 22.12 25.74
205066 -66.8038 22.12 25.74
214449 -63.1457 22.12 25.74
217362 -60.9796 22.12 25.74
222618 -61.6777 22.12 25.74
217508 -63.0912 22.12 25.74
223988 -62.7618 22.12 25.74
205448 -68.5969 22.12 25.74
222694 -58.3629 22.12 25.74
219799 -66.4707 22.12 25.74
219116 -64.0399 22.12 25.74
226946 -66.0207 22.12 25.74
219621 -65.7007 22.12 25.74
223829 -57.8071 22.12 25.74
225064 -62.298 22.12 25.74
224957 -55.3271 22.12 25.74
221408 -60.0937 22.12 25.74
223935 -59.1188 22.12 25.74
212037 -71.4535 22.12 25.74
224169 -65.3486 22.12 25.74
220593 -67.5376 22.12 25.74
228663 -61.1214 22.12 25.74
172425 -61.8594 2.85 -27.06
177708 -58.4773 2.85 -27.06
174595 -63.5033 2.85 -27.06
177485 -52.0944 2.85 -27.06
174124 -64.3991 2.85 -27.06
185170 -65.9313 2.85 -27.06
165670 -63.5234 2.85 -27.06
176415 -60.1611 2.85 -27.06
166839 -62.197 2.85 -27.06
174947 -63.3219 2.85 -27.06
175556 -62.3236 2.85 -27.06
173044 -60.1783 2.85 -27.06
178437 -72.4108 2.85 -27.06
179306 -65.881 2.85 -27.06
178857 -58.648 2.85 -27.06
149927 -76.0256 2.85 -27.06
172823 -69.8932 2.85 -27.06
182424 -59.8764 2.85 -27.06
172037 -64.9054 2.85 -27.06
167942 -62.8567 2.85 -27.06
179583 -60.6992 2.85 -27.06
178011 -61.4574 2.85 -27.06
175070 -59.8216 2.85 -27.06
178219 -60.689 2.85 -27.06
187907 -62.1579 2.85 -27.06
181128 -65.0235 2.85 -27.06
175116 -65.4959 2.85 -27.06
177022 -61.7141 2.85 -27.06
175161 -59.3673 2.85 -27.06
169266 -69.0122 2.85 -27.06
172154 -63.6352 2.85 -27.06
179046 -62.4272 2.85 -27.06
176035 -61.7648 2.85 -27.06
178800 -57.9275 2.85 -27.06
175597 -57.7705 2.85 -27.06
174858 -60.1058 2.85 -27.06
181349 -62.9384 2.85 -27.06
176672 -61.7229 2.85 -27.06
168044 -54.1646 2.85 -27.06
127933 -56.0817 13.15 13.9
125537 -56.848 13.15 13.9
132618 -61.0115 13.15 13.9
128498 -53.3643 13.15 13.9
133674 -59.4853 13.15 13.9
132801 -57.0166 13.15 13.9
136517 -60.0273 13.15 13.9
136902 -58.4293 13.15 13.9
137395 -58.8368 13.15 13.9
130400 -55.9037 13.15 13.9
124642 -55.733 13.15 13.9
129001 -55.0579 13.15 13.9
138131 -53.9935 13.15 13.9
123947 -54.0972 13.15 13.9
134985 -57.0431 13.15 13.9
134366 -62.427 13.15 13.9
132821 -52.5349 13.15 13.9
132734 -56.6397 13.15 13.9
130933 -61.1341 13.15 13.9
129723 -56.934 13.15 13.9
125984 -66.4388 13.15 13.9
132442 -58.1553 13.15 13.9
130998 -58.7764 13.15 13.9
134766 -61.8145 13.15 13.9
137165 -62.6097 13.15 13.9
131822 -56.8583 13.15 13.9
136021 -72.0325 13.15 13.9
133306 -56.6406 13.15 13.9
135058 -55.4708 13.15 13.9
140871 -65.0451 13.15 13.9
130965 -59.5553 13.15 13.9
126902 -61.577 13.15 13.9
123197 -59.6657 13.15 13.9
124950 -64.5253 13.15 13.9
128719 -61.0474 13.15 13.9
138404 -63.614 13.15 13.9
136271 -54.9532 13.15 13.9
128834 -61.3702 13.15 13.9
128934 -57.1872 13.15 13.9
191220 -65.3217 25.55 -3.47
191211 -57.7734 25.55 -3.47
183136 -56.5658 25.55 -3.47
185778 -64.2842 25.55 -3.47
186620 -64.1488 25.55 -3.47
186569 -59.2685 25.55 -3.47
192150 -60.4268 25.55 -3.47
185451 -58.1103 25.55 -3.47
179085 -74.0687 25.55 -3.47
187793 -58.4149 25.55 -3.47
187860 -62.666 25.55 -3.47
188795 -57.3769 25.55 -3.47
183556 -64.6069 25.55 -3.47
180304 -65.4245 25.55 -3.47
192087 -57.3562 25.55 -3.47
185602 -61.415 25.55 -3.47
183403 -64.0985 25.55 -3.47
187611 -59.5042 25.55 -3.47
172017 -65.9991 25.55 -3.47
187659 -59.2596 25.55 -3.47
183485 -70.632 25.55 -3.47
195678 -65.2595 25.55 -3.47
183558 -63.7111 25.55 -3.47
187603 -66.7085 25.55 -3.47
191762 -66.321 25.55 -3.47
185563 -63.3158 25.55 -3.47
180956 -61.2467 25.55 -3.47
188493 -61.7696 25.55 -3.47
191848 -55.5719 25.55 -3.47
183522 -57.0354 25.55 -3.47
192101 -63.3918 25.55 -3.47
184198 -64.3991 25.55 -3.47
174732 -67.1528 25.55 -3.47
174667 -77.3636 25.55 -3.47
182340 -56.5452 25.55 -3.47
188066 -58.2813 25.55 -3.47
183398 -64.4538 25.55 -3.47
182214 -62.3611 25.55 -3.47
190222 -57.0503 25.55 -3.47
100275 -60.651 7.02 -13.38
106819 -52.8297 7.02 -13.38
106821 -59.7254 7.02 -13.38
99965 -59.6376 7.02 -13.38
101011 -53.5049 7.02 -13.38
102780 -55.8836 7.02 -13.38
94355 -76.5921 7.02 -13.38
107071 -60.7891 7.02 -13.38
105100 -55.9734 7.02 -13.38
103197 -61.4457 7.02 -13.38
108310 -53.5387 7.02 -13.38
103236 -55.7084 7.02 -13.38
104033 -55.5893 7.02 -13.38
103882 -50.6127 7.02 -13.38
99865 -54.9306 7.02 -13.38
106026 -57.4675 7.02 -13.38
100865 -56.395 7.02 -13.38
103665 -57.7377 7.02 -13.38
103927 -64.9507 7.02 -13.38
101581 -56.1293 7.02 -13.38
108814 -55.0151 7.02 -13.38
97552 -64.4743 7.02 -13.38
106108 -54.2965 7.02 -13.38
109697 -51.236 7.02 -13.38
97060 -59.2538 7.02 -13.38
96617 -57.3221 7.02 -13.38
112030 -50.3295 7.02 -13.38
109737 -51.7455 7.02 -13.38
108047 -50.8451 7.02 -13.38
103704 -53.0247 7.02 -13.38
105617 -56.9146 7.02 -13.38
108975 -58.7021 7.02 -13.38
104856 -51.0543 7.02 -13.38
104931 -58.2184 7.02 -13.38
98212 -57.972 7.02 -13.38
102062 -53.6112 7.02 -13.38
107457 -56.774 7.02 -13.38
102228 -53.4955 7.02 -13.38
94537 -59.8888 7.02 -13.38
