#rtt sig_str x y
49142 -49.9784 -0.02 -6.73
51456 -51.0291 -0.02 -6.73
53096 -45.5615 -0.02 -6.73
49934 -45.0766 -0.02 -6.73
44718 -49.2365 -0.02 -6.73
47272 -46.2421 -0.02 -6.73
46435 -49.9322 -0.02 -6.73
41583 -49.2811 -0.02 -6.73
46451 -51.3947 -0.02 -6.73
47958 -51.3448 -0.02 -6.73
50643 -49.4592 -0.02 -6.73
46819 -47.6171 -0.02 -6.73
41193 -48.7852 -0.02 -6.73
42086 -51.6671 -0.02 -6.73
50686 -56.7468 -0.02 -6.73
42939 -49.9194 -0.02 -6.73
40643 -54.1796 -0.02 -6.73
43193 -53.6802 -0.02 -6.73
44979 -47.2113 -0.02 -6.73
42471 -46.236 -0.02 -6.73
40457 -48.4793 -0.02 -6.73
40061 -64.3217 -0.02 -6.73
46177 -52.6147 -0.02 -6.73
37230 -56.8753 -0.02 -6.73
37063 -51.4 -0.02 -6.73
37744 -50.7531 -0.02 -6.73
46166 -47.8504 -0.02 -6.73
52279 -47.6963 -0.02 -6.73
49029 -45.0918 -0.02 -6.73
54227 -42.2795 -0.02 -6.73
47297 -50.6447 -0.02 -6.73
41300 -48.2172 -0.02 -6.73
44349 -62.4079 -0.02 -6.73
45622 -49.0826 -0.02 -6.73
47289 -44.7012 -0.02 -6.73
39728 -68.0293 -0.02 -6.73
43211 -48.7957 -0.02 -6.73
48482 -47.2472 -0.02 -6.73
45550 -52.702 -0.02 -6.73
135031 -55.7025 -14.65 10.69
121643 -54.0093 -14.65 10.69
128215 -58.0832 -14.65 10.69
128999 -56.0884 -14.65 10.69
132537 -51.6588 -14.65 10.69
131652 -56.2868 -14.65 10.69
125830 -56.8498 -14.65 10.69
128262 -63.9004 -14.65 10.69
126378 -59.4965 -14.65 10.69
128599 -56.865 -14.65 10.69
125813 -56.1342 -14.65 10.69
136418 -59.4217 -14.65 10.69
128317 -64.9366 -14.65 10.69
118244 -59.0475 -14.65 10.69
123511 -58.2916 -14.65 10.69
127130 -55.423 -14.65 10.69
122831 -56.6806 -14.65 10.69
119099 -57.8376 -14.65 10.69
132771 -54.0222 -14.65 10.69
120477 -56.8388 -14.65 10.69
125396 -53.341 -14.65 10.69
131557 -62.2511 -14.65 10.69
129634 -58.6388 -14.65 10.69
122110 -56.6974 -14.65 10.69
127649 -57.4931 -14.65 10.69
123824 -58.9711 -14.65 10.69
121916 -53.0528 -14.65 10.69
127186 -59.8855 -14.65 10.69
125782 -53.9306 -14.65 10.69
128605 -56.7721 -14.65 10.69
130292 -56.3432 -14.65 10.69
131521 -57.7134 -14.65 10.69
129577 -55.0876 -14.65 10.69
128207 -62.0976 -14.65 10.69
128163 -56.5689 -14.65 10.69
136790 -60.3071 -14.65 10.69
128315 -59.5125 -14.65 10.69
124438 -57.0821 -14.65 10.69
128832 -55.8264 -14.65 10.69
134427 -60.3945 -14.52 -12.8
131390 -53.779 -14.52 -12.8
132758 -53.6838 -14.52 -12.8
130156 -72.6168 -14.52 -12.8
108410 -78.0509 -14.52 -12.8
134332 -56.6225 -14.52 -12.8
137485 -62.6999 -14.52 -12.8
133248 -58.3378 -14.52 -12.8
137821 -64.1158 -14.52 -12.8
128916 -56.2508 -14.52 -12.8
135241 -59.7885 -14.52 -12.8
135870 -56.4342 -14.52 -12.8
131563 -55.9116 -14.52 -12.8
134810 -58.6202 -14.52 -12.8
134972 -63.5538 -14.52 -12.8
132679 -63.9776 -14.52 -12.8
138394 -62.1597 -14.52 -12.8
142716 -56.0516 -14.52 -12.8
136787 -62.4998 -14.52 -12.8
140020 -51.0408 -14.52 -12.8
136282 -59.0357 -14.52 -12.8
140064 -61.0826 -14.52 -12.8
136761 -54.3373 -14.52 -12.8
132517 -60.5907 -14.52 -12.8
133608 -58.6038 -14.52 -12.8
137094 -67.7001 -14.52 -12.8
133493 -52.9333 -14.52 -12.8
135082 -54.9055 -14.52 -12.8
129737 -61.8631 -14.52 -12.8
128844 -59.9815 -14.52 -12.8
137175 -52.2595 -14.52 -12.8
136906 -66.0324 -14.52 -12.8
134510 -62.8146 -14.52 -12.8
132044 -61.9108 -14.52 -12.8
138827 -56.9816 -14.52 -12.8
131675 -59.7271 -14.52 -12.8
136339 -57.2788 -14.52 -12.8
133987 -57.2269 -14.52 -12.8
135290 -65.129 -14.52 -12.8
176440 -59.4906 -24.19 8.09
170181 -63.324 -24.19 8.09
177954 -62.1398 -24.19 8.09
176876 -62.0387 -24.19 8.09
178061 -57.055 -24.19 8.09
173699 -63.0354 -24.19 8.09
171364 -60.6026 -24.19 8.09
178172 -63.4064 -24.19 8.09
173004 -60.1816 -24.19 8.09
177191 -60.9554 -24.19 8.09
177455 -57.8226 -24.19 8.09
172033 -59.9062 -24.19 8.09
188483 -61.5946 -24.19 8.09
183678 -64.7073 -24.19 8.09
174666 -58.3802 -24.19 8.09
186933 -64.9554 -24.19 8.09
171956 -67.6959 -24.19 8.09
177030 -60.9621 -24.19 8.09
169072 -61.9939 -24.19 8.09
144381 -72.9766 -24.19 8.09
176589 -74.4334 -24.19 8.09
175867 -61.5668 -24.19 8.09
176794 -62.3775 -24.19 8.09
175010 -64.5573 -24.19 8.09
170412 -57.4598 -24.19 8.09
174262 -60.5563 -24.19 8.09
179077 -62.1094 -24.19 8.09
174788 -65.026 -24.19 8.09
169713 -59.5945 -24.19 8.09
173469 -59.0898 -24.19 8.09
174714 -60.0342 -24.19 8.09
172054 -62.2636 -24.19 8.09
182008 -61.4086 -24.19 8.09
176394 -59.6887 -24.19 8.09
176856 -62.9585 -24.19 8.09
180981 -65.6435 -24.19 8.09
175863 -65.226 -24.19 8.09
179629 -56.6486 -24.19 8.09
169019 -61.2547 -24.19 8.09
97607 -55.1213 3.85 -15.13
102471 -53.0439 3.85 -15.13
99426 -54.8719 3.85 -15.13
103378 -54.2318 3.85 -15.13
104279 -52.8639 3.85 -15.13
99359 -50.386 3.85 -15.13
96000 -61.4972 3.85 -15.13
98926 -64.2489 3.85 -15.13
95178 -56.7051 3.85 -15.13
94651 -55.9547 3.85 -15.13
100446 -56.1369 3.85 -15.13
102112 -50.5657 3.85 -15.13
99714 -56.1063 3.85 -15.13
99028 -52.9971 3.85 -15.13
107311 -51.384 3.85 -15.13
101425 -57.0667 3.85 -15.13
104028 -53.1881 3.85 -15.13
93215 -56.7732 3.85 -15.13
99305 -54.2457 3.85 -15.13
97427 -64.7199 3.85 -15.13
104023 -50.6687 3.85 -15.13
98898 -53.7718 3.85 -15.13
100885 -52.1207 3.85 -15.13
100243 -52.7045 3.85 -15.13
99152 -56.9821 3.85 -15.13
88546 -66.9743 3.85 -15.13
105724 -64.9641 3.85 -15.13
97966 -56.0061 3.85 -15.13
99239 -56.8882 3.85 -15.13
105102 -53.2126 3.85 -15.13
100477 -57.4413 3.85 -15.13
98321 -58.048 3.85 -15.13
95759 -54.3631 3.85 -15.13
97708 -56.1625 3.85 -15.13
103785 -55.4613 3.85 -15.13
97179 -55.7886 3.85 -15.13
99977 -51.8325 3.85 -15.13
105531 -50.9853 3.85 -15.13
99222 -64.7893 3.85 -15.13
205336 -57.0769 -29.05 -10.18
203461 -58.016 -29.05 -10.18
209966 -66.9967 -29.05 -10.18
207451 -62.9422 -29.05 -10.18
212244 -62.8941 -29.05 -10.18
204483 -58.759 -29.05 -10.18
207263 -60.7758 -29.05 -10.18
201393 -60.085 -29.05 -10.18
209002 -60.4176 -29.05 -10.18
209991 -61.395 -29.05 -10.18
208144 -64.933 -29.05 -10.18
204080 -64.429 -29.05 -10.18
205390 -57.297 -29.05 -10.18
203459 -63.1213 -29.05 -10.18
204011 -59.9364 -29.05 -10.18
205688 -65.7813 -29.05 -10.18
200118 -60.6757 -29.05 -10.18
212010 -59.0082 -29.05 -10.18
212297 -65.9982 -29.05 -10.18
196296 -62.3401 -29.05 -10.18
209668 -60.174 -29.05 -10.18
208846 -60.8722 -29.05 -10.18
204618 -62.2856 -29.05 -10.18
203531 -61.9563 -29.05 -10.18
201314 -67.7914 -29.05 -10.18
200836 -57.5573 -29.05 -10.18
203074 -65.6651 -29.05 -10.18
214815 -63.2343 -29.05 -10.18
199842 -65.2151 -29.05 -10.18
210425 -64.8952 -29.05 -10.18
206140 -57.0015 -29.05 -10.18
202681 -61.4924 -29.05 -10.18
208712 -54.5216 -29.05 -10.18
206599 -59.2881 -29.05 -10.18
201124 -58.3132 -29.05 -10.18
210672 -70.648 -29.05 -10.18
203708 -64.543 -29.05 -10.18
207008 -66.7321 -29.05 -10.18
207287 -60.3158 -29.05 -10.18
226877 -63.4303 -20.85 25.47
219211 -60.0483 -20.85 25.47
225728 -65.0742 -20.85 25.47
220583 -53.6653 -20.85 25.47
218312 -65.97 -20.85 25.47
227842 -67.5022 -20.85 25.47
210627 -65.0943 -20.85 25.47
226885 -61.732 -20.85 25.47
227046 -63.7679 -20.85 25.47
222808 -64.8928 -20.85 25.47
226154 -63.8945 -20.85 25.47
226324 -61.7493 -20.85 25.47
235013 -73.9817 -20.85 25.47
218891 -67.4519 -20.85 25.47
224040 -60.2189 -20.85 25.47
236337 -77.5965 -20.85 25.47
228175 -71.4641 -20.85 25.47
219607 -61.4473 -20.85 25.47
231104 -66.4763 -20.85 25.47
220764 -64.4276 -20.85 25.47
221263 -62.2701 -20.85 25.47
219981 -63.0283 -20.85 25.47
220678 -61.3925 -20.85 25.47
220645 -62.2599 -20.85 25.47
218811 -63.7288 -20.85 25.47
219972 -66.5944 -20.85 25.47
218703 -67.0668 -20.85 25.47
228707 -63.285 -20.85 25.47
217330 -60.9382 -20.85 25.47
207424 -70.5832 -20.85 25.47
230762 -65.2062 -20.85 25.47
217991 -63.9982 -20.85 25.47
222083 -63.3357 -20.85 25.47
217286 -59.4984 -20.85 25.47
219997 -59.3414 -20.85 25.47
222391 -61.6767 -20.85 25.47
216425 -64.5094 -20.85 25.47
220463 -63.2938 -20.85 25.47
226526 -55.7355 -20.85 25.47
105470 -53.3018 -1.19 -13.61
98945 -54.0682 -1.19 -13.61
96792 -58.2317 -1.19 -13.61
95519 -50.5845 -1.19 -13.61
98378 -56.7054 -1.19 -13.61
102791 -54.2368 -1.19 -13.61
107276 -57.2475 -1.19 -13.61
97340 -55.6494 -1.19 -13.61
94791 -56.0569 -1.19 -13.61
99633 -53.1239 -1.19 -13.61
99064 -52.9532 -1.19 -13.61
102712 -52.2781 -1.19 -13.61
104131 -51.2137 -1.19 -13.61
102278 -51.3173 -1.19 -13.61
98869 -54.2632 -1.19 -13.61
99376 -59.6471 -1.19 -13.61
102458 -49.7551 -1.19 -13.61
95428 -53.8599 -1.19 -13.61
103683 -58.3543 -1.19 -13.61
98952 -54.1542 -1.19 -13.61
99340 -63.6589 -1.19 -13.61
100815 -55.3755 -1.19 -13.61
93929 -55.9966 -1.19 -13.61
97054 -59.0347 -1.19 -13.61
104234 -59.8299 -1.19 -13.61
99000 -54.0784 -1.19 -13.61
92616 -69.2526 -1.19 -13.61
99909 -53.8607 -1.19 -13.61
103714 -52.6909 -1.19 -13.61
94433 -62.2652 -1.19 -13.61
97333 -56.7755 -1.19 -13.61
103674 -58.7972 -1.19 -13.61
101104 -56.8859 -1.19 -13.61
101973 -61.7454 -1.19 -13.61
91818 -58.2676 -1.19 -13.61
98727 -60.8341 -1.19 -13.61
99602 -52.1733 -1.19 -13.61
89346 -58.5904 -1.19 -13.61
97656 -54.4073 -1.19 -13.61
223695 -67.6515 -24.01 24.35
218648 -60.1032 -24.01 24.35
213419 -58.8956 -24.01 24.35
216486 -66.614 -24.01 24.35
216124 -66.4786 -24.01 24.35
217714 -61.5983 -24.01 24.35
222200 -62.7566 -24.01 24.35
217720 -60.4401 -24.01 24.35
212345 -76.3986 -24.01 24.35
225469 -60.7447 -24.01 24.35
223829 -64.9959 -24.01 24.35
217861 -59.7067 -24.01 24.35
223533 -66.9368 -24.01 24.35
219879 -67.7543 -24.01 24.35
225928 -59.686 -24.01 24.35
224297 -63.7448 -24.01 24.35
226175 -66.4284 -24.01 24.35
228339 -61.8341 -24.01 24.35
225839 -68.3289 -24.01 24.35
216092 -61.5895 -24.01 24.35
213342 -72.9618 -24.01 24.35
225928 -67.5893 -24.01 24.35
216562 -66.041 -24.01 24.35
220428 -69.0383 -24.01 24.35
219947 -68.6509 -24.01 24.35
232701 -65.6456 -24.01 24.35
219406 -63.5765 -24.01 24.35
215680 -64.0994 -24.01 24.35
222619 -57.9017 -24.01 24.35
221317 -59.3652 -24.01 24.35
212872 -65.7216 -24.01 24.35
216688 -66.729 -24.01 24.35
232592 -69.4827 -24.01 24.35
176864 -79.6935 -24.01 24.35
226818 -58.875 -24.01 24.35
223830 -60.6111 -24.01 24.35
225836 -66.7836 -24.01 24.35
216918 -64.6909 -24.01 24.35
218800 -59.3801 -24.01 24.35
84036 -59.8805 -4.98 -12.83
77671 -52.0591 -4.98 -12.83
81372 -58.9549 -4.98 -12.83
82948 -58.867 -4.98 -12.83
90741 -52.7344 -4.98 -12.83
85889 -55.113 -4.98 -12.83
67367 -75.8215 -4.98 -12.83
85134 -60.0186 -4.98 -12.83
84200 -55.2028 -4.98 -12.83
85563 -60.6751 -4.98 -12.83
89165 -52.7681 -4.98 -12.83
83141 -54.9378 -4.98 -12.83
80435 -54.8187 -4.98 -12.83
78050 -49.8421 -4.98 -12.83
85289 -54.16 -4.98 -12.83
84314 -56.6969 -4.98 -12.83
82667 -55.6244 -4.98 -12.83
81431 -56.9672 -4.98 -12.83
87708 -64.1801 -4.98 -12.83
88174 -55.3588 -4.98 -12.83
90912 -54.2445 -4.98 -12.83
85407 -63.7037 -4.98 -12.83
80538 -53.5259 -4.98 -12.83
85766 -50.4654 -4.98 -12.83
82534 -58.4832 -4.98 -12.83
81656 -56.5516 -4.98 -12.83
89078 -49.559 -4.98 -12.83
77721 -50.9749 -4.98 -12.83
88057 -50.0745 -4.98 -12.83
80747 -52.2541 -4.98 -12.83
87727 -56.144 -4.98 -12.83
83978 -57.9315 -4.98 -12.83
85213 -50.2837 -4.98 -12.83
89653 -57.4478 -4.98 -12.83
81693 -57.2014 -4.98 -12.83
84391 -52.8406 -4.98 -12.83
88695 -56.0034 -4.98 -12.83
87639 -52.7249 -4.98 -12.83
79011 -59.1182 -4.98 -12.83
