#rtt sig_str x y
202366 -61.8285 -20.82 19.16
201673 -62.8791 -20.82 19.16
198248 -57.4115 -20.82 19.16
202649 -56.9266 -20.82 19.16
200125 -61.0865 -20.82 19.16
201939 -58.0921 -20.82 19.16
205591 -61.7822 -20.82 19.16
197173 -61.1311 -20.82 19.16
204624 -63.2447 -20.82 19.16
197941 -63.1948 -20.82 19.16
198181 -61.3092 -20.82 19.16
203864 -59.4671 -20.82 19.16
201254 -60.6352 -20.82 19.16
199763 -63.5171 -20.82 19.16
197573 -68.5968 -20.82 19.16
194832 -61.7694 -20.82 19.16
192221 -66.0296 -20.82 19.16
202389 -65.5302 -20.82 19.16
201984 -59.0613 -20.82 19.16
198123 -58.086 -20.82 19.16
201084 -60.3293 -20.82 19.16
206705 -76.1717 -20.82 19.16
202744 -64.4647 -20.82 19.16
195741 -68.7253 -20.82 19.16
198496 -63.25 -20.82 19.16
199965 -62.6031 -20.82 19.16
200317 -59.7005 -20.82 19.16
192084 -59.5463 -20.82 19.16
198294 -56.9418 -20.82 19.16
191554 -54.1295 -20.82 19.16
197663 -62.4947 -20.82 19.16
201234 -60.0672 -20.82 19.16
192974 -74.2579 -20.82 19.16
206187 -60.9326 -20.82 19.16
199450 -56.5512 -20.82 19.16
172553 -79.8793 -20.82 19.16
203767 -60.6458 -20.82 19.16
197557 -59.0972 -20.82 19.16
195294 -64.552 -20.82 19.16
195798 -59.5756 -20.54 -20.47
199269 -57.8823 -20.54 -20.47
197401 -61.9562 -20.54 -20.47
195868 -59.9614 -20.54 -20.47
199885 -55.5318 -20.54 -20.47
194979 -60.1599 -20.54 -20.47
195385 -60.7229 -20.54 -20.47
193720 -67.7734 -20.54 -20.47
195676 -63.3695 -20.54 -20.47
198659 -60.738 -20.54 -20.47
200883 -60.0072 -20.54 -20.47
196416 -63.2948 -20.54 -20.47
190604 -68.8096 -20.54 -20.47
191684 -62.9206 -20.54 -20.47
191420 -62.1647 -20.54 -20.47
196447 -59.2961 -20.54 -20.47
203317 -60.5537 -20.54 -20.47
195498 -61.7106 -20.54 -20.47
200422 -57.8952 -20.54 -20.47
200071 -60.7118 -20.54 -20.47
192386 -57.214 -20.54 -20.47
191017 -66.1242 -20.54 -20.47
194066 -62.5118 -20.54 -20.47
194603 -60.5705 -20.54 -20.47
199438 -61.3661 -20.54 -20.47
187093 -62.8442 -20.54 -20.47
198908 -56.9259 -20.54 -20.47
197819 -63.7586 -20.54 -20.47
199470 -57.8036 -20.54 -20.47
195888 -60.6451 -20.54 -20.47
200640 -60.2163 -20.54 -20.47
194012 -61.5865 -20.54 -20.47
195213 -58.9607 -20.54 -20.47
187347 -65.9706 -20.54 -20.47
197517 -60.4419 -20.54 -20.47
199365 -64.1802 -20.54 -20.47
201154 -63.3855 -20.54 -20.47
194064 -60.9551 -20.54 -20.47
200539 -59.6995 -20.54 -20.47
205206 -64.3562 29.13 -11.41
207116 -57.7407 29.13 -11.41
206735 -57.6455 29.13 -11.41
183523 -76.5784 29.13 -11.41
201878 -60.7167 29.13 -11.41
216089 -58.7967 29.13 -11.41
210100 -57.0229 29.13 -11.41
209926 -63.8876 29.13 -11.41
197948 -63.0389 29.13 -11.41
207559 -60.0692 29.13 -11.41
210195 -62.6366 29.13 -11.41
198457 -69.8378 29.13 -11.41
207584 -60.1917 29.13 -11.41
221259 -77.022 29.13 -11.41
205801 -65.9114 29.13 -11.41
207403 -66.5115 29.13 -11.41
198658 -60.2227 29.13 -11.41
204305 -67.4587 29.13 -11.41
203095 -64.5386 29.13 -11.41
207149 -62.691 29.13 -11.41
205697 -60.1351 29.13 -11.41
215828 -69.091 29.13 -11.41
213599 -60.2285 29.13 -11.41
199731 -61.0794 29.13 -11.41
210212 -59.8802 29.13 -11.41
203829 -63.7802 29.13 -11.41
205161 -57.8473 29.13 -11.41
206502 -59.9605 29.13 -11.41
206087 -66.1402 29.13 -11.41
203583 -73.1218 29.13 -11.41
209721 -64.9685 29.13 -11.41
206754 -67.3152 29.13 -11.41
208210 -57.7908 29.13 -11.41
204341 -64.2924 29.13 -11.41
208338 -60.8814 29.13 -11.41
202155 -64.7588 29.13 -11.41
213631 -68.4311 29.13 -11.41
210176 -57.6752 29.13 -11.41
209105 -59.9933 29.13 -11.41
174541 -59.1092 24.27 -5.41
181848 -58.8458 24.27 -5.41
163698 -62.7311 24.27 -5.41
182990 -60.2568 24.27 -5.41
182021 -57.8822 24.27 -5.41
173969 -68.1113 24.27 -5.41
170282 -65.5555 24.27 -5.41
165616 -62.639 24.27 -5.41
172414 -56.5603 24.27 -5.41
173020 -63.2514 24.27 -5.41
170117 -64.4793 24.27 -5.41
172869 -57.5326 24.27 -5.41
171001 -61.7805 24.27 -5.41
173718 -58.2586 24.27 -5.41
178402 -66.467 24.27 -5.41
175996 -60.8324 24.27 -5.41
177840 -55.2829 24.27 -5.41
176019 -57.8931 24.27 -5.41
179850 -64.3663 24.27 -5.41
176733 -58.4383 24.27 -5.41
172066 -61.5264 24.27 -5.41
172556 -61.9057 24.27 -5.41
174424 -60.9856 24.27 -5.41
181201 -61.0026 24.27 -5.41
177976 -64.7116 24.27 -5.41
176869 -60.309 24.27 -5.41
177981 -60.045 24.27 -5.41
178935 -66.6879 24.27 -5.41
177485 -71.0973 24.27 -5.41
174245 -61.441 24.27 -5.41
175041 -65.2741 24.27 -5.41
180458 -64.2994 24.27 -5.41
184201 -64.3657 24.27 -5.41
174578 -61.0844 24.27 -5.41
174699 -60.2619 24.27 -5.41
176376 -61.0033 24.27 -5.41
169636 -60.2388 24.27 -5.41
170819 -66.7344 24.27 -5.41
152265 -75.7193 24.27 -5.41
145452 -71.9031 -18.84 8.72
144950 -56.9524 -18.84 8.72
140960 -57.8789 -18.84 8.72
145426 -57.0321 -18.84 8.72
137498 -61.0497 -18.84 8.72
144145 -50.1229 -18.84 8.72
134502 -62.2355 -18.84 8.72
137342 -59.8822 -18.84 8.72
142428 -60.169 -18.84 8.72
136965 -56.4154 -18.84 8.72
139636 -59.2767 -18.84 8.72
135494 -55.6883 -18.84 8.72
145217 -56.9801 -18.84 8.72
142219 -57.7441 -18.84 8.72
146244 -64.0538 -18.84 8.72
141605 -57.6871 -18.84 8.72
141253 -55.9784 -18.84 8.72
133948 -60.3204 -18.84 8.72
142623 -53.3676 -18.84 8.72
143118 -55.937 -18.84 8.72
141656 -59.748 -18.84 8.72
148672 -59.3371 -18.84 8.72
142830 -56.0658 -18.84 8.72
135842 -63.6629 -18.84 8.72
145134 -55.9972 -18.84 8.72
139543 -55.986 -18.84 8.72
141521 -58.7904 -18.84 8.72
144329 -64.1345 -18.84 8.72
140986 -58.0392 -18.84 8.72
139538 -55.9334 -18.84 8.72
142683 -55.0726 -18.84 8.72
138566 -57.5093 -18.84 8.72
139242 -60.7775 -18.84 8.72
145497 -54.0659 -18.84 8.72
139111 -59.5087 -18.84 8.72
143583 -53.5634 -18.84 8.72
141589 -57.5198 -18.84 8.72
143589 -56.7391 -18.84 8.72
145548 -54.9303 -18.84 8.72
140865 -57.8581 -13.94 17.31
137276 -59.7194 -13.94 17.31
144613 -64.7851 -13.94 17.31
141501 -63.2769 -13.94 17.31
148338 -65.8201 -13.94 17.31
151847 -61.8789 -13.94 17.31
137355 -57.2492 -13.94 17.31
144308 -61.5204 -13.94 17.31
145289 -58.2817 -13.94 17.31
144318 -56.256 -13.94 17.31
146931 -64.7281 -13.94 17.31
142830 -62.2538 -13.94 17.31
144214 -61.2638 -13.94 17.31
139120 -60.0905 -13.94 17.31
145065 -61.2419 -13.94 17.31
140186 -56.9524 -13.94 17.31
156269 -63.3705 -13.94 17.31
150364 -57.3833 -13.94 17.31
143270 -66.4746 -13.94 17.31
143506 -59.853 -13.94 17.31
144463 -57.8425 -13.94 17.31
145448 -64.9511 -13.94 17.31
148203 -55.1011 -13.94 17.31
138584 -57.6834 -13.94 17.31
140072 -60.5829 -13.94 17.31
144718 -53.4249 -13.94 17.31
145760 -57.606 -13.94 17.31
147408 -57.3486 -13.94 17.31
142210 -65.786 -13.94 17.31
140737 -52.8785 -13.94 17.31
143728 -55.0928 -13.94 17.31
144284 -65.1987 -13.94 17.31
143779 -61.8608 -13.94 17.31
145940 -54.3597 -13.94 17.31
143577 -58.819 -13.94 17.31
142619 -64.6403 -13.94 17.31
143558 -59.9915 -13.94 17.31
144089 -65.7243 -13.94 17.31
138897 -57.8735 -13.94 17.31
81495 -51.0764 -9.96 -6.37
80094 -62.311 -9.96 -6.37
78863 -60.1944 -9.96 -6.37
78897 -46.347 -9.96 -6.37
77768 -61.3994 -9.96 -6.37
74954 -52.431 -9.96 -6.37
78208 -51.6145 -9.96 -6.37
74084 -55.0088 -9.96 -6.37
83577 -54.7691 -9.96 -6.37
84393 -58.378 -9.96 -6.37
76967 -55.2283 -9.96 -6.37
85994 -62.812 -9.96 -6.37
74825 -56.8108 -9.96 -6.37
82571 -53.2689 -9.96 -6.37
78573 -49.6126 -9.96 -6.37
77409 -56.9003 -9.96 -6.37
79116 -46.7692 -9.96 -6.37
74058 -60.5887 -9.96 -6.37
78882 -54.9158 -9.96 -6.37
76574 -56.7078 -9.96 -6.37
85584 -59.2581 -9.96 -6.37
80162 -54.05 -9.96 -6.37
75366 -56.0475 -9.96 -6.37
76130 -50.4294 -9.96 -6.37
74477 -53.6029 -9.96 -6.37
76471 -52.3107 -9.96 -6.37
81718 -51.4699 -9.96 -6.37
80733 -50.0053 -9.96 -6.37
76762 -55.0432 -9.96 -6.37
76854 -55.4491 -9.96 -6.37
79038 -61.8351 -9.96 -6.37
77270 -58.2739 -9.96 -6.37
72843 -61.1468 -9.96 -6.37
73710 -55.0973 -9.96 -6.37
76594 -53.6694 -9.96 -6.37
76142 -53.1094 -9.96 -6.37
75464 -47.898 -9.96 -6.37
84199 -58.0296 -9.96 -6.37
77030 -53.7284 -9.96 -6.37
62648 -51.7424 8.68 -5.77
70085 -49.229 8.68 -5.77
63020 -58.1667 8.68 -5.77
68206 -56.7321 8.68 -5.77
68825 -58.6226 8.68 -5.77
66420 -53.6063 8.68 -5.77
70056 -59.9741 8.68 -5.77
69134 -54.821 8.68 -5.77
70597 -47.8042 8.68 -5.77
68964 -58.1248 8.68 -5.77
65293 -55.0425 8.68 -5.77
73412 -53.483 8.68 -5.77
64032 -49.8228 8.68 -5.77
67730 -50.4547 8.68 -5.77
67169 -52.4508 8.68 -5.77
72849 -52.0332 8.68 -5.77
67060 -50.8432 8.68 -5.77
61009 -52.653 8.68 -5.77
70085 -52.0516 8.68 -5.77
69563 -52.3016 8.68 -5.77
72708 -52.9955 8.68 -5.77
74088 -49.6887 8.68 -5.77
67570 -58.1246 8.68 -5.77
69421 -49.6659 8.68 -5.77
69043 -52.1121 8.68 -5.77
66260 -48.6837 8.68 -5.77
65336 -48.9367 8.68 -5.77
68519 -59.1268 8.68 -5.77
68305 -59.5008 8.68 -5.77
61287 -52.4495 8.68 -5.77
68977 -53.1452 8.68 -5.77
74585 -50.0769 8.68 -5.77
61143 -52.4809 8.68 -5.77
65387 -56.3255 8.68 -5.77
69142 -53.0472 8.68 -5.77
69512 -47.6552 8.68 -5.77
61555 -49.9641 8.68 -5.77
69344 -51.9228 8.68 -5.77
65042 -47.4106 8.68 -5.77
112705 -57.0838 -14.92 9.44
115737 -54.8116 -14.92 9.44
108670 -60.0328 -14.92 9.44
112122 -54.8164 -14.92 9.44
107717 -57.7834 -14.92 9.44
112689 -57.2291 -14.92 9.44
109257 -59.9409 -14.92 9.44
114843 -54.5641 -14.92 9.44
113839 -59.4411 -14.92 9.44
110516 -53.507 -14.92 9.44
112760 -72.5537 -14.92 9.44
115379 -55.0689 -14.92 9.44
106442 -62.8338 -14.92 9.44
108183 -55.3277 -14.92 9.44
111479 -58.8906 -14.92 9.44
105283 -60.394 -14.92 9.44
108908 -55.3458 -14.92 9.44
108275 -51.8415 -14.92 9.44
116333 -61.357 -14.92 9.44
114942 -54.7166 -14.92 9.44
113601 -62.1206 -14.92 9.44
111079 -54.2024 -14.92 9.44
106501 -53.6436 -14.92 9.44
110373 -52.1404 -14.92 9.44
108090 -61.8396 -14.92 9.44
110666 -56.6617 -14.92 9.44
105995 -55.8219 -14.92 9.44
111045 -56.0807 -14.92 9.44
115754 -54.4697 -14.92 9.44
112192 -59.9118 -14.92 9.44
108907 -61.0205 -14.92 9.44
110836 -56.1666 -14.92 9.44
110864 -58.6066 -14.92 9.44
108674 -54.4728 -14.92 9.44
106474 -55.5425 -14.92 9.44
110020 -54.5854 -14.92 9.44
104194 -53.0353 -14.92 9.44
113559 -53.1824 -14.92 9.44
109980 -56.9883 -14.92 9.44
155101 -62.1037 8.11 -22.43
156952 -58.6551 8.11 -22.43
160903 -58.8076 8.11 -22.43
162328 -57.3387 8.11 -22.43
161043 -60.9693 8.11 -22.43
159817 -53.007 8.11 -22.43
160771 -56.4926 8.11 -22.43
159558 -52.6922 8.11 -22.43
154659 -56.5697 8.11 -22.43
159212 -57.4522 8.11 -22.43
161354 -57.4532 8.11 -22.43
155148 -68.5198 8.11 -22.43
155443 -59.4023 8.11 -22.43
152156 -58.2852 8.11 -22.43
150989 -59.2016 8.11 -22.43
156119 -55.6273 8.11 -22.43
155897 -59.1976 8.11 -22.43
162408 -60.1503 8.11 -22.43
156639 -62.1928 8.11 -22.43
160435 -53.9924 8.11 -22.43
149975 -63.6892 8.11 -22.43
158956 -61.1475 8.11 -22.43
147865 -64.5893 8.11 -22.43
152311 -56.6566 8.11 -22.43
158944 -62.6318 8.11 -22.43
156374 -58.3301 8.11 -22.43
162043 -59.2735 8.11 -22.43
159630 -59.3414 8.11 -22.43
162267 -61.7796 8.11 -22.43
157034 -63.0198 8.11 -22.43
151948 -69.9598 8.11 -22.43
158774 -57.5452 8.11 -22.43
161457 -58.9514 8.11 -22.43
156917 -67.0277 8.11 -22.43
152134 -55.5066 8.11 -22.43
153767 -55.893 8.11 -22.43
157060 -64.802 8.11 -22.43
158431 -65.4894 8.11 -22.43
154211 -59.5888 8.11 -22.43
