#rtt sig_str x y
225914 -63.4609 -17.94 29.45
217342 -64.5115 -17.94 29.45
223268 -59.0439 -17.94 29.45
221145 -58.559 -17.94 29.45
218207 -62.7189 -17.94 29.45
228394 -59.7245 -17.94 29.45
221881 -63.4146 -17.94 29.45
219901 -62.7635 -17.94 29.45
223460 -64.8771 -17.94 29.45
224574 -64.8272 -17.94 29.45
220069 -62.9416 -17.94 29.45
227792 -61.0995 -17.94 29.45
226813 -62.2676 -17.94 29.45
229174 -65.1495 -17.94 29.45
216086 -70.2292 -17.94 29.45
222264 -63.4018 -17.94 29.45
228694 -67.662 -17.94 29.45
226734 -67.1626 -17.94 29.45
223710 -60.6937 -17.94 29.45
213905 -59.7184 -17.94 29.45
224621 -61.9617 -17.94 29.45
183418 -77.8041 -17.94 29.45
231075 -66.0971 -17.94 29.45
209475 -70.3577 -17.94 29.45
225195 -64.8824 -17.94 29.45
222404 -64.2355 -17.94 29.45
224187 -61.3329 -17.94 29.45
229766 -61.1787 -17.94 29.45
228445 -58.5742 -17.94 29.45
224879 -55.7619 -17.94 29.45
223498 -64.1271 -17.94 29.45
227164 -61.6996 -17.94 29.45
209498 -75.8903 -17.94 29.45
219575 -62.565 -17.94 29.45
221696 -58.1836 -17.94 29.45
123288 -81.5117 -17.94 29.45
224377 -62.2782 -17.94 29.45
220341 -60.7296 -17.94 29.45
234302 -66.1844 -17.94 29.45
69924 -51.07 -10.26 -1.32
61368 -49.3767 -10.26 -1.32
66317 -53.4506 -10.26 -1.32
64351 -51.4558 -10.26 -1.32
65995 -47.0262 -10.26 -1.32
55976 -51.6543 -10.26 -1.32
66957 -52.2173 -10.26 -1.32
67008 -59.2678 -10.26 -1.32
65740 -54.8639 -10.26 -1.32
58097 -52.2324 -10.26 -1.32
65730 -51.5016 -10.26 -1.32
67384 -54.7892 -10.26 -1.32
58993 -60.304 -10.26 -1.32
63842 -54.415 -10.26 -1.32
68112 -53.6591 -10.26 -1.32
69856 -50.7905 -10.26 -1.32
64815 -52.0481 -10.26 -1.32
68688 -53.205 -10.26 -1.32
69413 -49.3896 -10.26 -1.32
67296 -52.2062 -10.26 -1.32
63830 -48.7084 -10.26 -1.32
60881 -57.6186 -10.26 -1.32
69540 -54.0062 -10.26 -1.32
66918 -52.0649 -10.26 -1.32
71842 -52.8605 -10.26 -1.32
64892 -54.3386 -10.26 -1.32
70531 -48.4203 -10.26 -1.32
66248 -55.253 -10.26 -1.32
74536 -49.298 -10.26 -1.32
59374 -52.1395 -10.26 -1.32
65447 -51.7107 -10.26 -1.32
70851 -53.0809 -10.26 -1.32
72274 -50.4551 -10.26 -1.32
67393 -57.465 -10.26 -1.32
65957 -51.9363 -10.26 -1.32
66776 -55.6746 -10.26 -1.32
69206 -54.8799 -10.26 -1.32
74909 -52.4495 -10.26 -1.32
69325 -51.1939 -10.26 -1.32
88496 -57.0559 -12.21 4.21
87483 -50.4404 -12.21 4.21
91919 -50.3452 -12.21 4.21
95471 -69.2781 -12.21 4.21
93412 -74.7123 -12.21 4.21
90991 -53.2839 -12.21 4.21
91137 -59.3613 -12.21 4.21
89448 -54.9992 -12.21 4.21
92130 -60.7772 -12.21 4.21
94911 -52.9122 -12.21 4.21
90225 -56.4499 -12.21 4.21
96476 -53.0956 -12.21 4.21
86029 -52.573 -12.21 4.21
93874 -55.2816 -12.21 4.21
90083 -60.2152 -12.21 4.21
89716 -60.639 -12.21 4.21
94971 -58.8211 -12.21 4.21
94074 -52.713 -12.21 4.21
87971 -59.1612 -12.21 4.21
85463 -47.7022 -12.21 4.21
86958 -55.6971 -12.21 4.21
87416 -57.744 -12.21 4.21
88915 -50.9987 -12.21 4.21
90835 -57.2521 -12.21 4.21
88764 -55.2652 -12.21 4.21
94278 -64.3615 -12.21 4.21
87816 -49.5947 -12.21 4.21
85762 -51.5669 -12.21 4.21
88692 -58.5245 -12.21 4.21
91712 -56.6429 -12.21 4.21
95869 -48.9209 -12.21 4.21
83611 -62.6938 -12.21 4.21
87634 -59.476 -12.21 4.21
85988 -58.5721 -12.21 4.21
84845 -53.643 -12.21 4.21
85965 -56.3885 -12.21 4.21
87374 -53.9402 -12.21 4.21
90093 -53.8883 -12.21 4.21
88806 -61.7904 -12.21 4.21
234563 -62.2158 -24.4 25.77
239259 -66.0492 -24.4 25.77
239400 -64.865 -24.4 25.77
238540 -64.7639 -24.4 25.77
234854 -59.7802 -24.4 25.77
237263 -65.7606 -24.4 25.77
237752 -63.3278 -24.4 25.77
233872 -66.1316 -24.4 25.77
242185 -62.9068 -24.4 25.77
228352 -63.6806 -24.4 25.77
231255 -60.5478 -24.4 25.77
235898 -62.6314 -24.4 25.77
232955 -64.3199 -24.4 25.77
225674 -67.4325 -24.4 25.77
231193 -61.1054 -24.4 25.77
240614 -67.6806 -24.4 25.77
230814 -70.4211 -24.4 25.77
231992 -63.6874 -24.4 25.77
235902 -64.7192 -24.4 25.77
250866 -75.7018 -24.4 25.77
216715 -77.1587 -24.4 25.77
228986 -64.292 -24.4 25.77
233738 -65.1027 -24.4 25.77
234520 -67.2825 -24.4 25.77
230306 -60.185 -24.4 25.77
226132 -63.2815 -24.4 25.77
231483 -64.8347 -24.4 25.77
239889 -67.7512 -24.4 25.77
237062 -62.3198 -24.4 25.77
238346 -61.8151 -24.4 25.77
234231 -62.7594 -24.4 25.77
232184 -64.9888 -24.4 25.77
239556 -64.1338 -24.4 25.77
230476 -62.4139 -24.4 25.77
243434 -65.6838 -24.4 25.77
244039 -68.3687 -24.4 25.77
228567 -67.9512 -24.4 25.77
241052 -59.3738 -24.4 25.77
226956 -63.9799 -24.4 25.77
67323 -51.7111 -10.02 -2.5
70262 -49.6338 -10.02 -2.5
67349 -51.4618 -10.02 -2.5
63742 -50.8217 -10.02 -2.5
66155 -49.4538 -10.02 -2.5
65238 -46.9759 -10.02 -2.5
64781 -58.087 -10.02 -2.5
67037 -60.8388 -10.02 -2.5
67265 -53.2949 -10.02 -2.5
68179 -52.5445 -10.02 -2.5
70062 -52.7267 -10.02 -2.5
69519 -47.1555 -10.02 -2.5
68678 -52.6961 -10.02 -2.5
70563 -49.5869 -10.02 -2.5
61685 -47.9738 -10.02 -2.5
67311 -53.6566 -10.02 -2.5
60626 -49.778 -10.02 -2.5
64026 -53.363 -10.02 -2.5
69822 -50.8356 -10.02 -2.5
63549 -61.3097 -10.02 -2.5
68257 -47.2586 -10.02 -2.5
64865 -50.3616 -10.02 -2.5
68965 -48.7105 -10.02 -2.5
71536 -49.2943 -10.02 -2.5
64261 -53.572 -10.02 -2.5
66452 -63.5641 -10.02 -2.5
64642 -61.5539 -10.02 -2.5
69690 -52.5959 -10.02 -2.5
64578 -53.478 -10.02 -2.5
64616 -49.8024 -10.02 -2.5
63568 -54.0312 -10.02 -2.5
59251 -54.6379 -10.02 -2.5
70778 -50.9529 -10.02 -2.5
62594 -52.7523 -10.02 -2.5
66155 -52.0512 -10.02 -2.5
63525 -52.3784 -10.02 -2.5
66680 -48.4223 -10.02 -2.5
73425 -47.5752 -10.02 -2.5
62851 -61.3792 -10.02 -2.5
90567 -50.4086 13.52 2.33
96849 -51.3476 13.52 2.33
91364 -60.3284 13.52 2.33
94376 -56.2739 13.52 2.33
90888 -56.2257 13.52 2.33
85937 -52.0907 13.52 2.33
99349 -54.1074 13.52 2.33
89841 -53.4167 13.52 2.33
88613 -53.7492 13.52 2.33
88307 -54.7267 13.52 2.33
89630 -58.2647 13.52 2.33
95230 -57.7606 13.52 2.33
98181 -50.6286 13.52 2.33
92600 -56.4529 13.52 2.33
87258 -53.268 13.52 2.33
86133 -59.113 13.52 2.33
82306 -54.0074 13.52 2.33
96516 -52.3398 13.52 2.33
87848 -59.3298 13.52 2.33
90659 -55.6717 13.52 2.33
85750 -53.5057 13.52 2.33
87057 -54.2038 13.52 2.33
92939 -55.6173 13.52 2.33
87533 -55.2879 13.52 2.33
94073 -61.123 13.52 2.33
89373 -50.889 13.52 2.33
90722 -58.9968 13.52 2.33
86672 -56.566 13.52 2.33
94007 -58.5468 13.52 2.33
94134 -58.2268 13.52 2.33
85093 -50.3331 13.52 2.33
93613 -54.8241 13.52 2.33
89224 -47.8532 13.52 2.33
92966 -52.6198 13.52 2.33
89174 -51.6449 13.52 2.33
94538 -63.9796 13.52 2.33
94764 -57.8747 13.52 2.33
89130 -60.0637 13.52 2.33
88427 -53.6475 13.52 2.33
90900 -56.4409 9.14 -10.75
93583 -53.0588 9.14 -10.75
93457 -58.0848 9.14 -10.75
88102 -46.6758 9.14 -10.75
88044 -58.9805 9.14 -10.75
83830 -60.5128 9.14 -10.75
90174 -58.1049 9.14 -10.75
101934 -54.7426 9.14 -10.75
101160 -56.7784 9.14 -10.75
96120 -57.9034 9.14 -10.75
95282 -56.9051 9.14 -10.75
95468 -54.7598 9.14 -10.75
88849 -66.9923 9.14 -10.75
95931 -60.4624 9.14 -10.75
93897 -53.2294 9.14 -10.75
100814 -70.6071 9.14 -10.75
86692 -64.4747 9.14 -10.75
92617 -54.4579 9.14 -10.75
90351 -59.4869 9.14 -10.75
94427 -57.4382 9.14 -10.75
96146 -55.2807 9.14 -10.75
97998 -56.0389 9.14 -10.75
92256 -54.4031 9.14 -10.75
91549 -55.2705 9.14 -10.75
90099 -56.7394 9.14 -10.75
89161 -59.605 9.14 -10.75
95149 -60.0774 9.14 -10.75
84247 -56.2956 9.14 -10.75
92039 -53.9488 9.14 -10.75
96935 -63.5937 9.14 -10.75
92889 -58.2167 9.14 -10.75
93711 -57.0087 9.14 -10.75
90254 -56.3463 9.14 -10.75
101459 -52.509 9.14 -10.75
87784 -52.352 9.14 -10.75
84865 -54.6872 9.14 -10.75
93715 -57.5199 9.14 -10.75
92811 -56.3044 9.14 -10.75
94726 -48.746 9.14 -10.75
95450 -54.0689 0.29 14.99
95198 -54.8352 0.29 14.99
91718 -58.9987 0.29 14.99
97347 -51.3515 0.29 14.99
100695 -57.4725 0.29 14.99
97872 -55.0038 0.29 14.99
96311 -58.0145 0.29 14.99
99231 -56.4165 0.29 14.99
102483 -56.824 0.29 14.99
102189 -53.8909 0.29 14.99
95281 -53.7202 0.29 14.99
100216 -53.0451 0.29 14.99
98263 -51.9807 0.29 14.99
101884 -52.0844 0.29 14.99
103820 -55.0303 0.29 14.99
106395 -60.4142 0.29 14.99
100148 -50.5221 0.29 14.99
100167 -54.6269 0.29 14.99
105047 -59.1213 0.29 14.99
104274 -54.9212 0.29 14.99
97814 -64.426 0.29 14.99
94110 -56.1425 0.29 14.99
98828 -56.7636 0.29 14.99
97586 -59.8018 0.29 14.99
95283 -60.5969 0.29 14.99
101316 -54.8455 0.29 14.99
103231 -70.0197 0.29 14.99
103541 -54.6278 0.29 14.99
100637 -53.458 0.29 14.99
96907 -63.0323 0.29 14.99
96667 -57.5425 0.29 14.99
91413 -59.5642 0.29 14.99
95306 -57.6529 0.29 14.99
108768 -62.5125 0.29 14.99
95307 -59.0346 0.29 14.99
100385 -61.6012 0.29 14.99
94547 -52.9404 0.29 14.99
93897 -59.3574 0.29 14.99
95950 -55.1744 0.29 14.99
197535 -66.4994 26.84 -12.81
188425 -58.9511 26.84 -12.81
195023 -57.7435 26.84 -12.81
197540 -65.4619 26.84 -12.81
193996 -65.3265 26.84 -12.81
196515 -60.4462 26.84 -12.81
191994 -61.6045 26.84 -12.81
195311 -59.288 26.84 -12.81
198462 -75.2464 26.84 -12.81
196015 -59.5926 26.84 -12.81
193086 -63.8438 26.84 -12.81
204372 -58.5546 26.84 -12.81
173533 -65.7846 26.84 -12.81
187732 -66.6022 26.84 -12.81
200309 -58.5339 26.84 -12.81
191218 -62.5927 26.84 -12.81
194558 -65.2762 26.84 -12.81
183518 -60.682 26.84 -12.81
196153 -67.1768 26.84 -12.81
190295 -60.4373 26.84 -12.81
175019 -71.8097 26.84 -12.81
193337 -66.4372 26.84 -12.81
189971 -64.8889 26.84 -12.81
194028 -67.8862 26.84 -12.81
191223 -67.4988 26.84 -12.81
188999 -64.4935 26.84 -12.81
195302 -62.4244 26.84 -12.81
187815 -62.9473 26.84 -12.81
191447 -56.7496 26.84 -12.81
197311 -58.2131 26.84 -12.81
196359 -64.5695 26.84 -12.81
191826 -65.5768 26.84 -12.81
169150 -68.3306 26.84 -12.81
196156 -78.5413 26.84 -12.81
195659 -57.7229 26.84 -12.81
190872 -59.459 26.84 -12.81
186250 -65.6315 26.84 -12.81
191570 -63.5388 26.84 -12.81
190638 -58.228 26.84 -12.81
64262 -57.1866 7.65 -6.33
68551 -49.3652 7.65 -6.33
62617 -56.261 7.65 -6.33
63354 -56.1731 7.65 -6.33
62355 -50.0405 7.65 -6.33
68221 -52.4192 7.65 -6.33
64357 -73.1277 7.65 -6.33
62889 -57.3247 7.65 -6.33
60375 -52.509 7.65 -6.33
69066 -57.9812 7.65 -6.33
66107 -50.0743 7.65 -6.33
55826 -52.2439 7.65 -6.33
64518 -52.1249 7.65 -6.33
63121 -47.1483 7.65 -6.33
60652 -51.4661 7.65 -6.33
69203 -54.0031 7.65 -6.33
60405 -52.9305 7.65 -6.33
65487 -54.2733 7.65 -6.33
65110 -61.4863 7.65 -6.33
61061 -52.6649 7.65 -6.33
68021 -51.5506 7.65 -6.33
64484 -61.0098 7.65 -6.33
58950 -50.8321 7.65 -6.33
70235 -47.7716 7.65 -6.33
63146 -55.7893 7.65 -6.33
62477 -53.8577 7.65 -6.33
66401 -46.8651 7.65 -6.33
68440 -48.2811 7.65 -6.33
60873 -47.3807 7.65 -6.33
64661 -49.5603 7.65 -6.33
66047 -53.4502 7.65 -6.33
71035 -55.2377 7.65 -6.33
61783 -47.5898 7.65 -6.33
65148 -54.754 7.65 -6.33
53592 -54.5076 7.65 -6.33
64204 -50.1468 7.65 -6.33
65042 -53.3095 7.65 -6.33
63973 -50.0311 7.65 -6.33
57994 -56.4243 7.65 -6.33
