#rtt sig_str x y
58061 -51.3635 6.38 4.76
54974 -52.4141 6.38 4.76
53063 -46.9466 6.38 4.76
57502 -46.4617 6.38 4.76
58731 -50.6215 6.38 4.76
60867 -47.6272 6.38 4.76
59844 -51.3172 6.38 4.76
64037 -50.6661 6.38 4.76
58365 -52.7798 6.38 4.76
52845 -52.7298 6.38 4.76
60741 -50.8442 6.38 4.76
53920 -49.0022 6.38 4.76
61017 -50.1702 6.38 4.76
50236 -53.0522 6.38 4.76
61705 -58.1319 6.38 4.76
55744 -51.3045 6.38 4.76
58331 -55.5646 6.38 4.76
53650 -55.0653 6.38 4.76
54822 -48.5964 6.38 4.76
59736 -47.6211 6.38 4.76
57299 -49.8643 6.38 4.76
61661 -65.7067 6.38 4.76
57613 -53.9998 6.38 4.76
58290 -58.2604 6.38 4.76
53222 -52.7851 6.38 4.76
61989 -52.1381 6.38 4.76
47980 -49.2355 6.38 4.76
57589 -49.0814 6.38 4.76
54573 -46.4768 6.38 4.76
51379 -43.6646 6.38 4.76
58781 -52.0298 6.38 4.76
61467 -49.6022 6.38 4.76
52774 -63.793 6.38 4.76
53929 -50.4677 6.38 4.76
51880 -46.0863 6.38 4.76
50502 -69.4144 6.38 4.76
54706 -50.1808 6.38 4.76
55143 -48.6322 6.38 4.76
54437 -54.087 6.38 4.76
163600 -58.1272 9.45 22.42
154135 -56.434 9.45 22.42
159652 -60.5078 9.45 22.42
160029 -58.5131 9.45 22.42
160842 -54.0834 9.45 22.42
155034 -58.7115 9.45 22.42
161908 -59.2745 9.45 22.42
157360 -66.3251 9.45 22.42
158898 -61.9212 9.45 22.42
158788 -59.2896 9.45 22.42
157324 -58.5589 9.45 22.42
151090 -61.8464 9.45 22.42
157641 -67.3613 9.45 22.42
158221 -61.4722 9.45 22.42
159102 -60.7163 9.45 22.42
161557 -57.8477 9.45 22.42
165854 -59.1053 9.45 22.42
160375 -60.2623 9.45 22.42
156445 -56.4468 9.45 22.42
163405 -59.2634 9.45 22.42
162418 -55.7656 9.45 22.42
161107 -64.6758 9.45 22.42
161231 -61.0635 9.45 22.42
162305 -59.1221 9.45 22.42
162984 -59.9178 9.45 22.42
151724 -61.3958 9.45 22.42
161680 -55.4775 9.45 22.42
162439 -62.3102 9.45 22.42
157844 -56.3552 9.45 22.42
152546 -59.1968 9.45 22.42
156400 -58.7679 9.45 22.42
161274 -60.1381 9.45 22.42
160271 -57.5123 9.45 22.42
153549 -64.5223 9.45 22.42
160994 -58.9935 9.45 22.42
164694 -62.7318 9.45 22.42
157116 -61.9372 9.45 22.42
161632 -59.5067 9.45 22.42
163790 -58.2511 9.45 22.42
135069 -60.7772 -11.57 -16.65
141410 -54.1617 -11.57 -16.65
141675 -54.0665 -11.57 -16.65
136350 -72.9995 -11.57 -16.65
117725 -78.4336 -11.57 -16.65
140353 -57.0052 -11.57 -16.65
136651 -63.0826 -11.57 -16.65
140158 -58.7205 -11.57 -16.65
136912 -64.4985 -11.57 -16.65
138531 -56.6335 -11.57 -16.65
124659 -60.1712 -11.57 -16.65
139635 -56.8169 -11.57 -16.65
129660 -56.2943 -11.57 -16.65
136318 -59.0029 -11.57 -16.65
140725 -63.9365 -11.57 -16.65
137195 -64.3603 -11.57 -16.65
133471 -62.5424 -11.57 -16.65
135681 -56.4343 -11.57 -16.65
144328 -62.8825 -11.57 -16.65
134652 -51.4235 -11.57 -16.65
141073 -59.4185 -11.57 -16.65
140725 -61.4653 -11.57 -16.65
138093 -54.72 -11.57 -16.65
137969 -60.9734 -11.57 -16.65
145322 -58.9865 -11.57 -16.65
137419 -68.0828 -11.57 -16.65
140536 -53.316 -11.57 -16.65
133720 -55.2882 -11.57 -16.65
135794 -62.2458 -11.57 -16.65
141023 -60.3642 -11.57 -16.65
140520 -52.6422 -11.57 -16.65
136734 -66.4151 -11.57 -16.65
133850 -63.1973 -11.57 -16.65
147320 -62.2935 -11.57 -16.65
136896 -57.3644 -11.57 -16.65
128941 -60.1098 -11.57 -16.65
147272 -57.6615 -11.57 -16.65
137090 -57.6096 -11.57 -16.65
132750 -65.5118 -11.57 -16.65
237870 -62.4409 27.72 -23.7
238242 -66.2744 27.72 -23.7
238650 -65.0902 27.72 -23.7
233902 -64.989 27.72 -23.7
237720 -60.0054 27.72 -23.7
239040 -65.9858 27.72 -23.7
234226 -63.553 27.72 -23.7
240583 -66.3567 27.72 -23.7
231234 -63.1319 27.72 -23.7
234176 -63.9057 27.72 -23.7
223031 -60.7729 27.72 -23.7
241128 -62.8566 27.72 -23.7
241453 -64.545 27.72 -23.7
229980 -67.6577 27.72 -23.7
236692 -61.3306 27.72 -23.7
231152 -67.9057 27.72 -23.7
232384 -70.6463 27.72 -23.7
237174 -63.9125 27.72 -23.7
224160 -64.9443 27.72 -23.7
230542 -75.927 27.72 -23.7
223509 -77.3838 27.72 -23.7
234450 -64.5171 27.72 -23.7
232350 -65.3278 27.72 -23.7
234498 -67.5077 27.72 -23.7
238872 -60.4102 27.72 -23.7
231759 -63.5066 27.72 -23.7
239036 -65.0598 27.72 -23.7
240175 -67.9764 27.72 -23.7
234050 -62.5449 27.72 -23.7
230362 -62.0402 27.72 -23.7
240330 -62.9846 27.72 -23.7
239316 -65.2139 27.72 -23.7
228195 -64.3589 27.72 -23.7
232696 -62.639 27.72 -23.7
241121 -65.9089 27.72 -23.7
237988 -68.5938 27.72 -23.7
235697 -68.1764 27.72 -23.7
232340 -59.5989 27.72 -23.7
234533 -64.205 27.72 -23.7
129762 -57.9725 2.16 -21.95
137282 -55.8952 2.16 -21.95
135356 -57.7231 2.16 -21.95
135108 -57.0831 2.16 -21.95
139290 -55.7152 2.16 -21.95
145015 -53.2373 2.16 -21.95
135020 -64.3484 2.16 -21.95
132158 -67.1001 2.16 -21.95
131466 -59.5563 2.16 -21.95
135363 -58.8059 2.16 -21.95
134958 -58.9881 2.16 -21.95
139933 -53.4169 2.16 -21.95
127579 -58.9575 2.16 -21.95
135988 -55.8483 2.16 -21.95
138043 -54.2352 2.16 -21.95
138542 -59.918 2.16 -21.95
123580 -56.0394 2.16 -21.95
140323 -59.6244 2.16 -21.95
134141 -57.097 2.16 -21.95
134851 -67.5711 2.16 -21.95
136148 -53.5199 2.16 -21.95
136164 -56.623 2.16 -21.95
132533 -54.9719 2.16 -21.95
139159 -55.5557 2.16 -21.95
133557 -59.8334 2.16 -21.95
120716 -69.8255 2.16 -21.95
150903 -67.8153 2.16 -21.95
134980 -58.8573 2.16 -21.95
131501 -59.7394 2.16 -21.95
137774 -56.0638 2.16 -21.95
141068 -60.2926 2.16 -21.95
130711 -60.8992 2.16 -21.95
133686 -57.2143 2.16 -21.95
136782 -59.0137 2.16 -21.95
131108 -58.3125 2.16 -21.95
137362 -58.6398 2.16 -21.95
131477 -54.6837 2.16 -21.95
131541 -53.8365 2.16 -21.95
122254 -67.6405 2.16 -21.95
61678 -47.5149 9.58 1.25
53870 -48.4539 9.58 1.25
61649 -57.4347 9.58 1.25
60483 -53.3802 9.58 1.25
59639 -53.332 9.58 1.25
61868 -49.197 9.58 1.25
65463 -51.2137 9.58 1.25
64213 -50.523 9.58 1.25
60315 -50.8555 9.58 1.25
56339 -51.8329 9.58 1.25
55002 -55.371 9.58 1.25
63454 -54.8669 9.58 1.25
63645 -47.7349 9.58 1.25
59788 -53.5592 9.58 1.25
61298 -50.3743 9.58 1.25
51759 -56.2192 9.58 1.25
59154 -51.1136 9.58 1.25
61772 -49.4461 9.58 1.25
62713 -56.4361 9.58 1.25
54995 -52.778 9.58 1.25
55664 -50.612 9.58 1.25
60881 -51.3101 9.58 1.25
56711 -52.7235 9.58 1.25
65966 -52.3942 9.58 1.25
61783 -58.2293 9.58 1.25
58087 -47.9952 9.58 1.25
53544 -56.1031 9.58 1.25
56687 -53.6723 9.58 1.25
57380 -55.6531 9.58 1.25
62158 -55.3331 9.58 1.25
61969 -47.4394 9.58 1.25
65186 -51.9303 9.58 1.25
63796 -44.9595 9.58 1.25
57076 -49.726 9.58 1.25
64516 -48.7512 9.58 1.25
60844 -61.0859 9.58 1.25
63237 -54.981 9.58 1.25
56036 -57.17 9.58 1.25
59126 -50.7537 9.58 1.25
239008 -64.5792 29.97 -23.09
240203 -61.1972 29.97 -23.09
247740 -66.2232 29.97 -23.09
240850 -54.8142 29.97 -23.09
240127 -67.1189 29.97 -23.09
240907 -68.6511 29.97 -23.09
247416 -66.2432 29.97 -23.09
236821 -62.881 29.97 -23.09
242865 -64.9168 29.97 -23.09
244698 -66.0417 29.97 -23.09
243648 -65.0435 29.97 -23.09
246720 -62.8982 29.97 -23.09
230154 -75.1307 29.97 -23.09
233437 -68.6008 29.97 -23.09
243130 -61.3678 29.97 -23.09
181733 -78.7454 29.97 -23.09
244284 -72.6131 29.97 -23.09
235719 -62.5962 29.97 -23.09
243215 -67.6252 29.97 -23.09
243859 -65.5765 29.97 -23.09
233596 -63.4191 29.97 -23.09
242917 -64.1772 29.97 -23.09
244137 -62.5415 29.97 -23.09
245129 -63.4089 29.97 -23.09
234652 -64.8777 29.97 -23.09
245008 -67.7434 29.97 -23.09
243190 -68.2157 29.97 -23.09
248794 -64.4339 29.97 -23.09
244938 -62.0872 29.97 -23.09
242798 -71.7321 29.97 -23.09
244632 -66.3551 29.97 -23.09
234854 -65.1471 29.97 -23.09
245864 -64.4847 29.97 -23.09
236088 -60.6474 29.97 -23.09
240651 -60.4903 29.97 -23.09
243373 -62.8256 29.97 -23.09
244845 -65.6583 29.97 -23.09
238350 -64.4427 29.97 -23.09
241797 -56.8844 29.97 -23.09
97300 -54.3552 15.06 -3.76
106715 -55.1216 15.06 -3.76
102686 -59.2851 15.06 -3.76
101143 -51.6379 15.06 -3.76
104679 -57.7589 15.06 -3.76
96786 -55.2902 15.06 -3.76
104360 -58.3009 15.06 -3.76
100262 -56.7028 15.06 -3.76
93246 -57.1104 15.06 -3.76
98042 -54.1773 15.06 -3.76
104525 -54.0066 15.06 -3.76
102065 -53.3315 15.06 -3.76
100269 -52.2671 15.06 -3.76
98355 -52.3708 15.06 -3.76
98833 -55.3167 15.06 -3.76
102445 -60.7006 15.06 -3.76
98374 -50.8085 15.06 -3.76
97650 -54.9133 15.06 -3.76
94604 -59.4077 15.06 -3.76
94074 -55.2076 15.06 -3.76
103453 -64.7124 15.06 -3.76
103835 -56.4289 15.06 -3.76
95831 -57.05 15.06 -3.76
93270 -60.0881 15.06 -3.76
93465 -60.8833 15.06 -3.76
99285 -55.1319 15.06 -3.76
99476 -70.3061 15.06 -3.76
103872 -54.9141 15.06 -3.76
96131 -53.7444 15.06 -3.76
97067 -63.3187 15.06 -3.76
104459 -57.8289 15.06 -3.76
101109 -59.8506 15.06 -3.76
97406 -57.9393 15.06 -3.76
98531 -62.7989 15.06 -3.76
102987 -59.321 15.06 -3.76
103208 -61.8876 15.06 -3.76
96990 -53.2268 15.06 -3.76
98560 -59.6438 15.06 -3.76
100110 -55.4608 15.06 -3.76
64863 -57.1122 2.31 9.25
58080 -49.5639 2.31 9.25
61032 -48.3563 2.31 9.25
59662 -56.0746 2.31 9.25
61740 -55.9392 2.31 9.25
63727 -51.059 2.31 9.25
64500 -52.2172 2.31 9.25
55262 -49.9008 2.31 9.25
66964 -65.8592 2.31 9.25
62751 -50.2054 2.31 9.25
58345 -54.4565 2.31 9.25
63513 -49.1673 2.31 9.25
58218 -56.3974 2.31 9.25
59119 -57.2149 2.31 9.25
61243 -49.1467 2.31 9.25
58022 -53.2054 2.31 9.25
64748 -55.889 2.31 9.25
64135 -51.2947 2.31 9.25
60781 -57.7895 2.31 9.25
67516 -51.0501 2.31 9.25
60608 -62.4225 2.31 9.25
60569 -57.0499 2.31 9.25
67281 -55.5016 2.31 9.25
64774 -58.499 2.31 9.25
62975 -58.1115 2.31 9.25
56556 -55.1062 2.31 9.25
72327 -53.0372 2.31 9.25
59467 -53.5601 2.31 9.25
68782 -47.3624 2.31 9.25
58563 -48.8258 2.31 9.25
65750 -55.1823 2.31 9.25
62286 -56.1896 2.31 9.25
61756 -58.9433 2.31 9.25
66756 -69.1541 2.31 9.25
63086 -48.3357 2.31 9.25
65399 -50.0718 2.31 9.25
66999 -56.2442 2.31 9.25
58327 -54.1515 2.31 9.25
69169 -48.8408 2.31 9.25
145264 -64.5347 14.73 -19.19
161260 -56.7134 14.73 -19.19
148787 -63.6091 14.73 -19.19
152306 -63.5213 14.73 -19.19
161399 -57.3886 14.73 -19.19
146374 -59.7673 14.73 -19.19
58901 -80.4758 14.73 -19.19
146932 -64.6728 14.73 -19.19
154227 -59.8571 14.73 -19.19
152606 -65.3294 14.73 -19.19
154479 -57.4224 14.73 -19.19
155909 -59.5921 14.73 -19.19
159769 -59.473 14.73 -19.19
157719 -54.4964 14.73 -19.19
147409 -58.8143 14.73 -19.19
158153 -61.3512 14.73 -19.19
154015 -60.2787 14.73 -19.19
156041 -61.6214 14.73 -19.19
150267 -68.8344 14.73 -19.19
152308 -60.013 14.73 -19.19
148166 -58.8988 14.73 -19.19
148128 -68.358 14.73 -19.19
156118 -58.1802 14.73 -19.19
152775 -55.1197 14.73 -19.19
159749 -63.1375 14.73 -19.19
155031 -61.2059 14.73 -19.19
158224 -54.2132 14.73 -19.19
152372 -55.6292 14.73 -19.19
154370 -54.7288 14.73 -19.19
150080 -56.9084 14.73 -19.19
161486 -60.7983 14.73 -19.19
145315 -62.5858 14.73 -19.19
156869 -54.938 14.73 -19.19
151410 -62.1021 14.73 -19.19
158370 -61.8557 14.73 -19.19
156489 -57.4949 14.73 -19.19
155167 -60.6577 14.73 -19.19
153685 -57.3792 14.73 -19.19
155494 -63.7725 14.73 -19.19
