#rtt sig_str x y
149742 -59.5976 13.17 17.11
158815 -60.6482 13.17 17.11
155426 -55.1806 13.17 17.11
155032 -54.6957 13.17 17.11
151845 -58.8556 13.17 17.11
150296 -55.8613 13.17 17.11
149423 -59.5513 13.17 17.11
158222 -58.9002 13.17 17.11
151664 -61.0138 13.17 17.11
152413 -60.9639 13.17 17.11
148608 -59.0783 13.17 17.11
153599 -57.2362 13.17 17.11
150741 -58.4043 13.17 17.11
146019 -61.2862 13.17 17.11
159999 -66.3659 13.17 17.11
155788 -59.5386 13.17 17.11
147951 -63.7987 13.17 17.11
147056 -63.2993 13.17 17.11
148094 -56.8304 13.17 17.11
154042 -55.8551 13.17 17.11
166816 -58.0984 13.17 17.11
148628 -73.9408 13.17 17.11
149137 -62.2339 13.17 17.11
156992 -66.4944 13.17 17.11
151229 -61.0192 13.17 17.11
151290 -60.3722 13.17 17.11
157186 -57.4696 13.17 17.11
152463 -57.3155 13.17 17.11
152079 -54.7109 13.17 17.11
150393 -51.8987 13.17 17.11
153913 -60.2639 13.17 17.11
157649 -57.8363 13.17 17.11
165397 -72.0271 13.17 17.11
148544 -58.7017 13.17 17.11
159008 -54.3203 13.17 17.11
145398 -77.6484 13.17 17.11
141962 -58.4149 13.17 17.11
155081 -56.8663 13.17 17.11
146341 -62.3211 13.17 17.11
65869 -49.1787 6.43 5.13
59631 -47.4855 6.43 5.13
67792 -51.5593 6.43 5.13
65123 -49.5646 6.43 5.13
61394 -45.1349 6.43 5.13
64583 -49.763 6.43 5.13
62238 -50.326 6.43 5.13
61866 -57.3766 6.43 5.13
64487 -52.9726 6.43 5.13
62916 -50.3411 6.43 5.13
66080 -49.6103 6.43 5.13
56689 -52.8979 6.43 5.13
62956 -58.4128 6.43 5.13
58428 -52.5237 6.43 5.13
68750 -51.7678 6.43 5.13
59597 -48.8992 6.43 5.13
61328 -50.1568 6.43 5.13
62549 -51.3137 6.43 5.13
68502 -47.4983 6.43 5.13
67286 -50.3149 6.43 5.13
66221 -46.8171 6.43 5.13
65347 -55.7273 6.43 5.13
62552 -52.115 6.43 5.13
54196 -50.1736 6.43 5.13
65327 -50.9693 6.43 5.13
67827 -52.4473 6.43 5.13
59844 -46.529 6.43 5.13
60128 -53.3617 6.43 5.13
71501 -47.4067 6.43 5.13
64103 -50.2483 6.43 5.13
64590 -49.8194 6.43 5.13
68890 -51.1896 6.43 5.13
65979 -48.5638 6.43 5.13
53693 -55.5738 6.43 5.13
64019 -50.045 6.43 5.13
62288 -53.7833 6.43 5.13
65011 -52.9887 6.43 5.13
63341 -50.5582 6.43 5.13
64619 -49.3026 6.43 5.13
82652 -56.2268 11.39 2.59
81902 -49.6113 11.39 2.59
77008 -49.5161 11.39 2.59
73914 -68.449 11.39 2.59
16871 -73.8832 11.39 2.59
75581 -52.4548 11.39 2.59
75715 -58.5321 11.39 2.59
81812 -54.1701 11.39 2.59
71143 -59.9481 11.39 2.59
77909 -52.0831 11.39 2.59
73557 -55.6208 11.39 2.59
75409 -52.2665 11.39 2.59
71561 -51.7439 11.39 2.59
79946 -54.4525 11.39 2.59
71717 -59.3861 11.39 2.59
70992 -59.8099 11.39 2.59
78904 -57.992 11.39 2.59
82386 -51.8839 11.39 2.59
73763 -58.3321 11.39 2.59
78987 -46.8731 11.39 2.59
82246 -54.868 11.39 2.59
74428 -56.9149 11.39 2.59
79798 -50.1696 11.39 2.59
74885 -56.423 11.39 2.59
76789 -54.436 11.39 2.59
83453 -63.5323 11.39 2.59
78801 -48.7656 11.39 2.59
77442 -50.7378 11.39 2.59
76783 -57.6954 11.39 2.59
83208 -55.8138 11.39 2.59
78422 -48.0918 11.39 2.59
71815 -61.8647 11.39 2.59
81432 -58.6469 11.39 2.59
78741 -57.743 11.39 2.59
80575 -52.8139 11.39 2.59
80381 -55.5594 11.39 2.59
82855 -53.111 11.39 2.59
78364 -53.0592 11.39 2.59
80275 -60.9613 11.39 2.59
51898 -50.0471 -4.59 -6.7
41065 -53.8805 -4.59 -6.7
51247 -52.6963 -4.59 -6.7
55958 -52.5952 -4.59 -6.7
51663 -47.6116 -4.59 -6.7
54804 -53.5919 -4.59 -6.7
52700 -51.1591 -4.59 -6.7
50482 -53.9629 -4.59 -6.7
52651 -50.7381 -4.59 -6.7
54805 -51.5119 -4.59 -6.7
50239 -48.3791 -4.59 -6.7
48270 -50.4627 -4.59 -6.7
48455 -52.1512 -4.59 -6.7
53064 -55.2639 -4.59 -6.7
58245 -48.9367 -4.59 -6.7
50027 -55.5119 -4.59 -6.7
46577 -58.2524 -4.59 -6.7
54766 -51.5187 -4.59 -6.7
58714 -52.5505 -4.59 -6.7
53983 -63.5331 -4.59 -6.7
59749 -64.99 -4.59 -6.7
52957 -52.1233 -4.59 -6.7
58307 -52.934 -4.59 -6.7
54050 -55.1138 -4.59 -6.7
53081 -48.0163 -4.59 -6.7
53283 -51.1128 -4.59 -6.7
45111 -52.666 -4.59 -6.7
50830 -55.5825 -4.59 -6.7
52731 -50.1511 -4.59 -6.7
58676 -49.6464 -4.59 -6.7
48596 -50.5907 -4.59 -6.7
45372 -52.8201 -4.59 -6.7
50494 -51.9651 -4.59 -6.7
45880 -50.2452 -4.59 -6.7
50770 -53.5151 -4.59 -6.7
52384 -56.2 -4.59 -6.7
56381 -55.7826 -4.59 -6.7
52442 -47.2051 -4.59 -6.7
49084 -51.8112 -4.59 -6.7
105274 -55.7703 -2.95 -16.63
100582 -53.6929 -2.95 -16.63
101755 -55.5209 -2.95 -16.63
106321 -54.8808 -2.95 -16.63
101288 -53.5129 -2.95 -16.63
104799 -51.035 -2.95 -16.63
103748 -62.1462 -2.95 -16.63
107839 -64.8979 -2.95 -16.63
104519 -57.3541 -2.95 -16.63
105444 -56.6036 -2.95 -16.63
102646 -56.7859 -2.95 -16.63
103548 -51.2147 -2.95 -16.63
102944 -56.7553 -2.95 -16.63
104434 -53.6461 -2.95 -16.63
104318 -52.033 -2.95 -16.63
107719 -57.7157 -2.95 -16.63
110212 -53.8371 -2.95 -16.63
103812 -57.4222 -2.95 -16.63
112070 -54.8947 -2.95 -16.63
101546 -65.3689 -2.95 -16.63
107950 -51.3177 -2.95 -16.63
104539 -54.4207 -2.95 -16.63
104706 -52.7697 -2.95 -16.63
109759 -53.3535 -2.95 -16.63
95599 -57.6311 -2.95 -16.63
99846 -67.6233 -2.95 -16.63
95503 -65.6131 -2.95 -16.63
100771 -56.6551 -2.95 -16.63
104017 -57.5372 -2.95 -16.63
105687 -53.8616 -2.95 -16.63
97957 -58.0903 -2.95 -16.63
106863 -58.697 -2.95 -16.63
103803 -55.012 -2.95 -16.63
103835 -56.8115 -2.95 -16.63
105984 -56.1103 -2.95 -16.63
104774 -56.4375 -2.95 -16.63
108740 -52.4815 -2.95 -16.63
98104 -51.6343 -2.95 -16.63
115595 -65.4383 -2.95 -16.63
163301 -55.0044 -6.45 -23.06
161512 -55.9434 -6.45 -23.06
167370 -64.9242 -6.45 -23.06
166385 -60.8697 -6.45 -23.06
153365 -60.8215 -6.45 -23.06
161076 -56.6865 -6.45 -23.06
168295 -58.7032 -6.45 -23.06
163716 -58.0125 -6.45 -23.06
163196 -58.345 -6.45 -23.06
166054 -59.3225 -6.45 -23.06
150785 -62.8605 -6.45 -23.06
159381 -62.3564 -6.45 -23.06
161828 -55.2244 -6.45 -23.06
158753 -61.0487 -6.45 -23.06
165417 -57.8638 -6.45 -23.06
158495 -63.7088 -6.45 -23.06
162758 -58.6031 -6.45 -23.06
156956 -56.9356 -6.45 -23.06
162122 -63.9256 -6.45 -23.06
173240 -60.2675 -6.45 -23.06
166321 -58.1015 -6.45 -23.06
167412 -58.7996 -6.45 -23.06
162843 -60.2131 -6.45 -23.06
167357 -59.8837 -6.45 -23.06
162225 -65.7188 -6.45 -23.06
164280 -55.4847 -6.45 -23.06
164737 -63.5926 -6.45 -23.06
158597 -61.1618 -6.45 -23.06
168609 -63.1426 -6.45 -23.06
159767 -62.8226 -6.45 -23.06
162206 -54.9289 -6.45 -23.06
156867 -59.4198 -6.45 -23.06
162222 -52.449 -6.45 -23.06
162973 -57.2155 -6.45 -23.06
162919 -56.2407 -6.45 -23.06
165650 -68.5754 -6.45 -23.06
168070 -62.4705 -6.45 -23.06
159422 -64.6595 -6.45 -23.06
159419 -58.2433 -6.45 -23.06
46843 -51.6358 0.71 -7.85
50640 -48.2537 0.71 -7.85
48894 -53.2797 0.71 -7.85
55769 -41.8708 0.71 -7.85
50110 -54.1755 0.71 -7.85
57923 -55.7077 0.71 -7.85
50754 -53.2998 0.71 -7.85
41874 -49.9375 0.71 -7.85
50785 -51.9733 0.71 -7.85
52085 -53.0983 0.71 -7.85
48322 -52.1 0.71 -7.85
57749 -49.9547 0.71 -7.85
54857 -62.1872 0.71 -7.85
49106 -55.6573 0.71 -7.85
51515 -48.4244 0.71 -7.85
48278 -65.802 0.71 -7.85
55338 -59.6696 0.71 -7.85
57204 -49.6528 0.71 -7.85
51529 -54.6818 0.71 -7.85
59070 -52.6331 0.71 -7.85
54618 -50.4756 0.71 -7.85
51175 -51.2338 0.71 -7.85
55234 -49.598 0.71 -7.85
50213 -50.4654 0.71 -7.85
55717 -51.9343 0.71 -7.85
52469 -54.7999 0.71 -7.85
62842 -55.2723 0.71 -7.85
51132 -51.4905 0.71 -7.85
56735 -49.1437 0.71 -7.85
59198 -58.7886 0.71 -7.85
49479 -53.4116 0.71 -7.85
56143 -52.2036 0.71 -7.85
52161 -51.5412 0.71 -7.85
53227 -47.7039 0.71 -7.85
60153 -47.5469 0.71 -7.85
56412 -49.8822 0.71 -7.85
55709 -52.7148 0.71 -7.85
50120 -51.4993 0.71 -7.85
48868 -43.941 0.71 -7.85
183682 -59.2581 -23.24 15.83
178443 -60.0245 -23.24 15.83
184131 -64.188 -23.24 15.83
187345 -56.5408 -23.24 15.83
178755 -62.6618 -23.24 15.83
183485 -60.1931 -23.24 15.83
189425 -63.2038 -23.24 15.83
191025 -61.6057 -23.24 15.83
187805 -62.0132 -23.24 15.83
185484 -59.0802 -23.24 15.83
183945 -58.9095 -23.24 15.83
183108 -58.2344 -23.24 15.83
184560 -57.17 -23.24 15.83
181518 -57.2737 -23.24 15.83
180892 -60.2196 -23.24 15.83
185829 -65.6034 -23.24 15.83
184648 -55.7114 -23.24 15.83
188966 -59.8162 -23.24 15.83
175809 -64.3106 -23.24 15.83
184519 -60.1105 -23.24 15.83
187520 -69.6152 -23.24 15.83
181616 -61.3318 -23.24 15.83
184597 -61.9529 -23.24 15.83
186771 -64.991 -23.24 15.83
190852 -65.7862 -23.24 15.83
184574 -60.0347 -23.24 15.83
188304 -75.2089 -23.24 15.83
184197 -59.817 -23.24 15.83
183416 -58.6472 -23.24 15.83
187576 -68.2215 -23.24 15.83
184096 -62.7318 -23.24 15.83
191507 -64.7535 -23.24 15.83
188000 -62.8422 -23.24 15.83
180084 -67.7017 -23.24 15.83
182780 -64.2239 -23.24 15.83
181798 -66.7905 -23.24 15.83
186497 -58.1297 -23.24 15.83
178633 -64.5467 -23.24 15.83
180369 -60.3637 -23.24 15.83
182192 -66.1609 28.46 -2.2
187139 -58.6126 28.46 -2.2
196044 -57.405 28.46 -2.2
191200 -65.1234 28.46 -2.2
195780 -64.988 28.46 -2.2
204409 -60.1077 28.46 -2.2
187578 -61.266 28.46 -2.2
192442 -58.9495 28.46 -2.2
192595 -74.9079 28.46 -2.2
187999 -59.2541 28.46 -2.2
190252 -63.5053 28.46 -2.2
187711 -58.2161 28.46 -2.2
199581 -65.4461 28.46 -2.2
189829 -66.2637 28.46 -2.2
196761 -58.1954 28.46 -2.2
194633 -62.2542 28.46 -2.2
186228 -64.9377 28.46 -2.2
194061 -60.3435 28.46 -2.2
191613 -66.8383 28.46 -2.2
195014 -60.0988 28.46 -2.2
193337 -71.4712 28.46 -2.2
189454 -66.0987 28.46 -2.2
194693 -64.5504 28.46 -2.2
190911 -67.5477 28.46 -2.2
193781 -67.1603 28.46 -2.2
191432 -64.155 28.46 -2.2
189955 -62.0859 28.46 -2.2
188037 -62.6088 28.46 -2.2
197314 -56.4111 28.46 -2.2
192564 -57.8746 28.46 -2.2
196398 -64.231 28.46 -2.2
192136 -65.2383 28.46 -2.2
190528 -67.9921 28.46 -2.2
168468 -78.2028 28.46 -2.2
198699 -57.3844 28.46 -2.2
191209 -59.1205 28.46 -2.2
193027 -65.293 28.46 -2.2
195282 -63.2003 28.46 -2.2
198768 -57.8895 28.46 -2.2
132663 -62.6289 -0.31 19.2
127505 -54.8076 -0.31 19.2
124331 -61.7033 -0.31 19.2
131547 -61.6155 -0.31 19.2
125059 -55.4829 -0.31 19.2
126947 -57.8615 -0.31 19.2
113204 -78.57 -0.31 19.2
125793 -62.767 -0.31 19.2
130293 -57.9513 -0.31 19.2
132211 -63.4236 -0.31 19.2
128795 -55.5166 -0.31 19.2
126565 -57.6863 -0.31 19.2
131814 -57.5672 -0.31 19.2
129948 -52.5906 -0.31 19.2
129680 -56.9085 -0.31 19.2
133542 -59.4454 -0.31 19.2
119098 -58.3729 -0.31 19.2
126416 -59.7156 -0.31 19.2
130009 -66.9286 -0.31 19.2
132043 -58.1073 -0.31 19.2
119624 -56.993 -0.31 19.2
118600 -66.4522 -0.31 19.2
125048 -56.2744 -0.31 19.2
124402 -53.2139 -0.31 19.2
132996 -61.2317 -0.31 19.2
130902 -59.3001 -0.31 19.2
131403 -52.3074 -0.31 19.2
125946 -53.7234 -0.31 19.2
126000 -52.823 -0.31 19.2
131626 -55.0026 -0.31 19.2
125677 -58.8925 -0.31 19.2
127678 -60.68 -0.31 19.2
127321 -53.0322 -0.31 19.2
128304 -60.1963 -0.31 19.2
131396 -59.9499 -0.31 19.2
134611 -55.5891 -0.31 19.2
121874 -58.7519 -0.31 19.2
134944 -55.4734 -0.31 19.2
129455 -61.8667 -0.31 19.2
