#rtt sig_str x y
139102 -59.6744 -16.27 -14.5
139810 -60.725 -16.27 -14.5
137904 -55.2575 -16.27 -14.5
141497 -54.7726 -16.27 -14.5
147097 -58.9324 -16.27 -14.5
144711 -55.9381 -16.27 -14.5
143432 -59.6281 -16.27 -14.5
148250 -58.977 -16.27 -14.5
142888 -61.0907 -16.27 -14.5
145231 -61.0407 -16.27 -14.5
139622 -59.1551 -16.27 -14.5
145169 -57.3131 -16.27 -14.5
140058 -58.4811 -16.27 -14.5
144037 -61.3631 -16.27 -14.5
137122 -66.4428 -16.27 -14.5
140337 -59.6154 -16.27 -14.5
135615 -63.8755 -16.27 -14.5
132294 -63.3761 -16.27 -14.5
146474 -56.9073 -16.27 -14.5
141915 -55.932 -16.27 -14.5
140998 -58.1752 -16.27 -14.5
109187 -74.0176 -16.27 -14.5
148170 -62.3107 -16.27 -14.5
142500 -66.5712 -16.27 -14.5
139482 -61.096 -16.27 -14.5
145034 -60.449 -16.27 -14.5
140850 -57.5464 -16.27 -14.5
140801 -57.3923 -16.27 -14.5
139152 -54.7877 -16.27 -14.5
142071 -51.9755 -16.27 -14.5
150015 -60.3407 -16.27 -14.5
134392 -57.9131 -16.27 -14.5
147049 -72.1039 -16.27 -14.5
148705 -58.7786 -16.27 -14.5
139703 -54.3972 -16.27 -14.5
74431 -77.7252 -16.27 -14.5
146320 -58.4917 -16.27 -14.5
138720 -56.9431 -16.27 -14.5
145735 -62.3979 -16.27 -14.5
120024 -56.4407 -18.56 6.99
127405 -54.7474 -18.56 6.99
130075 -58.8213 -18.56 6.99
126229 -56.8265 -18.56 6.99
133155 -52.3969 -18.56 6.99
132455 -57.025 -18.56 6.99
129049 -57.588 -18.56 6.99
130855 -64.6385 -18.56 6.99
132729 -60.2346 -18.56 6.99
126569 -57.6031 -18.56 6.99
130992 -56.8723 -18.56 6.99
129458 -60.1599 -18.56 6.99
123361 -65.6747 -18.56 6.99
123824 -59.7857 -18.56 6.99
129198 -59.0298 -18.56 6.99
126038 -56.1612 -18.56 6.99
130849 -57.4188 -18.56 6.99
128306 -58.5757 -18.56 6.99
131262 -54.7603 -18.56 6.99
121257 -57.5769 -18.56 6.99
117873 -54.0791 -18.56 6.99
126843 -62.9893 -18.56 6.99
134589 -59.3769 -18.56 6.99
119685 -57.4356 -18.56 6.99
131220 -58.2312 -18.56 6.99
125913 -59.7093 -18.56 6.99
125435 -53.791 -18.56 6.99
125500 -60.6237 -18.56 6.99
125903 -54.6687 -18.56 6.99
130261 -57.5102 -18.56 6.99
128398 -57.0814 -18.56 6.99
123430 -58.4516 -18.56 6.99
128028 -55.8258 -18.56 6.99
128300 -62.8357 -18.56 6.99
126359 -57.307 -18.56 6.99
132103 -61.0453 -18.56 6.99
130384 -60.2506 -18.56 6.99
130535 -57.8202 -18.56 6.99
127173 -56.5646 -18.56 6.99
188382 -63.5253 23.19 -16.2
188196 -56.9098 23.19 -16.2
194234 -56.8146 23.19 -16.2
189645 -75.7476 23.19 -16.2
85527 -81.1817 23.19 -16.2
192411 -59.7533 23.19 -16.2
187360 -65.8307 23.19 -16.2
198559 -61.4686 23.19 -16.2
179850 -67.2466 23.19 -16.2
186406 -59.3816 23.19 -16.2
192151 -62.9193 23.19 -16.2
196720 -59.565 23.19 -16.2
186596 -59.0424 23.19 -16.2
183590 -61.751 23.19 -16.2
196494 -66.6846 23.19 -16.2
191592 -67.1084 23.19 -16.2
200172 -65.2905 23.19 -16.2
194404 -59.1824 23.19 -16.2
192720 -65.6306 23.19 -16.2
184655 -54.1716 23.19 -16.2
197363 -62.1665 23.19 -16.2
180316 -64.2134 23.19 -16.2
189896 -57.4681 23.19 -16.2
184227 -63.7215 23.19 -16.2
184869 -61.7346 23.19 -16.2
195994 -70.8309 23.19 -16.2
189945 -56.0641 23.19 -16.2
190549 -58.0363 23.19 -16.2
188849 -64.9939 23.19 -16.2
189658 -63.1123 23.19 -16.2
185094 -55.3903 23.19 -16.2
187775 -69.1632 23.19 -16.2
186786 -65.9454 23.19 -16.2
195055 -65.0416 23.19 -16.2
185105 -60.1124 23.19 -16.2
182438 -62.8579 23.19 -16.2
188875 -60.4096 23.19 -16.2
185816 -60.3577 23.19 -16.2
162018 -68.2598 23.19 -16.2
114820 -56.401 13.14 -11.62
118935 -60.2345 13.14 -11.62
117863 -59.0503 13.14 -11.62
120540 -58.9491 13.14 -11.62
118979 -53.9655 13.14 -11.62
121056 -59.9459 13.14 -11.62
113993 -57.5131 13.14 -11.62
117386 -60.3168 13.14 -11.62
110016 -57.092 13.14 -11.62
121353 -57.8658 13.14 -11.62
121742 -54.7331 13.14 -11.62
118394 -56.8167 13.14 -11.62
116414 -58.5051 13.14 -11.62
114835 -61.6178 13.14 -11.62
116337 -55.2907 13.14 -11.62
115322 -61.8658 13.14 -11.62
117034 -64.6064 13.14 -11.62
124316 -57.8726 13.14 -11.62
117644 -58.9044 13.14 -11.62
124403 -69.8871 13.14 -11.62
95149 -71.3439 13.14 -11.62
123667 -58.4773 13.14 -11.62
117069 -59.288 13.14 -11.62
120848 -61.4678 13.14 -11.62
114943 -54.3703 13.14 -11.62
121572 -57.4668 13.14 -11.62
117659 -59.0199 13.14 -11.62
114104 -61.9365 13.14 -11.62
122338 -56.505 13.14 -11.62
116078 -56.0003 13.14 -11.62
118972 -56.9447 13.14 -11.62
128190 -59.1741 13.14 -11.62
119655 -58.3191 13.14 -11.62
117421 -56.5992 13.14 -11.62
114640 -59.869 13.14 -11.62
109426 -62.554 13.14 -11.62
120230 -62.1365 13.14 -11.62
114662 -53.5591 13.14 -11.62
114410 -58.1651 13.14 -11.62
123922 -55.9654 1.98 17.18
125575 -53.888 1.98 17.18
122017 -55.716 1.98 17.18
118751 -55.0759 1.98 17.18
124595 -53.708 1.98 17.18
126968 -51.2301 1.98 17.18
126112 -62.3413 1.98 17.18
123341 -65.093 1.98 17.18
119419 -57.5492 1.98 17.18
120553 -56.7987 1.98 17.18
119397 -56.981 1.98 17.18
115904 -51.4098 1.98 17.18
119987 -56.9504 1.98 17.18
129615 -53.8412 1.98 17.18
121575 -52.2281 1.98 17.18
124406 -57.9108 1.98 17.18
123046 -54.0322 1.98 17.18
117108 -57.6173 1.98 17.18
125816 -55.0898 1.98 17.18
120737 -65.564 1.98 17.18
123022 -51.5128 1.98 17.18
122470 -54.6158 1.98 17.18
117627 -52.9648 1.98 17.18
123308 -53.5486 1.98 17.18
120409 -57.8262 1.98 17.18
121340 -67.8184 1.98 17.18
117711 -65.8082 1.98 17.18
124180 -56.8502 1.98 17.18
123211 -57.7323 1.98 17.18
118674 -54.0567 1.98 17.18
121223 -58.2854 1.98 17.18
126624 -58.8921 1.98 17.18
124522 -55.2071 1.98 17.18
116327 -57.0066 1.98 17.18
126975 -56.3054 1.98 17.18
120766 -56.6326 1.98 17.18
118556 -52.6766 1.98 17.18
124140 -51.8294 1.98 17.18
121287 -65.6334 1.98 17.18
160324 -54.9572 22.17 8.68
168175 -55.8963 22.17 8.68
164941 -64.8771 22.17 8.68
162566 -60.8225 22.17 8.68
158159 -60.7744 22.17 8.68
160153 -56.6393 22.17 8.68
161418 -58.6561 22.17 8.68
157132 -57.9653 22.17 8.68
155625 -58.2979 22.17 8.68
167315 -59.2753 22.17 8.68
156840 -62.8133 22.17 8.68
159401 -62.3093 22.17 8.68
158628 -55.1773 22.17 8.68
162072 -61.0016 22.17 8.68
155347 -57.8167 22.17 8.68
157579 -63.6616 22.17 8.68
153468 -58.556 22.17 8.68
157644 -56.8885 22.17 8.68
159485 -63.8785 22.17 8.68
158198 -60.2204 22.17 8.68
156594 -58.0543 22.17 8.68
153905 -58.7525 22.17 8.68
157386 -60.1659 22.17 8.68
154060 -59.8366 22.17 8.68
162468 -65.6717 22.17 8.68
158725 -55.4376 22.17 8.68
153583 -63.5454 22.17 8.68
156647 -61.1147 22.17 8.68
154842 -63.0954 22.17 8.68
148872 -62.7755 22.17 8.68
159897 -54.8818 22.17 8.68
161700 -59.3727 22.17 8.68
162165 -52.4019 22.17 8.68
161428 -57.1684 22.17 8.68
151670 -56.1935 22.17 8.68
157171 -68.5283 22.17 8.68
162573 -62.4233 22.17 8.68
162480 -64.6124 22.17 8.68
164600 -58.1961 22.17 8.68
94152 -56.1914 13.46 -2.5
94311 -52.8094 13.46 -2.5
100177 -57.8354 13.46 -2.5
94400 -46.4264 13.46 -2.5
97227 -58.7311 13.46 -2.5
90670 -60.2633 13.46 -2.5
95257 -57.8554 13.46 -2.5
94420 -54.4932 13.46 -2.5
95015 -56.529 13.46 -2.5
86164 -57.6539 13.46 -2.5
98428 -56.6557 13.46 -2.5
95259 -54.5104 13.46 -2.5
91100 -66.7429 13.46 -2.5
91344 -60.213 13.46 -2.5
95970 -52.98 13.46 -2.5
90727 -70.3576 13.46 -2.5
92877 -64.2253 13.46 -2.5
94638 -54.2084 13.46 -2.5
92895 -59.2374 13.46 -2.5
94798 -57.1887 13.46 -2.5
91058 -55.0313 13.46 -2.5
94999 -55.7894 13.46 -2.5
92233 -54.1537 13.46 -2.5
102488 -55.0211 13.46 -2.5
93787 -56.4899 13.46 -2.5
92111 -59.3556 13.46 -2.5
95666 -59.8279 13.46 -2.5
89382 -56.0461 13.46 -2.5
92621 -53.6994 13.46 -2.5
93514 -63.3443 13.46 -2.5
95773 -57.9673 13.46 -2.5
90249 -56.7593 13.46 -2.5
94414 -56.0969 13.46 -2.5
102070 -52.2596 13.46 -2.5
94286 -52.1026 13.46 -2.5
96228 -54.4378 13.46 -2.5
90446 -57.2705 13.46 -2.5
93621 -56.0549 13.46 -2.5
96541 -48.4966 13.46 -2.5
64430 -49.8612 -1.07 8.94
63687 -50.6275 -1.07 8.94
57128 -54.791 -1.07 8.94
62255 -47.1439 -1.07 8.94
60639 -53.2648 -1.07 8.94
63491 -50.7962 -1.07 8.94
66046 -53.8068 -1.07 8.94
59311 -52.2088 -1.07 8.94
65708 -52.6163 -1.07 8.94
65504 -49.6832 -1.07 8.94
67265 -49.5126 -1.07 8.94
60008 -48.8374 -1.07 8.94
70332 -47.773 -1.07 8.94
67413 -47.8767 -1.07 8.94
66405 -50.8226 -1.07 8.94
72687 -56.2065 -1.07 8.94
67893 -46.3144 -1.07 8.94
65894 -50.4193 -1.07 8.94
60646 -54.9136 -1.07 8.94
64973 -50.7136 -1.07 8.94
64347 -60.2183 -1.07 8.94
66035 -51.9349 -1.07 8.94
67379 -52.556 -1.07 8.94
69476 -55.5941 -1.07 8.94
67259 -56.3893 -1.07 8.94
70363 -50.6378 -1.07 8.94
71505 -65.812 -1.07 8.94
66159 -50.4201 -1.07 8.94
60047 -49.2503 -1.07 8.94
58371 -58.8246 -1.07 8.94
67322 -53.3349 -1.07 8.94
64205 -55.3565 -1.07 8.94
66456 -53.4453 -1.07 8.94
66370 -58.3048 -1.07 8.94
61875 -54.827 -1.07 8.94
61828 -57.3935 -1.07 8.94
62594 -48.7327 -1.07 8.94
59430 -55.1497 -1.07 8.94
66436 -50.9667 -1.07 8.94
103545 -61.1818 15.37 2.74
104015 -53.6334 15.37 2.74
99269 -52.4259 15.37 2.74
105886 -60.1442 15.37 2.74
111206 -60.0088 15.37 2.74
100775 -55.1286 15.37 2.74
105983 -56.2868 15.37 2.74
106405 -53.9704 15.37 2.74
107105 -69.9288 15.37 2.74
107781 -54.275 15.37 2.74
107256 -58.5261 15.37 2.74
109366 -53.2369 15.37 2.74
103865 -60.467 15.37 2.74
109137 -61.2845 15.37 2.74
108412 -53.2162 15.37 2.74
100061 -57.275 15.37 2.74
104359 -59.9586 15.37 2.74
108132 -55.3643 15.37 2.74
104203 -61.8591 15.37 2.74
112274 -55.1197 15.37 2.74
109005 -66.492 15.37 2.74
108700 -61.1195 15.37 2.74
102390 -59.5712 15.37 2.74
109952 -62.5686 15.37 2.74
112013 -62.1811 15.37 2.74
97433 -59.1758 15.37 2.74
106945 -57.1067 15.37 2.74
115718 -57.6297 15.37 2.74
106514 -51.432 15.37 2.74
112495 -52.8954 15.37 2.74
101851 -59.2519 15.37 2.74
107942 -60.2592 15.37 2.74
106220 -63.0129 15.37 2.74
103976 -73.2237 15.37 2.74
105480 -52.4053 15.37 2.74
108939 -54.1413 15.37 2.74
106372 -60.3138 15.37 2.74
103873 -58.2211 15.37 2.74
112778 -52.9103 15.37 2.74
189325 -65.9152 28.49 -2.47
187396 -58.0938 28.49 -2.47
188352 -64.9896 28.49 -2.47
192458 -64.9017 28.49 -2.47
192463 -58.7691 28.49 -2.47
186130 -61.1477 28.49 -2.47
133774 -81.8562 28.49 -2.47
187665 -66.0533 28.49 -2.47
188924 -61.2375 28.49 -2.47
193345 -66.7098 28.49 -2.47
180605 -58.8029 28.49 -2.47
182673 -60.9725 28.49 -2.47
196045 -60.8535 28.49 -2.47
188886 -55.8768 28.49 -2.47
190423 -60.1947 28.49 -2.47
191810 -62.7316 28.49 -2.47
188939 -61.6591 28.49 -2.47
186174 -63.0019 28.49 -2.47
194132 -70.2149 28.49 -2.47
188895 -61.3935 28.49 -2.47
192474 -60.2792 28.49 -2.47
199073 -69.7384 28.49 -2.47
191785 -59.5607 28.49 -2.47
188732 -56.5002 28.49 -2.47
199924 -64.5179 28.49 -2.47
181496 -62.5863 28.49 -2.47
189151 -55.5937 28.49 -2.47
189616 -57.0097 28.49 -2.47
191859 -56.1093 28.49 -2.47
189908 -58.2889 28.49 -2.47
186655 -62.1788 28.49 -2.47
185949 -63.9663 28.49 -2.47
189419 -56.3184 28.49 -2.47
195194 -63.4826 28.49 -2.47
186454 -63.2362 28.49 -2.47
185589 -58.8754 28.49 -2.47
194463 -62.0381 28.49 -2.47
196339 -58.7597 28.49 -2.47
182040 -65.1529 28.49 -2.47
